1.677089e+00,9.653418e+00,2.168357e-01,-3.305105e-03,-1.139340e-03,-1.054144e-02
1.599285e+00,9.645357e+00,2.192851e-01,2.334194e-03,-1.722653e-03,-1.516796e-02
1.535950e+00,9.650814e+00,2.448643e-01,-5.992656e-03,-6.329662e-03,-1.410744e-02
1.529706e+00,9.646471e+00,2.635292e-01,-5.042276e-04,5.051328e-03,-7.983089e-03
1.643437e+00,9.630000e+00,2.267185e-01,-5.653763e-04,-3.372616e-03,-6.666667e-03
1.529302e+00,9.654651e+00,2.067447e-01,-2.706074e-03,-9.739998e-03,-6.209629e-03
1.544904e+00,9.654981e+00,2.549808e-01,-1.111111e-03,2.875797e-03,-1.895435e-03
1.674755e+00,9.655245e+00,2.062254e-01,-2.218785e-04,2.267285e-03,-2.088751e-03
1.639583e+00,9.632604e+00,2.186979e-01,-9.958202e-04,-5.146755e-03,-4.150935e-03
1.581630e+00,9.646123e+00,2.383697e-01,3.333333e-03,4.851534e-03,-4.694683e-03
1.613561e+00,9.653219e+00,2.532195e-01,1.664560e-03,-1.685627e-03,-3.886782e-03
1.587704e+00,9.635901e+00,2.081976e-01,6.884041e-05,2.605677e-03,-1.111111e-03
1.629891e+00,9.654946e+00,2.049456e-01,-2.245530e-03,4.092159e-04,-7.252025e-04
1.530000e+00,9.632718e+00,2.400000e-01,2.222222e-03,-4.955086e-03,0
1.583099e+00,9.647355e+00,2.452894e-01,-1.644414e-03,1.688919e-03,5.778082e-04
1.622851e+00,9.634570e+00,2.100000e-01,1.797125e-03,-4.270500e-03,5.120694e-04
1.524729e+00,9.634946e+00,2.550542e-01,-6.268923e-04,1.111111e-03,1.111111e-03
1.585118e+00,9.672227e+00,2.300000e-01,-2.499381e-03,6.389508e-03,6.666667e-03
1.635310e+00,9.665930e+00,2.087601e-01,1.804473e-03,2.773446e-03,9.164501e-03
1.624935e+00,9.624935e+00,2.125326e-01,-9.800671e-06,3.372536e-03,6.125812e-03
1.638640e+00,9.650680e+00,2.577997e-01,-4.507331e-03,-1.823883e-03,6.666667e-03
1.556783e+00,9.610000e+00,2.678610e-01,3.333333e-03,4.170047e-03,9.307246e-03
1.720242e+00,9.650000e+00,2.453636e-01,4.552996e-03,7.769247e-03,1.000000e-02
1.451567e+00,9.620313e+00,3.252351e-01,1.384682e-02,-8.030185e-03,8.720617e-03
1.469477e+00,9.630422e+00,2.326306e-01,1.165883e-02,2.341168e-02,2.057906e-02
1.861167e+00,9.643722e+00,1.300000e-01,7.853146e-03,1.520726e-02,1.287199e-02
1.773690e+00,9.656052e+00,1.905163e-01,6.666667e-03,-7.926129e-04,4.801847e-03
1.514695e+00,9.641219e+00,1.900000e-01,3.880454e-03,-2.188484e-03,2.803082e-03
1.536418e+00,9.650567e+00,2.088657e-01,2.927562e-03,6.772871e-03,7.777778e-03
1.631364e+00,9.642879e+00,2.184855e-01,3.329807e-03,5.557319e-03,1.000000e-02
1.640269e+00,9.636577e+00,2.031540e-01,1.600982e-03,6.089216e-03,1.106732e-02
1.685887e+00,9.670000e+00,2.441128e-01,3.589008e-04,2.222222e-03,1.071780e-02
1.635388e+00,9.625388e+00,2.300000e-01,1.258714e-04,3.982164e-04,1.222222e-02
1.851303e+00,9.629566e+00,2.128506e-01,6.368059e-04,5.243751e-03,7.777778e-03
1.724059e+00,9.655941e+00,1.787455e-01,1.501352e-03,-6.836488e-03,2.204198e-04
1.591524e+00,9.634275e+00,2.514497e-01,2.814567e-03,-3.074881e-03,-2.925864e-03
1.587845e+00,9.620000e+00,2.221551e-01,3.760074e-03,1.350244e-02,4.358568e-03
1.588741e+00,9.720000e+00,3.287656e-01,1.068544e-02,-8.557107e-04,7.692644e-03
1.551029e+00,9.657002e+00,3.580090e-01,1.823944e-02,-1.388110e-02,1.360722e-02
1.704162e+00,9.671676e+00,2.022351e-01,2.756677e-02,-1.574443e-02,2.368895e-02
1.598486e+00,9.685126e+00,2.366407e-01,3.303478e-02,-2.602028e-02,2.688213e-02
1.678927e+00,9.644732e+00,1.959117e-01,4.251605e-02,-1.627159e-02,3.683211e-02
1.858637e+00,9.721363e+00,9.000000e-02,4.286266e-02,-1.299379e-02,4.316356e-02
1.631093e+00,9.506912e+00,2.800000e-01,5.194472e-02,-2.121503e-02,3.590271e-02
1.720704e+00,9.594927e+00,2.060557e-01,4.545232e-02,7.104097e-04,3.804129e-02
1.745011e+00,9.644989e+00,1.549672e-01,4.894083e-02,2.829437e-02,3.945743e-02
1.729226e+00,9.560774e+00,1.577036e-01,4.677575e-02,3.272324e-02,3.705860e-02
1.731951e+00,9.605244e+00,1.452439e-01,2.822749e-02,2.910057e-02,3.477514e-02
1.738199e+00,9.664262e+00,1.504922e-01,2.382263e-02,2.291539e-02,3.034658e-02
1.690497e+00,9.650000e+00,3.425418e-02,2.944946e-02,1.833835e-02,3.334336e-02
1.532951e+00,9.706339e+00,6.562853e-02,3.624798e-02,1.694039e-02,3.231346e-02
1.893042e+00,9.554087e+00,5.695824e-02,3.916728e-02,5.638581e-02,4.305494e-02
1.846823e+00,9.638504e+00,5.327560e-03,2.788831e-02,4.183247e-02,3.909686e-02
1.806755e+00,9.634415e+00,2.558486e-02,2.156416e-02,2.551254e-02,1.893190e-02
1.925586e+00,9.556034e+00,1.483794e-01,1.774035e-02,4.183510e-02,1.383274e-02
1.691004e+00,9.639749e+00,1.105021e-01,1.587387e-02,1.746145e-02,8.888889e-03
1.537471e+00,9.642529e+00,6.747075e-02,1.868240e-02,6.677907e-03,1.089339e-02
1.800000e+00,9.613886e+00,5.259085e-02,1.605055e-02,3.605055e-02,2.253028e-02
1.797261e+00,9.610000e+00,6.089094e-02,1.604539e-02,3.493428e-02,2.418158e-02
1.860421e+00,9.624874e+00,1.200000e-01,9.222672e-03,3.755376e-02,1.811156e-02
1.994627e+00,9.600747e+00,3.925307e-02,7.956666e-03,2.609222e-02,1.351222e-02
1.907154e+00,9.606423e+00,-1.642290e-02,6.667796e-03,-1.664973e-03,2.224481e-03
1.791298e+00,9.603740e+00,-3.503874e-02,3.058616e-03,-1.270910e-02,-1.111111e-03
1.850705e+00,9.578590e+00,5.352563e-03,-1.424414e-02,1.202192e-02,-2.550077e-03
1.755615e+00,9.694452e+00,3.993285e-02,-1.667565e-02,1.297494e-02,-5.179197e-03
1.749863e+00,9.581768e+00,1.045579e-01,-1.010407e-02,2.182277e-02,4.149061e-03
1.717046e+00,9.650000e+00,1.015913e-01,-1.314980e-02,2.192461e-02,1.270337e-02
1.699679e+00,9.602591e+00,9.612420e-02,-1.525823e-02,2.569652e-02,1.458541e-02
1.600000e+00,9.546016e+00,1.187602e-01,-1.073424e-02,1.397662e-02,2.211176e-02
1.637766e+00,9.708894e+00,1.277662e-01,-1.265301e-02,2.116102e-02,3.797741e-02
1.730708e+00,9.645884e+00,9.694586e-02,-7.340216e-03,2.849853e-02,5.284857e-02
1.835190e+00,9.596217e+00,1.355132e-01,-2.752902e-03,2.671642e-02,6.276949e-02
2.075368e+00,9.616463e+00,9.938951e-02,-9.360870e-03,2.458213e-02,5.936087e-02
1.926391e+00,9.585199e+00,1.662003e-01,-6.856441e-03,-1.585250e-02,4.075910e-02
1.790371e+00,9.569258e+00,2.144434e-01,-2.872607e-03,-1.233060e-02,4.111111e-02
2.102151e+00,9.590538e+00,-5.268878e-03,-1.493196e-03,1.614581e-02,4.149320e-02
1.931090e+00,9.643223e+00,9.085292e-02,-6.304645e-03,1.598361e-03,3.596767e-02
1.642977e+00,9.594733e+00,2.264884e-01,-1.839446e-03,-1.785486e-02,3.770069e-02
1.807654e+00,9.630325e+00,5.833894e-02,2.646530e-03,7.490112e-03,5.330816e-02
2.111557e+00,9.558443e+00,5.691606e-02,7.777778e-03,2.065479e-02,5.191801e-02
2.229939e+00,9.503343e+00,3.334347e-02,-2.900252e-03,9.949706e-03,4.139983e-02
2.131254e+00,9.551254e+00,1.576609e-01,-1.300226e-03,-1.596338e-02,2.148934e-02
2.102397e+00,9.560599e+00,5.353305e-02,-7.794291e-03,-1.910120e-02,1.354565e-02
2.091458e+00,9.592118e+00,9.000000e-02,-6.381120e-03,-1.175667e-02,7.510996e-04
1.917590e+00,9.560072e+00,1.250358e-01,-7.429533e-03,-2.487561e-02,-6.583742e-03
1.804305e+00,9.628477e+00,8.721825e-02,-4.444444e-03,-1.781960e-02,-5.930573e-03
1.917811e+00,9.581732e+00,1.378109e-01,-1.304053e-03,7.924177e-03,4.346845e-04
2.137805e+00,9.554451e+00,3.044512e-01,-1.111111e-03,1.680736e-02,4.303754e-03
2.287028e+00,9.600000e+00,2.749873e-01,-1.724906e-04,1.502156e-02,-9.817432e-04
2.122482e+00,9.523489e+00,2.239580e-01,2.445822e-02,-5.541777e-03,-2.001378e-02
2.193927e+00,9.606356e+00,2.439273e-02,2.147215e-02,-5.736077e-03,-2.759726e-02
2.195217e+00,9.556398e+00,1.547825e-01,2.987723e-02,-6.912216e-03,-4.864027e-02
2.062978e+00,9.580699e+00,2.184192e-01,3.134334e-02,-1.379779e-02,-5.438371e-02
1.838592e+00,9.617112e+00,1.642230e-01,4.157427e-02,-3.648188e-02,-6.222222e-02
1.852167e+00,9.552266e+00,1.245328e-01,5.000000e-02,-2.983253e-02,-6.375953e-02
1.821561e+00,9.613755e+00,6.843882e-02,5.812336e-02,-2.854331e-02,-5.358851e-02
1.833472e+00,9.499025e+00,-7.652794e-02,5.038313e-02,-2.492610e-02,-4.946908e-02
1.746815e+00,9.715909e+00,3.545695e-02,4.222222e-02,-8.183598e-03,-4.075847e-02
1.781392e+00,9.617938e+00,9.036086e-02,4.897083e-02,-3.271881e-03,-3.605990e-02
2.086054e+00,9.584215e+00,-3.605377e-02,5.267670e-02,-7.020812e-03,-3.282869e-02
1.907828e+00,9.697828e+00,4.651662e-02,4.909214e-02,-4.273709e-02,-4.262872e-02
1.852920e+00,9.519027e+00,1.835400e-01,6.927509e-02,-3.510740e-02,-3.549360e-02
1.957958e+00,9.618377e+00,3.581146e-02,6.470731e-02,-3.169648e-02,-2.872764e-02
1.684062e+00,9.679820e+00,6.372752e-02,7.798588e-02,-5.368062e-02,-3.888889e-02
1.690285e+00,9.518398e+00,-4.028453e-02,8.832334e-02,-3.523980e-02,-3.161071e-02
1.754663e+00,9.683988e+00,-1.400000e-01,7.664530e-02,-1.494658e-02,-1.389957e-02
1.880563e+00,9.610000e+00,-1.354279e-01,7.884667e-02,-3.825559e-03,-1.279889e-02
1.825449e+00,9.545909e+00,-1.772755e-01,7.877999e-02,-2.774887e-02,-1.514889e-02
1.667917e+00,9.654417e+00,-1.614167e-01,7.070100e-02,-3.702435e-02,-1.064857e-02
2.054640e+00,9.688545e+00,-8.281778e-02,8.395819e-02,1.935637e-03,-5.555556e-03
2.106248e+00,9.576405e+00,-1.015708e-02,9.427074e-02,-3.109314e-02,-1.580713e-02
1.729973e+00,9.719980e+00,-1.050034e-01,1.082578e-01,-1.029876e-01,-2.831822e-02
1.700429e+00,9.643499e+00,-2.339278e-01,1.208534e-01,-9.008865e-02,-3.299113e-02
1.830000e+00,9.570000e+00,-2.541586e-01,1.310591e-01,-7.835931e-02,-2.153427e-02
1.786966e+00,9.568539e+00,-2.589888e-01,1.225839e-01,-8.348846e-02,-2.281656e-02
1.660000e+00,9.467311e+00,-3.426887e-01,1.176021e-01,-8.023262e-02,-1.280624e-02
1.816904e+00,9.505516e+00,-4.634520e-01,1.033230e-01,-5.110074e-02,-4.214963e-03
1.864539e+00,9.657440e+00,-6.662798e-01,6.816696e-02,-5.877249e-02,-5.655494e-04
1.812465e+00,9.574097e+00,-7.570487e-01,5.895422e-02,-5.859943e-02,-4.556513e-03
1.856893e+00,9.623107e+00,-7.800000e-01,2.479025e-02,-3.803458e-02,-1.555556e-02
1.810118e+00,9.610118e+00,-7.101177e-01,-4.579910e-04,-4.140070e-02,-1.901007e-02
1.620494e+00,9.641683e+00,-6.438610e-01,-3.921804e-02,-5.376250e-02,-1.573195e-02
1.483445e+00,9.636219e+00,-7.031095e-01,-4.552351e-02,-4.174679e-02,-1.001068e-02
1.516630e+00,9.763037e+00,-5.335923e-01,-5.602062e-02,1.608478e-02,1.028408e-02
1.585608e+00,9.810000e+00,-2.871641e-01,-5.580915e-02,5.488235e-02,2.504836e-02
1.934271e+00,9.361439e+00,6.571957e-02,-2.568163e-02,9.444444e-02,4.501709e-02
2.105430e+00,9.595098e+00,1.168919e-02,-2.724618e-02,8.724618e-02,4.279215e-02
2.202029e+00,9.638985e+00,-1.085512e-01,-1.794742e-03,4.606810e-02,1.897419e-02
2.069541e+00,9.615496e+00,-1.974813e-01,1.716061e-02,1.572513e-02,6.171719e-04
1.737867e+00,9.534917e+00,-3.901657e-01,2.444444e-02,-1.147378e-02,-1.666667e-02
1.697490e+00,9.490017e+00,-5.449711e-01,1.801140e-02,-4.502565e-03,-1.076011e-02
1.511928e+00,9.628072e+00,-6.490236e-01,-1.801920e-02,3.662770e-02,1.902386e-02
1.520000e+00,9.715238e+00,-4.797070e-01,-3.288880e-02,6.390456e-02,3.879354e-02
1.592098e+00,9.844196e+00,-3.279020e-01,-1.844245e-02,8.859376e-02,6.577878e-02
1.731001e+00,9.608999e+00,-3.007139e-01,-1.023884e-02,9.531672e-02,7.666667e-02
1.873469e+00,9.549225e+00,-3.253876e-01,-1.656032e-02,2.355707e-02,8.021269e-02
1.963926e+00,9.568222e+00,-2.500000e-01,-1.264245e-02,-1.227108e-03,8.448311e-02
1.804281e+00,9.562141e+00,-1.864222e-01,-1.134963e-02,-2.912741e-02,9.174519e-02
1.892162e+00,9.540000e+00,-1.844402e-01,-2.357259e-03,-5.389703e-03,9.694701e-02
2.328016e+00,9.503603e+00,-3.004049e-01,-1.111111e-03,2.799826e-02,9.088191e-02
2.506937e+00,9.517748e+00,-3.630629e-01,0,4.662093e-03,7.120276e-02
2.864447e+00,9.630676e+00,-5.272951e-01,-3.045723e-03,-3.250983e-02,1.016962e-02
2.843216e+00,9.661019e+00,-4.127063e-01,-7.681355e-03,-7.599171e-02,-3.750113e-02
2.147115e+00,9.564027e+00,-3.779186e-01,9.555181e-04,-1.685290e-01,-9.532455e-02
1.960000e+00,9.664033e+00,-3.539504e-01,-1.236876e-02,-1.495604e-01,-1.117583e-01
2.150015e+00,9.498740e+00,-6.287712e-01,-2.656467e-02,-8.266059e-02,-1.266667e-01
2.172626e+00,9.695791e+00,-7.715825e-01,-6.786233e-02,-9.593076e-02,-1.371449e-01
1.737370e+00,9.739565e+00,-7.953262e-01,-1.035343e-01,-1.253546e-01,-1.742415e-01
1.592581e+00,9.916117e+00,-3.767896e-01,-1.248048e-01,-9.935778e-02,-1.869485e-01
1.993697e+00,9.988962e+00,1.236718e-02,-2.041299e-01,-2.036608e-02,-2.537509e-01
1.730678e+00,9.770718e+00,4.166422e-01,-3.627509e-01,-4.557931e-02,-2.551016e-01
4.408486e-01,1.056000e+01,6.418451e-01,-5.996384e-01,-3.813936e-02,-2.030930e-01
-1.522258e-02,1.006699e+01,1.040178e+00,-5.909855e-01,6.478529e-02,-1.182972e-01
5.221193e-01,9.058816e+00,1.171527e+00,-5.691413e-01,3.687294e-01,3.163637e-03
9.488145e-01,7.989478e+00,1.475131e+00,-7.009245e-01,4.796576e-01,-2.626745e-02
5.222434e-01,8.172545e+00,1.712726e+00,-1.136568e+00,4.842257e-01,-4.583014e-02
5.612787e-01,7.757954e+00,1.902692e+00,-1.287895e+00,5.373858e-01,-2.373259e-03
1.443316e+00,8.060867e+00,1.847985e+00,-1.613173e+00,6.879768e-01,3.022664e-02
2.332670e+00,8.114570e+00,1.648665e+00,-1.680886e+00,6.482164e-01,4.395203e-03
2.053034e+00,7.623034e+00,1.849078e+00,-1.731533e+00,4.780823e-01,-4.774002e-02
1.838842e+00,7.765830e+00,1.887066e+00,-1.710699e+00,4.108682e-01,-7.289922e-02
2.035718e+00,8.162147e+00,1.634994e+00,-1.480021e+00,3.550420e-01,-7.666667e-02
1.389921e+00,9.338024e+00,1.845584e+00,-1.272738e+00,2.970733e-01,-6.634879e-02
2.722698e+00,2.161528e+01,1.735943e+00,-4.985071e-01,2.852245e-01,2.500698e-01
1.579158e+00,1.229181e+01,4.564778e+00,5.826920e-01,1.242981e-01,2.174124e-02
2.633576e+00,6.476080e+00,2.066871e+00,3.623255e-02,2.425940e-01,-7.072642e-02
2.454650e+00,5.091806e+00,2.618026e+00,-8.406168e-02,2.599841e-01,-4.266347e-02
1.737556e+00,1.385867e+01,3.249901e+00,-1.671810e-01,1.160157e-01,-7.989164e-02
1.560595e+00,1.047282e+01,1.702081e+00,1.779061e-02,9.289518e-02,-1.578250e-01
2.181248e+00,8.324859e+00,2.242953e+00,-6.982176e-02,3.102318e-01,-3.735651e-01
2.122542e+00,8.790973e+00,3.379851e+00,-1.229031e-01,1.807769e-01,-3.905998e-01
2.737186e-01,9.313192e+00,4.417046e+00,-1.977778e-01,-1.099537e-01,-3.204492e-01
5.577097e-01,8.488447e+00,4.376145e+00,-1.933333e-01,-1.229676e-02,-3.298911e-01
2.358902e+00,9.200549e+00,4.081980e+00,-2.073284e-01,2.539697e-02,-2.672677e-01
1.476613e+00,8.923864e+00,4.173426e+00,-1.930750e-01,-3.021038e-01,-2.865640e-01
-1.701020e+00,9.488435e+00,4.379184e+00,-1.881153e-01,-4.187801e-01,-1.939929e-01
-1.528584e+00,9.234255e+00,4.864030e+00,-9.722078e-02,-1.625012e-01,-6.540696e-02
6.092669e-01,9.173229e+00,4.689610e+00,1.008737e-01,3.029773e-01,1.681256e-01
1.163045e+00,9.079135e+00,4.438271e+00,1.783517e-01,3.114541e-01,2.146054e-01
1.854440e-01,9.346889e+00,4.210518e+00,2.495670e-01,1.960240e-01,2.289954e-01
4.547757e-02,9.226530e+00,4.188694e+00,3.264280e-01,2.054560e-01,2.574800e-01
1.172836e+00,9.361285e+00,3.751551e+00,4.208932e-01,3.224096e-01,3.081525e-01
1.383106e+00,9.529129e+00,3.731679e+00,4.974318e-01,2.988994e-01,2.914466e-01
7.263791e-01,8.578478e+00,3.647120e+00,5.832685e-01,3.756288e-01,2.333766e-01
1.176513e+00,8.968415e+00,3.224294e+00,5.707369e-01,5.038284e-01,2.787795e-01
3.020513e+00,8.831708e+00,2.052174e+00,5.528527e-01,6.041845e-01,2.550356e-01
2.730000e+00,9.218002e+00,9.116123e-01,4.158554e-01,3.822524e-01,2.167215e-01
-2.448039e-01,9.600486e+00,5.846807e-01,2.264658e-01,-1.829443e-02,1.100000e-01
-1.028629e+00,9.548677e+00,7.329430e-01,1.869041e-01,4.851966e-02,5.440342e-02
-1.041247e+00,1.037250e+01,4.974978e-01,2.029471e-01,3.397548e-01,1.444563e-01
-1.260557e+00,1.089654e+01,6.334337e-02,1.239154e-01,5.808464e-01,3.318780e-01
1.769006e+00,9.543158e+00,-3.481697e+00,-4.408691e-01,9.977877e-01,5.421727e-01
2.669758e+00,9.454644e+00,-4.555840e+00,-8.768592e-01,8.760441e-01,5.735965e-01
-1.384003e+00,1.095373e+01,-1.987417e-01,-1.458442e+00,5.275679e-01,6.255212e-01
-1.515534e+00,9.524343e+00,3.143266e+00,-1.435034e+00,9.896323e-01,7.449200e-01
5.305389e+00,1.043872e+01,3.730952e+00,-1.074982e+00,1.831745e+00,7.686231e-01
7.868001e+00,1.170395e+01,2.769993e+00,-4.318011e-01,1.284921e+00,5.823671e-01
3.209133e+00,9.828034e+00,3.360489e+00,8.643257e-01,-2.229589e-01,3.808455e-01
2.567186e-01,9.783475e+00,4.488426e+00,1.481842e+00,-3.625092e-01,4.031420e-01
-1.464019e+00,9.410584e+00,5.199416e+00,2.339355e+00,3.879071e-01,8.386619e-01
-2.560961e+00,8.720218e+00,5.207441e+00,2.613227e+00,8.419017e-01,9.687816e-01
-5.529303e+00,7.107155e+00,5.371735e+00,2.669883e+00,2.328855e+00,1.131410e+00
-4.571953e+00,5.043030e+00,5.811226e+00,2.341346e+00,3.729788e+00,1.267906e+00
4.691472e+00,2.288624e+00,3.515104e+00,1.255635e+00,4.656870e+00,1.475710e+00
8.716897e+00,2.177140e+00,1.687366e+00,5.406712e-01,3.906472e+00,1.351522e+00
1.569667e+01,1.831191e+01,-2.138904e+00,-8.470059e-01,1.254457e+00,-4.109211e-01
1.586686e+01,1.332942e+01,-8.346131e-01,-5.063250e-01,-9.062058e-01,-9.837992e-01
-6.509280e+00,3.304925e+00,6.187082e+00,-1.521068e+00,-2.680881e+00,-1.643170e+00
-1.285664e+01,1.015806e+01,8.734178e+00,-1.763359e+00,-1.200217e+00,-1.048224e+00
-7.102425e+00,1.059835e+01,7.111847e+00,-1.030087e+00,1.689869e+00,1.981639e-01
-1.155194e-01,8.846979e+00,5.495079e+00,-7.678042e-01,2.240740e+00,4.545251e-01
5.215341e+00,9.169431e+00,2.449697e+00,-7.191704e-01,1.500275e+00,3.381555e-01
2.560699e+00,9.240365e+00,3.132169e+00,-7.431920e-01,1.007947e+00,1.591441e-01
6.247588e-02,8.617904e+00,4.649144e+00,-7.566667e-01,6.606383e-01,6.620081e-02
1.527119e+00,9.085821e+00,5.017996e+00,-7.275926e-01,6.860357e-01,1.072154e-01
2.409409e+00,8.623802e+00,4.554345e+00,-6.221089e-01,4.547319e-01,6.161510e-02
1.675488e+00,8.809467e+00,4.561600e+00,-5.758639e-01,3.229437e-01,3.395290e-02
3.999901e-01,8.729504e+00,4.204387e+00,-5.095355e-01,2.599412e-01,2.444444e-02
-2.070568e-03,8.567770e+00,3.916531e+00,-5.227263e-01,3.160790e-01,5.300520e-02
1.169044e-01,8.573096e+00,3.635051e+00,-5.741856e-01,4.797108e-01,1.616590e-01
5.603808e-01,8.711254e+00,3.797252e+00,-6.264887e-01,5.275931e-01,1.984793e-01
7.760224e-01,8.457031e+00,4.880347e+00,-7.058412e-01,4.300913e-01,2.576963e-01
7.037825e-01,7.828109e+00,5.538918e+00,-7.164785e-01,4.007349e-01,2.877250e-01
1.240770e+00,8.376920e+00,5.343336e+00,-7.047586e-01,3.101276e-01,3.538395e-01
1.077491e+00,8.352070e+00,5.687619e+00,-6.905888e-01,1.915071e-01,3.571889e-01
5.759015e-01,8.456511e+00,6.102717e+00,-6.280025e-01,1.648420e-01,4.321099e-01
1.297200e+00,8.466473e+00,5.484690e+00,-6.290691e-01,2.327734e-01,4.999843e-01
1.239231e+00,8.020461e+00,3.745771e+00,-7.089073e-01,3.592124e-01,6.176231e-01
1.229939e+00,8.259878e+00,2.774834e+00,-8.763669e-01,3.875364e-01,6.884498e-01
-3.172592e-01,8.219419e+00,3.220018e+00,-1.240260e+00,3.153554e-01,8.545079e-01
9.695648e-01,8.894262e+00,2.941264e+00,-1.450269e+00,3.782044e-01,9.290388e-01
4.349749e+00,1.195742e+01,5.254658e-01,-1.851180e+00,1.374646e-01,9.457263e-01
5.770000e+00,1.322445e+01,1.916767e-01,-2.325060e+00,-5.954978e-01,1.031607e+00
-8.735029e-02,1.379556e+01,6.046163e+00,-2.553476e+00,-1.824625e+00,1.112377e+00
-6.752607e+00,1.042621e+01,9.785015e+00,-1.962421e+00,-1.258607e+00,9.518045e-01
-6.713545e+00,5.397878e+00,1.223172e+01,-1.499364e+00,7.744656e-01,1.622481e+00
-3.907707e+00,6.829797e+00,1.205132e+01,-1.216812e+00,1.602909e+00,2.108262e+00
-2.193870e-02,1.065184e+01,8.653935e+00,2.390023e-01,2.257571e+00,2.479134e+00
-7.442033e-01,9.333027e+00,8.104485e+00,1.407304e+00,2.280335e+00,2.282390e+00
8.000000e-01,6.949624e+00,8.297546e+00,2.667925e+00,2.218643e+00,2.249004e+00
1.137730e+00,6.757319e+00,8.761750e+00,3.283537e+00,1.990265e+00,2.281598e+00
5.598889e-01,6.720000e+00,9.006920e+00,4.067915e+00,1.278582e+00,2.240544e+00
-1.187923e+00,6.917281e+00,9.233225e+00,4.379976e+00,1.198025e+00,2.055201e+00
-4.527943e+00,7.186854e+00,9.512094e+00,4.686322e+00,1.891107e+00,1.939757e+00
-2.530616e+00,6.846646e+00,9.626646e+00,4.806254e+00,2.652593e+00,2.091531e+00
1.983234e+00,7.652786e+00,8.255796e+00,4.827577e+00,3.205990e+00,2.270093e+00
1.787845e+00,7.512997e+00,7.993973e+00,4.785009e+00,2.955161e+00,2.049243e+00
1.347998e-01,6.773513e+00,7.519040e+00,4.553376e+00,2.927543e+00,1.770103e+00
1.536406e+00,6.309007e+00,7.130357e+00,4.316820e+00,3.108453e+00,1.688831e+00
6.167431e+00,6.001284e+00,5.109572e+00,3.806380e+00,2.682486e+00,1.199294e+00
4.739354e+00,5.064417e+00,3.160719e+00,3.355630e+00,1.932112e+00,7.517524e-01
8.389223e-01,5.877603e+00,2.732771e+00,2.487362e+00,1.188235e+00,6.420827e-01
3.299587e+00,4.886057e+00,1.767219e+00,1.793049e+00,1.337144e+00,5.116006e-01
2.795221e+00,4.465336e+00,1.716195e+00,5.572816e-01,6.154739e-01,-4.664472e-02
1.839021e+00,5.447842e+00,2.068039e+00,4.083304e-03,3.602132e-01,-2.832159e-01
2.734706e+00,4.572588e+00,2.218784e+00,-9.794557e-01,-3.546529e-02,-7.594916e-01
2.514839e+00,7.298258e+00,2.678417e+00,-1.394101e+00,-5.124426e-01,-1.060743e+00
4.255152e+00,1.847563e+01,-2.237336e+00,-1.412866e+00,3.861978e-01,-2.055565e-01
-1.186877e+00,1.167622e+01,2.293949e+00,-1.294847e+00,9.254848e-01,-4.012013e-01
-1.824383e+00,1.300321e+01,1.183516e+01,-2.369288e+00,1.636597e+00,-6.361744e-01
-2.197173e-01,7.859846e+00,1.001317e+01,-1.758867e+00,1.952787e+00,-5.353194e-01
7.317779e+00,1.011608e+01,5.219206e+00,-1.062814e+00,7.385139e-01,-4.238049e-01
3.878674e+00,1.033675e+01,3.207177e+00,-7.838405e-01,-2.597646e-01,-7.302154e-01
-4.515138e+00,8.420168e+00,3.534698e+00,-7.664606e-01,-3.270703e-01,-5.498804e-01
-6.449056e+00,1.005288e+01,4.279675e+00,-7.783876e-01,7.457600e-01,-2.077188e-01
2.511523e+00,9.578299e+00,3.349197e+00,-6.002108e-01,1.797055e+00,1.647809e-01
5.299168e+00,8.330766e+00,3.460656e+00,-5.910698e-01,1.417242e+00,9.782507e-02
4.291322e+00,8.613584e+00,3.860000e+00,-6.742366e-01,3.596118e-01,-2.007336e-01
2.936203e+00,9.068144e+00,3.896832e+00,-6.517568e-01,-2.878834e-03,-3.349439e-01
-2.153850e-01,8.877528e+00,3.769104e+00,-6.137586e-01,-1.833486e-01,-4.181954e-01
-7.590229e-01,8.598336e+00,3.540977e+00,-5.742037e-01,7.724199e-02,-3.472389e-01
1.091908e+00,8.682697e+00,2.888080e+00,-6.367600e-01,4.808100e-01,-2.472259e-01
1.742877e+00,8.723819e+00,2.890000e+00,-7.090080e-01,4.209108e-01,-2.853061e-01
1.009609e+00,9.233838e+00,3.565461e+00,-8.573295e-01,8.050081e-02,-3.184406e-01
6.238524e-01,8.760247e+00,4.170491e+00,-8.724606e-01,1.955062e-02,-3.345239e-01
1.655946e+00,9.084028e+00,4.411616e+00,-9.750850e-01,-3.935298e-02,-2.836863e-01
1.807478e+00,9.021749e+00,4.036895e+00,-1.033195e+00,-2.047651e-01,-3.020118e-01
1.580000e+00,9.162262e+00,3.018748e+00,-1.248256e+00,-4.220104e-01,-2.714416e-01
1.679091e+00,8.681735e+00,2.274627e+00,-1.481851e+00,-4.837208e-01,-2.185302e-01
3.804204e+00,7.478394e+00,1.854130e-01,-2.227400e+00,-5.124739e-01,-2.897355e-02
6.857295e+00,9.531358e+00,3.454590e-01,-2.751717e+00,-6.678736e-01,-1.441546e-02
1.062008e+01,1.440910e+01,2.948374e-01,-3.379442e+00,-1.617226e+00,-1.518007e-01
2.117033e+00,1.770577e+01,5.007164e+00,-3.406912e+00,-2.754841e+00,-1.728849e-01
-1.187013e+01,9.806835e+00,1.168306e+01,-2.732506e+00,-2.710504e+00,7.244239e-01
-1.595334e+01,8.510277e+00,1.342899e+01,-2.506706e+00,-1.006561e+00,1.691896e+00
-6.547374e+00,1.156899e+01,1.043285e+01,-1.546017e+00,1.897331e+00,3.104169e+00
3.620898e+00,9.548220e+00,8.640871e+00,-4.805294e-01,2.811374e+00,3.107895e+00
5.605346e+00,9.289487e+00,5.077469e+00,1.355568e+00,1.526603e+00,2.510776e+00
1.302838e+00,7.519998e+00,7.031437e+00,2.220567e+00,4.554658e-01,2.194813e+00
-6.265274e+00,7.239261e+00,9.714501e+00,3.259615e+00,2.815474e-01,2.073564e+00
-8.284326e+00,7.433710e+00,1.056365e+01,3.900829e+00,8.656089e-01,2.168718e+00
-7.631574e+00,5.626081e+00,1.148023e+01,4.833817e+00,2.469331e+00,2.335682e+00
-4.450417e+00,6.100960e+00,1.166378e+01,5.184675e+00,3.106357e+00,2.355556e+00
9.198941e-01,7.219931e+00,1.129703e+01,5.542333e+00,3.217064e+00,2.334624e+00
5.096329e+00,7.551537e+00,1.026219e+01,5.676891e+00,2.742032e+00,2.308592e+00
1.911946e+00,6.638730e+00,8.070315e+00,5.490458e+00,1.625464e+00,1.453621e+00
-2.754482e+00,6.676410e+00,8.612221e+00,5.239961e+00,1.775441e+00,8.950598e-01
-6.204469e+00,5.608869e+00,9.721908e+00,4.884612e+00,3.995501e+00,1.123356e+00
2.561057e+00,4.138314e+00,5.815447e+00,4.525297e+00,4.584507e+00,1.446100e+00
9.298103e+00,3.216484e+00,1.691553e+00,2.942982e+00,3.194288e+00,1.307808e+00
9.333056e+00,1.233640e+00,-1.342535e+00,1.621883e+00,1.752276e+00,2.958540e-01
2.453649e+00,3.877482e+00,2.145757e+00,-2.016694e-01,-3.021052e-01,-7.052626e-01
1.718005e+00,1.777426e+00,3.336635e+00,-1.084608e+00,-7.588614e-01,-1.022122e+00
1.641774e-02,2.155426e+01,8.318774e+00,-2.862321e+00,2.355784e-01,-1.582890e-02
1.770798e+00,1.495438e+01,6.754688e+00,-1.879216e+00,5.936193e-01,-6.508266e-01
-2.182506e+00,7.458777e+00,1.328830e+01,-2.563139e+00,6.831226e-01,-7.454327e-01
9.701477e-01,8.831015e+00,1.339175e+01,-1.877193e+00,1.036965e+00,-5.517824e-01
2.227226e+00,1.147559e+01,5.749379e+00,-8.455467e-01,3.728886e-01,-3.771221e-01
-5.687933e-01,9.368199e+00,4.437958e+00,-5.931248e-01,2.592111e-01,-3.943243e-01
-1.382564e+00,9.836119e+00,2.727309e+00,-5.885020e-01,8.751295e-01,-1.085851e-01
3.528399e-01,8.998262e+00,2.041050e+00,-5.630711e-01,8.574339e-01,-6.610899e-02
-7.259978e-01,8.885463e+00,3.267514e+00,-6.606808e-01,9.030575e-01,6.745046e-02
1.289095e-01,8.474687e+00,3.991172e+00,-6.743122e-01,1.010203e+00,1.328791e-01
2.186183e+00,8.912482e+00,3.804997e+00,-6.754301e-01,1.013293e+00,1.588521e-01
2.452856e+00,8.467133e+00,3.748570e+00,-6.903077e-01,8.265743e-01,1.051544e-01
2.867084e+00,7.470190e+00,2.952424e+00,-8.066594e-01,6.150114e-01,2.037432e-02
2.693091e+00,8.171012e+00,3.182052e+00,-9.253349e-01,4.516564e-01,-1.662988e-02
7.393071e-01,8.481986e+00,4.545789e+00,-9.332362e-01,2.347009e-01,-1.376495e-01
8.235096e-01,8.454242e+00,4.973561e+00,-9.538794e-01,2.863396e-01,-1.033522e-01
1.556005e+00,8.446661e+00,4.677989e+00,-9.796150e-01,2.461204e-01,-1.065537e-01
1.257074e+00,8.591415e+00,5.256796e+00,-9.772691e-01,1.123304e-01,-1.378569e-01
1.512679e+00,8.782679e+00,5.930000e+00,-9.112082e-01,-6.529527e-02,-1.566534e-01
1.553366e+00,8.891575e+00,5.816319e+00,-9.055556e-01,-1.801787e-01,-1.590422e-01
1.671390e+00,9.717681e+00,5.203709e+00,-9.147742e-01,-4.073316e-01,-1.585699e-01
4.312224e-01,9.125213e+00,4.960372e+00,-9.702808e-01,-4.575973e-01,-1.155639e-01
-9.597206e-03,8.487248e+00,4.670872e+00,-1.131653e+00,-2.151425e-01,1.484956e-01
4.569075e-01,8.667187e+00,4.502533e+00,-1.260524e+00,-1.461255e-01,2.807687e-01
1.220926e+00,8.692604e+00,3.312685e+00,-1.498334e+00,-2.286369e-01,4.328413e-01
1.485034e+00,8.523547e+00,2.623479e+00,-1.710986e+00,-3.590698e-01,4.819101e-01
1.823996e+00,1.047578e+01,2.004700e+00,-2.172706e+00,-8.024161e-01,4.685989e-01
2.821837e+00,1.281215e+01,6.748084e-01,-2.471966e+00,-1.004853e+00,3.661987e-01
1.278666e+00,1.119752e+01,1.564013e+00,-2.967057e+00,-1.816375e+00,8.253316e-02
-9.555390e-01,1.216567e+01,5.432520e+00,-3.215494e+00,-2.439320e+00,9.865725e-02
-5.395700e+00,1.629899e+01,1.225673e+01,-2.590194e+00,-1.721685e+00,2.444564e-01
-6.256598e+00,1.233176e+01,1.375665e+01,-1.645662e+00,-8.135379e-01,5.342649e-01
-2.525543e+00,9.344238e+00,1.033326e+01,-7.820353e-01,9.759430e-01,1.282262e+00
-1.924882e+00,1.154137e+01,1.096047e+01,6.648669e-01,1.604187e+00,1.336692e+00
1.603181e-01,4.228183e+00,9.977828e+00,2.218224e+00,2.256978e+00,1.490220e+00
1.660060e+00,5.049555e+00,9.649050e+00,3.107452e+00,2.355610e+00,1.510541e+00
2.547730e+00,3.953842e+00,1.038352e+01,4.349907e+00,1.949745e+00,1.457682e+00
1.696892e+00,3.581741e+00,1.065464e+01,5.018763e+00,1.593365e+00,1.450000e+00
1.070366e+00,4.968096e+00,1.039989e+01,5.955397e+00,1.358651e+00,1.337619e+00
1.233971e+00,4.491533e+00,1.074685e+01,6.279270e+00,1.368763e+00,1.157600e+00
3.331445e-01,5.860104e+00,1.049103e+01,6.195995e+00,1.478604e+00,9.047192e-01
6.589631e-01,6.224867e+00,9.418483e+00,5.948391e+00,1.682971e+00,7.248068e-01
2.893447e+00,6.712847e+00,6.917969e+00,5.390870e+00,1.655134e+00,2.366300e-01
3.875732e+00,6.499758e+00,5.594670e+00,4.976756e+00,1.457002e+00,-1.278482e-01
4.391046e+00,5.337494e+00,2.642092e+00,4.051000e+00,5.781072e-01,-7.507808e-01
2.954509e+00,5.593133e+00,1.740032e+00,3.161390e+00,-6.097806e-01,-6.992131e-01
4.743109e-01,3.787249e+00,6.768612e-01,1.598460e+00,-9.566112e-01,-1.006570e+00
-6.516614e-01,1.549574e+00,4.907349e-01,5.950806e-01,-8.991646e-01,-9.901906e-01
2.096002e+00,2.833755e+00,2.189693e+00,-1.309988e+00,-7.321520e-01,-7.346082e-01
1.490818e+00,3.391927e+00,3.341542e+00,-2.183298e+00,-8.342056e-01,-7.688263e-01
1.834044e+00,2.161756e+01,-2.170928e+00,-2.015136e+00,5.700759e-01,2.555396e-01
-4.089176e+00,6.296545e+00,4.319998e+00,-2.452327e+00,1.071950e+00,1.800271e-01
-8.438848e-01,7.658945e+00,8.160047e+00,-2.416793e+00,2.202392e+00,4.264768e-01
3.485000e+00,6.359778e+00,8.707333e+00,-2.177746e+00,1.845620e+00,1.850458e-01
2.113488e+00,1.092725e+01,7.584963e+00,-1.751297e+00,5.257280e-01,-2.934461e-01
3.088435e+00,7.825764e+00,4.735191e+00,-1.500192e+00,2.739172e-01,-1.962749e-01
7.164502e-01,9.710001e+00,4.013226e+00,-1.472912e+00,5.542463e-02,-2.348329e-01
-3.862752e+00,1.006997e+01,4.872093e+00,-1.300767e+00,5.239307e-01,-1.106307e-01
1.061353e+00,9.706035e+00,4.075029e+00,-1.106382e+00,7.273273e-01,1.642595e-02
3.212936e+00,8.867733e+00,2.920422e+00,-1.055972e+00,1.473319e-01,-1.371391e-01
2.324222e+00,9.498288e+00,3.250469e+00,-1.145552e+00,-1.770894e-01,-2.897696e-01
2.688074e+00,1.000365e+01,3.034814e+00,-1.171442e+00,-5.177431e-01,-4.176750e-01
6.982843e-02,8.335512e+00,2.925341e+00,-1.295807e+00,-1.020568e+00,-5.364587e-01
-1.033784e+00,9.317783e+00,3.716006e+00,-1.337811e+00,-1.082097e+00,-5.366290e-01
-2.608060e+00,9.159239e+00,4.762083e+00,-1.351915e+00,-5.764363e-01,-3.409627e-01
-9.450951e-02,9.067323e+00,4.658717e+00,-1.385070e+00,-2.304305e-01,-1.713658e-01
9.327331e-01,7.912931e+00,2.128836e+00,-1.646848e+00,-2.008528e-01,4.310941e-02
1.638418e+00,7.902468e+00,1.167911e+00,-1.916680e+00,-3.867578e-01,2.813930e-02
3.273613e+00,8.960970e+00,1.413726e+00,-2.461551e+00,-1.153341e+00,-2.282385e-01
4.928377e-01,8.623889e+00,2.909723e+00,-2.759490e+00,-1.573944e+00,-2.897152e-01
-3.379982e-01,9.380687e+00,3.442799e+00,-3.163980e+00,-1.409224e+00,-1.088326e-01
2.337943e+00,1.217846e+01,1.242545e+00,-3.499769e+00,-1.365299e+00,-9.486499e-03
6.210124e+00,1.511373e+01,8.684232e-01,-3.957215e+00,-2.601414e+00,-4.782924e-01
2.925497e+00,1.494055e+01,7.690629e+00,-4.036995e+00,-3.507476e+00,-6.229500e-01
-7.215626e+00,1.623559e+01,1.561128e+01,-2.818186e+00,-2.371596e+00,-1.126638e+00
-5.004790e+00,7.669677e+00,1.653410e+01,-1.797500e+00,-6.897475e-01,-9.293133e-01
6.082588e+00,1.215308e+01,8.560236e+00,-4.222571e-01,8.033148e-01,-9.654375e-01
6.082952e+00,7.525403e+00,1.075711e+01,1.238897e+00,6.964732e-01,-1.501907e+00
4.618863e+00,4.717256e+00,7.272571e+00,2.768606e+00,6.842631e-01,-1.626025e+00
3.625536e+00,5.401740e+00,8.077402e+00,3.633772e+00,8.438930e-01,-1.881909e+00
3.535867e+00,3.545863e+00,9.946898e+00,4.894366e+00,1.627251e+00,-1.974464e+00
5.980574e+00,4.613010e+00,9.785038e+00,5.609883e+00,1.717181e+00,-1.806813e+00
9.255436e+00,5.339431e+00,9.482444e+00,6.840988e+00,4.718007e-01,-1.389958e+00
1.180480e+01,5.271582e+00,1.052241e+01,6.970948e+00,-1.052292e+00,-1.256977e+00
6.005663e+00,6.231143e+00,1.026179e+01,6.457722e+00,-2.610510e+00,-1.742947e+00
2.127739e+00,5.057419e+00,9.979342e+00,6.113138e+00,-2.952853e+00,-1.914374e+00
-1.052339e+01,3.931459e+00,4.744822e+00,4.277481e+00,-1.362048e+00,-1.224606e+00
-1.075749e+01,-1.612077e+00,2.662140e+00,2.705549e+00,9.746899e-01,-1.645119e-01
-8.396928e-02,-5.229546e+00,2.479515e-01,-8.576764e-01,2.650866e+00,1.028009e+00
5.625998e+00,-1.169870e+00,5.163546e+00,-2.433030e+00,2.370570e+00,9.825824e-01
1.069409e+01,3.783204e+01,6.199811e+00,-1.739962e+00,4.838268e-01,1.724028e-01
1.934847e+00,1.712224e+01,1.924579e+00,-9.005142e-01,-7.888157e-01,-9.855409e-01
-4.973923e+00,4.114515e+00,9.082763e+00,-1.909647e+00,1.009981e+00,1.996067e-01
-2.922528e+00,1.011061e+01,1.015168e+01,-2.004020e+00,1.912687e+00,4.431474e-01
3.740438e+00,1.211964e+01,6.162141e+00,-1.722750e+00,1.983226e+00,3.830266e-01
7.827059e+00,7.880053e+00,3.904277e+00,-1.529965e+00,1.182730e+00,8.032476e-02
2.523377e+00,1.012592e+01,3.481601e+00,-1.501635e+00,-1.142547e+00,-5.323401e-01
-1.146719e+00,1.020564e+01,3.435662e+00,-1.407340e+00,-1.552919e+00,-6.625472e-01
-4.851039e+00,9.077762e+00,3.860596e+00,-1.382996e+00,-7.606280e-01,-3.814320e-01
-2.641200e+00,9.069719e+00,3.496831e+00,-1.335618e+00,-3.786411e-01,-2.588937e-01
6.787954e-01,8.586580e+00,3.449806e+00,-1.382431e+00,-3.085774e-01,-2.696043e-01
8.052312e-01,8.637948e+00,3.903901e+00,-1.399919e+00,-5.330207e-01,-3.830152e-01
-8.396061e-01,9.116473e+00,4.691764e+00,-1.409830e+00,-7.759611e-01,-5.018167e-01
-6.532745e-01,8.675592e+00,4.622796e+00,-1.436690e+00,-7.256260e-01,-4.617067e-01
2.101555e-01,8.925871e+00,3.669764e+00,-1.605566e+00,-5.739872e-01,-3.025997e-01
1.402766e+00,9.498534e+00,2.862920e+00,-1.789790e+00,-7.056479e-01,-3.049183e-01
2.010842e+00,8.192017e+00,1.258655e+00,-2.067408e+00,-9.799100e-01,-3.534435e-01
9.966230e-01,8.359156e+00,1.440844e+00,-2.443147e+00,-1.241891e+00,-3.882534e-01
4.850509e+00,9.410292e+00,9.278257e-01,-3.130184e+00,-1.397092e+00,-3.959315e-01
8.373429e+00,1.341415e+01,2.870048e-02,-3.519729e+00,-1.654013e+00,-5.052789e-01
3.580061e+00,1.712905e+01,3.703982e+00,-4.154818e+00,-3.151612e+00,-1.142570e+00
-2.161168e+00,1.187342e+01,1.004296e+01,-4.169232e+00,-4.093066e+00,-1.331703e+00
-6.094337e+00,1.558690e+01,1.711633e+01,-3.589401e+00,-2.813336e+00,-1.223420e+00
1.321075e+00,6.984453e+00,1.375115e+01,-2.527578e+00,-1.513041e+00,-1.204353e+00
7.009717e+00,1.204128e+01,7.652693e+00,-1.079597e+00,-4.099743e-01,-1.663466e+00
5.518956e+00,8.559405e+00,8.655522e+00,7.012355e-01,-5.193829e-01,-2.180741e+00
2.416811e+00,3.693016e+00,7.724138e+00,2.529780e+00,-5.135644e-01,-2.250489e+00
2.125512e+00,4.366811e+00,8.002903e+00,3.161158e+00,-1.862181e-01,-2.154993e+00
1.684491e-01,5.184369e+00,9.487888e+00,4.468049e+00,8.185676e-01,-2.002469e+00
1.352277e+00,5.760563e+00,9.946138e+00,5.238346e+00,1.454874e+00,-1.544723e+00
5.173527e+00,4.735673e+00,1.066027e+01,6.462504e+00,1.627639e+00,-7.545113e-01
6.763171e+00,4.930094e+00,1.080904e+01,6.903540e+00,1.181460e+00,-3.337375e-01
8.028900e+00,8.927897e+00,1.007638e+01,7.316783e+00,-5.757674e-01,2.929397e-01
5.857517e+00,7.292672e+00,9.037172e+00,7.281414e+00,-1.351288e+00,-5.895510e-02
-7.012192e+00,3.330474e+00,4.874365e+00,5.547182e+00,-1.105225e+00,-5.551823e-01
-9.425136e+00,-3.475774e+00,9.351783e-01,4.278129e+00,1.490131e-02,-4.402160e-01
6.728910e-02,-6.834954e+00,-2.586366e+00,1.260387e-01,1.796772e+00,7.374519e-01
2.750630e+00,-3.850345e+00,4.455756e+00,-2.322756e+00,1.460284e+00,4.352466e-01
1.114149e+01,3.708061e+01,5.080422e+00,-3.857183e+00,3.151160e-01,2.594832e-01
3.888226e+00,1.245853e+01,4.349355e+00,-1.181058e+00,1.627535e-02,-4.763724e-01
-1.562899e+00,2.996771e+00,9.816480e+00,-2.699065e+00,1.646296e-01,-3.421464e-02
-3.985053e+00,9.903094e+00,1.206473e+01,-2.653446e+00,8.582325e-01,5.710208e-02
7.427388e-01,1.423310e+01,6.455700e+00,-2.027072e+00,1.191277e+00,1.794077e-01
3.582580e+00,5.679251e+00,5.823537e+00,-1.609132e+00,6.879354e-01,7.278198e-02
-1.033352e-01,1.023744e+01,4.976668e+00,-1.553392e+00,-1.592527e-01,-1.037102e-01
1.130572e+00,9.783875e+00,4.594530e+00,-1.457860e+00,-1.514108e-01,-8.322549e-02
2.400110e-01,8.533363e+00,4.396654e+00,-1.436175e+00,-3.629015e-01,-1.302108e-01
5.710485e-01,9.147178e+00,4.608774e+00,-1.385067e+00,-4.473868e-01,-1.500000e-01
7.187598e-01,9.746594e+00,4.197598e+00,-1.350042e+00,-6.272905e-01,-2.032315e-01
7.539131e-01,8.820435e+00,3.758406e+00,-1.284889e+00,-7.288161e-01,-2.734819e-01
-1.221699e+00,8.793722e+00,3.994466e+00,-1.310172e+00,-9.209303e-01,-3.253837e-01
-1.930368e+00,8.990928e+00,4.509523e+00,-1.340006e+00,-8.395879e-01,-2.817124e-01
-3.288117e-01,8.562366e+00,3.585130e+00,-1.419174e+00,-5.984786e-01,-1.721840e-01
-2.652001e-01,7.088605e+00,2.498884e+00,-1.518434e+00,-6.669145e-01,-1.198141e-01
1.133180e+00,9.457285e+00,7.319195e-01,-1.937387e+00,-7.820835e-01,4.129733e-02
3.672637e+00,9.461790e+00,-1.242040e+00,-2.297423e+00,-7.952091e-01,1.002704e-01
2.451776e+00,9.687070e+00,-1.329102e-01,-3.138790e+00,-1.155938e+00,3.225764e-02
4.100387e+00,1.131693e+01,-1.430387e+00,-3.617205e+00,-1.282428e+00,8.886343e-02
4.002766e+00,1.749740e+01,3.036964e+00,-4.228666e+00,-2.200561e+00,-1.230932e-01
-4.008447e+00,1.929950e+01,1.205937e+01,-4.521635e+00,-3.340394e+00,-3.842864e-01
-8.306008e+00,2.179381e+01,1.536872e+01,-3.321111e+00,-2.654895e+00,-1.583712e-02
-9.543418e+00,7.329406e+00,1.807574e+01,-1.494209e+00,-1.096930e+00,4.917466e-02
4.878311e+00,1.369862e+01,7.326671e+00,-6.641887e-01,1.229768e+00,4.088192e-01
5.330439e+00,1.129105e+01,9.999775e+00,1.066462e+00,1.431227e+00,2.670236e-01
4.064509e+00,3.184176e+00,9.221892e+00,3.594090e+00,1.044071e+00,-1.640744e-01
4.103893e+00,3.498465e+00,8.612929e+00,4.381666e+00,9.644991e-01,-2.302547e-01
2.034517e+00,3.403722e+00,1.136932e+01,5.627020e+00,8.626499e-01,-5.065051e-01
8.223894e-01,3.092389e+00,1.223518e+01,6.380049e+00,1.029402e+00,-4.061364e-01
2.548519e+00,4.148736e+00,1.329913e+01,7.537365e+00,1.407463e+00,1.795549e-01
5.425754e+00,4.958723e+00,1.295683e+01,7.961511e+00,1.298247e+00,4.749654e-01
3.380507e+00,3.283275e+00,8.824594e+00,7.738104e+00,3.314637e-01,3.702985e-01
-6.921416e+00,1.201422e-01,7.344693e+00,6.571516e+00,1.251603e-01,-1.084269e-01
-1.142378e+01,-2.004541e+00,7.312111e+00,3.296866e+00,2.409173e+00,7.931987e-02
-1.186615e+00,-4.047529e+00,7.634749e-01,1.389007e+00,3.282473e+00,1.056281e+00
5.383229e+00,-4.305496e+00,3.324048e+00,-2.105515e+00,2.419000e+00,3.340447e-01
6.124345e+00,2.093783e+01,9.670199e+00,-3.583402e+00,1.387996e+00,1.171904e-01
6.730955e+00,1.319400e+01,3.462244e+00,-6.418999e-01,-1.764756e-01,-5.750628e-01
-6.589229e+00,-3.570673e+00,1.174817e+01,-1.883217e+00,-1.464431e+00,-1.170392e+00
-1.288746e+00,1.476500e+01,1.026459e+01,-3.203641e+00,1.975345e+00,2.015752e-01
1.962069e+00,7.818376e+00,5.436839e+00,-2.036098e+00,1.602508e+00,5.265036e-02
3.131055e+00,1.059783e+01,7.560157e+00,-1.658603e+00,6.985855e-01,-9.003225e-02
1.448403e+00,1.112100e+01,3.855386e+00,-1.362222e+00,1.190686e-01,-7.114985e-02
-3.605942e+00,1.012215e+01,4.510021e+00,-1.186833e+00,5.908361e-02,-9.602873e-02
-2.458123e+00,9.199608e+00,3.930145e+00,-1.063842e+00,5.436747e-01,7.275717e-02
2.370100e+00,9.217480e+00,3.970510e+00,-1.015440e+00,1.106935e+00,2.672025e-01
6.166234e+00,8.773569e+00,3.062079e+00,-1.037797e+00,9.392591e-01,1.762998e-01
2.811179e+00,7.783530e+00,3.092569e+00,-1.174963e+00,9.699237e-02,-9.864321e-02
3.613991e-01,7.948056e+00,3.716657e+00,-1.274231e+00,-2.693025e-01,-2.177372e-01
-1.274207e+00,7.399151e+00,3.708948e+00,-1.414553e+00,-1.370400e-01,-1.881001e-01
-3.219849e-01,7.346554e+00,3.966704e+00,-1.491006e+00,1.538677e-02,-1.473806e-01
9.872561e-01,8.278767e+00,4.487158e+00,-1.591828e+00,3.688070e-02,1.234023e-02
2.729221e+00,8.465673e+00,2.777587e+00,-1.694301e+00,-3.719893e-02,8.562956e-02
5.106484e+00,7.305010e+00,-2.697097e+00,-2.321290e+00,-4.184371e-01,9.353619e-02
8.545643e+00,7.158994e+00,-3.179553e+00,-3.079504e+00,-7.080296e-01,1.290686e-01
1.150525e+01,2.265949e+01,6.791670e+00,-4.273407e+00,-2.137650e+00,1.371165e-01
-2.139271e+00,1.645677e+01,1.297130e+01,-3.733356e+00,-3.711328e+00,-1.423007e-01
-1.564439e+01,7.784723e+00,1.743430e+01,-2.435299e+00,-2.277647e+00,5.182823e-01
-1.547628e+01,3.222096e+00,1.667491e+01,-1.718308e+00,-5.320370e-02,1.232243e+00
3.089450e+00,5.247330e+00,8.919270e+00,-8.304526e-01,2.949136e+00,2.321806e+00
1.023360e+01,7.720435e+00,6.755443e+00,1.142624e-01,3.350792e+00,2.234772e+00
1.139083e+01,2.275562e+00,5.424280e+00,1.758394e+00,7.954460e-01,1.028648e+00
7.158545e+00,4.116380e+00,6.148239e+00,2.098432e+00,-5.517081e-01,7.084608e-01
-8.300555e-01,6.245253e+00,8.295760e+00,2.742508e+00,-7.667820e-01,4.218230e-01
-2.420312e+00,6.386997e+00,8.021149e+00,3.140305e+00,-7.483566e-02,3.422017e-01
2.172715e+00,6.426983e+00,7.795991e+00,3.817290e+00,1.295734e+00,5.330305e-01
4.471580e+00,6.358659e+00,8.030894e+00,3.989701e+00,1.373935e+00,5.874786e-01
5.276834e+00,7.665864e+00,6.707173e+00,3.866394e+00,5.762770e-01,4.311137e-01
2.674047e+00,6.714692e+00,6.612610e+00,3.718802e+00,-4.229491e-02,1.230379e-01
1.464801e+00,7.249863e+00,6.604938e+00,3.382399e+00,-3.709940e-02,-4.300345e-02
2.603767e+00,7.878052e+00,5.605584e+00,3.142640e+00,4.078999e-02,-5.696853e-02
3.254239e+00,6.765550e+00,3.845550e+00,2.634804e+00,-1.632488e-01,-1.643318e-01
2.664764e+00,6.605499e+00,3.417759e+00,2.294590e+00,-3.787751e-01,-2.436200e-01
1.047478e+00,6.507958e+00,3.105976e+00,1.613127e+00,-3.564748e-01,-2.509421e-01
6.156623e-01,6.299452e+00,2.822740e+00,1.190601e+00,-2.156183e-01,-5.811520e-02
1.970467e+00,6.238033e+00,2.163467e+00,6.159560e-01,1.290150e-01,2.187515e-01
2.489867e+00,6.181904e+00,2.141638e+00,2.083732e-01,2.119027e-01,2.762600e-01
2.676624e+00,7.571827e+00,3.442362e+00,-4.595425e-01,1.713448e-01,3.087780e-01
2.959924e+00,8.179847e+00,3.889618e+00,-6.151744e-01,1.015557e-01,2.703176e-01
2.375595e+00,8.308810e+00,4.169875e+00,-8.038193e-01,-6.654852e-02,1.313737e-01
2.027331e+00,8.955953e+00,4.602977e+00,-8.739614e-01,-1.425961e-01,2.569016e-02
2.399769e+00,8.312587e+00,4.516259e+00,-9.012188e-01,-1.787896e-01,-1.731959e-01
1.716935e+00,7.566734e+00,4.960050e+00,-1.049612e+00,-2.834128e-01,-3.604169e-01
1.094204e+00,1.062900e+01,5.214669e+00,-1.075527e+00,-3.246174e-01,-5.722425e-01
1.721098e+00,9.993385e+00,3.600762e+00,-6.820834e-01,-1.999023e-01,-5.276582e-01
2.516793e-01,9.451969e+00,3.407756e+00,-6.801030e-01,-3.325411e-03,-4.805750e-01
-3.171767e-01,8.624235e+00,4.475292e+00,-6.724505e-01,2.766017e-01,-4.254719e-01
1.312649e+00,9.309465e+00,4.647823e+00,-6.696127e-01,8.105799e-01,-3.090822e-01
1.459224e+00,8.864139e+00,4.425691e+00,-5.845633e-01,7.777661e-01,-3.274094e-01
2.332725e-01,9.210763e+00,4.941216e+00,-4.505415e-01,7.058795e-01,-3.503544e-01
-2.728557e-01,8.619997e+00,5.123810e+00,-3.250174e-01,7.970195e-01,-3.086873e-01
6.505234e-01,8.780296e+00,4.346985e+00,-2.404925e-01,1.132473e+00,-1.421596e-01
9.184899e-01,8.689832e+00,3.933188e+00,-1.974842e-01,1.226269e+00,-1.225726e-01
1.270909e+00,9.083864e+00,3.314659e+00,-2.058048e-01,1.033172e+00,-1.701096e-01
8.044504e-01,8.944879e+00,3.136461e+00,-2.385989e-01,8.469363e-01,-2.141545e-01
2.095523e-01,9.737788e+00,3.641221e+00,-2.907985e-01,5.245484e-01,-2.390973e-01
-2.701091e-01,8.257202e+00,4.686617e+00,-2.662004e-01,4.598023e-01,-2.611725e-01
2.279054e+00,8.941313e+00,4.569267e+00,-2.964341e-01,3.810424e-01,-2.111283e-01
2.026335e+00,8.837682e+00,4.451347e+00,-2.787080e-01,1.665044e-01,-2.707565e-01
6.485316e-01,8.440000e+00,4.670957e+00,-2.523654e-01,-2.161550e-01,-3.799249e-01
1.212314e-01,8.477629e+00,4.100714e+00,-2.436618e-01,-2.752270e-01,-4.007826e-01
-6.346596e-01,8.473959e+00,3.626041e+00,-2.881085e-01,-2.143741e-01,-3.746101e-01
-1.401634e+00,8.523268e+00,3.861021e+00,-3.229743e-01,-9.845671e-02,-3.381270e-01
-8.032229e-02,8.368645e+00,3.528129e+00,-3.555861e-01,1.589776e-01,-2.621640e-01
1.130306e+00,8.543418e+00,3.182143e+00,-4.274059e-01,1.998065e-01,-2.414807e-01
1.849100e+00,8.517751e+00,3.092699e+00,-5.999187e-01,-1.417181e-01,-3.533080e-01
1.077643e+00,8.140877e+00,3.581151e+00,-7.389523e-01,-4.467936e-01,-4.616103e-01
-2.609896e-02,8.497680e+00,4.700616e+00,-8.684752e-01,-6.921528e-01,-5.560960e-01
-5.378147e-01,8.187031e+00,5.524608e+00,-9.202244e-01,-7.254119e-01,-5.574995e-01
2.178794e-02,8.283440e+00,6.860000e+00,-9.283995e-01,-6.508664e-01,-4.899898e-01
5.314043e-01,8.600169e+00,6.759516e+00,-8.908285e-01,-6.396885e-01,-4.502409e-01
8.088048e-01,8.325291e+00,5.697052e+00,-8.325681e-01,-7.946511e-01,-4.788889e-01
-7.808289e-01,8.268111e+00,5.472166e+00,-8.454437e-01,-8.828858e-01,-4.799898e-01
-2.058383e+00,8.069726e+00,5.152208e+00,-8.862512e-01,-7.757718e-01,-3.952753e-01
-1.768624e+00,7.827512e+00,4.764845e+00,-9.334244e-01,-5.700303e-01,-3.173831e-01
2.313524e-01,8.322787e+00,4.006455e+00,-1.134287e+00,-3.792401e-01,-1.743765e-01
1.392326e+00,9.134823e+00,3.588153e+00,-1.326487e+00,-3.701288e-01,-1.312993e-01
4.141502e+00,9.635306e+00,2.268637e+00,-1.774271e+00,-6.353546e-01,-2.539639e-01
7.536751e+00,9.483315e+00,1.167342e+00,-2.161204e+00,-9.534183e-01,-3.806137e-01
8.304151e+00,1.117784e+01,2.339040e+00,-2.964299e+00,-2.004530e+00,-7.529410e-01
3.384538e+00,9.881146e+00,6.156609e+00,-3.195620e+00,-2.817585e+00,-9.885181e-01
-4.271282e+00,1.258810e+01,1.179422e+01,-3.233367e+00,-3.450914e+00,-7.024786e-01
-6.781566e+00,1.170757e+01,1.280671e+01,-2.604127e+00,-2.639493e+00,-4.986925e-01
-5.072866e+00,4.409111e+00,1.254504e+01,-1.933265e+00,-5.726796e-01,2.758533e-01
-1.228845e+00,6.544114e+00,1.014481e+01,-1.762444e+00,2.960534e-01,5.323086e-01
2.428047e+00,1.116451e+01,8.850584e+00,1.303811e-01,6.571328e-01,4.587205e-01
2.407949e+00,5.449944e+00,8.881795e+00,1.322961e+00,3.864307e-01,3.557624e-01
1.010993e+00,5.670000e+00,8.412528e+00,2.203820e+00,-4.209035e-03,5.994280e-01
-6.699951e-01,5.598637e+00,8.790149e+00,2.917309e+00,-1.466970e-01,8.552315e-01
-3.111088e+00,5.409132e+00,9.520000e+00,4.002972e+00,5.787317e-01,8.567698e-01
-2.995239e+00,5.574268e+00,9.685460e+00,4.559962e+00,1.105996e+00,9.095708e-01
8.263239e-01,5.547417e+00,9.892597e+00,5.203351e+00,1.841888e+00,9.532664e-01
3.826833e+00,6.814636e+00,9.824101e+00,5.485170e+00,1.826137e+00,9.888488e-01
5.185960e+00,7.586267e+00,9.286032e+00,5.901640e+00,5.870696e-01,5.758041e-01
3.260273e+00,7.050000e+00,8.808490e+00,5.914385e+00,1.384579e-02,8.294199e-02
-4.246935e-01,7.383526e+00,7.221188e+00,5.562846e+00,1.429573e-01,-4.572989e-01
-9.228590e-01,6.954321e+00,5.772702e+00,5.191726e+00,5.389801e-01,-6.367094e-01
-5.746855e-02,4.043119e+00,3.360233e+00,4.051795e+00,7.229188e-01,-2.669628e-01
2.105390e+00,3.629207e+00,1.097298e+00,3.048768e+00,7.677879e-01,-5.486644e-02
1.389583e+00,2.013014e+00,2.005274e-01,1.019211e+00,5.309030e-01,-3.756330e-01
2.812259e+00,2.634278e+00,1.556824e+00,-2.244042e-01,3.332281e-01,-3.877655e-01
1.568802e+00,3.044521e+00,4.783839e+00,-2.109099e+00,-2.542325e-01,-5.448740e-01
1.037667e+00,1.469386e+01,3.255267e+00,-2.284676e+00,-3.234008e-02,-2.438378e-01
3.310467e+00,8.013830e+00,-5.331295e-01,-1.286033e+00,3.914349e-01,-3.867771e-02
-2.787932e+00,8.203006e+00,6.537046e+00,-1.898269e+00,4.647343e-01,-7.322378e-03
1.575510e+00,1.068730e+01,6.204453e+00,-1.764615e+00,1.526373e+00,1.894716e-01
3.541256e+00,1.047554e+01,5.353363e+00,-1.508021e+00,9.469311e-01,-1.473892e-01
1.152200e+00,8.500101e+00,5.710202e+00,-1.320542e+00,-6.933926e-02,-5.748652e-01
-3.597658e-01,8.874580e+00,5.084958e+00,-1.167220e+00,-5.295895e-02,-3.759237e-01
-1.749963e+00,1.032298e+01,3.911989e+00,-9.243818e-01,7.528598e-01,-1.232482e-01
1.059962e+00,9.629823e+00,3.434347e+00,-8.647663e-01,8.666509e-01,-1.000867e-01
1.572111e+00,8.801192e+00,3.034396e+00,-8.320738e-01,1.140758e-01,-2.793566e-01
1.265452e+00,8.990066e+00,3.214614e+00,-8.741128e-01,-2.001759e-01,-3.660985e-01
1.261245e+00,9.463202e+00,3.028575e+00,-9.615757e-01,-4.178070e-01,-4.051626e-01
1.189151e+00,8.972883e+00,2.371358e+00,-1.019693e+00,-5.530379e-01,-4.303221e-01
7.467259e-01,8.828739e+00,2.500442e+00,-1.129654e+00,-7.778296e-01,-5.396642e-01
-6.195447e-01,8.899761e+00,3.215597e+00,-1.196500e+00,-8.837006e-01,-5.679590e-01
-8.738309e-01,8.302979e+00,3.765105e+00,-1.273047e+00,-7.159798e-01,-5.192827e-01
-3.814745e-01,8.202895e+00,3.967105e+00,-1.301824e+00,-4.946924e-01,-4.299093e-01
-1.050376e-01,8.792444e+00,4.293665e+00,-1.364335e+00,-2.914260e-01,-3.499037e-01
3.175490e-01,9.052810e+00,4.722590e+00,-1.401930e+00,-2.642035e-01,-3.209184e-01
1.213306e+00,8.833387e+00,4.662127e+00,-1.474761e+00,-3.814424e-01,-3.347821e-01
1.258407e+00,8.462656e+00,4.530091e+00,-1.556969e+00,-5.400709e-01,-3.285582e-01
1.088548e+00,8.997581e+00,4.314391e+00,-1.683045e+00,-7.190261e-01,-2.761490e-01
1.699331e+00,9.408423e+00,3.291339e+00,-1.786944e+00,-7.680037e-01,-2.432864e-01
3.036719e+00,8.884063e+00,1.320940e+00,-2.132782e+00,-1.022512e+00,-2.184546e-01
2.660704e+00,8.724272e+00,1.038503e+00,-2.413176e+00,-1.283395e+00,-2.329610e-01
5.190769e+00,1.133178e+01,-4.798371e-01,-2.944509e+00,-1.663177e+00,-1.803829e-01
1.684936e+00,1.305763e+01,1.233977e+00,-3.468045e+00,-2.180245e+00,-3.734037e-01
-2.322088e+00,1.457125e+01,7.339539e+00,-4.070813e+00,-2.935242e+00,-4.441946e-01
-5.882546e+00,1.947604e+01,1.424950e+01,-3.646930e+00,-2.682977e+00,-2.853126e-01
-4.791766e+00,8.919749e+00,1.388565e+01,-1.880336e+00,-1.223853e+00,-3.430952e-02
-2.202838e-01,4.849175e+00,1.327995e+01,-1.190126e+00,8.732468e-03,3.420687e-02
3.610000e+00,1.230648e+01,9.199173e+00,2.775750e-01,4.168018e-01,-1.059985e-01
1.182527e+00,6.061790e+00,1.071616e+01,1.592062e+00,3.346265e-01,-2.712171e-01
3.453876e-01,4.152562e+00,8.756922e+00,2.754216e+00,8.043366e-01,-1.937793e-01
8.207971e-01,4.013786e+00,9.080797e+00,3.709684e+00,1.368716e+00,-2.382276e-01
2.528077e+00,3.215709e+00,9.505961e+00,4.715124e+00,1.777777e+00,-1.856223e-01
3.563391e+00,4.134405e+00,9.678608e+00,5.360522e+00,1.774139e+00,-6.194683e-02
5.322477e+00,4.750881e+00,1.024857e+01,6.614087e+00,1.185465e+00,-9.131134e-02
6.366584e+00,4.382597e+00,1.134838e+01,7.100701e+00,5.311447e-01,-2.123960e-01
4.988328e+00,8.176292e+00,1.054909e+01,7.044298e+00,-5.392270e-01,-2.833952e-01
2.186618e+00,8.417778e+00,8.586494e+00,6.759581e+00,-8.689265e-01,-6.621041e-01
-5.650922e+00,3.489820e+00,4.256834e+00,5.436368e+00,-2.743529e-01,-1.147771e+00
-8.576802e+00,3.044081e+00,3.654620e+00,3.972321e+00,8.310181e-01,-8.660735e-01
-6.512635e-02,-2.304710e+00,-1.986880e+00,1.314537e+00,1.772078e+00,3.489877e-01
-9.700535e-01,-2.703649e+00,2.503024e+00,-5.935941e-01,1.715150e+00,1.831093e-01
2.272285e+00,8.007428e+00,6.761056e+00,-3.171372e+00,1.593900e+00,3.115731e-01
7.201579e+00,2.903442e+01,1.713501e+00,-1.955736e+00,1.405755e+00,3.682985e-01
-9.003185e-01,3.279794e+00,4.953308e+00,-1.850664e+00,1.369324e+00,2.805722e-02
1.930372e-01,7.088332e+00,8.230567e+00,-2.458393e+00,1.889246e+00,4.448502e-01
5.055033e-01,1.064702e+01,8.167202e+00,-2.142499e+00,1.847588e+00,9.744181e-02
-2.184156e-01,1.082237e+01,7.282204e+00,-1.818651e+00,1.180050e+00,-2.537870e-01
3.860069e+00,7.597794e+00,4.872424e+00,-1.492806e+00,5.144339e-02,-2.287662e-01
-1.211006e+00,1.024580e+01,4.570267e+00,-1.579149e+00,-2.183752e-01,-3.008793e-01
8.573389e-01,1.014155e+01,4.403242e+00,-1.427036e+00,5.085182e-01,-7.888843e-02
1.685919e+00,9.196670e+00,4.304038e+00,-1.316007e+00,1.519479e-01,-1.496039e-01
8.340144e-01,9.425415e+00,4.585909e+00,-1.241512e+00,-7.927356e-02,-1.109935e-01
1.955559e+00,9.811513e+00,4.235285e+00,-1.210595e+00,-1.560002e-01,-1.459911e-01
2.510501e+00,9.404196e+00,3.282088e+00,-1.203219e+00,-5.548889e-01,-3.084574e-01
1.307748e+00,9.011472e+00,3.130311e+00,-1.237655e+00,-8.754860e-01,-4.136653e-01
-2.164636e+00,8.476954e+00,3.810916e+00,-1.284509e+00,-9.585026e-01,-4.196207e-01
-1.248706e+00,8.485722e+00,3.815722e+00,-1.323267e+00,-6.734746e-01,-3.102610e-01
6.313829e-01,8.108111e+00,3.309401e+00,-1.469199e+00,-4.908900e-01,-1.669615e-01
1.122784e-01,7.356449e+00,2.840335e+00,-1.625739e+00,-4.905383e-01,-9.277189e-02
2.756102e+00,8.451101e+00,1.432704e+00,-1.971708e+00,-4.757514e-01,1.497669e-02
3.421875e+00,8.572656e+00,8.228125e-01,-2.300810e+00,-8.022821e-01,-4.307184e-02
8.830194e-01,9.058565e+00,1.698191e+00,-2.908490e+00,-1.293819e+00,-1.137468e-01
2.530702e+00,1.044513e+01,6.155806e-01,-3.285264e+00,-1.333229e+00,-4.824722e-02
6.124089e+00,1.637353e+01,8.271708e-01,-3.920945e+00,-1.997615e+00,-2.259021e-01
3.654197e+00,1.560065e+01,3.419084e+00,-4.180346e+00,-3.085044e+00,-4.918829e-01
-5.384476e+00,1.912641e+01,1.592343e+01,-3.888447e+00,-3.269003e+00,-3.425568e-01
-6.973781e+00,1.566727e+01,1.535157e+01,-2.729796e+00,-2.175952e+00,-2.766197e-01
-5.009626e-01,2.226816e+00,1.430824e+01,-7.826733e-01,4.725084e-01,-1.300000e-01
5.366868e+00,7.985855e+00,7.493531e+00,7.882498e-02,1.152609e+00,-1.575108e-01
5.821280e+00,5.602691e+00,9.451686e+00,2.251898e+00,8.451456e-01,-8.772783e-01
4.357645e+00,2.956612e+00,8.181209e+00,3.116672e+00,6.379419e-01,-1.014759e+00
2.974232e+00,4.180735e+00,8.417071e+00,4.401983e+00,8.045729e-01,-1.167269e+00
1.635654e+00,3.795130e+00,1.057079e+01,5.205303e+00,1.049209e+00,-1.199785e+00
1.921764e+00,5.176108e+00,1.076068e+01,6.086173e+00,1.554128e+00,-8.366647e-01
3.628677e+00,5.436744e+00,1.161322e+01,6.940010e+00,1.673171e+00,-5.163452e-01
7.979845e+00,7.764961e+00,1.148978e+01,7.394806e+00,4.867907e-01,8.433651e-02
7.114314e+00,8.414182e+00,9.451492e+00,7.182636e+00,-3.460710e-01,-2.165243e-01
-2.368344e+00,5.227331e+00,5.499663e+00,6.048301e+00,-7.383269e-01,-5.438883e-01
-7.765645e+00,3.486644e-01,2.635771e+00,4.800113e+00,3.143409e-01,-5.684178e-01
7.807052e-01,-5.722917e+00,-4.298206e+00,1.097242e+00,1.845814e+00,3.962643e-01
2.394864e+00,-3.998284e+00,-1.768415e+00,-1.247223e+00,1.496299e+00,3.269776e-01
1.501510e+00,3.606397e+00,6.969743e+00,-3.473801e+00,1.170097e+00,3.001128e-01
8.789292e+00,2.974074e+01,4.437846e+00,-3.145640e+00,1.080061e+00,5.578950e-01
-2.094773e+00,4.017228e+00,2.215179e+00,-1.512541e+00,-2.498026e-02,-6.020099e-01
-3.455603e+00,6.307248e+00,7.980804e+00,-2.274028e+00,8.737013e-01,3.508056e-02
4.408374e-01,1.194037e+01,9.489155e+00,-2.587178e+00,2.184452e+00,1.912671e-01
8.199550e+00,1.228739e+01,5.366433e+00,-2.102490e+00,2.279649e+00,5.568939e-01
3.361087e+00,7.533633e+00,5.050724e+00,-1.758975e+00,1.368519e-01,-1.742768e-01
6.272515e-02,9.781392e+00,4.886908e+00,-1.603523e+00,-2.526735e-01,-2.244074e-01
-2.556673e+00,9.116663e+00,4.920006e+00,-1.451893e+00,-3.633210e-01,-2.649251e-01
-1.034264e+00,8.814213e+00,5.307005e+00,-1.377293e+00,1.751248e-02,-9.567945e-02
1.769763e+00,9.032755e+00,4.639978e+00,-1.246441e+00,2.806580e-01,-1.779777e-03
2.916485e+00,9.182331e+00,4.094718e+00,-1.229682e+00,-1.776609e-02,-8.051240e-02
1.304776e+00,8.504119e+00,3.559945e+00,-1.267343e+00,-4.488874e-01,-2.309591e-01
-4.040136e-01,8.150000e+00,4.114808e+00,-1.318448e+00,-5.930495e-01,-2.712410e-01
-8.607157e-01,8.090893e+00,4.888303e+00,-1.357302e+00,-3.738263e-01,-1.761875e-01
5.413990e-01,7.915009e+00,5.096169e+00,-1.357034e+00,-3.010062e-01,-1.397287e-01
3.695307e-01,7.934369e+00,5.119841e+00,-1.421730e+00,-5.636882e-01,-8.442165e-02
-6.775109e-01,7.670815e+00,4.756478e+00,-1.446505e+00,-5.881244e-01,-7.765441e-03
1.264811e+00,8.558201e+00,3.044296e+00,-1.643791e+00,-5.493024e-01,1.055487e-01
2.348263e+00,8.319737e+00,2.589737e+00,-1.858021e+00,-7.618438e-01,6.185542e-02
1.186238e+00,8.845643e+00,2.148109e+00,-2.264223e+00,-1.079289e+00,8.009777e-02
1.448498e+00,1.007036e+01,2.598318e+00,-2.560628e+00,-1.136228e+00,1.566062e-01
3.306638e+00,1.287717e+01,1.310383e+00,-3.034990e+00,-1.293694e+00,1.861903e-01
4.348259e+00,1.441499e+01,-1.261022e-01,-3.361090e+00,-1.762847e+00,1.622544e-02
-4.378371e+00,1.548093e+01,1.099781e+01,-3.730736e+00,-3.061139e+00,-1.703131e-01
-7.351541e+00,1.716108e+01,1.493231e+01,-3.245482e+00,-2.833892e+00,1.031076e-01
-8.886410e+00,8.403690e+00,1.537650e+01,-1.372109e+00,-1.968182e-01,3.908177e-01
-1.445742e-01,5.459327e+00,1.152116e+01,-8.643972e-01,1.294043e+00,7.347160e-01
5.744624e+00,8.851702e+00,9.999701e+00,1.083335e+00,1.740949e+00,4.655978e-01
5.319839e+00,4.751964e+00,9.591353e+00,2.222820e+00,1.521541e+00,1.572426e-01
4.061904e+00,4.825704e+00,8.652558e+00,3.588933e+00,1.134481e+00,-1.500401e-01
2.704414e+00,4.184461e+00,9.742013e+00,4.406913e+00,1.130385e+00,-4.337372e-01
1.399971e+00,3.606503e+00,1.083976e+01,5.397125e+00,1.490601e+00,-4.066825e-01
4.273674e+00,4.031646e+00,1.161965e+01,6.025750e+00,1.631813e+00,-3.383926e-01
9.305278e+00,3.714266e+00,1.161253e+01,6.679617e+00,5.596226e-01,-5.256989e-01
1.042177e+01,4.225021e+00,1.055122e+01,6.539770e+00,-9.148272e-01,-9.982314e-01
1.571590e+00,4.316359e+00,9.141941e+00,5.654106e+00,-2.477059e+00,-2.024640e+00
-3.251702e+00,4.156219e+00,6.943869e+00,4.859164e+00,-2.366424e+00,-2.361374e+00
-2.976187e+00,2.269800e+00,3.700000e+00,2.717046e+00,-1.218420e+00,-1.990719e+00
-2.928024e+00,1.048589e+00,1.360238e+00,1.486806e+00,-1.016138e+00,-1.171286e+00
-3.907305e+00,-1.794436e+00,7.353343e-01,-5.344393e-01,4.202274e-02,-3.857666e-01
-2.472712e+00,4.348369e-01,2.220605e+00,-1.916016e+00,9.970344e-01,1.853620e-01
1.345465e+00,3.114281e+01,1.208855e+00,-5.194898e-01,2.693407e+00,8.170054e-01
-6.124786e+00,1.228291e+01,5.622788e+00,-8.901991e-01,3.144521e+00,6.849472e-01
8.515783e+00,6.415201e+00,5.813350e+00,-1.926032e+00,3.692107e+00,9.736521e-01
8.088827e+00,9.449405e+00,5.375586e+00,-1.922609e+00,2.207640e+00,3.364640e-01
5.054297e+00,9.416914e+00,5.810234e+00,-1.820910e+00,-4.652663e-01,-4.465690e-01
2.450734e+00,7.635825e+00,5.522825e+00,-1.698239e+00,-1.176014e+00,-5.818425e-01
-4.802642e+00,1.059490e+01,5.964392e+00,-1.557648e+00,-1.023298e+00,-4.424621e-01
-5.515606e+00,9.744071e+00,6.525384e+00,-1.317777e+00,-2.602040e-01,-2.747320e-01
6.175717e-02,8.970773e+00,4.926597e+00,-1.008731e+00,4.518855e-01,3.369895e-02
1.466920e+00,8.359440e+00,4.041466e+00,-9.069536e-01,8.547153e-02,-6.068536e-02
-8.399899e-01,8.830367e+00,3.786333e+00,-8.917319e-01,-2.425247e-01,-1.526065e-01
-1.248407e+00,8.823864e+00,3.343627e+00,-8.879966e-01,-2.027886e-01,-1.721128e-01
-7.102171e-01,8.267722e+00,1.883623e+00,-1.039298e+00,-6.712569e-02,-1.485508e-01
-7.951403e-02,8.290000e+00,1.474980e+00,-1.244312e+00,-8.236204e-02,-1.718764e-01
1.413397e+00,7.996671e+00,2.121378e+00,-1.595679e+00,-4.248250e-01,-3.351903e-01
1.988220e+00,7.341593e+00,3.052263e+00,-1.825308e+00,-7.606271e-01,-4.790201e-01
7.171406e-01,8.880362e+00,1.947328e+00,-2.252282e+00,-1.286737e+00,-6.402070e-01
1.684862e+00,9.922057e+00,-4.308700e-01,-2.867376e+00,-1.261280e+00,-4.735182e-01
7.098679e+00,1.319354e+01,6.027151e+00,-3.367284e+00,-1.306006e+00,-7.711844e-01
1.180099e+01,1.694287e+01,6.378188e+00,-3.572707e+00,-1.595677e+00,-1.034512e+00
9.857231e+00,1.130667e+01,9.385869e+00,-3.062344e+00,-3.628849e+00,-2.304588e+00
4.300873e+00,6.396378e+00,1.444548e+01,-2.593769e+00,-4.297843e+00,-3.126591e+00
3.497615e-01,6.943757e+00,1.167606e+01,-1.707593e+00,-3.557290e+00,-3.733105e+00
2.316434e+00,1.006844e+01,8.311643e+00,-3.465732e-01,-2.977783e+00,-3.860101e+00
4.317399e+00,2.875029e+00,8.607111e+00,1.977655e+00,-2.543076e+00,-3.812861e+00
4.556744e+00,3.703955e+00,7.733023e+00,2.539458e+00,-2.396208e+00,-3.431783e+00
-1.229948e+00,6.072270e+00,1.025449e+01,3.322869e+00,-1.676852e+00,-3.131468e+00
-3.222262e+00,7.096313e+00,9.141679e+00,3.865973e+00,-6.110945e-01,-2.656600e+00
-1.013633e+00,7.516558e+00,8.443506e+00,4.887644e+00,9.071222e-01,-1.776852e+00
6.034909e+00,7.837496e+00,8.084533e+00,5.259007e+00,5.469271e-01,-9.331306e-01
1.289478e+01,6.847364e+00,6.276939e+00,5.330621e+00,-2.259036e+00,-8.599725e-01
9.252956e+00,5.489296e+00,6.361329e+00,5.137635e+00,-3.700644e+00,-1.253333e+00
-1.725518e+00,6.996640e+00,6.497160e+00,4.381760e+00,-4.292351e+00,-1.763021e+00
-7.625218e+00,5.888548e+00,4.945225e+00,3.747594e+00,-3.076321e+00,-1.419865e+00
-8.659202e+00,1.259297e+00,-7.661021e-01,2.251485e+00,-7.296135e-01,-3.172008e-01
-2.556667e+00,4.021693e-01,-2.666085e+00,9.584374e-01,3.011601e-01,2.276441e-01
2.553591e+00,2.103623e+00,2.925245e-01,-1.539423e+00,5.676447e-01,5.194311e-01
2.585683e+00,4.193166e+00,1.446835e+00,-2.687128e+00,-2.737370e-03,1.424061e-01
2.416321e+00,1.853152e+01,3.768503e+00,-1.733644e+00,-6.754145e-01,-3.508171e-01
-3.818108e+00,6.906305e+00,5.048555e+00,-1.806083e+00,-8.056193e-01,-3.358605e-01
-2.970602e+00,6.417124e+00,8.807726e+00,-1.534900e+00,9.329831e-01,2.093807e-01
-9.922837e-01,1.065791e+01,7.978595e+00,-1.327130e+00,1.296395e+00,2.255452e-01
1.268266e+00,9.408430e+00,5.989763e+00,-1.097809e+00,1.179856e+00,1.951935e-01
3.548721e+00,8.876106e+00,4.183729e+00,-9.888483e-01,7.126404e-01,9.583999e-02
8.833606e-01,9.575275e+00,3.342088e+00,-9.416794e-01,-3.979737e-01,-1.689696e-01
-1.758190e+00,9.488287e+00,3.627028e+00,-9.303149e-01,-3.761282e-01,-1.338540e-01
-8.471308e-01,9.367087e+00,2.831054e+00,-8.575905e-01,-1.988764e-01,-4.835206e-02
7.818382e-01,9.055306e+00,1.678162e+00,-8.689965e-01,-3.498945e-01,-8.459814e-02
-8.611202e-02,8.985309e+00,1.164582e+00,-1.019063e+00,-7.459890e-01,-2.100601e-01
-1.360342e+00,8.891027e+00,1.392397e+00,-1.118955e+00,-7.785553e-01,-2.252465e-01
-9.040329e-01,8.372686e+00,2.410298e+00,-1.273028e+00,-5.128640e-01,-1.714373e-01
6.408422e-01,9.007860e+00,2.935263e+00,-1.383075e+00,-4.541738e-01,-1.532185e-01
5.400000e-01,8.640822e+00,4.391908e+00,-1.469860e+00,-5.694700e-01,-2.916519e-01
6.887920e-01,8.937608e+00,4.792392e+00,-1.523641e+00,-7.045150e-01,-3.038911e-01
1.863925e-02,8.764675e+00,4.493018e+00,-1.617357e+00,-8.731125e-01,-2.988437e-01
6.970498e-01,9.214618e+00,4.180792e+00,-1.707891e+00,-9.195226e-01,-2.341233e-01
1.414273e+00,9.929067e+00,3.139848e+00,-1.999202e+00,-1.067374e+00,-2.103764e-01
1.435910e+00,9.769350e+00,2.556060e+00,-2.270259e+00,-1.208173e+00,-1.903818e-01
9.857430e-01,9.409605e+00,3.396734e+00,-2.628168e+00,-1.272033e+00,-1.128081e-01
6.492833e-01,1.058345e+01,3.384978e+00,-2.811159e+00,-1.374456e+00,-7.234983e-02
2.829456e+00,1.433317e+01,-2.773617e-01,-3.371619e+00,-1.591782e+00,-1.487530e-01
3.530134e+00,1.318379e+01,-1.157431e-01,-3.722591e+00,-2.182430e+00,-6.291771e-01
1.892416e-01,1.489121e+01,1.071853e+01,-4.171205e+00,-3.042048e+00,-1.000571e+00
-1.902107e+00,1.751579e+01,1.452000e+01,-3.493526e+00,-2.865756e+00,-1.119730e+00
-2.332526e+00,4.659080e+00,1.580805e+01,-2.050620e+00,-1.232951e+00,-1.317073e+00
3.310215e+00,1.014833e+01,7.836995e+00,-1.350324e+00,-3.707512e-01,-1.121232e+00
1.165258e+00,7.857912e+00,1.078260e+01,1.433791e+00,7.957511e-02,-1.806937e+00
3.331444e-01,3.772393e+00,8.806001e+00,2.476211e+00,7.455384e-01,-1.749057e+00
3.491781e+00,6.986391e+00,8.847299e+00,4.153130e+00,1.689900e+00,-1.652162e+00
4.338715e+00,5.733682e+00,1.014111e+01,5.125066e+00,1.924316e+00,-1.420191e+00
6.469940e+00,5.019844e+00,9.864483e+00,6.163547e+00,1.718460e+00,-7.951623e-01
7.911676e+00,4.703170e+00,1.012571e+01,6.779770e+00,1.056468e+00,-5.187502e-01
6.440396e+00,5.094464e+00,1.158494e+01,7.328965e+00,-6.240354e-01,-1.119800e-01
4.539067e+00,7.761632e+00,1.116871e+01,7.519316e+00,-1.114802e+00,2.174640e-02
8.241495e-01,5.135042e+00,7.916067e+00,6.839195e+00,-1.046104e+00,-2.820036e-01
-4.171266e+00,4.252372e+00,4.201923e+00,5.575238e+00,-5.481321e-01,-3.774078e-01
-4.752972e+00,-4.303615e+00,1.717853e+00,2.183573e+00,1.508835e+00,2.977483e-01
1.258729e+00,-5.921470e+00,-8.999072e-01,-4.848561e-01,1.398658e+00,7.055427e-01
4.419071e-01,-3.169276e-01,7.037651e+00,-3.532025e+00,8.853196e-01,1.957774e-01
5.156332e+00,3.245451e+01,9.125366e+00,-3.641109e+00,6.815897e-01,4.650790e-01
-8.899342e-01,3.863433e+00,6.126388e-01,-1.382984e+00,-2.838787e-01,-7.228036e-01
-5.893399e+00,2.115993e+00,7.066049e+00,-2.244218e+00,7.201616e-01,9.143711e-02
4.706690e-01,9.757255e+00,7.010330e+00,-2.035790e+00,2.037335e+00,4.202775e-01
5.136316e-01,1.104293e+01,6.120532e+00,-1.988115e+00,1.644115e+00,1.116062e-01
2.751882e+00,7.877498e+00,5.190538e+00,-1.678473e+00,3.628542e-01,-1.836332e-01
2.495874e+00,8.690584e+00,4.262762e+00,-1.579422e+00,-4.263273e-01,-2.978225e-01
-2.200396e+00,9.936197e+00,4.779540e+00,-1.500928e+00,-1.465111e-01,-2.126628e-01
-2.279918e+00,8.832822e+00,5.361427e+00,-1.460365e+00,2.326631e-01,-8.522732e-02
1.316849e+00,9.119046e+00,4.989752e+00,-1.298923e+00,2.098784e-01,-7.441021e-02
2.533282e+00,9.289589e+00,4.936988e+00,-1.255537e+00,-7.625657e-02,-1.675952e-01
2.308975e+00,9.252343e+00,3.989536e+00,-1.251952e+00,-7.485483e-01,-3.668705e-01
8.985102e-01,9.611095e+00,3.488671e+00,-1.245377e+00,-1.008618e+00,-4.538331e-01
-1.921867e+00,9.518133e+00,3.949057e+00,-1.253553e+00,-1.004895e+00,-4.379568e-01
-1.170404e+00,8.903937e+00,3.522451e+00,-1.308780e+00,-6.980268e-01,-3.127119e-01
1.462034e+00,8.280844e+00,1.123722e+00,-1.474406e+00,-7.042585e-01,-2.373304e-01
8.261686e-01,7.600637e+00,3.236155e-01,-1.902052e+00,-8.719561e-01,-2.154341e-01
1.854016e+00,9.438229e+00,5.321927e-01,-2.385330e+00,-1.106540e+00,-2.164732e-01
9.900316e-01,9.428017e+00,1.153987e+00,-2.939744e+00,-1.464096e+00,-2.193814e-01
2.241892e+00,9.863648e+00,1.923263e+00,-3.256552e+00,-1.374151e+00,-9.501690e-02
5.073903e+00,1.237380e+01,4.270326e-01,-3.643695e+00,-1.347484e+00,-9.887464e-03
5.961705e+00,1.562283e+01,1.309280e+00,-4.150912e+00,-2.280420e+00,-4.265205e-01
-9.351007e-01,1.552796e+01,8.774484e+00,-4.465085e+00,-3.620586e+00,-7.571688e-01
-8.481656e+00,1.873823e+01,1.662389e+01,-3.754204e+00,-3.288617e+00,-6.264640e-01
-8.230938e+00,7.322793e+00,1.803435e+01,-2.596675e+00,-1.946064e+00,-4.951228e-01
4.218911e+00,1.501571e+01,8.812532e+00,-7.283278e-01,9.870645e-01,1.465095e-01
4.430000e+00,1.047137e+01,1.040251e+01,1.308160e+00,1.192263e+00,-4.095269e-01
4.806984e+00,4.874753e+00,8.275082e+00,2.984432e+00,1.060823e+00,-5.062185e-01
4.130870e+00,5.735456e+00,9.134403e+00,3.794375e+00,9.588655e-01,-6.378987e-01
2.444256e+00,4.082310e+00,1.042065e+01,5.348734e+00,1.047185e+00,-8.671595e-01
1.882472e+00,4.071648e+00,1.113618e+01,6.077744e+00,1.260443e+00,-7.127861e-01
4.449151e+00,3.395319e+00,1.338068e+01,7.079064e+00,1.350632e+00,-4.666083e-01
5.937319e+00,5.067531e+00,1.318761e+01,7.609618e+00,9.254735e-01,-2.359099e-01
7.184099e+00,6.299092e+00,1.212675e+01,8.007694e+00,-2.895871e-01,-2.044105e-01
1.389948e+00,3.830906e+00,8.427214e+00,7.376097e+00,-8.310072e-01,-9.067180e-01
-1.374301e+01,2.633979e-01,7.646933e+00,5.010248e+00,3.675641e-02,-1.048701e+00
-5.106316e+00,-7.472870e+00,3.118555e-01,3.129969e+00,1.783270e+00,-2.566850e-01
2.830836e-01,-7.515074e+00,3.637004e+00,-1.391342e+00,2.514293e+00,5.667395e-01
2.869003e+00,-1.141810e+00,7.152054e+00,-3.939904e+00,2.134614e+00,3.073692e-01
1.763198e+01,2.713611e+01,-2.608593e+00,-6.384775e-01,1.666761e+00,7.856115e-01
-7.933731e+00,-2.016901e+00,9.777696e+00,-1.417560e+00,8.235866e-02,-1.038781e+00
-2.587020e+00,5.428160e+00,1.111523e+01,-2.764882e+00,1.711908e+00,3.104789e-01
-2.049340e+00,1.356403e+01,9.854157e+00,-2.651881e+00,1.789824e+00,2.972498e-02
5.881921e+00,7.535981e+00,6.332983e+00,-1.996399e+00,5.794684e-01,-1.105818e-02
2.561678e+00,5.502426e+00,6.201570e+00,-1.948036e+00,-2.428090e-01,-2.233081e-01
-1.303100e+00,1.042715e+01,7.104404e+00,-1.715445e+00,-9.714548e-02,-1.437844e-01
1.150416e+00,9.578314e+00,6.359442e+00,-1.560309e+00,2.564752e-01,-3.477009e-02
9.851255e-01,8.443934e+00,5.963213e+00,-1.240642e+00,1.227294e-02,-6.242609e-02
1.379655e+00,9.964630e+00,5.562365e+00,-1.159159e+00,-3.118665e-02,-8.555118e-03
2.387408e+00,9.682499e+00,4.037452e+00,-9.796110e-01,-2.591922e-01,-1.642697e-01
1.496866e+00,9.184505e+00,3.420274e+00,-9.632844e-01,-5.576469e-01,-2.450175e-01
-1.143958e+00,8.676427e+00,2.678895e+00,-1.033418e+00,-8.480317e-01,-3.085608e-01
-3.944195e-01,8.067157e+00,1.443788e+00,-1.140393e+00,-6.507041e-01,-2.181841e-01
1.186837e+00,7.114736e+00,9.736822e-02,-1.611573e+00,-5.159012e-01,-7.646249e-02
1.796663e+00,8.825662e+00,-4.313959e-02,-2.042914e+00,-6.115589e-01,-1.995934e-02
6.377785e-01,8.320827e+00,5.291451e-01,-2.596686e+00,-9.320947e-01,4.819271e-03
2.181796e-01,8.424828e+00,8.452606e-01,-3.074846e+00,-1.057465e+00,1.106294e-01
4.482248e+00,1.368450e+01,-5.572038e-01,-3.655715e+00,-1.088379e+00,2.508592e-01
5.036668e+00,1.918439e+01,2.845408e-01,-4.020550e+00,-1.545062e+00,2.169447e-01
-2.611279e+00,1.598249e+01,8.927328e+00,-4.418440e+00,-3.312006e+00,-2.008915e-01
-6.017101e+00,1.969146e+01,1.467835e+01,-4.128956e+00,-2.968720e+00,2.711830e-02
-5.773613e+00,8.034214e+00,1.766954e+01,-1.936825e+00,-6.483471e-01,-6.257015e-03
1.113247e+00,8.460263e+00,1.167571e+01,-1.259760e+00,8.902352e-01,3.840481e-01
3.324552e+00,9.150996e+00,1.061291e+01,1.037348e+00,1.088688e+00,6.554389e-03
2.215481e+00,4.223239e+00,9.902395e+00,2.694128e+00,1.034163e+00,-2.488121e-01
3.212344e+00,4.697554e+00,8.810160e+00,3.942637e+00,1.316472e+00,-2.845662e-01
3.483693e+00,4.139602e+00,1.065671e+01,4.721381e+00,1.319896e+00,-4.662335e-01
3.059074e+00,2.952922e+00,1.139276e+01,6.195399e+00,1.190503e+00,-5.252514e-01
3.643254e+00,3.429557e+00,1.149982e+01,6.897423e+00,1.093131e+00,-4.631839e-01
5.917494e+00,4.495426e+00,1.246848e+01,7.642847e+00,6.677180e-01,-4.692009e-01
7.268744e+00,7.350873e+00,1.159870e+01,7.859884e+00,1.458825e-01,-5.383194e-01
6.139761e-01,6.688614e+00,7.634547e+00,7.105635e+00,-8.573568e-01,-1.382920e+00
-1.115739e+01,1.906587e+00,4.831309e+00,5.571914e+00,-4.130708e-01,-1.608603e+00
-6.978467e-01,-7.540861e+00,-2.678574e+00,2.942014e+00,1.560650e+00,-2.301833e-01
-5.110104e-01,-8.181333e+00,5.458939e-01,5.129536e-01,2.206883e+00,4.632309e-01
4.619686e+00,1.608957e+00,1.016779e+01,-3.579316e+00,1.885753e+00,3.802942e-01
9.063353e+00,2.943033e+01,5.672243e+00,-3.655256e+00,1.307019e+00,7.204927e-01
-6.806988e+00,-2.785265e+00,3.826862e+00,-1.249819e+00,4.557043e-01,-5.849232e-01
-6.452167e+00,4.355874e+00,1.166245e+01,-2.843286e+00,1.431980e+00,5.339014e-01
5.135622e-01,1.060888e+01,1.065370e+01,-2.299541e+00,3.045089e+00,6.060081e-01
3.669940e+00,1.300484e+01,8.581159e+00,-1.946169e+00,2.213452e+00,1.273673e-01
6.984431e+00,5.970778e+00,4.759940e+00,-1.549101e+00,4.185474e-01,-1.429875e-01
9.634759e-01,9.640248e+00,5.007972e+00,-1.611461e+00,-2.720345e-01,-2.977750e-01
-2.910106e+00,9.961242e+00,5.204641e+00,-1.409118e+00,-7.271061e-02,-2.860074e-01
-7.848743e-01,9.127800e+00,5.021473e+00,-1.345312e+00,1.460121e-01,-1.087760e-01
1.521397e+00,8.891025e+00,4.569658e+00,-1.167021e+00,9.386225e-02,-1.047695e-01
2.925360e+00,1.010113e+01,4.144640e+00,-1.177457e+00,3.794977e-02,-1.145433e-01
2.709264e+00,9.431533e+00,3.382761e+00,-1.163820e+00,-6.504129e-01,-3.431338e-01
1.694352e+00,9.586493e+00,3.023571e+00,-1.242061e+00,-1.094824e+00,-4.872424e-01
-1.590188e+00,8.528968e+00,3.409578e+00,-1.312817e+00,-1.239599e+00,-4.954817e-01
-6.918779e-01,8.364548e+00,2.592853e+00,-1.414969e+00,-1.001574e+00,-3.320270e-01
-2.577544e-01,8.103901e+00,5.732789e-01,-1.767144e+00,-5.772264e-01,-3.699223e-02
9.961163e-01,8.312126e+00,-8.293215e-01,-2.126780e+00,-5.089687e-01,6.368021e-02
3.045468e+00,8.843399e+00,-1.215816e+00,-2.759048e+00,-8.737633e-01,2.994903e-02
1.990412e+00,9.599319e+00,1.207396e-01,-3.298071e+00,-1.287496e+00,-1.306899e-03
3.816026e+00,1.288635e+01,5.970341e-01,-3.951194e+00,-1.488402e+00,1.883822e-02
4.944999e+00,1.666915e+01,2.649906e-01,-4.331776e+00,-1.963551e+00,-9.956351e-02
-3.288989e+00,1.631315e+01,1.144684e+01,-4.591744e+00,-3.494540e+00,-4.878009e-01
-5.952940e+00,2.254244e+01,1.553072e+01,-4.146771e+00,-3.161007e+00,-2.113449e-01
-4.217560e+00,4.410363e+00,1.844435e+01,-1.471381e+00,-5.236805e-01,-2.266487e-01
1.986896e+00,8.612233e+00,1.178671e+01,-1.033233e+00,7.858953e-01,-4.976334e-02
5.063873e+00,9.197108e+00,1.065315e+01,1.443620e+00,1.043359e+00,-6.041248e-01
3.938134e+00,2.526033e+00,8.696163e+00,2.874892e+00,9.718329e-01,-9.337382e-01
4.555562e+00,4.017809e+00,8.135575e+00,4.299336e+00,1.134269e+00,-1.205379e+00
3.935209e+00,4.554385e+00,1.033924e+01,5.300331e+00,1.075099e+00,-1.422625e+00
2.257519e+00,4.201735e+00,1.177781e+01,6.413292e+00,1.075761e+00,-1.201975e+00
3.003980e+00,3.971845e+00,1.265748e+01,7.343345e+00,1.141663e+00,-8.482348e-01
5.866534e+00,5.809489e+00,1.147426e+01,7.950578e+00,5.817743e-01,-3.784197e-01
6.982640e+00,7.095520e+00,1.062099e+01,7.969360e+00,1.746153e-02,-2.812140e-01
-1.512697e+00,2.778966e+00,5.606077e+00,6.581019e+00,-4.415856e-01,-1.044131e+00
-1.240126e+01,-7.039897e-01,8.254338e+00,5.009186e+00,3.718789e-01,-8.743489e-01
-3.750025e-01,-8.069495e+00,-1.136889e-01,1.187753e+00,2.838232e+00,9.845077e-01
1.803349e+00,-7.288950e+00,3.952149e+00,-1.671226e+00,2.808381e+00,7.513144e-01
1.212294e+01,3.667799e+01,1.096721e+01,-3.956739e+00,1.385631e+00,6.032197e-01
6.828914e+00,1.366035e+01,5.304007e+00,-1.569125e+00,3.732593e-01,7.512769e-02
-1.042255e+01,-1.706956e+00,1.204160e+01,-2.722377e+00,-1.269115e+00,-1.014043e+00
-3.854445e+00,5.791120e+00,1.261508e+01,-2.603951e+00,9.741149e-01,2.498147e-01
-1.707781e+00,1.609130e+01,1.025002e+01,-1.994550e+00,2.170120e+00,2.049025e-01
3.229584e+00,8.947772e+00,5.921825e+00,-1.288513e+00,1.797853e+00,5.276899e-01
4.827237e+00,1.065141e+01,3.636594e+00,-1.369647e+00,9.144394e-01,8.960348e-02
1.767876e+00,1.010958e+01,3.869574e+00,-1.196199e+00,1.523388e-01,-1.702482e-01
6.040969e-02,9.300873e+00,3.815859e+00,-1.219587e+00,-3.530688e-01,-3.218272e-01
3.769362e-01,8.539798e+00,3.472457e+00,-1.169896e+00,-3.859545e-01,-3.093922e-01
2.490035e+00,9.723050e+00,2.372470e+00,-1.218930e+00,-5.486928e-01,-3.583837e-01
1.217875e+00,9.097150e+00,2.222705e+00,-1.258521e+00,-9.397685e-01,-4.690832e-01
-1.731064e+00,8.322291e+00,2.707300e+00,-1.390208e+00,-1.227130e+00,-5.494445e-01
-2.553680e+00,8.165534e+00,3.293671e+00,-1.482426e+00,-9.536560e-01,-4.147391e-01
-1.592169e-01,9.022807e+00,4.075500e+00,-1.578679e+00,-4.032364e-01,-1.502148e-01
2.132880e+00,8.911174e+00,2.925228e+00,-1.655619e+00,-2.667365e-01,-7.335884e-02
1.991962e+00,8.188890e+00,4.083638e-01,-2.057140e+00,-6.758255e-01,-3.156449e-02
2.159904e+00,9.001247e+00,7.413508e-02,-2.477505e+00,-1.025546e+00,-5.450975e-02
-1.613644e-01,1.010259e+01,1.753214e+00,-3.038472e+00,-1.366662e+00,-1.824770e-02
1.736455e+00,1.178142e+01,1.827161e+00,-3.341687e+00,-1.276484e+00,9.484469e-02
4.516708e+00,1.605257e+01,-1.160872e+00,-3.884200e+00,-1.461625e+00,2.212107e-01
4.066171e+00,1.482899e+01,1.482805e+00,-4.243927e+00,-2.274988e+00,-1.949591e-01
-2.995052e+00,1.840087e+01,1.388150e+01,-4.366521e+00,-3.302332e+00,-2.945698e-01
-4.352906e+00,2.109933e+01,1.508731e+01,-3.583911e+00,-2.558362e+00,-3.005703e-01
-1.385485e+00,3.866812e+00,1.586504e+01,-1.216038e+00,-3.349913e-01,-2.861570e-01
2.663120e+00,9.270374e+00,9.582843e+00,-4.663632e-01,7.274033e-01,-1.244565e-01
2.783241e+00,6.708364e+00,1.079100e+01,2.217279e+00,7.927352e-01,-8.372932e-01
2.075579e+00,3.196674e+00,9.276819e+00,3.305721e+00,1.035980e+00,-8.976345e-01
3.471688e+00,4.948312e+00,8.911934e+00,4.460597e+00,1.417207e+00,-9.761857e-01
3.636384e+00,4.270778e+00,1.098803e+01,5.399987e+00,1.449427e+00,-1.037198e+00
3.843719e+00,3.902833e+00,1.147071e+01,6.726642e+00,1.323960e+00,-8.634159e-01
4.638198e+00,3.403852e+00,1.249549e+01,7.508718e+00,1.011467e+00,-7.146748e-01
6.726623e+00,6.997880e+00,1.169293e+01,7.953649e+00,1.871159e-02,-4.134309e-01
6.878986e+00,8.825755e+00,9.699693e+00,7.847779e+00,-5.632077e-01,-6.792663e-01
-8.588773e+00,1.705066e+00,3.995328e+00,6.108545e+00,-5.840818e-01,-1.494384e+00
-1.499836e+01,-6.747610e-01,9.227791e+00,4.128849e+00,1.165418e+00,-9.331254e-01
4.422827e-01,-9.610856e+00,-1.153337e+00,7.705143e-01,2.891314e+00,8.328834e-01
1.910908e+00,-6.299844e+00,4.977345e+00,-2.045496e+00,2.519423e+00,3.559132e-01
1.328735e+01,3.482081e+01,4.710799e+00,-3.407464e+00,1.386616e+00,8.860152e-01
1.220383e+01,1.584008e+01,-3.093249e-01,-9.591809e-01,2.510224e-01,-4.521200e-01
-6.541727e+00,4.164075e+00,1.294309e+01,-2.890644e+00,-2.800156e-01,-1.780937e-01
-4.986267e+00,6.553583e+00,1.248633e+01,-2.557376e+00,1.519976e+00,4.132658e-01
7.453515e-01,1.443582e+01,8.828287e+00,-1.869662e+00,2.047303e+00,1.758100e-01
4.753607e+00,8.162954e+00,5.936285e+00,-1.329183e+00,1.224853e+00,3.223920e-01
2.222148e+00,1.022808e+01,4.028389e+00,-1.425263e+00,2.499090e-01,-8.736410e-02
8.206075e-01,1.050084e+01,3.978032e+00,-1.306829e+00,5.206016e-02,-1.568913e-01
6.149945e-01,8.811899e+00,3.588902e+00,-1.318064e+00,-2.758832e-01,-2.359374e-01
-1.259645e-02,8.738219e+00,3.821094e+00,-1.261192e+00,-4.795224e-01,-2.455745e-01
1.267322e+00,1.019862e+01,3.351339e+00,-1.280000e+00,-5.345100e-01,-2.240748e-01
1.269091e+00,9.907482e+00,2.702447e+00,-1.283302e+00,-7.108834e-01,-3.140475e-01
-3.507975e-01,8.826836e+00,2.391686e+00,-1.351305e+00,-1.069472e+00,-4.537275e-01
-2.696950e+00,8.400557e+00,3.222820e+00,-1.449519e+00,-1.052889e+00,-4.068146e-01
5.117989e-01,8.561722e+00,3.970430e+00,-1.609635e+00,-3.910858e-01,-7.556334e-02
1.934442e+00,8.851208e+00,3.264350e+00,-1.735645e+00,-2.926252e-01,2.826215e-02
1.632577e+00,7.870241e+00,-8.970370e-02,-2.060398e+00,-5.145815e-01,8.743596e-02
2.704424e+00,8.641181e+00,-1.106418e+00,-2.468211e+00,-7.702366e-01,9.344849e-02
2.232157e+00,9.479889e+00,-3.277038e-01,-3.286817e+00,-1.397301e+00,2.287834e-02
2.137440e+00,1.101395e+01,1.263952e+00,-3.688275e+00,-1.526898e+00,6.425701e-02
4.473812e+00,1.696361e+01,8.466369e-01,-4.223226e+00,-1.959378e+00,7.093859e-02
-2.509030e+00,1.643780e+01,9.131802e+00,-4.494429e+00,-3.193052e+00,-2.192631e-01
-6.613008e+00,2.095070e+01,1.465522e+01,-3.770969e+00,-2.434458e+00,1.574786e-01
-8.734204e+00,1.730331e+01,1.521453e+01,-2.308651e+00,-9.510862e-01,4.913743e-02
3.557280e+00,9.227719e+00,1.136750e+01,-1.200595e+00,1.123047e+00,3.567752e-01
7.605686e+00,1.256308e+01,8.314125e+00,-2.885104e-03,1.319564e+00,9.904566e-02
4.667561e+00,4.747030e+00,9.836465e+00,2.599389e+00,7.153199e-01,-8.058380e-01
3.993728e+00,3.235128e+00,7.620039e+00,3.441738e+00,7.038079e-01,-9.552718e-01
3.511696e+00,4.239494e+00,9.251013e+00,4.572247e+00,8.537811e-01,-1.231775e+00
3.039432e+00,3.453571e+00,1.040076e+01,5.399546e+00,1.003601e+00,-1.275080e+00
3.626874e+00,3.282949e+00,1.116785e+01,6.591057e+00,1.180645e+00,-1.085199e+00
4.632729e+00,3.608860e+00,1.384574e+01,7.408819e+00,8.627804e-01,-8.440182e-01
5.055225e+00,7.884589e+00,1.288134e+01,7.969799e+00,8.622783e-02,-3.367329e-01
2.711815e+00,5.936553e+00,1.088566e+01,7.885584e+00,-2.174950e-01,-4.646952e-01
-8.304741e+00,2.332613e+00,6.242483e+00,5.810265e+00,1.382439e-01,-3.896517e-01
-1.010476e+01,-3.529182e+00,7.588735e+00,3.630374e+00,2.137866e+00,-1.102381e-01
4.367290e+00,-7.980568e+00,6.299345e-01,-4.714060e-02,2.832129e+00,7.639485e-01
6.548376e+00,-3.651346e+00,5.516047e+00,-2.661304e+00,1.862653e+00,2.642684e-01
1.515746e+01,3.884271e+01,8.431075e+00,-1.970777e+00,5.193907e-01,6.333505e-01
-2.449045e+00,1.154073e+00,2.396588e+00,-1.121293e+00,-9.467560e-01,-1.368397e+00
-6.432258e+00,6.059514e+00,1.294661e+01,-2.653676e+00,1.098721e+00,2.882427e-01
-3.570993e+00,9.232461e+00,1.181936e+01,-2.238333e+00,2.625939e+00,6.029386e-01
6.740713e+00,1.312434e+01,7.140601e+00,-1.622225e+00,2.371894e+00,3.412990e-01
1.067346e+01,6.069708e+00,3.538401e+00,-1.289616e+00,8.742227e-01,2.990372e-02
1.558406e+00,1.061609e+01,3.694782e+00,-1.448563e+00,-6.857314e-01,-4.737860e-01
-2.553086e+00,1.029074e+01,3.449101e+00,-1.296815e+00,-9.545692e-01,-5.421381e-01
-2.062151e+00,8.923577e+00,3.128862e+00,-1.337589e+00,-6.833821e-01,-3.788306e-01
-9.787445e-01,8.351329e+00,3.019468e+00,-1.305388e+00,-4.446733e-01,-2.426655e-01
2.937694e+00,1.011381e+01,3.650485e+00,-1.364866e+00,-5.800884e-01,-2.840663e-01
1.388833e+00,8.865896e+00,3.544809e+00,-1.342035e+00,-9.997339e-01,-4.662756e-01
-1.318999e+00,8.923401e+00,4.406800e+00,-1.369941e+00,-1.150855e+00,-4.538200e-01
-1.299974e+00,8.703995e+00,4.606008e+00,-1.321537e+00,-7.571269e-01,-3.293744e-01
3.795916e-01,8.918520e+00,3.367141e+00,-1.362101e+00,-4.512083e-01,-1.456771e-01
5.236915e-01,8.484766e+00,1.964873e+00,-1.463157e+00,-3.956011e-01,-7.346404e-02
1.398930e+00,8.104892e+00,3.764663e-01,-1.946134e+00,-5.451995e-01,2.370473e-02
2.166531e+00,9.383213e+00,3.678569e-01,-2.354523e+00,-8.720442e-01,-4.111771e-03
4.372127e-01,9.891832e+00,1.637786e+00,-2.855650e+00,-1.155180e+00,3.776935e-02
3.310666e+00,1.055310e+01,1.330358e+00,-3.133133e+00,-1.015187e+00,1.578703e-01
7.040041e+00,1.452720e+01,-1.544615e+00,-3.753951e+00,-1.644949e+00,2.988673e-02
6.336542e+00,1.568864e+01,3.614990e-01,-4.129448e+00,-2.592285e+00,-4.028197e-01
-4.592122e+00,1.778705e+01,1.357226e+01,-4.461831e+00,-3.832828e+00,-6.286552e-01
-9.172456e+00,2.016069e+01,1.722154e+01,-3.684610e+00,-3.269900e+00,-3.690434e-01
-7.676082e+00,4.542880e+00,1.812178e+01,-1.310380e+00,-1.759335e-01,1.413815e-01
3.591037e+00,9.970237e+00,8.706246e+00,-5.538828e-01,1.134122e+00,1.986111e-01
4.326118e+00,6.412777e+00,1.051555e+01,1.945265e+00,1.129471e+00,-5.629264e-01
3.488839e+00,3.326755e+00,9.093985e+00,2.986165e+00,1.023460e+00,-6.925635e-01
3.240495e+00,4.554206e+00,8.648164e+00,4.345468e+00,1.130011e+00,-8.405019e-01
3.124839e+00,4.620882e+00,9.429547e+00,5.259014e+00,1.193648e+00,-9.417222e-01
2.434856e+00,3.777342e+00,1.111532e+01,6.332854e+00,1.346636e+00,-8.640567e-01
3.257808e+00,4.226340e+00,1.220635e+01,7.023527e+00,1.318580e+00,-7.501107e-01
5.329665e+00,7.380773e+00,1.214090e+01,7.679425e+00,6.551255e-01,-3.869799e-01
7.090129e+00,9.158204e+00,1.122265e+01,7.712963e+00,6.502660e-02,-4.347274e-01
-2.104195e-01,3.630028e+00,5.308212e+00,6.656096e+00,-4.849990e-01,-1.329288e+00
-7.504083e+00,8.716724e-01,3.964742e+00,4.958184e+00,-1.907174e-02,-1.540877e+00
-3.966935e+00,-5.384642e+00,-9.419996e-01,1.673620e+00,1.806361e+00,3.731807e-01
-1.491407e-01,-6.771587e+00,1.458759e+00,-1.077183e+00,1.841216e+00,1.044370e-01
6.952117e+00,6.487519e+00,8.098285e+00,-3.666411e+00,1.451092e+00,2.439141e-01
1.471289e+01,3.941000e+01,6.063004e+00,-3.016411e+00,8.832987e-01,7.783453e-01
-8.622787e+00,-3.851096e+00,4.378358e+00,-1.708519e+00,-3.922608e-01,-8.080024e-01
-8.435546e+00,4.814967e+00,1.075530e+01,-2.546530e+00,1.504482e+00,5.667890e-01
-2.945865e+00,1.145366e+01,1.041961e+01,-2.149449e+00,2.579873e+00,5.371228e-01
5.485413e+00,1.152110e+01,6.791651e+00,-1.733223e+00,2.295410e+00,2.465736e-01
7.977137e+00,6.312074e+00,4.278231e+00,-1.317822e+00,2.386542e-01,-1.260668e-01
1.585320e+00,1.009246e+01,3.887512e+00,-1.354602e+00,-5.204114e-01,-3.575059e-01
-2.395397e+00,1.006027e+01,4.044425e+00,-1.238549e+00,-1.391245e-01,-2.728571e-01
-8.510579e-01,9.336687e+00,3.800363e+00,-1.199289e+00,-7.293678e-02,-2.039888e-01
7.874138e-01,8.543633e+00,3.597637e+00,-1.119669e+00,-1.763398e-01,-1.673410e-01
2.341365e+00,9.821092e+00,3.035012e+00,-1.181901e+00,-4.051160e-01,-2.004383e-01
1.867512e+00,9.160248e+00,1.974500e+00,-1.222338e+00,-9.346731e-01,-3.835015e-01
-2.890295e-01,9.120588e+00,1.943794e+00,-1.323128e+00,-1.294166e+00,-4.779859e-01
-2.362157e+00,8.243838e+00,3.057367e+00,-1.459844e+00,-1.076350e+00,-3.949457e-01
-1.681077e+00,8.303714e+00,3.667798e+00,-1.559059e+00,-7.167923e-01,-2.334697e-01
8.821831e-01,8.583380e+00,2.516936e+00,-1.707292e+00,-4.679759e-01,-4.591080e-02
1.579289e+00,8.325208e+00,7.191134e-01,-1.924703e+00,-5.064296e-01,2.228310e-02
2.506182e+00,8.769004e+00,4.798174e-01,-2.539187e+00,-9.655939e-01,6.207391e-03
1.499129e+00,9.645244e+00,8.345437e-01,-2.952176e+00,-1.261191e+00,6.598053e-03
1.463127e+00,1.082158e+01,2.926133e+00,-3.351879e+00,-1.149101e+00,1.586371e-01
5.110042e+00,1.442961e+01,-3.092596e-01,-3.620492e+00,-1.201128e+00,2.620458e-01
4.741055e+00,1.490763e+01,1.664001e-01,-4.192032e+00,-2.612983e+00,-2.625996e-01
-3.122494e+00,1.496105e+01,1.158631e+01,-4.401326e+00,-3.600271e+00,-3.810525e-01
-5.103730e+00,2.085648e+01,1.540095e+01,-3.392383e+00,-2.493133e+00,-1.456884e-01
-7.217836e+00,1.001731e+01,1.514533e+01,-1.689917e+00,-1.322363e+00,-1.354140e-01
3.701550e+00,9.355821e+00,7.705752e+00,-6.554019e-01,7.963747e-01,9.287068e-02
3.914758e+00,1.221169e+01,8.193892e+00,1.106664e+00,8.503042e-01,-3.265602e-01
1.943863e+00,3.823029e+00,9.139144e+00,2.784088e+00,1.069379e+00,-6.369464e-01
2.963935e+00,3.908449e+00,7.917673e+00,3.603570e+00,1.373769e+00,-7.218499e-01
3.836676e+00,4.127592e+00,9.402709e+00,5.022123e+00,1.518394e+00,-9.236379e-01
3.985204e+00,3.894405e+00,1.063041e+01,5.837102e+00,1.392122e+00,-8.666164e-01
4.364878e+00,4.124796e+00,1.112158e+01,6.807469e+00,1.112060e+00,-7.536339e-01
4.694741e+00,4.203754e+00,1.242131e+01,7.464181e+00,7.564607e-01,-6.715506e-01
5.516989e+00,9.156856e+00,1.216019e+01,7.848109e+00,-3.561049e-02,-3.538317e-01
4.375330e+00,9.642810e+00,1.035215e+01,7.579686e+00,-2.492519e-01,-7.466291e-01
-7.954919e+00,1.187559e+00,4.952302e+00,5.777008e+00,-2.226784e-02,-9.264643e-01
-1.018027e+01,-6.096908e+00,1.862268e+00,3.765335e+00,1.957418e+00,-2.818535e-01
1.677445e+00,-9.224674e+00,9.048254e-02,-1.281036e+00,2.845674e+00,6.707692e-01
3.547472e+00,-2.399257e+00,6.317947e+00,-3.773482e+00,2.107127e+00,3.657753e-01
1.691823e+01,3.617244e+01,1.634864e+00,-1.981559e+00,9.586046e-01,4.609143e-01
-3.407231e+00,-1.688168e+00,6.060284e+00,-2.136509e+00,-3.764125e-01,-9.704303e-01
-5.678383e+00,3.586403e+00,1.351454e+01,-2.642127e+00,1.234400e+00,2.859292e-01
-4.341673e+00,1.016982e+01,1.263324e+01,-2.345216e+00,2.099562e+00,3.319567e-01
3.538148e+00,1.119609e+01,6.773816e+00,-1.611185e+00,2.019359e+00,2.545096e-01
5.963946e+00,5.785027e+00,4.193110e+00,-1.291831e+00,1.189395e+00,2.055973e-01
1.249036e+00,1.148336e+01,4.139595e+00,-1.289290e+00,3.273310e-01,-1.089004e-01
8.816462e-01,9.716376e+00,4.115307e+00,-1.241966e+00,2.141565e-01,-1.582848e-01
8.672640e-01,8.797366e+00,3.229565e+00,-1.235828e+00,-8.414271e-02,-2.312759e-01
4.214940e-01,9.156366e+00,3.589448e+00,-1.212118e+00,-2.127586e-01,-2.553988e-01
1.326644e+00,1.006949e+01,3.361456e+00,-1.245818e+00,-4.290507e-01,-2.869536e-01
2.000175e+00,9.514894e+00,2.794894e+00,-1.261804e+00,-7.370876e-01,-4.061380e-01
1.125633e-01,8.822890e+00,3.151194e+00,-1.381752e+00,-1.165986e+00,-5.227035e-01
-1.849137e+00,8.600162e+00,3.779721e+00,-1.445994e+00,-1.060250e+00,-4.139605e-01
-1.783128e-01,8.459361e+00,3.804473e+00,-1.550548e+00,-5.595081e-01,-1.412664e-01
1.173200e+00,8.350344e+00,2.651432e+00,-1.690637e+00,-3.727473e-01,2.239922e-02
1.589248e+00,8.442389e+00,3.087168e-01,-2.108556e+00,-5.423405e-01,1.045437e-01
2.654739e+00,9.512518e+00,-7.463687e-01,-2.567524e+00,-9.588357e-01,4.670888e-02
1.393631e+00,9.525459e+00,-2.366475e-01,-3.263665e+00,-1.443404e+00,-2.513435e-02
2.338208e+00,1.122647e+01,8.623271e-01,-3.666389e+00,-1.412287e+00,5.954762e-02
5.358811e+00,1.594448e+01,6.877229e-02,-4.197320e+00,-2.036404e+00,-9.315977e-02
1.057770e+00,1.543353e+01,5.645152e+00,-4.464057e+00,-3.256836e+00,-3.782786e-01
-8.085891e+00,2.044193e+01,1.614464e+01,-3.839207e+00,-3.068453e+00,-1.217626e-01
-1.175788e+01,1.299739e+01,1.687555e+01,-2.433547e+00,-1.443724e+00,3.059618e-02
1.754642e+00,1.140231e+01,9.625205e+00,-9.561639e-01,1.337564e+00,6.558600e-01
6.033032e+00,1.381391e+01,9.341888e+00,1.004369e+00,1.535724e+00,9.910362e-02
5.022409e+00,4.331179e+00,9.066058e+00,2.735904e+00,1.285793e+00,-2.229987e-01
5.227777e+00,4.746102e+00,7.887221e+00,3.612626e+00,1.130861e+00,-4.611463e-01
3.683756e+00,4.227014e+00,9.789487e+00,4.932911e+00,1.001198e+00,-7.351477e-01
3.715620e+00,3.922378e+00,1.028697e+01,5.572996e+00,1.112417e+00,-7.242018e-01
5.377861e+00,5.069694e+00,1.080740e+01,6.656975e+00,9.242976e-01,-6.102956e-01
6.484517e+00,5.058964e+00,1.175809e+01,7.187630e+00,2.600743e-01,-5.983704e-01
4.696991e+00,7.012898e+00,1.235605e+01,7.442560e+00,-9.022017e-01,-6.104908e-01
1.485883e+00,6.749903e+00,1.263666e+01,7.489148e+00,-1.164122e+00,-8.846603e-01
-4.442396e+00,2.812927e+00,7.073900e+00,5.948037e+00,-3.922850e-01,-9.695738e-01
-7.002434e+00,5.232570e-01,6.511963e+00,4.113724e+00,6.957821e-01,-4.724256e-01
-2.862997e+00,-7.001651e+00,-3.697859e-01,1.045751e+00,1.878196e+00,4.419618e-01
1.804355e-01,-7.080366e+00,3.746541e+00,-1.717715e+00,1.975477e+00,4.508421e-01
4.962800e+00,3.458441e+00,8.026888e+00,-4.570066e+00,1.218878e+00,6.221575e-01
2.470189e+01,3.828818e+01,-6.667780e+00,-6.788685e-02,1.235945e+00,4.647718e-01
-1.156028e+01,-8.107915e-01,9.306390e+00,-2.245466e+00,-3.594045e-01,-5.541227e-01
-5.646199e+00,6.813205e+00,1.151905e+01,-2.394525e+00,1.934279e+00,5.207159e-01
-9.236075e-01,1.489401e+01,9.880781e+00,-2.043587e+00,2.520033e+00,2.599677e-01
4.192475e+00,1.157288e+01,6.862407e+00,-1.524925e+00,1.534224e+00,2.044024e-02
5.276782e+00,6.553664e+00,4.285983e+00,-1.460997e+00,1.464067e-02,-2.320485e-01
-1.682211e+00,1.103624e+01,4.026064e+00,-1.356706e+00,-1.704816e-01,-2.751204e-01
-1.487602e+00,9.306467e+00,3.496667e+00,-1.307936e+00,4.829399e-01,-1.075016e-01
1.028730e+00,9.559503e+00,2.687196e+00,-1.300695e+00,4.463751e-01,-8.530318e-02
1.913464e+00,8.970069e+00,2.856732e+00,-1.300042e+00,9.958703e-02,-1.779154e-01
2.309567e+00,9.457999e+00,2.925406e+00,-1.353180e+00,-2.196962e-01,-2.753219e-01
1.184263e+00,8.297282e+00,2.655826e+00,-1.412269e+00,-8.223469e-01,-4.907733e-01
-1.545067e+00,8.499520e+00,3.485503e+00,-1.502405e+00,-9.143762e-01,-5.057816e-01
-1.467591e+00,8.383052e+00,4.926426e+00,-1.569020e+00,-3.611038e-01,-2.255519e-01
1.338821e+00,9.761236e+00,5.150224e+00,-1.607235e+00,-1.219011e-01,-6.844642e-02
1.630487e+00,8.519240e+00,1.474362e+00,-1.812120e+00,-4.235346e-01,6.738720e-03
9.234194e-01,7.814667e+00,1.267311e-01,-2.215564e+00,-6.929845e-01,3.000000e-02
2.129667e+00,1.040229e+01,-7.941666e-01,-2.862392e+00,-1.144972e+00,-3.435101e-02
7.694746e-01,9.473488e+00,7.267787e-01,-3.292299e+00,-1.406686e+00,-2.380153e-02
3.879390e+00,1.221071e+01,3.213729e-01,-3.963197e+00,-1.514482e+00,1.253289e-01
5.304400e+00,1.704867e+01,-1.421735e+00,-4.318966e+00,-2.269589e+00,-4.761156e-02
-1.572632e+00,1.559732e+01,1.165810e+01,-4.465163e+00,-3.866973e+00,-3.270671e-01
-5.285054e+00,1.758737e+01,1.494910e+01,-3.793526e+00,-2.851883e+00,-4.239796e-01
-9.581878e+00,1.136506e+01,1.718394e+01,-1.735538e+00,-2.661702e-01,5.885460e-03
1.916308e+00,1.016062e+01,1.073197e+01,-1.115183e+00,1.155651e+00,2.657297e-01
4.620266e+00,1.199588e+01,1.012331e+01,1.377212e+00,1.591445e+00,-2.556951e-01
3.654276e+00,5.290249e+00,1.003602e+01,2.590446e+00,1.562771e+00,-4.404567e-01
5.491388e+00,4.650000e+00,8.734177e+00,3.758200e+00,1.553141e+00,-6.646665e-01
6.104049e+00,4.684852e+00,9.132494e+00,4.669707e+00,1.360906e+00,-8.263241e-01
6.111770e+00,3.963985e+00,9.819381e+00,5.944290e+00,7.671177e-01,-8.290996e-01
6.313308e+00,4.031331e+00,1.034787e+01,6.665205e+00,2.943963e-01,-8.376445e-01
5.795630e+00,3.511588e+00,1.251605e+01,7.458388e+00,-4.853952e-01,-8.182252e-01
4.192575e+00,5.443643e+00,1.265314e+01,7.716086e+00,-9.458489e-01,-7.722742e-01
1.892783e-01,6.312810e+00,1.163156e+01,7.608082e+00,-5.454847e-01,-8.671832e-01
-5.142033e+00,3.605699e+00,8.804537e+00,6.254062e+00,2.383989e-01,-5.413288e-01
-7.302219e+00,-2.577390e+00,7.492819e+00,3.708335e+00,2.050393e+00,2.084166e-01
6.285418e-01,-1.012188e+01,-1.253171e-01,8.793261e-01,2.615789e+00,7.663250e-01
3.589037e+00,-3.718664e+00,4.904915e+00,-3.534987e+00,1.576577e+00,2.856911e-01
9.825036e+00,3.281435e+01,6.362065e-01,-2.574757e+00,1.067768e+00,3.286041e-01
-7.032261e+00,-1.070406e+00,4.593880e+00,-2.080836e+00,-9.656416e-01,-1.211861e+00
-9.050746e+00,-2.316754e-01,1.118541e+01,-2.852524e+00,3.859599e-01,5.283494e-02
-3.583409e+00,9.467776e+00,1.196961e+01,-2.389503e+00,2.248916e+00,2.623132e-01
1.471675e+00,1.571436e+01,9.663280e+00,-1.943084e+00,2.255314e+00,3.148261e-01
7.775509e+00,5.485952e+00,3.728096e+00,-1.483572e+00,1.141181e+00,1.765107e-01
3.780704e+00,9.689030e+00,4.018985e+00,-1.616183e+00,3.406425e-02,-1.726723e-01
-2.586453e+00,1.013721e+01,4.514070e+00,-1.349881e+00,-1.903104e-01,-2.576615e-01
-1.978956e+00,8.993424e+00,4.470213e+00,-1.329960e+00,7.619762e-02,-1.332991e-01
9.981243e-01,8.948646e+00,3.491562e+00,-1.253286e+00,2.530502e-01,-7.669000e-02
3.333682e+00,1.008993e+01,3.111111e+00,-1.283333e+00,3.310292e-02,-1.742730e-01
3.013416e+00,9.481002e+00,2.558466e+00,-1.315034e+00,-7.206236e-01,-4.390293e-01
3.027144e-01,8.859744e+00,2.786342e+00,-1.407685e+00,-1.103787e+00,-5.152541e-01
-2.718677e+00,8.003057e+00,3.523389e+00,-1.541860e+00,-8.100228e-01,-3.438888e-01
-1.777078e+00,7.767007e+00,3.738646e+00,-1.633157e+00,-4.265168e-01,-1.392616e-01
2.071064e+00,8.913335e+00,2.809337e+00,-1.758361e+00,-2.131969e-01,1.010943e-02
2.444852e+00,8.492952e+00,4.262917e-01,-2.089659e+00,-5.541145e-01,3.425092e-02
2.818619e+00,9.500100e+00,-4.177539e-01,-2.558581e+00,-9.759912e-01,-1.229867e-02
1.726636e+00,9.341527e+00,-1.241406e-03,-3.215856e+00,-1.411001e+00,-1.692897e-02
4.668683e+00,1.189439e+01,-1.541220e+00,-3.682099e+00,-1.418692e+00,6.422602e-02
6.609624e+00,1.502053e+01,-1.991504e+00,-4.156391e+00,-1.860171e+00,2.255302e-05
-5.705317e-01,1.807238e+01,1.036591e+01,-4.714586e+00,-3.360330e+00,-5.094625e-01
-6.985517e+00,2.069785e+01,1.742869e+01,-4.541694e+00,-4.381738e+00,-5.257100e-01
-1.216644e+01,1.608605e+01,1.723441e+01,-2.402572e+00,-2.093749e+00,-1.006951e-01
-2.766930e+00,2.286801e+00,1.865664e+01,-8.480780e-01,3.397481e-01,3.785346e-01
3.765775e+00,1.113438e+01,1.022587e+01,7.680854e-01,1.884171e+00,6.894560e-01
3.385171e+00,5.895495e+00,1.188013e+01,2.575206e+00,1.907488e+00,2.166252e-01
4.738221e+00,2.130742e+00,8.120519e+00,4.069586e+00,1.901837e+00,7.792866e-02
5.522207e+00,1.835029e+00,8.779012e+00,4.937160e+00,1.761648e+00,-2.405680e-01
5.923734e+00,2.394178e+00,9.921201e+00,5.882097e+00,1.377707e+00,-5.067028e-01
6.157371e+00,3.386939e+00,1.019745e+01,6.587761e+00,9.239636e-01,-7.006151e-01
4.397698e+00,3.076905e+00,1.090761e+01,7.789414e+00,-2.686480e-02,-1.037586e+00
3.489973e+00,6.216645e+00,1.118748e+01,7.790285e+00,-4.009575e-01,-1.059761e+00
4.609648e-01,9.546327e+00,8.238111e+00,7.055421e+00,-2.038781e-01,-1.036928e+00
-4.545945e+00,2.348631e+00,5.331383e+00,6.425793e+00,-6.262314e-02,-1.234079e+00
-8.277411e+00,6.799337e-01,4.319933e+00,4.122495e+00,1.534014e+00,-7.535882e-01
1.975321e+00,-3.724260e+00,-4.188987e+00,2.036662e+00,2.276132e+00,4.117516e-01
7.553327e-01,-4.062224e+00,4.479551e+00,-1.133327e+00,1.832649e+00,9.377345e-02
3.394552e+00,4.039279e+00,9.486037e+00,-3.477459e+00,1.329494e+00,2.580212e-01
9.037335e+00,3.119620e+01,-2.445807e-01,-1.885887e+00,6.991389e-01,9.920516e-02
-4.452394e+00,1.980734e+00,5.168108e+00,-1.935261e+00,-8.931314e-03,-7.517295e-01
-1.893851e+00,3.397272e+00,1.070071e+01,-2.906301e+00,1.708523e+00,4.109373e-01
-2.655234e+00,1.140443e+01,1.175824e+01,-2.661652e+00,2.163097e+00,2.435001e-01
6.434639e+00,9.684692e+00,6.110000e+00,-1.931332e+00,1.581343e+00,7.903052e-02
6.789490e+00,5.139046e+00,5.438864e+00,-1.630423e+00,5.079044e-01,-1.225504e-01
-2.362481e+00,1.056782e+01,5.544160e+00,-1.620155e+00,-3.443449e-01,-3.893471e-01
-1.092555e+00,1.028672e+01,5.490919e+00,-1.464063e+00,-6.402613e-02,-3.172049e-01
-4.925093e-01,8.311165e+00,4.939081e+00,-1.324814e+00,-2.972475e-05,-2.378220e-01
7.631605e-01,9.377232e+00,4.894271e+00,-1.235095e+00,4.078598e-02,-1.743495e-01
2.569642e+00,1.035878e+01,3.602469e+00,-1.180700e+00,-9.057888e-02,-2.233419e-01
2.984409e+00,9.358818e+00,2.472483e+00,-1.192294e+00,-4.870634e-01,-3.842328e-01
-4.233221e-01,8.556719e+00,2.280079e+00,-1.306851e+00,-1.075012e+00,-5.542855e-01
-3.328978e+00,9.094863e+00,3.262524e+00,-1.377993e+00,-1.232480e+00,-5.951189e-01
-2.579070e+00,8.555949e+00,3.835981e+00,-1.429367e+00,-6.483828e-01,-4.089244e-01
1.126503e-01,7.378631e+00,3.064358e+00,-1.562862e+00,-2.799607e-01,-2.093601e-01
1.723249e+00,7.386164e+00,1.733641e+00,-1.859357e+00,-2.989415e-01,-7.082017e-02
3.754570e+00,9.691432e+00,6.312824e-01,-2.177837e+00,-5.978270e-01,-7.906003e-02
2.459354e+00,8.790427e+00,-3.074441e-01,-2.853266e+00,-1.522116e+00,-3.044833e-01
2.399211e+00,1.026024e+01,4.039130e-02,-3.356010e+00,-1.668394e+00,-2.643509e-01
7.743232e+00,1.637347e+01,-1.617332e+00,-3.924497e+00,-1.764238e+00,-2.073436e-01
1.590308e+00,1.575842e+01,6.329245e+00,-4.326542e+00,-2.663972e+00,-5.272980e-01
-5.740287e+00,1.975159e+01,1.580214e+01,-4.407206e+00,-3.812901e+00,-4.209236e-01
-7.211592e+00,2.198570e+01,1.631866e+01,-3.147414e+00,-2.362453e+00,-1.835212e-01
2.042162e-01,1.731514e+00,1.753384e+01,-6.710943e-01,-1.944938e-02,-1.159117e-01
5.878552e+00,8.925266e+00,8.655571e+00,-4.957756e-01,8.721496e-01,-3.607652e-01
5.148550e+00,8.318346e+00,9.523594e+00,1.911725e+00,4.115799e-01,-7.609983e-01
2.370159e+00,2.989075e+00,8.701784e+00,3.211771e+00,2.829346e-01,-8.755204e-01
2.002094e+00,2.302433e+00,8.185674e+00,4.298999e+00,6.320503e-01,-8.845913e-01
2.008054e+00,2.102582e+00,9.670771e+00,5.173524e+00,1.052380e+00,-9.806298e-01
2.110190e+00,3.128693e+00,1.101701e+01,6.292350e+00,1.452299e+00,-6.564445e-01
2.890064e+00,3.990711e+00,1.228315e+01,7.106675e+00,1.577889e+00,-4.004072e-01
5.127866e+00,4.884163e+00,1.414774e+01,7.982255e+00,1.367596e+00,-8.114588e-02
5.157808e+00,8.300589e+00,1.041203e+01,8.152627e+00,9.250997e-01,2.005512e-01
-2.839056e+00,5.370028e+00,7.220375e+00,6.815750e+00,3.668537e-01,-4.234261e-02
-9.481285e+00,-2.622892e+00,6.966325e+00,5.028624e+00,1.424510e+00,-3.371851e-02
1.145900e+00,-1.074879e+01,-3.112570e+00,8.845220e-01,2.879896e+00,7.975287e-01
5.498634e+00,-6.308315e+00,1.950272e+00,-2.211207e+00,2.299557e+00,6.328517e-01
2.576854e+01,3.760476e+01,-1.743054e+00,-3.066286e+00,5.142459e-01,2.566346e-01
-2.522958e+00,1.593087e+00,5.093736e+00,-2.495294e+00,-2.340544e+00,-1.733008e+00
-1.221239e+01,1.684080e-01,1.500442e+01,-3.281253e+00,-1.614157e+00,-6.568216e-01
-1.406958e+01,1.146299e+01,1.684930e+01,-3.082871e+00,3.551659e-01,2.825223e-02
1.498662e+00,1.155857e+01,7.906785e+00,-1.649415e+00,2.861127e+00,9.344650e-01
7.238699e+00,5.607800e+00,5.151000e+00,-1.422969e+00,2.732382e+00,8.553022e-01
8.668841e+00,1.012067e+01,3.591181e+00,-1.438468e+00,1.328779e+00,1.460437e-01
4.089231e+00,9.674996e+00,4.581913e+00,-1.382382e+00,-9.247075e-02,-2.560554e-01
-7.752169e-01,9.019017e+00,4.471770e+00,-1.421554e+00,-9.859085e-01,-5.046472e-01
-1.662402e+00,9.807742e+00,4.225962e+00,-1.381895e+00,-7.523883e-01,-3.821501e-01
4.249116e-01,8.667018e+00,3.628421e+00,-1.293162e+00,-3.798867e-01,-2.746161e-01
1.048285e+00,8.217482e+00,3.429598e+00,-1.318673e+00,-4.458375e-01,-2.948590e-01
-1.771378e-01,7.852069e+00,3.984138e+00,-1.389054e+00,-7.296687e-01,-3.232389e-01
-1.223012e+00,8.448273e+00,5.179558e+00,-1.374895e+00,-6.490103e-01,-2.814433e-01
-3.530789e-01,8.743219e+00,5.257070e+00,-1.292258e+00,-3.043529e-01,-1.254869e-01
-1.000856e-01,8.875225e+00,4.000898e+00,-1.304521e+00,-1.424240e-01,5.299247e-02
2.038204e+00,8.512715e+00,3.308681e-01,-1.547537e+00,-9.090079e-02,2.405905e-01
4.023160e+00,8.833894e+00,-1.095979e+00,-1.959872e+00,-3.493520e-01,2.142292e-01
3.732047e+00,9.070318e+00,-1.309522e+00,-2.823287e+00,-1.256734e+00,1.380856e-02
3.075856e+00,1.126758e+01,-2.711428e-01,-3.397333e+00,-1.588309e+00,-6.631864e-03
4.345730e+00,1.617314e+01,-8.549506e-01,-3.939771e+00,-1.852643e+00,6.831783e-02
3.831187e-01,1.607346e+01,5.065453e+00,-4.334966e+00,-2.465510e+00,-9.520209e-02
-7.381434e+00,2.066968e+01,1.606891e+01,-4.276816e+00,-3.162654e+00,1.425627e-01
-9.153134e+00,2.014287e+01,1.639194e+01,-2.945033e+00,-1.626378e+00,3.662836e-01
-2.850300e+00,2.896240e+00,1.768970e+01,-8.323527e-01,5.333892e-01,6.960460e-01
3.816219e+00,8.190703e+00,1.065655e+01,-2.004548e-01,1.668056e+00,8.221225e-01
3.960103e+00,6.830297e+00,1.025323e+01,2.304613e+00,1.436325e+00,3.260746e-01
2.651722e+00,3.154475e+00,9.509646e+00,3.500971e+00,1.235404e+00,1.545614e-01
3.438332e+00,2.617592e+00,8.929807e+00,4.593527e+00,1.287439e+00,-7.068241e-02
3.033680e+00,2.506871e+00,9.969878e+00,5.426675e+00,1.230304e+00,-3.111435e-01
2.971038e+00,3.998470e+00,1.060290e+01,6.292861e+00,1.208670e+00,-2.470178e-01
3.215540e+00,3.992394e+00,1.145568e+01,7.013139e+00,1.087573e+00,-3.100003e-01
4.210000e+00,5.041736e+00,1.225308e+01,7.500763e+00,5.863002e-01,-2.680220e-01
3.177487e+00,8.771065e+00,1.067019e+01,7.452132e+00,1.362009e-01,-2.803819e-01
-3.223406e+00,5.423752e+00,6.297101e+00,6.659918e+00,-8.931171e-02,-5.277453e-01
-4.210606e+00,3.106974e+00,5.186240e+00,5.440294e+00,5.076960e-01,-4.882036e-01
1.473039e+00,-3.043039e+00,-7.945860e-01,2.598662e+00,1.267235e+00,-1.422082e-01
1.785127e+00,-4.155262e+00,-6.373804e-01,7.930706e-02,7.444320e-01,-1.207624e-01
-1.701373e+00,-3.854886e-01,6.914773e+00,-2.747885e+00,4.138000e-01,-2.016101e-01
2.881263e+00,3.122926e+01,3.603650e+00,-3.287860e+00,7.646527e-01,2.003528e-02
-3.491733e+00,4.168551e+00,4.135599e+00,-1.518102e+00,1.429525e+00,-1.239650e-01
-8.025792e-01,3.395986e+00,9.294366e+00,-2.666140e+00,2.144604e+00,4.939706e-01
1.326191e-01,8.755278e+00,1.005712e+01,-2.438495e+00,2.341541e+00,2.370845e-01
-6.927235e-01,1.384747e+01,1.025545e+01,-2.132669e+00,1.539546e+00,-1.142249e-01
7.386609e+00,6.277146e+00,4.681071e+00,-1.502451e+00,4.095810e-01,-2.027900e-01
-1.132928e+00,9.721342e+00,4.510263e+00,-1.575073e+00,-5.641910e-01,-3.829368e-01
-3.713873e+00,1.063865e+01,4.307414e+00,-1.309160e+00,2.477123e-01,-1.884105e-01
1.072123e+00,9.054459e+00,3.481626e+00,-1.283422e+00,4.960676e-01,-8.294252e-02
2.481962e+00,8.518315e+00,3.372706e+00,-1.239306e+00,7.022076e-02,-1.893337e-01
2.298144e+00,1.006427e+01,3.451777e+00,-1.280198e+00,-3.378238e-01,-2.768742e-01
4.646308e-01,9.166867e+00,3.255971e+00,-1.265633e+00,-7.625780e-01,-4.711629e-01
-6.919571e-01,9.252039e+00,3.603637e+00,-1.318009e+00,-8.734978e-01,-4.932511e-01
-9.612941e-01,8.750776e+00,4.262082e+00,-1.368701e+00,-6.867742e-01,-3.579627e-01
4.011019e-01,8.913348e+00,5.014538e+00,-1.411361e+00,-4.464903e-01,-1.766529e-01
8.576510e-01,8.743829e+00,2.899421e+00,-1.478113e+00,-4.349619e-01,-3.971087e-02
7.257983e-01,8.280585e+00,6.263359e-01,-1.645119e+00,-5.137562e-01,7.224245e-02
2.312760e+00,9.539095e+00,-1.430950e+00,-2.192795e+00,-7.967152e-01,6.855008e-02
1.740290e+00,8.897703e+00,-1.155377e+00,-2.694108e+00,-1.245019e+00,-3.723066e-03
2.614585e+00,1.023587e+01,5.383009e-01,-3.315800e+00,-1.447264e+00,6.253984e-02
6.090183e+00,1.145094e+01,-9.016888e-01,-3.680428e+00,-1.642544e+00,1.633690e-02
3.479371e+00,1.483412e+01,8.273459e-01,-4.318741e+00,-2.941281e+00,-3.766662e-01
-3.269250e+00,1.635412e+01,1.047648e+01,-4.642205e+00,-4.135354e+00,-6.284680e-01
-8.246885e+00,2.187615e+01,1.638786e+01,-3.449464e+00,-2.852965e+00,-2.123974e-01
-8.120555e+00,8.881214e+00,1.686958e+01,-1.543705e+00,-8.792244e-01,5.660701e-02
3.204940e+00,8.163129e+00,1.075863e+01,-6.986670e-01,1.190284e+00,1.686433e-01
4.618508e+00,1.000131e+01,9.895341e+00,6.629133e-01,1.457660e+00,5.514511e-02
1.840000e+00,3.526989e+00,9.395843e+00,2.736617e+00,1.562576e+00,-3.797493e-01
2.671798e+00,2.956814e+00,8.271003e+00,3.640081e+00,1.958627e+00,-4.750135e-01
5.037028e+00,3.774212e+00,9.210103e+00,4.846103e+00,2.113590e+00,-6.802408e-01
6.450719e+00,4.458700e+00,1.016740e+01,5.704931e+00,1.749894e+00,-6.616222e-01
7.056865e+00,4.597770e+00,1.014161e+01,6.695889e+00,9.818295e-01,-7.273607e-01
6.466648e+00,3.621872e+00,1.095927e+01,7.391955e+00,1.303902e-01,-8.486016e-01
3.609086e+00,8.765533e+00,1.224584e+01,7.430425e+00,-6.591272e-01,-7.235295e-01
1.829632e+00,1.036865e+01,9.543774e+00,7.110950e+00,-4.197288e-01,-8.543629e-01
-8.227909e+00,2.127742e+00,5.151101e+00,6.039808e+00,2.712989e-01,-7.736505e-01
-7.612402e+00,-1.375714e+00,3.027734e+00,4.280313e+00,1.923658e+00,-1.250466e-01
3.225471e+00,-5.946590e+00,-2.041548e+00,5.678360e-01,2.931221e+00,7.174103e-01
4.995899e+00,-4.525940e+00,3.247549e+00,-2.208375e+00,1.718238e+00,2.281322e-01
8.131463e+00,3.052732e+01,3.050898e+00,-3.486633e+00,4.888153e-01,-3.715744e-02
7.835866e+00,2.552693e+01,3.629399e+00,-1.706611e+00,1.060667e-01,-3.395881e-01
-5.142502e+00,2.520989e+00,1.014307e+01,-2.830967e+00,5.262523e-01,7.710845e-02
-5.495815e+00,5.885079e+00,1.091612e+01,-2.481224e+00,1.856141e+00,4.199070e-01
-1.669180e-01,1.406886e+01,9.846930e+00,-2.116711e+00,2.586377e+00,3.078415e-01
9.329668e+00,8.590205e+00,5.120378e+00,-1.483421e+00,2.128741e+00,3.750868e-01
5.528142e+00,9.362030e+00,4.299782e+00,-1.493208e+00,4.985394e-04,-2.716049e-01
-9.168072e-01,1.058492e+01,4.937165e+00,-1.283968e+00,-5.606075e-01,-4.839189e-01
-1.287131e+00,9.460085e+00,4.555912e+00,-1.252650e+00,-3.385384e-01,-3.412478e-01
-1.038378e+00,8.634141e+00,3.908154e+00,-1.143047e+00,-2.376717e-01,-2.989181e-01
2.319879e+00,1.000791e+01,3.208760e+00,-1.165209e+00,-1.098336e-01,-1.926884e-01
3.341048e+00,9.532754e+00,2.456661e+00,-1.198964e+00,-5.886795e-01,-3.589522e-01
6.492055e-01,8.648852e+00,2.394680e+00,-1.317056e+00,-1.300249e+00,-5.480398e-01
-1.744489e+00,8.618908e+00,2.557553e+00,-1.408786e+00,-1.526697e+00,-6.074882e-01
-2.891762e+00,8.668488e+00,3.700338e+00,-1.483703e+00,-9.570840e-01,-3.721422e-01
-7.294645e-01,9.137836e+00,4.343154e+00,-1.552753e+00,-5.202394e-01,-1.466071e-01
8.985566e-01,8.941317e+00,2.826484e+00,-1.659510e+00,-3.519079e-01,2.959056e-02
1.857824e+00,8.146637e+00,1.742812e-01,-1.922932e+00,-4.593881e-01,1.108239e-01
3.006639e+00,8.781904e+00,-1.036920e+00,-2.573351e+00,-9.974370e-01,4.155456e-02
2.100016e+00,9.124682e+00,4.674499e-03,-3.058581e+00,-1.338807e+00,3.748877e-03
3.021510e+00,1.149892e+01,9.428449e-01,-3.560622e+00,-1.441582e+00,8.667948e-02
4.092096e+00,1.513019e+01,-5.818231e-01,-3.916313e+00,-1.785739e+00,1.125456e-01
-5.381391e-01,1.429939e+01,5.954035e+00,-4.398810e+00,-2.946044e+00,-2.544700e-01
-4.692655e+00,1.868356e+01,1.463985e+01,-4.081260e+00,-2.786034e+00,4.789223e-02
-6.316184e+00,1.488597e+01,1.451802e+01,-2.418129e+00,-1.453068e+00,6.849407e-02
-2.302649e+00,4.946950e+00,1.677001e+01,-1.165912e+00,-5.219876e-02,1.357863e-01
4.902796e+00,1.278163e+01,7.948426e+00,8.304255e-02,8.460047e-01,1.754633e-02
2.990810e+00,8.270151e+00,1.034298e+01,1.932370e+00,7.317856e-01,-4.685934e-01
2.679789e+00,3.616942e+00,8.415413e+00,3.303110e+00,9.724226e-01,-5.807750e-01
4.111861e+00,3.212349e+00,8.424698e+00,4.187065e+00,1.182163e+00,-7.619543e-01
4.151889e+00,3.286645e+00,9.864332e+00,5.410587e+00,1.154550e+00,-9.513557e-01
3.735144e+00,2.890307e+00,1.028424e+01,6.199919e+00,1.054015e+00,-9.698110e-01
4.033904e+00,3.311181e+00,1.147002e+01,7.228493e+00,8.997675e-01,-9.314579e-01
5.398074e+00,4.331947e+00,1.327152e+01,7.742930e+00,6.059752e-01,-8.043417e-01
6.787346e+00,1.104573e+01,1.064592e+01,7.921703e+00,-1.295961e-01,-5.372595e-01
-1.261835e+00,5.272417e+00,7.378284e+00,7.464079e+00,-6.264819e-01,-9.544137e-01
-1.260362e+01,3.608480e-02,5.763745e+00,4.760878e+00,7.926275e-01,-6.161570e-01
-8.700946e+00,-8.883945e+00,-4.859645e-01,2.023433e+00,3.003145e+00,4.773321e-01
4.684205e+00,-7.712759e+00,3.781800e+00,-2.531943e+00,2.702202e+00,6.569233e-01
9.283701e+00,1.819579e+01,5.012280e+00,-3.655653e+00,1.622408e+00,5.150310e-01
8.602102e+00,1.181153e+01,2.034360e+00,-1.913920e+00,-3.021671e-01,-6.804768e-01
-7.009149e+00,4.213166e-01,1.177269e+01,-3.119707e+00,-1.014680e+00,-6.792733e-01
-6.779491e+00,6.737806e+00,1.266329e+01,-2.523860e+00,1.334670e+00,2.905719e-01
-6.576296e+00,1.624963e+01,1.256165e+01,-2.076059e+00,2.153224e+00,1.376282e-01
6.121275e+00,5.830480e+00,5.539177e+00,-1.335583e+00,1.899718e+00,4.941748e-01
5.900903e+00,8.398125e+00,4.394240e+00,-1.374122e+00,1.115823e+00,1.284318e-01
2.253739e+00,1.077145e+01,4.278624e+00,-1.186466e+00,1.646032e-01,-2.001302e-01
9.110055e-01,9.214485e+00,4.508142e+00,-1.208333e+00,-2.433554e-01,-3.105618e-01
-2.850798e-01,9.029521e+00,4.272064e+00,-1.100033e+00,-3.529346e-01,-3.059398e-01
1.151165e+00,1.010998e+01,3.837814e+00,-1.096360e+00,-3.183325e-01,-2.339461e-01
2.594514e+00,9.461332e+00,1.748919e+00,-1.152669e+00,-7.220936e-01,-3.653168e-01
9.847534e-01,9.006143e+00,1.420979e+00,-1.278634e+00,-1.219524e+00,-4.939123e-01
-3.072899e+00,8.527306e+00,2.598817e+00,-1.399109e+00,-1.315152e+00,-5.210442e-01
-2.289635e+00,8.202411e+00,3.769314e+00,-1.467978e+00,-8.980941e-01,-3.436252e-01
7.418878e-01,8.768968e+00,3.495479e+00,-1.622347e+00,-3.598129e-01,-3.156905e-02
1.776256e+00,8.816029e+00,2.143565e+00,-1.791124e+00,-3.490525e-01,6.809881e-02
1.567685e+00,8.479222e+00,-3.530650e-01,-2.257449e+00,-6.481044e-01,9.267469e-02
1.797108e+00,9.296408e+00,-1.126427e+00,-2.733013e+00,-9.368856e-01,1.036207e-01
1.505776e+00,9.919222e+00,7.028423e-01,-3.350474e+00,-1.169156e+00,1.729430e-01
2.624156e+00,1.318900e+01,3.462750e-01,-3.742341e+00,-1.325543e+00,2.582355e-01
2.217269e+00,1.489206e+01,4.199763e-01,-4.175700e+00,-1.946116e+00,1.010441e-01
-1.921381e+00,1.454844e+01,8.390567e+00,-4.539674e+00,-2.679800e+00,-1.647307e-01
-2.143460e+00,2.142989e+01,1.488812e+01,-3.742297e+00,-2.017455e+00,5.340029e-02
-3.457854e+00,1.870978e+01,1.462099e+01,-1.785657e+00,-1.170170e+00,-2.234623e-01
3.086023e+00,5.614504e+00,1.106210e+01,-8.759810e-01,1.642471e-01,-3.314705e-01
4.632951e+00,1.069031e+01,9.120782e+00,4.064093e-01,2.421432e-01,-5.392362e-01
4.262872e-01,5.041448e+00,1.058483e+01,2.642827e+00,4.523542e-01,-1.081284e+00
9.073603e-01,3.084432e+00,8.870780e+00,3.704328e+00,1.231837e+00,-1.093664e+00
4.206617e+00,3.807203e+00,1.043216e+01,4.871669e+00,1.767667e+00,-1.187833e+00
4.651509e+00,3.723713e+00,1.116168e+01,5.871382e+00,1.706915e+00,-1.092062e+00
5.589611e+00,3.814367e+00,1.166680e+01,7.186746e+00,1.196432e+00,-9.362768e-01
5.834916e+00,3.248005e+00,1.302782e+01,7.941955e+00,6.674334e-01,-8.709517e-01
6.542733e+00,9.805641e+00,1.062656e+01,8.208555e+00,-1.471131e-01,-5.463038e-01
2.272542e+00,9.970207e+00,8.976740e+00,7.900257e+00,-5.958178e-01,-7.187398e-01
-1.197534e+01,4.696746e-01,6.756988e+00,5.757450e+00,3.175149e-01,-5.853018e-01
-1.174027e+01,-6.904550e+00,4.623903e-01,3.224456e+00,2.608634e+00,2.455886e-01
6.022207e+00,-8.342483e+00,-1.757586e+00,-1.165395e+00,2.508694e+00,6.802988e-01
6.961141e+00,3.636570e+00,9.505700e+00,-3.705324e+00,1.069284e+00,1.391514e-01
1.165985e+01,3.102857e+01,3.811668e+00,-1.949505e+00,-3.295998e-01,-1.451974e-01
-7.692096e+00,2.779632e+00,6.942952e+00,-2.484558e+00,-1.219101e+00,-1.210310e+00
-4.152888e+00,2.735782e+00,1.423206e+01,-2.775520e+00,1.286353e+00,3.661288e-01
-8.569020e+00,8.560441e+00,1.596776e+01,-2.447015e+00,2.334317e+00,2.077678e-01
6.207519e+00,1.427571e+01,6.986218e+00,-1.219708e+00,2.301922e+00,6.241612e-01
8.611125e+00,5.774533e+00,4.259080e+00,-1.061504e+00,9.600853e-01,8.045948e-02
2.286958e+00,1.189004e+01,3.662402e+00,-1.032314e+00,-9.127641e-02,-2.499553e-01
-1.259440e-01,1.019179e+01,3.167162e+00,-8.939588e-01,-4.005065e-01,-3.842009e-01
-1.853572e+00,8.939575e+00,1.898433e+00,-9.377060e-01,-5.059811e-01,-3.116460e-01
-1.409888e+00,8.776975e+00,1.624426e+00,-9.782879e-01,-2.858357e-01,-1.995310e-01
2.263279e+00,9.254462e+00,-8.565128e-02,-1.250050e+00,-4.196277e-01,-2.160975e-01
1.652593e+00,8.483148e+00,1.937037e-01,-1.517276e+00,-8.859844e-01,-3.596334e-01
-1.658769e+00,8.565432e+00,2.264612e+00,-1.760566e+00,-1.094003e+00,-4.186682e-01
-1.003575e+00,8.646093e+00,4.257677e+00,-1.831882e+00,-8.395298e-01,-3.006570e-01
1.824251e+00,9.596648e+00,4.707004e+00,-1.843107e+00,-6.763626e-01,-1.681216e-01
1.147000e+00,9.437959e+00,3.732163e+00,-1.886732e+00,-8.054939e-01,-1.009190e-01
-3.147967e-01,9.177756e+00,6.245031e-01,-2.168785e+00,-8.197304e-01,7.287029e-02
2.558615e+00,9.558410e+00,-1.521913e+00,-2.526743e+00,-8.322858e-01,1.644683e-01
3.009611e+00,9.716049e+00,-5.520073e-01,-3.226640e+00,-1.246695e+00,1.583197e-01
2.081407e+00,1.214665e+01,1.166303e+00,-3.630132e+00,-1.574560e+00,2.268726e-01
1.421765e+00,1.628788e+01,-7.088247e-01,-3.983588e+00,-1.873763e+00,1.690068e-01
-8.837031e-01,1.310845e+01,4.079596e+00,-4.368066e+00,-2.477152e+00,-1.224500e-01
-2.711713e+00,1.943997e+01,1.262634e+01,-3.804185e+00,-2.381298e+00,-2.205797e-01
-4.538040e+00,1.511934e+01,1.416098e+01,-2.105088e+00,-1.329163e+00,-4.300053e-01
1.137578e+00,8.081369e+00,1.102978e+01,-1.391876e+00,-8.919016e-02,-2.036961e-01
9.219595e-01,1.393390e+01,9.807387e+00,8.599823e-02,2.693381e-01,-2.424163e-01
-1.308616e+00,6.046560e+00,1.169323e+01,2.385329e+00,1.133874e+00,-4.189334e-01
1.166189e+00,4.945635e+00,9.886449e+00,3.564881e+00,1.965250e+00,-3.420485e-01
4.909948e+00,4.110953e+00,1.130385e+01,4.930015e+00,2.164886e+00,-4.465015e-01
6.176823e+00,3.068923e+00,1.070929e+01,5.950844e+00,1.891139e+00,-3.422917e-01
7.297043e+00,3.152173e+00,1.109248e+01,7.172840e+00,9.307116e-01,-3.225663e-01
6.860139e+00,1.933351e+00,1.420779e+01,7.952117e+00,9.711454e-02,-4.145578e-01
5.093219e+00,7.154971e+00,1.255813e+01,8.184496e+00,-3.622535e-01,-4.362740e-01
2.622207e+00,7.785049e+00,1.210435e+01,7.910913e+00,-3.164612e-01,-7.503456e-01
-1.220246e+01,1.568234e+00,6.025983e+00,5.487020e+00,7.373967e-01,-3.995361e-01
-1.017869e+01,-8.689903e+00,2.208902e+00,2.890769e+00,3.120089e+00,5.153651e-01
4.543444e+00,-1.238241e+01,8.126428e-01,-1.494336e+00,3.369698e+00,9.637473e-01
1.238929e+01,1.399185e+01,1.988805e+00,-3.804939e+00,1.809184e+00,3.302290e-01
1.541542e+01,2.247341e+01,2.165676e+00,-2.111372e+00,-1.811867e+00,-1.638674e+00
-1.151017e+01,-3.565815e+00,1.288024e+01,-3.295475e+00,-2.153461e+00,-9.475298e-01
-1.523705e+01,6.119794e+00,1.690353e+01,-2.893369e+00,7.036011e-01,-9.532880e-02
-9.645031e+00,1.744694e+01,1.518934e+01,-2.107101e+00,2.701085e+00,5.409913e-01
7.422500e+00,5.300752e+00,5.400246e+00,-1.358002e+00,2.270488e+00,7.095081e-01
6.658709e+00,9.244070e+00,4.542457e+00,-1.523624e+00,1.426784e+00,2.270291e-01
4.234593e+00,1.073190e+01,3.870803e+00,-1.300273e+00,-3.287111e-01,-2.802551e-01
-4.166303e-01,9.224333e+00,4.132212e+00,-1.338522e+00,-8.872063e-01,-4.876061e-01
-2.374110e+00,8.872557e+00,4.099148e+00,-1.281603e+00,-3.381965e-01,-2.344262e-01
3.344724e-01,9.674530e+00,3.422929e+00,-1.267496e+00,-7.825708e-02,-1.642730e-01
1.624853e+00,8.930263e+00,2.586820e+00,-1.256311e+00,-4.880993e-01,-3.207833e-01
9.949760e-02,8.143567e+00,2.594756e+00,-1.319001e+00,-7.846056e-01,-4.203575e-01
-1.308633e+00,8.499968e+00,3.555856e+00,-1.447400e+00,-6.794502e-01,-3.258158e-01
-6.083757e-01,8.095623e+00,4.495855e+00,-1.540985e+00,-2.705215e-01,-9.077212e-02
2.263983e+00,9.426023e+00,2.638105e+00,-1.721151e+00,-2.530922e-01,4.134269e-02
1.526544e+00,8.375032e+00,6.067687e-01,-2.021698e+00,-6.339224e-01,3.444444e-02
1.884428e+00,9.744428e+00,-7.245117e-01,-2.608130e+00,-9.871570e-01,2.153163e-02
1.142523e+00,9.720514e+00,5.621555e-02,-3.098635e+00,-1.177761e+00,9.440578e-02
4.645028e+00,1.195056e+01,-6.814621e-01,-3.746395e+00,-1.130684e+00,2.419736e-01
6.246798e+00,1.547474e+01,-2.193131e+00,-4.179025e+00,-1.801543e+00,8.987877e-02
-7.551847e-01,1.573291e+01,7.479947e+00,-4.658435e+00,-3.477252e+00,-4.371379e-01
-5.711035e+00,1.964724e+01,1.512379e+01,-4.321273e+00,-3.552878e+00,-1.932554e-01
-1.272868e+01,1.765516e+01,1.735033e+01,-1.961782e+00,-1.426458e+00,1.401102e-01
-5.624714e+00,5.345527e+00,1.682149e+01,-1.087901e+00,9.306842e-01,7.321083e-01
3.626379e+00,1.145387e+01,1.105829e+01,8.692735e-01,1.855139e+00,7.122012e-01
4.276915e+00,6.434419e+00,1.204383e+01,2.594730e+00,1.818950e+00,3.533941e-01
4.672074e+00,2.745944e+00,8.374542e+00,4.066765e+00,1.550635e+00,1.670638e-01
4.826886e+00,2.515030e+00,9.094611e+00,4.948712e+00,1.344342e+00,-1.926449e-01
4.498420e+00,2.516319e+00,1.017106e+01,5.922559e+00,1.121863e+00,-3.625587e-01
4.525128e+00,2.362691e+00,1.077652e+01,6.753146e+00,8.377928e-01,-5.295333e-01
4.785261e+00,2.641446e+00,1.272450e+01,7.793678e+00,2.684054e-01,-6.828752e-01
5.339178e+00,4.606711e+00,1.337227e+01,8.114558e+00,-1.620846e-01,-6.876417e-01
2.175944e+00,1.003566e+01,1.067051e+01,7.850301e+00,-5.201081e-01,-9.581675e-01
-4.709189e+00,5.391518e+00,7.338403e+00,6.567154e+00,-2.001159e-01,-1.221386e+00
-1.124302e+01,-3.666320e+00,7.681204e+00,3.546355e+00,2.660331e+00,-1.593649e-01
2.345253e+00,-9.858446e+00,-2.217874e+00,3.513073e-01,3.183940e+00,7.797186e-01
3.932590e+00,-5.325305e+00,6.475107e+00,-3.376387e+00,1.936359e+00,1.287573e-01
1.192289e+01,3.563516e+01,3.891992e+00,-2.557275e+00,1.555512e+00,6.715777e-01
-3.831749e+00,-2.905378e+00,4.686296e+00,-2.828397e+00,6.145033e-02,-7.570451e-01
-1.313453e+00,2.152929e+00,1.152700e+01,-3.043653e+00,1.141449e+00,2.949103e-01
-5.868095e+00,1.069700e+01,1.215572e+01,-2.523737e+00,1.665080e+00,2.136680e-02
6.999223e-01,1.555184e+01,9.109959e+00,-1.886903e+00,1.894874e+00,-1.081423e-02
7.911251e+00,4.590799e+00,5.467932e+00,-1.371831e+00,9.669264e-01,3.461396e-02
3.446662e+00,1.061712e+01,4.146323e+00,-1.423601e+00,5.064481e-01,-1.491074e-01
2.432696e+00,1.072066e+01,3.831290e+00,-1.257005e+00,2.296067e-01,-2.902536e-01
1.973586e+00,8.828111e+00,3.689789e+00,-1.238084e+00,-4.311608e-01,-4.692539e-01
-1.284353e+00,8.757882e+00,3.990000e+00,-1.191985e+00,-4.832866e-01,-4.069397e-01
5.882679e-01,1.081283e+01,2.829770e+00,-1.194334e+00,-3.255122e-01,-3.544119e-01
2.322417e+00,9.590664e+00,1.356707e+00,-1.288557e+00,-7.170825e-01,-4.737941e-01
-2.869343e-01,8.681199e+00,1.806284e+00,-1.423262e+00,-1.047277e+00,-5.520432e-01
-2.112143e+00,8.529429e+00,3.426398e+00,-1.629805e+00,-8.434656e-01,-3.986404e-01
-2.273126e-01,8.724844e+00,4.548085e+00,-1.726105e+00,-4.735133e-01,-1.842263e-01
2.310265e+00,9.217670e+00,2.562980e+00,-1.893734e+00,-5.288493e-01,-5.255688e-02
9.609353e-01,7.505909e+00,2.044418e-01,-2.205001e+00,-7.882069e-01,-1.747207e-03
1.890182e+00,9.462077e+00,-1.983730e+00,-2.815407e+00,-1.070284e+00,8.901301e-03
1.581527e+00,9.090770e+00,-1.256079e+00,-3.340879e+00,-1.399328e+00,-3.103123e-02
4.345808e+00,1.118186e+01,1.015649e-01,-3.982827e+00,-1.486729e+00,-1.802476e-03
5.998871e+00,1.405308e+01,-1.292974e+00,-4.420682e+00,-2.371676e+00,-2.154055e-01
-3.647905e+00,1.783772e+01,1.247209e+01,-4.648247e+00,-4.072979e+00,-5.214042e-01
-8.690389e+00,2.112722e+01,1.606070e+01,-3.784464e+00,-3.070587e+00,-1.971596e-01
-1.195126e+01,1.213321e+01,1.628638e+01,-1.668525e+00,-1.592340e-01,2.188479e-01
7.672089e-01,9.492969e+00,1.257922e+01,-9.406863e-01,1.650236e+00,3.713137e-01
5.717161e+00,9.864647e+00,1.075437e+01,1.399782e+00,1.902958e+00,-1.459851e-01
5.763020e+00,5.072535e+00,9.410745e+00,2.645276e+00,1.674004e+00,-3.715559e-01
6.022205e+00,4.523282e+00,7.869333e+00,4.008933e+00,1.285454e+00,-7.699618e-01
5.310941e+00,4.275968e+00,9.166184e+00,4.924052e+00,1.077823e+00,-9.733067e-01
4.534167e+00,4.388793e+00,1.023293e+01,5.921648e+00,8.623096e-01,-8.659176e-01
5.027820e+00,4.553935e+00,1.090605e+01,6.742588e+00,6.771478e-01,-7.377021e-01
4.905333e+00,4.488947e+00,1.297151e+01,7.583630e+00,8.144862e-02,-5.692026e-01
4.235613e+00,6.935569e+00,1.370196e+01,7.816435e+00,-3.104286e-01,-3.445248e-01
-3.927591e-02,6.742814e+00,1.067530e+01,7.517003e+00,-1.194028e-01,-3.008030e-01
-3.112725e+00,2.557275e+00,7.121100e+00,6.156500e+00,5.468118e-01,-1.015314e-01
-4.548782e+00,-3.728662e+00,5.850249e+00,4.339543e+00,1.633731e+00,1.180659e-01
1.505372e+00,-8.062658e+00,-5.837570e-01,1.125492e+00,2.166356e+00,8.286615e-01
5.168233e+00,-1.968343e+00,7.054232e+00,-1.995961e+00,1.455064e+00,5.020661e-01
9.235661e+00,2.732761e+01,1.246666e+00,-3.546959e+00,1.165924e-01,7.873037e-02
-2.090770e-01,1.024884e+01,3.223821e+00,-1.502451e+00,-1.551333e+00,-1.300209e+00
-1.342475e+01,3.437709e-01,1.074262e+01,-2.922685e+00,-1.663448e+00,-8.023003e-01
-1.086510e+01,8.161133e+00,1.498945e+01,-2.908369e+00,8.998562e-01,1.303376e-01
-1.198461e+00,1.482214e+01,9.097569e+00,-2.460444e+00,2.138704e+00,4.473906e-01
6.819839e+00,7.273025e+00,5.450815e+00,-1.516581e+00,2.137554e+00,6.799648e-01
7.833933e+00,9.053616e+00,3.958580e+00,-1.535684e+00,1.245511e+00,2.474081e-01
2.645593e+00,9.902441e+00,3.930393e+00,-1.388059e+00,-2.090365e-01,-2.101738e-01
-1.497047e-01,9.707601e+00,4.203887e+00,-1.388759e+00,-6.998857e-01,-3.570249e-01
-1.964666e+00,8.830644e+00,3.494253e+00,-1.308474e+00,-4.580013e-01,-2.819037e-01
5.209063e-01,9.173571e+00,3.295619e+00,-1.286871e+00,-1.294916e-01,-1.635744e-01
2.385562e+00,8.869864e+00,2.868418e+00,-1.288065e+00,-2.663618e-01,-2.486392e-01
1.801524e+00,8.927544e+00,2.781228e+00,-1.368355e+00,-7.153733e-01,-4.015450e-01
-2.540554e+00,8.647362e+00,4.363449e+00,-1.444847e+00,-9.483359e-01,-4.244300e-01
-2.370747e+00,8.335996e+00,4.922964e+00,-1.463728e+00,-5.773860e-01,-2.528221e-01
1.109608e+00,8.597835e+00,3.340270e+00,-1.559448e+00,-5.214779e-02,4.868500e-02
1.889486e+00,8.034397e+00,6.386615e-02,-1.798601e+00,-2.445820e-01,1.155698e-01
3.699961e+00,9.197984e+00,-1.566206e+00,-2.387228e+00,-6.388517e-01,8.560891e-02
3.105916e+00,9.319637e+00,-9.357756e-01,-3.007038e+00,-1.092950e+00,-2.627477e-02
4.884274e+00,1.306594e+01,-8.569551e-01,-3.782737e+00,-1.431799e+00,-6.641404e-02
5.647133e+00,1.904327e+01,1.166897e+00,-4.320832e+00,-2.088430e+00,-1.036277e-01
-3.887285e+00,1.697848e+01,1.203693e+01,-4.303580e+00,-3.528169e+00,-2.278777e-01
-7.677662e+00,1.773989e+01,1.629634e+01,-3.778205e+00,-3.356653e+00,2.858130e-02
-7.092748e+00,5.764269e+00,1.816900e+01,-2.021038e+00,-1.156265e+00,1.599151e-01
6.692195e-01,6.790131e+00,1.148813e+01,-9.988614e-01,8.432383e-01,4.249206e-01
5.282986e+00,1.015117e+01,8.330673e+00,1.192570e+00,1.656310e+00,3.379015e-01
4.202514e+00,4.649200e+00,9.298443e+00,2.894319e+00,1.329551e+00,-2.464254e-01
5.054923e+00,2.982084e+00,7.625260e+00,4.128377e+00,1.088312e+00,-4.307019e-01
5.549602e+00,2.900087e+00,8.761145e+00,4.988272e+00,9.219245e-01,-8.751526e-01
3.982682e+00,3.536623e+00,1.029652e+01,5.806974e+00,5.549633e-01,-1.009977e+00
2.304224e+00,5.795776e+00,1.037015e+01,6.534236e+00,3.738416e-01,-1.040453e+00
4.345111e+00,5.786426e+00,1.059045e+01,7.275588e+00,2.111298e-01,-1.061628e+00
7.320482e-01,5.782319e+00,9.988992e+00,6.879003e+00,-1.982461e-01,-7.534522e-01
-2.276465e+00,7.690924e+00,7.644633e+00,6.002052e+00,-2.296560e-01,-2.411573e-01
-6.666068e-01,5.717123e+00,5.525426e+00,5.430850e+00,5.101957e-01,1.225003e-01
2.744113e+00,3.440774e+00,1.966623e+00,4.126598e+00,1.194582e+00,1.320953e-01
6.667278e+00,2.329411e+00,-2.254216e+00,2.771701e+00,8.311239e-01,-1.032671e-01
1.039689e+00,1.994491e+00,-8.917328e-01,1.022495e+00,-4.740934e-01,-3.383171e-01
-3.415171e+00,1.928362e+00,1.255195e+00,-4.590967e-01,-7.498500e-01,-3.608567e-01
-2.492545e+00,3.095633e+00,3.694262e+00,-2.017808e+00,3.632058e-01,1.391457e-01
9.724393e-01,2.032834e+01,1.839677e+00,-2.738513e+00,9.781903e-01,3.046637e-01
6.167761e+00,1.899405e+01,2.790738e-01,-1.105838e+00,1.549741e+00,2.300286e-01
-4.246348e+00,6.170813e+00,6.699338e+00,-2.578177e+00,1.310141e+00,3.900747e-01
1.260585e+00,4.313860e+00,1.039976e+01,-2.576607e+00,2.885893e+00,7.130101e-01
2.748993e+00,9.625611e+00,1.030766e+01,-2.121007e+00,2.174194e+00,3.781926e-01
2.479030e+00,1.041912e+01,6.403434e+00,-1.549962e+00,7.892788e-01,-8.961226e-02
2.328236e+00,6.958467e+00,2.936472e+00,-1.366667e+00,3.188889e-01,-3.777792e-02
1.331636e+00,9.490988e+00,2.865410e+00,-1.435360e+00,3.286090e-01,-3.846554e-03
-2.048114e+00,9.720171e+00,3.769314e+00,-1.424222e+00,4.447437e-01,6.884045e-02
3.897798e-01,9.170978e+00,3.265110e+00,-1.303833e+00,6.258822e-01,1.190553e-01
3.038480e+00,9.092129e+00,1.805643e+00,-1.208032e+00,4.439218e-01,7.449742e-02
6.491449e-01,8.709129e+00,1.892750e+00,-1.272920e+00,-1.032822e-01,-7.336587e-02
5.562083e-01,9.069568e+00,2.028487e+00,-1.344420e+00,1.740150e-01,-3.485761e-02
1.977260e+00,8.532468e+00,2.687393e+00,-1.448790e+00,-9.393599e-03,-1.262959e-01
-5.645195e-01,8.123381e+00,5.104947e+00,-1.505201e+00,-3.269893e-01,-2.154251e-01
2.166476e-02,9.315538e+00,6.721620e+00,-1.468564e+00,-8.362655e-02,-6.667338e-02
5.802648e-01,9.299470e+00,6.177515e+00,-1.417146e+00,3.333333e-03,-4.225840e-03
1.645640e-01,8.713177e+00,2.213748e+00,-1.390332e+00,-1.886295e-01,4.555556e-02
1.478852e+00,9.055288e+00,-4.401829e-02,-1.618707e+00,-3.500432e-01,1.056113e-01
3.810069e+00,1.023286e+01,-9.797631e-01,-2.362449e+00,-2.869424e-01,2.721817e-01
5.380000e+00,1.080378e+01,-1.747565e+00,-3.078855e+00,-8.796560e-01,1.534694e-01
5.945514e+00,1.377973e+01,9.370055e-01,-3.947518e+00,-1.747519e+00,-5.295958e-02
5.012132e+00,2.118749e+01,-2.227855e+00,-4.587400e+00,-2.516578e+00,-1.237305e-01
-5.159043e+00,1.742519e+01,1.038633e+01,-4.277500e+00,-4.486420e+00,-9.165893e-02
-1.196912e+01,1.196322e+01,1.562010e+01,-3.634571e+00,-3.241966e+00,-2.464740e-01
-8.989871e+00,1.108995e+01,1.746444e+01,-2.453918e+00,-5.167732e-01,-3.010647e-01
3.727953e+00,1.205613e+01,1.051370e+01,-1.254359e+00,1.489390e+00,4.191728e-01
6.262181e+00,6.046131e+00,9.411106e+00,9.527195e-01,1.937197e+00,-2.325557e-01
5.370950e+00,5.242575e+00,8.010261e+00,1.957540e+00,1.473658e+00,-4.140990e-01
2.592743e+00,3.993705e+00,8.949181e+00,3.157611e+00,1.270082e+00,-8.277180e-01
2.151539e+00,3.683077e+00,8.548951e+00,4.021454e+00,1.627291e+00,-1.097391e+00
4.954433e+00,5.087298e+00,9.253622e+00,5.145919e+00,1.945814e+00,-9.658839e-01
8.400162e+00,5.194249e+00,9.039469e+00,5.932924e+00,1.401331e+00,-9.360615e-01
7.333585e+00,4.747770e+00,1.030648e+01,6.597759e+00,1.505634e-01,-1.050420e+00
4.431306e+00,6.599916e+00,1.062650e+01,6.889816e+00,-7.319026e-01,-1.139976e+00
-1.480479e+00,8.391326e+00,1.018886e+01,7.186498e+00,-7.261127e-01,-1.192225e+00
-5.227801e+00,7.331042e+00,7.691157e+00,6.684170e+00,4.155141e-01,-7.338161e-01
-4.679213e+00,3.464983e+00,6.101811e+00,5.190484e+00,2.009809e+00,3.565645e-01
1.416735e+00,-6.348712e+00,-1.961758e+00,3.380913e+00,3.053542e+00,6.171162e-01
6.584968e+00,-4.811953e+00,1.113306e+00,-7.295753e-01,2.056823e+00,6.268662e-01
5.030020e+00,-3.758168e+00,7.005858e+00,-3.298762e+00,4.909662e-01,3.086738e-02
1.291617e+01,3.929382e+01,2.058287e+00,-2.762249e+00,-2.607159e-01,8.716114e-02
-5.257503e-01,6.737839e+00,4.295060e+00,-1.294380e+00,-1.242801e+00,-1.178538e+00
-2.160847e+00,4.129827e+00,1.038991e+01,-2.602617e+00,2.225493e-01,-8.234939e-03
-6.735283e+00,1.322667e+01,1.275499e+01,-2.582122e+00,1.207003e+00,2.422099e-01
5.264933e-01,1.076872e+01,7.725865e+00,-1.865211e+00,1.861025e+00,3.147378e-01
4.721976e+00,5.840277e+00,6.078735e+00,-1.260183e+00,1.116558e+00,2.218539e-01
1.262468e+00,1.092299e+01,4.472104e+00,-1.132223e+00,2.630101e-01,-9.875065e-02
1.882580e+00,1.004064e+01,3.766774e+00,-1.035408e+00,1.723297e-01,-1.863722e-01
2.511050e-01,9.544964e+00,3.237446e+00,-1.043162e+00,-4.356580e-01,-3.459601e-01
-5.318982e-01,9.452627e+00,2.468881e+00,-1.046331e+00,-5.438203e-01,-3.705040e-01
6.433499e-01,9.369779e+00,1.051595e+00,-1.125509e+00,-5.940237e-01,-3.241522e-01
9.031067e-01,8.237122e+00,6.741919e-01,-1.225919e+00,-7.838090e-01,-3.842591e-01
-2.422919e+00,8.176029e+00,2.094857e+00,-1.512576e+00,-1.159031e+00,-5.005764e-01
-3.310360e+00,8.512130e+00,3.503015e+00,-1.607881e+00,-1.006237e+00,-4.580722e-01
4.485094e-01,8.935379e+00,4.252406e+00,-1.655029e+00,-5.334273e-01,-2.431671e-01
2.326473e+00,9.270000e+00,1.566358e+00,-1.753666e+00,-5.220096e-01,-1.637112e-01
3.353238e-01,9.270646e+00,-1.647262e+00,-2.181141e+00,-1.026665e+00,-2.002061e-01
-4.560994e-01,9.178581e+00,-1.293192e+00,-2.688866e+00,-1.179908e+00,-1.858579e-01
1.748659e+00,9.933988e+00,3.228862e-01,-3.333368e+00,-8.844076e-01,-3.973779e-03
6.130638e+00,1.041424e+01,1.060637e+00,-3.754217e+00,-6.791925e-01,3.749332e-02
9.723262e+00,1.522536e+01,-1.562599e+00,-4.196614e+00,-1.535160e+00,-2.069730e-01
1.687846e+00,1.435255e+01,7.055461e+00,-4.564958e+00,-3.154710e+00,-7.865526e-01
-6.243641e+00,2.261788e+01,1.631066e+01,-4.346676e+00,-4.266546e+00,-6.111640e-01
-1.375137e+01,1.614432e+01,1.717427e+01,-2.509597e+00,-2.759784e+00,-2.206537e-01
-2.671675e+00,7.277042e+00,1.407865e+01,-1.298717e+00,4.830168e-01,5.275736e-01
3.617569e+00,1.466657e+01,8.440568e+00,2.729068e-01,1.504935e+00,6.458447e-01
3.048725e+00,5.132179e+00,9.734485e+00,2.507213e+00,1.373301e+00,2.645705e-01
2.848675e+00,3.547100e+00,7.860761e+00,3.459664e+00,1.273727e+00,2.111708e-01
3.178040e+00,3.594812e+00,9.098591e+00,4.573153e+00,1.357664e+00,-9.775886e-02
3.300984e+00,3.211091e+00,1.086767e+01,5.494543e+00,1.302359e+00,-1.896209e-01
4.936733e+00,3.508366e+00,1.109666e+01,6.619181e+00,1.114433e+00,-2.365341e-01
5.704868e+00,4.054894e+00,1.241194e+01,7.397445e+00,6.396996e-01,-3.249805e-01
6.013630e+00,6.693165e+00,1.363694e+01,7.947721e+00,-2.236274e-01,-5.055692e-01
1.439494e+00,7.477167e+00,1.161340e+01,8.012996e+00,-7.536966e-01,-8.107702e-01
-6.874994e+00,4.264521e+00,8.105675e+00,6.371342e+00,-4.696727e-01,-8.708841e-01
-1.051080e+01,-3.669039e+00,6.735377e+00,4.313689e+00,1.237112e+00,-2.405578e-01
-4.129701e-01,-1.114115e+01,-3.542249e-01,7.215527e-01,2.881619e+00,6.531904e-01
6.857063e+00,-4.962086e-01,4.752553e+00,-2.764383e+00,2.498621e+00,5.175272e-01
2.186099e+01,3.840369e+01,3.115886e-01,-2.656263e+00,1.116949e+00,5.263447e-01
-7.621896e+00,-2.392175e+00,9.107941e+00,-2.835503e+00,-1.235619e+00,-1.436615e+00
-7.993107e+00,-9.305495e-01,1.291460e+01,-3.217738e+00,2.261254e-02,-9.921841e-02
-8.662297e+00,1.215859e+01,1.432928e+01,-2.936696e+00,1.405107e+00,2.554582e-02
6.519265e+00,1.175017e+01,5.875498e+00,-1.715835e+00,2.306583e+00,6.484137e-01
6.316804e+00,3.931672e+00,4.522072e+00,-1.665805e+00,1.359648e+00,2.013935e-01
3.075665e+00,1.128954e+01,5.503448e+00,-1.588239e+00,5.280684e-01,-8.604187e-02
1.222309e+00,9.211771e+00,5.437504e+00,-1.428125e+00,-1.405306e-01,-2.817321e-01
-8.927219e-01,8.796086e+00,5.038318e+00,-1.373809e+00,-3.998411e-01,-3.135714e-01
9.291786e-01,1.017085e+01,4.813430e+00,-1.262150e+00,-1.777418e-01,-2.679659e-01
2.113037e+00,9.711511e+00,3.475363e+00,-1.163775e+00,-4.613593e-01,-3.704538e-01
1.380837e+00,9.453630e+00,3.218167e+00,-1.192441e+00,-9.344011e-01,-4.712126e-01
-2.176872e+00,8.700864e+00,3.263251e+00,-1.256078e+00,-1.115178e+00,-4.823745e-01
-1.492925e+00,8.408719e+00,3.227439e+00,-1.331918e+00,-7.526109e-01,-3.076589e-01
4.783810e-01,8.598979e+00,1.782468e+00,-1.549934e+00,-4.199349e-01,-6.792853e-02
1.988584e+00,8.012242e+00,-1.731032e+00,-1.951407e+00,-4.469486e-01,6.724227e-02
3.722339e+00,8.812423e+00,-2.241265e+00,-2.775516e+00,-9.084566e-01,6.730451e-04
3.935189e+00,9.839713e+00,-8.427832e-01,-3.412978e+00,-1.393433e+00,-8.111111e-02
4.243765e+00,1.352991e+01,-3.672452e-01,-4.035836e+00,-1.775551e+00,-1.354030e-02
4.683018e+00,1.643535e+01,-1.324623e-02,-4.353316e+00,-2.328701e+00,-1.119645e-01
-5.143853e+00,1.880101e+01,1.326335e+01,-4.674106e+00,-3.822830e+00,-4.423894e-01
-8.765165e+00,2.052754e+01,1.605790e+01,-3.972841e+00,-3.190037e+00,9.138724e-02
-8.472561e+00,6.304388e+00,1.919380e+01,-1.331244e+00,-3.818028e-01,3.083858e-01
6.328949e-01,6.006815e+00,1.324656e+01,-7.915419e-01,1.533811e+00,5.594318e-01
5.637283e+00,1.094740e+01,1.104305e+01,1.241146e+00,1.736563e+00,3.551773e-01
4.592313e+00,5.050118e+00,1.043812e+01,2.876308e+00,1.471170e+00,-1.867281e-01
5.126659e+00,2.681667e+00,7.949163e+00,4.218196e+00,1.300496e+00,-4.965455e-01
5.555186e+00,2.777331e+00,9.450898e+00,5.100925e+00,1.180250e+00,-8.048849e-01
5.448955e+00,3.055225e+00,1.035687e+01,6.071356e+00,8.404786e-01,-8.733749e-01
5.295340e+00,3.132670e+00,1.074932e+01,6.898428e+00,4.757748e-01,-9.608384e-01
4.575354e+00,2.858949e+00,1.321500e+01,7.789412e+00,-1.730712e-02,-1.029700e+00
3.539543e+00,7.710707e+00,1.177424e+01,8.020479e+00,-3.650590e-01,-7.930079e-01
-1.466062e+00,9.522285e+00,1.025370e+01,7.474560e+00,-4.637789e-01,-7.308318e-01
-9.629440e+00,1.543259e+00,6.434650e+00,5.962908e+00,4.593391e-01,-1.887038e-01
-1.033967e+00,-1.002930e+01,-3.301055e+00,3.030956e+00,2.659343e+00,3.593380e-01
5.508993e+00,-9.883295e+00,-1.558650e+00,-9.045991e-01,2.395535e+00,7.340410e-01
8.259402e+00,1.712295e+01,4.537055e+00,-3.971627e+00,6.410140e-01,1.137732e-01
1.641543e+01,3.892468e+01,4.550367e+00,-2.167669e+00,-2.407006e-01,-3.927309e-03
-1.395083e+01,-2.823974e+00,1.198315e+01,-3.131612e+00,-1.488716e+00,-9.287755e-01
-7.646081e+00,2.565478e+00,1.489932e+01,-3.202797e+00,9.828068e-01,3.198216e-01
2.717260e+00,1.790626e+01,8.380820e+00,-2.659194e+00,2.378787e+00,4.447769e-01
5.535295e+00,1.021878e+01,5.078435e+00,-1.836355e+00,1.621021e+00,4.884728e-01
5.662721e+00,7.585994e+00,5.033434e+00,-1.871655e+00,4.432182e-01,-4.865932e-03
2.537292e+00,9.886046e+00,4.949903e+00,-1.682949e+00,-3.639270e-01,-2.156270e-01
2.767598e-02,9.466451e+00,4.796025e+00,-1.602201e+00,-6.730833e-01,-3.643766e-01
-1.130679e+00,8.932065e+00,4.148967e+00,-1.491509e+00,-6.457554e-01,-3.078315e-01
-1.101592e+00,9.234524e+00,3.960967e+00,-1.423372e+00,-4.050867e-01,-2.003811e-01
-1.400503e+00,8.362923e+00,4.347682e+00,-1.336314e+00,-2.742262e-01,-1.795386e-01
-4.557462e-01,8.114441e+00,4.745185e+00,-1.333180e+00,-5.131977e-02,-7.768173e-02
5.653577e-01,8.537072e+00,4.776591e+00,-1.304444e+00,6.775572e-02,-3.111111e-02
9.173725e-01,8.607752e+00,3.730597e+00,-1.356828e+00,-2.544440e-02,3.944084e-02
8.057130e-01,8.172000e+00,1.234574e+00,-1.518625e+00,-7.349976e-02,8.208028e-02
3.552897e+00,8.702669e+00,-5.815571e-01,-2.090839e+00,-2.565803e-01,7.180875e-02
4.847486e+00,9.655064e+00,3.848800e-01,-2.644069e+00,-8.016477e-01,-5.930696e-02
3.045084e+00,9.889318e+00,4.700060e-01,-3.217005e+00,-1.518465e+00,-1.644444e-01
3.027500e+00,1.541874e+01,-3.593276e-01,-3.755275e+00,-1.853443e+00,-6.076504e-02
2.355512e+00,2.049899e+01,2.833788e+00,-4.079526e+00,-2.569090e+00,-1.458317e-01
-3.517564e+00,1.363225e+01,1.176092e+01,-4.001343e+00,-3.350858e+00,-1.759988e-01
-6.820997e+00,1.894370e+01,1.563951e+01,-3.074993e+00,-2.298863e+00,8.041925e-02
-8.995271e+00,1.070769e+01,1.595608e+01,-1.394771e+00,-1.036238e+00,1.998471e-02
2.556341e+00,7.903572e+00,7.058117e+00,-2.831336e-01,1.358722e+00,3.625329e-01
5.009921e+00,1.266081e+01,6.720630e+00,1.475263e+00,1.750670e+00,3.885481e-01
3.640892e+00,3.949602e+00,8.928925e+00,3.545685e+00,1.382478e+00,-1.936098e-01
4.209986e+00,3.086317e+00,7.408935e+00,4.391269e+00,1.306833e+00,-2.952512e-01
4.596039e+00,3.483222e+00,9.024867e+00,5.272253e+00,1.122461e+00,-6.505658e-01
4.268674e+00,3.948489e+00,9.885755e+00,5.950336e+00,8.802825e-01,-6.430601e-01
4.842558e+00,5.894819e+00,9.848981e+00,6.752945e+00,5.162326e-01,-7.375341e-01
4.066129e+00,4.817065e+00,1.037411e+01,7.015055e+00,8.768560e-02,-7.937394e-01
1.525463e+00,8.065069e+00,8.890669e+00,6.800556e+00,-2.265127e-01,-6.713932e-01
-4.280013e-01,9.027928e+00,7.370094e+00,6.526564e+00,-2.630025e-01,-4.902441e-01
-2.316967e+00,6.813650e+00,3.964358e+00,5.514550e+00,5.420022e-01,-1.096139e-01
1.033827e+00,-1.447130e+00,-6.353098e-01,4.068312e+00,1.209631e+00,-2.399118e-02
3.540272e+00,-2.115185e+00,-3.975210e+00,1.180146e+00,8.606344e-01,4.950575e-02
9.383957e-01,2.780323e-01,3.087484e-01,-1.183615e+00,1.046344e-02,4.708881e-02
-1.858709e+00,1.197534e+01,3.738645e+00,-2.952531e+00,4.653336e-02,-2.017174e-01
2.224219e+00,2.001440e+01,1.300683e+00,-2.479396e+00,1.203530e+00,8.066127e-02
-1.902910e+00,5.081591e+00,9.823259e+00,-3.454848e+00,2.048889e+00,6.260607e-01
3.416817e+00,-1.216519e-01,1.119623e+01,-2.990977e+00,2.670935e+00,7.898011e-01
9.569626e-01,1.418988e+01,1.165130e+01,-2.493224e+00,1.737885e+00,5.169784e-02
4.341274e+00,1.514499e+01,7.704718e+00,-1.985694e+00,8.390130e-01,-1.697887e-01
2.382873e+00,3.758652e+00,4.576055e+00,-1.753254e+00,-3.282284e-01,-2.558602e-01
-2.211928e+00,1.105964e+01,4.584407e+00,-1.691816e+00,-1.431043e-01,-1.945266e-01
-2.061780e+00,1.009744e+01,5.857447e+00,-1.450410e+00,3.652554e-01,-4.104268e-02
1.348896e+00,8.087012e+00,4.022422e+00,-1.293518e+00,1.699929e-01,3.887538e-02
5.800000e-01,9.544820e+00,3.519357e+00,-1.211137e+00,6.567260e-02,1.802187e-02
1.591445e+00,1.013964e+01,3.462528e+00,-1.197368e+00,9.112138e-02,-1.669945e-02
2.239592e+00,8.889056e+00,3.435137e+00,-1.225006e+00,-1.107463e-01,-1.389451e-01
1.191518e+00,9.116109e+00,3.869883e+00,-1.271514e+00,-3.840606e-01,-2.135586e-01
-4.098936e-02,9.420000e+00,4.671693e+00,-1.327601e+00,-5.947606e-01,-2.423321e-01
-9.153625e-01,8.889218e+00,5.152290e+00,-1.345556e+00,-4.406306e-01,-1.413594e-01
8.575784e-03,9.051552e+00,3.924273e+00,-1.365467e+00,-1.886911e-01,6.090908e-02
3.167722e-01,8.863973e+00,2.785146e+00,-1.517786e+00,-1.340181e-01,2.157074e-01
1.124139e+00,8.292611e+00,5.643957e-01,-1.945109e+00,-2.008432e-01,3.367235e-01
4.561611e+00,9.748270e+00,-2.273718e+00,-2.469439e+00,-5.211605e-01,2.706857e-01
4.372225e+00,1.015210e+01,-1.834533e+00,-3.189936e+00,-1.288077e+00,9.564680e-02
4.912709e+00,1.185789e+01,-2.455404e-01,-3.710389e+00,-1.769494e+00,-1.293770e-01
1.020546e+00,1.666424e+01,2.303900e+00,-4.284614e+00,-3.173172e+00,-2.975285e-01
-6.008702e+00,1.702822e+01,1.084475e+01,-4.235797e+00,-4.024957e+00,-1.773094e-01
-1.154686e+01,2.022005e+01,1.537614e+01,-3.391948e+00,-2.392936e+00,-3.971591e-02
-1.045103e+01,8.046987e+00,1.866264e+01,-1.647448e+00,-9.104299e-03,3.478704e-01
1.263758e+00,1.160742e+01,1.029904e+01,-5.395625e-01,2.396638e+00,6.848356e-01
5.756158e+00,1.052937e+01,1.109260e+01,1.328166e+00,2.559410e+00,3.370343e-01
5.998926e+00,4.026524e+00,8.150173e+00,2.778623e+00,2.171534e+00,1.932394e-02
5.926745e+00,4.077656e+00,7.722734e+00,3.582025e+00,1.819728e+00,-3.671803e-01
5.889496e+00,5.389748e+00,9.140627e+00,4.823440e+00,1.267692e+00,-6.177576e-01
5.703533e+00,4.305850e+00,9.780463e+00,5.642622e+00,9.749023e-01,-6.428002e-01
6.322520e+00,3.983546e+00,9.922993e+00,6.388864e+00,4.680966e-01,-6.368213e-01
5.930225e+00,4.097214e+00,1.096523e+01,6.788666e+00,-2.087495e-01,-6.731260e-01
1.999243e+00,6.459264e+00,1.173606e+01,6.992502e+00,-6.897377e-01,-6.788847e-01
-8.578727e-01,4.478983e+00,1.072497e+01,6.696198e+00,-3.455306e-01,-6.335774e-01
-2.607913e+00,5.288648e+00,7.194307e+00,5.647606e+00,3.103283e-01,-1.483878e-01
-2.690000e+00,4.163192e+00,6.727636e+00,4.359249e+00,1.052796e+00,5.931000e-02
4.396105e-01,-3.277294e+00,7.731563e-01,1.382357e+00,1.124470e+00,1.397070e-01
2.437930e+00,-2.577038e+00,2.492676e+00,-1.044056e+00,6.847851e-01,1.176711e-01
8.338446e-01,-5.668725e+00,4.911965e+00,-3.558194e+00,6.803350e-03,-1.314878e-01
2.675772e+00,3.288257e+01,9.768597e+00,-2.664365e+00,4.038379e-01,1.090427e-01
-9.813355e+00,5.550198e+00,4.275008e+00,-1.131156e+00,1.025228e-01,-5.214664e-01
-7.188367e+00,1.686815e+00,9.220736e+00,-2.432583e+00,1.648631e+00,4.902052e-01
1.994968e+00,7.900966e+00,1.025604e+01,-2.602068e+00,2.887632e+00,4.944626e-01
7.039193e+00,1.333396e+01,7.031691e+00,-2.129574e+00,1.572602e+00,6.550777e-02
3.219839e+00,6.024853e+00,6.051874e+00,-1.650438e+00,-3.755424e-01,-3.805891e-01
-2.384353e+00,1.064509e+01,6.042921e+00,-1.638357e+00,-7.864971e-01,-3.638606e-01
-3.461226e+00,9.790398e+00,5.355356e+00,-1.354337e+00,2.785861e-01,-8.317061e-02
8.429896e-01,9.602621e+00,4.015365e+00,-1.349939e+00,5.642112e-01,-8.489899e-04
3.741302e+00,9.073868e+00,3.573586e+00,-1.335272e+00,1.635686e-01,-1.272419e-01
4.458783e+00,1.023958e+01,3.370026e+00,-1.351348e+00,-5.210069e-01,-3.339387e-01
1.399366e-01,8.680176e+00,3.632640e+00,-1.353818e+00,-1.359095e+00,-6.362011e-01
-2.207640e+00,8.573224e+00,3.903758e+00,-1.381488e+00,-1.395796e+00,-6.184537e-01
-2.790524e+00,8.544843e+00,3.461789e+00,-1.430820e+00,-8.878685e-01,-3.685526e-01
-1.328322e+00,8.953020e+00,2.997852e+00,-1.549029e+00,-4.510686e-01,-1.414055e-01
2.234777e+00,8.576896e+00,3.021566e-01,-1.955650e+00,-5.212608e-01,-4.681046e-02
2.824365e+00,7.964874e+00,-1.039637e+00,-2.396830e+00,-9.496187e-01,-9.555556e-02
3.011961e+00,9.830329e+00,-4.709067e-01,-3.121616e+00,-1.458641e+00,-1.186342e-01
2.403519e+00,1.049504e+01,4.451071e-01,-3.624787e+00,-1.665037e+00,-8.823675e-02
5.702589e+00,1.473596e+01,-1.215262e+00,-4.090119e+00,-1.981927e+00,-9.437968e-02
2.348898e+00,1.757781e+01,4.621599e+00,-4.426582e+00,-3.046406e+00,-3.954635e-01
-5.561762e+00,2.034245e+01,1.431008e+01,-4.201840e+00,-3.511601e+00,-1.258482e-01
-1.040654e+01,1.783186e+01,1.551174e+01,-2.802218e+00,-2.050746e+00,-4.753945e-02
-7.357275e-01,5.729871e+00,1.553269e+01,-1.159702e+00,8.838768e-01,3.131367e-01
6.004430e+00,1.415678e+01,8.351206e+00,-1.301215e-02,1.376976e+00,3.467320e-01
2.876023e+00,5.148749e+00,1.033457e+01,2.280579e+00,1.009700e+00,-2.585708e-01
2.448624e+00,3.300126e+00,8.598933e+00,3.285144e+00,1.068934e+00,-3.794101e-01
3.198883e+00,3.457563e+00,8.921980e+00,4.639126e+00,1.243847e+00,-7.846883e-01
3.865627e+00,3.118783e+00,1.002464e+01,5.495182e+00,1.255177e+00,-8.183722e-01
5.283296e+00,3.455330e+00,1.049438e+01,6.430065e+00,1.029360e+00,-8.242669e-01
5.845946e+00,3.215159e+00,1.146452e+01,7.240727e+00,4.998385e-01,-8.663723e-01
4.781993e+00,5.565180e+00,1.276502e+01,7.794701e+00,-4.225511e-01,-9.158503e-01
2.958924e+00,8.411170e+00,1.219414e+01,7.770386e+00,-7.320560e-01,-1.017123e+00
-8.485154e+00,3.689030e+00,7.602732e+00,6.560367e+00,-4.175579e-01,-1.082605e+00
-1.312424e+01,-1.997879e+00,6.989904e+00,4.488211e+00,1.665663e+00,-3.018458e-01
-2.780884e+00,-9.556243e+00,-6.592656e-01,2.957273e-01,3.658513e+00,8.891208e-01
6.017419e+00,-8.147053e+00,4.405516e+00,-2.822869e+00,2.771374e+00,5.502742e-01
1.358530e+01,3.889671e+01,3.083526e+00,-3.329580e+00,1.532473e+00,6.065668e-01
1.100457e+01,2.385580e+01,1.410261e+00,-1.399875e+00,4.045234e-01,-6.233048e-01
-2.510210e+00,1.050688e+00,1.032528e+01,-3.235736e+00,9.230878e-01,3.078381e-01
-6.378218e+00,1.094523e+01,1.357477e+01,-2.970572e+00,1.493291e+00,-6.640544e-02
2.905044e+00,1.202260e+01,8.479573e+00,-2.030140e+00,1.083970e+00,1.570229e-01
3.674180e+00,5.976798e+00,6.672454e+00,-1.794495e+00,5.007268e-01,6.734174e-03
8.165411e-01,1.104207e+01,6.447756e+00,-1.546658e+00,8.435411e-01,1.498013e-01
4.348442e+00,1.104436e+01,5.450229e+00,-1.426092e+00,4.889077e-01,-8.716969e-02
2.578292e+00,8.773523e+00,4.391210e+00,-1.375182e+00,-2.727960e-01,-2.731566e-01
2.510270e-01,1.024522e+01,4.305138e+00,-1.324329e+00,-6.524905e-01,-3.474330e-01
-1.348655e+00,9.537819e+00,4.118865e+00,-1.243580e+00,-7.136355e-01,-3.567487e-01
-4.750345e-01,8.378776e+00,3.575882e+00,-1.220254e+00,-6.741747e-01,-3.448412e-01
-1.883066e-01,8.321759e+00,2.903274e+00,-1.306229e+00,-7.283640e-01,-3.099913e-01
-3.075262e-01,8.291042e+00,3.001276e+00,-1.395337e+00,-6.472135e-01,-2.412883e-01
9.372166e-01,8.826557e+00,2.998996e+00,-1.611076e+00,-4.625604e-01,-9.178073e-02
1.413251e+00,8.115770e+00,-4.066714e-01,-1.895994e+00,-5.338455e-01,-2.035602e-02
2.384460e+00,8.329565e+00,-1.142042e+00,-2.468215e+00,-7.046571e-01,5.109565e-02
3.558523e+00,9.159020e+00,-5.929485e-01,-3.061589e+00,-1.051547e+00,4.712526e-02
4.959693e+00,1.091929e+01,-1.247665e+00,-3.689243e+00,-1.459550e+00,-3.941020e-02
7.558990e+00,1.387894e+01,-1.639410e+00,-4.191281e+00,-2.160759e+00,-2.334597e-01
1.611319e-01,1.915204e+01,9.753388e+00,-4.635339e+00,-3.888430e+00,-6.169689e-01
-1.015429e+01,2.261191e+01,1.687444e+01,-4.164728e+00,-4.023559e+00,-2.551318e-01
-1.425432e+01,1.685671e+01,1.676071e+01,-1.709786e+00,-1.078054e+00,4.190474e-01
-3.418650e+00,3.815256e+00,1.916390e+01,-8.147070e-01,1.666432e+00,7.762794e-01
8.058146e+00,1.259812e+01,1.007108e+01,9.222876e-01,2.277481e+00,7.129870e-01
7.867454e+00,7.053891e+00,1.083576e+01,2.691132e+00,1.640646e+00,3.124677e-02
5.160766e+00,2.575192e+00,8.019872e+00,4.139690e+00,8.181847e-01,-4.373978e-01
3.540979e+00,2.562631e+00,8.979171e+00,5.005175e+00,7.440333e-01,-8.109751e-01
3.281627e+00,3.139301e+00,1.047232e+01,5.970689e+00,8.551468e-01,-8.547984e-01
3.914411e+00,3.173719e+00,1.105771e+01,6.822171e+00,8.351715e-01,-8.062156e-01
4.644442e+00,2.934412e+00,1.302557e+01,7.821066e+00,3.503531e-01,-7.533628e-01
4.902690e+00,5.304226e+00,1.226343e+01,8.054112e+00,9.479651e-02,-6.660863e-01
6.351314e-01,7.964184e+00,1.047815e+01,7.620116e+00,-2.624695e-01,-7.734343e-01
-8.341841e+00,3.405382e+00,5.976474e+00,6.124495e+00,2.449840e-01,-6.431098e-01
-7.657408e+00,-5.891114e+00,4.975045e+00,2.887768e+00,2.679454e+00,3.201005e-01
4.110364e+00,-1.023334e+01,-1.461255e+00,-2.389236e-01,2.697221e+00,7.684061e-01
5.114766e+00,9.614338e-01,9.807176e+00,-3.918443e+00,1.218065e+00,5.800840e-02
8.470328e+00,3.297453e+01,6.796559e+00,-2.953411e+00,5.081020e-01,4.931049e-01
-3.438387e+00,-3.291466e+00,3.360758e-01,-1.756470e+00,-1.299745e+00,-1.374154e+00
-1.042836e+01,1.303699e-01,1.159331e+01,-2.764319e+00,5.054177e-01,2.444327e-01
-6.704169e+00,1.400831e+01,1.310261e+01,-2.559325e+00,2.438095e+00,2.593266e-01
2.980609e+00,1.412160e+01,8.465910e+00,-1.765723e+00,2.556548e+00,4.257684e-01
7.211014e+00,5.146383e+00,4.921305e+00,-1.520071e+00,8.650963e-01,7.398785e-02
2.115042e+00,1.088333e+01,4.247915e+00,-1.411670e+00,2.799111e-01,-8.935040e-02
1.636017e+00,1.057620e+01,3.623162e+00,-1.349444e+00,6.927537e-02,-1.829298e-01
8.284710e-01,9.405020e+00,3.184574e+00,-1.307321e+00,-3.347799e-01,-3.083406e-01
-5.540411e-01,9.040733e+00,3.365849e+00,-1.315899e+00,-2.794239e-01,-2.058454e-01
2.192045e+00,9.903129e+00,2.846912e+00,-1.331207e+00,-3.792595e-01,-2.482827e-01
1.272620e+00,8.581370e+00,2.824401e+00,-1.369878e+00,-8.661593e-01,-4.394817e-01
-5.617016e-01,8.349021e+00,2.891907e+00,-1.475423e+00,-1.100133e+00,-5.064894e-01
-1.483551e+00,7.468318e+00,3.458521e+00,-1.621860e+00,-5.919491e-01,-2.215240e-01
8.879104e-01,8.583935e+00,3.952869e+00,-1.735931e+00,-3.082988e-01,-3.370483e-02
1.538805e+00,8.695248e+00,2.052071e+00,-1.914359e+00,-3.887627e-01,5.944722e-02
1.204142e+00,8.709718e+00,3.437697e-01,-2.239398e+00,-5.981139e-01,9.942401e-02
2.059940e+00,9.584671e+00,1.653294e-01,-2.818127e+00,-1.024127e+00,1.033765e-01
1.479617e+00,9.899617e+00,3.667993e-01,-3.205021e+00,-1.169246e+00,1.719301e-01
4.078372e+00,1.267322e+01,-1.485769e+00,-3.687020e+00,-1.391830e+00,1.706386e-01
4.327814e+00,1.511638e+01,-8.370178e-02,-4.082137e+00,-2.120842e+00,-8.543735e-02
-2.756759e-01,1.640946e+01,7.553330e+00,-4.458719e+00,-3.567078e+00,-4.130786e-01
-6.147912e+00,2.106358e+01,1.506414e+01,-3.771454e+00,-3.249458e+00,-9.656816e-02
-9.469025e+00,8.215319e+00,1.789826e+01,-1.510327e+00,-1.284697e+00,3.286434e-02
-1.454456e+00,3.955688e+00,1.476807e+01,-7.979782e-01,9.786371e-01,3.187283e-01
4.450000e+00,1.204233e+01,1.024529e+01,1.351562e+00,1.590614e+00,-1.615479e-03
3.743793e+00,5.710833e+00,1.053130e+01,2.567873e+00,1.652546e+00,-3.232056e-01
4.870570e+00,3.508434e+00,8.193132e+00,3.836709e+00,1.757276e+00,-6.047381e-01
5.758513e+00,3.012231e+00,9.218137e+00,4.804912e+00,1.691494e+00,-9.041383e-01
6.334040e+00,2.841949e+00,9.849025e+00,6.006648e+00,1.199926e+00,-1.020552e+00
6.300181e+00,3.948312e+00,1.021235e+01,6.809977e+00,6.134260e-01,-1.080295e+00
4.894129e+00,3.373710e+00,1.337767e+01,7.681014e+00,-1.522354e-01,-1.054340e+00
4.233070e+00,7.806533e+00,1.194904e+01,7.859831e+00,-3.409005e-01,-8.632232e-01
5.588502e-01,7.682413e+00,9.694755e+00,7.352501e+00,-5.259951e-01,-9.661269e-01
-1.087613e+01,1.712974e+00,5.202551e+00,5.570654e+00,3.018581e-01,-6.543453e-01
-1.052893e+01,-7.104938e+00,5.456897e+00,2.053390e+00,3.450032e+00,6.649259e-01
3.880055e+00,-1.008909e+01,5.253047e-01,-9.028067e-01,3.655121e+00,1.085668e+00
6.877457e+00,1.193518e+01,5.436358e+00,-3.941204e+00,2.072192e+00,5.468679e-01
1.372211e+01,3.634664e+01,7.230000e+00,-1.784063e+00,1.140370e+00,4.764032e-01
-7.179309e+00,-4.865476e+00,7.344219e+00,-2.966149e+00,-5.486795e-01,-6.055912e-01
-5.657952e+00,2.839060e+00,1.382537e+01,-3.020289e+00,8.813091e-01,1.425621e-01
-2.148394e+00,1.522949e+01,1.057314e+01,-2.294599e+00,1.877001e+00,1.397494e-01
3.362265e+00,1.085408e+01,7.422560e+00,-1.522305e+00,1.271045e+00,3.097398e-01
2.303090e+00,8.230247e+00,6.456040e+00,-1.473107e+00,6.739663e-01,8.592866e-02
3.785784e+00,1.104245e+01,4.638072e+00,-1.302383e+00,3.499013e-01,-3.581407e-02
1.307953e+00,9.739146e+00,4.036272e+00,-1.282020e+00,-4.401047e-01,-3.002660e-01
-3.632714e-01,9.594392e+00,4.217384e+00,-1.214263e+00,-5.000994e-01,-2.516241e-01
9.246003e-01,1.018732e+01,3.581175e+00,-1.161410e+00,-5.660360e-01,-2.923129e-01
1.123864e+00,9.145138e+00,2.871182e+00,-1.183638e+00,-8.740524e-01,-3.938358e-01
-6.525795e-01,8.299459e+00,2.800541e+00,-1.282088e+00,-1.074221e+00,-4.303785e-01
-1.442525e+00,8.219502e+00,2.560399e+00,-1.419173e+00,-8.477789e-01,-2.602856e-01
-4.375422e-01,8.098558e+00,2.069317e+00,-1.695863e+00,-3.133740e-01,4.897769e-02
1.583304e+00,8.447834e+00,8.543122e-01,-1.950023e+00,-2.932334e-01,1.533312e-01
2.323930e+00,9.450059e+00,-1.879766e+00,-2.505000e+00,-6.755741e-01,1.975486e-01
2.484725e+00,9.415595e+00,-2.236261e+00,-3.047712e+00,-1.021893e+00,2.022815e-01
3.468234e+00,1.057789e+01,-9.079482e-01,-3.797276e+00,-1.282830e+00,2.314136e-01
5.203166e+00,1.355845e+01,-1.595251e+00,-4.198125e+00,-1.777131e+00,1.264505e-01
4.371273e-01,1.685751e+01,5.895000e+00,-4.807813e+00,-3.371744e+00,-2.866073e-01
-6.038027e+00,2.315977e+01,1.539881e+01,-4.340787e+00,-3.540787e+00,-9.380002e-02
-1.095247e+01,1.777569e+01,1.595135e+01,-1.860130e+00,-9.843039e-01,2.725419e-01
-3.299114e+00,4.283724e+00,1.918486e+01,-1.079722e+00,9.720323e-01,4.391055e-01
5.631700e+00,1.236062e+01,1.010108e+01,5.819798e-01,1.688536e+00,3.141166e-01
4.747948e+00,7.942494e+00,1.084207e+01,2.398947e+00,1.566565e+00,-1.661340e-01
4.679963e+00,2.598195e+00,7.784586e+00,3.843432e+00,1.582910e+00,-5.985060e-01
5.916290e+00,3.213145e+00,8.512328e+00,4.649973e+00,1.513643e+00,-8.936798e-01
6.412423e+00,3.178788e+00,1.145520e+01,5.874549e+00,1.178784e+00,-1.144846e+00
6.248435e+00,3.372789e+00,1.163776e+01,6.507386e+00,8.482631e-01,-1.239349e+00
4.594266e+00,4.437246e+00,1.360136e+01,7.668186e+00,7.058210e-03,-1.188365e+00
4.719693e+00,6.463711e+00,1.274358e+01,7.843258e+00,-1.783457e-01,-1.051301e+00
1.632121e+00,5.729309e+00,9.714470e+00,6.925638e+00,-4.305892e-01,-1.120127e+00
-7.980310e+00,1.832686e+00,6.364371e+00,6.007796e+00,-1.709730e-01,-1.030399e+00
-6.643540e+00,-5.044543e+00,3.684181e+00,3.480342e+00,1.980312e+00,1.479862e-02
3.242376e+00,-8.263988e+00,1.041144e+00,8.568193e-01,3.334480e+00,1.120386e+00
7.492436e+00,3.482349e+00,3.338978e+00,-2.714626e+00,2.342875e+00,5.924318e-01
1.875904e+01,3.895257e+01,4.370843e+00,-2.881148e+00,1.213308e+00,6.296266e-01
-7.121852e+00,-2.837272e+00,9.673077e+00,-2.451475e+00,-1.415809e+00,-1.533078e+00
-8.106178e+00,2.232844e+00,1.464001e+01,-3.066233e+00,-3.949193e-01,-3.025326e-01
-3.808151e+00,1.525630e+01,1.166044e+01,-2.290664e+00,1.694894e+00,3.183193e-01
2.329364e+00,9.756978e+00,6.531990e+00,-1.414750e+00,1.830940e+00,5.246289e-01
4.790975e+00,8.939353e+00,3.654788e+00,-1.382095e+00,1.420113e+00,3.050726e-01
5.566017e+00,1.075866e+01,3.567991e+00,-1.252918e+00,6.667309e-01,6.753821e-02
8.797772e-01,9.475549e+00,3.837656e+00,-1.304741e+00,-4.165970e-01,-2.801912e-01
1.619473e-01,9.667811e+00,3.648119e+00,-1.311402e+00,-6.679115e-01,-2.846011e-01
1.166474e+00,9.461342e+00,2.744868e+00,-1.274994e+00,-6.846056e-01,-3.034711e-01
8.739647e-01,8.922220e+00,2.310317e+00,-1.310888e+00,-9.441910e-01,-3.986386e-01
-2.351413e+00,8.162017e+00,2.863581e+00,-1.405244e+00,-1.256174e+00,-4.769389e-01
-2.299615e+00,7.804638e+00,2.923462e+00,-1.486167e+00,-1.042501e+00,-3.877349e-01
5.767208e-01,8.044137e+00,3.852240e+00,-1.639422e+00,-5.429312e-01,-1.457298e-01
1.522053e+00,8.224851e+00,3.499614e+00,-1.742947e+00,-4.264370e-01,-4.756667e-02
1.471353e+00,7.332785e+00,1.944854e+00,-1.997575e+00,-6.154499e-01,1.347584e-02
1.376423e+00,7.939858e+00,1.042235e+00,-2.307281e+00,-8.559837e-01,8.246433e-02
2.594461e+00,9.839095e+00,2.513956e-02,-2.872963e+00,-1.196101e+00,9.467841e-02
1.667353e+00,1.095172e+01,-1.699850e-01,-3.300467e+00,-1.534267e+00,7.000000e-02
1.914750e+00,1.681684e+01,1.577432e+00,-3.884133e+00,-1.979591e+00,1.558196e-02
-9.276057e-01,1.690612e+01,6.428253e+00,-4.099714e+00,-2.450211e+00,-1.999190e-01
-4.174686e+00,1.907126e+01,1.438121e+01,-4.073273e+00,-2.886230e+00,-4.662236e-02
-6.467563e+00,1.681892e+01,1.471343e+01,-2.778840e+00,-1.745218e+00,-5.561489e-02
3.394627e+00,4.540594e+00,1.203560e+01,-9.856647e-01,5.350208e-01,-1.228883e-01
8.038575e+00,1.214935e+01,6.730416e+00,-3.335130e-01,1.056062e+00,-2.646086e-01
3.745238e+00,4.898467e+00,9.418213e+00,1.881657e+00,7.285604e-01,-1.039738e+00
3.733330e+00,3.563332e+00,8.040003e+00,2.959367e+00,8.243119e-01,-1.317535e+00
4.870187e+00,4.550777e+00,8.586430e+00,4.315245e+00,1.115072e+00,-1.727510e+00
5.096489e+00,4.359448e+00,1.067525e+01,5.154734e+00,1.112515e+00,-1.811544e+00
5.610177e+00,4.610779e+00,1.144979e+01,6.279186e+00,9.338641e-01,-1.678022e+00
6.074144e+00,4.204202e+00,1.335566e+01,7.135933e+00,4.446289e-01,-1.468939e+00
5.550854e+00,8.035844e+00,1.142057e+01,7.684901e+00,-3.569712e-01,-1.076885e+00
5.885966e-01,7.154347e+00,1.016203e+01,7.491407e+00,-7.865205e-01,-1.029322e+00
-1.070994e+01,2.248856e+00,5.105193e+00,5.717985e+00,2.820513e-01,-6.789547e-01
-6.319457e+00,-7.069051e+00,2.402797e+00,4.186626e+00,2.188741e+00,-2.510317e-01
5.045592e+00,-8.527941e+00,2.381170e-01,-2.764402e-01,3.662672e+00,1.292758e+00
5.676715e+00,-2.240671e+00,6.803475e+00,-2.928366e+00,2.569212e+00,7.564084e-01
1.482362e+01,3.452934e+01,2.763951e+00,-3.030025e+00,1.096110e+00,5.428450e-01
-5.226865e+00,3.223007e+00,5.934519e+00,-1.113926e+00,-6.185743e-01,-9.309119e-01
-7.989649e+00,3.898426e+00,1.157868e+01,-2.542897e+00,3.923395e-01,1.451130e-02
-7.210850e+00,1.182902e+01,1.214744e+01,-2.262764e+00,1.853856e+00,3.316952e-01
3.097666e+00,1.079885e+01,7.739625e+00,-1.567483e+00,2.709186e+00,5.870418e-01
8.013634e+00,8.197009e+00,4.502468e+00,-1.139357e+00,1.952937e+00,4.778807e-01
3.640222e+00,1.058469e+01,3.751793e+00,-1.065766e+00,2.644121e-01,-1.075146e-01
1.488245e+00,1.019194e+01,3.408963e+00,-1.018611e+00,-2.705552e-01,-3.222987e-01
-4.514816e-01,9.674054e+00,2.403626e+00,-1.067135e+00,-6.525295e-01,-4.086094e-01
-6.143765e-01,9.147562e+00,2.040235e+00,-1.060535e+00,-7.587242e-01,-3.771193e-01
8.432892e-01,8.940595e+00,1.422512e+00,-1.192261e+00,-9.667595e-01,-4.366996e-01
-7.144383e-01,8.785139e+00,1.640693e+00,-1.332268e+00,-1.220890e+00,-5.295733e-01
-1.957708e+00,8.492450e+00,3.254953e+00,-1.495425e+00,-1.031829e+00,-4.349022e-01
8.279939e-01,9.110625e+00,2.967435e+00,-1.650442e+00,-5.554908e-01,-2.112243e-01
2.380000e+00,8.834929e+00,1.370704e+00,-1.912065e+00,-5.721209e-01,-1.007704e-01
1.541841e+00,8.258655e+00,-4.548954e-01,-2.207322e+00,-8.181607e-01,-9.773683e-02
1.982726e-01,9.614703e+00,1.231540e+00,-2.765142e+00,-1.139027e+00,-8.963966e-02
-5.153996e-01,9.487800e+00,2.087600e+00,-3.147544e+00,-1.203904e+00,-3.319305e-02
3.868247e+00,1.080031e+01,-2.774903e-01,-3.603093e+00,-1.035600e+00,1.249023e-01
5.247511e+00,1.407272e+01,-1.237397e+00,-3.942525e+00,-1.466361e+00,-1.429044e-02
2.087902e+00,1.496706e+01,6.617994e+00,-4.389892e+00,-2.744059e+00,-6.384533e-01
-2.482441e+00,1.675728e+01,1.447451e+01,-4.365602e+00,-3.784838e+00,-7.922337e-01
-6.448359e+00,1.665768e+01,1.499780e+01,-2.669839e+00,-2.526390e+00,-8.323886e-01
-3.970783e+00,4.802605e+00,1.677774e+01,-1.236375e+00,-7.650793e-01,-6.931563e-01
4.636722e+00,1.264000e+01,8.798713e+00,-3.986317e-01,8.353708e-01,-5.753958e-01
3.175142e+00,8.449160e+00,1.108055e+01,1.453071e+00,1.195416e+00,-9.488963e-01
4.159250e+00,3.823911e+00,8.088322e+00,3.183280e+00,1.991138e+00,-1.062693e+00
7.603646e+00,4.658524e+00,8.525655e+00,4.105380e+00,2.243762e+00,-1.223931e+00
9.293773e+00,4.459722e+00,9.614535e+00,5.265231e+00,1.898934e+00,-1.296011e+00
9.060396e+00,4.139141e+00,9.695089e+00,6.166415e+00,9.999108e-01,-1.217294e+00
6.629986e+00,3.922477e+00,1.190702e+01,7.145196e+00,-4.692773e-01,-9.937001e-01
4.836785e+00,5.746430e+00,1.322584e+01,7.500766e+00,-1.160171e+00,-7.885580e-01
2.757822e+00,7.062691e+00,1.265084e+01,7.700999e+00,-1.557797e+00,-4.917130e-01
-5.227094e+00,2.250814e+00,5.950403e+00,6.752382e+00,-1.216156e+00,-7.121762e-01
-1.216448e+01,-3.539423e+00,6.438309e+00,3.505465e+00,1.231191e+00,-8.888904e-02
-2.167852e+00,-8.613810e+00,1.793100e+00,1.330796e+00,2.728062e+00,8.745671e-01
5.456951e+00,3.195292e+00,2.187367e+00,-2.463607e+00,2.621994e+00,1.048616e+00
1.383265e+01,3.609408e+01,7.316001e+00,-2.998309e+00,1.292505e+00,4.834838e-01
-2.567841e+00,-1.844646e-01,3.540894e+00,-1.647386e+00,-1.963913e+00,-1.503675e+00
-9.653948e+00,3.512913e+00,1.094597e+01,-2.526606e+00,-1.049798e+00,-5.795864e-01
-5.978199e+00,1.318317e+01,9.519331e+00,-2.193523e+00,1.646206e+00,3.580749e-01
7.796271e-01,1.166956e+01,6.741379e+00,-1.814059e+00,2.350651e+00,3.973234e-01
7.583768e+00,7.435629e+00,3.326381e+00,-1.423581e+00,1.172444e+00,2.094934e-01
4.899363e+00,1.006321e+01,2.955765e+00,-1.459919e+00,7.148896e-02,-1.528490e-01
-1.134990e+00,9.400062e+00,3.787762e+00,-1.484112e+00,-7.383019e-01,-3.696604e-01
-1.796646e+00,9.193291e+00,3.899102e+00,-1.514727e+00,-6.870926e-01,-3.364815e-01
-3.755978e-02,9.178495e+00,3.694709e+00,-1.489763e+00,-4.740198e-01,-2.119599e-01
2.058804e+00,9.517316e+00,3.484877e+00,-1.511538e+00,-5.897949e-01,-2.197231e-01
1.462228e-01,8.559835e+00,4.121149e+00,-1.496002e+00,-1.131672e+00,-4.140246e-01
-1.828920e+00,8.431594e+00,4.478869e+00,-1.488818e+00,-1.288439e+00,-4.295977e-01
-1.748847e+00,8.753824e+00,4.904896e+00,-1.414661e+00,-6.585516e-01,-1.711062e-01
1.313089e+00,9.524250e+00,3.380844e+00,-1.425419e+00,-4.064536e-01,-4.611289e-02
2.288780e+00,9.055610e+00,1.139020e+00,-1.696889e+00,-5.911714e-01,2.950971e-02
1.972858e+00,9.313825e+00,-1.670399e-01,-2.045060e+00,-8.470741e-01,2.801325e-02
9.067483e-01,8.930552e+00,1.250430e+00,-2.635823e+00,-1.167698e+00,1.961052e-02
1.480630e+00,1.050844e+01,2.231757e+00,-2.971999e+00,-1.167689e+00,1.320885e-01
5.044256e+00,1.208720e+01,-1.850000e+00,-3.364623e+00,-1.321447e+00,1.853995e-01
4.008853e+00,1.355229e+01,-2.951025e-01,-3.709033e+00,-2.061853e+00,-1.726710e-02
2.660029e-01,1.484215e+01,5.877408e+00,-4.279670e+00,-3.256657e+00,-3.675949e-01
-7.911803e+00,2.121104e+01,1.471542e+01,-4.103859e+00,-3.616364e+00,-1.383335e-01
-1.378126e+01,9.230998e+00,1.798175e+01,-1.986812e+00,-1.847002e+00,2.657007e-01
-5.690304e+00,2.618329e+00,1.783169e+01,-7.999424e-01,9.868534e-01,7.465827e-01
5.235788e+00,1.211482e+01,1.020335e+01,1.075655e+00,2.244828e+00,7.716357e-01
5.774652e+00,5.346482e+00,1.081259e+01,2.432871e+00,2.072501e+00,3.553831e-01
5.475042e+00,3.260056e+00,8.567521e+00,4.112019e+00,1.462267e+00,-1.336285e-01
5.389058e+00,3.017219e+00,9.310942e+00,4.950426e+00,1.331148e+00,-5.919205e-01
4.784526e+00,4.579805e+00,1.053221e+01,5.942419e+00,1.049970e+00,-7.602804e-01
4.719258e+00,4.574664e+00,1.052223e+01,6.873982e+00,8.147234e-01,-9.037355e-01
5.005175e+00,3.554642e+00,1.205694e+01,7.723882e+00,4.934881e-01,-9.622865e-01
4.892140e+00,9.261912e+00,1.193192e+01,7.861960e+00,6.081254e-02,-7.458382e-01
2.172256e+00,1.009082e+01,8.891872e+00,7.847619e+00,-5.404586e-01,-6.917992e-01
-6.078154e+00,3.739539e+00,5.140173e+00,6.760622e+00,-2.977796e-01,-9.163640e-01
-1.808409e+00,-5.694310e+00,-3.156590e+00,4.465445e+00,1.210826e+00,-4.971263e-01
3.088908e+00,-8.854647e+00,-5.898769e+00,1.167966e+00,1.813163e+00,3.115519e-01
8.152500e-01,-2.843750e+00,6.094000e+00,-3.140118e+00,5.919129e-01,1.509129e-01
2.815042e+00,1.914181e+01,9.536069e+00,-4.513410e+00,4.643445e-01,1.711797e-01
6.557788e+00,2.964497e+01,2.864972e+00,-1.565513e+00,4.110665e-01,-1.720503e-01
-1.026048e+01,-3.363717e-01,7.398867e+00,-2.237826e+00,1.469871e-02,-4.759776e-01
-3.150889e+00,5.919530e+00,1.131188e+01,-2.549150e+00,2.737577e+00,7.157424e-01
4.575486e-02,1.341198e+01,1.046212e+01,-2.381433e+00,2.900713e+00,5.705634e-01
6.623989e+00,7.854586e+00,7.173818e+00,-1.685576e+00,1.646226e+00,9.647207e-02
6.148342e+00,7.292920e+00,5.431203e+00,-1.459521e+00,2.648159e-01,-1.512331e-01
-2.025213e+00,1.084280e+01,5.010995e+00,-1.256540e+00,-3.909341e-01,-2.936617e-01
-1.867967e+00,9.943691e+00,4.385276e+00,-1.197736e+00,1.207224e-01,-1.518856e-01
1.097320e+00,9.096323e+00,3.002411e+00,-1.097140e+00,3.350384e-01,-9.526158e-02
2.462414e+00,9.336824e+00,2.497008e+00,-1.092131e+00,9.857176e-02,-1.151282e-01
2.119790e+00,9.829672e+00,1.959436e+00,-1.159825e+00,-6.771339e-01,-3.136255e-01
1.090388e-01,8.894646e+00,1.852365e+00,-1.246678e+00,-1.137889e+00,-4.545975e-01
-2.947880e+00,8.814040e+00,2.617322e+00,-1.338744e+00,-1.292536e+00,-5.171739e-01
-2.072013e+00,8.207121e+00,2.461362e+00,-1.462942e+00,-9.845012e-01,-3.848960e-01
2.054991e+00,8.978583e+00,1.840145e+00,-1.769795e+00,-7.126816e-01,-1.685723e-01
1.899739e+00,8.474939e+00,1.129162e+00,-1.995195e+00,-8.582167e-01,-1.573050e-01
1.140038e+00,9.628907e+00,1.494988e-01,-2.471263e+00,-1.061636e+00,-4.204309e-02
1.476767e+00,9.893919e+00,2.391977e-01,-2.899783e+00,-1.149490e+00,1.337392e-03
1.704306e+00,9.992557e+00,1.271256e+00,-3.472539e+00,-1.236023e+00,9.486388e-02
4.457448e+00,1.411949e+01,-1.740543e+00,-3.843976e+00,-1.450861e+00,5.126703e-02
1.527102e+00,1.510978e+01,3.517833e+00,-4.299256e+00,-2.541836e+00,-4.133429e-01
-3.016699e+00,1.537075e+01,1.134751e+01,-4.512249e+00,-3.695129e+00,-6.838284e-01
-5.167472e+00,1.878894e+01,1.482290e+01,-3.354281e+00,-2.413897e+00,-6.664199e-01
-4.312306e+00,7.632292e+00,1.623212e+01,-1.921790e+00,-1.275136e+00,-7.228139e-01
4.842694e+00,1.001778e+01,8.232371e+00,-7.595114e-01,6.934874e-01,-7.239833e-01
5.281591e+00,9.476479e+00,9.539942e+00,1.003412e+00,1.028860e+00,-1.137329e+00
3.914836e+00,4.585568e+00,8.496087e+00,2.824509e+00,1.315995e+00,-1.411573e+00
5.049208e+00,4.671233e+00,7.616963e+00,3.615258e+00,1.623240e+00,-1.506521e+00
6.466068e+00,4.504303e+00,1.012176e+01,4.983037e+00,1.740202e+00,-1.695353e+00
6.805768e+00,4.610703e+00,1.053114e+01,5.954624e+00,1.560491e+00,-1.635532e+00
7.753109e+00,4.259119e+00,1.133409e+01,7.137328e+00,6.946732e-01,-1.312002e+00
7.607912e+00,7.084315e+00,1.199118e+01,7.455692e+00,-2.038135e-01,-1.008128e+00
6.208778e+00,8.356937e+00,9.722670e+00,7.670176e+00,-1.493633e+00,-7.989924e-01
1.073084e+00,4.715571e+00,6.750214e+00,6.959990e+00,-1.839098e+00,-1.242614e+00
-1.592114e+01,-2.187304e+00,7.374628e+00,4.152147e+00,6.438913e-01,-6.573154e-01
-6.528770e+00,-8.366841e+00,-1.027077e+00,2.168136e+00,2.724190e+00,8.523187e-01
4.437744e+00,-5.359736e+00,5.549627e+00,-1.822076e+00,3.188336e+00,1.151400e+00
1.115225e+01,1.303673e+01,7.444690e+00,-4.111874e+00,1.957075e+00,9.046878e-01
1.182576e+01,2.015060e+01,9.604118e-01,-7.875639e-01,-1.276974e+00,-1.109241e+00
-1.605198e+01,-6.439560e-01,1.086110e+01,-1.966362e+00,-2.847709e+00,-1.595388e+00
-7.222298e+00,8.476268e+00,1.229232e+01,-2.522369e+00,8.396944e-01,4.467943e-01
-8.729243e+00,1.135158e+01,1.115922e+01,-2.078910e+00,2.306526e+00,4.382493e-01
6.525132e+00,9.976457e+00,6.383380e+00,-1.416229e+00,2.300104e+00,7.494843e-01
8.557740e+00,8.690108e+00,3.261465e+00,-1.367123e+00,1.080759e+00,2.142459e-01
1.574155e+00,1.003429e+01,3.471634e+00,-1.333697e+00,-5.738268e-01,-2.792935e-01
-7.641523e-01,1.017257e+01,3.438538e+00,-1.412403e+00,-9.767699e-01,-4.038888e-01
-1.815389e+00,8.500384e+00,2.934231e+00,-1.424833e+00,-8.407839e-01,-2.970038e-01
5.161811e-01,9.396384e+00,2.672972e+00,-1.464376e+00,-6.613865e-01,-2.134022e-01
1.578971e+00,9.288488e+00,2.953520e+00,-1.526152e+00,-1.022102e+00,-3.742288e-01
-5.171569e-01,8.918587e+00,3.578550e+00,-1.557477e+00,-1.379637e+00,-5.081790e-01
-2.452468e+00,8.494719e+00,4.644313e+00,-1.591672e+00,-1.036118e+00,-3.505564e-01
-1.093281e+00,8.376219e+00,4.747412e+00,-1.599062e+00,-6.215288e-01,-1.226068e-01
2.012895e+00,8.960643e+00,1.262506e+00,-1.763065e+00,-2.752429e-01,1.448334e-01
2.228913e+00,8.960000e+00,2.241578e-02,-2.082500e+00,-5.810994e-01,1.412308e-01
2.708757e+00,9.464068e+00,-4.428248e-01,-2.716718e+00,-1.174717e+00,2.096396e-02
2.549269e+00,1.006805e+01,2.051203e-01,-3.127030e+00,-1.432678e+00,1.526064e-03
4.287288e+00,1.309761e+01,-1.965396e+00,-3.674697e+00,-1.684705e+00,-2.956637e-03
4.463750e+00,1.488454e+01,-6.968069e-01,-4.125707e+00,-2.290995e+00,-2.527197e-01
-2.698380e+00,1.766828e+01,1.177233e+01,-4.594633e+00,-3.813714e+00,-6.981107e-01
-4.994720e+00,2.038312e+01,1.517018e+01,-3.899165e+00,-3.340245e+00,-4.154777e-01
-8.219949e+00,8.519660e+00,1.831892e+01,-1.743369e+00,-1.538944e+00,-5.206629e-01
7.933326e-01,6.663800e+00,1.338430e+01,-9.025711e-01,5.913723e-01,-3.342011e-01
5.493562e+00,9.736884e+00,9.846096e+00,1.443854e+00,1.126598e+00,-7.240116e-01
3.762802e+00,4.463672e+00,9.773149e+00,2.654396e+00,1.046299e+00,-9.922151e-01
4.267274e+00,2.984395e+00,7.995582e+00,3.968397e+00,1.294662e+00,-1.215535e+00
4.512404e+00,3.376923e+00,8.794711e+00,4.979452e+00,1.458301e+00,-1.445515e+00
5.055128e+00,3.634196e+00,1.075182e+01,6.203534e+00,1.391426e+00,-1.354202e+00
5.910300e+00,4.063672e+00,1.195139e+01,6.939518e+00,1.158194e+00,-1.249646e+00
6.175852e+00,5.564545e+00,1.225881e+01,7.833577e+00,3.458430e-01,-1.001805e+00
6.769331e+00,9.002223e+00,1.100189e+01,7.990321e+00,-4.152755e-01,-6.708324e-01
-5.943189e-01,4.666354e+00,7.189410e+00,7.019485e+00,-1.155655e+00,-1.014695e+00
-1.439853e+01,8.220571e-01,6.275968e+00,5.314512e+00,-3.801658e-01,-9.695363e-01
-3.752330e+00,-1.008707e+01,-2.419653e+00,1.998517e+00,2.771641e+00,4.000761e-01
3.603969e+00,-9.266433e+00,2.544439e+00,-1.505135e+00,3.273338e+00,1.006223e+00
4.984331e+00,1.833028e+01,8.425549e+00,-4.111361e+00,1.805341e+00,6.926184e-01
9.941787e+00,2.774780e+01,1.341611e+00,-4.920573e-01,1.006607e+00,2.757541e-02
-3.098337e+00,1.934312e+00,1.085696e+01,-2.634760e+00,8.041819e-01,3.292895e-02
-9.357144e-01,5.986813e+00,1.215308e+01,-2.554563e+00,2.268169e+00,5.807347e-01
-3.344782e-01,1.443264e+01,8.549635e+00,-2.047025e+00,1.883157e+00,2.703409e-02
5.202379e+00,7.904427e+00,5.879022e+00,-1.615235e+00,1.027618e+00,9.481435e-02
2.075159e+00,9.121927e+00,4.428803e+00,-1.576491e+00,1.132000e-02,-2.094883e-01
-7.172028e-01,1.109722e+01,4.095955e+00,-1.437601e+00,-5.233751e-02,-2.495233e-01
5.255881e-01,9.270000e+00,3.518690e+00,-1.470351e+00,-2.598229e-01,-3.036985e-01
-1.801104e-01,8.804077e+00,3.664298e+00,-1.396277e+00,-4.541798e-01,-3.365355e-01
1.197514e+00,1.029790e+01,3.277132e+00,-1.433636e+00,-5.120183e-01,-3.037849e-01
1.080781e+00,9.920135e+00,2.975196e+00,-1.409784e+00,-7.822777e-01,-4.144722e-01
-4.871729e-01,9.182775e+00,2.905445e+00,-1.532080e+00,-1.184489e+00,-4.909754e-01
-2.058884e+00,8.475547e+00,3.283342e+00,-1.600713e+00,-1.018736e+00,-3.978606e-01
8.029150e-01,8.974149e+00,3.352599e+00,-1.758433e+00,-4.495829e-01,-9.108309e-02
1.856097e+00,8.870173e+00,1.965267e+00,-1.962116e+00,-3.537672e-01,6.138511e-02
1.540672e+00,8.254377e+00,-1.871709e+00,-2.540090e+00,-8.123565e-01,7.121935e-02
3.140710e+00,1.006055e+01,-2.318411e+00,-3.045555e+00,-1.087716e+00,1.514113e-02
3.428569e+00,1.078832e+01,-1.177983e+00,-3.821845e+00,-1.633988e+00,-8.120399e-02
4.862839e+00,1.569406e+01,-2.785209e+00,-4.432604e+00,-2.184403e+00,-9.662890e-02
-1.729505e+00,1.830994e+01,9.298416e+00,-4.831258e+00,-4.007135e+00,-6.308592e-01
-6.168262e+00,1.921055e+01,1.576038e+01,-4.341443e+00,-3.802327e+00,-3.760430e-01
-6.599840e+00,1.345691e+01,1.481128e+01,-2.223987e+00,-1.560207e+00,-3.855268e-01
-1.179548e+00,5.661927e+00,1.542119e+01,-1.085490e+00,2.163078e-01,-5.407698e-01
5.715678e+00,1.477020e+01,8.649103e+00,6.995793e-01,9.410720e-01,-6.453724e-01
1.907438e+00,6.140796e+00,1.134637e+01,2.141254e+00,1.205310e+00,-1.053919e+00
6.134781e+00,3.040427e+00,8.598808e+00,3.632121e+00,2.013829e+00,-1.194483e+00
8.115949e+00,3.877299e+00,9.133154e+00,4.672857e+00,2.019273e+00,-1.427109e+00
8.737588e+00,3.657278e+00,1.052992e+01,6.127397e+00,1.218705e+00,-1.423791e+00
7.760739e+00,3.076520e+00,1.146040e+01,6.795216e+00,5.550803e-01,-1.413956e+00
6.201788e+00,2.719602e+00,1.412513e+01,7.725483e+00,-5.496974e-01,-1.247742e+00
4.948094e+00,7.146318e+00,1.233457e+01,8.052985e+00,-1.022180e+00,-1.003779e+00
3.616404e-01,5.695774e+00,9.625505e+00,7.439123e+00,-1.302432e+00,-1.076671e+00
-1.030047e+01,-1.303825e-01,5.180550e+00,5.813065e+00,-7.166223e-01,-9.945163e-01
-6.273309e+00,-1.157649e+01,-3.588152e-01,2.481410e+00,1.992373e+00,1.990573e-01
3.777825e+00,-1.072567e+01,2.508372e+00,-1.239766e+00,2.712198e+00,1.057740e+00
4.945481e+00,8.150279e+00,8.745181e+00,-4.850329e+00,1.022884e+00,5.153799e-01
1.276637e+01,3.492149e+01,-2.585129e+00,-8.433445e-01,7.631544e-01,6.111095e-02
-8.502599e+00,-1.201939e-01,1.108464e+01,-2.260856e+00,-5.464048e-02,-4.278762e-01
-9.488840e-01,3.029641e+00,1.316266e+01,-2.539743e+00,2.562727e+00,7.804232e-01
3.298178e+00,1.493036e+01,8.788272e+00,-2.179890e+00,2.235270e+00,1.656235e-01
7.647970e+00,6.516302e+00,5.153055e+00,-1.779891e+00,9.126834e-01,1.970108e-01
8.326534e-01,9.435984e+00,5.679507e+00,-1.657278e+00,-5.342245e-01,-2.863324e-01
1.204599e-01,1.169121e+01,4.934893e+00,-1.471994e+00,-5.147996e-01,-2.737396e-01
3.909219e-01,9.414940e+00,3.648862e+00,-1.386660e+00,-7.845403e-01,-4.155478e-01
-1.843051e-01,8.751881e+00,3.235204e+00,-1.388495e+00,-9.446941e-01,-3.941042e-01
-1.209571e+00,9.028694e+00,2.849776e+00,-1.344482e+00,-1.134954e+00,-4.646482e-01
-1.032092e+00,8.094758e+00,2.707908e+00,-1.401363e+00,-1.157214e+00,-5.155556e-01
-1.130000e+00,8.013426e+00,2.767872e+00,-1.564428e+00,-9.744885e-01,-4.055762e-01
-7.476575e-01,7.897530e+00,3.378024e+00,-1.627544e+00,-7.671351e-01,-3.166164e-01
5.168904e-01,8.445092e+00,3.009101e+00,-1.850240e+00,-4.945873e-01,-1.566393e-01
1.129823e+00,8.450000e+00,2.183096e+00,-2.038461e+00,-6.538452e-01,-1.401710e-01
2.016408e+00,9.681003e+00,1.522006e+00,-2.405632e+00,-9.694600e-01,-1.061373e-01
4.507149e-01,9.421520e+00,8.963984e-01,-2.775834e+00,-1.251790e+00,-5.813431e-02
1.458946e+00,1.063863e+01,6.962918e-01,-3.351502e+00,-1.039022e+00,1.383447e-01
6.854082e+00,1.418788e+01,-3.179832e+00,-3.809154e+00,-1.281340e+00,9.899358e-02
3.317314e+00,1.634087e+01,2.975471e+00,-4.374579e+00,-2.749962e+00,-4.570551e-01
-2.385559e+00,1.697099e+01,9.995594e+00,-4.758863e+00,-4.014266e+00,-7.748250e-01
-7.745512e+00,2.230693e+01,1.674169e+01,-3.109108e+00,-2.716876e+00,-6.613893e-01
-9.162215e+00,9.698675e+00,1.760418e+01,-1.372294e+00,-1.191572e+00,-5.872966e-01
5.110978e+00,1.090939e+01,7.501791e+00,-3.346963e-01,9.998546e-01,-4.110111e-01
4.429976e+00,8.797077e+00,1.084360e+01,1.730735e+00,1.224721e+00,-8.356197e-01
2.744447e+00,3.673888e+00,8.383471e+00,3.406763e+00,1.629538e+00,-1.076038e+00
3.985386e+00,4.392831e+00,8.327316e+00,4.146444e+00,1.872942e+00,-1.192719e+00
5.691028e+00,4.505011e+00,1.001166e+01,5.595797e+00,1.863260e+00,-1.189299e+00
6.544408e+00,4.657840e+00,9.981361e+00,6.454131e+00,1.613198e+00,-1.089103e+00
7.935344e+00,4.435203e+00,1.024028e+01,7.418971e+00,6.936186e-01,-8.780365e-01
7.443201e+00,6.074488e+00,1.152058e+01,7.640936e+00,-1.175771e-01,-7.102635e-01
1.931394e+00,1.018927e+01,1.086429e+01,7.715007e+00,-1.175901e+00,-5.119411e-01
-1.270685e+00,5.929026e+00,8.550138e+00,7.128308e+00,-7.628220e-01,-5.714407e-01
-8.970684e+00,-3.340102e+00,5.846868e+00,4.465880e+00,1.107285e+00,-1.279491e-01
-4.549381e+00,-9.161801e+00,-1.545074e-01,2.135388e+00,2.228138e+00,7.347436e-01
3.808180e+00,-7.453989e+00,6.365955e+00,-2.274603e+00,1.993084e+00,9.113359e-01
8.240761e+00,1.998867e+01,4.768239e+00,-4.154219e+00,6.166695e-01,3.232821e-01
2.648584e+00,1.352335e+01,4.549055e+00,-2.042837e+00,-2.455060e+00,-1.877941e+00
-1.525004e+01,-3.575999e+00,1.328849e+01,-3.097599e+00,-2.191472e+00,-1.007726e+00
-9.236401e+00,9.033839e+00,1.421004e+01,-2.739135e+00,1.332874e+00,5.909790e-01
-6.737547e+00,1.653187e+01,1.313773e+01,-2.274886e+00,2.695975e+00,4.777069e-01
8.071794e+00,5.397957e+00,5.053320e+00,-1.484957e+00,1.805869e+00,5.201819e-01
7.457470e+00,1.006911e+01,2.846342e+00,-1.596391e+00,7.100849e-01,8.567295e-02
-1.800500e-03,1.041728e+01,4.909755e+00,-1.418210e+00,-7.062737e-01,-3.234588e-01
-1.686349e+00,9.465894e+00,4.747339e+00,-1.425929e+00,-8.670399e-01,-3.822092e-01
-1.369938e+00,9.124791e+00,4.482605e+00,-1.345197e+00,-4.047505e-01,-1.688858e-01
1.741495e+00,1.003983e+01,3.474478e+00,-1.325495e+00,-3.413143e-01,-1.489494e-01
1.636670e+00,9.130896e+00,2.593699e+00,-1.326182e+00,-9.082336e-01,-3.443561e-01
-7.412596e-01,8.668089e+00,2.961677e+00,-1.370863e+00,-1.292617e+00,-4.827850e-01
-3.158316e+00,8.516735e+00,3.339754e+00,-1.421411e+00,-1.033100e+00,-3.886005e-01
-1.150732e+00,7.912683e+00,2.703067e+00,-1.498286e+00,-6.996792e-01,-2.123160e-01
2.632604e+00,7.902682e+00,3.990047e-01,-1.837581e+00,-5.392504e-01,-3.824471e-02
3.186686e+00,8.151934e+00,-1.243100e-01,-2.281240e+00,-9.197143e-01,-6.142575e-02
3.497565e+00,9.373898e+00,1.144069e-01,-2.985839e+00,-1.560606e+00,-1.461107e-01
1.719206e+00,1.006208e+01,1.275589e+00,-3.342046e+00,-1.707123e+00,-8.432907e-02
5.470337e+00,1.252828e+01,-1.711877e+00,-3.888390e+00,-1.678720e+00,1.797009e-02
5.460800e+00,1.711171e+01,-1.206404e+00,-4.352611e+00,-2.572499e+00,-1.602959e-01
-5.806422e+00,2.110272e+01,1.364445e+01,-4.809172e+00,-4.168938e+00,-3.154525e-01
-1.053542e+01,2.435662e+01,1.700765e+01,-3.828416e+00,-2.908493e+00,-7.663508e-02
-8.083554e+00,6.940859e+00,1.907053e+01,-1.360994e+00,6.965753e-01,3.421531e-01
7.657930e+00,1.266851e+01,9.294569e+00,-9.728267e-01,1.782046e+00,3.271113e-01
8.327451e+00,9.410862e+00,1.075478e+01,1.559164e+00,1.275565e+00,-4.003621e-01
4.778575e+00,3.181606e+00,9.132822e+00,2.900466e+00,6.963105e-01,-8.340670e-01
2.962737e+00,3.364677e+00,8.084526e+00,4.241264e+00,6.991587e-01,-1.165236e+00
2.030097e+00,2.390127e+00,9.639807e+00,5.031841e+00,8.990373e-01,-1.331490e+00
2.660599e+00,2.560318e+00,9.760126e+00,6.124292e+00,1.310025e+00,-1.231835e+00
4.252823e+00,3.317849e+00,1.053886e+01,6.977261e+00,1.253960e+00,-1.060516e+00
5.110031e+00,3.069923e+00,1.213015e+01,7.840008e+00,4.788323e-01,-9.155315e-01
5.300810e+00,7.419892e+00,1.274165e+01,7.903449e+00,-7.438211e-02,-6.565978e-01
3.419739e-02,7.208283e+00,9.177677e+00,7.652391e+00,-6.188111e-01,-8.217693e-01
-5.748674e+00,1.829154e+00,4.657521e+00,6.406311e+00,-5.282481e-02,-1.047409e+00
-8.839508e+00,-3.492010e+00,1.452932e+00,3.198189e+00,2.658957e+00,1.038642e-01
1.152235e+00,-1.035737e+01,-2.840379e+00,5.917509e-01,2.950497e+00,6.766780e-01
3.135615e+00,-4.092874e+00,7.752133e+00,-3.545029e+00,2.037167e+00,3.747681e-01
7.699792e+00,3.414958e+01,5.875222e+00,-3.876317e+00,1.232619e+00,4.799616e-01
-2.375532e+00,6.598125e+00,2.636174e+00,-2.185178e+00,-4.214492e-01,-1.514319e+00
-5.804912e+00,7.982991e-03,1.364976e+01,-3.292447e+00,8.768916e-01,1.863875e-01
2.475925e+00,9.135225e+00,1.063766e+01,-2.808590e+00,2.117454e+00,3.327631e-01
6.808885e-01,1.707157e+01,1.015299e+01,-2.434539e+00,7.512685e-01,-4.649731e-01
3.904008e+00,4.945146e+00,5.130868e+00,-1.736695e+00,-3.792101e-01,-2.387007e-01
-9.636067e-01,1.034331e+01,5.389171e+00,-1.817778e+00,-4.713088e-01,-1.984051e-01
-1.870150e+00,9.969244e+00,5.067220e+00,-1.470297e+00,1.416580e-01,-1.071548e-01
1.268614e+00,9.551912e+00,4.142781e+00,-1.410398e+00,2.574607e-01,2.533446e-03
9.470444e-01,8.495048e+00,3.398868e+00,-1.320265e+00,-3.930171e-01,-2.048186e-01
8.599276e-01,9.694740e+00,3.611705e+00,-1.344366e+00,-5.420830e-01,-2.145779e-01
2.414276e-01,9.616301e+00,2.751512e+00,-1.300249e+00,-6.885941e-01,-3.402381e-01
-5.735174e-01,8.936969e+00,2.460666e+00,-1.357381e+00,-8.505003e-01,-4.117346e-01
-1.492522e+00,8.545836e+00,2.772039e+00,-1.520382e+00,-6.379801e-01,-3.004019e-01
-8.015842e-01,8.991054e+00,3.005790e+00,-1.620982e+00,-3.820034e-01,-1.562818e-01
1.988211e+00,8.051054e+00,1.655747e+00,-1.920179e+00,-2.230756e-01,2.263895e-02
2.066245e+00,8.647462e+00,-1.586912e-01,-2.308268e+00,-5.751596e-01,4.661665e-04
3.922507e+00,9.356393e+00,-7.705842e-01,-3.004190e+00,-1.152825e+00,-1.137660e-01
2.545166e+00,1.037566e+01,1.256826e+00,-3.602190e+00,-1.592007e+00,-1.153009e-01
6.035488e+00,1.371664e+01,-4.564978e-01,-4.051733e+00,-1.783214e+00,-1.873347e-01
7.163629e+00,1.602617e+01,-9.280765e-01,-4.402553e+00,-2.726289e+00,-4.439395e-01
-6.669276e+00,1.750265e+01,1.367523e+01,-4.546677e+00,-4.574620e+00,-5.046294e-01
-1.310460e+01,2.168437e+01,1.623315e+01,-3.814714e+00,-3.545800e+00,-4.470447e-02
-1.462102e+01,8.546067e+00,1.838478e+01,-1.263742e+00,2.349986e-01,5.963078e-01
6.684299e-01,9.490801e+00,1.062239e+01,-8.933600e-01,2.330933e+00,9.720626e-01
8.367702e+00,1.091766e+01,1.107801e+01,1.893414e+00,2.218978e+00,4.039643e-01
8.311525e+00,4.061856e+00,9.116468e+00,2.856648e+00,1.671532e+00,2.092131e-02
7.268782e+00,2.526075e+00,7.174659e+00,4.017615e+00,8.851171e-01,-6.522035e-01
6.234539e+00,2.877665e+00,8.657970e+00,4.961853e+00,5.830524e-01,-1.113531e+00
5.262635e+00,2.857029e+00,1.018849e+01,6.149801e+00,4.442890e-01,-1.268940e+00
5.086528e+00,3.793924e+00,1.131767e+01,6.756149e+00,2.823947e-01,-1.188888e+00
3.643217e+00,3.796499e+00,1.437123e+01,7.762037e+00,-2.219103e-01,-9.569133e-01
3.200000e+00,6.459470e+00,1.245437e+01,8.093860e+00,-3.321546e-01,-5.769265e-01
-8.907704e-01,6.646755e+00,1.167891e+01,7.345566e+00,-5.309242e-01,-3.776428e-01
-5.167628e+00,2.363002e+00,6.469067e+00,6.026147e+00,1.408662e-01,-2.280896e-01
-5.156171e+00,-8.369382e+00,3.155727e+00,2.703389e+00,2.055962e+00,2.208459e-01
5.569629e+00,-9.883873e+00,-7.303392e-01,-8.543722e-01,2.160148e+00,8.543368e-01
6.373791e+00,2.352069e+01,-1.508302e-01,-3.400409e+00,7.227396e-01,1.340821e-01
1.514466e+01,3.380030e+01,5.661386e+00,-1.923272e+00,2.650783e-01,5.926237e-02
-5.619449e+00,-2.127427e+00,1.084749e+01,-3.211908e+00,-8.181826e-02,-1.701910e-01
-2.261822e+00,-1.432711e+00,1.139038e+01,-3.090576e+00,1.144641e+00,2.517454e-01
-1.942012e+00,1.902720e+01,1.034710e+01,-2.259349e+00,1.211951e+00,1.273334e-01
-3.819182e-01,5.021559e+00,6.806685e+00,-1.654446e+00,8.230304e-01,2.858387e-01
1.264516e+00,9.793606e+00,5.980816e+00,-1.653116e+00,1.160059e+00,3.590228e-01
1.164203e+00,1.161342e+01,5.770930e+00,-1.376263e+00,1.157084e+00,2.550088e-01
2.330469e+00,8.627192e+00,5.458019e+00,-1.261131e+00,4.631186e-01,5.703630e-02
2.021440e+00,8.110984e+00,4.913485e+00,-1.190983e+00,2.635527e-01,5.195691e-03
2.060817e+00,9.985916e+00,4.416733e+00,-1.140631e+00,8.548487e-02,-5.889446e-02
1.508417e+00,9.280751e+00,4.143973e+00,-1.099680e+00,-1.587125e-01,-1.668703e-01
5.894425e-01,9.125131e+00,3.793197e+00,-1.155482e+00,-4.448634e-01,-2.327877e-01
1.218633e-01,8.516981e+00,4.005696e+00,-1.185179e+00,-5.110362e-01,-2.377778e-01
1.022095e+00,8.496775e+00,2.973073e+00,-1.310584e+00,-4.160462e-01,-1.303244e-01
1.143412e+00,8.393649e+00,1.422077e+00,-1.557658e+00,-4.588052e-01,-4.038918e-02
4.307854e-01,7.283417e+00,-6.290768e-01,-2.135866e+00,-6.053775e-01,5.479865e-02
2.085547e+00,8.199832e+00,-8.821010e-01,-2.581715e+00,-7.667888e-01,8.067144e-02
3.801111e+00,8.412222e+00,2.274072e-01,-3.374382e+00,-1.280910e+00,-1.266983e-03
6.102332e+00,9.859019e+00,6.615170e-01,-4.019497e+00,-1.647317e+00,-8.523061e-02
6.679570e+00,2.191828e+01,2.419073e+00,-4.636439e+00,-3.302587e+00,-4.214361e-01
-4.299448e+00,1.926485e+01,9.606225e+00,-4.452514e+00,-4.385364e+00,-4.750326e-01
-1.112479e+01,1.665968e+01,1.644909e+01,-3.574355e+00,-2.728731e+00,-1.938624e-02
-9.921734e+00,1.041996e+01,1.753007e+01,-2.027946e+00,-2.015110e-01,1.799136e-01
5.277731e+00,1.189054e+01,9.882595e+00,-3.824580e-01,1.852539e+00,2.806408e-01
9.104926e+00,1.080624e+01,9.526160e+00,1.380225e+00,1.680623e+00,-3.484870e-01
6.189526e+00,2.031037e+00,7.972004e+00,3.202182e+00,8.427067e-01,-9.692417e-01
4.879622e+00,3.024053e+00,7.954469e+00,4.144781e+00,4.971080e-01,-1.214274e+00
1.471660e+00,2.928065e+00,1.171801e+01,5.561670e+00,1.128032e+00,-1.636991e+00
1.466895e+00,2.914561e+00,1.198924e+01,6.318223e+00,1.589059e+00,-1.409765e+00
4.923477e+00,4.168190e+00,1.273335e+01,7.359074e+00,1.673559e+00,-1.105701e+00
8.156153e+00,2.749086e+00,1.162587e+01,7.669676e+00,8.842902e-01,-9.421429e-01
6.312478e+00,5.795026e+00,1.009000e+01,6.792500e+00,-1.170162e+00,-7.309448e-01
2.554804e+00,4.988171e+00,8.986545e+00,5.919518e+00,-1.664769e+00,-1.042632e+00
-4.652466e+00,1.091046e+00,3.579169e+00,4.081182e+00,-6.972560e-01,-8.895923e-01
-3.492238e+00,-1.226809e+00,8.638269e-01,1.985690e+00,5.779417e-01,-3.609391e-01
1.782227e+00,-1.304123e+00,4.250679e-01,-9.866580e-01,1.085343e+00,2.637639e-01
4.741045e+00,1.665687e+00,4.586805e+00,-2.277783e+00,9.719232e-01,3.160103e-01
9.033812e+00,3.051656e+01,-1.628464e+00,-8.425814e-01,3.217882e-01,2.499005e-01
-7.106852e-01,1.040639e+01,1.619447e+00,-9.920496e-01,-6.931706e-01,-5.293569e-01
-7.086352e+00,6.019639e+00,8.368584e+00,-1.938344e+00,9.096788e-01,7.719792e-02
-1.064878e-01,1.160657e+01,7.123378e+00,-1.929767e+00,1.625566e+00,5.063784e-01
5.412061e+00,9.063120e+00,3.312141e+00,-1.468170e+00,1.082199e+00,3.166819e-01
4.216543e+00,7.785320e+00,3.425668e+00,-1.401379e+00,8.495009e-02,4.602237e-02
-1.052140e+00,1.119864e+01,3.342428e+00,-1.364135e+00,-3.177075e-01,4.887485e-02
-9.376902e-01,8.964058e+00,3.424885e+00,-1.245207e+00,-1.960195e-01,1.301982e-02
7.243272e-01,9.387227e+00,4.052251e+00,-1.200553e+00,-2.521603e-01,5.510843e-02
-1.752564e-01,8.148612e+00,3.816934e+00,-1.079034e+00,-2.989390e-01,-9.922026e-03
-1.419026e-02,8.364522e+00,2.523859e+00,-1.177135e+00,-1.128654e-01,6.011079e-02
-7.820559e-01,8.812359e+00,1.799409e+00,-1.206583e+00,-7.734834e-02,4.428442e-02
-2.839695e-01,7.687195e+00,1.238752e+00,-1.398437e+00,2.735334e-01,5.564445e-02
4.886423e-01,8.462180e+00,7.648956e-01,-1.621017e+00,4.143362e-01,1.849354e-02
1.126931e-01,6.871733e+00,8.265347e-01,-2.083888e+00,2.395911e-01,-4.960329e-02
-2.072780e-01,7.301391e+00,3.236330e+00,-2.286657e+00,3.524832e-02,-7.107921e-02
-9.856084e-01,6.235608e+00,5.781574e+00,-2.344161e+00,-1.344444e-01,-8.571155e-02
-1.385752e-01,6.117141e+00,6.361903e+00,-2.372640e+00,-1.412114e-01,9.188826e-02
1.911973e-01,7.741135e+00,6.386452e+00,-2.288009e+00,-2.845801e-01,2.855556e-01
-1.810590e+00,6.914705e+00,6.690549e+00,-2.228892e+00,-2.396247e-01,3.083038e-01
-6.065264e-01,5.506975e+00,6.723030e+00,-2.109253e+00,1.359972e-01,4.549395e-01
2.304171e+00,5.403934e+00,5.090000e+00,-2.209752e+00,1.416521e-01,5.178764e-01
2.919146e+00,5.120226e+00,6.234869e+00,-2.481112e+00,-1.552343e-01,3.163070e-01
4.361514e+00,4.494303e+00,6.208737e+00,-2.749178e+00,-5.151781e-01,1.370608e-01
3.778909e+00,7.896772e+00,6.038383e+00,-3.229848e+00,-1.371261e+00,-2.222415e-01
3.285336e+00,1.557930e+01,8.369530e+00,-3.668301e+00,-1.706902e+00,1.980953e-01
-3.404495e+00,1.310780e+01,1.295862e+01,-3.492743e+00,-1.565229e+00,6.826667e-01
-4.704494e+00,1.277620e+01,1.402154e+01,-3.044808e+00,-6.328673e-01,1.131918e+00
-3.750838e+00,9.843194e+00,1.485094e+01,-9.487007e-01,5.496034e-01,9.555680e-01
-1.172547e+00,4.532547e+00,1.075758e+01,6.935306e-01,1.061768e+00,1.090478e+00
3.426352e+00,2.605853e+00,3.537295e+00,2.813166e+00,1.123796e+00,1.268108e+00
3.777471e+00,5.118587e+00,4.559468e+00,4.236565e+00,8.237317e-01,5.133156e-01
3.400946e+00,5.018786e+00,8.040000e+00,5.485433e+00,6.653227e-02,-4.071313e-02
5.734987e+00,1.105013e+00,8.972633e+00,5.988555e+00,-3.456508e-01,-2.140581e-01
7.924411e+00,-8.215069e-02,8.551863e+00,6.029247e+00,-1.464610e+00,-8.203031e-01
5.633106e+00,7.691203e-01,1.074002e+01,5.917282e+00,-1.915966e+00,-1.311202e+00
-3.322011e-01,8.844643e-01,1.156636e+01,5.543015e+00,-2.004537e+00,-1.745133e+00
-2.906745e+00,2.853307e+00,1.069151e+01,4.960802e+00,-1.523454e+00,-1.555899e+00
-2.022751e+00,5.950000e+00,8.460543e+00,4.048070e+00,-2.752083e-01,-1.039890e+00
2.347639e+00,5.802735e+00,5.383218e+00,3.432232e+00,-1.360895e-01,-7.391676e-01
4.693804e+00,6.877942e+00,1.551579e+00,2.465559e+00,-6.144642e-01,-6.310011e-01
2.799820e+00,7.390556e+00,8.372831e-01,1.539123e+00,-1.232615e+00,-7.169131e-01
-4.862468e-01,6.543778e+00,2.259260e-01,3.483977e-01,-1.138792e+00,-4.551688e-01
-2.110089e-01,5.954646e+00,5.858417e-03,-4.023004e-01,-8.450915e-01,-2.579784e-01
2.881250e+00,5.385070e+00,2.075693e-01,-1.357358e+00,-9.380833e-01,-1.861699e-01
3.179954e+00,4.896879e+00,2.456794e-01,-2.121381e+00,-1.269745e+00,-1.687492e-01
-2.622190e+01,1.514950e+01,6.201590e+00,-2.606379e+00,-1.064654e+00,-7.316009e-01
-1.469712e+01,2.030856e+01,2.735355e+00,-2.074439e+00,3.527224e+00,1.004875e+00
8.480481e+00,1.265482e+01,1.329451e+00,-1.759707e+00,3.806749e+00,7.854405e-01
1.041620e+01,7.679699e+00,7.033941e+00,-2.133985e+00,2.881320e+00,4.976335e-01
1.146175e+01,1.538791e+01,6.293080e+00,-2.131153e+00,6.529886e-01,7.871628e-02
5.018996e+00,1.197890e+01,8.966998e+00,-1.663272e+00,-3.964757e-01,-5.268750e-01
-4.527647e+00,8.676398e+00,9.155571e+00,-1.278771e+00,-1.028480e+00,-4.271584e-01
-8.155971e+00,7.998870e+00,1.040172e+01,-7.641653e-01,-3.970470e-01,-1.874560e-01
-2.850478e+00,8.478416e+00,6.572772e+00,-4.230266e-01,1.048102e+00,5.755556e-01
1.802647e+00,9.075750e+00,3.524907e+00,-3.757552e-01,1.181257e+00,5.578601e-01
3.556437e+00,9.898391e+00,1.004636e+00,-4.644180e-01,4.336729e-01,2.416211e-01
1.970289e+00,7.946679e+00,2.245602e+00,-5.810428e-01,4.734509e-03,8.133094e-03
7.956674e-01,7.651295e+00,3.045164e+00,-9.640853e-01,-4.519096e-01,-2.092817e-01
-4.592115e-01,7.152249e+00,4.280111e+00,-9.834346e-01,-4.602021e-01,-2.479804e-01
-1.336064e+00,6.711939e+00,4.262084e+00,-1.132432e+00,-3.251049e-01,-1.995455e-01
-1.068827e+00,7.451902e+00,3.681885e+00,-1.255107e+00,-2.092753e-01,-1.317975e-01
-1.992700e+00,9.410690e+00,4.305232e+00,-1.366674e+00,-1.072327e-03,1.890327e-02
-2.132804e+00,8.008640e+00,5.214227e+00,-1.389183e+00,1.233683e-01,5.839895e-02
1.036740e+00,6.260304e+00,5.381989e+00,-1.573026e+00,2.552397e-01,1.057717e-01
1.438660e+00,6.719291e+00,6.245981e+00,-1.608712e+00,1.375707e-01,8.337164e-02
2.304885e-01,5.154104e+00,6.372052e+00,-1.669519e+00,-2.269602e-01,-2.909242e-02
-2.750581e-01,5.358611e+00,6.552894e+00,-1.770773e+00,-4.057588e-01,1.209826e-02
-8.020829e-01,5.740000e+00,7.392040e+00,-1.851401e+00,-3.127808e-01,2.955151e-02
-1.131266e-01,4.444401e+00,6.997653e+00,-1.876722e+00,-1.866931e-01,8.723647e-02
1.962977e+00,3.231584e+00,6.205328e+00,-2.111206e+00,-1.373065e-01,9.064321e-02
3.460378e+00,5.221430e+00,6.650140e+00,-2.345479e+00,-2.860775e-01,-7.813620e-03
2.463622e+00,1.313325e+01,9.110582e+00,-2.811087e+00,-8.947346e-01,-5.982711e-02
-1.054462e+00,1.091736e+01,1.171493e+01,-2.843113e+00,-1.295697e+00,-1.108181e-01
-2.257763e+00,1.155203e+01,1.213717e+01,-2.698642e+00,-1.144468e+00,3.263866e-01
-1.833245e+00,8.961486e+00,1.199800e+01,-2.168630e+00,-5.274437e-01,7.535829e-01
1.004200e+00,3.425451e+00,1.112052e+01,-1.255063e+00,2.437159e-01,8.662827e-01
1.960941e+00,4.234494e-01,9.013879e+00,-4.374965e-01,2.391024e-01,1.002870e+00
1.416740e+00,1.204855e+00,5.621246e+00,9.214826e-01,-9.555597e-02,1.557027e+00
-1.094347e+00,5.111699e+00,8.063548e+00,1.611122e+00,-1.978043e-01,1.034473e+00
-6.618770e-01,7.259191e+00,9.752012e+00,2.781856e+00,8.900691e-02,5.469535e-01
1.038591e+00,3.974060e+00,9.298742e+00,3.595846e+00,2.165243e-01,4.093048e-01
4.351924e+00,4.321636e+00,8.424807e+00,4.219396e+00,-2.767061e-02,2.437621e-01
4.830859e+00,5.101595e+00,8.874356e+00,4.543594e+00,-6.081323e-01,3.502044e-02
3.023337e+00,3.689552e+00,9.438925e+00,4.868586e+00,-1.196331e+00,-4.988846e-01
1.417272e+00,3.347842e+00,9.971705e+00,4.916743e+00,-1.217136e+00,-7.482992e-01
-4.245422e-02,4.688266e+00,9.562620e+00,4.950860e+00,-9.284508e-01,-9.710686e-01
-4.221263e-01,4.799919e+00,8.483329e+00,4.826422e+00,-5.357732e-01,-1.015231e+00
2.516892e+00,5.324585e+00,5.263662e+00,4.301468e+00,-1.694861e-01,-9.829537e-01
3.985377e+00,5.777703e+00,3.702646e+00,3.646127e+00,-3.040375e-01,-1.047166e+00
3.189654e+00,6.181071e+00,2.340000e+00,2.612539e+00,-1.238612e+00,-1.029523e+00
1.420634e+00,5.820000e+00,1.941063e+00,1.895865e+00,-1.649899e+00,-9.739031e-01
1.005365e+00,7.059643e+00,2.077501e+00,9.802850e-01,-1.731516e+00,-7.908922e-01
-9.479998e-01,6.998479e+00,1.966085e+00,6.055780e-01,-1.653384e+00,-7.210329e-01
-1.705697e+00,7.411970e+00,1.563285e+00,-5.864440e-02,-1.111566e+00,-4.186134e-01
9.800163e-01,8.406555e+00,1.288671e+00,-5.913053e-01,-6.645247e-01,-1.868226e-01
3.160660e+00,8.105957e+00,5.950988e-01,-1.179588e+00,-7.484231e-01,-1.751020e-01
5.769639e-01,5.368356e+00,2.224449e+00,-1.552228e+00,-1.051452e+00,-2.416925e-01
-1.379986e+01,6.145353e+00,6.347380e+00,-1.844947e+00,-9.292116e-01,-3.586976e-01
-9.641139e+00,1.124608e+01,3.635064e+00,-2.268404e+00,1.584953e+00,6.394096e-01
3.042560e+00,1.757422e+01,4.163687e-01,-1.378167e+00,3.107313e+00,5.884104e-01
4.176490e+00,7.204540e+00,3.157423e+00,-1.321060e+00,2.461691e+00,3.359219e-01
7.114950e+00,1.276107e+01,2.543594e+00,-1.857598e+00,1.912362e+00,3.631267e-01
2.398344e+00,1.153220e+01,6.231840e+00,-1.721233e+00,9.375639e-01,-8.460566e-03
1.712748e+00,8.515292e+00,7.080946e+00,-1.675171e+00,5.791453e-02,-2.859579e-01
2.281241e+00,7.774175e+00,5.148459e+00,-1.621686e+00,3.742508e-02,-6.903840e-02
7.656467e-01,8.129449e+00,5.764117e+00,-1.681111e+00,-1.690413e-01,-9.183860e-02
-8.627321e-01,9.390579e+00,4.335301e+00,-1.575480e+00,-5.295626e-01,-7.672650e-02
-4.493615e+00,9.270019e+00,7.301777e+00,-1.456237e+00,-5.066065e-01,-4.022381e-03
-3.487971e+00,4.319188e+00,7.868008e+00,-1.322697e+00,-1.078880e-01,1.771111e-01
-2.307622e-01,6.946887e+00,4.983352e+00,-1.228590e+00,7.676448e-01,6.885413e-01
1.886096e+00,8.526859e+00,3.851979e+00,-1.353439e+00,1.053941e+00,7.456590e-01
3.576730e+00,5.961111e+00,4.614654e+00,-1.512745e+00,5.742609e-01,3.145571e-01
2.663963e+00,6.871708e+00,5.063963e+00,-1.704358e+00,4.106726e-02,1.964016e-01
1.334456e+00,6.802568e+00,5.688159e+00,-1.923133e+00,-5.880163e-01,6.396999e-02
3.323214e-01,3.958304e+00,6.381607e+00,-2.012037e+00,-7.384457e-01,-1.753859e-02
-1.954406e+00,5.676385e+00,7.466385e+00,-2.155416e+00,-7.061664e-01,8.911018e-02
-2.191207e+00,5.784563e+00,7.766241e+00,-2.182560e+00,-5.765590e-01,2.126673e-01
-1.586744e+00,5.650365e+00,7.409169e+00,-2.276894e+00,-3.748832e-01,4.806916e-01
8.090915e-01,5.412267e+00,6.561851e+00,-2.416907e+00,-2.113771e-01,5.903315e-01
3.483632e+00,8.547635e+00,7.720324e+00,-2.917917e+00,-2.225431e-01,8.282800e-01
5.407340e+00,1.187353e+01,1.266693e+01,-3.328714e+00,-5.514329e-01,9.084442e-01
1.185246e+00,1.038737e+01,1.230603e+01,-3.419022e+00,-1.200763e+00,1.243563e+00
-1.590697e+00,9.383521e+00,1.417819e+01,-3.017319e+00,-1.007311e+00,1.262106e+00
-3.129948e+00,8.104822e+00,1.216439e+01,-1.483221e+00,-1.435829e-01,1.541500e+00
-3.013039e+00,-1.243758e+00,1.155230e+01,-4.701216e-02,5.615651e-01,1.509377e+00
2.912139e-01,-1.070642e+00,7.051811e+00,1.656631e+00,1.456197e+00,1.960040e+00
4.458549e+00,3.452978e+00,7.086346e+00,3.277703e+00,1.334750e+00,1.589769e+00
5.481360e+00,2.946877e+00,8.983497e+00,4.586934e+00,3.376704e-01,1.020153e+00
5.094937e+00,7.866993e-01,1.036116e+01,5.505907e+00,-3.573219e-01,7.527951e-01
1.809584e+00,1.365308e+00,9.911334e+00,6.051365e+00,-7.868516e-01,1.070187e-01
2.265323e+00,2.495081e+00,1.093806e+01,6.202956e+00,-6.008183e-01,-2.203412e-01
2.839247e+00,3.977779e+00,1.107238e+01,6.013325e+00,-6.714625e-01,-5.859922e-01
2.943462e+00,5.345504e+00,1.144053e+01,5.804619e+00,-1.124357e+00,-6.893861e-01
-4.428649e-01,3.660000e+00,6.996341e+00,5.323683e+00,-1.348250e+00,-9.592495e-01
-2.498405e+00,3.613445e+00,5.747642e+00,4.593152e+00,-1.063021e+00,-1.115541e+00
-3.078592e-01,4.106333e+00,3.272090e+00,3.365286e+00,-1.381929e-01,-9.141051e-01
2.403568e+00,5.798630e+00,2.103831e+00,2.608418e+00,-2.911345e-01,-6.920209e-01
2.422431e+00,5.445972e+00,1.051950e+00,1.588628e+00,-1.248160e+00,-8.666058e-01
8.398857e-01,4.318559e+00,3.357207e-01,9.336142e-01,-1.525473e+00,-9.015909e-01
1.352339e+00,6.684541e+00,2.448472e-01,8.483583e-02,-1.541349e+00,-7.931410e-01
7.374435e-01,7.042971e+00,5.406712e-01,-4.775488e-01,-1.594527e+00,-7.131672e-01
-6.108755e-01,7.189468e+00,1.949639e+00,-1.287979e+00,-1.305668e+00,-5.018963e-01
1.991603e+00,7.243674e+00,2.029716e+00,-1.569399e+00,-8.886039e-01,-2.646313e-01
1.625311e+00,6.186664e+00,-7.419543e-01,-2.269381e+00,-1.233932e+00,-4.576499e-01
-1.849785e+01,1.049770e+01,1.064474e+01,-3.094084e+00,-9.318662e-01,-2.693680e-01
-4.732830e-01,1.953031e+01,-1.642512e+00,-2.251391e+00,2.596086e+00,8.853347e-01
-3.459563e+00,9.312930e+00,2.308869e+00,-1.516918e+00,3.006669e+00,5.132140e-01
1.514234e+01,1.472041e+01,2.164370e+00,-2.444271e+00,2.722805e+00,5.532291e-01
1.328543e+01,1.943529e+01,6.936151e+00,-2.291338e+00,1.209717e+00,4.896562e-01
4.805142e+00,3.127111e+00,1.033274e+01,-2.324479e+00,-6.450470e-01,-6.457600e-01
-1.555990e+00,6.504615e+00,1.062311e+01,-1.886274e+00,-1.847483e+00,-6.203653e-01
-7.770914e+00,1.107866e+01,8.392258e+00,-1.289037e+00,-1.424007e+00,-3.195511e-01
-7.004967e+00,9.477919e+00,5.881362e+00,-1.090060e+00,-2.963567e-01,1.811598e-01
6.214303e-01,6.613287e+00,6.026924e+00,-9.822671e-01,9.333459e-01,4.611585e-01
3.341758e+00,7.004852e+00,5.194117e+00,-9.679853e-01,1.008407e+00,4.535079e-01
2.982335e+00,7.889880e+00,3.192275e+00,-1.149881e+00,1.045378e-01,2.341079e-01
-1.016477e+00,6.733418e+00,3.604494e+00,-1.324119e+00,-2.631374e-01,1.398689e-01
7.939994e-01,5.137347e+00,4.754783e+00,-1.527034e+00,1.923359e-02,1.471363e-01
1.607912e+00,7.242840e+00,4.471093e+00,-1.800753e+00,1.337586e-01,2.264212e-01
5.291509e-01,5.102129e+00,5.804057e+00,-2.036104e+00,-3.339592e-01,1.052055e-01
7.260660e-01,2.926777e+00,6.212657e+00,-2.132816e+00,-4.739705e-01,9.228076e-02
2.151136e-01,6.632066e+00,6.625837e+00,-2.415798e+00,-5.255002e-01,2.345251e-01
4.745779e-01,6.699266e+00,6.407371e+00,-2.630545e+00,-4.665673e-01,2.226916e-01
3.516842e+00,1.249223e+01,8.755092e+00,-3.177680e+00,-5.116577e-01,4.951213e-01
3.537475e+00,1.475136e+01,1.220663e+01,-3.551454e+00,-8.171677e-01,7.588661e-01
-1.532778e+00,1.413768e+01,1.381436e+01,-3.434513e+00,-9.838505e-01,1.176200e+00
-2.928367e+00,9.877088e+00,1.371706e+01,-2.624858e+00,-3.011936e-01,1.320170e+00
-1.897743e+00,5.734592e+00,9.820126e+00,-7.576901e-01,7.542060e-01,1.132616e+00
-3.651733e-01,-2.060981e+00,9.806504e+00,4.386451e-01,1.006026e+00,1.150893e+00
2.436927e+00,1.644725e+00,4.488337e+00,2.886672e+00,9.768010e-01,1.347401e+00
2.080004e+00,5.228834e+00,9.674118e+00,4.218646e+00,6.103038e-01,7.529880e-01
4.063857e+00,3.629139e+00,9.577007e+00,5.571856e+00,-5.995777e-02,6.094260e-01
4.243641e+00,1.249663e+00,1.007838e+01,5.970798e+00,-4.826384e-01,3.867537e-01
1.917226e+00,1.874022e+00,1.064388e+01,6.244531e+00,-1.076260e+00,-2.540143e-01
3.466337e+00,2.605256e+00,1.068524e+01,6.168935e+00,-1.028598e+00,-4.348473e-01
3.292109e+00,3.184941e+00,8.344556e+00,5.799064e+00,-1.209201e+00,-9.038715e-01
7.191737e-01,4.207093e+00,7.022473e+00,5.222310e+00,-1.264456e+00,-1.235229e+00
-2.065427e+00,5.598500e+00,4.667451e+00,3.978578e+00,-7.999642e-01,-1.211623e+00
5.785048e-01,5.210369e+00,3.095134e+00,3.276864e+00,-5.288241e-01,-9.647550e-01
3.148572e+00,4.089610e+00,1.679696e+00,1.849610e+00,-8.254716e-01,-6.573311e-01
3.367633e+00,4.928897e+00,1.582966e+00,1.141931e+00,-1.268891e+00,-6.098763e-01
1.394359e+00,7.034971e+00,2.265341e+00,2.184746e-01,-1.766700e+00,-6.919787e-01
-4.754344e-01,7.798053e+00,2.559799e+00,-1.518524e-01,-1.746797e+00,-6.390517e-01
-2.573366e-01,7.893501e+00,2.249000e+00,-5.311350e-01,-1.109305e+00,-3.081864e-01
1.715949e+00,7.564547e+00,2.084849e+00,-8.938718e-01,-8.382362e-01,-2.409546e-01
2.356482e+00,3.831311e+00,1.580413e+00,-1.414637e+00,-1.040568e+00,-3.054251e-01
-1.959278e+01,7.747544e+00,5.179870e+00,-2.452567e+00,-1.684104e+00,-7.341779e-01
-1.892649e+01,2.782398e+01,2.033726e-01,-1.942526e+00,2.367493e+00,4.269491e-01
-1.588589e+00,1.071649e+01,-3.109698e+00,-1.510865e+00,3.836564e+00,7.156882e-01
1.736862e+01,1.347308e+01,4.325901e+00,-2.387653e+00,3.702020e+00,5.152539e-01
1.665507e+01,8.592778e+00,7.355910e+00,-2.597507e+00,1.593138e+00,1.274805e-01
4.966806e+00,4.314113e+00,1.161460e+01,-2.310567e+00,-1.803970e+00,-1.031500e+00
-4.187781e+00,6.308061e+00,1.035936e+01,-2.002187e+00,-2.724863e+00,-1.123181e+00
-1.262447e+01,1.419044e+01,8.776867e+00,-1.450012e+00,-1.949465e+00,-3.811946e-01
-9.398328e+00,8.834079e+00,7.377215e+00,-9.047961e-01,3.955961e-01,2.877791e-01
1.759594e+00,5.825690e+00,5.326529e+00,-9.124256e-01,1.808001e+00,7.750347e-01
4.603328e+00,5.878906e+00,3.983106e+00,-9.346520e-01,1.507105e+00,6.619455e-01
4.468544e+00,7.953396e+00,3.141915e+00,-1.199522e+00,5.598417e-01,3.166317e-01
1.791591e+00,7.433136e+00,4.282795e+00,-1.377852e+00,-1.159829e-01,-1.596739e-02
1.407545e+00,6.269745e+00,3.759936e+00,-1.690632e+00,-4.345209e-01,-2.405557e-01
2.173462e-01,7.030879e+00,4.524128e+00,-1.925822e+00,-6.282756e-01,-2.767962e-01
-1.471729e+00,4.502704e+00,6.247349e+00,-2.119987e+00,-7.794498e-01,-2.748032e-01
-1.780565e+00,4.654316e+00,6.685655e+00,-2.220979e+00,-6.880166e-01,-8.087382e-02
-6.022127e-02,3.863781e+00,6.632549e+00,-2.283837e+00,-3.497105e-01,8.478849e-02
1.546847e+00,4.881924e+00,6.235802e+00,-2.523689e+00,-1.838496e-01,2.037633e-01
2.525553e+00,8.639828e+00,7.122725e+00,-2.961722e+00,-4.530450e-01,2.210000e-01
3.868073e+00,1.114769e+01,6.565964e+00,-3.212961e+00,-7.307727e-01,2.364953e-01
3.005459e+00,1.047764e+01,1.264692e+01,-3.636477e+00,-1.168351e+00,2.461379e-01
3.457475e-01,1.168149e+01,1.486929e+01,-3.571449e+00,-1.662680e+00,5.745905e-01
-7.562037e+00,9.652644e+00,1.670027e+01,-2.343056e+00,-9.702681e-01,1.213526e+00
-8.638232e+00,6.442567e+00,1.226506e+01,-1.177022e+00,5.410774e-02,1.536948e+00
-4.639494e+00,-9.014689e-01,1.116098e+01,7.084550e-01,1.611050e+00,1.968598e+00
3.025117e+00,5.353790e-02,5.266462e+00,2.343940e+00,2.371776e+00,2.703518e+00
7.521948e+00,3.651253e+00,8.187100e+00,4.647138e+00,1.432729e+00,1.823430e+00
6.922365e+00,5.551438e+00,8.303737e+00,5.164704e+00,3.831094e-01,1.417553e+00
6.074717e+00,2.443623e+00,1.100611e+01,6.258604e+00,-9.891733e-01,8.960554e-01
3.604628e+00,2.318843e+00,1.072238e+01,6.663972e+00,-1.741600e+00,3.154756e-01
1.576868e+00,1.818860e+00,1.206979e+01,6.926324e+00,-1.772697e+00,-4.732016e-01
1.613914e+00,1.272655e+00,1.062809e+01,6.833992e+00,-1.405917e+00,-7.917979e-01
-1.507924e+00,3.569580e+00,8.228988e+00,6.031867e+00,-1.017207e+00,-1.108428e+00
-2.412174e+00,5.148457e+00,6.984123e+00,4.998829e+00,-4.033937e-01,-1.154261e+00
2.060568e+00,3.390391e+00,2.983305e+00,3.353406e+00,1.171637e-01,-1.006418e+00
5.191289e+00,2.670773e+00,9.594838e-01,2.459472e+00,-3.591239e-01,-8.580304e-01
2.609385e+00,3.769797e+00,2.377870e-01,5.021790e-01,-1.943758e+00,-1.033638e+00
-2.704613e-01,5.138599e+00,7.106948e-01,-6.247854e-01,-2.217636e+00,-9.491627e-01
1.088996e+00,7.235115e+00,1.599087e+00,-1.560587e+00,-1.731064e+00,-5.536555e-01
2.401968e+00,8.280450e+00,2.329383e+00,-1.911268e+00,-1.603143e+00,-4.051909e-01
-6.123140e+00,8.958221e+00,1.052502e+00,-2.770000e+00,-1.710615e+00,-5.678035e-01
-2.101760e+01,1.077548e+01,1.129466e+01,-3.201410e+00,-6.394637e-01,1.997902e-03
-7.106405e+00,2.182951e+01,9.681776e-01,-1.786484e+00,3.288479e+00,7.124047e-01
2.552988e+00,8.229395e+00,4.950175e+00,-1.612415e+00,3.083696e+00,2.434418e-01
1.349565e+01,5.466562e+00,6.054352e+00,-2.312544e+00,2.062246e+00,-7.773221e-02
7.344749e+00,1.119891e+01,7.062188e-01,-2.113198e+00,-9.502280e-03,-2.151939e-01
4.167092e-01,1.452658e+01,9.326709e+00,-2.186058e+00,-1.123390e+00,-5.289707e-01
-5.354356e+00,3.062532e+00,9.360948e+00,-1.958846e+00,-1.229401e+00,-7.287406e-01
-4.173523e+00,7.745960e+00,9.712314e+00,-1.581109e+00,-5.204316e-01,1.706015e-02
-3.438217e+00,9.519810e+00,7.373514e+00,-1.239034e+00,1.692698e-01,3.159875e-01
-3.406679e-01,5.349777e+00,5.966897e+00,-1.052425e+00,9.754152e-01,6.009081e-01
1.804102e+00,7.258244e+00,4.138396e+00,-1.114614e+00,1.037797e+00,5.856709e-01
2.598896e+00,8.997719e+00,2.741081e+00,-1.354391e+00,3.792768e-01,3.948160e-01
1.161160e+00,5.251890e+00,4.655435e+00,-1.493240e+00,-9.534565e-02,5.215203e-02
1.898366e+00,5.481198e+00,3.571861e+00,-1.884320e+00,-1.216895e-01,1.005328e-01
1.433005e+00,6.708284e+00,4.081594e+00,-2.068488e+00,-2.125629e-01,-3.311753e-02
1.419979e+00,4.701411e+00,6.175736e+00,-2.464468e+00,-6.105185e-01,-2.397999e-01
4.428201e-01,4.652165e+00,7.030504e+00,-2.720962e+00,-1.055171e+00,-2.840491e-01
-1.395226e+00,9.457723e+00,7.574091e+00,-3.144216e+00,-1.053319e+00,1.215962e-01
1.196931e+00,9.816924e+00,6.892596e+00,-3.427615e+00,-6.832155e-01,3.713024e-01
6.890505e+00,1.513588e+01,8.943539e+00,-4.142849e+00,-6.344329e-01,7.752542e-01
1.679162e+00,1.292019e+01,1.595398e+01,-4.059996e+00,-1.365889e+00,6.349122e-01
-4.594489e+00,1.165809e+01,1.542202e+01,-2.855847e+00,-9.864429e-01,8.529175e-01
-7.534225e+00,8.945848e+00,1.129524e+01,-1.300732e+00,-1.563659e-01,8.140993e-01
-2.110561e+00,-8.052573e-01,9.980297e+00,9.309866e-01,1.667217e+00,9.908597e-01
3.991560e+00,4.826455e+00,3.557449e+00,3.199011e+00,2.110893e+00,1.257564e+00
5.926158e+00,2.775901e+00,8.532720e+00,5.465557e+00,9.222208e-01,4.066767e-01
6.370927e+00,9.197114e-01,9.859466e+00,6.394595e+00,1.313330e-02,3.234631e-01
6.305489e+00,-4.939563e-01,1.178571e+01,7.267855e+00,-1.233750e+00,1.642714e-02
5.855496e+00,-4.974825e-01,1.244454e+01,7.558487e+00,-2.050600e+00,-5.397466e-01
2.675159e+00,-4.356791e+00,1.441654e+01,7.574576e+00,-2.474475e+00,-1.657660e+00
-1.732308e+00,-3.843818e-01,1.140884e+01,6.682242e+00,-2.254003e+00,-1.751941e+00
-5.979727e+00,1.089686e+01,9.467004e+00,4.984568e+00,-1.398870e+00,-1.421614e+00
-6.901434e+00,2.514772e+00,3.567827e+00,3.538910e+00,-2.693250e-01,-1.018124e+00
1.581743e+00,-7.271490e-01,-6.850386e-01,7.998551e-01,5.837170e-01,-4.659171e-01
1.028359e+01,1.869159e+00,-6.018990e-01,-5.425793e-01,2.971965e-02,-4.548763e-01
5.486669e+00,2.205674e+00,2.122742e+00,-2.304716e+00,-2.235171e+00,-8.097204e-01
7.704086e-01,2.411176e+00,3.659897e+00,-3.307721e+00,-2.813538e+00,-6.381855e-01
-2.489692e+01,1.021101e+01,1.213766e+01,-3.181328e+00,-1.147440e+00,-7.734909e-02
-7.975540e+00,2.526163e+01,1.460483e+00,-2.975697e+00,3.104043e+00,1.299709e+00
1.885011e+00,9.156572e+00,5.283261e+00,-2.327250e+00,4.523163e+00,7.403035e-01
1.558019e+01,6.326242e+00,5.885223e+00,-2.729392e+00,3.352063e+00,2.981189e-01
9.479114e+00,5.927158e+00,9.283357e+00,-2.713477e+00,-3.746541e-01,-5.582846e-01
1.462303e+00,9.744156e+00,1.035116e+01,-2.788545e+00,-1.606308e+00,-6.413183e-01
-6.746518e+00,7.804968e+00,9.297083e+00,-2.275895e+00,-1.883986e+00,-6.542761e-01
-5.682220e+00,6.638033e+00,7.342832e+00,-2.167388e+00,-6.397699e-01,-6.160362e-02
6.915370e-01,6.907115e+00,7.150694e+00,-2.084659e+00,5.588902e-01,1.574779e-01
4.469191e+00,4.750187e+00,6.765980e+00,-1.981856e+00,5.031192e-01,1.294296e-02
2.388997e+00,5.300628e+00,5.725914e+00,-2.061355e+00,-2.896502e-01,-1.774499e-01
9.396143e-01,6.196482e+00,5.562559e+00,-2.331652e+00,-5.876936e-01,-2.780635e-01
1.551288e+00,6.607280e+00,6.300736e+00,-2.676798e+00,-6.627665e-01,-4.007755e-01
1.846075e+00,7.663523e+00,6.851806e+00,-2.895003e+00,-9.333169e-01,-4.497507e-01
1.718214e+00,9.036587e+00,6.079097e+00,-3.386659e+00,-1.485009e+00,-3.611918e-01
2.545337e+00,1.232087e+01,5.300506e+00,-3.917545e+00,-1.570023e+00,-1.948267e-01
-2.934928e-01,2.141796e+01,1.230502e+01,-4.490018e+00,-1.766990e+00,-2.224044e-01
-5.561452e+00,2.025847e+01,1.611785e+01,-4.021086e+00,-1.890456e+00,-3.819009e-01
-1.039629e+01,7.681972e+00,1.716575e+01,-1.713456e+00,-6.316724e-01,-1.226342e-01
-4.048870e-01,5.513328e+00,1.095448e+01,-3.924471e-01,8.805227e-01,2.740983e-01
7.061349e+00,7.106245e+00,1.325003e+01,3.434292e+00,1.366298e+00,3.111689e-01
5.161097e+00,6.510537e+00,1.279357e+01,4.811954e+00,7.835026e-01,-6.387709e-03
4.948307e+00,-7.789316e-01,1.336578e+01,6.507399e+00,8.426041e-01,-2.512816e-01
6.069942e+00,-9.063072e-01,1.241735e+01,7.227935e+00,1.055591e+00,-4.679659e-01
8.470216e+00,1.879749e+00,1.332404e+01,7.839463e+00,3.421240e-01,-8.193430e-01
1.180051e+01,1.499517e+00,1.477591e+01,7.953196e+00,-5.311577e-01,-1.195806e+00
8.264992e+00,1.814592e+00,1.311288e+01,7.649450e+00,-2.180771e+00,-1.899972e+00
5.583743e+00,3.731076e+00,1.259423e+01,7.277649e+00,-3.000239e+00,-2.394907e+00
2.711243e+00,3.246060e+00,8.137165e+00,6.002165e+00,-3.863180e+00,-2.934827e+00
-1.150982e+00,1.999032e+00,5.904502e+00,4.610062e+00,-3.834093e+00,-3.083412e+00
-1.103260e+01,2.268753e+00,3.845096e+00,2.373673e+00,-3.017256e+00,-2.051710e+00
-8.492136e+00,-3.378134e+00,-2.205214e+00,9.943954e-01,-1.589135e+00,-4.959962e-01
-9.692758e-01,-3.147874e+00,5.502355e-02,-2.002248e+00,7.454251e-01,6.134257e-01
6.677554e+00,3.944708e+00,7.220838e+00,-3.462694e+00,6.210440e-01,1.016737e+00
1.570061e+00,3.166634e+01,-6.348147e+00,-7.721005e-01,-9.066295e-02,3.439583e-01
-2.019238e+01,1.131393e+01,6.222649e+00,-4.729517e-01,-1.014198e+00,-1.186428e+00
1.530577e+00,2.400029e+00,9.194092e+00,-2.100389e+00,3.443150e+00,1.563129e+00
1.358803e+01,9.303025e+00,7.174850e+00,-1.934708e+00,3.564196e+00,8.825596e-01
9.828894e+00,1.019662e+01,7.290521e+00,-1.549790e+00,6.431695e-01,-6.128319e-02
3.469855e+00,8.020992e+00,6.746528e+00,-1.327108e+00,-1.313183e+00,-6.688531e-01
-5.581313e+00,9.466465e+00,5.167717e+00,-9.529232e-01,-1.847800e+00,-6.909023e-01
-8.776479e+00,1.063038e+01,4.838741e+00,-9.112112e-01,-1.069518e+00,-4.491891e-01
-1.459713e+00,8.828288e+00,2.443946e+00,-7.475178e-01,4.107097e-01,-1.319186e-02
1.723173e+00,8.164859e+00,2.028413e+00,-7.914271e-01,1.178687e-01,-1.392859e-01
9.694507e-01,7.699901e+00,2.132217e+00,-9.132984e-01,-7.182015e-01,-3.804976e-01
-7.114055e-01,8.012162e+00,2.431189e+00,-1.017090e+00,-9.623150e-01,-5.064882e-01
-1.057492e+00,8.957869e+00,3.170000e+00,-1.200713e+00,-1.033574e+00,-5.397145e-01
-1.897589e+00,8.090074e+00,3.163284e+00,-1.343712e+00,-9.711481e-01,-5.173679e-01
-2.054129e+00,8.396294e+00,3.979769e+00,-1.504867e+00,-6.540876e-01,-3.634885e-01
2.308733e-02,8.487512e+00,3.697822e+00,-1.609821e+00,-5.267984e-01,-3.474481e-01
2.651264e+00,9.591873e+00,1.665392e+00,-2.037777e+00,-8.338881e-01,-3.888888e-01
1.511334e+00,1.092673e+01,3.977757e+00,-2.287753e+00,-1.231428e+00,-5.773381e-01
3.631078e+00,8.964651e+00,4.369830e+00,-2.560892e+00,-1.474699e+00,-8.653765e-01
4.012943e+00,1.221104e+01,4.872353e+00,-2.916753e+00,-1.918708e+00,-1.091505e+00
1.015663e+01,1.784566e+01,4.310256e+00,-3.163918e+00,-2.735702e+00,-1.705070e+00
9.301401e+00,1.018950e+01,8.291749e+00,-2.958521e+00,-3.618517e+00,-2.682583e+00
5.419805e+00,2.927821e+00,1.498405e+01,-2.590360e+00,-4.813867e+00,-4.137727e+00
2.684659e+00,2.579176e+00,1.540198e+01,-2.321835e+00,-5.009372e+00,-4.666088e+00
1.226775e-01,7.214153e+00,8.156831e+00,-9.185509e-01,-4.249745e+00,-4.939297e+00
-1.332307e+00,6.832855e+00,8.338623e+00,4.688946e-01,-3.424698e+00,-4.882672e+00
-1.523741e+00,5.143579e+00,7.160395e+00,1.884972e+00,-1.885708e+00,-3.992086e+00
-1.216008e+00,6.677010e+00,7.472465e+00,2.813117e+00,-5.505934e-01,-3.362549e+00
-1.815657e+00,7.082508e+00,8.634310e+00,4.104772e+00,1.203387e+00,-2.491121e+00
2.524241e+00,8.251651e+00,9.763043e+00,4.922182e+00,1.672488e+00,-1.905965e+00
1.327283e+01,7.208273e+00,8.186014e+00,6.001559e+00,8.974680e-01,-1.326067e+00
1.737079e+01,6.300138e+00,7.973199e+00,6.293416e+00,-1.435324e+00,-1.480961e+00
9.850343e+00,6.113607e+00,9.859666e+00,5.796050e+00,-5.228271e+00,-2.766502e+00
-2.273079e+00,5.358415e+00,9.648878e+00,5.381495e+00,-5.853265e+00,-3.359919e+00
-1.584170e+01,3.136097e+00,6.544261e+00,4.074699e+00,-4.394038e+00,-2.497275e+00
-1.284487e+01,-4.493321e+00,-5.695151e-01,2.518934e+00,-1.305134e+00,-7.033282e-01
-2.138096e+00,-6.704877e+00,1.083005e+00,-9.095734e-01,1.993561e+00,1.375694e+00
1.852246e+00,9.361574e+00,6.569406e+00,-2.359935e+00,2.245208e+00,1.674427e+00
7.005800e-01,2.106595e+01,3.679471e+00,-5.351616e-01,1.078565e+00,3.433773e-02
-1.811789e+00,2.446992e+00,4.152628e+00,-1.625960e+00,2.521654e-01,4.051926e-01
4.916810e+00,5.928918e+00,6.392634e+00,-1.509656e+00,7.484594e-01,4.835271e-01
2.405119e-01,1.225336e+01,6.727503e+00,-1.332854e+00,2.606230e-01,1.626518e-01
-1.973546e+00,8.049208e+00,5.895328e+00,-1.117447e+00,4.855438e-02,1.833333e-01
1.082396e+00,8.527726e+00,3.206240e+00,-9.686528e-01,-2.450040e-02,1.796334e-01
5.096209e-01,1.018687e+01,3.106567e+00,-9.548808e-01,-5.320365e-01,8.025131e-02
-9.971027e-01,9.231185e+00,3.198452e+00,-9.594397e-01,-6.038747e-01,1.255650e-01
-1.402098e+00,8.958699e+00,3.139495e+00,-9.009832e-01,-5.116716e-01,1.372370e-01
6.000000e-02,8.577195e+00,2.314951e+00,-8.704086e-01,-5.847410e-01,1.056228e-01
-3.927229e-01,8.859261e+00,2.460467e+00,-9.744953e-01,-5.855491e-01,5.207596e-02
5.984932e-01,8.720753e+00,2.592616e+00,-1.094935e+00,-4.194355e-01,1.722521e-02
-3.289058e-01,7.808731e+00,2.004924e+00,-1.341517e+00,-6.409842e-01,-3.853026e-02
2.010581e-02,8.143972e+00,1.193014e+00,-1.515266e+00,-6.599331e-01,-4.573845e-02
4.664467e-01,8.275431e+00,7.102538e-01,-1.962530e+00,-7.142437e-01,-5.270752e-02
1.754577e+00,8.007372e+00,2.748761e+00,-2.262408e+00,-8.558034e-01,-1.297576e-01
7.071257e+00,1.007471e+01,-5.233623e-02,-2.923411e+00,-1.593042e+00,-4.415200e-01
9.248956e+00,1.817395e+01,-5.254516e-01,-3.579785e+00,-2.588156e+00,-5.772737e-01
-8.805379e-01,1.833731e+01,9.012122e+00,-3.680422e+00,-3.642493e+00,-8.854933e-01
-1.547928e-01,1.226491e+01,1.119457e+01,-3.187005e+00,-3.065291e+00,-1.008473e+00
6.182367e-01,5.679229e+00,1.492861e+01,-2.217075e+00,-2.755580e+00,-1.974673e+00
-7.746260e-01,7.677772e+00,1.140983e+01,-1.576695e+00,-2.405947e+00,-2.514259e+00
1.707241e+00,6.256750e+00,6.924956e+00,5.655603e-01,-1.662591e+00,-2.764911e+00
1.793439e+00,3.784902e+00,6.687453e+00,1.683882e+00,-1.286343e+00,-2.840601e+00
1.143452e+00,4.433562e+00,6.839041e+00,2.620894e+00,-7.406975e-01,-2.579332e+00
-1.333709e+00,4.237611e+00,8.030705e+00,3.145309e+00,-2.174232e-01,-2.401069e+00
-1.897429e+00,5.255991e+00,8.764902e+00,4.083970e+00,1.124307e+00,-1.769712e+00
2.693744e+00,5.992499e+00,8.467125e+00,4.762637e+00,1.521846e+00,-1.170535e+00
1.027269e+01,6.738017e+00,6.816232e+00,4.965945e+00,3.475329e-01,-5.307604e-01
1.087502e+01,5.223839e+00,5.112851e+00,4.557244e+00,-1.142951e+00,-6.113508e-01
-3.547184e+00,3.448514e+00,3.966386e+00,3.008884e+00,-2.638073e+00,-9.779814e-01
-8.736750e+00,2.659014e+00,3.243311e+00,1.481964e+00,-1.332329e+00,-6.027699e-01
-1.726065e+00,2.850009e+00,2.044109e+00,-5.277613e-01,5.342667e-01,1.894821e-01
4.625045e+00,1.474113e+01,2.083114e-01,-1.216420e+00,7.381479e-01,3.687880e-01
-6.320156e+00,1.012258e+01,6.087743e+00,-7.298484e-01,1.521171e-01,-7.089505e-02
-4.102868e+00,3.721723e+00,6.098506e+00,-1.086805e+00,1.446622e+00,3.573673e-01
8.087882e+00,1.069802e+01,2.245636e+00,-1.400228e+00,1.099900e+00,3.381937e-01
7.781870e+00,1.078008e+01,1.463336e+00,-1.517066e+00,9.522574e-02,-4.842242e-02
-1.208829e+00,7.264254e+00,3.441099e+00,-1.459032e+00,-1.438597e+00,-4.726984e-01
-5.194400e+00,8.473329e+00,5.340523e+00,-1.623170e+00,-1.276105e+00,-2.405168e-01
-3.726832e+00,9.150566e+00,4.722733e+00,-1.502790e+00,-4.557469e-01,1.000618e-01
-1.305172e+00,7.025228e+00,4.584270e+00,-1.492867e+00,-2.923307e-03,2.255164e-01
5.799459e-01,7.352400e+00,3.011589e+00,-1.636257e+00,1.721727e-01,2.514755e-01
1.910804e-01,7.908983e+00,1.692097e+00,-1.826894e+00,4.351240e-02,2.282741e-01
-3.078773e+00,6.389657e+00,4.146829e+00,-1.912539e+00,1.479846e-01,1.708501e-01
-2.631174e-01,6.101227e+00,2.930698e+00,-2.097353e+00,3.250400e-01,3.221927e-01
9.750447e-01,6.463727e+00,3.666255e+00,-2.583677e+00,2.166157e-01,4.145079e-01
2.060552e+00,3.810094e+00,4.948318e+00,-2.783401e+00,2.871700e-02,2.287170e-01
3.483141e+00,3.793162e+00,5.109650e+00,-3.076713e+00,-5.657560e-01,3.533736e-02
9.876081e-01,5.279086e+00,6.772849e+00,-3.225762e+00,-9.490350e-01,-7.641381e-02
-1.143026e-02,4.541221e+00,7.339071e+00,-3.466132e+00,-1.105535e+00,1.029198e-02
2.111244e+00,7.255068e+00,8.458027e+00,-3.795524e+00,-1.064062e+00,2.876248e-01
1.437617e+00,1.319967e+01,1.423474e+01,-4.167840e+00,-1.247664e+00,8.378112e-01
-2.424682e-01,1.452399e+01,1.728616e+01,-4.010199e+00,-1.040649e+00,1.260935e+00
1.730771e+00,9.424878e+00,1.474363e+01,-2.880286e+00,-1.570729e-01,1.672660e+00
2.906540e+00,7.567575e+00,1.372512e+01,-1.728059e+00,1.835570e-01,1.379085e+00
-1.349035e+00,5.377374e+00,1.130507e+01,9.594706e-01,8.361616e-01,6.181292e-01
3.237531e-01,-2.414328e-01,6.076549e+00,2.097124e+00,9.772645e-01,7.776871e-01
3.802701e+00,2.601840e+00,6.188966e+00,4.334598e+00,8.035111e-01,2.384773e-01
4.795351e+00,4.726881e+00,7.992652e+00,5.429090e+00,2.018192e-01,3.653224e-02
5.942279e+00,4.039694e+00,1.051812e+01,6.489356e+00,-1.069594e+00,-2.787762e-01
4.465285e+00,7.929798e-01,1.203578e+01,6.816044e+00,-1.647271e+00,-4.989073e-01
2.625349e+00,1.581223e-01,1.145984e+01,6.947528e+00,-2.084145e+00,-9.924487e-01
1.211782e+00,-3.330629e-01,1.247314e+01,6.963664e+00,-1.822691e+00,-1.582313e+00
-1.553280e+00,2.547904e+00,9.712662e+00,6.069486e+00,-1.367634e+00,-1.519906e+00
-9.870091e-01,4.974869e+00,6.749702e+00,5.293271e+00,-9.638547e-01,-1.349427e+00
-1.191586e+00,2.583829e+00,2.790173e+00,3.380455e+00,-7.354663e-01,-9.315576e-01
-1.725423e+00,9.063384e-01,1.034203e+00,1.839118e+00,-6.173984e-01,-5.503817e-01
3.153951e+00,2.291394e+00,-7.735599e-01,-3.082975e-01,-5.969994e-01,-2.929441e-01
4.017183e+00,4.282983e+00,1.171093e-01,-1.126211e+00,-9.728323e-01,-3.129830e-01
1.802835e+00,6.282123e+00,2.333184e+00,-2.173932e+00,-1.582093e+00,-3.740728e-01
-6.608939e-01,6.025481e+00,4.363601e+00,-2.623570e+00,-1.540287e+00,-2.949105e-01
-1.816278e+01,7.459991e+00,9.061879e+00,-3.150414e+00,-7.161624e-01,-7.829798e-02
-1.616145e+01,2.804677e+01,5.191681e+00,-2.999038e+00,2.553462e+00,9.686889e-01
-2.155835e+00,1.319067e+01,2.892082e+00,-1.419771e+00,3.853485e+00,3.516169e-01
1.112765e+01,1.530877e+01,-2.841178e-01,-2.169833e+00,3.416055e+00,9.854146e-02
1.090812e+01,1.307327e+01,7.391044e+00,-2.289257e+00,1.200634e+00,1.161276e-01
4.387418e+00,1.617367e+00,1.258853e+01,-2.304240e+00,-1.928953e-01,-6.451015e-01
2.160799e-02,4.550705e+00,9.134185e+00,-1.758376e+00,-1.938594e+00,-6.180113e-01
-5.168470e+00,8.483423e+00,8.454581e+00,-1.548374e+00,-1.848754e+00,-5.445578e-01
-5.526795e+00,1.143168e+01,5.874257e+00,-1.306100e+00,-1.914602e-01,1.327060e-01
-2.141339e+00,5.899069e+00,5.904747e+00,-1.251913e+00,8.176747e-01,2.710195e-01
3.266475e+00,4.901203e+00,4.840774e+00,-1.318278e+00,7.705036e-01,2.662790e-01
2.943889e+00,9.896046e+00,3.521897e+00,-1.417766e+00,9.127238e-02,6.598740e-02
-1.072311e+00,5.578846e+00,5.463466e+00,-1.543791e+00,-3.228241e-01,-1.625650e-01
1.098654e-01,2.851804e+00,5.318234e+00,-1.672677e+00,-1.398453e-01,-1.959319e-01
3.067071e+00,8.479109e+00,4.280000e+00,-2.067948e+00,-2.856051e-01,-2.384688e-01
1.309183e+00,8.045835e+00,5.179715e+00,-2.266758e+00,-8.697229e-01,-4.371979e-01
-1.273037e+00,3.471345e+00,6.702777e+00,-2.586558e+00,-9.991602e-01,-3.127215e-01
-1.538195e+00,5.928300e+00,7.617902e+00,-2.781872e+00,-7.635136e-01,-5.039876e-02
8.235788e-02,8.319663e+00,8.205740e+00,-3.020384e+00,-2.717752e-01,2.513976e-01
3.531837e+00,1.046916e+01,7.180952e+00,-3.362427e+00,-4.022887e-02,4.213566e-01
5.403671e+00,1.697167e+01,1.178302e+01,-3.800217e+00,-8.856909e-01,4.720691e-01
-3.733997e-01,1.292785e+01,1.448703e+01,-3.424885e+00,-1.342941e+00,4.800000e-01
-6.233023e+00,7.107112e+00,1.418161e+01,-2.345631e+00,-8.862373e-01,9.021881e-01
-8.970578e+00,1.427762e+00,1.274816e+01,-9.231046e-01,2.100028e-01,1.265109e+00
-2.952216e+00,3.308919e+00,7.135054e+00,1.619379e+00,1.489644e+00,1.775926e+00
2.124755e+00,7.007937e+00,8.206919e+00,3.385734e+00,1.375705e+00,1.500928e+00
3.463795e+00,3.433155e+00,7.939781e+00,5.499999e+00,5.871616e-01,1.246642e+00
4.755171e+00,4.275215e-01,8.741288e+00,6.391611e+00,-1.770474e-01,8.878834e-01
5.746146e+00,-1.836525e-01,1.048526e+01,7.028775e+00,-1.258205e+00,2.786205e-01
3.588176e+00,1.974966e-01,1.247914e+01,7.187661e+00,-1.706137e+00,-2.007253e-01
1.248076e+00,-2.165850e+00,1.173378e+01,7.125036e+00,-1.670204e+00,-9.173779e-01
6.469876e-01,-1.305450e+00,1.027470e+01,6.287534e+00,-1.099746e+00,-1.056652e+00
1.055457e+00,4.507782e+00,6.986761e+00,4.668075e+00,-6.945106e-01,-1.132976e+00
-1.279619e+00,3.479571e+00,4.914593e+00,3.713751e+00,-5.429023e-01,-1.115367e+00
4.638161e-01,2.230050e+00,2.127473e+00,1.683074e+00,-5.478237e-01,-6.173368e-01
1.824169e+00,2.096341e+00,1.139490e+00,2.122795e-01,-9.275954e-01,-5.173928e-01
1.146852e+00,4.782667e+00,1.617171e+00,-1.276078e+00,-1.118762e+00,-2.727972e-01
1.861237e+00,6.911271e+00,2.746389e+00,-1.672847e+00,-1.079020e+00,-7.114983e-03
-5.249131e+00,3.964576e+00,5.267391e-01,-3.065926e+00,-6.995062e-01,1.160494e-02
-2.073941e+01,1.856746e+01,1.016013e+01,-4.108749e+00,1.466097e+00,5.902964e-01
6.582707e-01,2.513727e+01,1.680732e+00,-1.706393e+00,3.876641e+00,1.004944e+00
5.813119e+00,1.257234e+01,7.235997e+00,-2.245494e+00,3.737027e+00,-8.469190e-02
1.244648e+01,6.925798e+00,7.952998e+00,-2.262771e+00,9.680227e-01,-2.503812e-01
5.572921e+00,7.753021e+00,8.515674e+00,-2.297960e+00,-5.398116e-01,-4.482367e-01
-6.166513e-01,1.095381e+01,1.115900e+01,-1.896809e+00,-1.587624e+00,-7.554093e-01
-2.888024e+00,3.962933e+00,1.013859e+01,-1.716639e+00,-1.151275e+00,-4.935289e-01
-1.150484e+00,2.974019e+00,1.015869e+01,-1.435878e+00,-3.988127e-01,-2.006676e-01
-4.861752e-01,4.727637e+00,8.002949e+00,-1.114305e+00,-1.628949e-01,-1.318874e-01
-8.670564e-01,1.179105e+01,6.729716e+00,-9.326093e-01,8.162041e-02,-9.936338e-03
2.576414e-01,8.097470e+00,4.996508e+00,-9.297108e-01,2.108618e-01,-2.323259e-02
1.123219e+00,5.925594e+00,5.176439e+00,-1.263485e+00,8.675399e-02,-2.474690e-02
1.715334e+00,5.638823e+00,5.500392e+00,-1.326694e+00,-1.141147e-01,-1.378936e-01
2.110841e+00,3.425300e+00,4.787350e+00,-1.467815e+00,-4.572357e-01,-3.456492e-01
1.305740e+00,4.995976e+00,5.292544e+00,-1.766287e+00,-7.678084e-01,-4.021255e-01
-1.791303e+00,6.920188e+00,6.765472e+00,-1.985572e+00,-9.005149e-01,-3.284661e-01
-3.196834e+00,5.212355e+00,7.025038e+00,-2.092644e+00,-5.448580e-01,-1.712375e-01
3.162597e-01,1.016190e+01,7.426257e+00,-2.412511e+00,2.061214e-02,2.395577e-01
2.573072e+00,8.547026e+00,6.644949e+00,-2.608441e+00,6.512171e-02,3.312678e-01
6.087323e+00,7.781665e+00,6.907039e+00,-3.104346e+00,-2.683216e-01,2.298047e-01
6.893833e+00,8.632160e+00,1.035577e+01,-3.365691e+00,-9.757924e-01,1.543443e-01
-3.312516e-01,1.452731e+01,1.564679e+01,-2.928083e+00,-1.955475e+00,6.521857e-01
-6.605031e+00,1.191631e+01,1.558000e+01,-2.164470e+00,-1.490799e+00,9.820770e-01
-8.627996e+00,5.750011e+00,1.199735e+01,-6.641664e-01,8.629429e-02,1.637930e+00
-7.292295e+00,-3.812525e-02,1.146191e+01,5.803178e-01,1.373475e+00,1.968993e+00
1.854372e+00,8.652877e-01,2.488907e+00,2.312752e+00,2.076741e+00,2.307703e+00
5.441185e+00,4.411509e+00,4.973402e+00,3.371554e+00,1.789822e+00,1.762003e+00
6.246956e+00,3.556961e+00,7.452605e+00,5.522456e+00,-1.340734e-01,5.303229e-01
6.689468e+00,1.847568e+00,9.324416e+00,6.319944e+00,-1.425416e+00,2.299002e-01
3.462492e+00,4.627814e-01,1.178585e+01,6.880299e+00,-2.500183e+00,-3.824491e-01
1.091490e-01,-2.697808e-01,1.343127e+01,7.098810e+00,-2.566714e+00,-9.703304e-01
-2.777720e+00,-2.704591e+00,1.304770e+01,7.149112e+00,-1.096365e+00,-1.777610e+00
-1.235491e+00,3.841145e-01,1.015066e+01,6.703551e+00,-3.344343e-01,-1.577435e+00
1.736238e+00,7.004466e+00,6.483748e+00,4.740413e+00,7.109488e-02,-8.352549e-01
-1.867604e+00,4.319881e+00,4.176661e+00,4.098670e+00,-1.969992e-01,-6.888992e-01
3.318808e-01,2.823094e-01,-5.415470e-01,1.355171e+00,4.900607e-01,-1.330458e-01
4.540926e+00,2.016065e+00,-6.278704e-01,1.176611e-01,6.661293e-01,-2.983684e-02
8.130200e+00,3.326027e+00,6.036291e-01,-1.853528e+00,-3.750087e-01,-2.366589e-01
-3.667140e+00,7.779795e+00,1.130969e+00,-2.822261e+00,-1.247250e+00,-4.854413e-01
-2.563376e+01,2.973734e+01,7.030300e+00,-3.745775e+00,-1.289923e+00,-4.969711e-01
-3.138424e+00,1.690476e+01,2.474914e+00,-2.233431e+00,3.010400e+00,5.740665e-01
1.205007e+01,1.163994e+01,9.785471e+00,-2.385240e+00,4.069015e+00,5.328820e-01
1.473819e+01,9.069833e+00,5.750628e+00,-2.336968e+00,3.110902e+00,5.414269e-01
6.842824e+00,1.290937e+01,7.338529e+00,-2.159468e+00,-2.935882e-01,-3.058956e-01
4.617785e-01,7.146277e+00,1.095157e+01,-1.968925e+00,-1.530938e+00,-6.842605e-01
-5.353480e+00,5.316642e+00,8.608694e+00,-1.549847e+00,-1.463304e+00,-3.981265e-01
-4.269398e+00,7.758245e+00,8.705260e+00,-1.316465e+00,-6.173219e-01,-3.757881e-03
-1.225626e+00,7.946381e+00,7.502058e+00,-9.927472e-01,4.771497e-01,4.642866e-01
1.453543e+00,5.024107e+00,6.140226e+00,-9.961266e-01,8.312932e-01,5.487687e-01
3.900475e+00,7.358431e+00,3.511299e+00,-1.176235e+00,8.055434e-01,5.411454e-01
2.657132e+00,6.765083e+00,4.599727e+00,-1.312121e+00,3.518200e-01,1.469713e-01
2.068061e+00,5.967754e+00,3.657092e+00,-1.642719e+00,-2.474558e-02,3.304426e-02
1.699176e+00,6.815182e+00,4.091933e+00,-1.873791e+00,-1.903051e-01,-6.430697e-02
3.592019e-01,6.549794e+00,5.864822e+00,-2.196586e+00,-6.005455e-01,-2.430446e-01
-1.883342e+00,4.444380e+00,7.043337e+00,-2.302920e+00,-1.036442e+00,-3.803176e-01
-5.128733e+00,6.995034e+00,7.523329e+00,-2.563445e+00,-9.873930e-01,1.120105e-01
-4.762429e+00,7.104043e+00,8.321855e+00,-2.647799e+00,-6.497608e-01,4.704170e-01
1.196887e+00,6.961113e+00,7.693423e+00,-2.839574e+00,2.544933e-01,1.105735e+00
6.706444e+00,8.226965e+00,8.854435e+00,-3.174269e+00,2.827539e-01,1.216672e+00
4.936028e+00,1.149683e+01,1.406875e+01,-3.476146e+00,-1.004805e+00,1.135108e+00
1.836843e-01,1.140997e+01,1.463358e+01,-3.123372e+00,-1.395615e+00,1.153247e+00
-1.869836e+00,7.645574e+00,1.323246e+01,-1.947744e+00,-8.041437e-01,1.365375e+00
1.616663e+00,5.881543e+00,9.400053e+00,-8.881176e-01,2.845524e-01,1.324380e+00
9.390995e-01,1.913879e+00,9.505793e+00,1.101621e+00,4.414121e-01,9.092567e-01
1.580752e+00,-1.372562e+00,4.676102e+00,2.457707e+00,5.184906e-01,6.840079e-01
2.903808e+00,4.070353e+00,5.770432e+00,4.615745e+00,6.776502e-01,-7.480308e-03
4.130537e+00,4.317019e+00,8.558778e+00,5.730350e+00,6.256885e-01,-6.031099e-01
9.731623e+00,1.623032e+00,9.762386e+00,6.890701e+00,-3.161130e-01,-8.619450e-01
7.541206e+00,3.140544e-01,1.182477e+01,7.206666e+00,-1.325309e+00,-1.191101e+00
4.501567e+00,1.874170e+00,1.302155e+01,7.124903e+00,-2.552376e+00,-1.815574e+00
4.006501e+00,-1.106772e+00,1.257982e+01,7.042634e+00,-2.646990e+00,-2.347167e+00
-1.995870e+00,3.868561e+00,9.199424e+00,5.604365e+00,-2.697810e+00,-2.274373e+00
-5.576927e+00,4.871293e+00,7.746122e+00,4.822890e+00,-2.378505e+00,-2.181757e+00
-6.697076e-01,2.079951e+00,1.922890e+00,2.920429e+00,-8.579507e-01,-1.390138e+00
4.635717e-01,2.609299e+00,3.893401e-01,1.241437e+00,-7.983925e-01,-8.511239e-01
8.788226e-01,4.349215e+00,-1.581058e-01,-8.692228e-01,-8.281402e-01,-3.822263e-01
2.297775e+00,3.283966e+00,1.639342e+00,-1.829584e+00,-7.314632e-01,-1.085692e-01
-1.852805e+01,1.253926e+01,8.369013e+00,-3.343835e+00,-6.853702e-01,8.389027e-02
-1.931441e+01,2.117031e+01,3.199889e+00,-3.022342e+00,9.519124e-01,6.118575e-01
1.829883e+00,1.668053e+01,1.065347e+00,-1.916850e+00,4.821938e+00,1.415601e+00
1.342199e+01,1.315482e+01,6.913845e+00,-1.889148e+00,4.142925e+00,5.097262e-01
1.245903e+01,8.617147e+00,6.936205e+00,-2.257105e+00,1.568157e+00,1.702053e-01
2.635036e+00,1.014048e+01,9.096305e+00,-2.120794e+00,-1.028340e-01,-1.321314e-01
-5.317067e-01,1.068816e+01,9.353481e+00,-1.715699e+00,-7.575314e-01,-2.605138e-01
-3.839855e+00,5.065791e+00,8.444267e+00,-1.464902e+00,-7.715289e-01,-1.369396e-01
-1.121973e-01,3.555134e+00,7.054052e+00,-1.254826e+00,1.513463e-01,1.882097e-01
1.095980e+00,5.421224e+00,5.693838e+00,-1.180712e+00,5.388716e-01,3.149374e-01
6.405070e-01,1.193430e+01,4.032911e+00,-1.166128e+00,5.436728e-01,1.990547e-01
7.736724e-01,6.541200e+00,2.839775e+00,-1.217133e+00,3.732501e-01,1.139629e-01
1.569996e+00,5.542654e+00,2.593289e+00,-1.699153e+00,1.214396e-01,6.568193e-02
2.316693e+00,7.403936e+00,3.558582e+00,-1.959897e+00,-1.200831e-01,-1.255635e-01
1.696968e+00,4.897892e+00,4.655255e+00,-2.184664e+00,-7.073718e-01,-4.229129e-01
8.963509e-01,5.197486e+00,4.646008e+00,-2.508845e+00,-1.037430e+00,-3.939177e-01
-3.045858e+00,4.493161e+00,7.988310e+00,-2.689788e+00,-1.238790e+00,-3.999668e-01
-4.884314e+00,5.655259e+00,8.302337e+00,-2.764387e+00,-9.749713e-01,-1.131729e-01
-1.854457e+00,1.226509e+01,7.301114e+00,-3.100320e+00,-1.225397e-01,6.187777e-01
4.677644e+00,1.166875e+01,6.200071e+00,-3.535206e+00,2.999074e-01,1.003430e+00
7.444852e+00,1.375388e+01,1.427524e+01,-4.091647e+00,-5.133996e-01,8.181118e-01
1.359123e+00,1.434421e+01,1.571035e+01,-3.820131e+00,-1.411793e+00,6.617611e-01
-6.876293e+00,1.179827e+01,1.315779e+01,-2.398880e+00,-1.283886e+00,6.316675e-01
-9.045675e+00,5.138053e+00,1.163233e+01,-3.046356e-01,-4.074032e-01,7.953555e-01
-1.794960e+00,-3.729642e-01,6.338638e+00,2.499470e+00,1.635923e+00,1.779222e+00
2.319642e+00,9.329924e-01,6.112940e+00,4.364126e+00,1.793622e+00,1.644189e+00
5.693179e+00,4.481570e+00,9.047947e+00,5.972548e+00,1.158269e+00,1.215306e+00
7.399137e+00,9.863182e-01,1.010790e+01,6.923347e+00,2.320003e-01,1.008359e+00
1.031629e+01,-2.180317e+00,1.136751e+01,7.266519e+00,-1.547314e+00,4.763370e-01
1.064762e+01,-2.485752e+00,1.146865e+01,7.229102e+00,-2.443090e+00,-2.955828e-01
5.344141e+00,-9.411676e-01,1.120807e+01,6.471335e+00,-4.047701e+00,-1.777115e+00
6.112258e-01,2.197915e+00,9.913021e+00,5.323427e+00,-4.275039e+00,-2.404311e+00
-1.245981e+01,6.751074e+00,8.447274e+00,3.467372e+00,-2.490846e+00,-2.482699e+00
-9.084102e+00,5.874663e+00,6.228899e+00,2.615570e+00,-6.676895e-01,-1.481008e+00
1.883842e+00,3.275303e+00,1.257956e+00,1.073047e+00,1.234750e+00,-2.461195e-02
6.093252e+00,3.610060e+00,5.023095e-01,-3.277642e-01,7.983603e-01,1.410152e-01
5.920327e+00,5.211719e+00,2.041191e+00,-1.935272e+00,-6.303780e-01,6.158933e-02
2.234696e+00,5.860154e+00,4.292803e+00,-2.495051e+00,-1.080446e+00,-1.052832e-01
-2.446190e+01,1.885555e+01,5.284574e+00,-3.028103e+00,-3.842818e-01,-5.562230e-01
-1.314860e+01,2.401050e+01,4.854712e+00,-2.119921e+00,3.542065e+00,1.102427e+00
4.740779e+00,1.252684e+01,6.018608e+00,-2.115757e+00,4.417161e+00,3.458911e-01
1.531561e+01,1.171231e+01,1.554054e+00,-1.992141e+00,3.240081e+00,1.742918e-01
9.575383e+00,1.693775e+01,9.000652e+00,-2.263236e+00,5.140271e-01,-1.148983e-02
1.570228e+00,5.162179e+00,1.050460e+01,-2.066318e+00,-8.175728e-01,-7.632858e-01
-3.160507e+00,6.035576e+00,9.009493e+00,-1.642277e+00,-1.363740e+00,-3.822857e-01
-3.937310e+00,7.438590e+00,9.035102e+00,-1.479857e+00,-9.064697e-01,-2.179259e-01
2.774031e-01,6.608187e+00,5.629028e+00,-1.196203e+00,3.885634e-01,1.621471e-01
2.290590e+00,7.574572e+00,4.864071e+00,-1.233859e+00,6.683226e-01,9.531023e-02
2.342833e+00,9.538652e+00,4.593656e+00,-1.332292e+00,1.003377e-01,-1.652249e-01
3.451924e-01,5.578227e+00,3.312158e+00,-1.471671e+00,-3.215082e-01,-2.888601e-01
-6.990642e-01,6.117658e+00,4.235852e+00,-1.853485e+00,-3.625830e-01,-2.407341e-01
3.336988e-02,5.524981e+00,4.630000e+00,-2.112614e+00,-3.365143e-01,-2.168279e-01
4.900201e-01,4.558815e+00,5.659582e+00,-2.423588e+00,-5.969108e-01,-2.001694e-01
-1.729387e+00,3.402634e+00,7.134067e+00,-2.585057e+00,-8.418964e-01,-2.057691e-01
-3.829773e+00,6.332021e+00,8.039143e+00,-2.864137e+00,-7.283968e-01,1.695084e-01
-3.480269e+00,1.225258e+01,9.010426e+00,-3.018638e+00,-3.200754e-01,5.965746e-01
3.945204e+00,8.704557e+00,7.266392e+00,-3.318867e+00,3.515578e-01,8.676031e-01
7.702537e+00,9.051875e+00,1.189265e+01,-3.712626e+00,8.997044e-02,9.055027e-01
9.058580e-02,1.121057e+01,1.569645e+01,-3.442682e+00,-1.381799e+00,9.912528e-01
-3.402725e+00,9.782386e+00,1.474534e+01,-2.438119e+00,-1.281430e+00,1.324340e+00
-4.331261e+00,5.060192e+00,1.097635e+01,-9.724099e-01,-1.488988e-01,1.431815e+00
-5.510367e+00,3.355323e+00,1.306999e+01,2.300023e-01,3.488395e-01,1.435000e+00
9.217626e-01,-3.067747e+00,5.774772e+00,2.679463e+00,1.726150e+00,1.776370e+00
7.589464e+00,1.933080e+00,2.308147e+00,4.237412e+00,1.834732e+00,1.537641e+00
9.113952e+00,4.865898e+00,8.402407e+00,5.325185e+00,1.667879e-01,5.951934e-01
6.321630e+00,1.940440e+00,1.021178e+01,5.921708e+00,-7.309613e-01,3.916902e-01
4.134060e+00,4.685036e-01,1.146390e+01,6.586462e+00,-1.685698e+00,-1.756461e-01
2.296789e+00,2.266386e+00,1.229771e+01,6.711322e+00,-2.095214e+00,-6.344151e-01
3.960880e+00,1.902501e+00,1.195676e+01,6.865153e+00,-2.041788e+00,-1.335102e+00
2.481846e+00,2.531700e+00,1.074566e+01,6.369300e+00,-2.379982e+00,-1.675544e+00
-2.730610e+00,6.601723e+00,7.583350e+00,5.120172e+00,-2.106498e+00,-1.873913e+00
-3.485319e+00,4.650742e+00,3.854197e+00,4.057858e+00,-1.423107e+00,-1.794741e+00
-2.186597e-01,4.621492e+00,4.793543e-01,2.081165e+00,-1.147989e+00,-1.060700e+00
7.534439e-01,2.633044e+00,-2.804648e-01,1.040750e+00,-1.426002e+00,-8.256182e-01
2.450852e+00,3.692307e+00,-2.248294e-01,-9.692660e-01,-1.721743e+00,-5.397530e-01
2.724410e+00,5.980235e+00,1.984718e+00,-2.021119e+00,-1.939000e+00,-4.903739e-01
2.798278e-01,5.420672e+00,5.521189e+00,-2.627445e+00,-1.931730e+00,-3.576634e-01
-1.823568e+01,1.030071e+01,7.852311e+00,-2.864246e+00,-1.567393e+00,-4.189005e-01
-1.516699e+01,1.757028e+01,2.797224e+00,-2.704091e+00,1.837098e+00,1.206785e+00
2.696040e+00,1.746928e+01,1.157079e+00,-2.007671e+00,4.684890e+00,1.507487e+00
9.190584e+00,9.131198e+00,4.909250e+00,-2.159682e+00,3.089391e+00,-3.464794e-02
1.405380e+01,6.279202e+00,6.472799e+00,-2.393043e+00,1.414962e+00,-4.422514e-01
1.884408e-01,6.479750e+00,8.537638e+00,-2.101001e+00,-1.212793e+00,-8.587078e-01
-1.222722e-01,1.436282e+01,6.857173e+00,-2.252043e+00,-1.252007e+00,-4.524897e-01
-3.501768e+00,9.156207e+00,6.373472e+00,-2.011224e+00,-5.377034e-01,-3.314905e-01
1.552703e+00,4.527821e+00,6.050795e+00,-2.277451e+00,-2.702310e-02,-4.696384e-02
2.685636e+00,4.139589e+00,7.340947e+00,-2.021646e+00,-5.255244e-01,-4.101991e-01
-6.451165e-01,6.734611e+00,6.907684e+00,-1.895174e+00,-1.098097e+00,-5.139995e-01
-5.903999e+00,8.497844e+00,7.371200e+00,-1.850369e+00,-9.793542e-01,-1.734006e-01
-5.305709e+00,4.395356e+00,6.965202e+00,-1.811883e+00,-8.201523e-02,1.510236e-01
1.211089e+00,4.104352e+00,5.684446e+00,-1.883385e+00,7.467581e-01,3.077717e-01
3.471961e+00,6.600067e+00,4.922908e+00,-2.105168e+00,4.827155e-01,2.469854e-01
9.578378e-01,8.578850e+00,6.422200e+00,-2.577261e+00,-7.301579e-01,-7.298412e-02
-1.298106e+00,8.575909e+00,6.820000e+00,-2.878365e+00,-1.070767e+00,-5.769629e-02
-2.299402e-02,6.337173e+00,7.362254e+00,-3.236584e+00,-8.671073e-01,1.231378e-01
2.269666e+00,6.416427e+00,6.848329e+00,-3.526938e+00,-7.237439e-01,2.377062e-01
4.103239e+00,1.040133e+01,1.158657e+01,-4.072356e+00,-1.395851e+00,1.198136e-01
-7.339196e-01,1.854212e+01,1.653403e+01,-3.969553e+00,-2.062536e+00,2.998816e-01
-6.237456e+00,9.813492e+00,1.226227e+01,-2.586184e+00,-1.364035e+00,4.752966e-01
-3.337295e+00,1.323265e+01,1.035369e+01,-1.370181e+00,2.144222e-01,3.800175e-01
2.915158e+00,-5.223609e+00,1.818809e+01,1.463968e+00,1.638210e+00,-3.783916e-01
1.118626e+01,5.928833e+00,3.862811e+00,2.466189e+00,1.931347e+00,1.056502e-01
5.908755e+00,6.900200e+00,1.495453e+01,4.736586e+00,6.917229e-01,-9.058638e-01
5.878889e+00,5.699021e+00,1.226682e+01,5.920649e+00,2.581090e-01,-1.082961e+00
6.885997e+00,2.892794e+00,1.282535e+01,7.043601e+00,1.928173e-01,-1.862654e+00
1.104647e+01,5.357508e+00,1.185521e+01,7.523341e+00,1.280281e-01,-2.108026e+00
1.050233e+01,3.450158e+00,1.392379e+01,7.865219e+00,-1.545149e+00,-2.496581e+00
6.571683e+00,4.051422e+00,1.319429e+01,7.431701e+00,-2.462449e+00,-2.819596e+00
2.638981e+00,7.083747e+00,1.130733e+01,7.035650e+00,-2.873194e+00,-2.280421e+00
5.434109e-02,5.808101e-01,8.067379e+00,6.555880e+00,-2.808081e+00,-2.249486e+00
-5.387647e+00,3.521273e+00,3.370491e+00,4.585955e+00,-1.942947e+00,-1.871638e+00
-5.899948e+00,2.628059e+00,2.215059e+00,3.451804e+00,-8.911345e-01,-1.055855e+00
1.259375e+00,-4.268082e+00,-3.310463e+00,1.100367e+00,2.574578e-01,2.712046e-01
5.643957e+00,-2.074750e+00,-1.869763e+00,-3.348217e-01,1.364891e-01,4.447702e-01
9.738489e+00,-1.575747e+00,2.980123e+00,-2.964167e+00,-1.292301e+00,2.735345e-01
6.814717e+00,2.997816e+01,-1.333171e-01,-2.761496e+00,-2.566442e+00,-1.130629e-01
-3.219160e+01,1.362253e+01,1.299923e+01,-1.287929e+00,-3.411172e+00,-2.219832e+00
-1.436879e+01,1.992571e+00,1.026794e+01,-2.467156e+00,6.527204e-01,3.420194e-01
1.168242e+01,4.783040e+00,1.031777e+01,-1.804377e+00,3.960453e+00,1.435877e+00
1.476460e+01,1.118601e+01,6.261499e+00,-1.426126e+00,2.302179e+00,4.826246e-01
6.009941e+00,1.020338e+01,5.811190e+00,-1.163459e+00,-9.469165e-01,-4.129552e-01
-9.491690e-01,9.060708e+00,2.945017e+00,-1.051330e+00,-1.874558e+00,-7.190608e-01
-6.019803e+00,8.718761e+00,3.234237e+00,-9.089178e-01,-2.105440e+00,-6.100750e-01
-7.787783e+00,1.011270e+01,4.085826e+00,-9.433446e-01,-9.912577e-01,-2.278235e-01
5.192281e-01,8.004125e+00,1.147874e+00,-8.176947e-01,-2.666034e-01,2.107947e-02
1.219987e+00,8.009779e+00,-3.940230e-02,-8.930092e-01,-5.885991e-01,-8.453994e-02
-2.274069e+00,7.938981e+00,1.159157e+00,-1.127297e+00,-9.646355e-01,-2.725475e-01
-3.424045e+00,8.490017e+00,2.066049e+00,-1.373090e+00,-7.291848e-01,-2.156824e-01
-4.551408e+00,8.329531e+00,2.749289e+00,-1.527534e+00,-1.794247e-01,9.395016e-03
-1.256230e+00,7.229562e+00,4.889956e+00,-1.556008e+00,3.175182e-01,1.100202e-01
4.761195e+00,7.761299e+00,5.045325e+00,-1.727905e+00,4.338328e-01,1.182401e-01
3.490125e+00,7.872467e+00,4.574413e+00,-1.865282e+00,-1.799929e-01,-1.339597e-01
1.234754e+00,6.793815e+00,2.509121e+00,-2.236111e+00,-8.759680e-01,-3.931080e-01
2.581899e+00,9.123752e+00,1.361621e+00,-2.631071e+00,-1.059620e+00,-4.242828e-01
3.911623e+00,1.020679e+01,3.027698e+00,-3.250741e+00,-1.711504e+00,-1.168237e+00
8.819270e+00,2.144249e+01,6.116064e+00,-4.131359e+00,-2.368802e+00,-1.136127e+00
6.983314e+00,1.384561e+01,8.364664e+00,-4.015743e+00,-3.696733e+00,-2.101261e+00
6.604344e+00,1.175097e+01,1.198915e+01,-3.876124e+00,-4.002637e+00,-2.663645e+00
2.044384e+00,4.087777e+00,1.653860e+01,-2.692627e+00,-4.153815e+00,-4.124880e+00
5.796288e-01,7.654568e-01,1.399375e+01,-1.664597e+00,-3.542794e+00,-4.712195e+00
3.434548e+00,7.348052e-01,7.544438e+00,-5.606479e-01,-2.174159e+00,-4.618860e+00
1.419813e+00,6.283748e+00,7.721374e+00,3.272915e-01,-1.734794e+00,-4.509333e+00
1.370862e+00,5.252356e+00,5.739081e+00,1.656110e+00,-3.672474e-01,-3.925537e+00
1.672077e+00,5.696209e+00,5.956572e+00,2.410547e+00,6.058242e-01,-3.521564e+00
4.310870e+00,7.732236e+00,8.008814e+00,3.482606e+00,1.411626e+00,-2.774379e+00
9.206871e+00,9.035014e+00,7.476482e+00,4.143925e+00,1.153374e+00,-2.392518e+00
1.406275e+01,6.188994e+00,6.840318e+00,5.070274e+00,-8.109800e-01,-2.024988e+00
1.406118e+01,4.071018e+00,8.690350e+00,5.320472e+00,-3.214490e+00,-2.415612e+00
4.394828e+00,4.429577e+00,1.171164e+01,5.237510e+00,-5.460918e+00,-3.314679e+00
-3.665762e+00,6.179402e+00,1.212743e+01,5.094118e+00,-5.477532e+00,-3.564895e+00
-8.636430e+00,7.558878e+00,9.572579e+00,4.983209e+00,-3.716227e+00,-3.209690e+00
-6.447264e+00,6.703222e+00,5.671849e+00,4.512065e+00,-2.423145e+00,-2.262702e+00
-3.996397e+00,-1.291356e+00,-1.379703e+00,2.778920e+00,-9.213809e-01,-1.049497e+00
-5.910479e+00,-5.269616e+00,-2.593228e-01,1.151508e+00,8.986004e-03,-3.972010e-01
-4.551627e+00,-2.715517e-01,6.198299e+00,-1.518125e+00,2.037230e+00,1.383966e+00
-2.637104e+00,2.080867e+01,9.100579e+00,-1.603970e+00,3.268645e+00,1.703927e+00
1.480231e+00,1.478450e+01,4.818412e+00,-2.702147e-01,2.858236e+00,4.478642e-01
1.049822e+01,2.951567e+00,6.231263e+00,-1.346692e+00,2.384572e+00,7.897065e-01
1.108099e+01,7.148013e+00,3.648696e+00,-1.409198e+00,7.381444e-01,3.681689e-01
1.301462e+00,1.251975e+01,7.295954e+00,-1.303906e+00,-1.145518e+00,-2.711747e-01
-5.129281e+00,8.887562e+00,6.191609e+00,-9.943966e-01,-1.673601e+00,-3.508688e-01
-4.750996e+00,9.260332e+00,3.932768e+00,-8.150741e-01,-1.215190e+00,-5.412577e-02
-2.248360e+00,9.249680e+00,2.799453e+00,-6.952327e-01,-3.109075e-01,2.839630e-01
-1.720941e-01,8.695379e+00,2.143195e+00,-7.075298e-01,-1.177317e-01,3.407073e-01
1.707337e+00,8.590464e+00,8.989781e-01,-8.212279e-01,-7.062625e-01,6.645271e-02
-8.757506e-01,8.546641e+00,6.934360e-01,-9.064628e-01,-1.031322e+00,-4.625755e-02
-2.689802e+00,9.015457e+00,2.283636e+00,-1.114643e+00,-7.151570e-01,4.746072e-02
-1.492399e+00,8.379906e+00,2.370000e+00,-1.222419e+00,-2.574411e-01,1.277354e-01
1.284514e+00,8.418638e+00,3.018327e+00,-1.378787e+00,-1.654167e-01,9.885962e-02
1.618805e+00,7.834564e+00,4.112283e+00,-1.418419e+00,-3.264576e-01,-3.730811e-02
7.933776e-01,7.902543e+00,3.226205e+00,-1.597584e+00,-6.947611e-01,-1.414199e-01
-8.626221e-01,8.404987e+00,2.724942e+00,-1.776709e+00,-9.833756e-01,-1.607482e-01
-1.113276e+00,7.096485e+00,1.140512e+00,-2.180555e+00,-9.565152e-01,-6.790407e-02
3.453083e-01,7.147229e+00,2.203377e+00,-2.488451e+00,-9.931770e-01,-7.620166e-02
6.829842e+00,1.134401e+01,-8.413327e-01,-3.230932e+00,-1.696516e+00,-3.128192e-01
1.334181e+01,2.430985e+01,3.004385e+00,-4.123969e+00,-2.684262e+00,-2.010143e-01
2.748652e+00,1.189322e+01,7.434181e+00,-4.064045e+00,-3.962375e+00,-9.347429e-01
3.865563e+00,1.869889e+01,1.292149e+01,-4.020026e+00,-3.903836e+00,-6.729470e-01
-5.730501e+00,5.236650e+00,1.799509e+01,-2.453239e+00,-3.714851e+00,-1.779290e+00
-7.472366e+00,2.531963e+00,1.697441e+01,-1.777833e+00,-2.326345e+00,-1.800101e+00
1.343425e+00,8.225325e+00,7.773124e+00,-2.597840e-01,4.134282e-02,-1.461054e+00
3.295707e+00,8.504180e+00,6.823541e+00,9.973567e-01,3.608487e-01,-1.823920e+00
4.013238e+00,1.096118e+00,6.987085e+00,2.643662e+00,3.002660e-01,-2.091994e+00
3.721802e+00,2.504632e+00,6.809154e+00,3.430048e+00,1.726365e-01,-1.969142e+00
-9.725088e-01,2.730451e+00,8.527694e+00,4.514026e+00,5.132370e-01,-1.792428e+00
-1.883873e+00,4.392946e+00,8.855161e+00,5.159107e+00,1.081169e+00,-1.565206e+00
9.505140e+00,3.803294e+00,8.763723e+00,6.139882e+00,1.522024e+00,-9.541201e-01
1.219366e+01,5.448201e+00,7.288903e+00,5.806764e+00,1.543239e-01,-5.343100e-01
6.528158e+00,6.290561e+00,7.166246e+00,5.085988e+00,-2.313117e+00,-7.747674e-01
-6.092771e+00,5.388445e-01,5.883136e+00,4.408224e+00,-2.208745e+00,-9.216057e-01
-5.295527e+00,4.309778e+00,3.458105e+00,3.189531e+00,-8.558997e-02,-3.301065e-01
-5.533086e-01,4.656663e+00,1.302698e+00,2.441554e+00,1.046565e+00,6.814555e-02
4.831839e+00,3.788508e+00,-1.726815e+00,1.193368e+00,6.591759e-01,2.312868e-01
4.569102e+00,4.281469e+00,-1.225645e+00,5.316053e-01,4.227444e-02,1.408353e-01
1.482108e+00,7.469806e+00,9.747353e-01,-2.047166e-01,-4.869382e-01,1.086951e-01
3.189630e-01,8.339847e+00,1.762381e+00,-3.614727e-01,-3.815543e-01,1.742783e-01
1.445876e+00,8.098997e+00,1.596131e+00,-4.203377e-01,-1.823494e-01,2.261625e-01
2.119275e+00,8.317254e+00,9.275112e-01,-5.326529e-01,-2.642358e-01,1.781539e-01
1.730824e+00,8.405818e+00,-5.300211e-01,-8.553567e-01,-5.742684e-01,3.994789e-02
1.595203e+00,8.110812e+00,-7.152029e-01,-1.208029e+00,-7.880266e-01,-2.345714e-02
1.599906e+00,6.168085e+00,9.376146e-01,-2.012654e+00,-1.057794e+00,-9.584576e-02
3.751894e+00,5.196967e+00,2.901129e+00,-2.408400e+00,-1.122449e+00,-5.260564e-02
-1.720178e+01,1.003081e+01,4.998224e+00,-2.633080e+00,-1.234329e+00,-2.082256e-01
-1.642477e+01,2.085458e+01,2.862649e+00,-2.691608e+00,1.748245e+00,6.791882e-01
-1.643131e+00,1.275928e+01,1.567109e+00,-1.864846e+00,3.315283e+00,6.210832e-01
7.242363e+00,1.324960e+01,1.471607e+00,-2.035532e+00,2.876332e+00,1.651198e-01
1.409496e+01,1.236164e+01,4.621701e+00,-2.585641e+00,1.312093e+00,1.238262e-01
7.765474e+00,7.727545e+00,9.334407e+00,-2.660081e+00,-5.425342e-02,-4.417064e-01
1.477341e+00,5.316813e+00,1.026118e+01,-2.160236e+00,-2.249724e+00,-8.720666e-01
-7.309630e+00,6.577403e+00,1.055418e+01,-1.676496e+00,-2.251767e+00,-7.265592e-01
-8.722540e+00,1.124782e+01,7.250496e+00,-1.309841e+00,-2.422991e-01,2.170319e-01
-3.829770e+00,9.447431e+00,4.899429e+00,-1.211932e+00,1.252095e+00,6.633674e-01
3.782862e+00,4.371750e+00,6.631066e+00,-1.158437e+00,1.177743e+00,5.080846e-01
5.764460e+00,6.098859e+00,4.858890e+00,-1.298897e+00,6.075509e-01,4.905219e-01
3.013898e+00,8.276411e+00,4.118935e+00,-1.493429e+00,-3.466045e-01,1.578811e-01
-1.683769e+00,5.992258e+00,6.224042e+00,-1.491978e+00,-5.276671e-01,-9.371158e-02
2.085869e-01,5.605403e+00,6.196169e+00,-1.671961e+00,-1.914827e-01,9.833871e-02
1.310021e+00,5.408380e+00,5.970792e+00,-1.799253e+00,-2.257009e-01,1.313320e-01
3.345226e-01,5.511474e+00,6.477002e+00,-1.978466e+00,-5.843723e-01,6.634439e-02
-5.875767e-01,4.952539e+00,7.687423e+00,-2.059463e+00,-7.053883e-01,3.068215e-02
-6.788290e-01,4.991772e+00,8.053813e+00,-2.083375e+00,-4.761195e-01,3.117311e-01
-4.423260e-01,4.736899e+00,7.635469e+00,-2.160777e+00,-1.479726e-01,3.910400e-01
3.203542e+00,1.240913e+01,7.665902e+00,-2.594357e+00,6.154261e-02,6.230616e-01
6.440899e+00,1.013745e+01,6.503050e+00,-2.853261e+00,-1.307124e-01,5.675589e-01
6.969913e+00,7.936352e+00,1.026544e+01,-3.347126e+00,-9.792263e-01,3.537950e-01
2.126422e+00,1.391521e+01,1.362665e+01,-3.370330e+00,-1.712503e+00,4.967241e-01
-4.445305e+00,9.431250e+00,1.506387e+01,-2.364656e+00,-1.382539e+00,6.526751e-01
-7.077706e+00,3.803015e+00,1.291996e+01,-1.498936e+00,-4.244822e-01,1.165670e+00
-6.570880e+00,-3.906230e-01,1.093037e+01,-1.007987e-01,1.163315e+00,1.567651e+00
-1.549580e+00,3.320002e+00,5.804025e+00,1.676833e+00,2.063304e+00,1.962397e+00
6.731344e+00,5.290404e+00,6.168621e+00,4.170912e+00,1.452577e+00,1.242790e+00
6.528035e+00,4.520339e+00,7.021065e+00,4.977265e+00,4.025826e-01,9.099913e-01
4.386999e+00,2.014140e+00,1.085154e+01,6.169788e+00,-1.006772e+00,3.730871e-01
2.728466e+00,1.396222e+00,1.178058e+01,6.793618e+00,-1.477029e+00,9.374958e-02
1.681199e+00,8.495449e-01,1.262261e+01,7.191527e+00,-1.349392e+00,-4.977196e-01
3.676857e+00,4.354612e-01,1.253725e+01,7.193834e+00,-1.020856e+00,-9.553217e-01
5.336352e+00,3.060435e+00,1.013225e+01,6.498097e+00,-1.155555e+00,-1.208889e+00
9.917060e-01,5.259319e+00,8.309099e+00,5.757084e+00,-1.399513e+00,-1.467665e+00
-9.380856e-01,5.364108e+00,5.442277e+00,3.966517e+00,-1.049095e+00,-1.454362e+00
-1.082243e-01,4.913551e+00,1.438318e+00,2.715444e+00,-1.067240e+00,-9.918687e-01
-1.733178e+00,2.946915e+00,-3.750101e-01,9.186872e-01,-8.790464e-01,-5.751208e-01
6.015037e-01,4.727506e+00,-3.078656e-01,2.570090e-02,-4.777297e-01,-2.922707e-01
3.280242e+00,7.103819e+00,8.427624e-01,-9.473971e-01,-4.314949e-01,-8.390778e-02
4.031918e+00,7.358988e+00,1.685740e+00,-1.367260e+00,-6.509725e-01,-1.231606e-01
4.257580e+00,7.366437e+00,2.730453e+00,-1.834626e+00,-1.174121e+00,-3.129249e-01
2.825542e+00,3.653612e+00,3.252058e+00,-2.037944e+00,-1.375083e+00,-4.304193e-01
-8.598099e+00,9.558268e+00,5.766287e+00,-3.257617e+00,-1.113738e+00,-2.371109e-01
-9.248878e+00,2.943831e+01,2.751488e-01,-2.684598e+00,1.116725e+00,5.488001e-01
-9.330907e+00,1.031436e+01,3.353613e+00,-1.740886e+00,2.568133e+00,1.556604e-02
1.171882e+01,8.922827e+00,5.446751e+00,-2.522221e+00,2.942673e+00,-1.289249e-01
8.093469e+00,9.296624e+00,5.737169e+00,-2.209445e+00,2.095478e-01,-4.087398e-01
5.020126e+00,8.592050e+00,8.969958e+00,-2.258631e+00,-8.119024e-01,-4.380189e-01
-4.108320e+00,7.145555e+00,9.602663e+00,-1.867687e+00,-1.544020e+00,-4.958284e-01
-7.264434e+00,6.339733e+00,8.771759e+00,-1.621566e+00,-1.028968e+00,-1.923326e-01
-3.014090e+00,9.898703e+00,6.954038e+00,-1.391687e+00,4.921486e-01,5.796109e-01
8.690427e-01,7.328086e+00,6.749824e+00,-1.204785e+00,1.056062e+00,6.593145e-01
3.706564e+00,6.954352e+00,6.579007e+00,-1.176280e+00,7.011842e-01,4.819713e-01
3.148240e+00,5.399590e+00,5.883470e+00,-1.174802e+00,3.185454e-01,3.213746e-01
-8.789545e-02,7.727212e+00,5.412770e+00,-1.338927e+00,-3.039059e-02,2.286057e-01
-5.848120e-01,6.570225e+00,5.368045e+00,-1.395757e+00,1.060542e-01,1.642782e-01
3.261769e+00,5.302515e+00,4.827066e+00,-1.685380e+00,6.301033e-02,9.043573e-02
3.609319e+00,5.449641e+00,4.669988e+00,-1.888229e+00,-3.422433e-01,-4.830664e-02
-7.794164e-01,5.870569e+00,5.857240e+00,-2.236928e+00,-1.115283e+00,-2.017368e-01
-4.269336e+00,6.197643e+00,7.530573e+00,-2.393438e+00,-1.242077e+00,-3.107496e-02
-2.619119e+00,6.849731e+00,7.339796e+00,-2.641262e+00,-4.736267e-01,6.768544e-01
2.260311e+00,1.035996e+01,5.654706e+00,-3.182528e+00,-1.077020e-01,1.210513e+00
5.734732e+00,1.196615e+01,1.071650e+01,-3.798268e+00,-6.941489e-01,1.435229e+00
3.462292e+00,1.163551e+01,1.381088e+01,-3.769887e+00,-1.331928e+00,1.488789e+00
-2.367140e+00,9.987304e+00,1.446701e+01,-2.511826e+00,-8.951305e-01,1.433411e+00
-4.598756e+00,9.514528e+00,1.020995e+01,-1.421879e+00,-2.887746e-01,1.435582e+00
-3.736696e+00,-1.093276e+00,1.057471e+01,8.223840e-01,1.195454e+00,1.205071e+00
9.014779e-01,-1.390076e+00,6.543997e+00,2.320357e+00,1.782094e+00,1.353867e+00
4.776508e+00,3.094373e+00,9.839695e+00,4.669972e+00,9.531139e-01,5.149325e-01
5.460730e+00,3.817938e+00,9.333239e+00,5.406235e+00,1.737259e-01,4.289987e-01
5.242720e+00,-4.457515e-01,1.031729e+01,6.382021e+00,-6.810824e-01,-3.761060e-02
3.460823e+00,3.166067e-01,1.097172e+01,6.687846e+00,-1.028143e+00,-4.633138e-01
5.118413e+00,9.866539e-01,1.199771e+01,6.772693e+00,-1.194592e+00,-8.910046e-01
7.004369e+00,3.959812e-01,1.077904e+01,6.639893e+00,-1.414763e+00,-1.153199e+00
3.046193e+00,1.453739e+00,9.470180e+00,5.797378e+00,-2.206890e+00,-1.785541e+00
-3.169194e+00,2.636233e+00,7.819467e+00,4.669068e+00,-1.752723e+00,-1.847901e+00
-4.267934e+00,5.344644e+00,4.897323e+00,3.173229e+00,8.808218e-02,-1.196441e+00
1.751669e+00,4.103859e+00,1.575994e+00,2.075532e+00,2.938518e-01,-8.490021e-01
4.356843e+00,5.452628e+00,8.336835e-01,4.349315e-01,-5.706662e-01,-7.748089e-01
3.334357e+00,6.331844e+00,1.160298e+00,-6.791762e-01,-1.239965e+00,-7.900717e-01
2.854046e+00,6.100778e+00,2.461129e+00,-1.768777e+00,-1.483187e+00,-6.556485e-01
2.867580e+00,1.948475e+00,3.012059e+00,-2.513328e+00,-1.659100e+00,-6.581526e-01
-2.104878e+01,1.830573e+01,6.252151e+00,-2.714770e+00,-4.256270e-01,7.830370e-02
-1.354343e+01,1.694269e+01,1.511113e+00,-1.758779e+00,3.622373e+00,9.214506e-01
3.748411e+00,8.432482e+00,5.462152e+00,-2.031968e+00,4.533586e+00,8.942714e-01
1.629113e+01,1.098974e+01,6.376465e+00,-2.207093e+00,3.529494e+00,4.929873e-01
1.196400e+01,1.600885e+01,5.852015e+00,-2.206380e+00,-5.069571e-01,-3.679363e-01
3.679153e+00,1.167005e+01,8.804470e+00,-2.153051e+00,-1.830644e+00,-8.215673e-01
-5.507216e+00,4.629811e+00,9.487658e+00,-1.779208e+00,-1.719694e+00,-5.938570e-01
-4.762866e+00,6.016574e+00,9.313916e+00,-1.552026e+00,-1.065914e+00,-3.109130e-01
-2.739352e+00,6.839025e+00,7.278936e+00,-1.146611e+00,1.647808e-01,1.435319e-01
-6.271240e-01,1.016360e+01,4.827463e+00,-1.123328e+00,6.403498e-01,3.839660e-01
1.677050e+00,7.707358e+00,2.508784e+00,-1.305371e+00,5.304532e-01,1.971557e-01
2.244719e+00,6.674608e+00,3.114438e+00,-1.450854e+00,2.338641e-01,3.788364e-02
1.468854e+00,6.581896e+00,3.897333e+00,-1.772040e+00,-3.155755e-01,-1.362095e-01
9.402546e-01,6.880241e+00,3.506850e+00,-2.026931e+00,-5.231713e-01,-1.742160e-01
1.396633e+00,4.880329e+00,5.023824e+00,-2.401963e+00,-7.551346e-01,-3.398381e-01
5.542025e-01,4.739264e+00,6.392853e+00,-2.603288e+00,-1.001066e+00,-3.186900e-01
-2.378970e+00,5.541116e+00,7.669013e+00,-2.836641e+00,-9.032942e-01,-3.937090e-02
-1.570536e+00,6.891443e+00,7.851373e+00,-2.971091e+00,-6.195880e-01,2.001112e-01
2.577840e+00,1.124990e+01,7.094801e+00,-3.419597e+00,-2.343752e-01,6.308673e-01
6.930103e+00,1.382677e+01,7.415654e+00,-3.951134e+00,-4.230694e-01,7.759599e-01
2.128131e+00,1.676039e+01,1.570839e+01,-3.756470e+00,-1.497028e+00,9.088615e-01
-3.819780e+00,1.051309e+01,1.405591e+01,-3.003833e+00,-1.264300e+00,1.034363e+00
-8.967302e+00,5.044836e+00,1.281644e+01,-9.552419e-01,-4.532763e-01,1.388661e+00
-9.755285e+00,-2.942504e-01,1.285040e+01,7.046924e-01,8.318951e-01,1.753920e+00
6.405345e-02,2.301895e+00,5.228582e+00,3.199585e+00,1.642495e+00,2.198188e+00
4.570397e+00,3.874796e+00,8.730353e+00,4.909259e+00,1.320186e+00,1.645404e+00
6.383491e+00,2.975315e+00,9.045777e+00,6.486309e+00,-3.121571e-01,1.170576e+00
5.642108e+00,-9.212424e-01,1.137214e+01,7.216581e+00,-1.272814e+00,7.104671e-01
2.800080e+00,-9.469807e-01,1.343115e+01,7.507832e+00,-1.808325e+00,-6.117172e-02
1.223070e+00,-1.116925e+00,1.340461e+01,7.602842e+00,-1.554239e+00,-6.234255e-01
1.388871e+00,2.045661e+00,1.021846e+01,6.876196e+00,-5.432307e-01,-1.115341e+00
-1.585158e+00,7.988334e+00,8.269169e+00,5.627346e+00,-2.327195e-01,-1.086881e+00
-6.493775e-01,6.807911e+00,4.476075e+00,3.978661e+00,3.026684e-01,-7.163211e-01
3.069784e+00,2.662121e+00,3.078723e-01,2.895888e+00,9.543209e-02,-7.226222e-01
5.347143e+00,3.111056e+00,-7.704502e-01,1.041127e+00,-1.073586e+00,-9.561646e-01
4.322013e+00,5.457283e+00,7.762677e-02,1.378200e-01,-1.805658e+00,-1.068476e+00
1.265746e+00,6.051594e+00,1.282431e+00,-9.434567e-01,-2.307951e+00,-1.051000e+00
-1.129713e+00,5.654007e+00,2.639438e+00,-1.629452e+00,-2.174564e+00,-9.242873e-01
-3.193232e-02,5.916451e+00,4.184839e+00,-2.357160e+00,-1.399292e+00,-5.546424e-01
2.474275e+00,4.438726e+00,4.198041e+00,-2.701721e+00,-1.273142e+00,-3.773048e-01
-1.803265e+01,1.124121e+01,5.646674e+00,-2.682695e+00,6.999867e-02,3.458352e-01
-1.197701e+01,2.105839e+01,4.603432e+00,-2.306295e+00,3.469876e+00,1.241431e+00
5.743258e-01,1.617214e+01,3.876768e+00,-1.640627e+00,3.598469e+00,5.835924e-01
1.240433e+01,9.747646e+00,6.739317e+00,-1.842925e+00,2.592294e+00,2.022380e-01
8.600872e+00,4.945567e+00,7.678169e+00,-1.930779e+00,5.062303e-01,-9.087339e-02
7.631562e+00,1.095181e+01,6.307902e+00,-1.994975e+00,-1.919622e-01,-1.551400e-01
1.698848e+00,1.073921e+01,7.298251e+00,-1.666495e+00,-1.450770e+00,-7.235330e-01
-1.385985e+00,7.072484e+00,7.496813e+00,-1.502417e+00,-1.516769e+00,-7.631833e-01
-3.222120e+00,7.773626e+00,6.501672e+00,-1.343933e+00,-9.552828e-01,-3.889176e-01
-3.341136e+00,9.390916e+00,5.299304e+00,-1.257350e+00,-5.282476e-01,-2.236686e-01
-2.213727e+00,5.976385e+00,4.566840e+00,-1.279966e+00,6.470911e-02,-1.699264e-02
-5.229549e-01,6.600150e+00,4.512774e+00,-1.422990e+00,1.719860e-01,6.923803e-02
-9.691218e-03,8.352904e+00,3.250238e+00,-1.581797e+00,4.405544e-02,6.546613e-02
-2.966920e-01,6.095547e+00,4.254086e+00,-1.695705e+00,1.107383e-02,-8.806818e-03
2.176112e+00,4.525483e+00,4.715371e+00,-2.069868e+00,-9.481079e-02,-3.698466e-02
1.454511e+00,7.525445e+00,5.365562e+00,-2.295355e+00,-5.874104e-01,-9.302478e-02
-2.955399e+00,7.047120e+00,7.929713e+00,-2.365446e+00,-8.767165e-01,-7.449429e-02
-3.442326e+00,4.899013e+00,8.019491e+00,-2.382425e+00,-5.423191e-01,1.476789e-01
1.399735e+00,9.901406e+00,6.990685e+00,-2.665406e+00,4.618095e-02,6.175528e-01
3.898976e+00,9.479622e+00,6.536870e+00,-2.960132e+00,1.717364e-01,6.632456e-01
7.110000e+00,1.072988e+01,8.828652e+00,-3.513213e+00,-6.855480e-01,5.385937e-01
3.826563e+00,1.285613e+01,1.267842e+01,-3.437742e+00,-1.448787e+00,5.623703e-01
-3.758832e+00,1.232928e+01,1.472109e+01,-2.707332e+00,-1.492405e+00,8.912417e-01
-5.337180e+00,7.883671e+00,1.096708e+01,-1.999915e+00,-1.062579e+00,1.027606e+00
-6.316886e+00,-2.464488e-01,1.050898e+01,4.311812e-01,4.000329e-01,1.269669e+00
-2.646196e+00,-6.733763e+00,8.850403e+00,1.763374e+00,1.245910e+00,1.635220e+00
3.720565e+00,4.072514e+00,7.590878e+00,4.337564e+00,1.482948e+00,1.437470e+00
5.774795e+00,5.274181e+00,9.268436e+00,4.958120e+00,1.111710e+00,9.906352e-01
7.870088e+00,8.050358e-01,9.247247e+00,6.468491e+00,-5.008861e-01,7.558823e-01
7.903270e+00,-4.823574e-01,1.054793e+01,6.805330e+00,-1.307311e+00,3.672373e-01
3.310704e+00,4.169870e-01,1.329116e+01,7.141628e+00,-2.305862e+00,-7.192336e-01
2.337511e+00,-8.496159e-01,1.287624e+01,7.234677e+00,-2.186978e+00,-1.108661e+00
1.660787e+00,2.929403e+00,1.043177e+01,6.460344e+00,-1.490347e+00,-1.456413e+00
1.521320e+00,5.597403e+00,8.845435e+00,5.515810e+00,-1.166360e+00,-1.740753e+00
4.775290e-01,5.467518e+00,3.002980e+00,3.673772e+00,-1.298372e+00,-1.798180e+00
-5.531721e+00,1.915118e+00,8.561502e-01,2.321749e+00,-1.694666e+00,-1.301177e+00
-2.012845e+00,1.492714e+00,-2.097169e+00,-2.224253e-01,-3.784883e-01,-2.253184e-01
3.018251e+00,3.043650e+00,-9.891051e-01,-1.652441e+00,4.815978e-01,3.972261e-01
-2.636671e+00,1.562158e+01,8.578193e-01,-3.389750e+00,1.915900e-01,3.845004e-01
-1.236497e+01,1.016931e+01,8.864880e+00,-3.015674e+00,4.842066e-02,2.350757e-01
3.867575e+00,2.264736e+01,-1.567714e+00,-2.515344e+00,2.855422e+00,6.513212e-01
-1.218569e+00,1.025242e+01,6.999556e+00,-1.916841e+00,1.925556e+00,-3.125397e-01
1.093264e+01,4.089077e+00,7.688227e+00,-2.329798e+00,1.335692e+00,-4.863969e-01
5.865918e+00,1.431078e+01,4.177197e+00,-2.389767e+00,2.317658e-01,-1.700000e-01
1.458884e+00,5.907761e+00,1.180591e+01,-2.277715e+00,-7.146617e-01,-6.411780e-01
-1.408321e+00,4.087431e+00,9.016492e+00,-1.941506e+00,-1.252465e+00,-8.259468e-01
-2.007292e+00,9.207692e+00,7.695217e+00,-1.488599e+00,-9.592265e-01,-4.369722e-01
-2.968533e+00,1.002947e+01,6.350754e+00,-1.343711e+00,-4.950737e-01,-2.337816e-01
-1.378006e+00,6.009554e+00,7.007212e+00,-1.087555e+00,2.271439e-01,-5.672993e-02
1.497289e+00,6.004099e+00,5.614093e+00,-1.100135e+00,3.618198e-01,3.348169e-02
6.461799e-01,8.325154e+00,4.246731e+00,-1.235593e+00,4.340494e-02,5.982921e-02
-2.494812e-02,6.455060e+00,4.102673e+00,-1.360617e+00,-1.073969e-01,-3.912001e-02
3.014930e-01,5.736910e+00,4.294861e+00,-1.651593e+00,-1.451796e-01,-2.087627e-03
9.642155e-01,6.449031e+00,5.146808e+00,-1.860798e+00,-2.026850e-01,1.725362e-02
5.680760e-01,5.513403e+00,5.213403e+00,-2.093943e+00,-5.792570e-01,-1.795532e-01
-2.317147e+00,6.192351e+00,7.028370e+00,-2.289247e+00,-8.609453e-01,-9.550050e-02
-3.758967e+00,5.908413e+00,8.247697e+00,-2.387718e+00,-6.290569e-01,2.049874e-01
-2.784903e-01,7.436120e+00,7.029444e+00,-2.472736e+00,-1.539403e-01,5.027821e-01
5.821332e+00,1.260812e+01,6.664298e+00,-3.049336e+00,1.670118e-01,8.843706e-01
8.235263e+00,9.255613e+00,9.081054e+00,-3.375106e+00,-3.540223e-01,7.401002e-01
3.937919e+00,9.421620e+00,1.308234e+01,-3.459805e+00,-1.694884e+00,4.340088e-01
-2.111464e+00,1.208281e+01,1.437925e+01,-3.203439e+00,-2.026302e+00,4.074171e-01
-6.427260e+00,5.433543e+00,9.982687e+00,-1.844271e+00,-1.197637e+00,5.243656e-01
-7.135604e+00,5.371036e+00,8.132488e+00,-7.910774e-01,-1.569320e-02,8.322948e-01
-4.349853e+00,-2.556521e+00,1.043187e+01,1.486104e+00,1.791472e+00,1.147787e+00
4.445763e+00,3.327497e+00,3.279481e+00,2.886724e+00,2.175317e+00,1.444667e+00
4.203720e+00,4.506953e+00,8.918770e+00,4.771198e+00,1.676349e+00,9.628235e-01
6.573327e+00,3.907763e+00,9.711583e+00,5.594382e+00,9.233216e-01,9.989981e-01
6.622360e+00,9.325894e-01,1.126306e+01,6.504368e+00,-5.397062e-01,6.428437e-01
4.517686e+00,1.878016e+00,1.120304e+01,6.696622e+00,-1.226035e+00,2.760315e-01
4.698866e+00,1.467125e+00,1.307084e+01,6.956592e+00,-1.751741e+00,-7.598260e-01
5.061265e+00,4.376843e-01,1.099853e+01,6.739284e+00,-1.737802e+00,-1.380181e+00
4.107258e+00,3.406500e+00,8.393753e+00,5.623431e+00,-1.955645e+00,-1.818326e+00
-1.473281e+00,4.697824e+00,5.394962e+00,4.661105e+00,-1.966416e+00,-2.061205e+00
-8.008972e+00,3.528002e+00,2.982675e+00,2.529337e+00,-1.204155e+00,-1.377042e+00
-4.453966e+00,1.883260e+00,9.648557e-01,1.135111e+00,9.005695e-02,-2.936293e-01
4.862816e+00,3.873541e+00,5.474791e-01,-1.007595e+00,7.811998e-01,3.178766e-01
1.020285e+01,6.358031e+00,2.484665e+00,-1.652480e+00,5.003149e-01,3.305542e-01
6.756386e+00,4.806609e+00,2.995979e+00,-2.098927e+00,-1.171055e+00,-1.415698e-01
-1.788423e+01,7.082074e+00,1.029837e+01,-2.511111e+00,-2.090706e+00,-5.347060e-01
-1.687442e+01,2.353411e+01,3.707362e+00,-3.096144e+00,1.876189e+00,9.764556e-01
-2.752214e+00,1.713671e+01,1.758864e+00,-1.553853e+00,3.900675e+00,6.547324e-01
1.132995e+01,1.023866e+01,4.378995e+00,-2.122428e+00,3.143746e+00,6.213288e-02
1.014966e+01,7.254769e+00,7.182544e+00,-2.265882e+00,2.091523e+00,1.218506e-01
6.210578e+00,9.778920e+00,8.544206e+00,-2.318138e+00,-2.128577e-01,-3.568237e-01
5.026675e-01,1.141251e+01,9.396246e+00,-2.086223e+00,-1.519754e+00,-6.984839e-01
-6.011920e+00,8.444312e+00,8.545263e+00,-1.711126e+00,-1.621933e+00,-5.189918e-01
-3.107372e+00,7.079264e+00,5.701475e+00,-1.592667e+00,-6.019921e-01,-1.961561e-01
3.135123e+00,7.014714e+00,5.553624e+00,-1.611176e+00,3.515517e-01,-1.188125e-02
4.008403e+00,5.922816e+00,6.559252e+00,-1.635072e+00,2.107901e-02,-1.772200e-01
7.951161e-01,3.977906e+00,6.271110e+00,-1.585074e+00,-7.184363e-01,-4.708411e-01
-1.512240e+00,5.141852e+00,5.127343e+00,-1.649288e+00,-8.174084e-01,-4.119747e-01
-2.024614e+00,6.811154e+00,5.545770e+00,-1.858350e+00,-3.764948e-01,-1.532123e-01
-7.848319e-01,6.444732e+00,6.084850e+00,-2.045748e+00,-2.771547e-02,-6.228784e-02
2.164233e+00,6.346645e+00,5.965515e+00,-2.334304e+00,-2.476440e-01,-2.649797e-02
2.599826e+00,7.031603e+00,6.409965e+00,-2.539594e+00,-6.206110e-01,6.198793e-02
2.149649e+00,8.386207e+00,7.107073e+00,-2.829021e+00,-9.087073e-01,5.515545e-02
3.780500e+00,1.082120e+01,7.246083e+00,-3.101700e+00,-7.910406e-01,2.707191e-01
6.319649e+00,1.435080e+01,1.050810e+01,-3.336287e+00,-9.320081e-01,4.810810e-01
2.062821e+00,1.329449e+01,1.367571e+01,-3.174281e+00,-1.414539e+00,5.266873e-01
-5.062696e+00,8.612603e+00,1.321483e+01,-2.318978e+00,-1.212543e+00,6.698395e-01
-7.577140e+00,5.923780e+00,1.342715e+01,-1.075369e+00,-6.675990e-01,8.402899e-01
-3.875799e+00,1.359920e+00,5.933683e+00,5.002198e-01,5.000532e-01,1.541322e+00
-1.277614e+00,6.375523e+00,7.500536e+00,1.996802e+00,7.747488e-01,1.488375e+00
4.320781e+00,5.864336e+00,9.004283e+00,4.813340e+00,5.373793e-01,5.858192e-01
5.847929e+00,2.938170e+00,9.669022e+00,5.974583e+00,-5.334922e-01,9.636223e-02
4.986973e+00,1.247926e+00,1.150322e+01,6.605656e+00,-1.757142e+00,-4.835349e-01
1.965439e+00,8.169586e-01,1.233209e+01,6.705745e+00,-1.929224e+00,-1.049807e+00
2.226463e+00,3.274700e+00,1.146786e+01,6.613960e+00,-1.384879e+00,-1.364226e+00
4.392513e+00,5.321975e+00,1.001980e+01,6.380435e+00,-9.006487e-01,-1.503479e+00
4.641231e+00,6.920094e+00,7.529843e+00,5.744621e+00,-1.033321e+00,-1.909465e+00
2.262973e+00,7.347555e+00,6.889252e+00,5.283175e+00,-1.263647e+00,-2.082196e+00
-1.052376e+00,7.761700e+00,3.382158e+00,4.111862e+00,-1.091180e+00,-1.922490e+00
-1.559228e+00,7.532189e+00,1.806780e+00,3.341532e+00,-9.153505e-01,-1.419890e+00
-1.616168e+00,6.723995e+00,-1.086529e+00,2.246596e+00,-3.892072e-01,-6.190149e-01
1.513343e+00,6.186133e+00,-1.444829e+00,1.453892e+00,6.927295e-02,-3.183164e-01
3.180069e+00,6.946678e+00,-9.767128e-01,4.795501e-01,2.146423e-01,-1.113682e-01
2.762334e+00,6.971789e+00,-8.321294e-01,1.274616e-01,-3.749102e-02,-1.354601e-01
2.053802e+00,6.820499e+00,-1.039346e+00,-2.958133e-01,-3.487989e-01,-2.011785e-01
3.804489e+00,6.704581e+00,-1.527679e+00,-6.538149e-01,-5.492115e-01,-2.107946e-01
5.961383e+00,5.801975e+00,-2.346206e+00,-1.437652e+00,-1.601918e+00,-4.527603e-01
5.767201e+00,2.994253e+00,-6.292722e-01,-2.250309e+00,-2.630537e+00,-7.023650e-01
-2.767625e+01,8.051156e+00,1.176454e+01,-3.593470e+00,-3.629347e+00,-1.267760e+00
-2.299471e+01,2.488456e+01,5.665373e+00,-4.075509e+00,-8.258351e-01,-1.625381e-01
4.973960e-01,7.522713e+00,5.229560e+00,-2.270200e+00,3.901821e+00,1.374294e+00
5.035996e+00,6.989846e+00,1.090952e+01,-2.463866e+00,4.712280e+00,1.519308e+00
1.431321e+01,1.321386e+01,3.931774e+00,-2.116776e+00,1.968233e+00,2.834101e-01
5.979032e+00,1.384852e+01,8.224786e+00,-1.758060e+00,-4.031415e-01,-3.950481e-01
-5.016786e+00,9.268026e+00,7.574694e+00,-1.448700e+00,-1.272795e+00,-4.839165e-01
-6.066508e+00,1.041070e+01,7.767919e+00,-1.185826e+00,-9.323421e-02,-1.586435e-02
4.400601e+00,9.087832e+00,4.933978e+00,-8.469172e-01,9.926717e-01,1.963484e-01
4.205102e+00,8.595266e+00,4.048799e+00,-7.848675e-01,5.194882e-01,5.053590e-02
-5.471709e-01,8.079451e+00,3.956669e+00,-7.825680e-01,-5.856420e-01,-3.636919e-01
-3.438011e+00,7.486021e+00,3.908051e+00,-7.763698e-01,-5.779127e-01,-4.077418e-01
-1.874347e+00,7.532227e+00,3.867710e+00,-8.065616e-01,-6.739367e-02,-2.660807e-01
4.019765e-01,7.600245e+00,3.910245e+00,-8.726091e-01,2.274359e-01,-2.360594e-01
2.382533e+00,8.198272e+00,4.235050e+00,-1.067870e+00,3.648226e-02,-4.161463e-01
1.215107e+00,7.887434e+00,4.789117e+00,-1.166457e+00,-3.382749e-01,-5.542899e-01
-1.833909e+00,7.294365e+00,4.632736e+00,-1.343554e+00,-6.615768e-01,-5.947152e-01
-1.964003e+00,8.375428e+00,3.307021e+00,-1.472357e+00,-6.207139e-01,-5.274187e-01
8.575851e-01,9.580000e+00,2.794678e+00,-1.739346e+00,-4.996363e-01,-4.478756e-01
4.581402e+00,1.030781e+01,6.866616e-01,-2.053622e+00,-6.040119e-01,-5.545926e-01
1.189350e+01,1.319915e+01,-4.946784e+00,-3.035085e+00,-1.510407e+00,-1.215984e+00
1.215116e+01,1.344530e+01,-6.429423e-01,-3.717156e+00,-2.713298e+00,-1.749021e+00
3.801685e+00,1.573922e+01,1.365582e+01,-4.377202e+00,-4.844226e+00,-2.224241e+00
-5.290448e+00,1.590875e+01,2.198996e+01,-3.896783e+00,-5.220490e+00,-2.754302e+00
-5.371920e+00,5.297246e+00,1.741683e+01,-2.368384e+00,-3.098203e+00,-2.360445e+00
-9.420227e-01,5.908662e+00,1.096630e+01,-1.619201e+00,-1.432836e+00,-2.147406e+00
3.903223e+00,6.974111e+00,7.576643e+00,1.023933e+00,1.726949e-01,-2.750006e+00
5.483839e+00,3.742697e+00,7.460217e+00,2.694396e+00,7.429529e-01,-3.089565e+00
8.440500e+00,3.502389e+00,6.548500e+00,4.076788e+00,6.498912e-01,-2.911460e+00
6.308363e+00,3.592470e+00,7.972381e+00,4.673079e+00,3.983313e-01,-3.001746e+00
6.361222e+00,6.481912e+00,8.693354e+00,5.533217e+00,1.086196e-01,-2.543812e+00
1.035143e+01,7.150202e+00,9.359592e+00,6.235725e+00,-4.652206e-01,-2.098600e+00
1.299530e+01,5.576383e+00,9.999511e+00,6.579828e+00,-2.798845e+00,-1.926626e+00
8.620462e+00,6.169734e+00,1.158118e+01,6.473611e+00,-4.305314e+00,-2.255143e+00
-3.023283e+00,5.847385e+00,1.114097e+01,6.176046e+00,-4.692310e+00,-2.833657e+00
-8.234566e+00,7.532218e+00,8.567832e+00,5.498417e+00,-3.734641e+00,-2.369312e+00
-6.458340e+00,1.054726e-02,9.782821e-01,3.862150e+00,-1.457627e+00,-1.001462e+00
-2.776323e+00,-7.242107e+00,-4.128173e+00,2.006628e+00,-4.288587e-01,-1.558102e-01
1.688157e+00,4.118643e-01,1.057620e+00,-1.831429e+00,2.950115e-01,7.168084e-01
2.688945e+00,3.050531e+01,1.930278e+00,-2.384712e+00,1.643494e-01,6.647600e-01
-7.746940e+00,3.755179e+00,3.937667e+00,-1.759880e+00,-4.666412e-01,-2.650463e-01
2.589867e+00,3.764437e+00,9.175232e+00,-2.266310e+00,5.906563e-01,5.803565e-01
4.115990e+00,1.112577e+01,7.023528e+00,-1.618216e+00,4.126209e-01,1.989695e-01
-2.131206e+00,1.101667e+01,7.155399e+00,-1.332609e+00,-7.743722e-01,-3.320063e-01
-2.200559e+00,8.861180e+00,4.496384e+00,-1.076183e+00,-5.431124e-01,-7.061117e-02
-1.046113e+00,9.581352e+00,3.734298e+00,-1.001913e+00,-2.623843e-01,4.808280e-02
-1.349450e+00,9.435055e+00,3.517198e+00,-9.058691e-01,-9.921400e-02,1.732018e-01
5.307972e-02,9.221656e+00,2.742660e+00,-8.580489e-01,-1.461801e-01,1.368821e-01
1.068119e+00,8.704860e+00,1.893243e+00,-8.430748e-01,-6.851476e-01,-6.008028e-02
-1.001035e+00,8.696360e+00,2.065837e+00,-8.762889e-01,-9.824135e-01,-1.009947e-01
-2.206125e+00,8.725638e+00,1.976432e+00,-9.827767e-01,-8.561144e-01,-1.545944e-01
-1.340520e+00,9.220694e+00,1.891763e+00,-1.066086e+00,-6.426631e-01,-4.860890e-02
-7.457953e-01,7.709899e+00,2.066901e+00,-1.231128e+00,-5.194351e-01,-2.793414e-02
-1.863981e+00,8.338762e+00,1.811049e+00,-1.374841e+00,-4.964865e-01,2.301193e-02
-2.708083e+00,8.886432e+00,1.250655e+00,-1.664874e+00,-2.123719e-01,1.915968e-01
7.233904e-01,8.071434e+00,1.768993e+00,-1.938631e+00,4.615987e-02,2.390872e-01
6.126923e+00,7.986649e+00,1.613240e+00,-2.477767e+00,-3.306817e-01,3.415682e-02
8.277612e+00,8.213379e+00,1.496913e-01,-2.772158e+00,-1.029497e+00,-2.786361e-01
8.276445e+00,1.615355e+01,4.672316e+00,-3.604286e+00,-3.031668e+00,-9.972982e-01
5.126283e+00,1.635986e+01,7.556590e+00,-3.759316e+00,-3.885354e+00,-1.197835e+00
2.569412e+00,1.608922e+01,9.534165e+00,-3.286164e+00,-3.690816e+00,-1.314623e+00
-1.765684e+00,6.565814e+00,1.439808e+01,-2.468891e+00,-3.189865e+00,-2.086526e+00
3.472760e+00,1.139381e+01,8.508798e+00,-1.595226e+00,-1.769761e+00,-2.604062e+00
6.294718e+00,1.389084e+01,7.783610e+00,-1.865552e-01,-1.599894e+00,-2.876945e+00
4.593983e+00,4.766791e+00,6.469995e+00,2.058650e+00,-2.112083e+00,-3.179446e+00
3.737402e+00,5.153879e+00,6.866255e+00,2.861302e+00,-2.194983e+00,-2.965762e+00
1.724621e+00,5.703535e+00,8.679473e+00,4.024443e+00,-1.764581e+00,-2.545162e+00
1.614788e+00,6.041559e+00,8.342316e+00,4.552232e+00,-1.275682e+00,-2.249287e+00
2.036667e+00,7.052318e+00,7.859710e+00,5.167480e+00,-8.153759e-01,-1.838637e+00
3.145039e+00,7.469845e+00,7.952172e+00,5.419637e+00,-7.972788e-01,-1.477438e+00
4.577493e+00,7.146602e+00,6.403538e+00,5.469868e+00,-1.402331e+00,-1.090923e+00
4.172223e+00,7.160555e+00,5.038334e+00,5.216662e+00,-1.858415e+00,-1.149388e+00
6.818288e-01,7.048442e+00,5.077044e+00,4.543843e+00,-2.393693e+00,-1.262220e+00
-1.490733e+00,4.050556e+00,1.668933e+00,3.834099e+00,-2.305238e+00,-1.139418e+00
-1.328409e+00,-1.500459e+00,-4.306946e+00,1.709045e+00,-2.050575e+00,-5.464979e-01
-1.618598e+00,-1.811656e+00,-3.752631e+00,1.088735e-01,-1.961208e+00,-3.022367e-01
-3.477643e-01,-2.779035e+00,8.443918e-01,-2.503996e+00,-1.560167e+00,3.725852e-02
1.161748e+00,1.851463e+01,7.180954e+00,-3.478663e+00,-1.142032e+00,2.022644e-01
-1.078202e+01,1.546224e+01,8.767016e-01,2.096063e-01,-4.828468e-01,-9.468872e-01
-1.093642e+01,8.792657e+00,7.557971e+00,-1.213460e+00,1.457283e+00,4.611138e-01
6.807628e+00,7.796473e+00,5.583987e+00,-1.483990e+00,3.380864e+00,1.181352e+00
6.998288e+00,1.203913e+01,5.078655e+00,-1.642593e+00,1.866586e+00,4.541461e-01
5.999586e+00,7.472889e+00,4.816698e+00,-1.393299e+00,-6.234467e-01,-2.663499e-01
1.597090e+00,8.985372e+00,3.710643e+00,-1.312727e+00,-1.620087e+00,-5.010865e-01
-6.052048e+00,9.894662e+00,3.283985e+00,-1.149436e+00,-1.723108e+00,-4.224697e-01
-6.471675e+00,9.580356e+00,3.362775e+00,-1.090486e+00,-7.192623e-01,-2.236216e-02
-1.351831e+00,8.643782e+00,2.430055e+00,-9.644544e-01,3.267430e-01,2.431675e-01
1.062032e+00,8.756738e+00,1.116898e+00,-9.738323e-01,2.136081e-01,1.867798e-01
-2.812009e-01,8.431374e+00,1.042661e+00,-1.152200e+00,-3.454625e-01,5.713042e-02
-1.656959e+00,7.851256e+00,1.047418e+00,-1.313343e+00,-4.319590e-01,6.541425e-02
-1.678683e+00,8.352325e+00,1.594958e+00,-1.693851e+00,7.366334e-02,2.636780e-01
-6.309595e-01,8.128379e+00,2.440385e+00,-1.875404e+00,2.362952e-01,2.955178e-01
1.988129e+00,6.748302e+00,3.709547e+00,-2.029005e+00,3.127653e-01,1.970478e-01
4.076382e+00,6.236747e+00,3.466465e+00,-2.144780e+00,9.077691e-02,8.420050e-02
1.701965e+00,7.440536e+00,4.700612e+00,-2.324981e+00,-4.844414e-01,-2.798240e-01
9.647945e-01,6.801233e+00,5.639016e+00,-2.424559e+00,-5.547733e-01,-4.348804e-01
2.076448e+00,6.242435e+00,4.845460e+00,-2.584272e+00,-6.865363e-01,-4.406014e-01
1.508458e+00,6.940812e+00,5.261614e+00,-2.675306e+00,-9.404707e-01,-4.947473e-01
-1.529607e-01,4.637780e+00,7.379303e+00,-2.773868e+00,-1.314849e+00,-7.002376e-01
-1.081740e+00,4.797392e+00,7.904492e+00,-2.758034e+00,-1.522404e+00,-5.992168e-01
-4.966393e+00,9.212264e+00,7.751822e+00,-2.801675e+00,-1.563215e+00,-2.212780e-01
-4.441448e+00,5.745332e+00,7.892905e+00,-2.766451e+00,-1.044575e+00,-6.559169e-02
2.804903e+00,5.661780e+00,7.862256e+00,-2.995927e+00,-2.146508e-01,3.286241e-01
6.098503e+00,1.455926e+01,8.393427e+00,-3.446711e+00,-4.682589e-01,6.858383e-01
1.674542e+00,1.121309e+01,1.135282e+01,-3.521324e+00,-1.133234e+00,8.046424e-01
-9.399945e-01,5.154784e+00,1.265955e+01,-3.254799e+00,-1.005358e+00,8.777955e-01
-2.266257e+00,1.332502e+01,1.671137e+01,-2.406146e+00,-6.357333e-01,1.232456e+00
-5.449475e+00,7.550445e+00,1.392905e+01,-8.541754e-01,-4.398513e-01,1.157742e+00
-7.859099e+00,1.555303e+00,1.024900e+01,1.516844e+00,9.067043e-01,1.686376e+00
8.281715e-01,1.157364e+00,4.301468e+00,3.594219e+00,1.858772e+00,1.969718e+00
7.827797e+00,3.648188e+00,6.592843e+00,5.693378e+00,1.508981e+00,9.668956e-01
8.976628e+00,4.882926e+00,9.165471e+00,6.365584e+00,3.156645e-01,5.479254e-01
8.355202e+00,1.557571e+00,1.147827e+01,7.250922e+00,-1.659855e+00,1.455906e-01
6.700803e+00,-8.846109e-02,1.166383e+01,7.405352e+00,-2.658281e+00,-5.974434e-01
1.834256e+00,-2.755957e+00,1.258277e+01,7.107432e+00,-2.259444e+00,-1.743695e+00
-1.556792e+00,1.467097e+00,1.030267e+01,6.455840e+00,-1.842295e+00,-1.755290e+00
-4.354764e+00,5.600728e+00,7.622589e+00,4.783153e+00,-9.488432e-01,-1.462580e+00
7.702645e-01,4.464827e+00,4.038835e+00,3.636083e+00,-3.348879e-01,-1.165232e+00
4.413076e+00,1.890605e+00,-2.135036e-01,1.678132e+00,-1.127281e+00,-1.020855e+00
3.536988e+00,4.145558e+00,5.692756e-01,3.946811e-01,-1.762705e+00,-1.063959e+00
1.280612e+00,7.562355e+00,2.370947e+00,-1.003008e+00,-2.238131e+00,-8.355159e-01
2.630335e+00,6.648752e+00,2.531802e+00,-1.552861e+00,-2.132920e+00,-5.190166e-01
-1.659016e-01,3.778819e+00,1.468289e+00,-2.614472e+00,-2.035329e+00,-4.620126e-01
-1.903190e+01,9.715132e+00,9.313271e+00,-3.285490e+00,-1.848240e+00,-5.129991e-01
-1.243998e+01,2.153211e+01,1.203347e+00,-2.290340e+00,2.283437e+00,1.035061e+00
-7.804889e+00,1.460303e+01,3.613715e+00,-1.587529e+00,3.891689e+00,6.790469e-01
1.696869e+01,6.615452e+00,6.606553e+00,-2.097465e+00,4.150399e+00,4.636050e-01
1.489617e+01,1.261608e+01,3.768056e+00,-2.290307e+00,2.078264e+00,3.504629e-01
8.791950e+00,7.921840e+00,9.601839e+00,-2.140733e+00,-9.570816e-01,-1.003254e+00
2.504531e+00,3.188812e+00,8.327959e+00,-2.136264e+00,-2.420784e+00,-1.171534e+00
-7.394841e+00,1.095758e+01,9.863142e+00,-1.954057e+00,-2.609795e+00,-9.735390e-01
-8.970397e+00,1.137086e+01,9.488972e+00,-1.469208e+00,-1.564445e+00,-4.958787e-01
-4.956972e+00,5.074468e+00,6.642541e+00,-1.149803e+00,4.123835e-01,2.885894e-01
-1.169461e+00,7.476900e+00,4.864836e+00,-1.184378e+00,8.413182e-01,5.589924e-01
2.785275e+00,6.648011e+00,4.538810e+00,-1.198612e+00,6.139022e-01,3.248576e-01
3.928937e+00,5.921498e+00,4.150948e+00,-1.377448e+00,2.388754e-01,2.199901e-01
2.666707e+00,6.924771e+00,3.404465e+00,-1.828102e+00,-4.826288e-01,-5.760917e-02
1.365558e+00,6.570693e+00,4.200715e+00,-2.018571e+00,-8.620365e-01,-2.952769e-01
-3.204437e+00,5.048377e+00,6.373255e+00,-2.303013e+00,-1.147545e+00,-2.927281e-01
-3.947282e+00,5.789587e+00,6.940534e+00,-2.489044e+00,-9.365054e-01,-3.307001e-03
-1.831828e+00,7.452753e+00,7.468191e+00,-2.730894e+00,-2.226513e-01,5.468662e-01
1.239190e+00,9.059549e+00,7.108850e+00,-3.005282e+00,8.986626e-02,7.644565e-01
8.020695e+00,1.490454e+01,6.902384e+00,-3.825814e+00,-1.943514e-03,1.084370e+00
7.004860e+00,1.330570e+01,1.038908e+01,-4.054689e+00,-6.235385e-01,8.603200e-01
-1.134805e+00,1.127465e+01,1.559771e+01,-3.438577e+00,-1.581979e+00,8.059641e-01
-5.386667e+00,7.857434e+00,1.497147e+01,-2.314474e+00,-1.369990e+00,1.236431e+00
-1.411049e+01,6.506154e-01,1.182394e+01,-3.047494e-01,6.443348e-01,2.084545e+00
-1.436360e+00,5.171515e+00,5.001678e+00,1.662347e+00,2.273272e+00,2.460608e+00
7.594282e+00,5.633693e+00,6.908444e+00,5.013464e+00,1.831676e+00,1.681167e+00
7.651086e+00,2.346103e+00,7.646365e+00,6.454991e+00,4.688653e-01,1.311531e+00
6.759677e+00,-1.270000e+00,1.194072e+01,7.596275e+00,-1.504361e+00,8.700517e-01
5.079361e+00,-4.478802e-01,1.311054e+01,7.974893e+00,-2.126554e+00,4.694226e-01
3.153425e+00,-3.366350e+00,1.441206e+01,8.331473e+00,-2.209157e+00,-8.870118e-01
1.513965e+00,-4.272059e+00,1.394008e+01,7.846610e+00,-1.553353e+00,-1.329556e+00
1.695338e+00,8.090010e+00,7.613330e+00,6.083304e+00,-8.458511e-01,-1.215451e+00
-2.032867e+00,8.436760e+00,6.419417e+00,4.733203e+00,-7.162011e-01,-1.254892e+00
-5.135639e+00,1.016239e+00,1.530986e+00,2.448511e+00,2.373317e-01,-3.243488e-01
2.198616e+00,1.332433e+00,-9.401130e-01,7.005990e-01,6.565207e-01,9.875039e-02
9.418406e+00,4.719036e+00,-1.761431e+00,-1.374407e+00,-5.078264e-01,-3.439336e-02
6.244944e+00,4.000470e+00,5.085289e-01,-2.115127e+00,-1.510411e+00,-3.190483e-01
-1.800388e+00,3.550824e+00,5.356287e+00,-3.640013e+00,-2.520793e+00,-5.633716e-01
-2.570685e+01,9.781006e+00,1.252167e+01,-3.576430e+00,-1.780666e+00,-7.491912e-01
-3.051282e+00,1.876366e+01,4.228501e+00,-1.937015e+00,3.655492e+00,9.271589e-01
-1.386725e+00,1.286582e+01,2.488761e+00,-1.857604e+00,3.699099e+00,5.337066e-02
2.008078e+01,2.816317e+01,8.952713e-01,-2.796039e+00,3.471042e+00,1.232744e+00
5.746502e+00,1.566293e+00,1.107197e+01,-2.539150e+00,1.528106e+00,-5.296904e-01
6.833950e+00,-8.039215e-01,1.069956e+01,-2.401431e+00,-1.115492e+00,-5.399315e-01
2.514695e+00,5.693457e+00,7.237525e+00,-2.014160e+00,-2.232251e+00,-6.297873e-01
-1.033493e+01,1.781831e+01,1.016996e+01,-1.836242e+00,-1.540576e+00,-3.809520e-01
-8.621422e+00,7.688991e+00,6.653916e+00,-1.401724e+00,8.242973e-02,2.232490e-01
-4.762115e-01,3.186758e+00,7.106845e+00,-1.332373e+00,1.474244e+00,5.567410e-01
2.906088e+00,6.401515e+00,5.228327e+00,-1.331680e+00,1.406199e+00,6.608265e-01
4.226465e+00,5.005521e+00,4.034620e+00,-1.667874e+00,9.159738e-01,3.895410e-01
6.051734e+00,4.216649e+00,3.529739e+00,-2.040538e+00,5.420732e-01,1.221042e-01
4.774466e+00,7.917177e+00,4.372935e+00,-2.530405e+00,-7.146221e-01,-5.051401e-01
2.624749e+00,5.312742e+00,5.112626e+00,-2.786071e+00,-1.438138e+00,-7.909860e-01
-1.309878e+00,8.849699e+00,7.919836e+00,-3.330286e+00,-2.000273e+00,-7.027748e-01
-4.924918e+00,1.494093e+01,9.656181e+00,-3.594822e+00,-1.716030e+00,-7.081890e-02
-2.177341e+00,1.447642e+01,1.100938e+01,-4.173764e+00,-2.517770e-01,1.197386e+00
8.155859e-02,1.655183e+01,1.627781e+01,-4.057344e+00,1.382148e-02,1.445881e+00
-2.418907e+00,1.374906e+01,1.527593e+01,-2.275140e+00,3.692173e-02,1.620706e+00
-3.137724e+00,8.260133e+00,9.364966e+00,-3.366056e-01,2.517437e-01,1.709541e+00
-6.276420e-01,-1.879516e-01,4.885509e+00,2.438747e+00,9.681393e-01,2.162191e+00
1.857563e+00,-5.039371e-01,6.494097e+00,4.587988e+00,7.608541e-01,1.443003e+00
3.328320e+00,4.225927e+00,8.802055e+00,6.426732e+00,-1.640140e-01,8.350769e-01
4.984796e+00,2.650409e+00,1.266808e+01,7.595385e+00,-7.462320e-01,4.515186e-01
7.375621e+00,-5.349004e+00,1.356139e+01,8.244411e+00,-1.894972e+00,-4.420656e-01
5.152172e+00,-7.373183e+00,1.306076e+01,8.001155e+00,-2.175256e+00,-1.286867e+00
1.445371e+00,4.824495e-01,1.209366e+01,6.636861e+00,-1.805036e+00,-1.816198e+00
-1.001769e+00,7.494153e+00,1.126682e+01,5.499613e+00,-1.391693e+00,-2.012425e+00
-2.100834e+00,3.792321e+00,5.928370e+00,3.564647e+00,-8.682306e-01,-1.607649e+00
-1.426236e-01,1.699195e+00,2.813026e+00,2.198086e+00,-7.354399e-01,-1.030543e+00
4.199023e+00,2.874399e+00,-4.449446e-02,-2.209820e-01,-1.055086e+00,-7.700000e-01
2.654399e+00,5.544765e+00,1.545502e+00,-1.368641e+00,-1.435068e+00,-6.417472e-01
4.564202e-02,6.599029e+00,3.636946e+00,-2.170198e+00,-1.208566e+00,-3.044813e-01
-8.282991e+00,1.123034e+01,1.327816e+00,-2.833658e+00,-1.002307e+00,-2.782404e-01
-9.303403e+00,1.842477e+01,3.971599e+00,-2.739853e+00,1.822304e+00,7.582360e-01
-2.737183e+00,1.749317e+01,2.816662e-01,-1.771874e+00,3.133055e+00,4.760977e-01
4.384724e+00,9.665164e+00,6.380831e-01,-2.295587e+00,2.383971e+00,-1.900362e-01
1.198000e+01,2.033793e+01,-2.474486e+00,-2.573755e+00,1.651441e+00,4.707244e-01
1.061742e+00,2.537136e+00,1.178464e+01,-2.418707e+00,5.563339e-01,-3.673841e-01
3.878488e+00,-2.823760e-01,1.115717e+01,-2.460202e+00,3.020943e-03,-2.216773e-01
-2.706594e-01,5.935024e+00,7.508309e+00,-1.919287e+00,-1.339154e+00,-5.086510e-01
-5.844916e+00,1.134173e+01,8.932055e+00,-1.880555e+00,-1.143466e+00,-4.618011e-01
-2.183192e+00,8.161692e+00,4.680059e+00,-1.691905e+00,7.345687e-01,2.670376e-01
7.496472e-01,4.746601e+00,5.970735e+00,-1.729782e+00,1.104379e+00,1.849379e-02
5.755382e+00,7.330037e+00,4.060948e+00,-1.953608e+00,2.568170e-01,-1.071360e-01
2.923337e+00,7.096950e+00,4.514110e+00,-1.942520e+00,-4.457979e-01,-4.638101e-01
1.230165e+00,4.699508e+00,4.914425e+00,-2.325594e+00,-1.108232e+00,-6.902663e-01
-1.631106e+00,5.037275e+00,6.889279e+00,-2.564393e+00,-1.285705e+00,-7.899208e-01
-5.558493e+00,1.002234e+01,8.603072e+00,-2.760338e+00,-1.090459e+00,-3.707240e-01
-4.497725e+00,9.601185e+00,7.417237e+00,-2.938591e+00,-5.506898e-01,1.970630e-02
4.626119e+00,1.563693e+01,6.455774e+00,-3.665248e+00,3.415199e-02,6.770979e-01
5.151660e+00,1.524065e+01,1.064982e+01,-3.984074e+00,-2.397797e-01,5.078707e-01
-1.218157e+00,1.539622e+01,1.699897e+01,-2.978593e+00,-1.219010e+00,3.505557e-01
-4.979876e+00,1.092174e+01,1.288198e+01,-1.585672e+00,-9.798424e-01,4.580131e-01
-8.894478e+00,-1.096659e+00,8.403531e+00,1.164757e+00,-1.749852e-01,1.302934e+00
-8.108393e+00,-2.166999e+00,7.015334e+00,3.641969e+00,8.603654e-01,1.859360e+00
-6.683578e-02,9.388666e-02,6.394975e+00,6.321314e+00,2.124726e+00,1.672061e+00
6.716427e+00,2.181768e+00,8.200639e+00,7.158114e+00,1.491525e+00,1.572391e+00
1.519448e+01,-4.651490e+00,1.255636e+01,8.111108e+00,-8.606685e-01,8.879996e-01
1.308438e+01,-8.028468e+00,1.449959e+01,8.206331e+00,-3.037594e+00,-2.957771e-01
4.046219e+00,-1.100913e+00,1.317700e+01,6.949562e+00,-3.826552e+00,-1.926356e+00
-3.340029e+00,5.528751e+00,1.289331e+01,5.776013e+00,-3.216571e+00,-2.475854e+00
-1.111152e+01,4.634807e+00,8.489424e+00,3.908837e+00,-4.647270e-01,-1.322605e+00
-6.795484e-01,3.956524e-01,2.738029e+00,2.053725e+00,1.072457e+00,1.418356e-03
8.358210e+00,2.738472e+00,4.971832e-01,-8.885142e-01,2.947515e-01,8.973434e-02
8.504241e+00,5.637038e+00,1.943218e+00,-1.983855e+00,-7.409992e-01,-8.808528e-02
-1.094782e+01,1.237924e+01,5.391366e+00,-3.613880e+00,-1.967983e+00,-3.441258e-01
-1.934314e+01,2.322968e+01,7.599983e+00,-3.338694e+00,-3.178203e-01,1.588729e-01
-1.319157e+01,1.689723e+01,7.487292e-01,-1.573379e+00,3.429603e+00,5.015327e-01
-2.114002e+00,1.968055e+01,3.694925e+00,-1.942024e+00,4.192378e+00,3.151142e-01
1.518019e+01,7.333283e+00,6.332845e+00,-2.430139e+00,3.143584e+00,1.340689e+00
8.415651e+00,3.357860e+00,1.082270e+01,-2.474592e+00,2.257232e+00,2.818775e-01
1.240811e+01,5.587467e+00,6.490030e+00,-1.996418e+00,-1.286699e+00,-6.489551e-01
4.324693e+00,7.767995e+00,6.679316e+00,-1.968585e+00,-2.830721e+00,-1.291456e+00
-1.117156e+01,1.408951e+01,8.166326e+00,-1.716386e+00,-1.868101e+00,-6.354678e-01
-8.080274e+00,4.964181e+00,6.763089e+00,-1.500887e+00,-3.923760e-01,-2.311583e-01
-2.042057e+00,2.148852e+00,6.756268e+00,-1.651345e+00,1.230136e+00,3.020409e-01
3.681489e+00,6.949702e+00,4.782109e+00,-1.749549e+00,1.243029e+00,3.216737e-01
6.422019e+00,4.942450e+00,5.086779e+00,-1.922683e+00,8.418921e-02,-3.618755e-01
5.779623e+00,3.846377e+00,4.767159e+00,-2.230833e+00,-7.090971e-01,-5.434954e-01
-1.380111e+00,8.407876e+00,8.040788e+00,-2.380497e+00,-1.530176e+00,-8.848079e-01
-4.195780e+00,6.279108e+00,8.093169e+00,-2.427743e+00,-1.332947e+00,-8.142794e-01
-2.580289e+00,6.653928e+00,8.009085e+00,-2.535459e+00,-5.693711e-01,-1.891340e-01
3.933960e-01,9.683973e+00,6.961287e+00,-2.817737e+00,-2.356928e-01,2.089711e-01
2.623535e+00,1.115463e+01,7.549749e+00,-3.291232e+00,-1.436862e-01,4.290219e-01
2.450138e+00,1.137806e+01,1.061049e+01,-3.336974e+00,-5.499873e-01,5.190361e-01
-1.710198e+00,1.556030e+01,1.547704e+01,-2.779315e+00,-8.366515e-01,9.514591e-01
-4.702214e+00,9.802113e+00,1.521706e+01,-1.816850e+00,-5.762037e-01,1.069363e+00
-6.557295e+00,6.190150e+00,1.015212e+01,2.553848e-01,4.293108e-01,1.444417e+00
-5.033826e+00,-6.193379e-01,8.490901e+00,1.945743e+00,1.270774e+00,1.844499e+00
1.790693e+00,-5.194484e-01,3.955975e+00,4.538591e+00,1.446549e+00,1.766578e+00
3.060269e+00,2.436307e+00,6.174500e+00,5.467256e+00,1.377464e+00,1.250022e+00
6.938836e+00,5.136787e+00,8.593213e+00,6.597145e+00,3.500395e-01,1.047401e+00
9.657751e+00,7.654747e-01,1.023875e+01,7.106580e+00,-9.652570e-01,7.535875e-01
7.813431e+00,-1.129199e+00,1.201088e+01,7.267681e+00,-2.630036e+00,-3.005012e-01
4.725095e+00,-1.803531e+00,1.289089e+01,7.291201e+00,-2.829594e+00,-9.158329e-01
-1.277108e+00,-4.797491e-01,1.141300e+01,5.801068e+00,-2.593835e+00,-1.434970e+00
-8.741376e+00,8.841491e+00,9.610575e+00,4.510531e+00,-1.465120e+00,-1.306002e+00
-6.207198e+00,6.523189e-01,3.740167e+00,2.274673e+00,8.057800e-01,-5.460284e-01
4.874277e+00,6.211541e-01,2.438130e-01,8.738688e-01,9.876222e-01,-2.266449e-01
1.243653e+01,3.507184e+00,4.820450e-02,-1.634108e+00,-1.533105e+00,-8.761097e-01
6.627551e+00,3.023044e+00,3.796168e+00,-2.368743e+00,-3.186391e+00,-1.145676e+00
-2.054776e+01,1.327354e+01,5.311581e+00,-3.520503e+00,-3.537809e+00,-9.325995e-01
-3.718676e+01,3.032042e+01,7.839395e+00,-2.992799e+00,2.073451e-01,1.364170e-01
-2.198765e+00,3.357284e+00,1.211247e+01,-2.033237e+00,5.893369e+00,1.634836e+00
1.220551e+01,8.610920e+00,8.127955e+00,-2.259163e+00,5.445016e+00,1.338380e+00
2.037550e+01,2.188209e+01,-5.759787e-01,-2.428330e+00,1.235930e+00,5.841630e-01
6.073978e+00,1.283775e+01,4.775964e+00,-2.355587e+00,-8.350126e-01,-2.355172e-01
-7.012525e-01,3.644242e-01,1.273495e+01,-2.399295e+00,-1.635817e+00,-5.792773e-01
-1.729820e+00,-8.258918e-01,1.301959e+01,-1.872464e+00,-1.378020e+00,-5.810505e-01
-4.291643e+00,5.635930e+00,6.333013e+00,-1.451134e+00,-6.404144e-01,-7.789499e-02
-5.465918e+00,1.115268e+01,5.620802e+00,-1.519073e+00,7.655239e-02,2.172178e-01
-3.046434e-01,1.165001e+01,2.831004e+00,-1.550864e+00,1.021983e+00,2.819604e-01
2.986877e+00,4.087841e+00,2.759336e+00,-1.904634e+00,7.830808e-01,7.071247e-02
6.115436e+00,4.248230e+00,2.258578e+00,-2.502756e+00,-3.584090e-01,-2.517919e-01
3.765686e+00,7.269051e+00,4.041367e+00,-2.921529e+00,-1.320055e+00,-4.578329e-01
-2.052016e+00,8.807145e+00,6.955909e+00,-3.405792e+00,-1.853910e+00,-2.999773e-01
-2.946643e+00,7.750875e+00,7.348993e+00,-3.776673e+00,-1.426179e+00,5.114305e-02
4.260715e-01,1.445804e+01,8.843528e+00,-4.293364e+00,-8.625343e-01,8.564703e-01
2.201551e+00,1.480776e+01,1.360010e+01,-4.355715e+00,-6.453630e-01,1.142563e+00
-1.229765e+00,1.256879e+01,1.629234e+01,-3.692501e+00,-7.901486e-01,1.354329e+00
-2.655276e+00,1.017303e+01,1.459624e+01,-1.986122e+00,-1.708137e-01,1.397090e+00
-3.809325e+00,6.160418e-01,1.196797e+01,5.425739e-01,5.309660e-01,1.483326e+00
-4.794150e+00,-5.569670e+00,1.051324e+01,2.699599e+00,9.989319e-01,1.707789e+00
3.167363e+00,-1.227465e+00,5.780815e+00,5.329180e+00,1.359679e+00,1.452671e+00
6.520296e+00,1.199805e+00,6.931099e+00,6.075075e+00,1.068512e+00,6.785512e-01
1.117047e+01,-2.047075e+00,1.167052e+01,7.332726e+00,-5.392353e-01,2.877910e-02
1.143757e+01,-2.329593e+00,1.241068e+01,7.681820e+00,-1.842704e+00,-3.511863e-01
2.788692e+00,-2.327180e+00,1.591501e+01,7.589892e+00,-3.508595e+00,-1.655976e+00
-3.390763e+00,2.452919e+00,1.329989e+01,6.988491e+00,-3.301923e+00,-2.059669e+00
-1.265476e+01,6.388147e+00,1.005903e+01,5.080971e+00,-1.352298e+00,-1.978822e+00
-3.860227e+00,4.156512e+00,6.167415e+00,3.744814e+00,8.766706e-01,-1.235158e+00
1.356127e+01,4.340000e+00,1.011444e-01,1.628520e+00,1.142759e+00,-6.078778e-01
1.328029e+01,4.540450e+00,5.937965e-01,2.833882e-01,-7.522501e-01,-1.007482e+00
-1.045422e+00,7.346002e+00,4.210463e+00,-1.346831e+00,-3.797094e+00,-1.570020e+00
-4.536818e+00,8.024745e+00,4.609864e+00,-1.752556e+00,-3.558092e+00,-1.206876e+00
-1.676947e+01,1.142990e+01,5.022031e+00,-2.325782e+00,-1.952559e+00,-5.015793e-01
-1.804845e+01,1.560707e+01,4.967986e+00,-2.437030e+00,-3.391818e-01,8.930804e-02
3.276726e+00,1.264624e+01,2.948840e+00,-2.123541e+00,3.918723e+00,1.133710e+00
7.865507e+00,1.141701e+01,2.763390e+00,-2.191605e+00,2.959794e+00,2.661519e-01
7.726124e+00,8.268687e+00,5.065578e+00,-2.278458e+00,5.237438e-01,-3.766287e-01
3.426442e+00,6.177762e+00,6.012685e+00,-2.349109e+00,-6.434371e-01,-6.364626e-01
-6.689702e-01,7.299630e+00,8.788335e+00,-2.535196e+00,-1.113795e+00,-5.571840e-01
-1.509734e+00,8.296522e+00,8.494454e+00,-2.277048e+00,-1.098043e+00,-5.970059e-01
-4.672802e+00,9.003951e+00,7.374408e+00,-1.942629e+00,-9.635437e-01,-5.107991e-01
-2.456987e+00,6.742720e+00,6.946935e+00,-1.911401e+00,-3.507752e-01,-1.422792e-01
2.494270e+00,2.040197e+00,6.720084e+00,-1.920676e+00,6.760761e-01,1.067919e-02
3.104771e+00,4.736416e+00,6.475891e+00,-1.888604e+00,4.652781e-01,-3.468462e-02
-6.203482e-01,8.384152e+00,6.236363e+00,-1.935361e+00,-4.610851e-01,-3.089644e-01
-1.598279e+00,6.823853e+00,4.819372e+00,-2.029666e+00,-5.992503e-01,-2.197855e-01
-7.905396e-03,6.705238e+00,7.238663e+00,-2.541141e+00,-3.186852e-01,-8.331016e-02
-3.336325e-02,9.534880e+00,8.425239e+00,-2.778520e+00,-4.562904e-01,-4.038371e-02
1.164147e+00,7.386267e+00,6.117634e+00,-3.048524e+00,-7.580206e-01,1.147922e-01
2.360171e+00,6.533488e+00,7.270031e+00,-3.304862e+00,-8.232050e-01,1.676575e-01
4.552132e+00,5.091510e+00,8.935491e+00,-3.552261e+00,-8.649752e-01,5.894255e-03
1.900627e+00,9.992101e+00,1.308508e+01,-3.667211e+00,-1.409610e+00,-1.516423e-01
-6.099209e+00,1.358450e+01,1.399142e+01,-2.868233e+00,-1.714130e+00,1.837373e-01
-6.040632e+00,1.227815e+01,1.305397e+01,-2.425175e+00,-8.876335e-01,4.993519e-01
2.467366e+00,1.162748e+01,6.535324e+00,-7.399918e-01,8.348624e-01,4.733964e-01
2.997222e+00,1.906385e+00,1.280180e+01,9.715874e-01,1.057720e+00,-1.308448e-02
7.201419e+00,7.276886e+00,6.345613e+00,3.289913e+00,5.459055e-01,-1.106115e-01
3.313701e+00,1.033429e+01,1.435026e+01,4.786420e+00,2.960271e-02,-8.422138e-01
4.082435e+00,9.646420e+00,1.459367e+01,6.601556e+00,1.820339e-02,-1.238105e+00
8.189145e+00,3.108089e+00,1.392738e+01,7.396480e+00,2.236873e-01,-1.615200e+00
1.113172e+01,5.003758e+00,1.371943e+01,7.955166e+00,-2.200054e-01,-2.033350e+00
1.148411e+01,4.291560e+00,1.508585e+01,8.224125e+00,-1.113888e+00,-2.425731e+00
8.835971e+00,2.539156e+00,1.568037e+01,8.223787e+00,-2.521766e+00,-3.119935e+00
5.438737e+00,2.451566e-01,1.273089e+01,7.692589e+00,-3.458304e+00,-3.047615e+00
-1.035909e+01,-1.983564e+00,8.573998e+00,5.023552e+00,-3.694874e+00,-2.533080e+00
-2.089949e+01,-8.236977e+00,8.407785e+00,2.606135e+00,-1.825784e+00,-1.602132e+00
-1.010253e+00,-1.760802e+00,8.304527e+00,-1.115661e+00,2.459676e+00,1.542436e+00
9.910704e+00,2.772829e+01,-4.945333e+00,-1.765089e+00,2.647733e+00,1.120839e+00
-6.173421e+00,3.819604e+00,4.954787e+00,-4.370409e-01,-3.532441e-02,-4.051007e-01
-5.589069e+00,-1.554933e+00,6.724702e+00,-1.201620e+00,3.113341e-01,1.859931e-01
4.715991e+00,1.285160e+01,6.932190e+00,-1.618352e+00,2.496032e+00,5.012947e-01
1.047823e+01,1.099064e+01,5.021476e+00,-1.321960e+00,1.505497e+00,1.304923e-02
4.992630e+00,8.438333e+00,3.517676e+00,-1.559705e+00,-9.860852e-01,-5.761363e-01
3.956691e-01,9.189646e+00,4.331112e+00,-1.486256e+00,-2.041007e+00,-9.233582e-01
-3.772430e+00,8.817183e+00,5.142928e+00,-1.387680e+00,-2.147747e+00,-1.066134e+00
-2.621786e+00,8.759823e+00,3.722385e+00,-1.290306e+00,-1.947810e+00,-9.235267e-01
-7.121531e+00,7.930398e+00,3.801577e+00,-1.150638e+00,-1.371433e+00,-4.903798e-01
-5.590724e+00,9.125153e+00,3.300890e+00,-1.116695e+00,-7.740567e-01,-2.124575e-01
-1.181312e+00,8.928534e+00,2.815914e+00,-1.166968e+00,3.892830e-01,1.925071e-01
1.657715e+00,7.562455e+00,3.122625e+00,-1.250186e+00,4.787539e-01,1.411316e-01
2.074836e+00,7.774437e+00,4.168873e+00,-1.413082e+00,-6.392624e-02,-8.445183e-02
1.035006e+00,8.047449e+00,4.171985e+00,-1.514994e+00,-5.120627e-01,-2.866673e-01
-4.700481e-01,9.248848e+00,3.534240e+00,-1.745639e+00,-8.174208e-01,-4.066453e-01
9.054446e-02,7.301150e+00,5.550000e+00,-1.813148e+00,-8.277404e-01,-5.519649e-01
5.484900e+00,8.340955e+00,4.038118e+00,-1.949037e+00,-9.889199e-01,-8.707652e-01
6.372707e+00,1.091083e+01,1.549306e+00,-2.326856e+00,-1.271515e+00,-9.037456e-01
8.073764e+00,1.662839e+01,3.922178e+00,-3.119921e+00,-1.807814e+00,-1.216111e+00
9.889308e+00,1.771238e+01,5.251361e+00,-3.406514e+00,-2.288801e+00,-1.664871e+00
8.314257e+00,1.406728e+01,1.183915e+01,-3.339460e+00,-3.702514e+00,-2.609521e+00
3.374508e+00,6.191808e+00,1.564364e+01,-3.171355e+00,-4.262894e+00,-3.686090e+00
2.437031e+00,3.464813e+00,1.622945e+01,-2.256827e+00,-3.973096e+00,-4.811136e+00
1.714949e+00,-1.862749e+00,1.409223e+01,-1.532863e+00,-3.501637e+00,-5.073758e+00
1.378608e+00,8.920917e+00,4.123731e+00,7.424203e-02,-2.585227e+00,-4.493936e+00
-3.761479e+00,6.886054e+00,7.527282e+00,1.645975e+00,-2.107013e+00,-4.496850e+00
1.647129e+00,4.459657e+00,7.059719e+00,3.800372e+00,6.020364e-02,-3.031076e+00
5.813059e+00,4.518300e+00,8.613059e+00,4.883864e+00,5.580273e-01,-2.490682e+00
1.054218e+01,4.539998e+00,1.000667e+01,6.258758e+00,1.111036e-01,-1.830215e+00
1.311705e+01,4.182972e+00,9.735477e+00,6.775691e+00,-8.663537e-01,-1.854385e+00
1.199039e+01,4.265820e+00,1.224436e+01,7.091965e+00,-3.517875e+00,-2.755197e+00
8.722405e+00,3.322570e+00,1.174792e+01,6.788781e+00,-4.927776e+00,-3.619289e+00
-5.275837e+00,3.061578e+00,9.025247e+00,5.563649e+00,-6.297619e+00,-4.195925e+00
-1.243805e+01,3.376287e+00,6.564918e+00,4.335549e+00,-6.175915e+00,-3.463503e+00
-1.449310e+01,-8.309196e+00,-3.363278e+00,1.639920e+00,-3.265887e+00,-9.667279e-01
-1.345709e+01,-8.264150e+00,-3.235555e-01,-8.747374e-01,-5.016712e-01,3.994631e-01
-4.944260e-01,3.391813e+01,8.591002e-01,-1.915298e+00,1.920064e+00,1.681481e+00
-2.135504e+00,1.973412e+01,3.401059e+00,-4.845015e-01,2.227350e+00,6.336156e-01
4.113913e+00,3.976557e+00,9.332154e+00,-2.175476e+00,2.270260e+00,1.477389e+00
1.243372e+01,6.750617e+00,7.664160e+00,-1.687476e+00,2.258050e+00,9.484315e-01
7.127553e+00,1.052599e+01,7.061945e+00,-1.372125e+00,-1.096873e+00,-4.143282e-01
-1.765518e+00,8.971261e+00,7.521121e+00,-1.437189e+00,-2.352504e+00,-7.703069e-01
-9.331332e+00,9.730814e+00,4.829038e+00,-1.024869e+00,-2.170404e+00,-4.462529e-01
-8.511648e+00,9.844056e+00,4.755944e+00,-8.711851e-01,-1.010978e+00,-5.807359e-02
-1.257756e+00,8.594723e+00,3.124723e+00,-7.792531e-01,3.494628e-01,4.501104e-01
2.918982e+00,8.524323e+00,1.736136e+00,-7.961404e-01,3.740351e-01,4.598830e-01
2.702661e+00,8.103124e+00,1.347663e+00,-9.712556e-01,-7.508074e-01,9.904938e-02
1.119129e+00,8.327182e+00,1.698250e+00,-1.166507e+00,-1.243830e+00,-1.341374e-01
-9.857177e-01,8.450558e+00,2.991202e+00,-1.342026e+00,-1.435622e+00,-3.079989e-01
-1.789128e+00,8.126816e+00,3.709326e+00,-1.424458e+00,-1.432377e+00,-3.122083e-01
-2.695066e+00,7.204934e+00,4.917180e+00,-1.418784e+00,-8.880344e-01,-1.367100e-01
-1.461232e+00,8.485478e+00,4.693906e+00,-1.427627e+00,-4.125700e-01,8.644234e-03
1.749214e+00,8.257483e+00,2.134666e+00,-1.633489e+00,-1.295110e-01,4.615493e-02
3.541026e+00,8.154526e+00,5.567107e-01,-1.939609e+00,-3.867306e-01,-4.533250e-02
6.284786e+00,1.029692e+01,3.083381e+00,-2.542862e+00,-1.501659e+00,-6.907685e-01
8.753069e+00,8.251285e+00,2.677618e+00,-2.761441e+00,-2.561115e+00,-1.096139e+00
-1.434915e-01,1.928861e+01,1.531332e+00,-3.810456e+00,-3.555670e+00,-8.713602e-01
1.633638e+00,2.810830e+01,5.015551e+00,-4.468315e+00,-3.165349e+00,-4.793434e-01
1.239147e-01,1.485097e+01,1.451931e+01,-3.614643e+00,-2.909289e+00,-8.280928e-01
-1.245452e+00,2.338140e+00,2.038581e+01,-2.648621e+00,-2.817463e+00,-1.550081e+00
-3.532446e+00,5.788730e+00,1.091312e+01,-1.415816e+00,-1.459785e+00,-1.648783e+00
-1.566075e+00,7.773071e+00,5.739284e+00,2.141595e-01,-1.086225e+00,-1.543485e+00
4.935394e-01,2.609140e+00,8.041293e+00,3.091922e+00,1.453940e-01,-2.245060e+00
2.804771e+00,2.417824e+00,7.272061e+00,4.192237e+00,3.464878e-01,-1.912480e+00
2.987732e+00,1.569710e+00,9.758630e+00,5.542764e+00,5.188996e-01,-1.501588e+00
5.933116e-03,-5.675689e-02,9.499315e+00,6.125994e+00,8.441257e-01,-1.126985e+00
4.506126e+00,-5.396661e-02,8.599985e+00,6.895040e+00,1.694984e+00,-5.083395e-01
1.170472e+01,-5.446551e-01,8.309310e+00,6.847337e+00,1.537870e+00,-1.537086e-01
8.354941e+00,2.379949e+00,5.997964e+00,5.471785e+00,-1.145663e+00,-2.002456e-01
-2.008748e+00,1.118116e+00,4.960732e+00,4.550086e+00,-1.937186e+00,-6.215149e-01
-5.639574e+00,6.739670e-01,1.761569e+00,2.568176e+00,-8.646387e-01,-7.244580e-01
2.928713e+00,2.718212e+00,-1.329503e+00,1.493684e+00,-1.177911e-01,-2.775799e-01
7.097001e+00,3.050946e+00,-2.103159e+00,-5.103513e-01,-1.390581e+00,-3.191182e-01
1.497406e+00,4.945074e+00,-1.441318e-01,-1.454577e+00,-2.372136e+00,-4.448202e-01
-7.661610e-01,7.007915e+00,2.443933e+00,-2.370684e+00,-2.069382e+00,-1.469666e-01
3.347322e+00,6.012617e+00,3.444392e+00,-2.767743e+00,-1.533864e+00,1.463135e-01
-1.141853e+01,6.423814e+00,7.357700e+00,-3.826756e+00,-2.066493e+00,-1.259075e-01
-2.394630e+01,3.564486e+01,6.923205e+00,-3.352624e+00,6.241668e-01,6.228106e-01
-3.860731e+00,8.287096e+00,7.252242e+00,-1.274595e+00,4.342747e+00,1.178749e+00
9.471951e+00,1.456400e+01,6.753801e+00,-1.874105e+00,4.888161e+00,6.221154e-01
2.021050e+01,9.658787e+00,3.695845e+00,-2.663972e+00,2.939458e+00,1.164527e+00
1.331392e+01,2.959693e+00,8.005110e+00,-2.469991e+00,3.205387e-01,-8.125851e-01
5.524438e+00,4.354486e+00,1.076018e+01,-2.314032e+00,-3.512830e+00,-1.488933e+00
-8.673719e+00,1.182622e+01,1.066208e+01,-2.144533e+00,-4.486784e+00,-1.474614e+00
-1.605601e+01,7.214510e+00,7.193527e+00,-1.458475e+00,-1.559254e+00,-1.708951e-01
-1.014261e+01,5.395079e+00,6.934412e+00,-1.335567e+00,6.980256e-01,4.919426e-01
-1.942547e+00,8.569185e+00,6.340815e+00,-1.089476e+00,2.066652e+00,1.098279e+00
8.643334e-01,7.072517e+00,5.350196e+00,-1.054055e+00,1.916393e+00,1.198761e+00
5.358602e+00,3.741901e+00,3.749486e+00,-1.251677e+00,1.386749e+00,9.764325e-01
7.696946e+00,6.664732e+00,2.538623e+00,-1.648359e+00,8.644096e-01,6.936427e-01
3.458527e+00,4.276047e+00,5.242534e+00,-2.047215e+00,-3.704098e-01,-1.080741e-01
1.578967e+00,3.146063e+00,6.133503e+00,-2.290992e+00,-1.140088e+00,-3.469592e-01
-2.332155e+00,6.383409e+00,7.004019e+00,-2.640146e+00,-1.475108e+00,-1.193231e-01
-4.869408e+00,8.352941e+00,8.707644e+00,-2.684619e+00,-1.137603e+00,-5.381384e-03
6.914160e-01,9.637722e+00,7.632837e+00,-2.938705e+00,-2.894170e-01,3.932893e-01
5.254381e+00,1.193459e+01,7.309965e+00,-3.444440e+00,-1.700246e-01,1.016286e+00
4.433066e+00,1.483851e+01,1.348908e+01,-4.234911e+00,-7.344222e-01,1.369011e+00
4.768520e-01,1.486646e+01,1.564599e+01,-3.865800e+00,-1.323055e+00,1.354936e+00
-5.998720e+00,8.357287e+00,1.486915e+01,-2.581899e+00,-1.120011e+00,1.559986e+00
-9.622829e+00,3.628386e+00,1.340083e+01,-9.843492e-01,-4.907323e-01,1.962019e+00
-4.842006e+00,2.389719e-01,8.235686e+00,2.036063e+00,1.683085e+00,2.673776e+00
5.881130e+00,5.169886e+00,4.692250e+00,3.816368e+00,2.052979e+00,2.366716e+00
8.787885e+00,2.450119e+00,5.174162e+00,6.091547e+00,7.670551e-01,1.162557e+00
7.865307e+00,-1.023601e+00,7.835436e+00,6.942432e+00,-3.924513e-01,7.585274e-01
6.361336e+00,-1.720418e+00,1.225833e+01,7.880886e+00,-1.958045e+00,3.058221e-01
3.060059e+00,-2.032333e+00,1.365398e+01,8.186110e+00,-2.394351e+00,-2.230275e-01
5.251221e-01,-6.719625e+00,1.593842e+01,8.138751e+00,-1.606774e+00,-1.459334e+00
-2.448472e+00,-1.698634e+00,1.111192e+01,7.271559e+00,-9.254342e-01,-1.451040e+00
-4.934655e+00,8.669558e+00,7.921053e+00,4.808168e+00,5.788443e-01,-1.210507e+00
-1.265296e+00,3.057509e+00,3.711148e+00,3.378286e+00,1.244235e+00,-9.586405e-01
1.736745e+01,-1.341428e-02,-3.029867e+00,5.889592e-01,-1.600054e-01,-7.396289e-01
1.472987e+01,2.280977e+00,-6.202392e-01,-1.169823e+00,-2.714271e+00,-1.512101e+00
-6.105413e-01,9.088479e-01,4.608431e+00,-2.898654e+00,-4.693009e+00,-1.696432e+00
-1.955156e+01,1.223117e+01,7.825709e+00,-3.944023e+00,-4.656921e+00,-1.488299e+00
-1.643494e+01,1.626865e+01,2.426315e+00,-2.879883e+00,1.231043e+00,3.187896e-01
-1.183540e+01,1.096481e+01,3.181514e+00,-1.852195e+00,4.396857e+00,1.394615e+00
2.055330e+01,1.908752e+01,5.712944e+00,-2.306477e+00,4.921108e+00,7.879662e-01
1.746441e+01,3.373779e+00,6.916101e+00,-2.622903e+00,2.571113e+00,6.396399e-01
1.207936e+01,3.022764e+00,1.264582e+01,-2.351413e+00,-1.134765e+00,-9.116990e-01
1.032270e+00,-8.200247e-01,1.267314e+01,-1.948569e+00,-2.817147e+00,-1.387770e+00
-9.791903e+00,1.435252e+01,5.955464e+00,-1.796581e+00,-2.573294e+00,-5.529982e-01
-1.165099e+01,2.253050e+01,9.636282e+00,-1.787463e+00,-8.719767e-01,-1.431018e-01
-1.464406e+00,1.680888e+00,6.020942e+00,-1.422613e+00,1.387657e+00,3.114415e-01
1.678285e+00,3.776551e+00,4.697302e+00,-1.496022e+00,1.468925e+00,4.763798e-01
4.718351e+00,8.636935e+00,3.822347e+00,-1.671497e+00,5.115099e-01,2.032129e-01
3.393782e+00,5.381749e+00,4.126397e+00,-1.781799e+00,-1.190728e-01,-1.011766e-01
1.250429e+00,6.234043e+00,6.183757e+00,-2.217683e+00,-7.172563e-01,-3.144470e-01
-1.312990e-01,7.125377e+00,6.715503e+00,-2.362687e+00,-1.118416e+00,-4.968762e-01
-5.461907e+00,4.129989e+00,8.795474e+00,-2.381742e+00,-1.279066e+00,-3.879767e-01
-4.269312e+00,3.696310e+00,8.409651e+00,-2.414755e+00,-5.625426e-01,8.437909e-02
2.811831e+00,1.096788e+01,7.437064e+00,-2.794652e+00,4.123904e-01,6.787019e-01
7.456644e+00,1.233931e+01,6.032373e+00,-3.131613e+00,3.769074e-01,7.307290e-01
6.521647e+00,1.234839e+01,1.154295e+01,-3.859297e+00,-6.335682e-01,3.904967e-01
1.969176e+00,1.456645e+01,1.564890e+01,-3.809702e+00,-1.787966e+00,2.867947e-01
-8.976385e+00,1.141718e+01,1.392117e+01,-2.357667e+00,-1.704644e+00,5.990204e-01
-1.221731e+01,4.866725e+00,1.206564e+01,-1.234647e+00,-9.150647e-01,8.848471e-01
-5.905012e+00,-3.795808e-01,9.124630e+00,1.270826e+00,1.731558e+00,1.731412e+00
2.440000e+00,2.833924e+00,5.879304e+00,3.611653e+00,1.922851e+00,1.633779e+00
6.600056e+00,2.858911e+00,6.790907e+00,5.785999e+00,1.139900e+00,1.260192e+00
7.499841e+00,-5.036079e-01,8.531464e+00,6.761575e+00,2.460734e-01,1.091641e+00
6.703739e+00,-1.274431e+00,1.101113e+01,7.574144e+00,-1.282200e+00,5.656100e-01
5.605545e+00,-1.232021e+00,1.242280e+01,7.888519e+00,-1.839992e+00,1.381534e-02
4.149898e+00,-5.521823e+00,1.371589e+01,8.019118e+00,-1.929751e+00,-1.120856e+00
4.964365e+00,-6.606678e-01,1.010503e+01,7.229758e+00,-1.678335e+00,-1.384265e+00
-4.673634e+00,8.805344e+00,7.476273e+00,4.567809e+00,-2.255213e+00,-1.703022e+00
-1.208161e+01,1.667668e+00,5.809740e+00,2.981330e+00,-1.622550e+00,-1.547304e+00
6.479674e+00,-1.398435e+00,-6.929903e-01,-2.352041e-01,2.825169e-01,-1.567937e-01
1.212718e+01,1.444150e+00,3.491138e-01,-1.690958e+00,-4.668434e-01,-3.239749e-01
-5.061720e-01,1.113982e+01,2.618235e-01,-3.442022e+00,-3.077598e+00,-9.881730e-01
-3.358202e+01,2.985215e+01,9.984330e+00,-3.559851e+00,-1.767456e+00,-5.574910e-01
-6.852087e+00,1.393348e+01,6.979233e+00,-1.505755e+00,4.884577e+00,1.302970e+00
1.066906e+01,8.172828e+00,1.152047e+01,-1.956041e+00,5.412997e+00,7.985618e-01
1.805339e+01,1.055696e+01,-5.201962e+00,-2.018046e+00,2.014405e+00,3.476982e-01
1.895797e+01,3.289222e+01,5.927689e+00,-2.339117e+00,-1.637394e-01,2.089635e-01
-2.501066e+00,-4.800486e+00,8.846833e+00,-2.087168e+00,-2.218348e+00,-1.486797e+00
-3.312035e+00,1.609329e+00,6.138688e+00,-2.297111e+00,-1.835056e+00,-4.571853e-01
-2.026300e+00,9.418256e+00,7.964136e+00,-1.872324e+00,-8.250217e-01,-5.323846e-01
-3.276313e+00,1.390971e+01,6.724976e+00,-1.697237e+00,-5.160921e-01,-2.763901e-01
-4.730741e+00,3.131123e+00,5.783532e+00,-1.515277e+00,9.332337e-02,-3.990165e-02
-8.800152e-01,3.075596e+00,5.748166e+00,-1.679186e+00,6.931143e-01,2.731224e-01
4.947478e+00,8.420779e+00,2.833792e+00,-2.066600e+00,6.779608e-01,2.647997e-01
3.074646e+00,6.160054e+00,4.892521e+00,-2.277416e+00,-8.104787e-02,-1.851388e-01
-7.610504e-01,5.661516e+00,7.683163e+00,-2.626412e+00,-1.241499e+00,-3.190830e-01
-6.053030e+00,8.313709e+00,8.481612e+00,-2.717919e+00,-1.515615e+00,-1.080301e-01
-1.476651e+00,1.083033e+01,7.268375e+00,-3.028026e+00,-4.015372e-01,8.186985e-01
3.119970e+00,9.415613e+00,7.431352e+00,-3.295589e+00,3.415358e-01,1.115039e+00
7.697201e+00,9.070889e+00,1.111426e+01,-3.726663e+00,-6.715791e-03,9.365236e-01
3.614247e+00,1.432580e+01,1.428388e+01,-3.660345e+00,-1.114962e+00,8.939645e-01
-5.250942e+00,1.027892e+01,1.354526e+01,-2.202512e+00,-1.126824e+00,1.115408e+00
-4.302078e+00,9.615961e+00,9.174397e+00,-1.206974e+00,-1.737711e-01,1.393307e+00
-2.147625e+00,-4.105654e+00,1.152409e+01,1.476615e+00,4.948293e-01,1.596981e+00
5.901014e-01,-6.615624e-02,4.935071e+00,3.349480e+00,5.650293e-01,1.690957e+00
3.127572e+00,3.938609e+00,8.871840e+00,5.680862e+00,3.614849e-01,5.954258e-01
6.484366e+00,3.803308e+00,9.105555e+00,6.415989e+00,-1.821935e-01,4.284848e-01
9.318156e+00,-1.298181e-01,1.233972e+01,7.307976e+00,-1.352821e+00,-3.547429e-01
6.176442e+00,-2.066827e+00,1.396548e+01,7.603723e+00,-2.055695e+00,-9.694225e-01
3.591825e+00,-1.240365e+00,1.234680e+01,7.221974e+00,-1.988672e+00,-1.697177e+00
1.577047e+00,7.810357e-01,1.220372e+01,6.487816e+00,-1.702440e+00,-1.857569e+00
-5.151262e+00,6.405183e+00,8.408838e+00,4.871985e+00,-7.884977e-01,-1.956516e+00
-3.032600e+00,2.990987e+00,4.196549e+00,3.645218e+00,2.141190e-01,-1.541653e+00
3.757027e+00,-1.456720e-01,1.090586e+00,1.205186e+00,2.455036e-01,-5.747157e-01
7.826684e+00,3.344758e-01,-5.921142e-01,-4.312498e-01,-8.589261e-01,-7.015569e-01
1.829434e+00,5.044773e+00,4.045339e+00,-2.254558e+00,-2.440621e+00,-9.465283e-01
4.392751e-01,2.164123e+00,4.889211e+00,-2.767885e+00,-2.459959e+00,-7.691674e-01
-1.420431e+01,8.809704e+00,5.093452e+00,-2.423077e+00,-1.027474e+00,-2.197384e-01
-1.331000e+01,2.224558e+01,4.345217e+00,-2.275715e+00,2.335479e+00,1.096416e+00
-5.832605e-01,1.354304e+01,4.062460e+00,-1.803239e+00,4.478160e+00,7.119435e-01
1.409579e+01,7.784550e+00,3.822592e+00,-1.848625e+00,3.618455e+00,2.798422e-01
1.066269e+01,2.276106e+01,5.909687e+00,-2.156468e+00,1.130230e-01,-1.414935e-01
1.195796e+00,1.622140e+01,1.153639e+01,-1.962952e+00,-8.512468e-01,-3.709905e-01
-9.519064e-01,8.701054e-01,8.250118e+00,-1.677267e+00,-6.687322e-01,-1.300094e-01
1.024546e+00,6.595181e+00,7.351890e+00,-1.507085e+00,-5.291375e-01,-8.010857e-02
-1.737417e-01,1.313420e+01,5.858133e+00,-1.344510e+00,-3.463896e-01,-1.105981e-01
-2.598823e+00,8.519082e+00,3.583033e+00,-1.215576e+00,-2.621827e-01,-1.081884e-01
-1.625967e+00,2.969299e+00,6.225088e+00,-1.273222e+00,2.686135e-01,8.435627e-02
5.154421e-01,5.899789e+00,4.438560e+00,-1.440871e+00,5.210882e-01,3.423690e-01
3.886243e+00,7.480780e+00,1.132861e+00,-1.831128e+00,4.369908e-01,2.123070e-01
6.385924e+00,5.072443e+00,2.679189e+00,-2.200574e+00,2.836490e-02,-1.819387e-01
2.864577e+00,5.775685e+00,5.833632e+00,-2.659994e+00,-1.643947e+00,-8.293523e-01
-3.722560e+00,6.921234e+00,7.385815e+00,-2.825088e+00,-2.210599e+00,-7.722275e-01
-9.083463e+00,7.324322e+00,8.962535e+00,-2.945635e+00,-1.636583e+00,-1.689445e-01
-4.746801e+00,7.833305e+00,8.758060e+00,-3.105593e+00,-2.306159e-01,6.576821e-01
6.590208e+00,1.147699e+01,7.739739e+00,-3.557239e+00,7.660900e-01,1.353409e+00
1.014283e+01,1.121802e+01,9.023357e+00,-3.887694e+00,3.923251e-01,1.335190e+00
3.648544e+00,1.383643e+01,1.632461e+01,-3.712580e+00,-1.649606e+00,9.251614e-01
-3.836810e+00,1.275425e+01,1.580154e+01,-2.910424e+00,-1.759302e+00,1.050900e+00
-8.432366e+00,3.638996e+00,9.673254e+00,-7.951083e-01,-3.930476e-01,1.364089e+00
-9.768868e+00,1.809358e+00,1.073299e+01,2.920613e-01,6.193530e-01,1.395401e+00
2.403989e+00,3.221764e+00,4.101356e+00,3.915245e+00,1.790193e+00,1.673322e+00
3.215640e+00,2.030878e+00,7.225812e+00,5.337001e+00,1.331264e+00,1.280121e+00
7.193041e+00,9.495747e-01,9.410865e+00,6.850355e+00,-2.447610e-01,9.826522e-01
8.135058e+00,-1.495379e+00,1.119076e+01,7.436806e+00,-1.149973e+00,5.882005e-01
4.168177e+00,-3.646252e+00,1.304150e+01,8.088446e+00,-2.344818e+00,-4.562425e-01
1.768918e+00,-5.158766e+00,1.369184e+01,8.118766e+00,-2.407410e+00,-1.218460e+00
-7.546965e-01,-1.575171e+00,1.079380e+01,6.797528e+00,-1.059633e+00,-1.631658e+00
-6.763734e-01,5.705600e+00,8.641100e+00,5.498749e+00,-2.080125e-01,-1.626430e+00
-3.149028e+00,6.725739e+00,3.810651e+00,3.421374e+00,4.545586e-01,-1.149921e+00
2.342810e+00,1.032946e+00,-1.767051e-01,2.310955e+00,5.071987e-01,-5.826221e-01
6.739494e+00,4.526202e+00,-8.898778e-02,-4.232158e-01,-8.744987e-01,-5.593440e-01
3.473909e+00,7.040392e+00,2.088883e+00,-1.351162e+00,-1.498866e+00,-6.902402e-01
6.343031e+00,7.327441e+00,3.974269e+00,-2.138366e+00,-1.645107e+00,-5.845134e-01
3.656475e+00,5.153905e+00,1.017817e+00,-3.142503e+00,-2.163118e+00,-9.087994e-01
-1.362530e+01,2.186656e+01,2.605446e+00,-3.063794e+00,-3.498764e-01,4.112207e-01
-1.623348e+01,2.214506e+01,9.537186e-01,-1.783350e+00,1.878196e+00,7.987310e-01
3.239347e+00,9.891222e+00,8.991045e+00,-2.013000e+00,4.152452e+00,4.579231e-01
1.267241e+01,7.398136e+00,6.187069e+00,-1.882848e+00,3.144738e+00,4.321158e-01
1.141378e+01,1.480124e+01,5.348314e+00,-2.098759e+00,8.074185e-01,2.149781e-01
7.715784e+00,1.631585e+01,7.888587e+00,-2.160068e+00,-2.639187e-01,-2.169869e-01
1.268071e+00,3.737106e+00,7.797684e+00,-1.745749e+00,-1.424211e+00,-7.909477e-01
-1.198136e+00,6.745376e+00,7.761816e+00,-1.712300e+00,-1.666636e+00,-7.108759e-01
-3.838794e+00,8.600039e+00,6.879209e+00,-1.404883e+00,-8.876204e-01,-3.388597e-01
-2.262838e+00,7.053813e+00,5.018038e+00,-1.381811e+00,-2.838150e-01,-9.972172e-02
-7.490805e-01,6.850088e+00,5.560557e+00,-1.410420e+00,2.407088e-01,-2.363991e-02
4.173616e-01,6.227864e+00,5.924546e+00,-1.445031e+00,2.194499e-01,-4.014478e-02
1.440349e+00,5.909242e+00,3.362582e+00,-1.662490e+00,-1.216743e-01,-1.526304e-01
5.260320e-01,6.386381e+00,3.864468e+00,-1.957054e+00,-2.914827e-01,-1.921332e-01
5.183276e-01,5.486934e+00,6.217946e+00,-2.352285e+00,-5.848267e-01,-3.014289e-01
-1.238198e+00,6.740095e+00,6.526035e+00,-2.512718e+00,-8.709485e-01,-2.865312e-01
-4.539238e+00,7.810626e+00,6.948657e+00,-2.741267e+00,-8.212995e-01,3.020015e-03
-2.928785e+00,8.810249e+00,6.759209e+00,-3.046234e+00,-4.129967e-01,4.739838e-01
3.029768e+00,1.079661e+01,7.148152e+00,-3.623295e+00,1.027207e-01,1.160170e+00
6.032088e+00,1.214778e+01,1.067357e+01,-3.969739e+00,1.624356e-02,1.140843e+00
1.215591e+00,1.248123e+01,1.575861e+01,-3.426397e+00,-9.794738e-01,7.775639e-01
-2.673442e+00,9.996412e+00,1.349472e+01,-2.359944e+00,-8.319216e-01,6.379371e-01
-8.850836e+00,2.257559e+00,1.232670e+01,7.140996e-01,2.360599e-01,6.692984e-01
-4.863715e+00,-4.386176e+00,9.916830e+00,2.499115e+00,1.640410e+00,1.662691e+00
2.478027e+00,2.815317e+00,5.006088e+00,5.057890e+00,1.581826e+00,1.507124e+00
4.449355e+00,3.289006e+00,7.847966e+00,5.803036e+00,1.259795e+00,1.465568e+00
4.810186e+00,1.011174e+00,9.773053e+00,7.010960e+00,-2.942386e-02,1.580694e+00
6.586788e+00,7.226933e-02,1.285510e+01,7.506548e+00,-8.131144e-01,1.423382e+00
6.245589e+00,-8.791539e-01,1.229190e+01,7.878354e+00,-1.916152e+00,4.489907e-01
5.654273e+00,-3.064858e+00,1.231097e+01,7.633328e+00,-2.098134e+00,-5.469538e-01
2.224771e-01,7.259799e+00,8.989266e+00,5.312083e+00,-2.086292e+00,-1.256005e+00
-2.514830e+00,6.996314e+00,7.568267e+00,4.324471e+00,-1.593352e+00,-1.587769e+00
3.401294e+00,1.266643e+00,8.553497e-01,2.281942e+00,-1.056722e+00,-1.329976e+00
6.431238e+00,4.015647e+00,9.601098e-01,8.515440e-01,-2.128992e+00,-1.192303e+00
-3.898136e+00,3.412485e+00,1.477186e+00,-1.334584e+00,-3.330155e+00,-8.343742e-01
-2.295530e+00,1.619305e+00,7.396524e-01,-2.378352e+00,-2.258009e+00,-2.173986e-01
-3.687723e+00,1.396727e+01,2.396360e+00,-3.943662e+00,-1.767098e+00,-5.258394e-02
-2.310548e+01,2.828671e+01,5.929081e+00,-3.648510e+00,7.787939e-02,5.385329e-01
-6.149258e+00,2.022939e+01,2.707634e+00,-1.404799e+00,4.555080e+00,1.060214e+00
3.551946e+00,1.635543e+01,6.060552e+00,-2.216746e+00,4.969020e+00,4.357368e-01
1.868744e+01,6.414070e+00,3.057071e+00,-2.497341e+00,2.951727e+00,6.416532e-01
1.388285e+01,1.253380e+01,7.414703e+00,-2.745544e+00,8.886976e-01,1.435258e-01
5.135507e+00,1.791195e+00,1.460450e+01,-2.120816e+00,-2.759635e+00,-1.230033e+00
-3.934718e+00,3.049498e+00,8.806297e+00,-1.630225e+00,-2.933258e+00,-8.987669e-01
-1.097028e+01,1.650826e+01,5.927739e+00,-1.636761e+00,-1.097436e+00,-2.858120e-01
-7.561686e+00,9.073599e+00,5.154176e+00,-1.323655e+00,5.434947e-01,2.037442e-01
3.322300e+00,1.818626e+00,5.674195e+00,-1.405296e+00,1.858385e+00,4.845951e-01
7.406027e+00,4.528031e+00,3.497985e+00,-1.596846e+00,1.344136e+00,4.208578e-01
5.937524e+00,6.839281e+00,2.565679e+00,-2.015795e+00,-1.946233e-02,-2.862046e-01
1.776229e+00,5.736340e+00,5.411350e+00,-2.321719e+00,-7.717402e-01,-5.519392e-01
-9.967339e-01,4.430347e+00,7.268680e+00,-2.663662e+00,-1.475165e+00,-6.605918e-01
-2.812033e+00,6.157932e+00,6.527593e+00,-2.761936e+00,-1.577829e+00,-6.495037e-01
-3.952417e+00,9.915022e+00,8.257539e+00,-2.995383e+00,-1.320495e+00,-2.176790e-01
-2.428087e+00,1.011965e+01,7.580000e+00,-3.235945e+00,-8.420972e-01,3.463082e-01
2.911382e+00,1.335730e+01,1.139273e+01,-3.807807e+00,-5.273205e-01,1.071917e+00
1.898029e+00,1.496808e+01,1.362863e+01,-3.678882e+00,-7.338911e-01,1.198981e+00
-1.167277e+00,1.077375e+01,1.263814e+01,-2.634098e+00,-4.010122e-01,1.115466e+00
1.877619e-01,8.548191e+00,8.936356e+00,-1.675296e+00,2.490289e-01,9.386014e-01
-1.514372e+00,-2.639092e+00,1.417591e+01,1.255094e+00,5.123086e-01,6.576897e-01
1.848133e-02,-2.261176e+00,9.616923e+00,2.552640e+00,8.497475e-01,1.029395e+00
-2.025361e+00,3.428089e+00,1.023266e+01,4.970524e+00,7.494361e-01,6.575142e-01
1.359043e-01,5.530884e+00,1.040332e+01,5.818010e+00,1.002131e+00,7.573039e-01
3.794966e+00,2.769412e+00,1.123321e+01,7.131339e+00,1.012896e+00,8.293175e-01
5.472750e+00,2.794420e+00,1.128992e+01,7.534311e+00,6.090520e-01,8.366923e-01
9.917954e+00,3.193257e+00,1.057462e+01,7.768165e+00,-5.905184e-01,1.685926e-01
9.981302e+00,4.411143e+00,9.318095e+00,7.464605e+00,-1.315354e+00,-4.356237e-01
4.422368e+00,3.951549e+00,6.449322e+00,6.629410e+00,-2.146010e+00,-1.728844e+00
-4.919063e-01,8.182247e+00,4.644376e+00,5.774199e+00,-2.634787e+00,-1.895556e+00
-8.282893e+00,6.353953e+00,4.196682e+00,4.224987e+00,-2.388013e+00,-1.282282e+00
-7.524214e+00,-1.197898e+00,-1.865672e+00,2.772754e+00,-1.045452e+00,-7.017974e-01
1.064455e+01,1.367871e+00,-6.275132e+00,-5.339579e-02,-1.157669e+00,-1.881856e-01
1.284821e+01,3.573943e+00,-3.175302e+00,-1.373490e+00,-2.834362e+00,-5.393268e-01
9.837349e-01,4.973509e+00,5.746086e+00,-2.773145e+00,-4.229274e+00,-1.010744e+00
6.361188e-01,6.632724e+00,7.484087e+00,-3.186928e+00,-3.798598e+00,-7.893819e-01
-1.199580e+01,3.283273e+00,1.023597e+01,-4.595862e+00,-2.913121e+00,-8.486197e-01
-3.815273e+01,2.910479e+01,1.439557e+01,-3.927913e+00,2.351593e+00,1.242640e+00
1.632544e+01,1.536557e+01,6.855802e+00,-2.284331e+00,6.744007e+00,1.905646e+00
2.389669e+01,1.481137e+01,1.029835e+01,-2.446701e+00,4.981734e+00,8.398188e-01
1.168386e+01,4.589777e+00,8.129972e+00,-2.193545e+00,-8.175834e-01,-7.790764e-01
4.207548e+00,8.708626e+00,8.467430e+00,-1.955241e+00,-2.554559e+00,-1.092962e+00
-1.056512e+01,1.463229e+01,7.693061e+00,-1.498289e+00,-1.701826e+00,-5.817648e-01
-7.413598e+00,1.021143e+01,4.876086e+00,-1.366506e+00,-1.987505e-01,-1.072360e-01
4.221899e+00,7.843035e+00,3.684678e+00,-1.503938e+00,5.140898e-01,-7.094654e-02
6.400896e+00,7.201265e+00,3.304552e+00,-1.654070e+00,-2.077427e-01,-2.586225e-01
-4.902012e-01,6.100831e+00,6.450965e+00,-1.670106e+00,-1.664388e+00,-6.520671e-01
-3.619151e+00,5.285106e+00,8.861789e+00,-1.507918e+00,-1.577832e+00,-6.711673e-01
-2.837041e+00,4.156475e+00,5.972242e+00,-1.418925e+00,-7.722809e-01,-4.418331e-01
-2.153367e+00,7.760838e+00,4.836030e+00,-1.449771e+00,-4.735433e-01,-2.553958e-01
-5.245049e-01,9.292688e+00,1.641381e+00,-1.839554e+00,-2.700241e-01,-8.537961e-02
1.893724e+00,1.067458e+01,-1.990194e+00,-2.318569e+00,-3.549455e-01,-1.119264e-01
6.870094e+00,1.248858e+01,-1.140804e+00,-3.322920e+00,-9.699046e-01,-6.147594e-01
1.012680e+01,1.362679e+01,5.661154e-01,-3.926822e+00,-1.699261e+00,-1.054103e+00
3.188922e+00,2.386967e+01,1.762906e+01,-3.770828e+00,-3.756311e+00,-2.018045e+00
-1.693205e+00,8.168365e+00,1.865553e+01,-2.825093e+00,-3.506222e+00,-2.258107e+00
1.919762e+00,6.777745e+00,1.722014e+01,-1.522667e+00,-1.807737e+00,-2.410397e+00
4.197184e+00,1.024355e+01,1.012417e+01,1.142886e-01,-1.051091e+00,-2.874749e+00
5.278256e+00,1.267630e+00,9.295469e+00,2.742140e+00,-4.049257e-01,-3.942969e+00
5.499855e+00,7.288158e-01,6.847977e+00,3.832847e+00,-8.431985e-02,-3.796186e+00
3.750341e+00,3.141068e+00,8.333709e+00,4.946373e+00,4.292839e-01,-3.741773e+00
3.862301e+00,3.618259e+00,9.367197e+00,5.646777e+00,9.731637e-01,-3.505244e+00
1.444656e+01,5.494348e+00,9.842648e+00,6.936505e+00,2.862439e-01,-2.538377e+00
2.386458e+01,7.061308e+00,9.170847e+00,6.913400e+00,-2.196039e+00,-2.023981e+00
7.377591e+00,1.924190e+00,1.098579e+01,6.116475e+00,-6.453624e+00,-3.555864e+00
-7.590840e-01,4.073902e-01,1.058226e+01,5.471611e+00,-6.567046e+00,-3.825863e+00
-1.088293e+01,7.260396e+00,9.093140e+00,3.802967e+00,-4.028556e+00,-2.632874e+00
-6.606994e+00,1.251844e+00,2.296695e+00,2.960486e+00,-2.130412e+00,-1.385028e+00
-1.544989e+00,-4.652212e+00,-1.545915e+00,3.823649e-01,-7.114867e-01,1.716675e-01
1.620048e+00,3.099046e-01,6.140463e-01,-1.245371e+00,-2.756616e-01,7.021064e-01
-1.416925e+00,3.103286e+01,3.150926e+00,-1.583985e+00,-6.529235e-01,-1.098271e-01
-1.255113e+01,1.929213e+01,8.405217e+00,-1.620642e+00,3.016622e-01,9.614982e-02
4.074714e+00,3.725857e-01,1.063071e+01,-1.918138e+00,1.182717e+00,7.311835e-01
2.334569e+00,9.950123e+00,9.396690e+00,-1.660018e+00,1.015533e+00,2.281289e-01
1.102716e+00,1.412808e+01,7.606924e+00,-8.138690e-01,-3.872863e-01,2.218688e-01
-1.574565e-01,7.103420e+00,4.527111e+00,-6.642866e-01,-6.299252e-01,1.209639e-01
-1.312159e+00,1.040230e+01,4.609594e+00,-6.098545e-01,-3.407187e-01,1.601299e-01
9.798340e-01,1.031657e+01,4.169587e+00,-5.365716e-01,-3.534709e-01,9.903476e-02
9.805493e-01,7.276977e+00,3.106037e+00,-5.230199e-01,-1.426072e+00,-2.069291e-01
-1.509034e+00,7.941251e+00,2.976405e+00,-5.651657e-01,-1.705916e+00,-2.625828e-01
-3.015172e+00,8.750430e+00,3.037154e+00,-6.557103e-01,-1.345533e+00,-2.015470e-01
-2.706733e+00,8.587846e+00,3.154793e+00,-7.161407e-01,-9.919639e-01,-1.204656e-01
-1.518686e+00,8.078918e+00,1.182229e+00,-9.569227e-01,-4.560860e-01,5.388168e-02
-2.395473e-01,8.943365e+00,1.344185e+00,-1.070301e+00,-3.324018e-01,-4.821902e-03
1.584854e+00,8.387287e+00,2.761485e+00,-1.288762e+00,-7.545737e-01,-2.835490e-01
-5.218020e-01,7.044099e+00,2.145122e+00,-1.473714e+00,-9.827556e-01,-3.700606e-01
-2.972915e+00,8.187412e+00,3.274698e+00,-1.804079e+00,-1.005098e+00,-2.427286e-01
-2.759225e+00,8.460000e+00,4.919078e+00,-1.941648e+00,-7.422976e-01,-1.251208e-01
2.646701e+00,8.932988e+00,5.428052e+00,-2.089905e+00,-7.455758e-01,-2.852122e-01
4.708310e+00,8.066108e+00,5.270798e+00,-2.279001e+00,-1.288957e+00,-4.306729e-01
1.257040e+01,1.073755e+01,1.154972e+00,-3.023209e+00,-2.177653e+00,-6.919228e-01
1.974733e+01,2.301462e+01,-3.572585e+00,-4.292936e+00,-3.639434e+00,-1.006149e+00
8.714199e-01,1.515435e+01,7.730273e+00,-4.509231e+00,-6.667022e+00,-2.504723e+00
-6.650847e+00,1.740994e+01,1.642232e+01,-4.121070e+00,-5.567144e+00,-1.955201e+00
-8.081439e+00,6.747238e+00,1.811584e+01,-2.992886e+00,-2.581728e+00,-2.261555e+00
-4.457478e+00,7.593566e+00,1.474140e+01,-2.120212e+00,-1.156852e+00,-2.218347e+00
5.482040e+00,6.116103e+00,7.781187e+00,-5.258180e-02,5.536786e-01,-2.558180e+00
6.577470e+00,8.377991e+00,4.131834e+00,1.456450e+00,2.924598e-01,-3.167746e+00
4.367727e+00,4.977745e+00,6.856469e+00,3.155573e+00,5.659758e-01,-2.805228e+00
4.766622e+00,4.764094e+00,6.409038e+00,3.802612e+00,8.413436e-01,-2.665192e+00
2.826223e+00,4.739828e+00,9.262273e+00,5.036122e+00,1.548049e+00,-2.231746e+00
3.276514e+00,4.903030e+00,1.021515e+01,5.813326e+00,1.716754e+00,-1.838835e+00
1.181701e+01,6.049846e+00,1.032427e+01,6.756418e+00,7.472788e-01,-1.208791e+00
1.770633e+01,5.285911e+00,9.842204e+00,6.989499e+00,-1.101838e+00,-1.164893e+00
1.074527e+01,1.851575e+00,1.004288e+01,6.112874e+00,-4.739190e+00,-2.321958e+00
-5.918420e+00,1.330738e+00,8.907929e+00,4.835453e+00,-5.059640e+00,-2.672307e+00
-1.500721e+01,-1.884062e+00,4.333501e+00,2.747645e+00,-2.013450e+00,-1.676392e+00
-6.379576e+00,-4.147967e+00,7.877608e-01,5.023293e-01,9.102748e-01,1.289364e-01
4.137210e+00,1.544294e+01,-1.001265e+00,-1.890461e+00,1.481899e+00,1.027907e+00
9.283949e+00,3.042776e+01,-3.522083e+00,-2.721463e-01,1.495442e+00,1.057683e+00
-6.791548e-01,3.103204e+00,1.064927e+00,-1.166284e+00,5.025889e-01,3.444714e-01
-2.286342e+00,2.083267e+00,1.017820e+01,-1.852605e+00,6.486012e-01,4.178771e-01
7.252351e+00,1.506965e+01,7.327952e+00,-1.761802e+00,4.252097e-01,3.528577e-01
4.260251e+00,1.057956e+01,4.608375e+00,-1.159970e+00,-8.114427e-01,-1.338758e-01
-4.804367e+00,9.444125e+00,4.655197e+00,-1.049793e+00,-1.158327e+00,-1.492898e-01
-6.169892e+00,1.084398e+01,4.645187e+00,-9.213212e-01,-9.991640e-02,2.367756e-01
-5.112160e-01,8.986388e+00,3.194619e+00,-7.675542e-01,5.740335e-01,4.586210e-01
2.473277e+00,8.731638e+00,2.692542e+00,-7.416414e-01,5.024007e-01,5.002904e-01
1.849436e-01,9.006937e+00,2.246937e+00,-8.280908e-01,-3.233179e-01,3.293349e-01
-7.849471e-01,8.740798e+00,1.891995e+00,-9.043868e-01,-4.333910e-01,2.982632e-01
-3.988819e-02,7.503111e+00,1.150629e+00,-1.061988e+00,-2.435663e-01,2.808798e-01
6.386514e-01,7.608372e+00,8.629478e-01,-1.302534e+00,-1.890055e-01,2.920035e-01
-7.454402e-01,7.645439e+00,1.879080e+00,-1.671930e+00,-2.846259e-01,2.278331e-01
-2.418563e+00,6.900616e+00,2.688615e+00,-1.805999e+00,-1.910394e-01,2.460625e-01
7.630283e-01,6.922783e+00,1.457248e+00,-2.117482e+00,2.924406e-01,4.300286e-01
1.930377e+00,6.162392e+00,1.355215e+00,-2.379722e+00,4.181909e-01,4.173486e-01
2.936113e+00,5.874817e+00,3.882121e+00,-2.812240e+00,1.466463e-01,1.280459e-01
3.357904e+00,5.981222e+00,5.638998e+00,-2.926197e+00,-1.510120e-01,-3.795536e-03
2.183894e+00,3.685437e+00,6.556947e+00,-2.999750e+00,-8.222623e-01,-3.004613e-01
-1.618108e-01,6.593108e+00,6.801086e+00,-3.166989e+00,-1.192753e+00,-1.364128e-01
-7.623506e-01,4.044524e+00,8.857029e+00,-3.173659e+00,-1.174914e+00,-1.537190e-01
-1.658262e-01,4.411015e+00,8.362429e+00,-3.211830e+00,-1.089119e+00,-3.417910e-02
-1.711848e+00,7.623990e+00,8.716646e+00,-3.366395e+00,-1.208215e+00,3.590251e-01
1.516023e+00,1.042234e+01,8.315329e+00,-3.668181e+00,-9.140760e-01,9.522594e-01
4.649700e+00,1.194726e+01,1.282357e+01,-4.268828e+00,-7.180191e-01,1.704747e+00
2.310343e+00,9.044407e+00,1.526376e+01,-4.039599e+00,-9.630716e-01,1.947650e+00
-9.533089e-02,9.003498e+00,1.458111e+01,-3.106870e+00,-6.602956e-01,2.314922e+00
-9.321411e-01,5.524540e+00,1.231200e+01,-1.804024e+00,-3.389726e-01,2.471724e+00
-3.184996e+00,7.737817e-01,1.205572e+01,2.724168e-01,6.685650e-01,2.377442e+00
1.327637e-01,4.711754e+00,8.198886e+00,1.894868e+00,1.329869e+00,2.383644e+00
8.576923e+00,3.455937e+00,5.217764e+00,4.858627e+00,1.309072e+00,1.121351e+00
8.636713e+00,2.269584e+00,6.498456e+00,6.009685e+00,3.503308e-01,3.598820e-01
7.231800e+00,2.041565e+00,9.379590e+00,7.268291e+00,-1.585211e+00,-5.097472e-01
5.545663e+00,1.045164e+00,1.429010e+01,7.737556e+00,-2.167305e+00,-1.101666e+00
1.870922e+00,-7.581971e-02,1.354143e+01,7.916971e+00,-2.391757e+00,-1.624888e+00
3.963358e+00,-2.125674e+00,1.293647e+01,8.134861e+00,-1.875442e+00,-2.008637e+00
7.718064e-01,-5.761908e-01,1.096441e+01,6.696992e+00,-2.243549e+00,-2.408788e+00
-2.440476e+00,5.281332e+00,9.547967e+00,5.188639e+00,-2.280906e+00,-2.399879e+00
-4.022923e-01,-2.353945e+00,1.100628e+00,3.053366e+00,-1.966527e+00,-2.015574e+00
1.789128e+00,-6.339635e-01,-5.173319e-01,1.090261e+00,-2.178181e+00,-1.484576e+00
3.370723e+00,2.129161e+00,2.460563e-01,-1.770731e+00,-2.569609e+00,-9.807870e-01
1.771402e+00,-9.699032e-01,2.162764e+00,-2.969976e+00,-2.619162e+00,-7.679932e-01
-2.630550e+01,1.874494e+01,7.200283e+00,-3.622792e+00,-2.804426e+00,-8.268962e-01
-1.218829e+01,1.686839e+01,9.607263e+00,-3.585652e+00,1.296884e+00,7.941096e-01
-1.688866e+00,1.178737e+01,7.775938e+00,-1.620102e+00,4.599095e+00,4.224832e-01
2.355967e+01,3.890382e+01,3.706468e+00,-2.266152e+00,3.951476e+00,4.688132e-01
6.171803e+00,7.959014e-01,9.272136e+00,-2.740039e+00,1.070434e+00,2.512756e-02
9.844168e+00,-6.333637e-01,1.607991e+01,-2.904717e+00,-8.715980e-02,-8.536636e-01
1.322117e+00,4.440975e+00,8.796798e+00,-1.571494e+00,-3.717756e+00,-1.311991e+00
-1.234017e+01,1.433239e+01,8.206148e+00,-1.456533e+00,-3.887246e+00,-1.149308e+00
-1.177356e+01,6.694951e+00,7.468769e+00,-1.206030e+00,-9.736712e-01,-1.848381e-01
-4.980317e+00,3.604095e+00,7.226503e+00,-1.045228e+00,8.975720e-01,4.639688e-01
2.079727e+00,8.733057e+00,4.274720e+00,-1.033882e+00,1.707243e+00,9.442032e-01
4.144771e+00,8.107394e+00,3.542104e+00,-1.058527e+00,1.419951e+00,8.283495e-01
5.422268e+00,6.081855e+00,2.397732e+00,-1.463203e+00,6.633276e-01,3.568211e-01
5.087639e+00,9.347619e+00,3.110985e+00,-1.886667e+00,1.954617e-02,1.062496e-01
2.209802e+00,4.890032e+00,5.468213e+00,-2.153402e+00,-1.381893e+00,-5.550755e-01
-2.982223e+00,2.641515e+00,7.340157e+00,-2.319037e+00,-1.762385e+00,-5.382981e-01
-4.823965e+00,1.130604e+01,6.930264e+00,-2.651760e+00,-9.963591e-01,8.309863e-02
-1.812446e+00,9.551520e+00,7.465866e+00,-2.817231e+00,-2.656354e-01,3.453261e-01
5.483449e+00,8.461610e+00,6.712957e+00,-3.424885e+00,3.407590e-01,6.893651e-01
8.824041e+00,1.423449e+01,9.731677e+00,-3.963889e+00,-9.048720e-02,7.898192e-01
-5.549099e-01,1.735443e+01,1.751999e+01,-4.105093e+00,-1.791103e+00,6.818760e-01
-5.299925e+00,1.264804e+01,1.525764e+01,-3.160194e+00,-1.981517e+00,7.746766e-01
-5.289232e+00,7.771581e+00,6.854789e+00,-5.506966e-01,-4.595673e-01,7.471000e-01
-3.544883e+00,3.101880e+00,7.444869e+00,1.378062e+00,4.054618e-01,7.793786e-01
-1.131922e-01,1.023137e-01,4.226645e+00,4.363819e+00,1.169732e+00,7.911505e-01
1.184520e+00,1.503144e+00,1.035824e+01,6.270844e+00,1.401553e+00,4.779508e-01
6.580457e+00,1.308709e+00,1.086670e+01,7.750228e+00,9.390051e-01,8.005059e-01
1.080707e+01,5.163929e-01,1.287638e+01,8.172488e+00,1.800539e-01,7.700887e-01
1.040240e+01,-5.710652e+00,1.328171e+01,8.557263e+00,-1.963182e+00,-2.336539e-01
5.128093e+00,-6.195291e+00,1.282558e+01,8.157477e+00,-3.158467e+00,-1.299864e+00
-6.583130e+00,7.088433e+00,9.550505e+00,5.259435e+00,-2.685485e+00,-1.849055e+00
-1.536913e+01,5.548332e+00,8.519005e+00,4.012466e+00,-1.541286e+00,-1.941875e+00
3.630551e+00,-1.199777e+00,-1.982632e-02,1.707421e+00,1.192977e+00,-1.536374e-01
1.332857e+01,1.975045e+00,-9.245981e-01,-2.493178e-01,9.318236e-01,-1.101242e-01
1.176916e+01,6.641780e+00,3.080031e+00,-2.357523e+00,-2.400045e+00,-9.564712e-01
5.596544e+00,2.794123e+00,4.529059e+00,-2.951010e+00,-3.832637e+00,-1.207263e+00
-2.490740e+01,1.950040e+01,8.564850e+00,-3.156124e+00,-4.013620e+00,-9.911736e-01
-2.534957e+01,1.800319e+01,5.168423e+00,-2.735950e+00,-4.219858e-01,-3.283613e-01
-2.770602e+00,1.349099e+01,3.911320e+00,-1.680495e+00,5.334829e+00,1.407340e+00
1.709230e+01,1.752514e+01,6.217835e+00,-2.116070e+00,5.432902e+00,9.894074e-01
1.626448e+01,2.490603e+00,6.025430e+00,-2.387928e+00,2.192512e+00,2.766972e-01
1.138227e+01,6.815902e+00,8.752358e+00,-2.618637e+00,-2.251963e-01,-4.170764e-01
-3.738901e+00,9.474562e+00,1.005442e+01,-2.181985e+00,-3.483367e+00,-1.319749e+00
-1.635013e+01,1.243735e+01,9.622593e+00,-1.976774e+00,-3.169023e+00,-7.731181e-01
-9.579074e+00,4.588687e+00,6.879261e+00,-1.544402e+00,1.590528e-01,5.510834e-01
-8.126733e-01,4.880772e+00,7.013434e+00,-1.573480e+00,1.927164e+00,1.167912e+00
9.770312e+00,5.319074e+00,3.712909e+00,-1.579663e+00,2.308788e+00,1.183680e+00
1.224949e+01,8.055391e+00,1.165990e+00,-1.882177e+00,1.404494e+00,7.903910e-01
2.680793e+00,6.480333e+00,4.309508e+00,-2.283285e+00,-8.496419e-01,-3.749274e-01
-6.960035e-01,3.128644e+00,6.288011e+00,-2.493203e+00,-1.458872e+00,-5.304578e-01
-2.894052e-01,4.034503e+00,7.395561e+00,-2.976601e+00,-1.456083e+00,-2.572942e-01
-1.349120e+00,1.482277e+01,8.289394e+00,-3.383591e+00,-1.384171e+00,-1.830641e-02
-1.550946e+00,6.071420e+00,7.938265e+00,-3.756526e+00,-1.207008e+00,6.495163e-01
1.047110e+00,9.323850e+00,1.202240e+01,-4.211652e+00,-7.305611e-01,9.573104e-01
-1.115491e+00,1.640191e+01,1.911756e+01,-3.888956e+00,-9.364164e-01,1.532865e+00
-2.673895e+00,9.006512e+00,1.448832e+01,-2.600402e+00,-5.793443e-01,1.537884e+00
-3.820677e+00,1.093600e+00,1.098688e+01,-8.301806e-01,3.487847e-01,1.741784e+00
-2.076411e+00,3.587564e+00,8.162565e+00,1.732723e-01,9.590247e-01,1.802311e+00
2.074643e+00,2.709247e+00,6.676110e+00,4.528385e+00,1.450882e+00,1.508858e+00
3.661045e+00,9.901093e-01,6.583690e+00,5.921991e+00,1.332453e+00,1.044215e+00
7.118628e+00,1.107758e+00,1.078564e+01,7.206751e+00,3.803898e-01,9.236997e-01
8.767575e+00,-6.278087e-01,1.196970e+01,7.911438e+00,-5.065341e-01,7.198149e-01
8.740466e+00,-3.009199e+00,1.341425e+01,8.199826e+00,-2.345146e+00,-3.929437e-01
3.346275e+00,-4.915569e+00,1.352349e+01,7.865668e+00,-2.789785e+00,-1.248072e+00
-4.492049e+00,5.682217e+00,1.063410e+01,6.368587e+00,-2.031125e+00,-1.566914e+00
-5.480143e+00,8.630696e+00,8.742905e+00,5.406412e+00,-1.020377e+00,-1.534566e+00
5.629620e-01,3.784764e+00,1.462354e+00,3.462931e+00,5.275124e-01,-7.729622e-01
2.825767e+00,3.318982e+00,-4.339125e-01,2.136620e+00,2.834468e-01,-4.262427e-01
7.262941e-01,4.650792e+00,-6.792085e-01,3.268975e-01,-3.653930e-01,-3.281990e-01
-4.552931e-01,5.674707e+00,4.745766e-01,-6.146880e-01,-4.009882e-01,-1.372232e-01
2.660230e+00,8.138525e+00,2.374286e+00,-1.759140e+00,1.196217e-01,2.182022e-01
4.236476e+00,8.576001e+00,2.784825e+00,-2.072965e+00,7.500466e-02,2.079617e-01
-1.622330e+00,1.060245e+01,4.488525e+00,-2.837059e+00,-6.800693e-01,-3.266052e-01
-6.455535e+00,1.118095e+01,5.259729e+00,-2.745739e+00,-8.922757e-01,-3.708226e-01
-4.422167e+00,2.145851e+01,-1.475370e+00,-2.048438e+00,1.122154e+00,2.857141e-02
-1.039736e+01,8.294535e+00,9.040081e+00,-1.512902e+00,1.342553e+00,-4.654680e-01
7.932582e+00,1.551860e+01,-4.239822e+00,-2.333064e+00,2.327631e+00,1.599832e-01
1.097797e+01,2.789038e+01,5.129751e+00,-2.568606e+00,2.288266e+00,9.263112e-01
3.877045e+00,-4.168548e+00,1.019042e+01,-2.378889e+00,7.920345e-01,-9.150111e-01
7.928329e+00,-1.257702e+00,6.026901e+00,-2.500098e+00,-4.396706e-01,-2.920153e-01
-1.789393e+00,1.114382e+01,9.127697e+00,-2.259804e+00,-1.981629e+00,-1.009473e+00
-5.517480e+00,1.253950e+01,8.269576e+00,-2.185565e+00,-1.854592e+00,-6.413158e-01
-2.887104e+00,4.553676e+00,6.002382e+00,-1.764636e+00,-3.557314e-02,-3.006078e-01
-8.887690e-01,5.200505e+00,6.493312e+00,-1.862262e+00,4.337650e-01,-1.159223e-01
2.980495e+00,7.197275e+00,4.258043e+00,-2.109646e+00,3.409965e-01,2.531238e-04
3.218498e+00,5.408773e+00,5.354542e+00,-2.159240e+00,4.481212e-02,-2.660198e-01
-4.412679e-01,9.815028e+00,8.090094e+00,-2.637944e+00,-9.383744e-01,-4.966073e-01
-1.645651e+00,7.890737e+00,7.501063e+00,-2.698874e+00,-1.124255e+00,-4.565648e-01
1.887581e+00,8.358065e+00,7.529516e+00,-3.128061e+00,-6.414213e-01,2.871378e-01
3.932123e+00,9.730337e+00,7.998086e+00,-3.408659e+00,-4.312029e-01,5.680236e-01
3.190001e+00,1.298127e+01,1.149027e+01,-3.757785e+00,-7.669937e-01,6.540872e-01
-2.060328e-01,1.491755e+01,1.479817e+01,-3.603605e+00,-1.376948e+00,7.147743e-01
-6.890360e+00,8.756537e+00,1.239690e+01,-2.240543e+00,-6.074414e-01,1.210008e+00
-4.987834e+00,5.640592e+00,8.365052e+00,-1.440153e+00,2.777940e-01,1.475416e+00
-4.641601e-01,-2.351470e+00,7.858855e+00,1.159658e+00,1.365568e+00,1.484031e+00
3.914501e+00,1.880747e+00,3.467799e+00,2.945671e+00,1.156518e+00,1.673255e+00
2.832662e+00,2.399521e+00,8.733538e+00,5.449043e+00,3.866078e-02,9.401499e-01
4.307295e+00,2.644422e+00,1.009755e+01,6.345415e+00,-5.554630e-01,8.333343e-01
6.310673e+00,7.933298e-02,1.304837e+01,7.739672e+00,-1.511704e+00,3.531122e-01
4.922165e+00,-3.893395e+00,1.339713e+01,8.203806e+00,-1.963618e+00,-2.281363e-01
2.584339e+00,-4.205574e+00,1.319234e+01,8.123333e+00,-1.798422e+00,-1.023220e+00
3.476890e+00,1.510185e+00,1.017607e+01,7.306009e+00,-1.102374e+00,-1.339263e+00
-3.512098e+00,8.708472e+00,7.978063e+00,5.244122e+00,-6.605485e-01,-1.644318e+00
-7.239888e+00,4.952846e+00,5.033070e+00,3.916622e+00,-4.586603e-01,-1.565616e+00
1.889042e+00,-1.189443e-01,1.943358e-01,1.177104e+00,6.450337e-01,-4.577074e-01
1.054135e+01,3.281291e+00,-3.096203e-01,-5.585266e-01,-7.040306e-02,-5.573214e-01
8.595522e+00,4.313422e+00,1.433743e+00,-2.209389e+00,-2.547491e+00,-1.069138e+00
-2.987034e-02,6.813429e+00,1.034385e+00,-2.911485e+00,-3.463101e+00,-1.208140e+00
-1.701511e+01,2.340225e+01,2.266332e+00,-3.264441e+00,-1.712928e+00,-1.446848e-01
-2.096805e+01,2.478755e+01,3.639438e+00,-1.946075e+00,2.069431e+00,8.082398e-01
-3.430443e+00,9.225618e+00,8.042484e+00,-1.683750e+00,5.209309e+00,1.041412e+00
1.703497e+01,8.375828e+00,2.654205e+00,-2.173628e+00,5.634121e+00,1.127638e+00
1.762802e+01,1.793728e+01,3.239033e+00,-2.573742e+00,1.771385e+00,5.295261e-01
6.881177e+00,6.337658e+00,9.922510e+00,-2.468946e+00,-3.019749e-01,-4.987490e-01
2.924174e+00,2.709061e+00,7.033263e+00,-2.307525e+00,-1.586274e+00,-7.115320e-01
-5.766177e-01,9.508971e+00,8.789480e+00,-2.183599e+00,-1.797024e+00,-7.695994e-01
-5.598007e+00,9.364270e+00,7.781610e+00,-1.687702e+00,-1.127868e+00,-5.237336e-01
-2.604536e+00,4.274258e+00,6.181240e+00,-1.496238e+00,-1.356028e-01,-2.038448e-01
9.259658e-01,6.589223e+00,6.360300e+00,-1.469934e+00,4.322996e-01,-8.677715e-02
1.716700e+00,7.804646e+00,5.313995e+00,-1.508878e+00,3.211455e-01,-9.221667e-02
2.781214e+00,4.398219e+00,3.048219e+00,-1.841340e+00,-2.753877e-01,-2.876869e-01
1.554842e+00,5.190344e+00,3.484287e+00,-2.156268e+00,-6.946868e-01,-4.101983e-01
-3.782778e+00,8.545212e+00,7.432663e+00,-2.471317e+00,-1.102167e+00,-4.301721e-01
-3.822829e+00,6.349279e+00,7.536412e+00,-2.542582e+00,-1.073535e+00,-2.324338e-01
-4.170473e-01,9.627958e+00,6.684414e+00,-2.887772e+00,-6.535503e-01,4.051753e-01
2.684739e+00,1.228912e+01,6.967257e+00,-3.327579e+00,-3.440963e-01,8.387265e-01
4.255327e+00,1.398926e+01,1.173666e+01,-4.089636e+00,-3.309484e-01,1.108211e+00
2.375861e+00,1.228522e+01,1.406136e+01,-3.837846e+00,-7.527132e-01,8.788282e-01
-1.211956e+00,7.074486e+00,1.248725e+01,-2.419501e+00,-7.301383e-01,6.634653e-01
-2.182843e+00,6.884447e+00,6.367815e+00,-1.346073e+00,-3.871008e-01,6.298570e-01
-5.131139e+00,-2.385783e+00,1.148175e+01,1.978121e+00,1.645095e-01,7.945776e-01
2.713226e-01,1.970138e-01,5.480926e-01,3.689622e+00,8.201338e-01,1.192592e+00
2.583157e+00,3.055697e+00,9.651267e+00,5.704050e+00,1.020744e+00,7.314875e-01
3.884407e+00,2.020799e+00,1.032128e+01,6.482826e+00,7.202585e-01,8.297002e-01
6.268760e+00,8.644297e-01,1.281970e+01,7.572658e+00,-1.443105e-01,8.245489e-01
6.069630e+00,4.981269e-01,1.488705e+01,8.046717e+00,-9.607078e-01,4.702926e-01
5.008690e+00,6.431229e-01,1.232674e+01,7.987288e+00,-1.227038e+00,-6.044831e-01
3.812482e+00,4.523205e+00,1.120105e+01,7.085945e+00,-1.333837e+00,-1.028284e+00
-5.220744e+00,6.137217e+00,6.783005e+00,5.237479e+00,-1.398557e+00,-1.477368e+00
-3.890868e+00,2.321722e+00,3.303300e+00,3.944394e+00,-6.117229e-01,-1.373160e+00
4.780597e+00,6.706619e-01,-1.172566e+00,1.356704e+00,-3.742874e-01,-8.732598e-01
5.956678e+00,2.552185e+00,-1.776491e+00,-2.859211e-01,-1.419899e+00,-8.663114e-01
-4.338196e-01,4.727216e+00,1.907734e+00,-1.961271e+00,-2.386524e+00,-8.582067e-01
-4.821228e-01,3.895831e+00,3.394438e+00,-2.736678e+00,-1.948111e+00,-5.813639e-01
-1.796214e+01,8.803439e+00,7.825397e+00,-3.021800e+00,-1.210326e+00,-3.157561e-01
-1.552543e+01,1.847019e+01,1.302642e+00,-3.184714e+00,1.562292e+00,8.488521e-01
-2.544665e+00,1.288779e+01,9.246758e+00,-1.937342e+00,3.904500e+00,1.135887e+00
9.268421e+00,6.569849e+00,1.017234e+01,-2.000604e+00,3.899622e+00,9.100204e-02
1.619492e+01,1.537661e+01,-2.846070e+00,-2.236515e+00,1.223424e+00,2.193699e-01
8.368656e+00,2.139450e+01,6.457764e+00,-2.287388e+00,-1.136462e-01,-1.043618e-01
-6.882173e-01,7.825129e-01,9.878365e+00,-2.375771e+00,-1.230799e+00,-8.624110e-01
-1.702656e+00,3.140194e+00,8.435918e+00,-2.049950e+00,-1.580944e+00,-6.412252e-01
-3.966964e+00,1.325154e+01,6.912736e+00,-1.675219e+00,-1.132053e+00,-4.051183e-01
-5.546456e+00,1.201620e+01,5.659349e+00,-1.476694e+00,-3.434438e-01,-1.091225e-01
4.680779e-01,5.098288e+00,4.713234e+00,-1.560258e+00,7.156583e-01,1.251347e-01
4.317518e+00,5.267799e+00,4.339180e+00,-1.624355e+00,7.408492e-01,4.338185e-02
2.159156e+00,8.805650e+00,2.403113e+00,-2.106614e+00,-1.867775e-01,-2.027730e-01
3.096213e-01,6.227398e+00,4.853787e+00,-2.294094e+00,-6.251562e-01,-4.610518e-01
-1.502890e-01,4.565578e+00,5.725260e+00,-2.692356e+00,-8.759331e-01,-5.189445e-01
-1.856054e+00,1.028823e+01,5.948989e+00,-3.019358e+00,-1.067726e+00,-3.576560e-01
-2.718808e+00,8.328630e+00,7.431132e+00,-3.390794e+00,-9.183108e-01,1.071834e-01
2.279094e+00,6.097517e+00,6.350195e+00,-3.705299e+00,-4.166709e-01,3.948341e-01
5.943450e+00,1.494473e+01,1.063442e+01,-4.335329e+00,-6.676668e-01,5.850204e-01
2.079594e+00,1.437440e+01,1.391597e+01,-4.277659e+00,-1.417632e+00,5.963440e-01
-5.877064e+00,1.019308e+01,1.315499e+01,-3.058810e+00,-1.439599e+00,8.275529e-01
-6.722229e+00,8.010488e+00,1.190920e+01,-2.081021e+00,-4.983723e-01,1.069397e+00
2.216563e-01,6.580565e+00,6.458030e+00,5.534713e-01,8.709451e-01,1.011703e+00
2.907201e+00,-4.103119e+00,1.029117e+01,1.899291e+00,1.172067e+00,9.876303e-01
6.893755e+00,6.977936e+00,6.274582e+00,4.075275e+00,6.014785e-01,5.474791e-01
4.843612e+00,6.392283e+00,9.965376e+00,5.487189e+00,-2.316613e-01,-4.005599e-01
3.314878e+00,6.669396e+00,1.131074e+01,6.807193e+00,-6.500073e-01,-4.394435e-01
4.238498e+00,5.468179e+00,1.118453e+01,7.397466e+00,-5.549578e-01,-4.822025e-01
3.510769e+00,6.563846e+00,1.225038e+01,8.089056e+00,-5.068409e-01,-7.293902e-01
6.058200e+00,5.567341e+00,1.487406e+01,8.581611e+00,-5.002701e-01,-1.003743e+00
4.437136e+00,1.274491e+01,1.209840e+01,8.093014e+00,-1.485427e+00,-9.109235e-01
4.915498e+00,1.450714e+01,1.166285e+01,8.026047e+00,-2.335711e+00,-6.708851e-01
-1.423813e+01,-6.539317e+00,-1.710457e+00,5.964142e+00,-2.605591e+00,-1.399665e+00
-1.046592e+01,-1.843199e+01,-1.108077e+01,2.994673e+00,-9.019493e-01,-8.786023e-01
8.372051e-01,-6.956377e+00,1.121591e-01,-3.111120e+00,-5.312443e-01,5.777249e-02
1.357199e-01,-6.985665e+00,1.183967e+01,-4.984992e+00,-2.005477e-01,2.579946e-01
-1.317834e+01,3.802907e+01,2.429290e+01,-7.350480e+00,1.866954e+00,4.616028e-01
-3.262773e+00,2.941580e+01,2.002745e+01,-4.049363e+00,4.380794e+00,1.229562e+00
1.513544e+01,7.376865e+00,1.435397e+01,-2.938202e+00,5.008045e+00,1.053726e+00
2.530514e+01,1.639817e+01,1.132130e+01,-2.620259e+00,3.414743e+00,7.586282e-01
5.274537e+00,6.579703e+00,1.066729e+01,-2.108032e+00,-1.855083e+00,-7.266393e-01
-8.493863e+00,9.688076e+00,1.235244e+01,-1.806896e+00,-3.284303e+00,-1.049711e+00
-1.263997e+01,1.076302e+01,1.040142e+01,-8.835192e-01,-1.408321e+00,-2.168909e-01
-4.992912e+00,1.158962e+01,7.229577e+00,-5.771436e-01,7.225613e-01,3.454965e-01
7.701535e+00,9.172650e+00,3.296854e+00,-3.772329e-01,1.273382e+00,4.457766e-01
7.735608e+00,7.038823e+00,7.232318e-01,-5.054086e-01,3.636959e-01,1.822631e-01
2.370412e+00,6.564199e+00,-1.062112e+00,-1.169097e+00,-1.468029e+00,-3.168016e-01
-3.367005e+00,7.635498e+00,-3.410014e-01,-1.558867e+00,-1.862768e+00,-3.705276e-01
-1.513556e+00,9.949339e+00,-2.918570e+00,-2.244512e+00,-1.393530e+00,-1.148519e-01
1.379240e+00,9.455789e+00,-3.825017e+00,-2.882816e+00,-1.154065e+00,1.482528e-02
7.202433e+00,9.098257e+00,-4.443132e+00,-3.726702e+00,-1.477474e+00,1.528750e-02
5.109371e+00,1.166003e+01,-2.826476e+00,-4.433700e+00,-2.613365e+00,-1.149226e-01
-7.235416e+00,2.280500e+01,1.359603e+01,-4.852782e+00,-4.416789e+00,-6.298874e-01
-1.667366e+01,3.014074e+01,2.049536e+01,-3.623870e+00,-2.892111e+00,-4.714212e-01
-7.342999e+00,6.857022e+00,1.847015e+01,-1.548121e+00,1.165346e+00,7.407290e-01
4.132477e-01,1.254712e+01,1.733860e+01,-9.560642e-01,3.278893e+00,8.119321e-01
8.541415e+00,1.117285e+01,1.747512e+01,2.326894e+00,3.884267e+00,7.365964e-01
1.240445e+01,6.754003e+00,1.249794e+01,4.078636e+00,3.677306e+00,2.103194e-01
1.632323e+01,1.106850e+00,8.342125e+00,5.284913e+00,2.177261e+00,-7.816990e-01
1.474098e+01,2.449653e+00,7.321532e+00,5.996528e+00,4.822158e-01,-1.225286e+00
9.018507e+00,3.637134e+00,1.032244e+01,6.583359e+00,-1.596904e+00,-1.584343e+00
3.926770e+00,2.813705e+00,1.170666e+01,6.724749e+00,-1.958095e+00,-1.553961e+00
-2.383994e+00,3.791981e+00,1.161616e+01,6.894403e+00,-1.272245e+00,-1.071429e+00
-1.724097e+00,5.650993e+00,1.061862e+01,6.944161e+00,-3.410472e-01,-5.442841e-01
-1.039857e+00,6.323594e+00,8.738271e+00,6.086751e+00,8.840707e-01,2.504999e-01
-9.729272e-01,1.038782e+00,4.503989e+00,4.910957e+00,1.465465e+00,4.239917e-01
-3.692795e-02,-3.883824e+00,2.159607e+00,2.244332e+00,1.619966e+00,6.989782e-01
1.355117e+00,-3.589951e+00,2.534016e+00,1.670079e-03,1.440017e+00,8.094459e-01
2.708467e+00,4.947424e-01,8.192984e+00,-3.424624e+00,3.021244e-01,5.977822e-02
4.338009e+00,2.684952e+01,6.224278e+00,-2.985190e+00,-1.973912e-01,1.004708e-01
-6.976022e+00,5.196534e+00,4.990753e+00,-1.579676e+00,-1.304501e+00,-1.087051e+00
-8.819857e+00,7.174398e-01,1.107881e+01,-2.794658e+00,-2.906099e-01,-2.827062e-01
-1.362040e-01,8.551940e+00,9.687490e+00,-2.393497e+00,2.239441e+00,5.542852e-01
-2.519657e+00,1.559261e+01,1.076269e+01,-2.121879e+00,1.615541e+00,-9.540089e-02
4.593886e+00,5.786044e+00,5.749902e+00,-1.412618e+00,6.881607e-01,1.203670e-01
1.829783e+00,8.606355e+00,4.648850e+00,-1.511297e+00,2.644397e-01,-2.177192e-02
3.318157e-01,1.046544e+01,4.665637e+00,-1.362740e+00,4.404597e-01,-4.472480e-02
1.751084e+00,1.001165e+01,4.348595e+00,-1.342644e+00,3.404520e-01,-7.377503e-02
1.557784e+00,8.697947e+00,3.901027e+00,-1.245781e+00,-2.844667e-01,-2.713390e-01
1.653996e+00,1.006553e+01,3.537749e+00,-1.266866e+00,-5.058287e-01,-2.817322e-01
-9.488985e-01,9.760806e+00,2.833105e+00,-1.190007e+00,-9.117646e-01,-4.089985e-01
-1.914098e+00,9.297339e+00,2.485504e+00,-1.287531e+00,-9.972887e-01,-4.293712e-01
-6.992808e-01,8.223882e+00,3.080696e+00,-1.450629e+00,-7.476332e-01,-2.806582e-01
1.081469e+00,8.674747e+00,3.392709e+00,-1.616546e+00,-5.164090e-01,-8.466947e-02
2.404302e+00,9.061393e+00,1.407437e+00,-1.862391e+00,-5.789054e-01,2.506861e-02
1.935306e+00,8.169337e+00,-1.124847e+00,-2.150858e+00,-8.883063e-01,4.712513e-02
1.977147e+00,1.024554e+01,-2.102078e+00,-3.004092e+00,-1.367270e+00,8.708444e-02
2.654191e+00,1.062303e+01,-1.377646e+00,-3.497098e+00,-1.584488e+00,1.046337e-01
8.017968e+00,1.579142e+01,-4.800097e+00,-4.352779e+00,-2.562179e+00,1.544309e-01
-2.572989e+00,1.882132e+01,3.427667e+00,-4.635292e+00,-4.042792e+00,-6.607100e-02
-9.256794e+00,2.005285e+01,1.435407e+01,-4.357687e+00,-3.457794e+00,-6.315316e-02
-1.113124e+01,2.138086e+01,1.297162e+01,-3.537540e+00,-1.976229e+00,-3.465369e-02
7.622452e-01,3.866584e+00,1.601871e+01,-8.152516e-01,1.463320e+00,-1.222014e-02
5.833223e+00,9.974205e+00,9.167558e+00,-1.815462e-01,2.070743e+00,-1.516776e-01
7.396041e+00,9.397358e+00,1.102364e+01,2.254364e+00,1.441491e+00,-6.704949e-01
4.144448e+00,3.687765e+00,9.197193e+00,3.338493e+00,1.009616e+00,-7.819070e-01
2.162986e+00,3.123230e+00,8.922393e+00,4.713232e+00,1.031219e+00,-1.182367e+00
8.954803e-01,4.015160e+00,1.106565e+01,5.615332e+00,1.387505e+00,-1.134250e+00
2.554624e+00,4.241963e+00,1.242110e+01,6.966570e+00,2.042853e+00,-7.968848e-01
5.706976e+00,3.974374e+00,1.373579e+01,7.644960e+00,1.799434e+00,-4.119919e-01
9.601363e+00,9.363408e+00,1.139567e+01,7.986739e+00,1.663882e-01,-1.194591e-01
5.502380e+00,5.762621e+00,8.641489e+00,7.732122e+00,-4.012847e-01,-7.558663e-01
-9.828839e+00,-1.441648e+00,7.218580e+00,4.973673e+00,-1.284974e-02,-1.035360e+00
-1.174428e+01,-6.356233e+00,6.961648e+00,2.772998e+00,2.093573e+00,4.850565e-02
1.211567e+00,-1.084503e+01,5.798436e+00,-1.807173e+00,3.316005e+00,9.012207e-01
5.648872e+00,1.459717e+00,6.882243e+00,-3.678125e+00,2.842749e+00,7.185040e-01
1.996135e+01,3.173353e+01,3.383394e+00,-1.570162e+00,1.245229e+00,2.767940e-01
-4.495072e+00,6.811190e-01,7.276955e+00,-2.623024e+00,-6.186399e-01,-1.051634e+00
-3.978273e+00,4.585355e+00,1.655737e+01,-3.521042e+00,1.074475e+00,6.471704e-02
4.646499e+00,2.106215e+01,1.077646e+01,-2.845268e+00,1.684464e+00,1.746913e-01
8.768492e-01,4.604047e+00,7.194905e+00,-1.515147e+00,3.924657e-01,-1.120386e-01
-1.433867e+00,6.788858e+00,7.511252e+00,-1.565419e+00,5.746251e-01,7.486292e-02
2.591361e+00,1.096128e+01,5.070826e+00,-1.154778e+00,2.161100e-01,-1.641945e-01
5.769340e-01,1.055867e+01,4.205714e+00,-1.143756e+00,-8.245761e-02,-2.373147e-01
-4.551927e-01,9.734087e+00,2.989331e+00,-1.014738e+00,-3.204969e-01,-2.076370e-01
-5.889089e-01,1.049700e+01,2.276175e+00,-1.065118e+00,-4.121963e-01,-2.640673e-01
1.892382e+00,8.050000e+00,2.088158e+00,-1.240240e+00,-7.146929e-01,-3.522523e-01
1.151549e+00,8.053204e+00,1.898932e+00,-1.410133e+00,-9.941815e-01,-4.007148e-01
-1.161167e-01,8.457588e+00,2.103413e+00,-1.729227e+00,-1.155785e+00,-3.805246e-01
4.446801e-01,7.830706e+00,1.548324e+00,-1.899979e+00,-1.125561e+00,-2.944498e-01
1.187961e+00,7.645542e+00,-6.960516e-01,-2.472120e+00,-1.219742e+00,-1.851821e-01
1.325978e+00,8.236597e+00,1.714412e-01,-2.860570e+00,-1.380390e+00,-1.783769e-01
1.752643e+00,1.009898e+01,9.836629e-01,-3.377710e+00,-1.675777e+00,-1.517866e-01
2.734936e+00,1.213180e+01,-1.578411e+00,-3.751236e+00,-1.931229e+00,-3.007905e-02
1.516150e+00,1.962251e+01,4.494852e-01,-4.397870e+00,-2.941462e+00,-1.995690e-01
-1.425489e+00,1.755030e+01,9.906619e+00,-4.445825e+00,-3.544988e+00,-4.278786e-01
-4.803386e+00,1.903991e+01,1.429665e+01,-3.305707e+00,-2.179480e+00,-1.063318e+00
-3.701336e+00,1.289675e+01,1.563801e+01,-1.626697e+00,-1.059814e+00,-1.122405e+00
4.518660e+00,1.052541e+01,7.989496e+00,-7.114775e-01,3.019372e-01,-1.085137e+00
2.789794e+00,1.135963e+01,9.811132e+00,5.921001e-01,5.565701e-01,-1.088987e+00
8.012803e-02,5.723879e+00,1.032934e+01,2.809701e+00,1.414161e+00,-8.285484e-01
8.103582e-01,4.302263e+00,9.841174e+00,3.727029e+00,2.098245e+00,-7.509308e-01
3.101168e+00,4.226809e+00,1.105234e+01,5.347235e+00,2.910930e+00,-4.028447e-01
4.896175e+00,3.270725e+00,1.090722e+01,6.230623e+00,2.957893e+00,-1.129752e-01
8.581308e+00,2.741047e+00,1.106476e+01,7.370671e+00,1.970489e+00,2.956633e-01
1.050707e+01,3.467709e+00,1.258612e+01,7.716660e+00,1.010653e+00,3.386508e-01
7.846520e+00,9.470718e+00,1.039766e+01,7.884020e+00,-8.306096e-01,-2.093718e-01
2.356368e+00,6.613599e+00,8.474122e+00,7.189249e+00,-8.676187e-01,-1.064705e+00
-1.640191e+01,-1.944102e-01,9.844761e+00,4.282347e+00,8.565543e-01,-6.443044e-01
-8.231782e+00,-9.938404e+00,-3.366988e-01,1.988555e+00,2.725241e+00,7.315430e-01
2.868905e+00,-4.200027e+00,5.129714e+00,-2.584803e+00,2.968355e+00,6.451149e-01
1.184052e+01,2.789747e+01,2.648342e+00,-3.673384e+00,2.126962e+00,7.018140e-01
1.282776e+00,6.085944e+00,4.418859e+00,-2.405761e+00,-1.157309e+00,-1.572741e+00
-8.201874e+00,-6.471752e+00,1.110804e+01,-3.414304e+00,-8.942090e-01,-3.990304e-01
-1.007000e+01,7.738938e+00,1.598811e+01,-3.018707e+00,1.019792e+00,5.842812e-03
3.324242e-01,2.032440e+01,1.144796e+01,-2.235375e+00,1.986497e+00,6.110355e-02
5.428369e+00,6.437319e+00,5.289932e+00,-1.460054e+00,1.272643e+00,2.230859e-01
2.573494e+00,7.063315e+00,4.722329e+00,-1.512823e+00,8.218907e-01,-1.827333e-02
3.460418e+00,1.160969e+01,4.667200e+00,-1.367361e+00,-2.647644e-01,-3.216268e-01
1.417208e-01,8.978892e+00,4.543586e+00,-1.329376e+00,-8.212201e-01,-5.410795e-01
-7.360901e-01,1.048849e+01,4.287747e+00,-1.292334e+00,-8.433083e-01,-4.285036e-01
-8.737811e-01,1.088191e+01,3.496749e+00,-1.237082e+00,-7.877565e-01,-4.538210e-01
-2.208624e-01,8.995380e+00,2.212690e+00,-1.309526e+00,-8.434511e-01,-4.309933e-01
2.302731e-01,7.915707e+00,1.857717e+00,-1.471600e+00,-9.331173e-01,-3.720592e-01
-3.740102e-01,7.849239e+00,2.746853e+00,-1.716931e+00,-9.214260e-01,-2.568352e-01
-2.393895e-02,8.197665e+00,2.462660e+00,-1.924253e+00,-7.803476e-01,-1.383190e-01
1.105205e+00,8.648322e+00,-2.693656e-01,-2.409838e+00,-8.314840e-01,4.255024e-02
3.077925e+00,9.454936e+00,-1.123247e+00,-2.738531e+00,-9.760226e-01,7.413428e-02
4.197161e+00,9.611133e+00,-1.195035e+00,-3.495430e+00,-1.629860e+00,1.665191e-02
4.671141e+00,1.146682e+01,-2.535689e+00,-3.955558e+00,-2.156164e+00,5.409696e-05
-1.423332e+00,1.793468e+01,5.896782e+00,-4.550639e+00,-3.297302e+00,-4.038600e-01
-4.735408e+00,1.964047e+01,1.319874e+01,-4.651173e+00,-3.658641e+00,-4.784936e-01
-5.526212e+00,1.881630e+01,1.407703e+01,-2.646150e+00,-1.540367e+00,-5.105006e-01
-1.494251e+00,6.930967e+00,1.682946e+01,-1.385260e+00,-8.860674e-02,-5.860206e-01
7.996298e+00,1.168898e+01,8.555617e+00,-2.826201e-01,6.306550e-01,-1.010247e+00
6.191676e+00,9.833790e+00,1.031829e+01,1.242006e+00,2.702027e-01,-1.503712e+00
2.896671e+00,3.072236e+00,9.173345e+00,3.346771e+00,4.758958e-01,-1.678647e+00
2.990300e+00,3.215860e+00,8.743973e+00,4.232958e+00,1.007229e+00,-1.716903e+00
3.308724e+00,3.387260e+00,1.206675e+01,5.598293e+00,1.563032e+00,-1.688961e+00
4.892430e+00,3.289460e+00,1.137628e+01,6.502365e+00,1.849492e+00,-1.433812e+00
7.684011e+00,3.462180e+00,1.319817e+01,7.813322e+00,1.194689e+00,-7.817577e-01
9.044926e+00,6.101770e+00,1.167970e+01,8.140897e+00,5.506599e-02,-3.976808e-01
4.042438e+00,5.818992e+00,7.937072e+00,7.644508e+00,-1.246724e+00,-8.231728e-01
-4.065497e+00,9.298055e-01,4.165967e+00,6.261233e+00,-1.089365e+00,-1.240305e+00
-1.270501e+01,-9.033665e+00,3.081907e+00,2.297231e+00,2.183358e+00,3.063686e-01
-9.289952e-02,-1.150749e+01,1.081400e+00,-8.578822e-01,3.358552e+00,1.266648e+00
6.251549e+00,1.721450e+01,9.472839e+00,-4.127395e+00,2.416355e+00,7.141091e-01
1.746609e+01,3.938389e+01,3.053112e-01,-2.147639e+00,1.634936e+00,9.385931e-01
-6.501859e+00,-3.487517e+00,7.992707e+00,-2.399853e+00,-3.092649e-01,-6.678201e-01
-3.184105e+00,-4.100612e-01,1.221394e+01,-3.027079e+00,9.738199e-01,2.147081e-01
-1.181497e+00,1.485088e+01,1.074595e+01,-2.511441e+00,1.328189e+00,-7.240258e-02
1.049421e+00,1.195826e+01,7.193073e+00,-1.690441e+00,6.036823e-01,1.637914e-01
4.751616e-01,7.208627e+00,6.220985e+00,-1.625273e+00,4.834579e-01,1.144711e-01
2.582337e+00,1.063773e+01,5.749611e+00,-1.459670e+00,5.784474e-01,1.367810e-01
3.216765e+00,1.029322e+01,4.548922e+00,-1.320896e+00,-2.507319e-01,-2.479098e-01
2.132857e+00,9.304286e+00,4.325714e+00,-1.278008e+00,-6.965541e-01,-3.344880e-01
8.521763e-01,9.951158e+00,3.422754e+00,-1.264049e+00,-1.115648e+00,-4.157333e-01
-1.818526e+00,8.906155e+00,3.904853e+00,-1.226978e+00,-1.363776e+00,-4.966087e-01
-3.185973e+00,8.148190e+00,3.521946e+00,-1.260888e+00,-1.087678e+00,-3.941257e-01
-2.650112e+00,8.160331e+00,3.639560e+00,-1.280262e+00,-6.151604e-01,-1.958157e-01
3.302440e+00,9.056420e+00,2.417959e+00,-1.480031e+00,-1.904945e-01,6.116153e-02
3.911781e+00,9.116322e+00,9.781132e-01,-1.698700e+00,-4.653653e-01,3.715130e-02
1.015540e+00,7.834105e+00,3.981534e-01,-2.331273e+00,-1.136175e+00,1.546751e-02
1.049961e+00,9.475966e+00,8.429533e-01,-2.695195e+00,-1.251568e+00,5.646182e-02
1.455290e+00,1.029539e+01,-1.016380e-01,-3.128877e+00,-1.327746e+00,2.201697e-01
2.641517e+00,1.308648e+01,-2.185410e+00,-3.525048e+00,-1.476467e+00,3.388274e-01
3.188944e+00,1.645780e+01,1.576663e+00,-4.190139e+00,-2.484992e+00,-2.617639e-01
-4.677567e-01,1.601488e+01,8.606864e+00,-4.405892e+00,-3.347957e+00,-5.041345e-01
-3.475282e+00,2.022555e+01,1.407711e+01,-3.210340e+00,-2.673196e+00,-7.275534e-01
-4.928199e+00,1.017425e+01,1.615742e+01,-1.659793e+00,-1.667839e+00,-8.901076e-01
3.861241e+00,8.189715e+00,9.649086e+00,-6.203843e-01,4.217866e-01,-8.817300e-01
5.132650e+00,1.204061e+01,8.963474e+00,9.725181e-01,4.655249e-01,-1.335922e+00
2.164516e+00,3.826142e+00,9.336402e+00,2.891409e+00,9.462414e-01,-1.503152e+00
2.585589e+00,3.276899e+00,8.050321e+00,3.653162e+00,1.434002e+00,-1.476799e+00
3.744973e+00,4.185193e+00,1.033133e+01,5.216844e+00,2.001280e+00,-1.576706e+00
4.488897e+00,4.206049e+00,1.132874e+01,6.221887e+00,2.120255e+00,-1.410559e+00
8.096449e+00,3.360000e+00,1.323079e+01,7.368916e+00,1.578223e+00,-9.569748e-01
9.442489e+00,5.941766e+00,1.187621e+01,7.782278e+00,5.080697e-01,-6.114420e-01
7.865890e+00,7.935199e+00,9.743316e+00,7.711901e+00,-1.477485e+00,-1.135296e+00
1.837276e+00,4.396255e+00,7.918729e+00,6.586270e+00,-1.490564e+00,-1.872310e+00
-1.703839e+01,-2.375617e+00,1.152694e+01,3.818997e+00,7.715623e-01,-1.371949e+00
-4.791160e+00,-9.068553e+00,-2.754850e-03,1.805784e+00,2.841916e+00,7.649308e-01
1.854325e+00,-7.758971e+00,4.190212e+00,-2.947366e+00,3.319834e+00,6.858222e-01
1.431202e+01,2.675073e+01,1.943236e+00,-2.817835e+00,2.563805e+00,1.218834e+00
7.829227e-01,-2.329604e-01,4.155753e+00,-2.103685e+00,-5.613143e-01,-1.012203e+00
-5.042507e+00,-2.229765e+00,1.178450e+01,-3.097819e+00,-8.635500e-01,-5.253355e-01
-3.548532e+00,8.185596e+00,1.090410e+01,-2.541493e+00,3.608044e-01,-1.367703e-01
-6.736508e+00,1.447187e+01,1.118023e+01,-2.110010e+00,5.712931e-01,-2.010444e-01
2.356907e-01,7.250273e+00,5.127860e+00,-1.369058e+00,1.276455e+00,4.533360e-01
1.528110e+00,8.143485e+00,4.009395e+00,-1.426053e+00,1.330586e+00,3.931364e-01
3.799138e+00,1.082185e+01,4.215925e+00,-1.340349e+00,7.723114e-01,9.343912e-02
3.586901e+00,9.409108e+00,4.223701e+00,-1.344039e+00,-8.927177e-02,-1.767943e-01
2.432310e-01,8.373173e+00,4.158708e+00,-1.306398e+00,-6.372618e-01,-3.003543e-01
-3.844450e-01,9.661564e+00,4.459202e+00,-1.293760e+00,-6.887687e-01,-3.039939e-01
2.283735e-01,9.112903e+00,4.017082e+00,-1.262953e+00,-8.524581e-01,-3.794784e-01
1.429238e-01,9.227230e+00,3.799075e+00,-1.303359e+00,-1.028179e+00,-4.222222e-01
-6.158917e-02,8.815581e+00,4.096925e+00,-1.370678e+00,-8.774226e-01,-3.244834e-01
4.032352e-01,8.890000e+00,3.566172e+00,-1.468792e+00,-7.447464e-01,-1.937518e-01
1.434111e-02,7.686477e+00,1.472954e+00,-1.838722e+00,-7.775197e-01,-2.480257e-03
6.832196e-01,7.805390e+00,1.147211e+00,-2.166220e+00,-9.806449e-01,-1.557541e-02
1.330212e+00,9.217989e+00,1.419858e+00,-2.716843e+00,-1.590021e+00,-8.000000e-02
-9.686785e-01,9.720842e+00,1.974966e+00,-3.056623e+00,-1.638972e+00,4.906134e-02
3.066532e+00,1.396454e+01,-1.393815e+00,-3.635879e+00,-1.570224e+00,1.763466e-01
4.714618e+00,1.670020e+01,-1.325589e+00,-4.078627e+00,-2.095380e+00,-1.430896e-01
1.200181e+00,1.560609e+01,1.016963e+01,-4.261865e+00,-3.734731e+00,-7.097688e-01
-1.328771e+00,1.722341e+01,1.500898e+01,-3.946005e+00,-3.530420e+00,-8.862025e-01
-5.821858e+00,1.284790e+01,1.678291e+01,-1.768886e+00,-1.606480e+00,-1.259415e+00
1.478196e+00,5.093628e+00,1.403195e+01,-1.023774e+00,-1.454458e-01,-1.082764e+00
4.381201e+00,8.255859e+00,1.014312e+01,1.042498e+00,3.815582e-01,-1.743132e+00
2.627011e+00,4.592332e+00,1.080091e+01,2.167638e+00,6.738878e-01,-1.923931e+00
2.424987e+00,4.372480e+00,8.062399e+00,3.915512e+00,1.592981e+00,-1.729485e+00
2.861390e+00,3.869560e+00,1.007272e+01,5.023353e+00,2.134845e+00,-1.796354e+00
6.075786e+00,2.246406e+00,1.215219e+01,6.396713e+00,2.563326e+00,-1.382322e+00
1.100484e+01,2.411516e+00,1.227755e+01,7.167545e+00,1.945389e+00,-1.063491e+00
1.505839e+01,3.711533e+00,1.146823e+01,7.796222e+00,-1.055220e+00,-1.017131e+00
1.188877e+01,2.521614e+00,1.180521e+01,7.262176e+00,-2.827824e+00,-1.613404e+00
-7.530816e+00,1.254735e+00,8.423293e+00,4.849216e+00,-2.705079e+00,-2.107535e+00
-1.715032e+01,-2.015266e+00,7.705073e+00,3.269998e+00,-1.024384e+00,-1.605787e+00
-6.452910e+00,-6.584230e+00,4.194398e+00,-2.877669e-01,3.127648e+00,1.283046e+00
4.082443e+00,2.627601e+00,5.259981e+00,-2.739381e+00,3.185431e+00,1.448827e+00
1.217627e+01,2.313129e+01,-1.509235e-01,-7.288911e-01,1.384264e+00,2.975893e-01
3.913406e+00,4.948041e-01,1.495452e+00,-1.118547e+00,1.104779e-01,-3.191380e-01
-1.623948e+00,7.534173e+00,9.960104e+00,-2.258676e+00,-1.056451e-01,-1.954119e-01
-1.238135e+00,1.275364e+01,6.468950e+00,-1.837936e+00,-1.578076e-01,-6.212066e-02
-3.798045e+00,8.591907e+00,5.330920e+00,-1.570024e+00,3.840601e-01,1.997546e-01
-3.135639e-01,8.534648e+00,4.517850e+00,-1.527883e+00,6.754639e-01,2.996731e-01
3.940956e+00,9.986039e+00,4.030088e+00,-1.394410e+00,1.497331e-01,1.014040e-01
3.303017e+00,9.555261e+00,4.798231e+00,-1.379011e+00,-4.867498e-01,-6.505754e-02
1.502973e+00,8.382006e+00,5.572674e+00,-1.205073e+00,-1.048954e+00,-3.232753e-01
2.399436e-01,8.217830e+00,5.682851e+00,-1.078462e+00,-1.204064e+00,-3.921530e-01
-1.304921e+00,8.043547e+00,4.458210e+00,-9.693098e-01,-1.036819e+00,-3.834682e-01
-1.621802e+00,8.360000e+00,3.518867e+00,-9.882750e-01,-8.389746e-01,-3.347631e-01
-1.318797e+00,8.958067e+00,3.215338e+00,-1.123709e+00,-6.534658e-01,-1.970201e-01
-7.162056e-01,8.640163e+00,3.464730e+00,-1.210648e+00,-5.252654e-01,-1.380635e-01
4.975278e-01,8.249914e+00,2.327700e+00,-1.558753e+00,-5.434020e-01,-1.561336e-02
1.278288e+00,8.689893e+00,1.549252e+00,-1.923711e+00,-6.747012e-01,-1.289968e-02
5.528443e+00,1.263623e+01,-1.857138e+00,-2.830505e+00,-1.206581e+00,-4.554315e-02
5.373257e+00,1.497486e+01,3.811218e+00,-3.287771e+00,-1.947497e+00,-2.408013e-01
1.879115e+00,1.516545e+01,8.665960e+00,-3.172477e+00,-2.888751e+00,-2.248068e-01
-1.258577e+00,1.273653e+01,1.060628e+01,-2.554726e+00,-2.968990e+00,-3.612547e-01
-5.297090e+00,3.135419e+00,1.378527e+01,-1.819178e+00,-1.926020e+00,-7.580237e-01
-5.536131e+00,1.205704e+00,1.210845e+01,-1.488538e+00,-7.881504e-01,-7.048013e-01
2.017585e+00,6.228987e+00,6.869579e+00,-6.117903e-01,2.423801e-01,-8.284095e-01
5.349598e+00,5.511354e+00,5.938200e+00,3.422582e-01,1.784477e-01,-1.130970e+00
4.669921e+00,2.888593e+00,6.105123e+00,1.300108e+00,-7.338486e-01,-1.264669e+00
3.056078e+00,4.345725e+00,6.531632e+00,1.570691e+00,-7.973943e-01,-1.159261e+00
6.143249e-01,4.598151e+00,6.270939e+00,1.792662e+00,-6.313914e-01,-1.015797e+00
8.557678e-01,5.057303e+00,6.065594e+00,1.777478e+00,-4.610136e-01,-8.983885e-01
1.632506e+00,7.116659e+00,6.246241e+00,1.526664e+00,-4.305938e-01,-7.114294e-01
1.056563e+00,7.067732e+00,6.110137e+00,1.264252e+00,-3.050575e-01,-6.291451e-01
1.031237e+00,7.194427e+00,6.185509e+00,8.259201e-01,4.797571e-02,-3.611389e-01
1.942506e+00,7.886776e+00,6.259433e+00,6.257919e-01,1.342286e-01,-2.038693e-01
1.001383e+00,7.717205e+00,6.021614e+00,4.216787e-01,1.380658e-01,-7.758749e-02
2.817809e-01,7.888559e+00,6.115677e+00,3.309300e-01,2.658589e-01,1.224838e-02
4.457611e-01,8.199895e+00,6.129110e+00,2.907588e-01,6.416312e-01,2.178915e-01
1.417297e+00,7.778385e+00,6.092451e+00,3.401915e-01,7.200000e-01,2.938313e-01
1.556702e+00,7.830316e+00,6.148206e+00,4.455695e-01,5.361427e-01,3.393990e-01
6.710716e-01,7.707519e+00,6.346447e+00,5.460335e-01,5.309140e-01,4.079668e-01
-3.063223e-01,7.423678e+00,6.453742e+00,6.411268e-01,7.922322e-01,5.893753e-01
-4.000000e-01,7.148410e+00,6.485541e+00,6.799640e-01,9.875530e-01,7.007153e-01
1.131636e+00,6.916397e+00,6.401599e+00,6.852035e-01,1.125842e+00,8.317715e-01
1.659682e+00,6.710212e+00,6.132551e+00,6.948486e-01,1.081870e+00,8.731317e-01
1.416039e+00,6.496616e+00,5.997923e+00,6.577125e-01,9.527352e-01,8.050127e-01
1.538306e+00,6.759435e+00,5.816224e+00,5.943278e-01,9.036395e-01,7.631626e-01
2.153093e+00,6.852495e+00,5.285010e+00,5.301677e-01,8.688409e-01,7.534212e-01
2.505335e+00,6.802055e+00,5.236166e+00,4.734384e-01,8.077754e-01,6.992821e-01
3.459899e+00,7.157114e+00,5.091443e+00,4.098024e-01,6.288934e-01,5.083156e-01
3.868113e+00,6.403208e+00,5.410111e+00,4.028942e-01,2.730751e-01,1.789424e-01
2.753771e+00,4.819722e+00,5.964389e+00,4.703740e-02,-8.678114e-02,-1.815551e-01
2.367676e+00,6.008649e+00,6.640953e+00,-6.053341e-01,-4.518326e-01,-6.358798e-01
4.154815e-01,7.599342e+00,6.025386e+00,-1.407336e+00,-7.020783e-01,-1.083287e+00
1.109111e+00,1.097498e+01,5.706800e+00,-1.336969e+00,-7.625814e-01,-1.077538e+00
-9.100619e-01,4.670526e+00,6.839196e+00,-6.573518e-01,-9.661930e-01,-1.339544e+00
1.830745e-01,5.354631e+00,7.620493e+00,-7.106682e-01,-9.107537e-01,-1.261751e+00
-2.845808e-01,3.724258e+00,7.897161e+00,-4.015051e-01,-8.470018e-01,-1.085310e+00
-2.328436e+00,4.854419e+00,5.762127e+00,-1.331168e-01,-5.114022e-01,-8.488740e-01
-7.661291e+00,2.088733e+01,8.962363e+00,-5.808363e-01,7.735947e-01,1.201704e+00
-8.409928e+00,3.610707e+00,9.565447e+00,4.667634e-01,2.512680e+00,-1.033596e-01
1.636454e+01,6.133741e+00,5.970054e+00,4.338221e-01,3.514143e+00,9.406996e-01
9.434863e+00,7.235280e+00,4.613254e+00,4.257373e-01,1.612983e+00,3.033307e-01
-1.670282e+00,8.788380e+00,5.577921e+00,8.814893e-02,-1.123494e+00,-7.218837e-01
-5.630714e+00,9.310000e+00,5.139338e+00,1.209805e-01,-1.059026e+00,-6.636012e-01
-5.169597e+00,7.283590e+00,4.699927e+00,1.441848e-01,-2.310539e-01,-3.816037e-01
-2.726328e+00,7.921574e+00,4.801577e+00,8.758416e-02,3.951823e-01,-7.341316e-02
1.426137e+00,8.478170e+00,4.581830e+00,1.335595e-02,5.181497e-01,7.828304e-02
2.133006e+00,7.829331e+00,4.267446e+00,-5.527032e-02,1.082157e-01,-1.422799e-02
1.622088e-01,7.862719e+00,4.822719e+00,-2.112461e-01,-3.674629e-01,-1.813720e-01
-1.191969e-01,7.642048e+00,4.667630e+00,-2.446204e-01,-4.813675e-01,-2.503721e-01
-2.275408e+00,8.526487e+00,4.882419e+00,-3.016265e-01,-5.991146e-01,-2.155236e-01
-3.361124e+00,8.360000e+00,5.363181e+00,-2.552379e-01,-4.573560e-01,-1.740155e-01
-1.765705e+00,8.167949e+00,5.816152e+00,-1.661133e-01,-2.684630e-02,3.157907e-02
9.898743e-01,8.001963e+00,5.036353e+00,-1.562821e-01,1.455197e-01,1.178204e-01
2.194868e+00,8.099900e+00,4.152309e+00,-2.899129e-01,-2.106885e-01,-5.887977e-03
-7.075955e-01,8.096994e+00,4.933888e+00,-4.505746e-01,-7.334719e-01,-1.475346e-01
-1.854439e+00,7.747507e+00,5.448399e+00,-6.181263e-01,-8.763579e-01,-1.077237e-01
-1.385418e+00,7.963281e+00,6.083130e+00,-7.020068e-01,-5.708172e-01,5.676235e-02
3.893653e-01,9.639764e+00,5.114467e+00,-8.039707e-01,-2.682515e-01,2.515360e-01
1.501584e+00,9.434037e+00,4.726894e+00,-8.938244e-01,-2.783380e-01,2.177690e-01
1.242574e+00,8.221716e+00,4.087715e+00,-1.162175e+00,-7.238809e-01,1.337333e-01
8.663495e-01,8.432159e+00,4.436349e+00,-1.393990e+00,-8.881717e-01,1.612424e-01
1.609291e+00,9.019291e+00,4.308064e+00,-1.681819e+00,-9.676330e-01,2.054415e-01
1.981368e+00,9.445990e+00,4.086745e+00,-1.924540e+00,-1.120434e+00,2.014712e-01
2.594210e+00,1.169756e+01,2.808456e+00,-2.275164e+00,-1.332549e+00,1.781699e-01
3.437069e+00,1.241853e+01,1.194396e+00,-2.541522e+00,-1.486858e+00,1.277230e-01
2.953833e+00,1.204569e+01,3.391978e+00,-3.039458e+00,-2.306033e+00,-2.103094e-01
7.585834e-02,1.172318e+01,1.071554e+01,-3.153096e+00,-2.886106e+00,-4.903606e-01
-2.825681e-01,1.219983e+01,1.217069e+01,-2.690800e+00,-2.495896e+00,-7.413575e-01
-5.948936e-01,7.722639e+00,1.264946e+01,-1.719975e+00,-1.893592e+00,-9.746175e-01
1.290928e+00,4.574796e+00,7.796288e+00,-1.152778e+00,-9.215009e-01,-9.445483e-01
-2.900788e+00,8.879616e+00,1.003670e+01,-5.911037e-01,-6.418465e-01,-1.164195e+00
-3.031259e+00,5.175581e+00,9.343282e+00,1.412717e+00,8.260053e-01,-1.234086e+00
1.377295e+00,4.540182e+00,8.970456e+00,2.280962e+00,1.895811e+00,-1.096192e+00
5.993347e+00,5.347339e+00,9.034335e+00,3.346143e+00,2.331308e+00,-1.187420e+00
7.457658e+00,6.153958e+00,8.673378e+00,4.046466e+00,2.076556e+00,-1.208889e+00
9.151061e+00,5.541662e+00,9.254941e+00,5.254041e+00,1.098916e+00,-1.292819e+00
8.635858e+00,4.395858e+00,9.620000e+00,5.871496e+00,2.775555e-01,-1.456786e+00
6.202825e+00,6.297907e+00,1.046540e+01,6.403207e+00,-6.213748e-01,-1.500958e+00
1.989419e+00,8.324073e+00,1.136367e+01,6.689119e+00,-1.019720e+00,-1.393512e+00
-4.054222e+00,8.193836e+00,8.255734e+00,6.786942e+00,-2.474788e-01,-1.131577e+00
-6.616638e+00,6.370962e+00,5.676431e+00,6.242305e+00,1.137266e+00,-7.685214e-01
-1.872248e-01,1.009837e+00,2.502794e+00,4.643091e+00,3.301508e+00,2.002328e-02
5.391431e+00,-2.729925e+00,-2.762376e+00,3.254450e+00,3.779189e+00,5.406815e-01
5.035281e+00,-1.495160e+00,-3.622974e+00,-1.352369e-01,2.158922e+00,3.390758e-01
8.958864e-01,1.978350e+00,2.280149e+00,-2.048607e+00,9.783396e-01,9.375528e-02
6.074848e+00,2.635078e+01,1.452512e+00,-2.731148e+00,5.887294e-01,6.080397e-02
1.697486e+00,1.690986e+01,1.419851e+00,-7.356301e-01,2.709334e-01,-5.683466e-01
-3.238758e+00,8.189100e+00,8.159741e+00,-2.049858e+00,9.386375e-01,1.366448e-01
2.131106e+00,7.981944e+00,7.289169e+00,-2.071764e+00,1.999873e+00,4.143318e-01
1.948090e+00,1.140468e+01,5.056277e+00,-1.812400e+00,1.227577e+00,-1.261406e-01
1.770814e+00,9.285888e+00,4.782976e+00,-1.563986e+00,5.496729e-01,-4.095029e-01
5.637194e-01,9.187716e+00,3.960547e+00,-1.470550e+00,-2.709373e-01,-4.976187e-01
-1.971706e+00,9.593092e+00,4.000576e+00,-1.387446e+00,-6.343125e-01,-5.087228e-01
-3.837310e+00,9.460762e+00,4.260146e+00,-1.262150e+00,-9.869518e-02,-2.554350e-01
-2.251135e+00,9.118940e+00,3.710421e+00,-1.201760e+00,2.933170e-01,-2.889980e-02
1.722691e+00,8.386335e+00,3.476822e+00,-1.081708e+00,2.654771e-01,2.398451e-02
2.279721e+00,8.681994e+00,3.531994e+00,-1.082800e+00,-1.484453e-02,-7.459246e-02
4.282084e-01,8.760816e+00,3.872711e+00,-1.121394e+00,-5.572977e-01,-2.690992e-01
-1.133957e+00,8.795734e+00,4.398965e+00,-1.087256e+00,-6.995898e-01,-2.976510e-01
-1.476114e+00,8.607840e+00,4.871726e+00,-9.935134e-01,-5.202267e-01,-1.697238e-01
-2.016707e-01,8.355194e+00,4.240435e+00,-9.654489e-01,-3.080535e-01,-8.175118e-02
1.009480e-01,8.750211e+00,4.198947e+00,-9.717137e-01,-3.072276e-01,-1.990589e-02
-1.049671e+00,8.520593e+00,4.600741e+00,-9.887816e-01,-3.634349e-01,-1.146891e-05
1.552105e-01,8.165453e+00,4.144709e+00,-1.039064e+00,-1.603517e-01,1.227482e-01
1.488119e+00,8.076612e+00,3.680998e+00,-1.198185e+00,-5.837225e-02,1.889203e-01
2.342959e+00,9.179926e+00,2.970965e+00,-1.416721e+00,-4.143356e-01,4.383728e-02
2.199738e+00,8.364981e+00,2.416816e+00,-1.552993e+00,-1.075694e+00,-3.230171e-01
1.077058e+00,8.905203e+00,1.742536e+00,-2.036902e+00,-1.322777e+00,-1.314716e-01
2.846148e+00,1.114821e+01,1.040806e+00,-2.431889e+00,-1.067092e+00,8.571407e-02
6.140288e+00,1.565574e+01,-3.791286e+00,-3.160411e+00,-1.060332e+00,1.938400e-01
6.364094e+00,2.122563e+01,-9.383600e-01,-4.086416e+00,-1.983074e+00,6.554425e-02
-4.522019e+00,1.489210e+01,1.308472e+01,-3.990238e+00,-3.937294e+00,-4.209576e-01
-7.377877e+00,1.102365e+01,1.723311e+01,-3.460055e+00,-3.720758e+00,-3.230841e-01
-9.136553e+00,6.183793e+00,1.376000e+01,-2.150769e+00,-1.378623e+00,5.286825e-02
-4.141501e+00,2.795639e+00,1.287641e+01,-1.204275e+00,2.803784e-01,4.520508e-01
4.343212e+00,6.003123e+00,7.033027e+00,-2.032713e-01,1.126826e+00,7.673519e-01
2.716030e+00,5.419646e+00,8.660000e+00,6.380545e-01,1.008537e+00,4.527485e-01
1.542584e+00,2.687987e+00,7.643649e+00,2.221094e+00,8.086514e-01,2.471541e-01
1.359327e+00,2.130336e+00,8.036469e+00,2.818530e+00,1.017630e+00,1.024837e-01
2.902356e+00,4.056219e+00,9.474562e+00,3.922784e+00,1.718729e+00,3.960165e-02
6.077620e+00,3.801694e+00,9.022997e+00,4.615984e+00,1.826824e+00,3.107961e-02
1.073182e+01,4.107210e+00,7.917017e+00,5.082415e+00,9.814529e-01,-1.559510e-01
1.078570e+01,4.944208e+00,7.875882e+00,5.197665e+00,9.143226e-03,-5.889609e-01
1.621656e+00,6.614150e+00,8.112031e+00,4.946150e+00,-1.760256e+00,-1.425821e+00
-1.289442e+00,9.038812e+00,8.489324e+00,4.439207e+00,-2.226863e+00,-1.660039e+00
1.972006e+00,3.677856e+00,6.045087e+00,3.500656e+00,-1.509857e+00,-1.999695e+00
6.040355e+00,2.435850e+00,4.679578e+00,2.258204e+00,-1.664474e+00,-2.570342e+00
1.057695e+01,1.251042e-01,6.395568e+00,7.054379e-01,-3.500514e+00,-3.524250e+00
4.780642e+00,-3.667093e+00,1.122908e+01,-4.552154e-01,-5.069057e+00,-4.067935e+00
-1.105218e+01,1.074696e+01,9.062168e+00,-7.406324e-01,-5.985261e+00,-2.106865e+00
-3.916763e+01,2.618668e+01,6.225833e+00,-3.600356e-01,-3.450637e+00,-4.258852e-01
1.686055e+01,4.143749e+00,1.836119e+01,5.285031e-01,1.053494e+01,4.415497e+00
3.432836e+01,-1.651411e-02,6.415651e+00,1.872569e-01,7.317981e+00,2.745065e+00
3.068601e+01,1.152804e+01,3.435210e+00,1.678391e-01,-1.672468e-02,1.677589e-01
-1.998875e-01,8.029388e+00,1.012750e+01,2.763122e-01,-4.836960e+00,-1.036640e+00
-1.740419e+01,1.027579e+01,6.544754e+00,2.491907e-01,-4.034645e+00,-9.200549e-01
-1.281308e+01,8.182235e+00,3.150332e+00,4.431309e-01,-1.566481e+00,-1.742091e-01
1.190135e+00,1.004448e+01,-1.539773e+00,3.339377e-01,-2.993007e-01,3.677223e-01
1.995884e+00,9.461833e+00,-3.716608e+00,2.157633e-01,-6.073523e-01,3.643837e-01
-4.132354e+00,9.800486e+00,3.766013e-01,-4.676196e-02,-1.521762e+00,2.459964e-01
-4.188796e+00,8.322547e+00,8.378109e-02,-1.697405e-01,-7.885058e-01,4.327324e-01
-1.695885e+00,9.528630e+00,-2.739343e-03,-3.740475e-01,1.573352e-01,7.913236e-01
-4.400685e-01,8.397502e+00,-1.936825e-01,-4.934204e-01,5.490648e-01,8.798115e-01
3.375207e-01,9.376001e+00,6.846409e-01,-7.233880e-01,6.826604e-01,9.573813e-01
-1.275178e+00,1.034550e+01,1.435496e+00,-8.218473e-01,5.460629e-01,9.887141e-01
-2.159568e+00,9.062083e+00,1.782878e+00,-8.762111e-01,5.975543e-01,1.138825e+00
-7.135822e-01,9.045721e+00,1.575585e+00,-9.261095e-01,8.679364e-01,1.312298e+00
-2.449627e+00,1.085372e+01,1.674096e+00,-1.149363e+00,7.559830e-01,1.438458e+00
-2.313592e+00,1.212593e+01,1.881078e+00,-1.307899e+00,7.175898e-01,1.535539e+00
4.093571e-01,1.603390e+01,-2.112241e-02,-1.688548e+00,5.581303e-01,1.542887e+00
-1.294572e-01,1.483916e+01,3.616579e+00,-1.628939e+00,-2.637214e-02,1.694933e+00
-9.437219e-02,9.367935e+00,6.327855e+00,-1.272679e+00,4.286446e-02,1.308208e+00
1.623097e+00,6.532085e+00,6.637674e+00,-9.814997e-01,6.302842e-01,8.369060e-01
-6.395209e+00,1.169674e+01,6.052033e+00,-2.838264e-01,1.063444e+00,-5.223270e-03
-8.341072e+00,1.024520e+01,6.718069e+00,7.159206e-01,2.233434e+00,-3.629659e-01
4.264553e+00,1.079336e+01,4.552690e+00,2.305917e+00,3.477088e+00,-1.486509e-01
1.009004e+01,9.109983e+00,3.330000e+00,3.316081e+00,3.250315e+00,-2.729851e-01
9.765654e+00,8.369050e+00,3.312584e+00,4.373934e+00,9.896097e-01,-4.015282e-01
3.931098e+00,8.007394e+00,3.985710e+00,4.669089e+00,1.196616e-02,-7.436979e-01
-4.689507e+00,8.768936e+00,4.579541e+00,4.654380e+00,4.619262e-01,-7.488873e-01
-3.499862e+00,7.079698e+00,3.649836e+00,4.423548e+00,1.727266e+00,-4.349182e-01
-1.191970e+00,2.551221e+00,1.067754e+00,3.253365e+00,3.601162e+00,1.601747e-01
-1.856114e-01,6.370344e-01,8.676683e-01,1.924441e+00,3.796989e+00,4.853772e-01
3.569453e+00,-5.680313e-01,1.908250e+00,-8.372435e-02,3.392350e+00,7.468755e-01
3.130356e+00,-2.821566e+00,5.575261e+00,-1.738572e+00,2.621682e+00,2.998400e-01
2.048822e+01,3.216420e+01,-6.254117e+00,-2.048044e+00,2.277314e+00,3.759908e-01
1.605778e+01,2.317727e+01,-1.885202e+00,-8.100730e-01,8.788723e-01,4.766999e-01
3.068361e+00,2.478648e+00,1.005307e+01,-2.691583e+00,8.194935e-01,-1.733082e-02
8.036224e+00,9.416154e+00,6.611598e+00,-2.621867e+00,1.552509e+00,6.789402e-02
9.889427e-01,1.264837e+01,8.613336e+00,-2.134558e+00,-1.279941e+00,-1.084199e+00
-6.872168e+00,8.514314e+00,7.982515e+00,-2.086856e+00,-1.700390e+00,-1.101989e+00
-8.888674e+00,9.828408e+00,5.504068e+00,-1.581456e+00,-4.333288e-01,3.117100e-02
-7.166915e+00,8.763895e+00,6.527505e+00,-1.316349e+00,1.169999e+00,3.467858e-01
4.120871e+00,9.257135e+00,6.477512e+00,-1.157135e+00,2.973347e+00,9.399558e-01
1.121229e+01,8.922893e+00,3.973822e+00,-1.095676e+00,2.577688e+00,7.778688e-01
6.038627e+00,8.752544e+00,4.721526e+00,-1.100169e+00,-1.274633e-01,-8.066888e-02
2.386497e+00,9.514482e+00,4.657947e+00,-1.108812e+00,-7.537689e-01,-3.153874e-01
-4.226292e-01,1.004459e+01,4.342316e+00,-1.082150e+00,-9.081890e-01,-3.902161e-01
-1.004487e-01,9.103135e+00,3.618881e+00,-1.064223e+00,-8.049031e-01,-3.194660e-01
-1.538924e+00,9.340000e+00,3.892298e+00,-1.115776e+00,-7.848600e-01,-2.020252e-01
-1.708309e+00,9.409044e+00,3.855405e+00,-1.163028e+00,-5.870839e-01,-8.997143e-02
5.741192e-01,7.979740e+00,1.596076e+00,-1.284482e+00,-9.438122e-02,1.905872e-01
3.880900e+00,8.356705e+00,-1.621370e+00,-1.602568e+00,8.417671e-02,3.772274e-01
5.875989e+00,1.044219e+01,-2.376671e+00,-2.497711e+00,-6.350152e-01,2.990349e-01
5.534730e+00,1.056722e+01,-1.750566e+00,-3.056561e+00,-1.241993e+00,2.038822e-01
4.333946e+00,1.225729e+01,-2.606477e+00,-3.665400e+00,-1.739457e+00,3.419289e-01
5.256496e+00,1.510946e+01,-4.067494e+00,-4.016350e+00,-2.067848e+00,4.113221e-01
-7.136429e+00,2.240893e+01,1.257976e+01,-4.633265e+00,-4.197159e+00,8.322073e-02
-1.198768e+01,2.639023e+01,1.644785e+01,-3.871490e+00,-3.483507e+00,6.337339e-01
-1.605080e+01,5.981500e+00,2.143642e+01,-9.046785e-01,-2.442114e-01,1.521368e+00
-5.180933e+00,5.628617e+00,1.530153e+01,-6.705469e-01,2.203506e+00,2.033252e+00
2.288056e+00,1.074626e+01,1.364779e+01,1.226467e+00,3.450765e+00,2.311960e+00
3.859101e+00,6.872126e+00,1.310090e+01,3.124336e+00,3.194399e+00,2.114748e+00
4.403522e+00,1.132067e+00,8.852196e+00,4.591963e+00,2.182168e+00,1.730641e+00
3.817452e+00,1.140520e+00,9.386982e+00,5.229972e+00,1.664318e+00,1.328107e+00
2.614251e+00,2.143684e+00,1.079453e+01,6.181198e+00,1.049435e+00,9.721792e-01
2.845821e+00,2.344906e+00,1.089618e+01,6.831700e+00,7.754244e-01,6.714847e-01
2.281501e+00,2.938891e+00,1.248746e+01,7.746705e+00,6.851191e-01,3.757369e-02
2.925216e+00,4.122072e+00,1.379265e+01,8.000781e+00,7.979754e-01,-3.364744e-01
7.115238e-02,1.161007e+01,1.185848e+01,7.588188e+00,9.185404e-01,-6.730790e-01
-3.703500e+00,2.255035e+00,7.752306e+00,6.928002e+00,1.280100e+00,-9.505047e-01
-6.235999e+00,-2.867100e+00,5.063310e+00,4.093608e+00,2.031849e+00,-5.083718e-01
-1.847669e+00,-8.857039e+00,-1.095523e+00,1.132506e+00,2.363792e+00,2.059025e-01
3.885909e+00,-3.757171e+00,8.193597e+00,-3.181012e+00,1.575006e+00,-3.608859e-01
1.247494e+01,2.198096e+01,4.576240e+00,-3.757150e+00,1.408274e+00,9.135558e-02
9.515856e+00,7.951012e+00,5.774262e-01,-2.092574e+00,-1.222366e+00,-1.407861e+00
-1.243009e+01,5.958399e-01,1.229616e+01,-3.633460e+00,-1.750860e+00,-1.299752e+00
-1.267644e+01,1.391777e+01,1.772000e+01,-3.527246e+00,9.601298e-01,-2.409840e-02
-4.123652e-01,1.389856e+01,1.346177e+01,-2.652821e+00,1.922592e+00,-1.016444e-01
7.009707e+00,6.419151e+00,5.246507e+00,-1.632538e+00,1.576212e+00,4.383458e-01
2.402138e-01,8.081074e+00,6.163640e+00,-1.732341e+00,1.279132e+00,1.288429e-01
6.793753e+00,1.128431e+01,6.490979e+00,-1.459990e+00,1.262285e+00,9.743325e-03
4.431661e+00,9.476125e+00,4.239564e+00,-1.402058e+00,1.142888e-01,-3.846452e-01
-1.945620e-01,9.869056e+00,4.587394e+00,-1.356339e+00,-1.833492e-01,-3.366794e-01
-1.583276e+00,1.084436e+01,4.407812e+00,-1.302587e+00,1.901372e-02,-2.993698e-01
3.103098e+00,9.256550e+00,2.483944e+00,-1.345661e+00,1.175473e-01,-3.272955e-01
3.168506e+00,8.154881e+00,2.074841e+00,-1.466635e+00,-4.192303e-01,-4.866744e-01
-7.345434e-01,7.941565e+00,2.105457e+00,-1.784191e+00,-9.037923e-01,-5.528031e-01
7.968604e-02,8.390405e+00,1.544317e+00,-2.005673e+00,-7.954238e-01,-4.384147e-01
2.894285e+00,7.760518e+00,-2.716955e+00,-2.675579e+00,-6.634450e-01,-1.985419e-01
4.263802e+00,7.575741e+00,-5.731901e+00,-3.351499e+00,-8.889824e-01,-1.245358e-01
1.468384e+01,1.164145e+01,-6.476513e+00,-4.612513e+00,-1.576724e+00,-3.312905e-01
1.078307e+01,1.418874e+01,1.675638e+00,-5.409153e+00,-3.317339e+00,-5.981982e-01
-6.366250e+00,2.878212e+01,1.950873e+01,-5.012724e+00,-5.158942e+00,-3.771267e-01
-1.953995e+01,1.721605e+01,1.837916e+01,-3.393218e+00,-3.176937e+00,-9.133735e-02
-6.159660e+00,3.454870e-03,2.138431e+01,-2.319457e+00,1.961655e+00,1.180173e+00
6.738711e+00,1.615300e+01,1.159274e+01,-1.592148e+00,3.065182e+00,9.194815e-01
1.147147e+01,7.313749e+00,1.478587e+01,2.210679e+00,2.671243e+00,-1.130219e-01
1.321756e+01,1.796716e+00,1.054480e+01,4.049324e+00,1.662906e+00,-4.713015e-01
1.012728e+01,2.663580e-01,1.123745e+01,4.949036e+00,-6.777184e-02,-1.014533e+00
5.883113e+00,1.599972e+00,1.295501e+01,5.837642e+00,-7.652560e-01,-1.472668e+00
2.405285e+00,1.017618e+00,1.367946e+01,7.353258e+00,-8.251727e-01,-1.993940e+00
1.457699e+00,-3.529445e-01,1.410958e+01,8.037208e+00,-2.814521e-01,-1.979247e+00
5.736517e+00,3.873190e+00,1.184511e+01,8.125042e+00,-2.605896e-01,-1.165988e+00
6.723777e+00,9.282538e+00,9.951702e+00,7.541722e+00,-7.964264e-01,-8.096697e-01
-7.028997e+00,-2.133366e-02,4.584996e+00,5.620103e+00,-8.252789e-01,-1.252233e+00
-9.675241e+00,-4.816243e+00,2.049824e+00,3.841841e+00,9.450746e-01,-2.725879e-01
1.663488e+00,-1.004268e+01,-5.051455e+00,4.184910e-01,2.311412e+00,8.107807e-01
4.226253e+00,-6.621886e+00,6.033665e-01,-2.558721e+00,1.649988e+00,5.104077e-01
1.588688e+01,3.863421e+01,1.972473e+00,-3.645382e+00,7.153137e-02,3.389682e-01
1.005357e+01,2.463763e+01,1.035211e+00,-1.272595e+00,-1.384444e+00,-8.567337e-01
-2.214792e+01,-3.321944e+00,1.565936e+01,-3.730309e+00,-1.698274e+00,-7.140584e-01
-8.010280e+00,5.924173e+00,1.541395e+01,-3.726756e+00,2.147361e+00,2.963138e-01
4.990972e+00,1.501032e+01,1.012585e+01,-2.366357e+00,2.309423e+00,6.963567e-01
2.855085e+00,5.507968e+00,1.150518e+01,-1.858156e+00,1.685817e+00,1.103687e-01
5.196038e+00,1.034657e+01,7.448161e+00,-1.369142e+00,4.121590e-01,1.197252e-02
9.039290e-01,8.973912e+00,7.892901e+00,-1.109875e+00,-3.962793e-01,-3.269107e-01
-8.782578e-01,1.054554e+01,5.665281e+00,-8.772267e-01,-1.189367e-01,-2.080193e-01
8.235680e-01,8.907991e+00,4.691409e+00,-7.032584e-01,2.049197e-01,-1.474025e-01
3.639494e+00,1.005091e+01,4.033014e+00,-6.574640e-01,-7.765024e-02,-3.091647e-01
2.040322e+00,8.739588e+00,3.436312e+00,-6.865719e-01,-8.092847e-01,-5.851326e-01
-3.132537e+00,8.155707e+00,3.294146e+00,-8.137609e-01,-1.137331e+00,-6.249800e-01
-3.016151e+00,8.232308e+00,2.706147e+00,-9.388422e-01,-7.607308e-01,-4.278790e-01
3.781922e-01,7.529137e+00,1.690508e-01,-1.255687e+00,-4.412910e-01,-2.152257e-01
1.629994e+00,7.206468e+00,-1.894114e-01,-1.612715e+00,-5.451881e-01,-2.098004e-01
6.155090e-01,7.513447e+00,3.197129e-01,-2.296253e+00,-1.010447e+00,-2.696999e-01
8.435653e-01,8.398468e+00,7.770195e-01,-2.710080e+00,-1.157245e+00,-2.690749e-01
3.219360e+00,9.080852e+00,7.415479e-02,-3.314519e+00,-1.308460e+00,-2.653356e-01
7.374365e+00,9.407778e+00,-3.058903e+00,-3.851402e+00,-1.490901e+00,-3.487102e-01
1.199219e+01,1.779594e+01,6.012921e-01,-4.861729e+00,-3.548803e+00,-9.601123e-01
1.876678e-01,1.769031e+01,1.453358e+01,-4.768342e+00,-5.477900e+00,-1.432772e+00
-8.927656e+00,1.966849e+01,1.961192e+01,-3.914653e+00,-4.373064e+00,-1.534649e+00
-1.000582e+01,7.560698e+00,1.761694e+01,-2.288295e+00,-2.300480e+00,-1.089717e+00
5.184211e+00,9.929479e+00,9.751845e+00,-8.681340e-01,1.152494e+00,-8.203290e-01
6.809095e+00,1.051669e+01,9.369394e+00,8.429021e-01,1.502819e+00,-1.490815e+00
8.191468e+00,3.070669e+00,7.406149e+00,2.645277e+00,1.733840e+00,-1.829662e+00
8.214008e+00,3.187586e+00,5.814095e+00,3.400063e+00,1.604976e+00,-1.916888e+00
5.079282e+00,2.984259e+00,9.197344e+00,4.844227e+00,1.530490e+00,-2.501272e+00
5.307841e+00,4.201271e+00,9.362251e+00,5.626682e+00,1.730012e+00,-2.322171e+00
9.293442e+00,5.241987e+00,1.104084e+01,6.845153e+00,1.209054e+00,-1.728103e+00
1.284260e+01,5.032724e+00,1.225167e+01,7.346829e+00,6.939493e-02,-1.235129e+00
9.206759e+00,6.808876e+00,1.028622e+01,7.266155e+00,-2.875501e+00,-1.136697e+00
3.057131e+00,5.842985e+00,1.127538e+01,6.895088e+00,-3.276540e+00,-1.716502e+00
-1.436635e+01,2.048501e+00,5.003415e+00,5.122273e+00,-1.273493e+00,-1.473115e+00
-1.146625e+01,-3.018206e+00,6.831315e+00,3.249105e+00,1.209326e+00,-2.397472e-01
9.538926e-01,-8.153036e+00,2.472049e+00,-7.848385e-01,3.425029e+00,1.513480e+00
7.604474e+00,-5.510627e+00,6.010648e+00,-3.098717e+00,2.788409e+00,1.037533e+00
1.990038e+01,3.937420e+01,-6.863668e+00,-2.541265e+00,5.719445e-01,7.261260e-01
6.160181e+00,2.250395e+01,3.107564e+00,2.588097e-02,-1.649148e+00,-1.416281e+00
-1.113153e+01,7.803337e-01,1.020251e+01,-2.501575e+00,-1.603754e-01,1.211435e-02
-1.642506e+00,5.997817e+00,8.684447e+00,-2.482144e+00,1.270052e+00,4.671668e-01
-3.526479e-02,1.386497e+01,7.781266e+00,-2.112462e+00,1.373997e+00,1.153184e-01
2.218396e+00,6.842906e+00,6.716793e+00,-1.537153e+00,7.471936e-01,2.666264e-01
1.132324e+00,1.002942e+01,3.834758e+00,-1.433843e+00,-6.552923e-03,3.431322e-02
-5.145892e-01,9.931959e+00,4.421216e+00,-1.387083e+00,9.640178e-04,-2.552396e-02
1.283127e+00,9.529208e+00,3.817136e+00,-1.433428e+00,-2.461824e-01,-1.121058e-01
6.197369e-01,8.164381e+00,4.034644e+00,-1.423064e+00,-6.485130e-01,-2.443082e-01
-2.900000e-01,1.010962e+01,4.363779e+00,-1.392052e+00,-9.773810e-01,-2.902226e-01
-2.900000e-01,9.234213e+00,4.363265e+00,-1.297118e+00,-1.108146e+00,-4.162908e-01
-1.233259e+00,9.352509e+00,4.316729e+00,-1.331788e+00,-1.309981e+00,-4.146613e-01
-1.817639e+00,8.590657e+00,4.457235e+00,-1.324383e+00,-1.130505e+00,-3.487056e-01
1.075240e+00,8.425869e+00,2.291600e+00,-1.537213e+00,-8.747817e-01,-1.548314e-01
2.645185e+00,8.270682e+00,-7.304107e-01,-1.800935e+00,-1.005776e+00,-1.371947e-01
1.238564e+00,8.112465e+00,-1.438650e+00,-2.572819e+00,-1.622950e+00,-1.926479e-01
1.727184e+00,9.630258e+00,1.146587e-01,-3.158554e+00,-1.842230e+00,-1.584874e-01
3.285537e+00,1.120575e+01,2.564140e-01,-3.712119e+00,-1.879518e+00,-2.480699e-02
3.838692e+00,1.666584e+01,-2.324916e+00,-4.146063e+00,-2.263313e+00,1.155698e-01
8.749085e-02,1.876314e+01,6.457402e+00,-4.625304e+00,-3.606397e+00,-6.645426e-01
-1.795232e+00,1.655823e+01,1.506081e+01,-4.414621e+00,-3.644136e+00,-8.027280e-01
-3.983057e+00,1.789806e+01,1.713809e+01,-2.471485e+00,-2.424337e+00,-1.430541e+00
-5.418431e-01,4.291768e+00,1.750167e+01,-9.274293e-01,-7.436838e-01,-1.427635e+00
5.275662e+00,1.054657e+01,7.224300e+00,3.017763e-01,8.479903e-02,-1.772257e+00
2.647045e+00,8.434382e+00,9.723628e+00,2.143171e+00,3.298012e-01,-2.175683e+00
1.608864e+00,3.518150e+00,7.529513e+00,3.583624e+00,1.297756e+00,-1.720649e+00
2.448992e+00,3.647326e+00,8.991318e+00,4.402275e+00,1.904037e+00,-1.705567e+00
3.116924e+00,3.238751e+00,1.002269e+01,5.764531e+00,2.620211e+00,-1.368154e+00
4.774141e+00,4.529736e+00,1.033034e+01,6.611358e+00,2.703351e+00,-1.031207e+00
9.096734e+00,4.204626e+00,1.259365e+01,7.576376e+00,1.902830e+00,-4.611120e-01
1.021318e+01,7.630692e+00,1.133612e+01,7.840658e+00,4.594570e-01,9.698008e-02
7.680499e+00,7.510541e+00,8.899153e+00,7.470011e+00,-1.166963e+00,-5.942587e-01
-6.022745e+00,-9.130364e-01,3.868771e+00,5.755316e+00,-1.055756e+00,-1.119870e+00
-1.635722e+01,-5.975585e+00,5.990155e+00,2.448181e+00,1.973718e+00,2.081717e-01
-1.921466e+00,-1.127371e+01,-2.317199e-02,-4.678675e-01,3.616749e+00,1.430393e+00
6.299722e+00,9.366680e+00,8.356218e+00,-4.113518e+00,3.275932e+00,1.035227e+00
1.584204e+01,3.713454e+01,4.459626e+00,-1.845064e+00,2.507037e+00,1.562951e+00
-2.529427e+00,-7.135554e+00,4.211137e+00,-2.251227e+00,-1.051342e+00,-1.210358e+00
-4.234643e+00,-1.502336e+00,1.279588e+01,-3.292620e+00,-2.266969e-01,-4.506236e-02
-7.551934e+00,1.511746e+01,1.255042e+01,-2.672053e+00,1.134598e+00,7.074236e-02
-2.246728e-01,1.204117e+01,7.484673e+00,-1.705708e+00,1.142923e+00,4.206565e-01
1.081608e+00,8.662921e+00,6.212821e+00,-1.737532e+00,1.265084e+00,4.147054e-01
4.861438e+00,1.140723e+01,4.430000e+00,-1.465155e+00,1.122549e+00,3.623480e-01
3.649436e+00,9.776079e+00,3.891237e+00,-1.376910e+00,-2.907353e-01,-2.088178e-01
6.382132e-01,9.417491e+00,4.132666e+00,-1.359097e+00,-7.347855e-01,-2.735821e-01
-1.267565e+00,9.656818e+00,3.885228e+00,-1.269083e+00,-7.157465e-01,-3.241837e-01
-6.896200e-01,9.101680e+00,3.439390e+00,-1.264444e+00,-5.850010e-01,-2.811406e-01
1.477562e+00,8.593009e+00,2.692293e+00,-1.358399e+00,-5.947880e-01,-2.824073e-01
1.712739e+00,8.363993e+00,2.603004e+00,-1.502136e+00,-8.419132e-01,-3.283451e-01
-2.496392e-01,7.522340e+00,3.082647e+00,-1.718522e+00,-8.995970e-01,-1.925849e-01
-6.304852e-01,7.978787e+00,2.473154e+00,-1.888088e+00,-7.007826e-01,-4.390578e-02
1.655826e+00,9.026281e+00,-1.034421e+00,-2.327013e+00,-6.634556e-01,8.280836e-02
3.668823e+00,8.756471e+00,-1.256474e+00,-2.722534e+00,-9.065508e-01,6.100412e-02
4.795848e+00,1.048917e+01,-1.470144e+00,-3.622313e+00,-1.515457e+00,8.737586e-02
6.162112e+00,1.300373e+01,-3.941622e+00,-4.226644e+00,-2.138669e+00,1.053038e-01
4.624359e-01,1.872911e+01,4.251421e+00,-4.731110e+00,-3.589419e+00,-2.332212e-01
-9.222222e+00,2.141001e+01,1.741445e+01,-4.779707e+00,-4.287408e+00,-3.186702e-01
-1.074986e+01,2.342209e+01,1.630065e+01,-2.736611e+00,-1.663301e+00,3.979027e-01
-8.872014e+00,7.474105e+00,1.893830e+01,-7.175575e-01,8.082698e-01,5.829809e-01
8.374574e+00,1.042723e+01,8.975426e+00,2.046581e-01,2.248207e+00,5.500472e-01
7.837279e+00,1.015307e+01,1.079978e+01,1.530441e+00,1.939108e+00,1.244832e-01
5.625887e+00,3.954652e+00,9.240633e+00,3.782496e+00,1.277397e+00,-4.620334e-01
4.845652e+00,2.011466e+00,8.160928e+00,4.696638e+00,1.170127e+00,-7.733747e-01
4.369728e+00,2.240480e+00,9.913222e+00,5.693766e+00,1.256667e+00,-1.022747e+00
4.094655e+00,3.230737e+00,1.037594e+01,6.413287e+00,1.219202e+00,-9.717848e-01
4.381210e+00,3.113262e+00,1.227719e+01,7.654159e+00,1.078323e+00,-8.758562e-01
5.503434e+00,3.817057e+00,1.393347e+01,8.156215e+00,6.275471e-01,-5.359610e-01
6.145779e+00,1.206292e+01,1.036050e+01,7.958348e+00,-4.621669e-01,-1.812098e-01
-3.851140e+00,3.294634e+00,6.067822e+00,7.243486e+00,-8.052549e-01,-5.004848e-01
-1.156483e+01,-4.037067e+00,8.950568e+00,3.985200e+00,1.575345e+00,-1.804981e-01
-3.106056e+00,-9.867840e+00,-8.248382e-01,1.289796e+00,2.755177e+00,9.196332e-01
4.812853e+00,-6.992433e+00,7.302252e+00,-3.449018e+00,1.688061e+00,4.162504e-01
5.826480e+00,1.537657e+01,7.869579e+00,-4.341549e+00,6.518361e-01,3.340694e-01
7.359303e+00,1.484348e+01,4.364237e+00,-1.279657e+00,-1.866673e+00,-1.695604e+00
-1.243919e+01,-2.950025e+00,1.136303e+01,-2.909479e+00,-1.696797e+00,-8.112972e-01
-1.104521e+01,7.293368e+00,1.502181e+01,-3.032339e+00,1.083259e+00,1.438078e-01
-4.362148e+00,2.004530e+01,1.102580e+01,-2.253456e+00,2.162221e+00,2.318538e-01
6.166197e+00,4.089933e+00,5.222580e+00,-1.508230e+00,1.722799e+00,4.864204e-01
3.298069e+00,8.525770e+00,4.839434e+00,-1.609800e+00,1.202182e+00,2.587983e-01
4.618703e+00,1.148435e+01,4.827824e+00,-1.363088e+00,2.134868e-01,-1.119316e-01
2.006684e+00,1.023137e+01,4.379756e+00,-1.325414e+00,-4.332710e-01,-2.659771e-01
-1.875768e+00,9.729613e+00,3.839827e+00,-1.259554e+00,-3.077264e-01,-1.792214e-01
-1.657016e+00,1.009845e+01,4.155838e+00,-1.158984e+00,-2.826836e-02,-1.477778e-01
1.962980e+00,8.364984e+00,3.379279e+00,-1.129759e+00,-1.813932e-02,-1.996654e-01
3.213120e+00,8.114480e+00,2.991920e+00,-1.200449e+00,-3.741344e-01,-2.844275e-01
1.041993e+00,8.137957e+00,3.340089e+00,-1.368399e+00,-9.972834e-01,-4.241337e-01
-4.859392e-01,7.984742e+00,4.225906e+00,-1.416480e+00,-9.596239e-01,-3.517927e-01
-1.005778e+00,8.557457e+00,4.166348e+00,-1.510640e+00,-4.867363e-01,-7.396255e-02
6.712186e-01,8.145491e+00,1.475174e+00,-1.673634e+00,-3.476544e-01,4.110577e-02
3.633247e+00,9.044943e+00,8.383676e-02,-2.149639e+00,-7.126082e-01,-4.484027e-03
3.301601e+00,9.449680e+00,5.364591e-01,-2.585493e+00,-1.297516e+00,-9.047440e-02
2.694089e+00,9.971517e+00,2.716910e-01,-3.119731e+00,-1.490564e+00,2.598064e-02
6.200033e+00,1.056293e+01,-1.942218e+00,-3.590557e+00,-1.768619e+00,2.395040e-02
5.695312e+00,1.535945e+01,-1.473652e+00,-4.212288e+00,-3.103621e+00,-2.764641e-01
-6.737609e+00,2.016084e+01,1.267151e+01,-4.694748e+00,-4.383294e+00,-5.695420e-01
-1.331301e+01,2.533910e+01,1.734694e+01,-3.323640e+00,-2.684134e+00,2.465705e-01
-1.346137e+01,1.466940e+01,1.674558e+01,-1.217407e+00,-3.800089e-02,6.713033e-01
5.922670e+00,7.028415e+00,1.212845e+01,-5.267445e-01,2.380553e+00,6.147649e-01
1.046533e+01,1.049794e+01,9.902975e+00,9.389626e-01,1.803576e+00,8.357576e-02
6.582448e+00,5.123549e+00,9.751084e+00,2.788559e+00,8.299098e-01,-6.512187e-01
4.377734e+00,2.104163e+00,7.625262e+00,3.705148e+00,5.665794e-01,-8.948429e-01
2.444114e+00,2.035632e+00,8.983987e+00,4.943793e+00,9.194445e-01,-1.440915e+00
2.854523e+00,2.889793e+00,9.691618e+00,5.735004e+00,1.232441e+00,-1.413333e+00
3.535073e+00,3.158430e+00,1.094167e+01,6.926746e+00,1.344444e+00,-1.377150e+00
4.750443e+00,2.983204e+00,1.244540e+01,7.615300e+00,1.173304e+00,-1.124966e+00
8.129417e+00,7.362321e+00,1.104349e+01,8.019071e+00,1.163775e-01,-5.749575e-01
6.239627e+00,9.382294e+00,1.189670e+01,7.674571e+00,-1.012816e+00,-8.124397e-01
-1.240361e+01,1.054476e+00,3.936401e+00,5.570295e+00,-4.590487e-01,-1.159947e+00
-1.844652e+01,-3.400332e+00,1.054794e+01,3.373295e+00,2.059079e+00,-4.539204e-01
3.660684e+00,-1.130106e+01,7.688713e-01,-8.640475e-01,3.721559e+00,1.209941e+00
4.737318e+00,-8.174262e+00,6.541321e+00,-3.805148e+00,2.645695e+00,4.905612e-01
2.159684e+01,3.935114e+01,2.562907e-02,-1.149388e+00,1.349134e+00,8.196700e-01
-1.989750e+00,-4.728016e+00,4.358787e+00,-1.417945e+00,-6.255105e-01,-1.328296e+00
-2.328547e+00,3.300761e+00,1.213475e+01,-2.849525e+00,8.526821e-01,3.180136e-01
-3.026329e+00,1.046766e+01,1.075402e+01,-2.361490e+00,1.138502e+00,1.084897e-02
4.836311e-01,1.306084e+01,7.193402e+00,-1.451395e+00,8.889788e-01,3.153585e-02
1.829676e+00,5.874541e+00,5.106701e+00,-1.205291e+00,6.105540e-01,1.222271e-01
-1.143347e-01,1.098536e+01,3.441868e+00,-1.100342e+00,8.043922e-01,8.966359e-02
2.448576e+00,1.107537e+01,3.423460e+00,-1.118502e+00,6.319286e-01,3.550149e-02
7.261469e-01,8.560371e+00,3.547268e+00,-1.098506e+00,-1.375570e-01,-1.645343e-01
6.712036e-01,8.795712e+00,3.596455e+00,-1.085971e+00,-3.324784e-01,-1.988617e-01
1.003558e+00,1.011118e+01,2.296428e+00,-1.112984e+00,-5.459431e-01,-2.345429e-01
1.189250e+00,9.521501e+00,1.253002e+00,-1.195374e+00,-8.149903e-01,-2.969584e-01
-2.513443e+00,8.209027e+00,1.698099e+00,-1.334067e+00,-1.048004e+00,-3.891978e-01
-1.375283e+00,8.263261e+00,2.650916e+00,-1.481047e+00,-7.301938e-01,-2.489326e-01
9.679549e-01,8.959104e+00,3.878487e+00,-1.613911e+00,-3.588889e-01,-9.053383e-02
1.395859e+00,9.371380e+00,3.965291e+00,-1.685595e+00,-3.567398e-01,5.954518e-03
8.859904e-01,8.078635e+00,2.272029e+00,-1.858471e+00,-4.365440e-01,9.630897e-02
1.135719e+00,8.881761e+00,1.288528e+00,-2.111550e+00,-6.230057e-01,1.067915e-01
6.950707e-01,9.817051e+00,2.060827e+00,-2.532509e+00,-1.028852e+00,5.620867e-02
1.121036e+00,1.017821e+01,3.003594e+00,-2.790348e+00,-1.049396e+00,1.899440e-01
4.980790e+00,1.119734e+01,1.020588e+00,-3.137138e+00,-1.388917e+00,2.380002e-01
5.803929e+00,1.518553e+01,-3.208252e+00,-3.455715e+00,-1.983402e+00,1.790994e-01
-4.335995e-01,1.231066e+01,3.281191e+00,-4.193345e+00,-3.618967e+00,-2.526108e-01
-2.663022e+00,1.674927e+01,1.029795e+01,-4.231345e+00,-3.630487e+00,-2.104863e-01
-9.785372e+00,2.057074e+01,1.574504e+01,-2.614112e+00,-2.093596e+00,-4.123744e-02
-4.957470e+00,5.159902e+00,1.708387e+01,-1.211422e+00,-3.622013e-01,3.764004e-01
2.917246e+00,6.517022e+00,1.067201e+01,-4.050946e-01,1.724807e+00,5.164171e-01
4.940938e+00,9.494546e+00,1.075276e+01,9.472208e-01,1.639406e+00,2.369353e-01
3.571116e+00,4.248004e+00,9.253584e+00,2.829445e+00,1.471192e+00,-1.962533e-01
3.818527e+00,2.903481e+00,8.123012e+00,3.683621e+00,1.488141e+00,-4.070973e-01
4.296263e+00,2.404948e+00,9.156632e+00,4.736672e+00,1.409017e+00,-7.314132e-01
4.343136e+00,3.416864e+00,9.052682e+00,5.391191e+00,1.211455e+00,-8.038880e-01
4.408748e+00,3.576259e+00,1.006756e+01,6.631467e+00,7.537097e-01,-9.848129e-01
4.340130e+00,3.980433e+00,1.142115e+01,7.302579e+00,4.948408e-01,-1.052269e+00
6.223565e+00,7.972206e+00,1.373954e+01,7.805636e+00,1.671563e-02,-9.229838e-01
5.266367e+00,1.101150e+01,1.050513e+01,7.790653e+00,-3.745029e-01,-9.384672e-01
-4.062518e+00,4.065686e+00,6.261988e+00,6.182006e+00,-6.947879e-01,-1.115786e+00
-1.444510e+01,3.680798e-01,9.863270e+00,4.287809e+00,1.147846e+00,-4.876783e-01
-3.536473e+00,-1.141691e+01,-1.720368e+00,5.167574e-01,3.690981e+00,8.427940e-01
3.337156e+00,-8.956650e+00,4.363050e+00,-2.551448e+00,3.506406e+00,8.867378e-01
1.296037e+01,3.883312e+01,5.692353e+00,-3.438311e+00,2.021690e+00,9.501826e-01
2.417202e+01,3.837683e+01,-1.636685e-01,-4.117592e-01,-3.702238e-02,-8.562232e-01
-8.164841e+00,-2.540138e+00,9.837238e+00,-2.741809e+00,-5.952019e-01,-1.438874e-01
-3.262398e+00,8.939087e+00,1.049662e+01,-2.365983e+00,1.284244e+00,4.141357e-01
-4.696944e+00,1.629092e+01,1.052913e+01,-1.906940e+00,1.680365e+00,-8.912592e-02
3.178888e+00,9.695819e+00,7.247604e+00,-1.372533e+00,1.596539e+00,1.642208e-01
5.567038e+00,8.599225e+00,3.213883e+00,-1.180741e+00,3.580485e-01,-1.803211e-01
1.502769e+00,1.157124e+01,2.818167e+00,-1.103325e+00,-1.696939e-01,-3.055063e-01
-9.574538e-01,9.296998e+00,3.137614e+00,-1.117784e+00,-1.330930e-01,-3.007367e-01
-7.748537e-01,9.031279e+00,2.761081e+00,-1.113882e+00,-3.514808e-01,-2.977931e-01
-6.573874e-01,9.317366e+00,2.400191e+00,-1.156918e+00,-2.236032e-01,-1.930756e-01
2.138925e+00,9.967474e+00,1.584153e+00,-1.256640e+00,-2.176692e-01,-1.752278e-01
2.117398e+00,8.277234e+00,3.782973e-01,-1.461001e+00,-1.002190e+00,-4.023483e-01
-3.448138e-01,8.276890e+00,9.695672e-01,-1.647048e+00,-1.293223e+00,-4.687046e-01
-3.458564e+00,8.837363e+00,4.273707e+00,-1.714453e+00,-8.625812e-01,-3.441262e-01
3.069074e-01,9.459487e+00,5.587798e+00,-1.710623e+00,-3.546850e-01,-1.404513e-01
2.522994e+00,9.926646e+00,5.628142e+00,-1.631842e+00,-2.643787e-01,1.484528e-02
1.979223e+00,9.178267e+00,4.045556e+00,-1.671610e+00,-4.157078e-01,7.415169e-02
8.708095e-01,8.768376e+00,1.071894e+00,-1.939568e+00,-5.390902e-01,1.675826e-01
1.231498e+00,9.549595e+00,4.340487e-01,-2.272004e+00,-7.869690e-01,1.342751e-01
2.986567e-01,9.983861e+00,2.217062e+00,-2.704302e+00,-1.010076e+00,2.103780e-01
3.504627e+00,1.072677e+01,2.301989e+00,-2.927911e+00,-1.022945e+00,2.196727e-01
4.507787e+00,1.354601e+01,-1.621831e+00,-3.396735e+00,-1.839256e+00,1.041326e-01
3.789755e+00,1.221439e+01,-1.767375e+00,-3.805177e+00,-2.609604e+00,-2.559427e-01
-2.819604e+00,1.777158e+01,1.050388e+01,-4.436383e+00,-3.699050e+00,-4.141214e-01
-5.996764e+00,2.199763e+01,1.523531e+01,-3.793060e+00,-3.181981e+00,-2.877464e-01
-8.850574e+00,1.220657e+01,1.515989e+01,-1.359545e+00,-6.238571e-01,1.403230e-01
1.898421e+00,5.718471e+00,1.118276e+01,-1.020586e+00,1.057245e+00,2.317021e-01
5.703062e+00,1.023908e+01,9.204309e+00,7.570718e-01,1.268104e+00,-1.494834e-01
4.291327e+00,6.552163e+00,1.033685e+01,2.043621e+00,1.207603e+00,-4.965359e-01
3.477363e+00,3.433628e+00,7.918127e+00,3.284511e+00,1.370615e+00,-7.113590e-01
3.474369e+00,3.494239e+00,8.671844e+00,4.060022e+00,1.550477e+00,-8.635601e-01
3.837586e+00,4.488621e+00,9.891034e+00,5.436888e+00,1.574274e+00,-7.395354e-01
4.053025e+00,4.460581e+00,9.835931e+00,6.273484e+00,1.425756e+00,-6.502112e-01
4.838722e+00,3.604320e+00,1.146232e+01,7.215932e+00,1.101028e+00,-4.887530e-01
6.333839e+00,4.865623e+00,1.267951e+01,7.605254e+00,6.627466e-01,-2.995176e-01
6.683395e+00,9.940817e+00,1.093895e+01,7.726319e+00,-3.869979e-01,-3.996982e-01
1.984999e+00,6.805110e+00,9.566994e+00,6.865356e+00,-7.191343e-01,-8.817684e-01
-1.473032e+01,1.107183e+00,5.688002e+00,4.037797e+00,9.940835e-01,-5.307635e-01
-7.740909e+00,-8.083417e+00,3.140117e+00,2.137858e+00,2.704113e+00,2.640415e-01
2.421021e+00,-9.653800e+00,3.007758e+00,-2.571511e+00,2.759036e+00,5.974617e-01
7.507153e+00,1.858459e+01,3.462258e+00,-3.354697e+00,1.826179e+00,4.835379e-01
8.773954e+00,7.520721e+00,1.827333e+00,-1.766735e+00,-5.557797e-01,-1.063636e+00
-4.023738e+00,-6.042183e+00,8.714239e+00,-3.050529e+00,-1.101520e+00,-5.921752e-01
-1.002479e+01,8.281196e+00,1.419762e+01,-3.035628e+00,5.860134e-01,-6.489671e-02
-6.157106e+00,1.690663e+01,1.265490e+01,-2.440267e+00,1.760179e+00,4.092558e-02
5.600888e+00,6.568137e+00,4.732666e+00,-1.372408e+00,1.372188e+00,3.276910e-01
3.235699e+00,8.332318e+00,4.018203e+00,-1.530279e+00,7.336394e-01,4.927217e-02
2.415971e+00,1.087407e+01,4.510000e+00,-1.327777e+00,2.313546e-01,-8.906069e-02
1.521711e+00,9.241081e+00,4.355811e+00,-1.332870e+00,-2.095002e-01,-2.389940e-01
-1.858675e-01,9.629591e+00,4.240000e+00,-1.286887e+00,-2.467512e-01,-1.945074e-01
1.130475e+00,1.084754e+01,3.819746e+00,-1.251114e+00,-1.967989e-01,-1.984872e-01
1.749017e+00,9.679165e+00,2.806978e+00,-1.237742e+00,-6.141098e-01,-3.535023e-01
-5.640905e-02,8.643965e+00,2.418383e+00,-1.320049e+00,-9.651981e-01,-4.227282e-01
-2.183401e+00,7.819443e+00,3.091174e+00,-1.503673e+00,-8.074170e-01,-3.382237e-01
-1.192094e+00,8.085380e+00,3.948828e+00,-1.580154e+00,-4.716745e-01,-1.787788e-01
1.215095e+00,9.090784e+00,4.771523e+00,-1.669821e+00,-2.701553e-01,-7.724016e-03
1.796971e+00,8.597235e+00,3.083882e+00,-1.760914e+00,-3.388923e-01,6.967369e-02
2.680556e+00,7.899909e+00,1.107151e+00,-2.186193e+00,-7.880075e-01,5.627083e-02
2.936503e+00,8.437005e+00,1.944420e-01,-2.585537e+00,-1.291539e+00,-2.040295e-02
2.377894e+00,9.995263e+00,6.033839e-01,-3.052926e+00,-1.584266e+00,7.175708e-04
5.084716e+00,1.163840e+01,-1.385060e+00,-3.442367e+00,-1.798447e+00,4.228497e-02
4.217563e+00,1.496358e+01,-9.296712e-01,-4.201416e+00,-3.224232e+00,-2.516503e-01
-2.345798e+00,1.566476e+01,6.984139e+00,-4.514003e+00,-4.056088e+00,-1.900340e-01
-9.954302e+00,2.343059e+01,1.567800e+01,-3.528990e+00,-2.508694e+00,6.703894e-02
-1.007824e+01,1.346999e+01,1.589080e+01,-1.740284e+00,-7.533822e-01,4.076879e-01
4.171229e+00,6.580344e+00,1.169501e+01,-7.365350e-01,2.010041e+00,5.749986e-01
8.359728e+00,1.093217e+01,9.123156e+00,5.703947e-01,1.776507e+00,2.635660e-01
6.138135e+00,5.611635e+00,9.982072e+00,2.630962e+00,1.022067e+00,-4.757855e-01
4.862688e+00,3.290167e+00,8.089629e+00,3.584858e+00,8.124407e-01,-7.609114e-01
3.272214e+00,2.512260e+00,8.464611e+00,4.614560e+00,9.137610e-01,-1.158557e+00
2.809912e+00,2.653518e+00,1.006994e+01,5.416960e+00,1.091231e+00,-1.188380e+00
3.132062e+00,3.860000e+00,1.064870e+01,6.652603e+00,1.213669e+00,-1.066494e+00
3.567508e+00,3.737411e+00,1.198906e+01,7.437362e+00,1.170509e+00,-9.161112e-01
6.546029e+00,7.558692e+00,1.344345e+01,7.975372e+00,4.795514e-01,-3.848855e-01
7.263536e+00,1.102245e+01,1.089313e+01,8.018610e+00,-2.303971e-01,-2.905259e-01
-1.516823e+00,2.123629e+00,5.847229e+00,6.205296e+00,-5.429476e-01,-1.035988e+00
-1.603424e+01,2.322919e-01,9.348166e+00,3.990838e+00,9.831321e-01,-6.541441e-01
-2.539675e-01,-1.110333e+01,-1.663581e+00,2.125285e-01,3.388316e+00,1.035222e+00
2.901476e+00,-1.037481e+01,3.894466e+00,-2.703750e+00,2.983233e+00,5.900969e-01
1.981980e+01,3.941000e+01,3.161489e+00,-2.405435e+00,1.491008e+00,8.465833e-01
2.224684e+01,2.939891e+01,9.397182e-01,-1.336372e+00,-6.914616e-01,-1.258896e+00
-8.121652e+00,-2.810112e+00,1.221433e+01,-2.960686e+00,-1.552903e+00,-1.030136e+00
-9.402221e+00,9.484681e+00,1.435192e+01,-3.123166e+00,7.443059e-01,-1.684953e-02
1.045534e+00,1.521107e+01,7.428835e+00,-2.417171e+00,1.656496e+00,3.969891e-02
2.974106e+00,4.182068e+00,6.436412e+00,-1.370106e+00,1.271493e+00,2.709544e-01
1.565006e+00,1.112349e+01,4.707928e+00,-1.453104e+00,1.154874e+00,2.269516e-01
3.191280e+00,1.130899e+01,4.062681e+00,-1.185357e+00,6.245023e-01,-2.069470e-02
1.813766e+00,8.653392e+00,3.818117e+00,-1.218889e+00,-4.103030e-02,-2.367890e-01
5.997717e-01,9.212368e+00,4.094907e+00,-1.212572e+00,-3.460117e-01,-2.696765e-01
1.713186e+00,1.048803e+01,3.386553e+00,-1.207321e+00,-4.795104e-01,-3.016295e-01
1.284730e+00,9.904618e+00,2.738494e+00,-1.242234e+00,-8.999752e-01,-4.161853e-01
-8.077890e-01,8.634562e+00,2.116632e+00,-1.334464e+00,-1.144056e+00,-4.478511e-01
-2.059114e+00,8.463260e+00,2.292943e+00,-1.425902e+00,-1.148576e+00,-4.388910e-01
-1.140918e+00,7.976683e+00,3.772029e+00,-1.550027e+00,-7.781228e-01,-2.786914e-01
8.723077e-01,8.664882e+00,4.281760e+00,-1.666772e+00,-5.243391e-01,-1.168147e-01
1.537224e+00,7.864899e+00,2.359371e+00,-1.832050e+00,-4.931049e-01,9.358226e-03
1.547557e+00,8.013384e+00,1.197744e+00,-2.111381e+00,-6.645944e-01,9.257351e-02
2.520534e+00,9.324854e+00,3.883010e-01,-2.628828e+00,-1.028002e+00,7.855190e-02
1.634874e+00,9.368453e+00,8.223942e-01,-3.018017e+00,-1.337506e+00,9.340670e-02
3.259857e+00,1.406617e+01,-1.355550e+00,-3.543330e+00,-1.574511e+00,1.992479e-01
2.491836e+00,1.697287e+01,2.320807e-01,-3.944551e+00,-2.037957e+00,1.871427e-01
-3.784105e+00,1.708256e+01,1.031263e+01,-4.474580e+00,-3.352665e+00,-1.907084e-01
-3.860729e+00,2.201449e+01,1.466539e+01,-3.943226e+00,-2.581385e+00,2.992930e-02
-3.177211e+00,7.617293e+00,1.693820e+01,-1.669207e+00,-1.120833e+00,-1.721410e-01
4.758348e+00,5.734805e+00,1.221141e+01,-9.262599e-01,1.678464e-01,-1.328424e-01
6.176695e+00,1.055310e+01,9.215733e+00,5.102063e-01,5.941576e-01,-6.419537e-01
3.264664e+00,5.983573e+00,1.008246e+01,2.065775e+00,4.579538e-01,-1.168109e+00
3.026608e+00,2.793050e+00,7.982708e+00,3.458037e+00,8.339288e-01,-1.322017e+00
3.481672e+00,3.288190e+00,9.075491e+00,4.278860e+00,1.168435e+00,-1.493553e+00
3.216879e+00,3.622659e+00,1.039055e+01,5.615964e+00,1.377988e+00,-1.392341e+00
3.462788e+00,3.893417e+00,1.076925e+01,6.443456e+00,1.386562e+00,-1.234712e+00
5.215463e+00,3.686306e+00,1.322376e+01,7.495789e+00,1.133892e+00,-9.031232e-01
7.064280e+00,8.350721e+00,1.160800e+01,7.888315e+00,5.422728e-01,-5.048439e-01
4.442288e+00,8.436118e+00,1.048422e+01,7.721808e+00,-6.465825e-01,-5.910731e-01
-6.268687e+00,1.836802e+00,4.289760e+00,6.500111e+00,-5.486229e-01,-1.010663e+00
-9.596569e+00,-7.901812e+00,3.133139e+00,3.681681e+00,1.937021e+00,-5.381046e-01
1.536887e+00,-1.013442e+01,5.338740e-01,1.018811e+00,3.704610e+00,9.722002e-01
4.048787e+00,2.268173e+00,7.961961e+00,-3.452681e+00,2.863829e+00,5.086804e-01
1.772185e+01,3.926283e+01,1.497358e+00,-2.746254e+00,2.243510e+00,9.414953e-01
-7.851675e-01,-2.962735e+00,5.123770e+00,-1.307975e+00,3.928258e-01,-9.683378e-01
1.816432e+00,1.671800e+00,1.074039e+01,-2.953331e+00,5.371942e-01,8.230524e-02
-4.904364e+00,1.526616e+01,1.229705e+01,-2.692690e+00,8.333055e-01,-2.261542e-01
6.445739e-02,1.613247e+01,8.587368e+00,-2.027833e+00,8.493972e-01,-8.988193e-02
6.384478e-02,5.720676e+00,5.015880e+00,-1.429055e+00,4.726968e-01,2.022712e-02
1.273736e-01,1.083115e+01,4.646233e+00,-1.402709e+00,7.095304e-01,1.227864e-01
4.288833e+00,1.089648e+01,3.860325e+00,-1.247823e+00,6.818531e-01,4.325553e-02
2.913484e+00,8.940410e+00,3.396127e+00,-1.209158e+00,-2.404990e-02,-1.702354e-01
5.293401e-01,9.744087e+00,3.634087e+00,-1.205713e+00,-5.908038e-01,-3.089204e-01
-4.882719e-01,9.337190e+00,3.118883e+00,-1.179955e+00,-7.591223e-01,-3.544804e-01
-3.529645e-01,8.548147e+00,2.500000e+00,-1.221375e+00,-7.517027e-01,-3.366426e-01
-3.170806e-01,8.522034e+00,2.699472e+00,-1.310936e+00,-7.843787e-01,-3.308801e-01
-5.600740e-01,8.254010e+00,3.747921e+00,-1.421095e+00,-7.300137e-01,-2.966765e-01
4.625623e-01,8.562913e+00,4.277755e+00,-1.513313e+00,-5.492356e-01,-1.660933e-01
1.183020e+00,8.416980e+00,2.902767e+00,-1.654078e+00,-3.204780e-01,5.861787e-02
1.673929e+00,8.175655e+00,1.554565e+00,-1.858626e+00,-3.869030e-01,1.573001e-01
2.606136e+00,9.463762e+00,-1.098017e-01,-2.341422e+00,-7.819481e-01,1.500194e-01
-1.012801e-01,9.091948e+00,8.503429e-01,-2.729063e+00,-1.174681e+00,1.277214e-01
2.952151e+00,1.090453e+01,6.644973e-01,-3.316575e+00,-1.103253e+00,3.156998e-01
6.319060e+00,1.719006e+01,-2.952099e+00,-3.807545e+00,-1.529329e+00,3.691526e-01
-2.976611e+00,1.539910e+01,7.485840e+00,-4.289330e+00,-2.989917e+00,-8.786557e-02
-4.390243e+00,1.687446e+01,1.315242e+01,-4.366159e+00,-3.494092e+00,2.499054e-03
-7.767714e+00,2.056467e+01,1.509936e+01,-2.872921e+00,-1.533606e+00,2.485721e-02
-1.928395e+00,3.462348e+00,1.771668e+01,-1.104626e+00,2.873120e-02,2.254374e-01
5.695655e+00,9.813683e+00,8.489211e+00,-5.388779e-01,1.402565e+00,3.107659e-01
3.999684e+00,8.604266e+00,1.068945e+01,1.001021e+00,1.238212e+00,-1.297850e-01
3.678231e+00,3.444886e+00,8.564816e+00,3.038678e+00,1.290904e+00,-4.782613e-01
4.154251e+00,2.776501e+00,8.153251e+00,3.896528e+00,1.409997e+00,-6.572715e-01
3.881525e+00,3.047699e+00,1.013692e+01,4.977118e+00,1.412626e+00,-9.604860e-01
3.813769e+00,3.730584e+00,9.744644e+00,5.763858e+00,1.312099e+00,-9.668614e-01
3.855337e+00,3.817259e+00,1.090635e+01,7.073667e+00,1.085450e+00,-1.026084e+00
6.204517e+00,4.191718e+00,1.203987e+01,7.600392e+00,8.726084e-01,-9.324153e-01
8.146447e+00,1.158979e+01,9.745825e+00,7.655103e+00,-3.932159e-02,-5.128607e-01
3.180366e+00,9.205100e+00,8.132213e+00,7.327115e+00,-5.794857e-01,-8.793365e-01
-1.069888e+01,1.814497e+00,5.922915e+00,5.503226e+00,-3.177726e-01,-7.248584e-01
-1.127732e+01,-3.847470e+00,4.587294e+00,3.583556e+00,1.765391e+00,-1.038077e-01
2.906926e+00,-8.125478e+00,1.096275e+00,-1.397880e-01,3.103716e+00,8.960805e-01
6.824617e+00,-3.087213e+00,8.618406e+00,-2.731889e+00,2.372797e+00,7.126542e-01
2.216096e+01,3.911995e+01,-1.017595e+00,-3.013532e+00,6.164263e-01,4.806995e-01
9.897007e+00,1.261087e+01,1.487620e+00,-8.334273e-01,-1.342371e+00,-1.236005e+00
-1.039210e+01,2.641213e+00,1.274580e+01,-2.905416e+00,-1.434927e+00,-6.266804e-01
-8.936850e+00,9.843947e+00,1.303042e+01,-2.790086e+00,1.003411e+00,3.568689e-01
1.828225e+00,1.448289e+01,7.961862e+00,-1.733529e+00,2.655520e+00,5.321567e-01
7.663577e+00,6.364201e+00,5.504932e+00,-1.205726e+00,1.998217e+00,5.385787e-01
3.790209e+00,1.046418e+01,2.992856e+00,-1.238120e+00,7.481610e-01,1.109530e-02
2.549050e+00,1.032110e+01,3.172683e+00,-1.094871e+00,1.563975e-02,-2.579884e-01
-1.316224e+00,9.298210e+00,3.742830e+00,-1.170341e+00,-6.525941e-01,-4.055334e-01
-1.936801e+00,8.875323e+00,4.052339e+00,-1.138252e+00,-4.991350e-01,-3.163373e-01
9.704288e-01,9.712393e+00,2.980739e+00,-1.134137e+00,-2.571956e-01,-1.636408e-01
2.355713e+00,9.030002e+00,1.967147e+00,-1.139903e+00,-3.839977e-01,-2.093117e-01
3.042586e-01,8.682302e+00,1.435621e+00,-1.320798e+00,-1.104280e+00,-4.137668e-01
-1.931191e+00,8.332200e+00,2.078497e+00,-1.442200e+00,-1.321079e+00,-4.753315e-01
-1.581054e+00,8.826167e+00,4.295350e+00,-1.574727e+00,-9.192729e-01,-2.808261e-01
1.176058e-01,9.303389e+00,4.603297e+00,-1.599804e+00,-5.442957e-01,-1.133976e-01
1.209093e+00,8.708911e+00,2.751823e+00,-1.717163e+00,-4.186267e-01,6.917523e-02
1.059582e+00,7.932022e+00,1.366286e+00,-1.931529e+00,-4.751055e-01,1.659128e-01
3.074151e+00,9.517574e+00,-5.865216e-02,-2.381341e+00,-6.959870e-01,1.783077e-01
1.916054e+00,9.066603e+00,9.103790e-01,-2.773406e+00,-1.146349e+00,1.023831e-01
3.119624e+00,1.167162e+01,1.522776e+00,-3.340851e+00,-1.424807e+00,1.747033e-01
3.459500e+00,1.533869e+01,-1.300743e+00,-3.726094e+00,-1.816742e+00,2.633333e-01
-8.455483e-01,1.424134e+01,3.643237e+00,-4.138048e+00,-2.722972e+00,-9.985726e-03
-4.111895e+00,1.777515e+01,1.382749e+01,-4.402218e+00,-3.264287e+00,7.759238e-02
-6.284142e+00,1.960457e+01,1.446740e+01,-3.042245e+00,-1.423145e+00,2.053696e-01
-2.856673e+00,8.565821e+00,1.490062e+01,-1.193522e+00,-2.517820e-03,2.961587e-01
7.239752e+00,8.086682e+00,7.644883e+00,-7.357433e-01,1.042193e+00,1.640207e-01
5.345174e+00,9.589802e+00,8.812644e+00,4.288566e-01,7.732290e-01,-1.667482e-01
2.269651e+00,4.198905e+00,9.862297e+00,2.520841e+00,5.992072e-01,-7.630691e-01
2.669408e+00,2.439501e+00,7.849501e+00,3.460098e+00,8.639007e-01,-8.689002e-01
3.046178e+00,2.736178e+00,9.670068e+00,4.530837e+00,1.163310e+00,-1.113455e+00
3.019842e+00,2.575905e+00,9.933071e+00,5.355967e+00,1.215291e+00,-1.147127e+00
3.771354e+00,3.448744e+00,1.075426e+01,6.587544e+00,1.115387e+00,-1.107939e+00
4.457014e+00,3.480006e+00,1.289730e+01,7.363777e+00,8.154691e-01,-1.018343e+00
7.164758e+00,8.990487e+00,1.248747e+01,7.886598e+00,1.498022e-01,-6.759407e-01
5.464025e+00,8.293230e+00,9.467958e+00,7.904915e+00,-5.245209e-01,-7.573920e-01
-1.196174e+01,2.405058e+00,4.882822e+00,6.049832e+00,-8.779447e-01,-1.291457e+00
-1.593684e+01,-2.561646e+00,8.419377e+00,3.971807e+00,1.288206e+00,-6.478998e-01
1.120324e+00,-1.121844e+01,-6.297929e-01,4.041630e-01,3.721785e+00,1.004342e+00
4.524577e+00,-5.779579e-01,4.682841e+00,-2.469791e+00,3.360303e+00,7.626230e-01
1.935757e+01,3.917588e+01,-9.773564e-01,-2.134496e+00,1.865164e+00,7.619011e-01
2.979924e-01,-1.028837e+00,2.200394e+00,-1.538590e+00,-2.266956e-01,-1.028463e+00
-1.393599e+00,1.672463e+00,1.021752e+01,-2.975831e+00,1.873797e-01,1.578886e-01
-6.396607e+00,9.586669e+00,1.262024e+01,-2.723987e+00,6.145668e-01,-2.110675e-02
3.897097e-02,1.536309e+01,8.535995e+00,-1.912425e+00,1.389024e+00,1.557499e-01
2.347349e+00,5.493687e+00,6.153294e+00,-1.328522e+00,1.140312e+00,2.730579e-01
9.164271e-01,1.051298e+01,4.663429e+00,-1.326116e+00,1.003908e+00,1.349175e-01
3.836390e+00,1.136950e+01,3.972407e+00,-1.202550e+00,8.862418e-01,7.862961e-02
2.238680e+00,8.506866e+00,3.704465e+00,-1.170937e+00,-1.750834e-01,-2.605409e-01
3.334773e-01,8.741826e+00,4.365812e+00,-1.168203e+00,-4.974867e-01,-2.934203e-01
8.900000e-01,9.940373e+00,3.574480e+00,-1.133690e+00,-5.601227e-01,-3.262765e-01
6.595174e-01,9.524951e+00,2.721153e+00,-1.123990e+00,-7.417698e-01,-3.736138e-01
-1.507859e+00,8.433834e+00,2.456211e+00,-1.168890e+00,-1.078025e+00,-4.272427e-01
-2.810036e+00,8.392693e+00,3.003249e+00,-1.251025e+00,-9.057600e-01,-3.500592e-01
-3.028030e-02,8.479944e+00,4.104916e+00,-1.332853e+00,-4.129353e-01,-1.564182e-01
2.121975e+00,9.084118e+00,4.352983e+00,-1.404906e+00,-2.860327e-01,-7.083404e-02
1.410788e+00,8.622553e+00,2.492748e+00,-1.529472e+00,-5.293239e-01,-3.269131e-02
7.095879e-01,7.869176e+00,1.431751e+00,-1.704033e+00,-6.856323e-01,-1.244186e-02
1.245051e+00,9.023517e+00,8.058287e-01,-2.191623e+00,-8.879013e-01,1.689730e-02
-5.815333e-01,8.911453e+00,1.942986e+00,-2.555411e+00,-1.073400e+00,8.014537e-02
1.557871e+00,1.074911e+01,1.947857e+00,-2.965107e+00,-9.381214e-01,2.730999e-01
5.660204e+00,1.469266e+01,-2.100408e+00,-3.335998e+00,-1.217496e+00,3.196631e-01
3.310699e+00,1.411716e+01,-3.846869e-02,-3.916500e+00,-2.433801e+00,-6.220683e-02
-1.340072e+00,1.428114e+01,7.814027e+00,-4.374370e+00,-3.522648e+00,-3.309779e-01
-5.383582e+00,2.195622e+01,1.539448e+01,-3.871047e+00,-2.803522e+00,-2.952053e-01
-4.941832e+00,1.196729e+01,1.460268e+01,-2.323827e+00,-1.662548e+00,-1.677631e-01
1.881294e+00,3.110106e+00,1.334913e+01,-9.548858e-01,4.853112e-01,-1.503293e-01
5.650251e+00,1.003139e+01,8.122601e+00,-4.035295e-02,7.902276e-01,-2.881135e-01
2.518494e+00,5.243321e+00,1.028720e+01,2.028022e+00,7.845426e-01,-7.909308e-01
2.755276e+00,3.073161e+00,8.521192e+00,3.106091e+00,1.112770e+00,-8.483319e-01
3.876535e+00,2.571681e+00,8.402968e+00,4.132507e+00,1.445618e+00,-1.030453e+00
3.393600e+00,2.940193e+00,9.625724e+00,4.921240e+00,1.515622e+00,-1.082609e+00
3.348578e+00,3.460842e+00,9.885853e+00,6.185692e+00,1.436109e+00,-9.447536e-01
3.768188e+00,3.524053e+00,1.133827e+01,7.001901e+00,1.267790e+00,-8.174503e-01
6.289879e+00,5.712218e+00,1.343095e+01,7.784194e+00,7.691599e-01,-4.543603e-01
7.650379e+00,9.911137e+00,1.073908e+01,7.875790e+00,3.142045e-02,-1.855715e-01
-5.309935e-01,5.522731e+00,5.718284e+00,7.164732e+00,-9.213794e-01,-7.693581e-01
-1.704683e+01,-8.993381e-01,6.693834e+00,5.326216e+00,-5.455308e-01,-8.611938e-01
-8.544549e+00,-8.637723e+00,-4.676915e-01,1.568813e+00,2.987588e+00,3.760339e-01
3.743138e+00,-7.768916e+00,2.380012e+00,-1.635075e+00,3.286824e+00,9.250824e-01
1.581851e+01,3.573682e+01,-7.177019e-01,-2.972371e+00,2.064518e+00,4.921917e-01
1.187469e+01,1.832552e+01,3.044908e+00,-1.571903e+00,9.704374e-01,1.282991e-01
-3.501674e+00,-1.930155e-01,1.108190e+01,-3.114683e+00,-3.287495e-01,-3.389608e-01
-3.310944e+00,5.834922e+00,1.128625e+01,-2.764885e+00,6.147551e-01,2.977507e-02
-1.687072e+00,1.648619e+01,9.983201e+00,-2.275968e+00,9.022379e-01,-2.365016e-01
2.348820e+00,7.074710e+00,5.975069e+00,-1.423668e+00,8.602601e-01,1.442946e-01
1.446475e-01,1.041786e+01,4.474906e+00,-1.384695e+00,6.781908e-01,8.300529e-02
6.357107e-01,1.149993e+01,4.484970e+00,-1.141831e+00,6.233857e-01,1.141164e-02
2.416843e+00,8.950443e+00,3.683378e+00,-1.112419e+00,1.172374e-01,-1.164505e-01
1.646002e+00,8.436386e+00,3.519198e+00,-1.113016e+00,-2.859179e-01,-2.097857e-01
1.324585e+00,1.015503e+01,3.251888e+00,-1.173589e+00,-6.275930e-01,-2.574607e-01
8.100000e-01,9.424905e+00,2.640065e+00,-1.194549e+00,-7.850548e-01,-3.068937e-01
-7.888044e-02,8.607653e+00,2.043827e+00,-1.324029e+00,-1.039243e+00,-3.553341e-01
-1.372657e+00,8.648391e+00,2.444023e+00,-1.403278e+00,-1.160133e+00,-3.623760e-01
-2.846462e+00,8.172058e+00,4.230722e+00,-1.446420e+00,-8.155881e-01,-2.728400e-01
7.628869e-01,8.722413e+00,5.280295e+00,-1.481468e+00,-4.383491e-01,-1.312235e-01
2.313870e+00,8.658101e+00,4.638798e+00,-1.509304e+00,-2.948237e-01,1.996396e-02
1.144460e+00,7.773881e+00,3.501940e+00,-1.600547e+00,-4.448182e-01,1.057874e-01
4.618980e-01,8.893085e+00,2.052197e+00,-1.805927e+00,-5.083780e-01,1.959262e-01
2.092915e+00,9.858081e+00,2.227674e-01,-2.081792e+00,-5.210669e-01,2.610138e-01
2.803429e+00,9.253837e+00,3.505810e-01,-2.715905e+00,-9.399153e-01,2.493103e-01
4.258444e+00,1.053125e+01,2.488322e-01,-3.171962e+00,-1.296064e+00,1.915751e-01
3.882332e+00,1.607186e+01,-1.265759e+00,-3.794028e+00,-2.166662e+00,1.217867e-01
-2.823064e+00,1.448946e+01,5.027794e+00,-4.144550e+00,-3.043099e+00,-1.320723e-01
-7.440619e+00,2.197481e+01,1.663152e+01,-4.204177e+00,-2.837697e+00,2.757719e-01
-7.414886e+00,2.114592e+01,1.620167e+01,-2.809807e+00,-1.245747e+00,5.941103e-01
6.959292e-01,2.555982e+00,1.656409e+01,-8.831051e-01,1.031709e+00,7.607618e-01
6.008521e+00,6.432024e+00,1.017449e+01,-3.686181e-01,1.447945e+00,6.329735e-01
4.390313e+00,6.959823e+00,9.994493e+00,1.628736e+00,7.057059e-01,-1.195304e-01
2.388000e+00,3.282665e+00,8.806665e+00,2.665459e+00,6.226631e-01,-3.780400e-01
2.586887e+00,2.231517e+00,8.223015e+00,3.988379e+00,9.671151e-01,-6.526707e-01
2.904092e+00,2.434092e+00,9.094114e+00,4.829172e+00,1.196092e+00,-8.680718e-01
3.190534e+00,2.497236e+00,9.959257e+00,5.920980e+00,1.228573e+00,-8.969401e-01
3.495193e+00,3.008647e+00,1.045268e+01,6.665037e+00,1.117566e+00,-9.374752e-01
4.309885e+00,4.371970e+00,1.280989e+01,7.573251e+00,9.498557e-01,-8.942653e-01
7.028089e+00,9.172102e+00,1.324662e+01,7.982369e+00,6.279452e-01,-7.102165e-01
5.533287e-03,8.729792e+00,7.546278e+00,7.685369e+00,-2.021255e-01,-8.304002e-01
-7.787863e+00,4.492441e+00,5.430296e+00,6.516325e+00,-4.351233e-01,-7.971457e-01
-1.089789e+01,-7.383080e+00,2.266897e-01,3.537760e+00,2.785444e+00,8.942872e-02
-1.912303e-01,-9.911199e+00,-2.685225e+00,2.750708e-01,3.737426e+00,9.236781e-01
7.855812e+00,-4.688810e+00,6.425406e+00,-3.680016e+00,2.147399e+00,4.917432e-01
1.041831e+01,3.246416e+01,9.298541e+00,-4.110067e+00,8.485075e-01,3.181347e-01
-1.170302e-01,-2.550225e+00,3.949009e+00,-7.168576e-01,-1.390236e+00,-1.311583e+00
-1.273706e+01,-3.195339e-01,1.210301e+01,-2.517918e+00,-2.676838e+00,-1.499214e+00
-1.243140e+01,1.083535e+01,1.351967e+01,-2.708359e+00,9.432232e-01,2.549025e-01
-9.263074e+00,1.448431e+01,1.171816e+01,-2.046663e+00,2.596412e+00,4.342450e-01
8.726381e+00,6.863497e+00,5.032567e+00,-1.221000e+00,2.405959e+00,7.192465e-01
7.954337e+00,8.988642e+00,3.220131e+00,-1.337446e+00,1.165674e+00,1.562860e-01
3.289780e+00,1.031827e+01,2.946740e+00,-1.235032e+00,-3.428496e-01,-3.262409e-01
2.041730e-01,9.790803e+00,3.646524e+00,-1.331575e+00,-9.680460e-01,-5.081387e-01
-2.358075e+00,9.080254e+00,3.709768e+00,-1.333347e+00,-8.155146e-01,-3.562269e-01
-1.872832e-01,9.388927e+00,2.967597e+00,-1.323070e+00,-4.192689e-01,-1.798976e-01
8.070382e-01,8.746819e+00,2.038940e+00,-1.329396e+00,-5.020289e-01,-2.067372e-01
-1.014196e+00,7.975065e+00,2.382403e+00,-1.389684e+00,-7.625335e-01,-3.171568e-01
-4.366657e-01,8.395076e+00,4.109736e+00,-1.512836e+00,-5.812591e-01,-2.392130e-01
9.752704e-01,9.025241e+00,5.418855e+00,-1.527936e+00,-3.355466e-01,-9.173966e-02
1.270248e+00,9.839068e+00,5.544347e+00,-1.487273e+00,-2.846466e-01,3.262730e-02
1.137962e+00,9.470609e+00,3.495739e+00,-1.502463e+00,-2.940623e-01,1.488162e-01
1.932764e+00,8.481714e+00,-1.254175e-01,-1.867297e+00,-4.963303e-01,2.307185e-01
2.361132e+00,1.050771e+01,-6.603405e-01,-2.349631e+00,-8.884429e-01,1.744976e-01
4.748726e-01,1.120822e+01,1.772862e+00,-2.884371e+00,-1.222729e+00,2.331020e-01
9.872031e-01,1.256865e+01,1.377050e+00,-3.118352e+00,-1.151549e+00,4.232981e-01
2.529763e+00,1.671300e+01,-2.805511e+00,-3.615551e+00,-1.509721e+00,3.713335e-01
2.981615e+00,1.159803e+01,-7.249527e-01,-4.107567e+00,-2.376239e+00,-3.568516e-02
-5.774946e-01,1.776561e+01,1.226942e+01,-4.328761e+00,-3.087946e+00,-2.913289e-01
-6.622168e+00,2.208548e+01,1.538691e+01,-3.023180e+00,-2.375137e+00,-4.316450e-01
-5.781978e+00,7.427387e+00,1.564535e+01,-1.225434e+00,-2.538295e-01,1.123720e-01
2.559787e-01,9.221522e+00,9.816739e+00,-5.985442e-01,1.030617e+00,3.722766e-01
1.551399e+00,7.015286e+00,1.211073e+01,1.350709e+00,1.597643e+00,2.124581e-01
2.888603e+00,4.370931e+00,9.785376e+00,2.606829e+00,1.998966e+00,2.127074e-01
4.673458e+00,3.140502e+00,9.097116e+00,4.150496e+00,2.219472e+00,-1.789710e-03
5.265201e+00,3.045826e+00,9.882924e+00,5.068363e+00,2.070918e+00,-1.566696e-01
4.932959e+00,2.814987e+00,1.003975e+01,6.204395e+00,1.594549e+00,-2.391171e-01
4.784217e+00,3.154398e+00,1.091627e+01,6.882613e+00,1.254271e+00,-2.635922e-01
5.943102e+00,3.149197e+00,1.378940e+01,7.879665e+00,7.225451e-01,-2.718491e-01
6.666152e+00,6.832685e+00,1.210473e+01,8.089529e+00,1.813230e-01,-2.053956e-01
2.294827e+00,6.631060e+00,8.598841e+00,7.514827e+00,-2.868197e-01,-7.853407e-01
-1.144301e+01,2.132797e+00,5.216913e+00,6.061596e+00,-4.935176e-01,-8.156891e-01
-1.238275e+01,-6.702197e+00,6.744878e+00,2.737465e+00,2.419137e+00,5.438266e-02
2.035275e+00,-1.025569e+01,-1.207802e-01,-5.269751e-01,3.211392e+00,7.831583e-01
1.286643e+01,8.163447e+00,5.077357e+00,-3.900012e+00,1.158142e+00,-2.030739e-02
2.541605e+01,3.508190e+01,3.315513e+00,-2.339607e+00,1.855843e-01,7.702385e-01
-1.299304e+01,-4.603866e+00,1.061769e+01,-2.548860e+00,-3.279099e+00,-2.180081e+00
-1.596880e+01,3.605609e+00,1.391556e+01,-3.357314e+00,-1.052533e+00,-2.610637e-01
-1.338224e+01,1.383798e+01,1.462035e+01,-2.795735e+00,2.091225e+00,9.078114e-02
6.586842e+00,1.302807e+01,4.912955e+00,-1.679661e+00,2.043262e+00,7.875656e-01
2.237539e+00,6.649609e+00,5.617170e+00,-1.919564e+00,1.074250e+00,2.789111e-01
2.726084e+00,1.124065e+01,5.294288e+00,-1.706784e+00,9.082457e-01,2.073099e-01
2.783285e+00,9.176825e+00,4.898584e+00,-1.522593e+00,-3.944031e-01,-2.720645e-01
-4.293165e-01,8.437320e+00,5.452453e+00,-1.464355e+00,-6.568384e-01,-2.381693e-01
7.405784e-01,1.059529e+01,5.195829e+00,-1.382419e+00,-3.548150e-01,-1.525322e-01
1.768302e+00,1.072447e+01,4.379687e+00,-1.298635e+00,-3.407290e-01,-1.350304e-01
1.492554e+00,8.327859e+00,3.447859e+00,-1.260547e+00,-6.960661e-01,-2.672132e-01
7.054372e-01,8.062415e+00,3.093028e+00,-1.345842e+00,-1.025757e+00,-3.053436e-01
-1.737147e+00,8.519372e+00,4.359202e+00,-1.394294e+00,-1.056030e+00,-2.682251e-01
-1.635923e+00,8.331829e+00,4.894768e+00,-1.408239e+00,-7.191694e-01,-7.235875e-02
4.618762e-01,8.864067e+00,1.810272e+00,-1.581965e+00,-3.373499e-01,2.431140e-01
2.323656e+00,8.330025e+00,-6.267899e-01,-1.937033e+00,-4.197116e-01,3.327947e-01
5.394326e+00,9.716855e+00,-1.001897e+00,-2.551554e+00,-9.642083e-01,2.423084e-01
3.417647e+00,9.735121e+00,-1.062961e+00,-3.086546e+00,-1.623807e+00,2.247631e-01
2.289651e+00,1.376956e+01,-3.065524e+00,-3.683806e+00,-1.960587e+00,3.416301e-01
4.190668e-01,1.712755e+01,7.245776e-01,-4.150507e+00,-2.528903e+00,2.216792e-01
-5.403022e+00,2.115741e+01,1.170222e+01,-4.483768e+00,-3.445909e+00,8.346016e-02
-7.588252e+00,2.285316e+01,1.485289e+01,-3.416232e+00,-2.084108e+00,1.981998e-01
-2.465209e+00,5.992815e+00,1.908007e+01,-1.041955e+00,5.474659e-01,3.163056e-01
5.279354e+00,8.399067e+00,1.223428e+01,-4.612889e-01,1.545256e+00,1.764005e-01
6.108868e+00,8.825605e+00,1.126278e+01,1.819008e+00,1.028639e+00,-4.294699e-01
3.282888e+00,4.681416e+00,1.000178e+01,3.173616e+00,7.904497e-01,-6.446327e-01
2.800447e+00,2.170089e+00,8.870835e+00,4.452688e+00,1.136734e+00,-9.877289e-01
3.378449e+00,2.348217e+00,1.014411e+01,5.284507e+00,1.499668e+00,-1.171553e+00
4.052912e+00,2.710485e+00,1.102939e+01,6.624324e+00,1.708704e+00,-1.189971e+00
5.155179e+00,2.482568e+00,1.257188e+01,7.446521e+00,1.645212e+00,-1.150217e+00
8.768523e+00,5.435955e+00,1.251461e+01,8.078896e+00,8.838643e-01,-9.533527e-01
9.817567e+00,1.018555e+01,1.035802e+01,8.047165e+00,-8.276392e-02,-9.618909e-01
-3.818269e+00,3.082532e+00,6.277733e+00,6.540652e+00,-1.192188e+00,-2.059022e+00
-2.030820e+01,7.376204e-01,1.175742e+01,4.386088e+00,1.749552e-01,-1.323124e+00
-2.481289e+00,-1.307192e+01,-9.792396e-01,5.782261e-01,3.762676e+00,9.652720e-01
3.465215e+00,-1.136558e+01,4.594856e+00,-2.680719e+00,3.720286e+00,8.222004e-01
1.876144e+01,3.766543e+01,1.395429e+00,-3.445865e+00,2.007077e+00,9.833937e-01
1.815350e+00,3.696390e+00,4.301192e+00,-1.161552e+00,2.837178e-01,-3.972369e-01
-6.538291e+00,-2.565276e+00,1.116057e+01,-3.198837e+00,-2.497058e-01,1.111310e-01
-1.056549e+01,6.430017e+00,1.630167e+01,-3.088152e+00,8.496409e-01,-8.143821e-02
3.540288e+00,1.576674e+01,8.436453e+00,-1.923225e+00,1.859135e+00,6.362444e-01
5.615433e+00,5.528123e+00,6.177162e+00,-1.601019e+00,1.313895e+00,3.510351e-01
3.155175e+00,1.070669e+01,4.688129e+00,-1.559793e+00,5.981911e-01,1.027304e-01
3.525901e+00,1.126453e+01,4.554217e+00,-1.417577e+00,-4.671068e-02,-1.333726e-01
-2.561332e-01,8.488146e+00,4.378764e+00,-1.377878e+00,-6.593932e-01,-3.034068e-01
2.453387e-01,1.003870e+01,3.962147e+00,-1.364737e+00,-6.080779e-01,-2.249053e-01
9.128477e-01,9.941834e+00,3.206582e+00,-1.279842e+00,-7.357003e-01,-2.836466e-01
7.813719e-01,8.622888e+00,2.786281e+00,-1.308359e+00,-9.823254e-01,-3.581768e-01
-6.906592e-01,8.213413e+00,2.019521e+00,-1.462850e+00,-1.278269e+00,-4.033060e-01
-2.153817e+00,7.900676e+00,2.632453e+00,-1.580252e+00,-1.162852e+00,-3.445160e-01
-7.330127e-01,8.307854e+00,4.210762e+00,-1.706680e+00,-6.712694e-01,-9.688936e-02
1.890228e+00,8.707518e+00,2.777441e+00,-1.842913e+00,-3.749111e-01,9.614589e-02
2.976413e+00,8.487888e+00,1.230000e+00,-2.241576e+00,-7.014454e-01,1.673481e-01
3.208210e+00,8.959050e+00,1.037856e+00,-2.631821e+00,-1.185466e+00,1.285727e-01
1.123290e+00,1.035939e+01,1.159090e+00,-3.176827e+00,-1.639145e+00,1.977844e-01
1.680000e+00,1.312320e+01,-1.566766e-01,-3.580522e+00,-1.848864e+00,3.135412e-01
3.031347e-01,1.814734e+01,1.126430e-01,-4.148600e+00,-2.430131e+00,8.133015e-02
-3.302771e+00,1.619647e+01,8.300269e+00,-4.502114e+00,-3.086193e+00,-1.227551e-01
-2.390386e+00,2.112302e+01,1.451482e+01,-3.852864e+00,-2.075111e+00,-9.428480e-02
-4.116390e+00,1.393307e+01,1.557318e+01,-2.255809e+00,-1.288611e+00,-5.805480e-01
5.748338e+00,6.693725e+00,9.967606e+00,-1.081186e+00,3.264210e-01,-6.413897e-01
7.073611e+00,1.066442e+01,8.142463e+00,2.071162e-01,2.857645e-01,-1.068141e+00
1.492475e+00,4.669599e+00,1.078194e+01,2.212979e+00,5.259725e-01,-1.476354e+00
1.677359e+00,3.608984e+00,8.350000e+00,3.168729e+00,1.267764e+00,-1.361399e+00
2.881610e+00,3.936812e+00,1.021030e+01,4.574862e+00,2.115122e+00,-1.491071e+00
3.875327e+00,3.832850e+00,1.080285e+01,5.628267e+00,2.377465e+00,-1.403278e+00
6.382051e+00,3.470128e+00,1.097795e+01,6.755470e+00,2.170556e+00,-1.273070e+00
9.445991e+00,3.381648e+00,1.215573e+01,7.447531e+00,1.487186e+00,-1.050765e+00
1.233412e+01,7.515410e+00,1.122421e+01,7.835889e+00,-7.667768e-01,-9.499604e-01
8.026778e+00,6.336938e+00,1.043692e+01,7.404485e+00,-2.134098e+00,-1.791266e+00
-1.560347e+01,1.135486e+00,6.419919e+00,5.437170e+00,-2.077497e+00,-1.908400e+00
-2.272127e+01,-2.820497e+00,8.820543e+00,3.300036e+00,7.865949e-01,-7.450052e-01
-8.932835e-01,-1.211838e+01,3.659114e+00,-8.581883e-01,4.758123e+00,1.543557e+00
6.342370e+00,-1.892272e+00,8.582744e+00,-3.557627e+00,4.282050e+00,1.429580e+00
2.307741e+01,3.920404e+01,-3.279704e+00,-8.173962e-01,2.500848e+00,1.032742e+00
-3.024220e+00,-3.807078e+00,3.299585e+00,-9.585234e-01,-1.511783e-01,-1.234136e+00
-2.518637e+00,3.353226e+00,1.268863e+01,-2.793769e+00,6.777654e-01,5.607796e-02
-3.703817e+00,1.182646e+01,1.198127e+01,-2.582459e+00,1.290869e+00,8.993747e-02
3.049957e+00,9.567746e+00,6.665077e+00,-1.713954e+00,1.062243e+00,1.601104e-01
3.497359e+00,6.361562e+00,6.032317e+00,-1.630494e+00,4.845817e-01,3.897482e-02
1.883618e+00,1.171497e+01,4.358088e+00,-1.291512e+00,-3.633590e-01,-2.314156e-01
1.355492e-01,9.595253e+00,4.009534e+00,-1.287732e+00,-7.309637e-01,-3.339656e-01
-7.434655e-01,8.303718e+00,3.607761e+00,-1.266229e+00,-8.559141e-01,-3.294576e-01
-1.651307e-02,9.123053e+00,2.908690e+00,-1.327923e+00,-8.441925e-01,-2.946964e-01
6.183272e-01,9.197753e+00,1.487033e+00,-1.422797e+00,-1.037510e+00,-3.466192e-01
8.257340e-01,8.308294e+00,1.377378e+00,-1.558989e+00,-1.304570e+00,-4.409328e-01
-1.111858e+00,8.123950e+00,3.034443e+00,-1.768721e+00,-1.583906e+00,-5.301851e-01
-2.377032e+00,8.386631e+00,4.704652e+00,-1.849674e+00,-1.302306e+00,-4.061744e-01
-9.756614e-03,8.183805e+00,3.811167e+00,-1.927466e+00,-8.053241e-01,-1.239009e-01
1.413934e+00,7.766156e+00,3.096757e+00,-2.091726e+00,-6.544779e-01,5.563925e-02
1.080004e+00,9.451460e+00,2.032748e+00,-2.527199e+00,-1.032853e+00,1.625013e-01
-6.683958e-01,1.076626e+01,2.399160e+00,-2.773905e+00,-1.164339e+00,2.469523e-01
2.574055e+00,1.193283e+01,1.362972e+00,-3.189335e+00,-1.115421e+00,4.023733e-01
4.588855e+00,1.393813e+01,-2.580934e+00,-3.660510e+00,-1.688843e+00,3.111685e-01
1.241043e+00,1.634045e+01,3.922551e-01,-4.265311e+00,-2.833832e+00,-1.598010e-01
-4.644718e+00,1.669925e+01,1.040826e+01,-4.711818e+00,-3.760222e+00,-3.417762e-01
-4.729534e+00,2.381101e+01,1.543362e+01,-3.290834e+00,-2.226900e+00,-4.398613e-01
-5.333701e+00,1.220976e+01,1.769656e+01,-1.292269e+00,-7.254521e-01,-4.679638e-01
5.644862e+00,8.762268e+00,9.097610e+00,-6.459207e-01,9.958238e-01,-5.143855e-01
5.457340e+00,9.639710e+00,1.111102e+01,9.760817e-01,1.068840e+00,-1.044648e+00
3.187354e+00,4.226928e+00,9.993598e+00,3.045777e+00,1.610607e+00,-1.651182e+00
4.596935e+00,3.741788e+00,7.919289e+00,4.047816e+00,2.110469e+00,-1.832036e+00
6.348457e+00,4.789027e+00,1.072272e+01,5.519420e+00,2.195101e+00,-1.888754e+00
7.353678e+00,3.746910e+00,1.102441e+01,6.539786e+00,2.038442e+00,-1.849778e+00
9.422645e+00,3.003279e+00,1.258446e+01,7.705527e+00,1.052300e+00,-1.543062e+00
1.145610e+01,5.618167e+00,1.327877e+01,8.135187e+00,-3.554393e-01,-1.312246e+00
9.413798e+00,6.225610e+00,1.133092e+01,8.133199e+00,-2.079250e+00,-1.697340e+00
6.891695e-01,1.116974e+00,8.187125e+00,7.028964e+00,-2.855757e+00,-2.099696e+00
-2.037915e+01,-6.477983e+00,6.746514e+00,3.221067e+00,3.183282e-01,-7.762408e-01
-1.041208e+01,-1.322759e+01,6.244745e+00,3.523306e-01,3.639254e+00,1.294625e+00
7.594657e+00,-4.859477e-01,8.314960e+00,-3.371080e+00,4.464471e+00,2.017103e+00
2.760353e+01,3.936973e+01,-3.345141e+00,-1.792731e+00,2.853611e+00,7.595292e-01
-4.103243e+00,-5.775149e+00,4.761993e+00,-2.838856e+00,-8.478544e-01,-8.289095e-01
-3.561043e-01,-5.210363e+00,1.430555e+01,-3.363831e+00,3.387229e-01,2.582781e-01
3.771482e+00,1.949449e+01,1.050445e+01,-2.757217e+00,1.534442e+00,3.159383e-01
-4.347136e-01,1.414241e+01,9.626597e+00,-1.897717e+00,6.723013e-01,4.503965e-02
2.748198e+00,6.366322e+00,5.029419e+00,-1.532916e+00,-2.301152e-03,1.652100e-03
-2.125964e-01,9.929933e+00,6.192122e+00,-1.356213e+00,-4.437594e-01,-1.385636e-01
-6.030722e-01,1.066988e+01,5.052410e+00,-1.236964e+00,-4.346769e-01,-8.309874e-02
-1.097888e+00,8.195869e+00,4.545215e+00,-1.091841e+00,-6.057396e-01,-1.848370e-01
-5.240940e-01,8.718367e+00,3.275100e+00,-1.117172e+00,-6.652468e-01,-1.695837e-01
1.126646e+00,9.015967e+00,3.009433e+00,-1.193066e+00,-8.382181e-01,-2.473602e-01
1.218729e+00,7.688668e+00,2.766847e+00,-1.368370e+00,-1.337873e+00,-3.558338e-01
-7.060032e-01,7.607780e+00,4.217335e+00,-1.492635e+00,-1.611538e+00,-3.955702e-01
-6.616387e-01,9.101437e+00,4.560365e+00,-1.606676e+00,-1.403907e+00,-1.971349e-01
1.742728e+00,1.039399e+01,3.035174e+00,-1.665922e+00,-1.225200e+00,-6.457852e-02
8.937125e-01,8.985818e+00,9.931037e-01,-1.902935e+00,-1.539135e+00,-8.841479e-02
-5.538334e-01,9.204164e+00,-9.938334e-01,-2.321619e+00,-1.901214e+00,-5.997933e-02
-2.221150e+00,9.553066e+00,-3.612545e-01,-3.048910e+00,-1.807710e+00,1.210751e-01
1.218687e+00,9.535117e+00,9.489705e-01,-3.506611e+00,-1.318822e+00,3.965274e-01
6.031897e+00,1.532956e+01,-1.084897e+00,-4.164119e+00,-1.796366e+00,2.816300e-01
2.484497e+00,1.772897e+01,1.546511e+00,-4.576919e+00,-2.939320e+00,-2.326891e-01
-5.341679e+00,1.886638e+01,1.506029e+01,-4.716198e+00,-3.358951e+00,-1.267159e-01
-7.282762e+00,2.006393e+01,1.642689e+01,-3.726109e+00,-2.056910e+00,-2.421502e-01
-3.899424e+00,6.802956e+00,1.959813e+01,-1.332211e+00,3.672711e-01,-7.610568e-02
7.705223e+00,1.115903e+01,1.089927e+01,-4.479495e-01,1.255071e+00,-1.235461e-01
6.377734e+00,7.075089e+00,1.159792e+01,1.737096e+00,9.090891e-01,-9.222235e-01
5.523707e+00,3.007582e+00,9.156095e+00,2.961602e+00,1.018677e+00,-1.168005e+00
5.126702e+00,2.194494e+00,8.205230e+00,4.296211e+00,1.181412e+00,-1.778063e+00
4.656018e+00,2.633799e+00,8.649178e+00,5.367587e+00,1.395756e+00,-1.985385e+00
5.595111e+00,2.398279e+00,1.101572e+01,6.586485e+00,1.627153e+00,-1.813827e+00
7.898722e+00,3.169363e+00,1.199531e+01,7.455134e+00,1.296492e+00,-1.621879e+00
1.020738e+01,3.481401e+00,1.270703e+01,8.238211e+00,1.759765e-01,-1.381736e+00
9.501527e+00,5.148523e+00,1.166228e+01,8.273343e+00,-7.613078e-01,-1.372985e+00
-6.938225e-01,3.160428e+00,8.779091e+00,6.801204e+00,-1.718604e+00,-1.641770e+00
-1.196058e+01,1.133367e+00,7.150870e+00,4.573868e+00,-2.825461e-01,-1.208062e+00
-8.674617e+00,-9.660277e+00,5.543372e+00,1.128212e+00,2.814314e+00,7.427977e-01
9.079557e+00,-1.078217e+01,2.422505e+00,-2.047765e+00,3.210875e+00,1.308341e+00
2.427061e+01,3.477495e+01,-3.371812e-01,-1.975526e+00,7.700582e-01,4.689434e-01
-5.514487e+00,1.416536e+01,8.324400e+00,-1.208624e+00,-2.493739e+00,-1.667183e+00
-7.254604e+00,-4.208552e+00,1.242329e+01,-3.027366e+00,-2.072621e-01,3.014112e-01
-8.842585e+00,3.401847e+00,1.616054e+01,-2.695683e+00,1.409969e+00,2.966475e-01
2.126494e+00,1.921941e+01,9.942378e+00,-1.684701e+00,2.124352e+00,8.447296e-01
5.351031e+00,5.703291e+00,3.952477e+00,-1.362159e+00,1.492837e+00,5.298597e-01
4.701186e+00,1.009514e+01,3.498806e+00,-1.381956e+00,1.464341e-01,1.761483e-01
1.618233e+00,1.015458e+01,3.400905e+00,-1.211797e+00,-7.935014e-01,-1.479534e-01
-2.836657e+00,8.966864e+00,3.626790e+00,-1.269876e+00,-1.001825e+00,-1.445706e-01
-2.030004e+00,8.377778e+00,3.073334e+00,-1.206017e+00,-5.991583e-01,-7.916352e-02
-1.417093e-01,9.228191e+00,3.116382e+00,-1.192034e+00,-4.717159e-01,-8.282706e-02
6.111301e-01,8.973358e+00,3.333326e+00,-1.190929e+00,-6.054161e-01,-1.716082e-01
6.113431e-02,9.482042e+00,3.559301e+00,-1.212235e+00,-8.386170e-01,-2.845136e-01
-7.552814e-01,9.088885e+00,4.087504e+00,-1.224291e+00,-9.033333e-01,-3.254239e-01
1.450191e-01,8.570902e+00,4.182249e+00,-1.300740e+00,-6.545654e-01,-9.151262e-02
7.944796e-01,7.966678e+00,3.221466e+00,-1.394174e+00,-6.171787e-01,-2.059906e-02
2.336662e+00,7.828431e+00,1.613021e+00,-1.730956e+00,-9.173401e-01,-8.080856e-02
2.794307e+00,9.433774e+00,1.767349e+00,-2.071273e+00,-1.435958e+00,-1.878645e-01
-3.135912e+00,8.771112e+00,4.370520e+00,-2.386804e+00,-1.721632e+00,-9.178311e-02
-4.593345e+00,9.949420e+00,5.154448e+00,-2.529835e+00,-1.236682e+00,2.752197e-01
-8.659996e-01,1.332210e+01,1.787815e+00,-2.769597e+00,-3.994487e-01,7.592626e-01
3.929908e+00,1.473689e+01,-4.458934e-01,-3.194064e+00,-2.601796e-01,6.125063e-01
8.916470e+00,1.292885e+01,-7.137220e-01,-3.797565e+00,-2.165351e+00,-3.000646e-01
5.320283e+00,1.284348e+01,8.868184e+00,-4.082051e+00,-3.741000e+00,-8.285219e-01
-3.717986e+00,1.822899e+01,1.517978e+01,-3.371099e+00,-3.595734e+00,-1.848204e+00
-8.930711e+00,1.252887e+01,1.714161e+01,-1.954655e+00,-2.114973e+00,-1.378547e+00
-4.002524e+00,1.024799e+01,1.165342e+01,-1.442347e+00,6.338596e-01,-3.830920e-01
-1.792809e+00,1.125308e+01,1.285895e+01,-1.199387e-01,1.821036e+00,-3.474364e-01
3.015574e+00,4.788325e+00,1.119855e+01,1.740664e+00,3.056895e+00,-1.965248e-01
6.196448e+00,5.321728e+00,9.377900e+00,2.761236e+00,2.944242e+00,-3.205637e-01
7.104691e+00,4.876820e+00,9.056160e+00,4.172658e+00,2.155660e+00,-4.630866e-01
7.024450e+00,3.696492e+00,8.262199e+00,4.907933e+00,1.465436e+00,-4.323284e-01
6.054277e+00,3.578200e+00,8.720578e+00,5.714320e+00,4.669901e-01,-4.487799e-01
4.666251e+00,2.979630e+00,9.543009e+00,6.182141e+00,-1.981364e-02,-4.855847e-01
3.118498e+00,3.545489e+00,1.075383e+01,6.683429e+00,-2.219838e-01,-4.294945e-01
2.729262e+00,3.067048e+00,1.043734e+01,7.016241e+00,-1.695428e-01,-4.197880e-01
1.993140e+00,3.276238e+00,8.919219e+00,6.584115e+00,-3.140432e-01,-1.382168e-01
-2.466459e+00,4.692128e+00,7.037481e+00,5.437362e+00,-2.792778e-01,8.891285e-02
-5.540191e+00,-1.124101e-01,3.772938e+00,3.423306e+00,1.007558e+00,4.970283e-01
-5.219421e+00,-3.008234e+00,2.266814e+00,1.327807e+00,1.955704e+00,7.023462e-01
2.281858e+00,-3.685619e+00,2.388410e+00,-1.912516e+00,2.016718e+00,7.957912e-01
6.520320e+00,9.159452e+00,4.173673e+00,-3.461598e+00,1.141927e+00,2.398747e-01
1.494501e+01,3.857307e+01,-4.063448e+00,-1.413448e+00,-6.532162e-01,-4.162471e-01
-8.623686e+00,-2.606104e+00,7.833040e+00,-1.733895e+00,-1.934282e+00,-1.392357e+00
8.296010e-01,2.977901e+00,9.800902e+00,-2.326459e+00,8.927007e-01,3.965608e-01
2.426164e+00,1.053039e+01,1.027209e+01,-2.035453e+00,1.002204e+00,1.286425e-03
-4.932596e-01,1.324981e+01,6.511671e+00,-1.599547e+00,5.596224e-01,-1.040883e-01
1.279145e-02,6.956691e+00,4.459482e+00,-1.311803e+00,1.772443e-01,-3.306073e-02
-5.875366e-01,1.092029e+01,2.866683e+00,-1.044950e+00,-1.404976e-01,-1.534829e-01
-3.009534e+00,1.058258e+01,4.171414e+00,-9.551960e-01,-6.775658e-03,-6.827416e-02
8.899140e-01,8.744490e+00,2.686616e+00,-8.916321e-01,4.220841e-01,1.060101e-01
1.118023e+00,8.928361e+00,2.735198e+00,-9.050017e-01,1.804715e-01,3.146166e-02
9.941629e-01,9.343605e+00,2.662232e+00,-9.314033e-01,-1.973085e-01,-1.319794e-01
1.187330e+00,9.211396e+00,2.479405e+00,-1.008561e+00,-4.383947e-01,-2.458774e-01
-2.796107e-01,8.795700e+00,2.463942e+00,-1.139943e+00,-7.186229e-01,-3.236513e-01
-1.590125e+00,8.117066e+00,3.593506e+00,-1.261123e+00,-6.233162e-01,-2.375585e-01
-3.127748e-01,9.662928e+00,4.876179e+00,-1.272942e+00,-3.299768e-01,-1.108376e-01
1.908049e+00,9.458685e+00,4.652698e+00,-1.228344e+00,-2.843419e-01,-9.966491e-02
2.388165e+00,9.362299e+00,3.131732e+00,-1.333024e+00,-7.695701e-01,-1.375411e-01
5.514711e-01,8.427222e+00,1.940961e+00,-1.557795e+00,-9.450716e-01,-1.253854e-01
9.266770e-01,9.330575e+00,8.421408e-01,-1.961152e+00,-9.828217e-01,-3.018786e-02
1.274677e+00,1.014606e+01,-3.086462e-01,-2.361868e+00,-1.246305e+00,3.032743e-04
7.713207e-01,1.029371e+01,1.858386e-01,-2.985294e+00,-1.516600e+00,8.714987e-02
2.831642e+00,1.050332e+01,9.710344e-01,-3.390026e+00,-1.593354e+00,1.660539e-01
4.280011e+00,1.398553e+01,-3.336693e-01,-3.786318e+00,-2.122709e+00,1.424508e-01
-1.608095e+00,1.455182e+01,2.013488e+00,-4.250386e+00,-2.957155e+00,3.596913e-02
-4.759097e+00,1.751468e+01,9.354622e+00,-4.506652e+00,-2.880244e+00,1.648306e-01
-9.467653e+00,2.397404e+01,1.612478e+01,-3.406286e+00,-1.513037e+00,1.765309e-01
-4.842862e+00,8.194841e+00,1.815160e+01,-1.635988e+00,8.417659e-01,7.301143e-01
4.301358e+00,8.160076e+00,1.148650e+01,-1.513984e+00,2.059103e+00,8.744773e-01
5.645546e+00,1.035455e+01,1.231883e+01,6.763867e-01,1.754099e+00,2.700294e-01
4.428802e+00,5.983271e+00,1.149621e+01,2.051206e+00,1.638608e+00,-1.307139e-01
4.953437e+00,4.135729e+00,8.842915e+00,3.337541e+00,1.569755e+00,-5.838621e-01
4.574025e+00,3.852092e+00,9.621951e+00,4.250522e+00,1.437225e+00,-7.377778e-01
4.061864e+00,2.394407e+00,8.963960e+00,5.547748e+00,1.226893e+00,-7.004461e-01
4.285970e+00,1.842089e+00,9.098408e+00,6.251604e+00,1.016817e+00,-6.729899e-01
4.310991e+00,1.866756e+00,1.096333e+01,7.053615e+00,5.498032e-01,-5.531056e-01
4.760262e+00,2.864663e+00,1.413356e+01,7.610753e+00,8.710371e-02,-4.755557e-01
4.319009e+00,2.391239e+00,1.178339e+01,7.944724e+00,-4.700041e-01,-3.776708e-01
5.397465e-01,2.204663e+00,1.076580e+01,7.015692e+00,-9.884371e-01,-2.498573e-01
-7.840095e+00,1.877774e+00,8.839404e+00,4.795465e+00,-1.210483e-01,-2.105441e-02
-8.119468e+00,-7.353260e+00,4.901857e+00,2.364390e+00,1.432066e+00,5.265038e-01
3.831841e-01,-1.075881e+01,6.362187e+00,-2.111841e+00,2.555959e+00,8.511945e-01
6.861627e+00,1.335729e+01,6.437098e+00,-3.497795e+00,1.774369e+00,3.694481e-01
1.145802e+01,3.741131e+01,1.543296e+00,-7.661923e-01,-3.837532e-01,-7.375443e-01
-1.450901e+01,-8.167447e+00,9.793161e+00,-2.277842e+00,-1.031339e+00,-1.288196e+00
2.465353e+00,1.116514e+00,1.245857e+01,-2.730528e+00,2.140329e+00,8.820579e-01
5.658991e+00,1.573635e+01,1.151650e+01,-2.005965e+00,1.879977e+00,1.006235e-01
3.489076e+00,9.725148e+00,6.753145e+00,-1.227574e+00,7.604871e-01,-9.864536e-03
2.988475e+00,7.603602e+00,3.613639e+00,-1.243784e+00,1.099665e-01,-1.475527e-01
5.023425e-01,1.000908e+01,3.423686e+00,-1.035519e+00,-8.506077e-01,-4.541934e-01
-1.788332e+00,1.171015e+01,3.668405e+00,-1.047170e+00,-7.171566e-01,-3.556273e-01
-9.516253e-01,9.091659e+00,2.550530e+00,-9.396543e-01,-4.954424e-01,-2.702040e-01
-6.693211e-01,9.090905e+00,2.785641e+00,-9.224271e-01,-4.679208e-01,-2.149469e-01
1.171921e-01,9.165527e+00,1.927414e+00,-1.001271e+00,-5.620380e-01,-2.298193e-01
2.394780e-01,8.779478e+00,1.278552e+00,-1.129942e+00,-7.233396e-01,-3.068481e-01
-1.043225e+00,8.737076e+00,2.046456e+00,-1.347231e+00,-8.987780e-01,-3.839700e-01
-1.983769e+00,9.110890e+00,4.175459e+00,-1.402272e+00,-7.131181e-01,-2.886379e-01
7.133316e-01,9.048504e+00,3.978777e+00,-1.428186e+00,-4.937989e-01,-1.307415e-01
2.121059e+00,8.618276e+00,2.579090e+00,-1.564735e+00,-5.389071e-01,-5.649147e-02
2.443373e+00,8.087704e+00,7.713493e-01,-1.959694e+00,-8.412869e-01,-4.005386e-02
2.072741e+00,9.081271e+00,5.747716e-01,-2.391875e+00,-1.200815e+00,-9.655971e-02
5.006121e-02,1.012198e+01,1.612261e+00,-2.847287e+00,-1.527045e+00,-5.970292e-02
3.662535e-01,9.660359e+00,3.115139e+00,-3.088904e+00,-1.323410e+00,1.486008e-01
3.936878e+00,1.263298e+01,9.272350e-01,-3.514015e+00,-1.272130e+00,4.167499e-01
4.399616e+00,1.737940e+01,-2.103820e+00,-3.843366e+00,-1.941230e+00,2.420176e-01
-1.062556e+00,1.478707e+01,5.729356e+00,-4.411242e+00,-3.339386e+00,-1.125140e-01
-5.335188e+00,2.163867e+01,1.518942e+01,-4.312279e+00,-3.136779e+00,-2.020589e-01
-8.253020e+00,1.971924e+01,1.739043e+01,-2.137477e+00,-1.275601e+00,1.138670e-01
-2.804758e+00,3.265428e+00,1.874781e+01,-1.498153e+00,5.548652e-01,4.951928e-01
2.397842e+00,9.890842e+00,1.100142e+01,-5.399067e-01,1.303837e+00,7.545487e-01
6.842567e-01,7.706726e+00,1.277907e+01,9.511399e-01,1.599269e+00,4.164689e-01
1.674175e+00,3.079919e+00,9.246019e+00,2.795210e+00,2.339099e+00,1.204337e-01
3.242688e+00,2.580198e+00,8.705494e+00,3.717284e+00,2.428459e+00,-3.338578e-02
4.547896e+00,3.265091e+00,8.542805e+00,4.745415e+00,2.108158e+00,-6.877362e-03
4.563604e+00,2.669329e+00,8.183604e+00,5.522339e+00,1.662006e+00,7.659713e-03
5.144492e+00,1.441194e+00,9.444194e+00,6.556382e+00,7.701697e-01,-4.357964e-02
4.732268e+00,1.768814e+00,1.062678e+01,7.128150e+00,1.894766e-01,-1.942192e-01
3.454915e+00,3.370079e+00,1.478998e+01,7.646166e+00,-1.302720e-01,-3.602779e-01
2.287237e+00,3.175664e+00,1.121094e+01,7.945715e+00,-2.152068e-01,-4.602217e-01
-5.423631e+00,5.551885e+00,9.902362e+00,7.132198e+00,-1.355897e-01,-6.029728e-01
-5.035546e+00,3.600882e+00,7.275849e+00,5.460640e+00,8.514717e-01,-1.046918e-01
-1.122791e+00,-8.514328e+00,2.393528e+00,2.802770e+00,1.742224e+00,3.369353e-01
1.961893e+00,-9.069053e+00,4.419145e+00,-1.282037e+00,1.857584e+00,2.335472e-01
7.961039e+00,2.135169e+01,8.403054e+00,-4.027841e+00,8.956925e-01,2.206900e-01
2.252917e+01,3.937251e+01,-9.251734e+00,-1.141530e+00,-3.817738e-01,-9.899337e-02
-1.701506e+01,-8.721094e+00,8.682221e+00,-1.231522e+00,-2.272747e+00,-1.861125e+00
-3.209164e+00,9.516503e-01,9.840000e+00,-2.605455e+00,1.446269e+00,7.638795e-01
1.271918e+00,1.545015e+01,1.115109e+01,-2.125310e+00,2.368379e+00,5.380916e-01
3.873021e+00,1.377223e+01,6.804425e+00,-1.574794e+00,1.784749e+00,2.205904e-01
2.301699e+00,5.934654e+00,3.958969e+00,-1.271381e+00,7.634202e-01,7.804684e-02
2.059594e+00,1.106873e+01,2.678375e+00,-1.307087e+00,4.059335e-01,1.604534e-02
-2.620847e+00,1.025638e+01,3.463784e+00,-1.011014e+00,7.019397e-02,-1.718398e-01
-9.538342e-01,9.261297e+00,2.546979e+00,-9.995647e-01,2.792661e-01,-4.270944e-02
-6.867959e-01,8.997959e+00,2.609122e+00,-8.345796e-01,3.060331e-01,-7.212865e-02
1.353800e+00,9.307576e+00,2.480485e+00,-8.354268e-01,4.451055e-01,-3.993172e-02
4.814599e+00,9.083233e+00,5.257560e-01,-9.840205e-01,1.082025e-01,-1.662115e-01
3.849110e+00,7.960151e+00,2.299245e-01,-1.249464e+00,-7.557581e-01,-3.927154e-01
-2.409500e+00,8.639941e+00,2.329735e+00,-1.606286e+00,-1.344422e+00,-5.214249e-01
-3.164072e+00,9.600657e+00,4.093724e+00,-1.744171e+00,-1.103184e+00,-4.070895e-01
-4.459913e-02,9.383492e+00,4.473177e+00,-1.731799e+00,-4.016077e-01,-1.503082e-01
2.751746e+00,8.622109e+00,2.656580e+00,-1.814704e+00,-2.913926e-01,-2.540749e-02
2.474378e+00,7.994088e+00,6.255464e-01,-2.155315e+00,-7.057440e-01,-5.380793e-02
1.986011e+00,9.414295e+00,3.294814e-01,-2.552530e+00,-1.158314e+00,-1.297170e-01
3.596450e-01,9.468024e+00,2.496715e+00,-3.152941e+00,-1.638535e+00,-2.049339e-01
2.057338e+00,9.764955e+00,3.397438e+00,-3.493380e+00,-1.542630e+00,-3.185749e-02
7.393430e+00,1.350075e+01,-1.035317e+00,-4.033451e+00,-1.743082e+00,1.038182e-03
6.207527e+00,1.911488e+01,-2.194499e+00,-4.524373e+00,-3.118062e+00,-1.049054e-01
-8.446146e+00,2.077636e+01,1.549636e+01,-4.649960e+00,-4.877422e+00,-1.493726e-01
-1.679779e+01,2.424866e+01,1.868557e+01,-4.078985e+00,-3.484558e+00,-2.388785e-01
-6.326480e+00,5.618221e+00,2.007531e+01,-1.449140e+00,9.139823e-01,8.018022e-01
7.875573e+00,7.386447e+00,1.406462e+01,-1.189348e+00,2.711994e+00,9.777584e-01
9.384990e+00,7.811769e+00,1.041603e+01,8.069540e-01,2.141654e+00,1.917620e-01
6.055387e+00,3.054007e+00,9.186094e+00,2.107241e+00,1.245186e+00,-4.509769e-01
2.735928e+00,2.118502e+00,7.962871e+00,3.484019e+00,7.277544e-01,-8.809686e-01
1.345599e+00,2.255783e+00,9.803971e+00,4.441522e+00,1.040413e+00,-1.209681e+00
1.445271e+00,2.030698e+00,9.311008e+00,5.498634e+00,1.669536e+00,-1.031072e+00
4.001900e+00,3.562807e+00,9.877313e+00,6.211736e+00,1.951585e+00,-7.791099e-01
6.202903e+00,2.984776e+00,1.193727e+01,7.308540e+00,1.461650e+00,-4.786578e-01
6.695302e+00,3.820354e+00,1.267604e+01,7.743553e+00,5.563959e-01,-3.175586e-01
2.838511e+00,5.333872e+00,1.186186e+01,7.814892e+00,-5.205575e-01,-2.366808e-01
-1.822641e+00,4.275978e+00,8.631050e+00,7.244307e+00,-7.995454e-01,-3.849828e-01
-9.889625e+00,-7.402665e-01,5.150309e+00,4.740453e+00,6.434463e-01,-2.273910e-02
-6.685836e+00,-7.218654e+00,3.957582e+00,2.256819e+00,2.530861e+00,5.634133e-01
5.022353e+00,-7.647774e+00,5.119993e+00,-1.288279e+00,3.258411e+00,1.097292e+00
6.475559e+00,5.416698e+00,1.526072e+01,-3.541624e+00,2.164095e+00,7.329429e-01
2.678566e+01,3.927163e+01,-8.214751e+00,-1.522220e+00,5.025473e-01,1.008275e-01
-4.446849e-01,6.107832e+00,5.821414e+00,-6.447999e-01,-2.846562e+00,-2.206905e+00
-7.815340e+00,-1.867465e+00,1.316125e+01,-3.394530e+00,-5.723466e-01,-1.705599e-01
-4.578159e+00,1.499612e+01,1.234530e+01,-2.904107e+00,1.489266e+00,4.160213e-01
2.440508e+00,1.069787e+01,7.662102e+00,-1.365896e+00,1.509418e+00,1.770555e-01
3.934237e+00,7.356282e+00,4.229887e+00,-1.245472e+00,9.077225e-01,2.514098e-01
2.288446e+00,1.031859e+01,3.495460e+00,-1.109067e+00,2.129330e-01,-5.849924e-02
2.755193e+00,1.189663e+01,3.221251e+00,-1.198648e+00,-2.015208e-01,-1.925878e-01
-1.107669e+00,8.802676e+00,3.155813e+00,-1.132284e+00,-8.425754e-01,-3.375085e-01
-1.569391e+00,8.885097e+00,3.186538e+00,-1.108363e+00,-7.689616e-01,-2.978574e-01
-1.829614e+00,8.738249e+00,2.568663e+00,-1.094432e+00,-5.476727e-01,-2.158867e-01
-1.102806e+00,8.414035e+00,1.864210e+00,-1.169869e+00,-4.330382e-01,-2.231649e-01
1.703130e-03,8.355247e+00,1.702762e+00,-1.366602e+00,-4.738446e-01,-2.803056e-01
-8.483388e-01,8.378649e+00,3.556562e+00,-1.501022e+00,-5.688124e-01,-3.317370e-01
1.766688e+00,8.818479e+00,6.257354e+00,-1.520522e+00,-4.241870e-01,-2.616387e-01
2.367046e+00,9.177046e+00,3.897265e+00,-1.535071e+00,-4.955075e-01,-1.687160e-01
1.311387e+00,7.518180e+00,1.099061e+00,-1.726461e+00,-6.044952e-01,-1.639037e-02
3.075289e+00,9.589861e+00,-5.563348e-01,-2.032542e+00,-6.268220e-01,5.464170e-02
1.829660e+00,9.880354e+00,9.363664e-01,-2.685780e+00,-1.290634e+00,-8.453661e-02
2.090444e-01,9.588191e+00,2.181962e+00,-3.067473e+00,-1.705402e+00,-6.412163e-02
3.780464e+00,1.223186e+01,-5.714797e-01,-3.580679e+00,-1.716589e+00,1.698968e-01
2.269793e+00,1.631334e+01,-1.494123e+00,-4.097497e+00,-2.266471e+00,1.590098e-01
-3.317791e+00,1.543918e+01,6.387572e+00,-4.739049e+00,-3.269715e+00,-1.692529e-01
-5.429075e+00,2.341128e+01,1.651134e+01,-4.702955e+00,-2.851278e+00,-1.408636e-03
-7.472824e+00,1.273769e+01,1.843307e+01,-2.554752e+00,-1.194754e+00,1.577549e-01
4.993309e-01,1.681635e+00,1.903479e+01,-1.383970e+00,3.979912e-01,4.563758e-01
6.684430e+00,1.059854e+01,1.027067e+01,-5.851675e-01,1.427707e+00,6.164865e-01
2.774750e+00,6.407882e+00,1.174001e+01,1.196934e+00,1.176667e+00,-3.143853e-02
2.928252e+00,2.257942e+00,8.250125e+00,2.909570e+00,1.588193e+00,-3.037267e-01
4.077312e+00,1.177025e+00,7.784373e+00,3.831334e+00,1.761374e+00,-5.418299e-01
3.722667e+00,1.594580e+00,8.511739e+00,4.889503e+00,1.739182e+00,-5.377412e-01
3.805161e+00,1.932506e+00,8.026874e+00,5.643231e+00,1.656511e+00,-3.409620e-01
4.261304e+00,1.545154e+00,1.002289e+01,6.780765e+00,1.196398e+00,-1.019255e-01
4.766850e+00,1.754888e+00,1.284937e+01,7.478731e+00,7.328314e-01,4.964456e-02
4.805000e+00,2.776667e+00,1.204952e+01,8.077330e+00,1.547153e-01,2.029425e-01
2.224594e+00,3.622398e+00,1.200627e+01,7.934401e+00,-3.331095e-01,2.318222e-01
-5.604091e+00,6.405745e+00,9.120793e+00,6.159953e+00,-3.087018e-01,1.871401e-01
-9.266373e+00,-2.158507e+00,5.495116e+00,4.299893e+00,1.170191e+00,1.772704e-01
-6.520482e-01,-9.064953e+00,2.347475e+00,9.981834e-01,2.661101e+00,6.049004e-01
5.979780e+00,-1.970330e+00,3.258657e+00,-1.909258e+00,2.432133e+00,6.366667e-01
1.796149e+01,3.941000e+01,-1.092091e+01,-1.725118e+00,6.493945e-01,5.475050e-03
-9.182038e+00,-3.045245e+00,3.294899e+00,-1.438798e+00,-1.788288e+00,-2.002911e+00
-1.090476e+00,-6.419222e-01,1.191409e+01,-3.268180e+00,6.769867e-01,1.001771e-01
1.110481e+00,6.109638e+00,1.058638e+01,-2.516392e+00,1.569137e+00,4.134226e-01
-4.491989e+00,1.894172e+01,1.153003e+01,-2.007998e+00,1.361922e+00,-3.002821e-01
1.803573e+00,7.991349e+00,6.301468e+00,-1.342475e+00,1.840324e+00,4.078147e-01
6.563417e+00,7.779906e+00,3.043280e+00,-1.344687e+00,1.385043e+00,1.548518e-01
3.839723e+00,1.170465e+01,3.777017e+00,-1.222884e+00,4.117631e-01,-1.542196e-01
-7.651328e-01,9.533373e+00,4.507969e+00,-1.118285e+00,-2.997508e-01,-3.271475e-01
5.403094e-01,8.278854e+00,3.425232e+00,-1.048450e+00,-3.063632e-01,-2.434076e-01
1.194268e+00,9.955888e+00,2.996417e+00,-1.078256e+00,-2.449996e-01,-2.901808e-01
2.725630e+00,1.034040e+01,2.153755e+00,-1.121796e+00,-3.488066e-01,-3.134466e-01
1.783760e+00,8.874268e+00,1.621082e+00,-1.315803e+00,-1.018776e+00,-4.759624e-01
-1.915366e+00,8.687213e+00,2.689966e+00,-1.484951e+00,-1.314214e+00,-5.352808e-01
-9.331656e-01,9.271503e+00,4.012476e+00,-1.547449e+00,-1.064726e+00,-4.310485e-01
-4.052691e-02,9.179910e+00,5.246115e+00,-1.537778e+00,-8.857174e-01,-3.359250e-01
8.122776e-01,9.010000e+00,3.608959e+00,-1.591463e+00,-5.512209e-01,-8.152469e-02
1.409712e+00,8.401151e+00,-1.883544e-01,-1.803108e+00,-4.458474e-01,3.011041e-02
2.423426e+00,9.358579e+00,-1.793541e+00,-2.424127e+00,-7.740319e-01,-1.100924e-04
1.706499e+00,9.872719e+00,1.235241e-01,-2.892476e+00,-1.092554e+00,-5.457157e-02
4.099830e+00,1.049239e+01,2.601412e-01,-3.487847e+00,-1.373086e+00,7.893510e-02
6.794716e+00,1.492436e+01,-2.796936e+00,-3.963077e+00,-1.906101e+00,1.623537e-01
-5.562629e-01,1.543336e+01,4.965432e+00,-4.579435e+00,-3.733853e+00,-3.507464e-01
-5.271089e+00,2.141544e+01,1.448381e+01,-4.757549e+00,-4.033445e+00,-2.986500e-01
-1.101330e+01,2.266432e+01,1.667345e+01,-3.145730e+00,-2.308821e+00,-2.322978e-01
-1.414740e+00,2.860918e+00,1.897550e+01,-1.306771e+00,-2.190942e-01,1.117448e-01
5.280270e+00,1.001180e+01,1.107512e+01,-5.523753e-01,1.574536e+00,2.575321e-01
5.410051e+00,9.032276e+00,1.166995e+01,1.306208e+00,1.337549e+00,-2.321005e-01
4.114741e+00,3.245098e+00,8.976707e+00,3.055225e+00,1.206895e+00,-5.797382e-01
3.662056e+00,2.369637e+00,8.392157e+00,4.031515e+00,1.198730e+00,-8.038687e-01
2.508542e+00,1.359417e+00,9.730292e+00,5.054110e+00,1.373455e+00,-1.077128e+00
2.105179e+00,2.178429e+00,9.476143e+00,5.758134e+00,1.517548e+00,-9.832371e-01
2.986110e+00,2.579584e+00,1.085495e+01,6.844378e+00,1.636374e+00,-8.164534e-01
4.009661e+00,3.064831e+00,1.219948e+01,7.682554e+00,1.496627e+00,-6.488942e-01
6.672250e+00,6.559851e+00,1.230335e+01,8.327358e+00,9.474210e-01,-3.891859e-01
3.722686e+00,9.799726e+00,1.049034e+01,8.094385e+00,3.233207e-01,-2.252757e-01
-6.201738e+00,4.887443e+00,5.238502e+00,6.354272e+00,-4.971940e-01,-4.174886e-01
-1.372728e+01,-8.823833e+00,2.904342e+00,4.213932e+00,1.672123e+00,-3.259116e-01
4.214115e+00,-1.203676e+01,1.077781e+00,-7.534660e-02,3.238280e+00,8.895132e-01
8.799404e+00,-7.628448e+00,7.428158e+00,-3.655224e+00,2.219584e+00,5.043673e-01
2.980390e+01,3.926711e+01,-3.398776e+00,-1.747520e+00,5.091575e-01,8.245154e-01
-8.071944e+00,-3.193604e+00,8.499538e+00,-1.627234e+00,-2.845135e+00,-2.585284e+00
-5.143416e+00,-1.210755e-01,1.236916e+01,-3.180477e+00,-1.667432e-01,3.209295e-01
-1.016153e+01,1.446925e+01,1.339383e+01,-2.822055e+00,1.238165e+00,2.823118e-01
-4.010107e-01,1.460245e+01,8.900884e+00,-1.818440e+00,2.242528e+00,4.924917e-01
6.510637e+00,3.286196e+00,4.817081e+00,-1.347818e+00,1.839682e+00,5.054270e-01
4.790580e+00,1.216103e+01,3.871791e+00,-1.491535e+00,9.080071e-01,1.995330e-01
4.709796e-01,1.048568e+01,3.958051e+00,-1.238355e+00,1.891454e-01,-1.477936e-01
7.419155e-01,8.968456e+00,3.604392e+00,-1.220957e+00,-2.599800e-01,-2.265878e-01
-1.418059e+00,8.651959e+00,3.701612e+00,-1.173452e+00,-4.388131e-01,-2.744553e-01
1.117966e+00,9.696729e+00,2.789838e+00,-1.201027e+00,-1.206259e-01,-1.603130e-01
1.819841e+00,9.654598e+00,1.716342e+00,-1.239273e+00,-2.990195e-01,-2.290112e-01
8.806566e-01,8.803944e+00,1.237570e+00,-1.416467e+00,-9.214679e-01,-4.527560e-01
-5.741033e-01,8.690817e+00,2.214921e+00,-1.597875e+00,-1.207109e+00,-5.094067e-01
1.140811e-01,9.385919e+00,4.946263e+00,-1.689930e+00,-9.555441e-01,-3.353451e-01
1.278706e-01,9.715268e+00,5.181830e+00,-1.674616e+00,-7.227217e-01,-1.976979e-01
8.777200e-01,9.119545e+00,1.103398e+00,-1.813452e+00,-4.610421e-01,6.607644e-02
1.947499e+00,9.110348e+00,-2.067673e+00,-2.221051e+00,-5.988307e-01,1.268174e-01
8.474291e-01,1.005691e+01,1.481423e-01,-2.883465e+00,-1.071101e+00,6.517874e-02
-6.238571e-02,1.115773e+01,1.601991e+00,-3.302660e+00,-1.237678e+00,2.054685e-01
3.979921e+00,1.460595e+01,-1.978163e+00,-3.775874e+00,-1.370208e+00,4.402691e-01
4.150693e+00,1.652758e+01,-3.147638e+00,-4.189803e+00,-2.141639e+00,2.157688e-01
-5.064781e-01,1.785215e+01,1.135533e+01,-4.731843e+00,-3.502749e+00,-1.375408e-01
-7.384562e+00,2.670475e+01,1.629865e+01,-4.296976e+00,-3.021545e+00,-4.750755e-01
-4.748905e+00,8.516460e+00,1.664912e+01,-1.502036e+00,-8.172118e-01,-1.603856e-01
1.493022e+00,7.341304e+00,1.165840e+01,-1.257879e+00,8.268762e-01,2.706499e-02
3.734483e+00,1.079615e+01,1.188528e+01,8.168822e-01,1.126903e+00,-2.798508e-01
2.441533e+00,5.133597e+00,1.131049e+01,2.311594e+00,1.358321e+00,-5.689777e-01
4.241937e+00,3.145949e+00,9.279869e+00,3.667843e+00,1.739409e+00,-7.513875e-01
4.408551e+00,2.678648e+00,9.829662e+00,4.684391e+00,1.799319e+00,-9.480000e-01
3.130912e+00,2.087818e+00,9.631878e+00,5.936266e+00,1.598585e+00,-8.354127e-01
3.034375e+00,2.566384e+00,1.025312e+01,6.725101e+00,1.466961e+00,-6.459447e-01
3.769861e+00,2.321958e+00,1.249970e+01,7.744366e+00,1.218465e+00,-3.823071e-01
5.339788e+00,4.670854e+00,1.460840e+01,8.243499e+00,8.742199e-01,-1.468351e-01
3.942667e+00,8.077422e+00,1.135574e+01,8.190606e+00,2.657945e-01,4.977154e-02
-2.515871e+00,4.508136e+00,6.895201e+00,6.997855e+00,-1.574560e-01,-2.516911e-01
-1.219897e+01,-7.634170e+00,7.265936e+00,4.290667e+00,1.437908e+00,-1.391035e-01
-5.351697e+00,-1.320113e+01,-8.370740e-01,1.157377e+00,3.121948e+00,5.971301e-01
7.110719e+00,-5.374748e+00,7.272262e+00,-3.736056e+00,2.501016e+00,5.979292e-01
2.794381e+01,3.941000e+01,-6.796729e+00,-2.930540e+00,1.387062e+00,7.435504e-01
-1.082525e+01,-7.197959e+00,1.120437e+01,-2.265773e+00,-2.388900e+00,-2.282383e+00
-4.002645e+00,-4.630314e+00,1.087561e+01,-3.553831e+00,-8.788003e-01,-2.709337e-01
-8.003906e+00,1.232973e+01,1.527348e+01,-3.182998e+00,1.337755e+00,-9.402186e-02
-1.853502e+00,2.328013e+01,1.294914e+01,-2.435928e+00,2.256565e+00,2.657944e-01
4.901691e+00,1.859072e+00,5.452766e+00,-1.539688e+00,1.658490e+00,3.792573e-01
5.271157e+00,1.104279e+01,4.593585e+00,-1.674753e+00,1.062808e+00,1.047168e-01
1.860378e+00,1.135937e+01,5.860484e+00,-1.317264e+00,-2.473037e-01,-3.919490e-01
-7.589282e-01,8.787894e+00,5.740913e+00,-1.194375e+00,-6.909104e-01,-4.332376e-01
-1.318336e+00,9.180343e+00,5.180979e+00,-1.078850e+00,-3.889215e-01,-2.990639e-01
-1.191983e-01,1.052416e+01,4.475908e+00,-9.957042e-01,-9.690948e-02,-1.964036e-01
2.945947e+00,1.023957e+01,2.330790e+00,-9.856804e-01,-2.840416e-01,-3.106841e-01
3.061414e+00,9.483493e+00,1.601627e+00,-1.138159e+00,-9.645611e-01,-4.659289e-01
-2.649961e+00,8.811330e+00,4.288417e+00,-1.248550e+00,-1.491877e+00,-5.695728e-01
-1.925077e+00,8.929063e+00,5.155039e+00,-1.239313e+00,-1.201302e+00,-4.589150e-01
1.547209e-01,9.089906e+00,1.806913e+00,-1.326969e+00,-8.692532e-01,-1.624198e-01
8.852318e-01,8.030553e+00,-1.826001e+00,-1.645116e+00,-7.531506e-01,3.890349e-03
1.923583e+00,9.471623e+00,-4.313814e+00,-2.457915e+00,-1.003370e+00,-1.867186e-02
8.286678e-01,9.592664e+00,-4.139537e-01,-3.075040e+00,-1.350620e+00,-3.560341e-02
2.932886e+00,1.106007e+01,1.004801e+00,-3.676832e+00,-1.272881e+00,2.884143e-01
6.328945e+00,1.374638e+01,-1.469865e+00,-3.917373e+00,-1.426534e+00,3.726294e-01
-9.092522e-01,1.479328e+01,3.733548e+00,-4.628373e+00,-2.946018e+00,4.028431e-02
-3.086436e+00,1.919962e+01,1.157887e+01,-4.915477e+00,-3.557942e+00,-6.906416e-02
-9.568226e+00,2.359086e+01,1.645757e+01,-3.127554e+00,-2.015135e+00,-1.384646e-01
-2.366094e+00,7.195528e+00,1.863970e+01,-1.552757e+00,9.801719e-02,3.196398e-01
5.976733e+00,1.237786e+01,1.047342e+01,-8.785466e-01,1.247590e+00,2.907393e-01
3.895446e+00,9.138796e+00,1.242150e+01,8.211034e-01,9.643998e-01,-1.595324e-01
2.987481e+00,4.058659e+00,1.041614e+01,3.039786e+00,1.135639e+00,-6.055236e-01
3.829550e+00,2.402604e+00,9.746461e+00,4.145553e+00,1.446857e+00,-9.250109e-01
4.073279e+00,2.212131e+00,1.017525e+01,5.260686e+00,1.505977e+00,-1.021303e+00
3.358020e+00,2.473730e+00,1.102353e+01,6.199613e+00,1.396123e+00,-9.325775e-01
3.660158e+00,1.884822e+00,1.294091e+01,7.488454e+00,1.234526e+00,-7.960802e-01
4.409761e+00,1.974981e+00,1.507343e+01,8.246760e+00,9.718555e-01,-5.594297e-01
6.970194e+00,7.283829e+00,1.219535e+01,8.644684e+00,4.781109e-01,-1.634644e-01
4.037678e+00,7.583259e+00,1.155968e+01,8.208911e+00,-1.528471e-01,-2.860497e-01
-9.914284e+00,-6.297595e-01,5.216577e+00,5.656666e+00,-5.909821e-02,-6.533091e-01
-1.254213e+01,-1.051674e+01,5.214856e+00,2.685880e+00,2.376621e+00,-6.591943e-02
3.798422e+00,-1.133560e+01,4.026145e+00,-1.474908e+00,3.508767e+00,1.206592e+00
1.010386e+01,-7.504157e+00,8.877528e+00,-4.451762e+00,2.251128e+00,3.473908e-01
3.696870e+01,3.792684e+01,-8.119509e+00,-5.405305e-01,4.845831e-01,1.134711e+00
-9.065703e+00,-1.147318e+01,2.874519e+00,-1.496320e+00,-3.594317e+00,-3.055666e+00
-1.029136e+01,3.442867e+00,1.402841e+01,-3.458127e+00,1.376356e-01,5.191151e-01
-9.652971e+00,1.564636e+01,1.489784e+01,-2.964873e+00,2.255130e+00,9.577268e-02
4.662966e+00,1.148251e+01,7.004135e+00,-1.466147e+00,2.349541e+00,8.016782e-01
8.957744e+00,5.174813e+00,5.320932e+00,-1.641515e+00,1.463642e+00,3.019209e-01
3.965742e+00,1.077160e+01,4.217129e+00,-1.376810e+00,4.279864e-01,-5.890175e-02
2.634296e+00,1.102325e+01,4.440579e+00,-1.378850e+00,-2.230952e-01,-2.996902e-01
-1.202584e+00,8.709191e+00,3.819297e+00,-1.349040e+00,-7.888600e-01,-4.211111e-01
-1.110787e+00,9.881488e+00,3.473523e+00,-1.337318e+00,-5.329401e-01,-2.895878e-01
-1.331683e-01,9.754805e+00,2.886832e+00,-1.295016e+00,-4.526344e-01,-2.537455e-01
4.894235e-01,8.366541e+00,2.517029e+00,-1.325947e+00,-5.629268e-01,-2.909376e-01
9.397978e-01,8.662771e+00,2.036754e+00,-1.499529e+00,-8.524693e-01,-3.689089e-01
1.389799e-01,8.380639e+00,3.458296e+00,-1.618913e+00,-1.032081e+00,-3.780034e-01
4.785463e-01,9.038987e+00,5.543700e+00,-1.709154e+00,-8.349696e-01,-1.844881e-01
8.002270e-01,9.537957e+00,1.341726e+00,-1.799201e+00,-6.901231e-01,4.619014e-03
1.103559e+00,9.465810e+00,-1.510654e+00,-2.250738e+00,-8.361788e-01,1.162422e-01
3.213279e+00,9.387225e+00,-1.265210e+00,-2.757924e+00,-1.149075e+00,8.609109e-02
3.736544e+00,1.114323e+01,-2.201153e-01,-3.376395e+00,-1.590990e+00,1.587129e-01
3.785912e+00,1.402492e+01,-1.848729e+00,-3.763426e+00,-1.948360e+00,2.031123e-01
9.859922e-02,1.657376e+01,5.848581e-01,-4.468954e+00,-3.057634e+00,8.723534e-02
-3.349081e+00,2.095272e+01,1.168026e+01,-4.733351e+00,-3.405936e+00,1.120871e-01
-8.824601e+00,2.531974e+01,1.591653e+01,-3.137051e+00,-1.865371e+00,7.197746e-02
-3.157199e+00,4.574664e+00,2.113265e+01,-1.307443e+00,-1.023145e-01,2.722106e-01
5.929312e+00,1.216224e+01,1.040232e+01,-7.662090e-01,1.423380e+00,5.060261e-01
3.577494e+00,1.112587e+01,1.280171e+01,1.087236e+00,1.179329e+00,1.415613e-01
1.386292e+00,4.099494e+00,1.100689e+01,2.968150e+00,1.455719e+00,-1.518605e-01
3.554775e+00,2.225203e+00,9.463070e+00,4.008929e+00,1.771830e+00,-3.226014e-01
4.792397e+00,1.426184e+00,9.896624e+00,5.340799e+00,1.783028e+00,-5.812447e-01
5.708336e+00,1.583097e+00,9.187974e+00,6.103167e+00,1.382037e+00,-6.022448e-01
6.413753e+00,2.221671e+00,1.006751e+01,6.950712e+00,6.299749e-01,-8.179576e-01
5.083671e+00,2.032374e+00,1.135399e+01,7.702435e+00,2.939407e-02,-1.190248e+00
4.259900e+00,5.091443e+00,1.314676e+01,8.143676e+00,-2.541157e-01,-1.401545e+00
3.200800e+00,9.660138e+00,1.073161e+01,7.873905e+00,-2.120413e-01,-1.422545e+00
-8.391680e+00,4.456013e+00,7.030119e+00,6.540814e+00,-4.450092e-01,-1.374031e+00
-1.424031e+01,-6.682095e+00,9.611357e+00,4.424895e+00,1.471548e+00,-4.360585e-01
-1.307456e+00,-1.312174e+01,1.806057e+00,-2.339363e-01,3.981383e+00,9.791910e-01
6.023238e+00,-8.995888e+00,9.052704e+00,-3.650624e+00,3.301269e+00,8.347712e-01
2.687108e+01,3.930870e+01,-5.947624e+00,-2.133566e+00,1.804932e+00,1.029581e+00
-3.965820e+00,-9.008793e-01,4.226299e+00,-1.122808e+00,-9.026430e-01,-1.904955e+00
-1.673033e+00,-5.419167e-02,1.219678e+01,-2.976985e+00,1.364014e+00,8.989189e-01
-1.685212e+00,1.127945e+01,1.159683e+01,-2.353399e+00,1.866276e+00,1.349219e-01
3.581767e+00,1.343916e+01,8.178691e+00,-1.834148e+00,1.576688e+00,-2.825688e-02
7.260598e+00,4.274399e+00,4.538495e+00,-1.383495e+00,8.587384e-01,6.554395e-02
1.959279e+00,1.141481e+01,3.614742e+00,-1.369034e+00,3.912273e-02,-2.198312e-01
1.000000e-02,1.159937e+01,3.712561e+00,-1.223021e+00,-8.546099e-02,-3.054515e-01
-3.576712e-02,8.645912e+00,2.025547e+00,-1.170968e+00,-5.496328e-01,-3.678920e-01
-1.864941e+00,8.502596e+00,1.544267e+00,-1.173362e+00,-6.673117e-01,-3.443582e-01
-1.877346e-01,1.019435e+01,7.356991e-01,-1.342279e+00,-4.583095e-01,-2.203863e-01
1.443286e+00,9.415681e+00,-5.248825e-01,-1.507001e+00,-7.087195e-01,-3.550440e-01
-1.587468e+00,8.079158e+00,8.671321e-01,-1.811083e+00,-1.260789e+00,-5.083943e-01
-3.559216e+00,7.607362e+00,3.697025e+00,-1.947534e+00,-1.108535e+00,-4.399183e-01
1.108527e+00,8.991141e+00,6.010908e+00,-2.003194e+00,-3.531901e-01,-1.284420e-01
3.299798e+00,9.786302e+00,4.452938e+00,-1.980689e+00,-4.004824e-01,-3.493880e-02
2.482377e+00,8.788780e+00,1.735341e-01,-2.227270e+00,-7.726107e-01,3.555556e-02
1.364716e+00,9.558287e+00,-1.430606e+00,-2.666594e+00,-1.165903e+00,3.003822e-02
-9.077517e-01,1.073775e+01,1.406103e+00,-3.294983e+00,-1.442011e+00,6.651086e-02
3.837271e+00,1.154632e+01,1.184877e+00,-3.636370e+00,-1.164627e+00,2.278825e-01
9.588274e+00,1.566668e+01,-4.596592e+00,-4.221466e+00,-2.216758e+00,-2.798197e-02
3.583282e+00,1.504422e+01,-4.981941e-01,-4.680063e+00,-3.981838e+00,-5.618100e-01
-8.314063e+00,2.279341e+01,1.742179e+01,-4.949265e+00,-4.897536e+00,-6.530848e-01
-1.501517e+01,2.912232e+01,1.896178e+01,-3.541482e+00,-3.086230e+00,-4.590193e-01
-4.890543e+00,2.111792e+00,2.025028e+01,-9.794156e-01,9.970853e-01,5.210039e-01
5.264177e+00,1.107913e+01,1.136405e+01,-4.047206e-01,2.372494e+00,6.546075e-01
5.264686e+00,8.284324e+00,1.332340e+01,1.670379e+00,2.200120e+00,1.823798e-01
4.268497e+00,3.161018e+00,9.338015e+00,3.102018e+00,2.094181e+00,-8.561147e-02
4.436248e+00,1.568607e+00,8.836400e+00,4.541814e+00,2.034993e+00,-5.431096e-01
4.294408e+00,1.962369e+00,9.469194e+00,5.424197e+00,1.924604e+00,-6.310571e-01
4.357670e+00,2.811492e+00,9.897251e+00,6.397723e+00,1.650463e+00,-5.441588e-01
5.691715e+00,3.092840e+00,1.101455e+01,7.214872e+00,1.252806e+00,-4.773199e-01
6.961674e+00,4.150648e+00,1.243024e+01,8.024181e+00,5.066088e-01,-4.170229e-01
6.648750e+00,7.787233e+00,1.188182e+01,8.291592e+00,-2.265742e-01,-3.582881e-01
-2.357768e+00,6.577245e+00,8.812387e+00,7.663117e+00,-3.199128e-01,-8.605491e-01
-1.143310e+01,2.482778e+00,6.415027e+00,6.331342e+00,1.814095e-01,-5.978024e-01
-7.333755e+00,-8.473700e+00,2.796267e+00,2.836359e+00,3.464995e+00,7.005229e-01
4.498236e+00,-1.095245e+01,3.134298e+00,-8.442583e-01,3.551546e+00,1.239246e+00
1.320252e+01,1.669832e+01,3.560976e+00,-3.892318e+00,1.550096e+00,2.789064e-01
2.831545e+01,3.305212e+01,2.165684e+00,-2.673074e+00,-5.703673e-01,-2.420407e-01
-9.345297e+00,-3.855296e+00,1.397163e+01,-3.798590e+00,-3.838896e+00,-1.745511e+00
-9.076310e+00,-1.508629e+00,1.306358e+01,-3.142780e+00,-9.653353e-01,2.731502e-01
-1.698527e+01,1.718429e+01,1.639538e+01,-2.639024e+00,1.408378e+00,-6.584084e-02
4.093314e+00,1.271586e+01,8.439559e+00,-1.743996e+00,3.591793e+00,1.224507e+00
1.087875e+01,3.364505e+00,3.857875e+00,-1.328432e+00,2.833919e+00,6.857357e-01
1.153433e+01,1.137614e+01,3.802935e+00,-1.293940e+00,8.796278e-01,6.050285e-02
1.368706e+00,1.002804e+01,4.866522e+00,-1.188458e+00,-1.067870e+00,-5.352518e-01
-2.820914e+00,9.049537e+00,4.521657e+00,-1.171899e+00,-1.569149e+00,-6.029462e-01
-4.727978e+00,9.243990e+00,3.809170e+00,-1.068521e+00,-5.574969e-01,-2.994214e-01
7.517164e-01,1.069688e+01,1.818207e+00,-1.091792e+00,1.021523e-01,-4.340323e-02
4.453518e+00,9.371472e+00,-1.101063e-01,-1.230728e+00,-4.348984e-01,-2.230215e-01
9.449125e-01,8.143172e+00,1.054602e+00,-1.428411e+00,-1.315411e+00,-4.650924e-01
-3.831543e+00,7.951050e+00,4.136400e+00,-1.639037e+00,-1.499592e+00,-5.180309e-01
-2.507170e+00,8.464872e+00,5.730637e+00,-1.617371e+00,-9.008246e-01,-2.782566e-01
3.055126e+00,9.995042e+00,3.370691e+00,-1.636106e+00,-4.554177e-01,-7.433949e-04
2.486839e+00,9.079183e+00,-2.278987e+00,-1.889254e+00,-6.813514e-01,1.396291e-01
1.173012e+00,1.053125e+01,-3.658845e+00,-2.707888e+00,-1.322009e+00,7.100174e-02
1.185908e+00,1.075040e+01,-1.091238e+00,-3.323583e+00,-1.574750e+00,1.147196e-01
4.714927e+00,1.367296e+01,-2.687349e-01,-3.907243e+00,-1.628534e+00,2.896894e-01
5.432454e+00,1.764808e+01,-3.895510e+00,-4.237241e+00,-2.031528e+00,3.572260e-01
-3.217923e+00,1.597679e+01,8.142154e+00,-4.897554e+00,-3.765494e+00,3.522427e-02
-5.281241e+00,2.224572e+01,1.465793e+01,-4.549025e+00,-2.889938e+00,-1.283450e-02
-5.747915e+00,1.427536e+01,1.770909e+01,-1.899109e+00,-6.385497e-01,1.934533e-01
1.960693e+00,8.158199e+00,1.280387e+01,-1.234466e+00,1.113315e+00,3.858849e-01
5.258254e+00,1.093032e+01,1.177171e+01,6.186257e-01,1.466395e+00,1.098240e-01
3.134541e+00,6.464803e+00,1.209323e+01,2.149686e+00,1.316932e+00,-3.155821e-01
4.377366e+00,3.503255e+00,9.201674e+00,3.863336e+00,1.622984e+00,-6.813293e-01
5.072254e+00,3.156423e+00,9.481259e+00,4.870518e+00,1.616361e+00,-9.577822e-01
4.423275e+00,2.467926e+00,9.432773e+00,6.021761e+00,1.112696e+00,-1.030423e+00
3.684715e+00,2.536997e+00,1.021411e+01,6.758783e+00,8.667837e-01,-1.025550e+00
3.192638e+00,3.239508e+00,1.266496e+01,7.694785e+00,6.910036e-01,-9.179146e-01
4.019478e+00,4.603516e+00,1.512068e+01,8.210869e+00,6.166600e-01,-7.695932e-01
2.554201e+00,8.991559e+00,1.092892e+01,8.158882e+00,5.574531e-01,-3.611893e-01
-1.741063e+00,6.314143e+00,1.031205e+01,7.105014e+00,5.138275e-01,-1.897407e-01
-9.882040e+00,-2.596370e+00,6.813256e+00,4.334709e+00,1.947008e+00,2.466476e-01
-3.038401e+00,-1.030600e+01,2.346801e+00,1.280298e+00,3.189528e+00,5.985009e-01
7.515989e+00,-5.670890e+00,8.980704e+00,-2.616647e+00,2.313814e+00,4.912477e-01
5.638327e+00,2.748985e+01,3.899823e+00,-4.302632e+00,6.675182e-01,-2.708228e-01
-4.503707e+00,1.311581e+01,6.529246e+00,-1.123502e+00,-8.350906e-01,-1.153105e+00
-1.016321e+01,-6.598964e+00,8.592258e+00,-3.164269e+00,8.205235e-01,3.832859e-01
-2.292712e-01,5.382499e+00,1.096375e+01,-2.810950e+00,2.739427e+00,7.136540e-01
-1.515655e-01,1.888616e+01,1.245474e+01,-2.494771e+00,2.147055e+00,-4.808921e-02
5.150734e+00,7.866058e+00,6.252578e+00,-1.480260e+00,9.083378e-01,3.575575e-02
3.272922e+00,5.778811e+00,4.707005e+00,-1.570060e+00,9.962909e-02,-1.381136e-01
-3.208390e+00,1.168685e+01,5.832743e+00,-1.259581e+00,4.389686e-01,-1.712987e-01
-2.616001e-01,1.013862e+01,5.225406e+00,-1.186223e+00,9.795057e-01,4.752007e-02
2.244576e+00,8.431480e+00,3.286090e+00,-1.043063e+00,4.511795e-01,-1.216525e-01
1.507642e+00,9.607570e+00,3.358501e+00,-1.045550e+00,2.168996e-01,-2.202193e-01
2.725874e+00,1.038731e+01,1.580493e+00,-1.148918e+00,-1.948720e-01,-3.306615e-01
2.250798e+00,9.166709e+00,5.131948e-01,-1.277463e+00,-8.783029e-01,-5.340105e-01
-1.834383e+00,8.122088e+00,1.912510e+00,-1.504437e+00,-1.365669e+00,-6.612169e-01
-2.031622e+00,8.287235e+00,3.516702e+00,-1.638036e+00,-1.224228e+00,-5.461508e-01
8.313292e-01,9.757584e+00,3.919289e+00,-1.760036e+00,-7.068027e-01,-2.960453e-01
2.071520e+00,9.391757e+00,5.383960e-01,-1.938510e+00,-7.436330e-01,-1.891721e-01
8.654865e-01,9.196732e+00,-1.091729e+00,-2.515823e+00,-1.069435e+00,-1.613079e-01
-3.116452e-01,9.747468e+00,1.225625e-01,-3.024248e+00,-1.268047e+00,-1.148417e-01
2.520228e+00,1.100348e+01,1.419836e+00,-3.625282e+00,-1.117796e+00,1.383564e-01
8.388884e+00,1.127495e+01,-7.867233e-01,-4.005154e+00,-1.421207e+00,4.951235e-02
6.774503e+00,1.574672e+01,-2.746066e+00,-4.572716e+00,-3.248820e+00,-2.365285e-01
-2.117492e+00,1.684510e+01,1.106141e+01,-5.032802e+00,-4.791159e+00,-3.693806e-01
-1.573100e+01,2.793459e+01,1.864222e+01,-4.265149e+00,-3.296640e+00,-4.848216e-01
-1.506275e+01,1.669338e+01,1.806620e+01,-1.346320e+00,-4.868010e-02,4.901529e-01
6.686965e+00,8.955404e+00,1.196552e+01,-5.968585e-01,2.494236e+00,6.720929e-01
9.414341e+00,1.293361e+01,1.109664e+01,7.502559e-01,2.238013e+00,3.354288e-01
6.235753e+00,4.241561e+00,1.115008e+01,2.886985e+00,1.342262e+00,-3.958414e-01
5.281872e+00,2.426135e+00,7.713726e+00,3.938576e+00,1.015690e+00,-6.521331e-01
3.738326e+00,1.761977e+00,1.000605e+01,5.252176e+00,9.768468e-01,-1.242583e+00
3.204537e+00,1.906140e+00,9.710248e+00,6.090971e+00,1.089195e+00,-1.268578e+00
3.700946e+00,3.127781e+00,1.048202e+01,6.971216e+00,1.087982e+00,-1.211956e+00
4.080511e+00,3.500379e+00,1.221196e+01,7.756178e+00,9.200772e-01,-1.072618e+00
5.162418e+00,5.291246e+00,1.436023e+01,8.443185e+00,2.595383e-01,-6.789729e-01
5.770742e+00,1.000594e+01,1.234841e+01,8.272452e+00,-2.486975e-01,-4.936494e-01
-8.451623e+00,1.759498e+00,4.872140e+00,6.618039e+00,-6.679959e-01,-7.484850e-01
-1.902429e+01,-4.697412e+00,8.421991e+00,4.103315e+00,9.856847e-01,-5.119371e-01
-1.167018e+00,-1.184566e+01,4.055724e+00,-5.690571e-01,3.693923e+00,1.078075e+00
6.120930e+00,-5.540260e+00,9.061243e+00,-3.509083e+00,3.169652e+00,7.867224e-01
2.662282e+01,3.937410e+01,-3.102559e+00,-1.597479e+00,1.686221e+00,7.515746e-01
-5.268253e+00,-2.436844e+00,7.140075e+00,-2.273608e+00,-1.425881e+00,-1.772407e+00
-3.793645e+00,1.900243e+00,1.305812e+01,-3.097675e+00,8.693467e-01,4.389206e-01
2.128595e+00,1.093912e+01,1.040210e+01,-2.412261e+00,1.953783e+00,3.747657e-01
1.565587e+00,1.468204e+01,8.611143e+00,-1.889877e+00,9.509477e-01,-2.281646e-01
4.506982e+00,5.143414e+00,5.377841e+00,-1.546429e+00,3.181403e-01,-5.413877e-02
5.083365e-01,1.167598e+01,4.681100e+00,-1.439800e+00,-5.444444e-02,-2.108100e-01
-1.411648e+00,1.081347e+01,4.305166e+00,-1.179599e+00,1.549666e-02,-2.585136e-01
-5.403076e-02,8.819065e+00,3.237311e+00,-1.129986e+00,-9.071227e-02,-1.650779e-01
6.436891e-03,8.352299e+00,2.847701e+00,-1.112130e+00,-2.519402e-01,-2.790955e-01
1.971179e+00,1.022203e+01,1.832464e+00,-1.247745e+00,-4.142023e-01,-2.549395e-01
2.623870e+00,9.759674e+00,6.141930e-01,-1.388003e+00,-8.338607e-01,-4.202254e-01
3.266851e-01,8.327548e+00,1.157402e+00,-1.699113e+00,-1.653746e+00,-6.061985e-01
-2.983722e+00,8.501827e+00,3.821017e+00,-1.810827e+00,-1.634499e+00,-5.602407e-01
-1.391925e+00,9.890188e+00,5.607434e+00,-1.743326e+00,-9.780051e-01,-2.580624e-01
5.055008e-01,9.830000e+00,3.651739e+00,-1.761198e+00,-5.333791e-01,2.047348e-02
2.223785e+00,9.556384e+00,-2.551074e+00,-2.204113e+00,-7.026951e-01,1.757210e-01
2.403184e+00,1.001975e+01,-3.422984e+00,-2.820878e+00,-1.174531e+00,1.157818e-01
1.860083e+00,1.119043e+01,-5.931815e-01,-3.504121e+00,-1.512217e+00,1.804032e-01
3.082994e+00,1.289636e+01,-3.102490e-01,-3.860776e+00,-1.502420e+00,3.305932e-01
3.107865e+00,1.728738e+01,-3.492275e+00,-4.385778e+00,-2.069716e+00,4.529189e-01
-1.954753e+00,1.679457e+01,7.505187e+00,-4.869909e+00,-2.924783e+00,2.163895e-01
-6.010516e+00,2.646052e+01,1.580294e+01,-3.904960e+00,-2.090339e+00,-4.170955e-02
-7.697578e+00,1.800217e+01,1.732706e+01,-1.552787e+00,-5.682648e-01,-3.610978e-02
5.156117e+00,1.060807e+01,1.057506e+01,-1.007346e+00,8.459574e-01,1.384743e-01
2.902679e+00,1.046483e+01,1.264082e+01,5.187091e-01,6.396202e-01,-1.635508e-01
3.882939e-02,5.685652e+00,1.256096e+01,2.810312e+00,8.495881e-01,-5.342625e-01
1.177049e+00,3.622647e+00,9.891020e+00,4.039912e+00,1.456327e+00,-6.972086e-01
3.170309e+00,2.739567e+00,1.030957e+01,5.336168e+00,1.874229e+00,-7.594565e-01
4.154081e+00,2.657211e+00,9.727551e+00,6.217246e+00,1.708672e+00,-5.747339e-01
5.206848e+00,2.111088e+00,1.051690e+01,7.183227e+00,1.101350e+00,-5.576082e-01
4.746550e+00,2.610712e+00,1.314788e+01,7.845188e+00,6.238586e-01,-6.271978e-01
4.731126e+00,5.420726e+00,1.408673e+01,8.355609e+00,1.120403e-01,-5.845233e-01
3.099484e+00,8.096202e+00,1.091840e+01,7.971655e+00,-4.160366e-02,-6.843777e-01
-7.173877e+00,3.292443e+00,6.978996e+00,6.188565e+00,1.383462e-01,-1.887849e-01
-1.068900e+01,-1.664388e+00,7.799679e+00,4.008124e+00,1.976415e+00,1.014274e-01
3.614901e-01,-1.032524e+01,6.715802e-01,-1.115590e-01,2.908777e+00,8.151511e-01
8.251567e+00,-6.034900e+00,7.888282e+00,-3.169559e+00,1.610573e+00,3.881021e-01
1.319771e+01,3.424175e+01,-1.327018e-01,-3.207418e+00,-3.768248e-02,-2.017083e-01
1.191605e+00,1.157945e+01,1.177525e+00,-1.221761e+00,-1.644594e+00,-1.532310e+00
-1.053747e+01,2.812742e+00,1.178669e+01,-3.224673e+00,2.875854e-01,2.266311e-01
-4.933963e+00,5.735894e+00,1.142762e+01,-2.708520e+00,2.508455e+00,8.595062e-01
-6.696472e-01,1.454439e+01,1.053265e+01,-2.305672e+00,2.413986e+00,8.300596e-02
7.329509e+00,6.802730e+00,5.453605e+00,-1.732348e+00,1.616875e+00,2.795813e-01
5.202107e+00,7.595248e+00,3.864529e+00,-1.734528e+00,8.102670e-02,-1.195808e-01
-1.046578e+00,1.059456e+01,5.204800e+00,-1.564441e+00,-8.401902e-02,-2.520383e-01
3.033071e-01,9.854091e+00,4.780072e+00,-1.417299e+00,2.028171e-01,-1.100055e-01
1.254430e+00,8.493866e+00,4.131348e+00,-1.304714e+00,-2.342606e-02,-1.586649e-01
-2.537411e-01,9.111271e+00,4.059215e+00,-1.271628e+00,-1.376977e-01,-1.782950e-01
1.187673e+00,1.004353e+01,3.143959e+00,-1.237778e+00,-1.260382e-01,-2.443360e-01
2.063661e+00,9.430982e+00,2.040162e+00,-1.289925e+00,-4.965767e-01,-4.046547e-01
-4.756374e-02,9.394572e+00,2.349086e+00,-1.350694e+00,-8.971076e-01,-5.160318e-01
-4.929484e-01,8.618842e+00,4.000631e+00,-1.461115e+00,-9.583199e-01,-5.359069e-01
4.920702e-01,8.722113e+00,4.170522e+00,-1.566793e+00,-9.477047e-01,-4.376519e-01
3.797471e-01,8.238838e+00,1.612760e+00,-1.870979e+00,-8.625133e-01,-1.534129e-01
5.434550e-01,9.215491e+00,-8.600735e-01,-2.285232e+00,-8.215325e-01,-1.984102e-02
1.385329e+00,1.060820e+01,-9.631111e-01,-2.942053e+00,-1.146237e+00,-2.722545e-02
1.148515e+00,1.159561e+01,7.614080e-01,-3.421702e+00,-1.247709e+00,1.127667e-01
6.403874e+00,1.366969e+01,-1.637665e+00,-3.845636e+00,-1.362064e+00,1.026948e-01
6.404151e+00,1.626637e+01,-3.747718e+00,-4.210093e+00,-2.214757e+00,1.697368e-02
-2.143222e+00,1.805562e+01,9.205305e+00,-4.878620e+00,-4.216891e+00,-3.561529e-01
-8.995706e+00,2.729691e+01,1.636181e+01,-4.385572e+00,-3.876643e+00,-2.728867e-01
-1.492351e+01,1.541466e+01,1.984222e+01,-1.773237e+00,-1.281352e+00,1.730123e-01
-8.047361e-01,9.610459e+00,1.385375e+01,-1.211132e+00,1.474902e+00,6.651967e-01
5.145208e+00,1.093368e+01,1.337056e+01,1.134635e+00,2.311295e+00,4.930777e-01
6.021212e+00,6.684357e+00,1.218076e+01,2.728860e+00,2.317305e+00,7.858259e-02
7.073995e+00,2.874446e+00,8.730397e+00,4.218654e+00,2.050388e+00,-6.411792e-01
6.168693e+00,2.284314e+00,9.490403e+00,5.218193e+00,1.675553e+00,-8.044348e-01
6.071590e+00,1.838534e+00,9.112959e+00,6.236559e+00,1.155998e+00,-7.904229e-01
5.292808e+00,2.509234e+00,1.027579e+01,6.983228e+00,6.658396e-01,-8.076261e-01
5.011976e+00,2.365013e+00,1.334714e+01,8.050422e+00,1.878484e-01,-8.794757e-01
5.808355e+00,3.480238e+00,1.490645e+01,8.482827e+00,-3.123661e-01,-8.763506e-01
4.797461e+00,5.944867e+00,1.364053e+01,8.290364e+00,-1.011833e+00,-9.829971e-01
-4.491154e+00,4.571268e+00,8.330630e+00,6.736913e+00,-1.598944e+00,-1.002002e+00
-1.170931e+01,-4.997492e+00,8.133326e+00,3.333054e+00,-1.305189e-01,-4.246523e-01
-9.002775e+00,-1.443467e+01,3.491237e+00,-2.583442e-02,1.998732e+00,5.361525e-01
3.880628e+00,-5.343487e+00,1.744206e+01,-4.196981e+00,2.370081e+00,1.071331e+00
6.421213e+00,2.779117e+01,1.179975e+01,-4.252583e+00,1.860159e+00,4.372325e-01
-5.331441e-02,1.706144e+01,8.514142e+00,-1.948838e-01,-6.670796e-01,-1.673212e+00
-6.149436e+00,-7.356510e+00,1.168637e+01,-2.645250e+00,1.148469e+00,6.286809e-01
-4.308110e+00,5.410031e+00,1.491066e+01,-2.548458e+00,2.418428e+00,9.709525e-02
8.334200e+00,2.618044e+01,1.091278e+01,-2.012353e+00,1.768592e+00,5.254229e-02
5.912831e+00,2.651109e+00,6.057016e+00,-1.427765e+00,-9.577236e-02,-3.097481e-01
1.022265e+00,8.380552e+00,5.266180e+00,-1.539040e+00,-1.023107e-01,-1.849719e-02
-1.856489e+00,1.325271e+01,3.126537e+00,-1.007524e+00,1.864157e-01,-1.416022e-01
2.282219e-01,9.861191e+00,1.412964e+00,-9.799705e-01,-1.090267e-01,-2.028614e-01
4.598166e-01,7.606789e+00,-1.844037e-01,-1.098061e+00,-3.741784e-01,-2.960914e-01
5.576840e-01,9.352757e+00,2.423185e-01,-1.385361e+00,-3.895474e-01,-2.681787e-01
1.609181e+00,7.828932e+00,-1.082146e+00,-1.704178e+00,-8.809934e-01,-4.847425e-01
1.637699e-01,7.295820e+00,-4.617209e-01,-2.078826e+00,-1.387216e+00,-5.456617e-01
-1.974671e+00,8.664265e+00,4.984923e+00,-2.243443e+00,-1.114475e+00,-4.396298e-01
8.047963e-01,1.038053e+01,5.124931e+00,-2.253188e+00,-7.615976e-01,-2.088391e-01
1.461722e+00,9.718283e+00,2.265533e+00,-2.276331e+00,-7.941155e-01,-1.354373e-01
1.367936e+00,9.045170e+00,-8.649256e-01,-2.632033e+00,-1.042787e+00,-3.654566e-02
1.313162e+00,1.104067e+01,-1.559856e+00,-3.370579e+00,-1.377467e+00,-1.331094e-03
1.908003e+00,1.042751e+01,2.421315e-01,-3.846948e+00,-1.308277e+00,2.076527e-01
1.158239e+01,1.324236e+01,-3.213560e+00,-4.319652e+00,-1.486210e+00,2.202785e-01
7.951372e+00,1.518788e+01,-2.631117e+00,-4.726214e+00,-3.124938e+00,-1.718486e-01
-3.961487e+00,2.109240e+01,1.290345e+01,-5.492024e+00,-5.424965e+00,-6.387680e-01
-1.636226e+01,3.364874e+01,2.014577e+01,-3.805655e+00,-4.056443e+00,-2.119388e-01
-8.027523e+00,2.733963e+00,2.461477e+01,-1.224990e+00,1.678739e-01,9.279587e-01
3.048359e+00,1.393992e+01,1.405509e+01,-7.568312e-01,2.559047e+00,1.035056e+00
5.537037e+00,9.302260e+00,1.565944e+01,2.334708e+00,2.315540e+00,6.820379e-01
5.149655e+00,2.894682e+00,1.039426e+01,3.792222e+00,2.087905e+00,4.625200e-01
6.169353e+00,1.404989e+00,8.627171e+00,4.935578e+00,1.845340e+00,-1.706998e-01
4.839820e+00,6.744459e-01,1.014036e+01,5.890017e+00,1.502320e+00,-6.415566e-01
5.843640e+00,1.678603e+00,9.838493e+00,7.033156e+00,8.373541e-01,-7.494562e-01
4.993483e+00,7.986017e-01,1.083854e+01,7.823108e+00,2.541999e-01,-9.977864e-01
4.254620e+00,2.804566e+00,1.336710e+01,8.415266e+00,-4.219032e-02,-1.191501e+00
3.670141e+00,4.451440e+00,1.350416e+01,8.636574e+00,-1.824395e-01,-1.270071e+00
-5.336738e+00,7.748874e+00,1.206902e+01,7.631208e+00,3.365188e-01,-1.066542e+00
-1.050546e+01,5.219530e+00,7.783020e+00,6.128754e+00,1.744987e+00,1.486949e-01
-2.038928e+00,-1.106970e+01,-5.848762e-01,3.389365e+00,3.664816e+00,7.348368e-01
4.982906e+00,-1.245986e+01,-1.084921e+00,-4.493532e-01,3.363508e+00,8.907297e-01
8.370925e+00,-5.308932e+00,9.512243e+00,-4.307783e+00,9.091748e-01,1.323726e-01
2.953942e+00,1.645051e+01,1.648319e+01,-4.602718e+00,-2.228648e-01,-6.569639e-01
-3.454679e+00,3.267910e+01,1.512633e+01,-1.374459e+00,-1.422499e+00,-1.786270e+00
-1.612098e+01,-8.217009e+00,1.352410e+01,-3.303254e+00,3.222442e-01,7.924911e-02
6.244122e+00,3.292146e+00,1.391149e+01,-3.036014e+00,3.795770e+00,9.569598e-01
6.530628e+00,1.621714e+01,1.166032e+01,-2.591368e+00,1.985899e+00,-1.270612e-01
5.593890e+00,8.443290e+00,7.147216e+00,-1.869889e+00,1.916266e-01,-2.414481e-01
1.595147e+00,5.945340e+00,6.461024e+00,-1.751101e+00,-7.376728e-01,-3.493610e-01
-1.901795e+00,1.062594e+01,6.323758e+00,-1.382892e+00,-4.920681e-01,-4.232755e-01
-7.264508e-01,1.025766e+01,5.713280e+00,-1.339126e+00,6.588855e-02,-6.065869e-02
2.110270e+00,9.193899e+00,3.536806e+00,-1.159426e+00,-1.573240e-02,-1.713174e-01
1.411717e+00,9.133836e+00,3.090859e+00,-1.083091e+00,-3.121774e-01,-2.877778e-01
-1.506500e+00,9.575994e+00,3.101671e+00,-9.981242e-01,-5.219335e-01,-3.710239e-01
-2.430888e+00,8.967256e+00,2.675642e+00,-1.065429e+00,-3.640037e-01,-3.426160e-01
-1.742070e+00,8.066185e+00,2.360191e+00,-1.171313e+00,-1.578780e-01,-3.302024e-01
-6.118792e-01,8.162439e+00,3.674075e+00,-1.259787e+00,-1.745700e-01,-3.512464e-01
2.159629e+00,8.251617e+00,3.012722e+00,-1.449388e+00,-3.167521e-01,-2.651350e-01
3.402410e+00,8.712410e+00,2.092180e-01,-1.802649e+00,-6.616117e-01,-2.563760e-01
1.790397e+00,1.010642e+01,-2.925166e+00,-2.554225e+00,-1.288009e+00,-3.027054e-01
-2.921661e-01,1.061187e+01,-1.285089e+00,-3.063473e+00,-1.474788e+00,-2.440420e-01
1.365896e+00,1.247001e+01,1.217383e-01,-3.719520e+00,-1.073750e+00,1.791386e-01
9.010881e+00,1.564309e+01,-1.620058e+00,-4.150322e+00,-1.330924e+00,3.426894e-01
5.384850e+00,1.880906e+01,3.746906e+00,-4.823034e+00,-3.238944e+00,1.616475e-01
5.271649e-01,2.101403e+01,1.136726e+01,-5.020000e+00,-3.757864e+00,-3.933465e-01
-1.344705e+01,2.068680e+01,2.013911e+01,-3.177614e+00,-2.169118e+00,-7.694739e-01
-8.814537e+00,4.300311e+00,2.381774e+01,-2.533021e+00,8.033525e-01,2.871189e-01
1.155877e+00,1.412832e+01,1.346759e+01,-1.309764e+00,1.971046e+00,4.715570e-01
1.731441e+00,6.822615e+00,1.398741e+01,7.239231e-01,2.118889e+00,2.214815e-01
3.690480e+00,3.185873e+00,1.076791e+01,2.428089e+00,2.057413e+00,2.789217e-01
4.998889e+00,3.927638e+00,9.550556e+00,3.632579e+00,1.589312e+00,2.878117e-01
4.195050e+00,2.345089e+00,9.059109e+00,4.874666e+00,8.564259e-01,2.457082e-01
2.953196e+00,1.291559e+00,8.452232e+00,5.555559e+00,4.737084e-01,1.620953e-01
1.749693e+00,1.518616e+00,9.366613e+00,6.479308e+00,2.331078e-01,2.239933e-01
2.183190e+00,1.020883e+00,1.077840e+01,6.946956e+00,2.284204e-01,2.949411e-01
3.119677e+00,3.461727e-01,1.233619e+01,7.483261e+00,1.900201e-01,3.328080e-01
2.367616e+00,-1.102830e+00,1.100717e+01,7.443506e+00,9.031683e-02,2.700669e-01
-4.166887e-01,-7.820574e-01,1.130514e+01,5.895946e+00,3.541615e-02,4.261447e-01
-3.563151e-01,1.997202e+00,1.190024e+01,4.237770e+00,1.627414e-01,4.566309e-01
-3.636006e+00,-5.780823e+00,3.876117e+00,1.455085e+00,-6.812164e-04,1.008462e-01
-4.929989e+00,-2.174674e+00,6.732655e+00,-1.575565e+00,2.829214e-01,-5.323764e-01
-4.516437e+00,2.249650e+01,7.171406e+00,-2.232842e+00,1.474026e+00,2.807379e-01
-5.860812e+00,9.564612e+00,1.569894e+01,-2.512173e+00,1.795554e+00,7.866823e-03
9.071419e+00,-3.321095e+00,1.219911e+01,-2.217985e+00,2.742764e+00,5.823079e-01
9.356494e+00,9.790626e+00,1.038670e+01,-1.986759e+00,1.722822e+00,3.918247e-01
2.373661e+00,1.531738e+01,5.386146e+00,-1.070079e+00,-1.595009e-01,-4.884979e-01
-3.906016e+00,5.244562e+00,4.570768e+00,-9.578620e-01,-3.083695e-01,-3.340381e-01
-1.763875e+00,1.077868e+01,2.837580e+00,-7.532631e-01,3.012465e-01,-2.332398e-01
-1.418205e+00,1.149531e+01,3.170512e+00,-6.147706e-01,2.906307e-01,-2.161468e-01
8.242678e-01,8.003972e+00,1.450945e+00,-6.909851e-01,4.977804e-01,-4.979294e-02
3.487775e+00,9.149034e+00,2.460449e-01,-7.842583e-01,1.848047e-01,-1.758914e-01
1.008542e+00,9.889143e+00,1.875387e+00,-8.510488e-01,-4.673957e-01,-4.942845e-01
-2.507907e+00,7.959955e+00,2.796325e+00,-9.250331e-01,-5.541362e-01,-5.355767e-01
-1.156486e+00,9.057479e+00,2.838147e+00,-1.096735e+00,-1.191356e-01,-2.848970e-01
1.364350e-01,9.296673e+00,3.454369e+00,-1.113628e+00,5.878479e-02,-2.263195e-01
1.947786e+00,9.841529e+00,3.956187e+00,-1.166698e+00,-1.517503e-01,-2.750136e-01
1.098313e+00,9.062725e+00,3.892465e+00,-1.229622e+00,-4.843456e-01,-3.468714e-01
8.259756e-01,9.922938e+00,4.556197e+00,-1.335669e+00,-7.622621e-01,-3.143646e-01
1.637417e+00,9.692926e+00,2.189561e+00,-1.464368e+00,-9.280661e-01,-2.963548e-01
1.426648e+00,8.534501e+00,9.852908e-01,-1.898860e+00,-1.207075e+00,-2.213993e-01
2.256288e+00,1.006738e+01,1.373978e+00,-2.353093e+00,-1.371239e+00,-1.088290e-01
3.235674e-01,1.144519e+01,2.754415e+00,-2.682783e+00,-1.580928e+00,2.601400e-02
-4.796303e-01,1.179697e+01,2.255986e+00,-2.827159e+00,-1.373454e+00,2.912755e-01
3.385644e+00,1.512910e+01,-6.353711e-01,-3.153860e+00,-1.094028e+00,5.162992e-01
7.860136e+00,1.467172e+01,-1.177162e+00,-3.538998e+00,-1.742159e+00,-1.876065e-01
2.469964e+00,1.226168e+01,2.894855e+00,-4.310132e+00,-3.694107e+00,-8.183868e-01
-8.566682e-01,1.962935e+01,1.031556e+01,-3.884099e+00,-3.451886e+00,-9.342099e-01
-1.198488e+01,1.302162e+01,2.017061e+01,-2.725154e+00,-1.553801e+00,-6.141879e-01
-7.111314e+00,1.082819e+01,1.504065e+01,-2.324536e+00,3.952731e-01,2.983325e-01
8.628534e-01,1.217631e+01,1.341568e+01,9.619408e-02,2.010225e+00,4.964219e-01
3.723226e+00,6.030857e+00,1.111314e+01,1.272596e+00,2.118833e+00,4.541986e-01
3.963340e+00,3.599086e+00,9.699305e+00,2.738023e+00,1.825146e+00,3.595511e-01
2.746284e+00,3.239317e+00,9.714546e+00,3.671788e+00,1.663240e+00,2.352222e-01
1.069147e+00,3.060558e+00,8.564386e+00,4.802092e+00,1.602772e+00,2.140088e-01
2.118481e+00,2.551411e+00,9.180203e+00,5.646846e+00,1.600474e+00,2.422222e-01
5.745751e+00,1.838069e+00,8.122790e+00,6.329351e+00,1.170799e+00,1.334056e-01
7.145181e+00,2.578513e+00,9.360732e+00,6.757383e+00,2.825462e-01,-1.601388e-01
7.102158e+00,3.760857e+00,1.057254e+01,7.078044e+00,-1.027514e+00,-7.701295e-01
3.732025e+00,4.152227e+00,1.118927e+01,7.133207e+00,-1.467472e+00,-1.379194e+00
-8.553844e+00,2.335588e+00,8.931420e+00,6.283620e+00,-7.958328e-01,-1.449172e+00
-7.901376e+00,4.298396e+00,7.048645e+00,5.041540e+00,7.588637e-01,-5.076057e-01
-6.176091e+00,7.889649e-02,4.008316e+00,2.712417e+00,2.316564e+00,3.730196e-01
-5.655662e-01,-6.850409e+00,5.239469e-01,-9.418919e-02,3.011849e+00,5.282888e-01
6.167543e+00,-6.393662e+00,3.648034e+00,-3.236942e+00,1.806682e+00,3.644272e-01
5.311114e+00,4.782991e+00,1.727741e+01,-4.122722e+00,7.439263e-01,-3.590326e-01
2.077700e+00,3.741778e+01,-8.797556e+00,-1.008174e+00,8.836541e-01,3.753330e-01
-1.433146e+00,3.224675e+01,9.854653e+00,-9.075587e-01,1.489075e+00,1.575414e-01
-4.031311e-01,-3.832247e+00,1.193209e+01,-3.201249e+00,4.534634e+00,1.293365e+00
2.258224e+01,1.311392e+01,8.500322e+00,-3.115894e+00,4.417705e+00,6.721392e-01
1.454894e+01,1.046646e+01,5.797086e+00,-1.857466e+00,-3.065416e+00,-1.577367e+00
-5.468730e+00,7.316074e+00,1.101727e+01,-1.796968e+00,-4.725050e+00,-1.746380e+00
-1.979907e+01,1.141602e+01,8.047810e+00,-1.284713e+00,-1.403616e+00,-4.254884e-01
-8.558485e+00,9.816684e+00,6.611925e+00,-9.808379e-01,1.714207e+00,4.820623e-01
3.586335e+00,8.980405e+00,4.831642e+00,-8.004689e-01,2.328818e+00,6.790868e-01
8.385751e+00,9.056161e+00,2.939482e+00,-7.787542e-01,1.036075e+00,3.110996e-01
3.601493e+00,8.361766e+00,2.947645e+00,-7.887921e-01,-4.021522e-01,-2.758514e-01
2.657812e-01,9.019621e+00,2.962254e+00,-9.094924e-01,-6.614614e-01,-4.117089e-01
8.389300e-01,9.000211e+00,1.163461e+00,-1.120035e+00,-6.022998e-01,-4.223386e-01
1.485472e+00,8.635401e+00,9.978067e-01,-1.331574e+00,-8.708425e-01,-4.446107e-01
-1.338291e+00,7.664816e+00,3.841610e+00,-1.474144e+00,-9.166984e-01,-4.422401e-01
2.821119e-01,8.167015e+00,3.696602e+00,-1.589129e+00,-7.513428e-01,-3.200429e-01
1.397736e+00,8.255030e+00,2.729138e+00,-1.803937e+00,-7.714410e-01,-1.743826e-01
3.384086e+00,9.845030e+00,1.378871e+00,-2.167840e+00,-1.122652e+00,-1.508235e-01
6.120164e-01,1.101499e+01,1.077735e+00,-2.633883e+00,-1.652352e+00,-1.308068e-01
-5.469561e-01,1.072057e+01,1.707146e+00,-2.988060e+00,-1.538421e+00,8.222816e-02
3.731688e+00,1.238836e+01,-8.888293e-02,-3.371439e+00,-1.420334e+00,3.799374e-01
6.107895e+00,1.633567e+01,-3.146802e+00,-3.729065e+00,-1.817752e+00,3.531399e-01
3.238357e-01,1.498843e+01,2.458034e+00,-4.357197e+00,-3.329022e+00,-8.358539e-02
-1.563735e+00,2.093219e+01,1.230443e+01,-4.276395e+00,-3.107561e+00,-2.731813e-01
-1.090107e+01,1.785687e+01,1.927687e+01,-2.260388e+00,-1.811053e+00,-4.556864e-01
-5.553306e+00,4.639813e+00,1.991117e+01,-2.050685e+00,5.639083e-01,4.320970e-01
8.457326e-01,1.562687e+01,1.328843e+01,-4.372491e-01,1.576971e+00,4.309917e-01
1.160331e+00,7.634699e+00,1.264073e+01,1.198298e+00,2.047600e+00,3.436837e-01
3.190150e+00,4.934632e+00,1.074667e+01,2.962599e+00,2.540113e+00,1.195587e-01
5.958901e+00,4.135010e+00,9.392760e+00,3.923947e+00,2.325173e+00,-3.911369e-02
5.805274e+00,3.540402e+00,8.861465e+00,5.037140e+00,1.535475e+00,-8.832532e-02
5.214325e+00,1.723587e+00,9.068743e+00,5.858236e+00,9.297594e-01,-2.414137e-01
5.725554e+00,1.838419e+00,9.700540e+00,6.602678e+00,1.008409e-01,-3.295460e-01
5.735003e+00,1.937489e+00,1.113593e+01,6.967304e+00,-3.997654e-01,-5.285650e-01
4.807851e+00,4.007308e+00,1.144091e+01,7.250114e+00,-8.723616e-01,-8.787094e-01
1.883926e+00,3.275831e+00,1.157890e+01,7.326101e+00,-9.324222e-01,-1.173630e+00
-3.648525e+00,2.848717e+00,9.110744e+00,6.407793e+00,-3.231318e-01,-7.896005e-01
-4.233272e+00,3.600348e+00,7.784037e+00,5.196261e+00,7.409385e-01,-1.754928e-01
4.607990e-01,1.821964e+00,3.832640e+00,3.594968e+00,1.370138e+00,2.306729e-01
1.661969e+00,-4.901158e-01,1.050135e-02,2.067871e+00,1.223379e+00,1.834657e-01
2.591153e+00,-9.867295e-01,-9.021755e-01,-1.020143e+00,5.498348e-01,2.452307e-02
8.344679e-02,-6.774416e-01,3.035397e+00,-2.516859e+00,1.307391e-01,-4.923896e-02
-3.929613e-01,8.345129e+00,1.001399e+01,-4.024973e+00,4.145675e-01,-1.762523e-01
3.761481e+00,3.928315e+01,-1.147711e+01,-9.184610e-01,3.441900e-01,-2.963304e-01
-2.223383e+01,1.013937e-01,6.600394e+00,-2.018629e+00,7.411836e-01,-1.587771e-01
1.891481e+00,-1.482267e+00,1.294152e+01,-2.833792e+00,4.737149e+00,1.648058e+00
1.476031e+01,7.897147e+00,1.003439e+01,-2.262235e+00,3.642175e+00,5.913614e-01
7.876819e+00,1.516829e+01,8.250732e+00,-1.990269e+00,6.955627e-01,-3.845633e-01
2.775222e+00,6.877318e+00,5.255674e+00,-1.722882e+00,-7.756160e-01,-4.807219e-01
-2.259265e-01,8.561608e+00,4.610709e+00,-1.467353e+00,-8.338686e-01,-4.929526e-01
-4.212266e+00,1.095686e+01,5.769360e+00,-1.254493e+00,-3.692250e-02,-2.279433e-01
7.301713e-01,9.806211e+00,3.473530e+00,-1.163429e+00,4.497059e-01,2.501086e-02
4.858348e+00,8.580160e+00,1.530533e+00,-1.127281e+00,-1.621760e-01,-2.278611e-01
2.089745e+00,9.027839e+00,1.626907e+00,-1.182049e+00,-7.954456e-01,-4.303808e-01
-6.042147e-01,9.218357e+00,1.880881e+00,-1.286255e+00,-1.143186e+00,-5.508317e-01
-1.763334e+00,8.884441e+00,2.117222e+00,-1.353598e+00,-1.053818e+00,-5.264300e-01
-6.947143e-01,8.717867e+00,2.496588e+00,-1.517397e+00,-6.890029e-01,-3.551182e-01
1.418760e-01,8.737189e+00,3.550210e+00,-1.613002e+00,-6.237707e-01,-3.141844e-01
-1.910096e-01,8.621360e+00,4.191893e+00,-1.699952e+00,-5.833394e-01,-2.467008e-01
2.362129e-01,9.457030e+00,3.386770e+00,-1.773290e+00,-5.710575e-01,-1.858199e-01
1.467041e+00,7.751236e+00,1.014989e+00,-2.080704e+00,-8.247967e-01,-1.928654e-01
1.800286e+00,8.590570e+00,1.158285e+00,-2.360684e+00,-1.007189e+00,-1.837064e-01
2.916734e+00,8.879307e+00,7.391577e-01,-2.954218e+00,-1.241485e+00,-1.936916e-01
5.179213e+00,1.085866e+01,-6.611719e-01,-3.458548e+00,-1.437484e+00,-1.903865e-01
8.237038e+00,1.519779e+01,-2.525584e+00,-4.193450e+00,-1.926001e+00,-3.595476e-01
6.042174e+00,2.172447e+01,2.326304e+00,-4.932669e+00,-3.838050e+00,-5.877266e-01
-1.250307e+01,2.621839e+01,1.975971e+01,-4.711878e+00,-5.361472e+00,-3.626823e-01
-1.675808e+01,1.433622e+01,2.074478e+01,-2.844442e+00,-2.070164e+00,3.328943e-01
-1.155903e+00,4.730122e+00,1.838700e+01,-1.588576e+00,1.158961e+00,1.035374e+00
7.114909e+00,1.053576e+01,9.930377e+00,4.292886e-02,2.579462e+00,1.258868e+00
4.038647e+00,2.816613e+00,9.441155e+00,2.208437e+00,2.168653e+00,6.280702e-01
3.043203e+00,4.926383e-01,7.186482e+00,3.776428e+00,1.815837e+00,1.979815e-01
4.207774e+00,1.710668e+00,9.505403e+00,4.881233e+00,1.644689e+00,-3.667513e-01
4.589529e+00,2.467348e+00,1.058892e+01,5.647781e+00,1.376983e+00,-5.480954e-01
8.564123e+00,2.423531e+00,9.653838e+00,6.716302e+00,6.653004e-01,-7.200155e-01
9.039442e+00,2.612190e+00,1.075712e+01,7.036658e+00,-9.238189e-01,-1.169053e+00
2.578892e+00,1.622961e+00,1.135795e+01,6.970643e+00,-1.842875e+00,-1.845776e+00
-6.223956e+00,2.273881e+00,1.101674e+01,6.363142e+00,-1.333471e+00,-2.033283e+00
-2.683311e+00,5.691332e+00,7.916554e+00,5.931251e+00,1.379220e-01,-1.302960e+00
1.516882e-01,6.652490e+00,5.531097e+00,5.374978e+00,6.677169e-01,-6.489198e-01
2.115034e+00,3.244144e+00,7.266950e-01,4.310335e+00,6.385791e-01,-4.322393e-01
2.593084e+00,1.236230e+00,-2.103683e+00,3.098443e+00,5.718141e-01,-5.819680e-01
1.712202e+00,9.234005e-01,-2.992100e+00,1.372852e+00,4.277773e-02,-5.227184e-01
-4.334609e+00,8.283073e-01,-8.108647e-01,-3.814731e-01,-3.407462e-01,-3.409099e-01
-5.438898e+00,9.564397e-01,2.548385e+00,-2.527009e+00,6.941874e-01,2.818790e-01
-3.787634e+00,3.210036e+00,7.210191e+00,-3.758667e+00,1.653247e+00,8.461921e-01
5.256530e+00,3.937217e+01,-7.717653e+00,-1.361024e+00,2.801321e+00,8.554819e-01
-8.510802e+00,-7.230396e-01,4.413357e+00,-3.158613e-01,3.025450e+00,-9.135097e-02
8.306747e+00,-1.162163e+00,1.042613e+01,-2.518184e+00,4.867910e+00,1.632369e+00
1.644945e+01,1.419235e+01,4.525771e+00,-2.461442e+00,3.086236e+00,6.817851e-01
3.110252e+00,9.480806e+00,7.055185e+00,-1.980928e+00,-1.146135e+00,-7.800849e-01
-2.646172e+00,8.354983e+00,4.717417e+00,-1.700276e+00,-1.974968e+00,-6.532294e-01
-6.608190e+00,1.048534e+01,4.597907e+00,-1.412145e+00,-7.468686e-01,-2.675650e-01
2.542803e+00,1.018699e+01,3.242129e+00,-1.335188e+00,6.396736e-01,1.664428e-01
5.059147e+00,8.419562e+00,2.553910e+00,-1.260304e+00,2.661928e-01,-3.533156e-02
3.723613e+00,9.747132e+00,3.044545e+00,-1.295234e+00,-4.955642e-01,-2.901743e-01
-1.344853e+00,8.009295e+00,4.860078e+00,-1.216602e+00,-1.120101e+00,-4.574737e-01
-1.977750e+00,7.644880e+00,4.852250e+00,-1.169601e+00,-9.492421e-01,-3.172519e-01
-4.827949e-01,8.741347e+00,3.625118e+00,-1.100712e+00,-4.780646e-01,-1.564219e-01
2.192345e-01,8.750223e+00,3.369968e+00,-1.078686e+00,-3.639908e-01,-1.025769e-01
-4.633612e-01,7.092040e+00,2.879359e+00,-1.144081e+00,-2.998532e-01,-1.737945e-02
-2.230153e+00,8.353313e+00,2.544981e+00,-1.236230e+00,-2.504128e-01,2.172235e-02
-1.990150e+00,1.006122e+01,3.130674e+00,-1.272481e+00,-3.600955e-02,9.927639e-02
-1.257677e+00,9.143329e+00,3.487975e+00,-1.309640e+00,3.189328e-01,2.174210e-01
2.542837e+00,8.898271e+00,3.681975e+00,-1.438927e+00,5.393433e-01,2.982284e-01
3.298009e+00,9.149010e+00,3.983997e+00,-1.543194e+00,2.483939e-01,1.805728e-01
3.030000e+00,9.430445e+00,2.934023e+00,-1.765904e+00,-4.063667e-01,-1.307115e-02
2.061518e+00,1.027779e+01,2.141662e+00,-2.088404e+00,-9.047404e-01,-8.610207e-02
7.466324e-01,1.555271e+01,2.002536e+00,-2.625880e+00,-1.377526e+00,-5.619982e-02
1.377684e+00,1.871220e+01,1.880099e+00,-3.062717e+00,-1.316618e+00,5.782647e-02
2.030698e+00,1.726579e+01,5.113085e+00,-3.362758e+00,-1.568989e+00,1.325482e-01
-9.888330e-01,1.200194e+01,1.112390e+01,-3.037811e+00,-2.018776e+00,7.454111e-02
-1.039369e+00,6.771500e+00,1.265170e+01,-2.316527e+00,-1.542343e+00,-2.557861e-01
-7.836958e-03,3.430900e+00,1.286630e+01,-1.535332e+00,-9.317065e-01,-4.980704e-01
1.541099e+00,8.059312e+00,6.213407e+00,-7.970192e-01,-4.048841e-01,-4.097655e-01
-1.403567e+00,8.770696e+00,7.393201e+00,6.332312e-01,-2.400494e-01,-7.278663e-01
-2.051096e+00,6.398133e+00,7.295621e+00,2.124959e+00,5.086004e-01,-6.885933e-01
-4.310357e-01,5.278332e+00,7.360564e+00,3.142971e+00,1.281855e+00,-5.522169e-01
1.164044e+00,6.422231e+00,8.188486e+00,4.328559e+00,1.968155e+00,-1.653252e-01
4.547787e+00,6.588581e+00,8.332085e+00,4.953717e+00,2.028166e+00,1.246493e-01
6.893516e+00,6.729456e+00,7.493472e+00,5.377685e+00,1.240622e+00,1.924984e-01
7.537293e+00,7.583064e+00,7.088110e+00,5.443140e+00,2.209922e-01,-6.848488e-03
3.833033e+00,8.569392e+00,6.147289e+00,5.283646e+00,-1.054384e+00,-3.636026e-01
1.135000e+00,7.923657e+00,5.529028e+00,5.014695e+00,-1.436454e+00,-5.695171e-01
-1.177609e+00,8.551702e+00,3.690506e+00,4.572482e+00,-1.179476e+00,-5.305401e-01
-2.323240e+00,4.899426e+00,2.011394e+00,4.213811e+00,-6.350625e-01,-5.139094e-01
-1.750874e+00,6.369001e+00,8.634859e-01,3.110277e+00,4.729733e-01,-3.248198e-01
2.861445e-01,7.096612e+00,-3.874078e-01,2.605985e+00,1.031239e+00,2.849044e-02
1.553713e+00,5.842101e+00,-9.823991e-01,1.804045e+00,1.058400e+00,3.734183e-01
2.223368e+00,5.376211e+00,-9.838987e-01,1.214332e+00,9.608769e-01,3.833284e-01
2.255597e+00,5.923173e+00,-4.599627e-02,5.725242e-01,7.200114e-01,2.782306e-01
2.463885e+00,7.154341e+00,-2.984892e-01,1.088491e-01,4.527549e-01,1.428213e-01
1.137693e+00,6.341459e+00,-6.177057e-01,-5.556714e-01,-9.341504e-02,-1.389263e-01
-1.952087e+00,6.539923e+00,3.681350e-01,-1.195544e+00,-3.750019e-01,-2.961794e-01
-5.153733e+00,6.284477e+00,2.541096e+00,-1.878947e+00,1.257350e-01,-2.614295e-01
-4.462836e+00,7.822834e+00,3.513165e+00,-2.347989e+00,9.615595e-01,-2.479200e-02
3.185891e+00,2.738772e+01,-3.266050e+00,-1.760453e+00,2.004838e+00,3.527811e-01
3.091704e+00,8.534683e+00,1.990227e-02,-4.499960e-01,2.575290e+00,5.011891e-01
6.264277e+00,3.875947e+00,4.789243e+00,-1.958173e+00,2.518304e+00,5.948520e-01
1.176256e+01,1.044656e+01,4.737170e+00,-2.046208e+00,2.023769e+00,2.592428e-01
2.304049e+00,1.031617e+01,5.411866e+00,-1.627835e+00,-7.930347e-01,-7.725542e-01
-4.755896e+00,8.837209e+00,6.192985e+00,-1.444840e+00,-1.670252e+00,-1.028198e+00
-9.343140e+00,1.143848e+01,3.604987e+00,-9.306914e-01,-3.228925e-01,-5.467566e-01
-1.848489e+00,1.018387e+01,2.095248e+00,-6.785658e-01,1.273410e+00,1.454438e-03
4.759254e+00,9.237033e+00,1.266412e+00,-6.751673e-01,1.491263e+00,6.698473e-02
3.767668e+00,9.046492e+00,1.281542e+00,-7.629529e-01,5.838078e-01,-1.720828e-01
-6.765156e-01,1.017429e+01,1.821964e+00,-8.237386e-01,-1.732513e-01,-3.578825e-01
-1.516107e+00,8.994574e+00,1.518589e+00,-8.235960e-01,-1.705958e-01,-3.759292e-01
1.045388e+00,8.726775e+00,3.722543e-01,-1.021515e+00,1.046259e-01,-2.233978e-01
1.170725e+00,8.665707e+00,5.992751e-01,-1.192420e+00,-2.418596e-02,-2.351108e-01
-9.619118e-01,8.964051e+00,1.983297e+00,-1.455361e+00,-4.217893e-01,-3.160551e-01
-2.717899e+00,8.932094e+00,2.823717e+00,-1.513052e+00,-4.249085e-01,-3.156773e-01
-9.114681e-01,8.748749e+00,3.305207e+00,-1.590946e+00,1.231801e-01,-9.137657e-02
2.839815e-01,8.820000e+00,3.776264e+00,-1.623035e+00,3.829144e-01,-3.718995e-02
2.734958e+00,8.450889e+00,4.286239e+00,-1.675819e+00,2.267967e-01,-1.307763e-01
3.283418e+00,8.447569e+00,4.333309e+00,-1.706057e+00,-2.151649e-01,-3.164501e-01
-3.450423e-01,8.743456e+00,5.701895e+00,-1.699762e+00,-7.427791e-01,-5.141796e-01
-2.210367e+00,8.565919e+00,6.497224e+00,-1.669668e+00,-8.157424e-01,-5.302388e-01
1.393513e-01,8.726066e+00,5.304092e+00,-1.614724e+00,-4.129795e-01,-2.854031e-01
3.450419e-01,8.841851e+00,4.453451e+00,-1.635939e+00,-3.914568e-01,-2.150953e-01
5.208307e-01,9.156138e+00,3.926300e+00,-1.827910e+00,-5.052594e-01,-1.822222e-01
3.101163e+00,9.996161e+00,3.955178e+00,-2.031879e+00,-6.157171e-01,-2.068414e-01
2.992231e+00,1.106215e+01,3.152777e+00,-2.278410e+00,-1.104488e+00,-2.272490e-01
8.560279e-01,1.370564e+01,1.240217e+00,-2.516054e+00,-1.570366e+00,-3.772045e-02
2.381694e+00,1.421740e+01,-5.744141e-01,-2.927046e+00,-1.486584e+00,-3.817459e-02
4.205986e+00,1.169561e+01,1.390838e+00,-3.392984e+00,-1.877504e+00,-4.360316e-01
1.886041e+00,1.818535e+01,1.129663e+01,-4.058273e+00,-2.727623e+00,-8.376887e-01
-1.773550e+00,2.127078e+01,1.533202e+01,-3.508172e+00,-2.961362e+00,-9.593548e-01
-3.250591e+00,2.703516e+00,1.711461e+01,-1.766004e+00,-1.911802e+00,-6.105971e-01
-2.410593e+00,8.622425e+00,1.175891e+01,-1.852428e+00,-4.287917e-01,7.271729e-02
-3.767946e+00,7.163009e+00,1.279014e+01,-1.562733e-01,5.968902e-01,3.533584e-01
-1.544806e+00,3.305458e+00,1.088521e+01,9.622996e-01,1.604722e+00,3.748814e-01
3.247960e+00,3.064778e+00,1.035041e+01,2.139724e+00,2.408585e+00,1.758816e-01
6.766317e+00,6.014410e+00,9.014637e+00,3.036725e+00,1.985706e+00,2.152695e-01
7.068781e+00,2.905342e+00,7.974011e+00,4.081927e+00,8.707449e-01,9.097570e-02
4.658247e+00,3.251231e+00,7.969036e+00,4.582793e+00,-9.511773e-02,-8.669737e-02
-4.029796e-01,2.878137e+00,9.551552e+00,5.273294e+00,-3.670566e-01,-2.663723e-01
-1.713934e+00,2.559156e+00,9.802750e+00,5.657139e+00,3.746289e-01,-1.481316e-01
2.312890e+00,3.566185e+00,9.374980e+00,5.912756e+00,1.332893e+00,1.701755e-01
7.451766e+00,4.242471e+00,8.186117e+00,6.051025e+00,1.389004e+00,3.434776e-01
7.852984e+00,5.083088e+00,6.696274e+00,5.798845e+00,-2.622177e-02,1.535862e-01
3.856922e+00,4.429020e+00,5.424363e+00,5.161579e+00,-1.224889e+00,-2.325626e-01
-5.608150e+00,2.720649e+00,6.037400e+00,3.398814e+00,-1.504591e+00,-4.512810e-01
-5.499021e+00,-2.077851e-01,5.542462e+00,1.244426e+00,-5.022486e-01,-1.446781e-01
8.632757e-01,-8.971618e-01,5.386182e+00,-9.746142e-01,6.441622e-01,3.398857e-01
5.342213e-01,-1.797152e+00,1.169651e+01,-3.016022e+00,4.462046e-01,-9.032977e-02
-1.059374e+00,2.073285e+01,1.013188e+01,-4.465188e+00,-2.609622e-02,1.181258e-01
-2.608596e-01,8.488862e+00,7.911867e+00,-1.878940e+00,-1.808607e-02,1.238475e-01
-2.565093e+00,4.138489e+00,9.661537e+00,-1.326575e+00,3.230646e-01,-1.595077e-01
2.119110e+00,1.551051e+01,1.269344e+01,-1.515193e+00,1.317602e+00,4.139229e-01
3.022095e-01,7.085581e+00,7.289556e+00,-7.827186e-01,1.480775e+00,7.516328e-01
3.081616e+00,9.540573e+00,6.060716e+00,-5.014669e-01,1.894049e+00,5.603177e-01
6.989302e+00,1.186057e+01,4.467705e+00,-2.099558e-01,1.418416e+00,3.754080e-01
5.009042e+00,8.158515e+00,3.298495e+00,-7.083551e-02,2.055911e-01,-1.324432e-01
-8.403105e-01,9.130310e+00,3.931705e+00,-1.678994e-01,-4.867079e-01,-3.659597e-01
-1.380000e+00,9.820007e+00,3.908332e+00,-1.566983e-01,-2.605012e-01,-3.199466e-01
5.423919e-01,9.213143e+00,2.788679e+00,-1.948456e-01,1.854969e-02,-1.700310e-01
1.201080e-02,8.663346e+00,2.179248e+00,-2.710079e-01,-1.408862e-01,-1.540421e-01
-5.787780e-01,9.003940e+00,1.123067e+00,-4.052597e-01,-2.832105e-01,-1.578392e-01
-5.098427e-01,9.307760e+00,8.210412e-01,-5.764051e-01,-1.902156e-01,-1.507771e-01
4.837185e-01,8.921240e+00,1.103430e+00,-8.462989e-01,-2.210933e-02,-1.177208e-01
1.993720e-01,9.149331e+00,1.590233e+00,-1.059785e+00,-1.413518e-01,-1.273980e-01
-5.700000e-01,8.540284e+00,3.194245e+00,-1.230479e+00,-1.944939e-01,-1.373275e-01
-4.865934e-01,8.329341e+00,4.813846e+00,-1.334198e+00,-9.932403e-02,-9.096440e-02
5.522384e-01,8.919386e+00,5.958391e+00,-1.327819e+00,4.599683e-02,-3.210635e-02
1.975151e+00,8.790464e+00,6.099690e+00,-1.256780e+00,3.900225e-02,-6.055642e-02
2.368834e+00,9.638401e+00,5.462945e+00,-1.228151e+00,-8.521516e-02,-1.082761e-01
1.825567e+00,9.551856e+00,5.173426e+00,-1.250125e+00,-2.616019e-01,-1.123611e-01
2.741421e-01,9.038787e+00,4.509874e+00,-1.350365e+00,-3.211533e-01,-1.737069e-02
8.942695e-01,1.037600e+01,3.454017e+00,-1.531554e+00,-3.155132e-01,1.147467e-01
2.977230e+00,1.040070e+01,2.287431e+00,-1.752068e+00,-4.281112e-01,9.763765e-02
5.372648e+00,1.159448e+01,-2.758965e-01,-2.075575e+00,-8.117885e-01,-2.429989e-02
5.372372e+00,1.278439e+01,-1.636173e+00,-2.742313e+00,-1.866469e+00,-4.558455e-01
9.360326e-01,1.394390e+01,1.025345e+00,-3.270539e+00,-2.859886e+00,-5.962082e-01
-3.671742e+00,1.657228e+01,8.382316e+00,-3.790427e+00,-3.004752e+00,-3.870159e-01
-4.968444e+00,1.785408e+01,1.364387e+01,-3.249108e+00,-2.049669e+00,-2.891099e-01
-3.864229e+00,6.102639e+00,1.699717e+01,-2.257857e+00,-5.112815e-01,-1.018196e-01
1.448826e+00,1.064875e+01,1.110110e+01,-2.224145e+00,6.341916e-01,2.655783e-01
2.321827e+00,8.238549e+00,1.068988e+01,-4.030035e-01,1.000339e+00,9.233070e-02
1.622952e+00,5.305384e+00,9.554947e+00,6.287816e-01,1.085922e+00,-8.899202e-03
2.228265e+00,6.864972e+00,9.861579e+00,1.867397e+00,1.332984e+00,-1.436189e-01
3.293547e+00,4.886704e+00,9.216201e+00,2.949255e+00,1.451936e+00,-2.704164e-01
5.054581e+00,3.693378e+00,8.557051e+00,3.826328e+00,1.360898e+00,-3.713894e-01
6.023741e+00,3.993200e+00,8.340792e+00,4.471849e+00,7.759316e-01,-4.122875e-01
3.716222e+00,2.132270e+00,8.783781e+00,5.095017e+00,-2.018562e-01,-7.271910e-01
1.707690e+00,2.416137e+00,9.501155e+00,5.405063e+00,-4.171510e-01,-9.206960e-01
2.540798e-01,3.633737e+00,1.003182e+01,5.691997e+00,-1.739660e-01,-9.626528e-01
-1.071373e+00,1.312364e+00,9.745189e+00,5.773354e+00,2.039728e-01,-7.918553e-01
-2.383716e-01,7.948748e-01,7.981190e+00,5.038475e+00,6.582681e-01,-1.176995e-01
1.216177e+00,-3.188972e-01,7.088309e+00,4.010374e+00,6.748046e-01,1.809247e-01
8.765152e-01,-2.423687e+00,5.166464e+00,2.516994e+00,3.762771e-01,3.134042e-01
1.178867e+00,-2.353494e+00,5.990047e+00,9.763730e-01,2.836190e-01,4.598799e-01
1.224237e+00,-1.143454e+00,8.701165e+00,-4.071723e-01,4.442801e-01,6.615375e-01
-4.183388e-01,5.027517e+00,4.948272e+00,-5.544043e-01,7.076492e-01,7.913178e-01
5.192612e+00,3.771520e+01,-5.945971e+00,-6.077181e-01,1.532480e+00,1.217448e+00
-1.726396e+01,4.839399e+00,7.511943e+00,-1.579598e+00,9.713016e-01,-2.460187e-01
1.399481e+01,-8.902949e+00,8.187549e+00,-1.867357e+00,3.609670e+00,7.778432e-01
1.185515e+01,6.414153e+00,7.497481e+00,-1.336929e+00,3.254626e-01,-3.452962e-02
-2.609570e+00,2.295560e+01,8.700084e+00,-6.203571e-01,-1.984801e+00,-8.552032e-01
-1.317426e+01,4.685513e+00,4.456805e+00,-2.191681e-01,-1.543449e+00,-6.502039e-01
-2.856254e+00,5.426208e+00,2.616733e+00,-1.195939e-01,1.613121e+00,5.051477e-01
5.034972e+00,1.276720e+01,3.368764e+00,-2.323581e-01,2.043545e+00,4.207843e-01
6.048921e+00,7.172418e+00,1.477875e+00,-1.571144e-01,5.334799e-01,2.055936e-01
2.153169e+00,6.536962e+00,2.170704e+00,-2.240804e-01,-5.564787e-01,-1.929455e-01
-1.732592e+00,9.347451e+00,2.201111e+00,-2.617731e-01,-5.531839e-01,-1.773286e-01
3.590201e-01,8.658501e+00,5.828926e-01,-3.103420e-01,-3.331084e-01,-1.835537e-01
1.599610e+00,8.893809e+00,1.100000e-01,-5.656700e-01,-4.774509e-01,-1.875724e-01
-6.954451e-01,7.435874e+00,8.146090e-01,-8.101721e-01,-7.514519e-01,-2.457796e-01
-2.270637e+00,8.629919e+00,2.694760e+00,-1.033755e+00,-6.557337e-01,-1.342935e-01
-1.653464e+00,9.658694e+00,3.126742e+00,-1.086570e+00,-3.107740e-01,-4.021317e-03
3.608103e-01,1.065568e+01,2.822433e+00,-1.002579e+00,2.495104e-02,1.266392e-01
1.695140e+00,9.119720e+00,3.612638e+00,-9.856010e-01,4.461914e-02,1.227514e-01
2.494935e+00,8.533896e+00,4.600074e+00,-9.823212e-01,-1.456572e-01,7.045526e-02
3.132192e+00,9.164452e+00,4.218297e+00,-9.579810e-01,-4.945932e-01,-3.503718e-02
1.479112e+00,9.128763e+00,4.230197e+00,-9.269089e-01,-8.790519e-01,-1.668087e-01
3.519047e-01,8.844286e+00,5.154908e+00,-9.138363e-01,-1.003607e+00,-1.972749e-01
6.617165e-01,8.662761e+00,5.501194e+00,-8.668404e-01,-1.006198e+00,-1.982469e-01
-7.631203e-03,8.555580e+00,5.729634e+00,-7.815382e-01,-9.548592e-01,-1.173525e-01
-3.951094e-01,9.131347e+00,5.062633e+00,-7.499267e-01,-8.042580e-01,2.459307e-03
8.243842e-01,8.375038e+00,4.021962e+00,-7.432987e-01,-6.471256e-01,1.073534e-01
1.167704e+00,9.505293e+00,4.057704e+00,-9.110837e-01,-6.287703e-01,2.515818e-01
2.750119e+00,9.381446e+00,3.855663e+00,-1.035762e+00,-6.705227e-01,1.838493e-01
4.379602e+00,1.083269e+01,3.299336e+00,-1.265098e+00,-1.048158e+00,-3.599811e-02
1.686397e+00,1.160660e+01,4.981792e+00,-1.480979e+00,-1.448252e+00,-2.284355e-01
1.816971e+00,1.097444e+01,6.053641e+00,-1.579954e+00,-1.449121e+00,-2.634262e-01
3.997536e+00,9.671204e+00,5.673875e+00,-1.578331e+00,-1.427119e+00,-3.363205e-01
5.124158e+00,9.826324e+00,6.755839e+00,-1.608705e+00,-1.964405e+00,-6.279140e-01
3.296688e+00,9.267059e+00,8.202272e+00,-1.453568e+00,-2.669369e+00,-1.030666e+00
-1.067849e+00,4.412360e+00,9.804246e+00,-1.242121e+00,-3.045381e+00,-1.452321e+00
-3.227812e-02,3.960316e+00,9.672826e+00,-1.262312e+00,-2.575715e+00,-1.469115e+00
2.319337e+00,6.280444e+00,6.928102e+00,-1.159728e+00,-2.105685e+00,-1.582028e+00
1.852487e+00,5.927353e+00,7.369144e+00,-6.569329e-01,-1.854105e+00,-1.465919e+00
-4.284136e+00,5.716027e+00,6.462337e+00,-5.564631e-01,-1.164291e+00,-1.139109e+00
-5.297658e+00,6.282765e+00,7.022624e+00,-3.678509e-01,3.106471e-01,-6.232517e-01
-8.130110e-02,6.409741e+00,6.290259e+00,-1.183249e-01,2.443937e+00,2.352621e-01
5.400119e+00,8.509552e+00,5.116066e+00,-1.025084e-01,2.850378e+00,5.248583e-01
1.050046e+01,8.230917e+00,3.615489e+00,1.676383e-02,1.864588e+00,2.333055e-01
7.821139e+00,7.242819e+00,3.663452e+00,2.922033e-02,5.293045e-01,-2.753409e-01
4.128307e+00,8.759278e+00,4.802577e+00,1.007616e-01,-4.375443e-01,-6.542812e-01
2.560521e+00,9.026312e+00,5.877372e+00,3.580460e-01,-4.512390e-01,-7.255603e-01
3.226990e+00,8.672330e+00,5.597670e+00,6.777976e-01,-3.969652e-02,-7.980923e-01
4.107291e+00,8.747095e+00,5.720605e+00,9.982780e-01,2.192734e-01,-9.859020e-01
6.441916e+00,7.437306e+00,6.150599e+00,1.464756e+00,6.333747e-03,-1.589595e+00
7.979127e+00,6.629880e+00,6.510983e+00,1.728731e+00,-4.939822e-01,-2.123586e+00
8.757689e+00,5.245771e+00,5.876620e+00,1.975651e+00,-1.554335e+00,-2.799040e+00
7.307632e+00,3.267884e+00,5.550764e+00,2.023410e+00,-2.554667e+00,-3.426701e+00
3.742065e+00,3.057938e+00,6.519895e+00,1.605665e+00,-3.590522e+00,-3.805834e+00
2.716572e+00,3.150818e+00,7.159727e+00,1.233507e+00,-3.663402e+00,-3.866033e+00
3.400000e+00,3.922885e+00,6.750277e+00,8.401796e-01,-3.649342e+00,-3.799457e+00
2.566894e+00,2.462426e+00,7.070297e+00,5.571718e-01,-3.737968e+00,-3.814061e+00
2.129900e+00,3.507250e+00,7.563687e+00,-7.587582e-02,-3.918849e+00,-3.477458e+00
-1.984994e-01,4.412872e+00,8.206271e+00,-3.559440e-01,-4.085773e+00,-2.983373e+00
-5.415210e+00,6.138481e+00,8.752221e+00,-4.579684e-01,-3.709134e+00,-1.869398e+00
-7.421311e+00,6.793401e+00,8.450741e+00,-3.945955e-01,-2.567703e+00,-8.481006e-01
-7.316205e+00,6.800621e+00,8.791793e+00,4.988791e-02,-4.525448e-01,1.543622e-01
-3.897077e+00,7.264470e+00,7.626100e+00,5.377930e-01,6.920715e-01,5.526377e-01
-6.060791e-01,1.860090e+01,3.294602e-01,6.882652e-01,1.155881e+00,5.516258e-01
-3.864834e+00,2.179120e+01,4.392124e+00,1.485220e-01,8.486503e-01,4.791184e-01
-9.325090e-01,4.389699e+00,5.582603e+00,8.665071e-01,8.872403e-01,4.437782e-01
-5.248766e-01,2.715885e+00,6.599687e+00,7.276822e-01,5.856490e-01,2.949524e-01
2.094075e+00,9.792266e+00,5.646928e+00,4.636774e-01,4.371698e-01,2.324050e-01
2.292732e+00,8.526392e+00,3.728144e+00,5.483206e-01,1.999337e-01,3.409117e-02
9.553735e-01,9.483502e+00,4.452313e+00,3.434659e-01,-1.904152e-01,-3.759293e-02
-1.072946e+00,9.111673e+00,4.816436e+00,3.134479e-01,-4.292666e-01,-1.606871e-01
-1.354592e+00,8.876284e+00,4.706858e+00,3.681239e-01,-4.033284e-01,-1.686306e-01
-6.701779e-02,8.607264e+00,4.537346e+00,4.246998e-01,-4.013961e-01,-9.555556e-02
1.471841e+00,8.138551e+00,3.916919e+00,4.335781e-01,-7.919494e-01,-1.599577e-01
2.044611e+00,8.914443e+00,3.042863e+00,3.219935e-01,-1.199359e+00,-2.874250e-01
1.948520e-01,8.452775e+00,2.909768e+00,1.675403e-01,-1.671399e+00,-4.577693e-01
-1.428292e+00,8.833106e+00,2.969659e+00,3.482488e-02,-1.841827e+00,-4.928311e-01
-4.070336e+00,8.591119e+00,3.520895e+00,-1.570775e-03,-1.597140e+00,-3.979505e-01
-3.753508e+00,9.079380e+00,3.584742e+00,-2.123966e-02,-1.196207e+00,-2.275665e-01
-1.690041e+00,9.340011e+00,3.140020e+00,6.550425e-03,-7.622745e-01,-7.626948e-02
-9.637435e-01,8.988718e+00,2.908051e+00,-6.607641e-03,-6.711701e-01,-3.782574e-02
-1.537213e-01,8.928356e+00,2.594178e+00,-9.267245e-02,-6.749786e-01,-2.316898e-02
4.649180e-01,9.122541e+00,2.962221e+00,-1.794330e-01,-7.600970e-01,-3.191799e-02
1.016680e+00,8.585098e+00,3.362813e+00,-2.693052e-01,-9.257776e-01,-1.000366e-01
1.230819e+00,9.171392e+00,3.755825e+00,-3.120218e-01,-1.050394e+00,-1.444556e-01
-3.122640e-02,8.323510e+00,4.265789e+00,-3.197952e-01,-1.276149e+00,-2.431175e-01
1.909799e-01,8.909598e+00,2.754322e+00,-3.919255e-01,-1.169616e+00,-2.046772e-01
4.984825e-01,8.853721e+00,2.946216e+00,-4.869762e-01,-1.032133e+00,-1.744602e-01
1.618749e-01,8.481250e+00,3.469375e+00,-5.961026e-01,-1.022527e+00,-2.102125e-01
2.509506e+00,8.505693e+00,2.939010e+00,-8.008882e-01,-9.784689e-01,-2.541781e-01
3.855594e+00,8.544601e+00,2.477605e+00,-9.794430e-01,-1.230831e+00,-3.623801e-01
5.600984e+00,8.690355e+00,1.980152e+00,-1.372530e+00,-1.770458e+00,-5.718253e-01
8.801405e+00,1.010858e+01,1.586186e+00,-1.653218e+00,-2.257668e+00,-7.708142e-01
6.465482e+00,1.521332e+01,2.181964e+00,-2.283592e+00,-3.700690e+00,-1.395087e+00
-1.725234e+00,1.162006e+01,5.611326e+00,-2.124444e+00,-4.369466e+00,-2.112330e+00
-6.148083e+00,9.276820e+00,1.008926e+01,-2.155820e+00,-3.050299e+00,-1.847172e+00
-7.485095e-01,8.316496e+00,1.028824e+01,-1.993746e+00,-2.144233e+00,-1.624034e+00
3.556042e+00,8.449617e+00,8.224128e+00,-1.427932e+00,-1.766035e+00,-1.959803e+00
6.834249e+00,8.622402e+00,6.556155e+00,-4.668614e-01,-2.095626e+00,-1.944448e+00
-2.516610e-01,5.822783e+00,6.319470e+00,6.705777e-01,-2.358648e+00,-1.999098e+00
-3.447493e+00,6.930150e+00,6.228239e+00,1.197501e+00,-1.948065e+00,-1.851577e+00
-2.755991e+00,8.190119e+00,6.439165e+00,2.425014e+00,4.756119e-02,-1.164275e+00
2.315455e+00,8.189190e+00,5.618747e+00,2.985499e+00,8.327110e-01,-7.287758e-01
7.085330e+00,7.634176e+00,4.662276e+00,3.686306e+00,5.665696e-01,-2.886076e-01
7.289732e+00,8.177519e+00,4.574122e+00,3.905926e+00,-4.844000e-01,-2.837812e-01
3.143396e+00,7.994449e+00,4.477710e+00,3.954852e+00,-1.525065e+00,-4.682241e-01
1.724587e+00,7.973144e+00,3.921726e+00,3.946874e+00,-1.639433e+00,-5.036187e-01
8.982171e-01,6.994038e+00,3.515478e+00,3.776310e+00,-1.381216e+00,-4.551743e-01
5.542734e-01,6.956345e+00,2.371482e+00,3.337127e+00,-1.157149e+00,-3.314377e-01
-2.248433e+00,5.681687e+00,4.331934e-01,2.627819e+00,-9.552843e-01,-3.035105e-01
-1.980664e+00,4.654381e+00,-1.405895e+00,1.820712e+00,-4.651246e-01,-6.526130e-02
3.331183e+00,4.105696e+00,-3.119889e+00,6.671580e-01,-1.217847e-01,1.999562e-01
3.817231e+00,4.020232e+00,-2.742101e+00,-2.336069e-01,-6.233463e-01,7.837698e-02
2.616536e+00,5.791267e+00,-2.152692e-01,-1.356363e+00,-1.281398e+00,-2.659906e-02
2.980632e+00,7.074311e+00,1.099854e+00,-1.935026e+00,-1.536737e+00,-8.496522e-02
3.438109e+00,7.331191e+00,2.418844e+00,-2.324518e+00,-1.798743e+00,-2.654967e-01
-1.524980e-01,7.676791e+00,4.181939e+00,-2.347600e+00,-1.951900e+00,-4.470630e-01
-1.271487e+01,9.058931e+00,6.935205e+00,-2.559638e+00,-1.561619e+00,-3.932340e-01
-1.744440e+01,2.570092e+01,6.484803e+00,-2.894434e+00,1.058716e+00,2.435383e-01
1.291322e+00,1.345447e+01,4.233869e+00,-9.905811e-01,4.183292e+00,4.014507e-01
1.256199e+01,-1.742672e+00,3.980154e+00,-1.567366e+00,4.019913e+00,6.979032e-01
1.083353e+01,1.152414e+01,4.983165e+00,-1.858352e+00,1.782440e+00,2.119984e-01
2.765402e+00,1.010784e+01,7.684174e+00,-1.440018e+00,-1.059780e+00,-7.175226e-01
-5.756062e+00,9.327907e+00,7.308682e+00,-1.172570e+00,-1.465872e+00,-4.624302e-01
-8.148228e+00,9.247784e+00,7.850155e+00,-8.353111e-01,1.585852e-02,1.454714e-02
2.825050e+00,9.936117e+00,4.827042e+00,-6.106551e-01,1.290889e+00,3.827936e-01
5.623369e+00,8.315063e+00,3.566250e+00,-5.084273e-01,8.450223e-01,2.302708e-01
4.584850e+00,8.235606e+00,2.743667e+00,-6.270176e-01,-5.879803e-01,-1.828134e-01
-1.220855e+00,8.606251e+00,3.517645e+00,-7.216397e-01,-1.163864e+00,-4.095149e-01
-4.104634e+00,8.643656e+00,4.571464e+00,-7.757603e-01,-7.628198e-01,-3.093085e-01
-2.642469e+00,7.914070e+00,4.162800e+00,-7.575756e-01,6.961496e-02,-3.474839e-02
2.014499e+00,8.519938e+00,2.964037e+00,-8.683148e-01,5.362451e-01,1.156195e-01
3.684067e+00,8.229081e+00,2.856685e+00,-9.863173e-01,4.145343e-02,-9.237069e-02
1.730953e+00,7.683589e+00,3.120828e+00,-1.200590e+00,-5.583987e-01,-2.927932e-01
5.019265e-02,7.465264e+00,3.499807e+00,-1.392803e+00,-7.341827e-01,-3.540374e-01
-1.944166e-01,7.690908e+00,3.936625e+00,-1.645938e+00,-6.693746e-01,-2.648266e-01
8.335583e-02,7.915474e+00,4.793746e+00,-1.792341e+00,-6.684746e-01,-2.588174e-01
-1.931110e-01,8.399440e+00,6.061323e+00,-1.935215e+00,-7.772876e-01,-2.051944e-01
4.036676e-01,7.084641e+00,6.450428e+00,-1.947914e+00,-7.812903e-01,-2.198638e-01
2.057120e+00,6.715847e+00,5.889702e+00,-2.063999e+00,-8.454057e-01,-1.778316e-01
3.330218e+00,6.988597e+00,3.872662e+00,-2.299555e+00,-1.080979e+00,-1.618622e-01
4.826567e+00,8.721969e+00,1.093842e+00,-2.882582e+00,-1.618075e+00,-2.409111e-01
6.200444e+00,1.384315e+01,1.084667e+00,-3.418882e+00,-2.112839e+00,-2.991327e-01
2.056116e+00,1.972764e+01,5.502358e+00,-4.162165e+00,-3.317674e+00,-3.861876e-01
-5.328480e+00,1.727729e+01,1.256282e+01,-4.093896e+00,-4.131540e+00,-3.301529e-01
-1.010937e+01,1.571822e+01,1.713425e+01,-3.216551e+00,-2.166200e+00,4.596745e-01
-6.352907e+00,7.124730e+00,1.668314e+01,-1.557187e+00,2.188024e-01,7.547519e-01
1.785216e+00,-7.493979e-01,1.539632e+01,-7.443790e-01,1.857067e+00,8.303256e-01
8.177905e+00,7.073280e+00,8.872573e+00,-4.170979e-02,1.854303e+00,7.019599e-01
4.745209e+00,5.174698e+00,8.632525e+00,1.642003e+00,1.042222e+00,-1.267414e-01
2.616839e+00,3.049859e+00,7.691480e+00,2.861951e+00,8.404997e-01,-4.486550e-01
1.918549e+00,2.437161e+00,8.651514e+00,3.899107e+00,1.068741e+00,-6.145999e-01
2.379555e+00,2.168432e+00,9.139322e+00,4.626220e+00,1.364747e+00,-6.277460e-01
3.518897e+00,3.963985e+00,8.640802e+00,5.548958e+00,1.308287e+00,-5.682133e-01
3.797259e+00,3.201645e+00,9.802044e+00,6.186030e+00,1.007294e+00,-6.787910e-01
5.144997e+00,4.243395e+00,1.117072e+01,6.541060e+00,4.775184e-01,-6.627389e-01
3.926568e+00,4.545191e+00,1.198344e+01,6.688752e+00,-2.818041e-01,-7.985357e-01
1.177339e+00,4.806581e+00,1.061708e+01,6.657167e+00,-5.734770e-01,-8.465920e-01
-4.866949e-01,6.445021e+00,7.772929e+00,6.287657e+00,-4.759545e-01,-6.901926e-01
-2.917752e+00,4.556269e+00,5.087606e+00,5.220244e+00,3.821869e-02,-4.917626e-01
-3.723923e+00,1.009808e+00,2.969840e+00,3.841077e+00,8.364443e-01,-1.406041e-01
-4.404363e-01,-1.534656e+00,-1.312299e+00,1.395667e+00,1.920275e+00,3.802936e-01
1.179553e+00,-2.200427e+00,-7.640179e-01,-6.272271e-01,1.984279e+00,5.517493e-01
2.477452e+00,9.358458e-01,4.321478e+00,-2.521885e+00,1.761379e+00,5.823550e-01
4.988298e+00,1.509606e+01,9.607450e+00,-3.534457e+00,1.421154e+00,5.556398e-01
1.390251e+01,3.898150e+01,-1.099562e+01,-1.848731e-01,7.653573e-01,3.521945e-01
-1.198099e+01,6.461520e+00,2.384563e+00,-4.818390e-01,-8.628916e-01,-1.050417e+00
-3.429283e+00,4.003085e+00,1.160417e+01,-2.537666e+00,1.913954e+00,3.693788e-01
4.065966e+00,1.423976e+01,1.148189e+01,-2.481525e+00,2.446295e+00,3.677250e-01
1.781184e+00,6.122278e+00,8.763918e+00,-1.656906e+00,1.861328e-01,-1.919092e-01
7.701550e-02,9.815914e+00,7.552697e+00,-1.517644e+00,-6.013033e-02,-9.410771e-03
-1.845623e+00,9.922849e+00,5.116378e+00,-1.147097e+00,2.826533e-01,8.945844e-02
1.616048e+00,1.005285e+01,4.263268e+00,-1.030324e+00,7.355527e-01,1.465003e-01
2.746387e+00,8.344117e+00,4.149678e+00,-9.604902e-01,3.480643e-01,4.439553e-02
2.927385e+00,8.187768e+00,3.856995e+00,-9.537771e-01,-5.002185e-02,-1.071286e-01
5.568197e-01,8.355421e+00,3.752617e+00,-9.271297e-01,-4.179633e-01,-2.559262e-01
-1.277608e+00,7.912806e+00,3.651817e+00,-9.200051e-01,-3.977169e-01,-2.888940e-01
-5.656907e-01,7.439492e+00,3.149349e+00,-9.905360e-01,-7.524081e-02,-2.585981e-01
2.781892e-01,8.220150e+00,2.870415e+00,-1.124386e+00,1.830897e-02,-2.262978e-01
3.888678e-02,8.878990e+00,3.588176e+00,-1.259462e+00,5.364689e-02,-1.886292e-01
1.270847e+00,8.316524e+00,3.765532e+00,-1.376844e+00,9.999714e-02,-1.893174e-01
1.692243e+00,8.342243e+00,4.029892e+00,-1.502663e+00,-1.300741e-01,-2.826679e-01
1.496095e+00,8.015069e+00,3.677811e+00,-1.592227e+00,-4.525371e-01,-3.851325e-01
2.633565e+00,7.455680e+00,2.859408e+00,-1.825077e+00,-8.576276e-01,-4.453188e-01
2.331233e+00,7.004355e+00,3.437878e+00,-2.178177e+00,-1.438459e+00,-5.014383e-01
-1.688741e+00,7.895896e+00,4.504039e+00,-2.568296e+00,-1.741969e+00,-3.696187e-01
5.918223e-01,8.117095e+00,3.718514e+00,-2.891980e+00,-1.405353e+00,-1.148138e-01
1.468787e+01,9.114468e+00,-3.502783e+00,-4.074025e+00,-1.589940e+00,-4.279168e-02
1.573704e+01,1.651112e+01,-2.999708e+00,-5.094477e+00,-3.734918e+00,-8.237993e-01
-1.255008e+00,1.747501e+01,1.121968e+01,-5.603398e+00,-6.085284e+00,-1.334247e+00
-1.888505e+01,2.533227e+01,3.056041e+01,-5.124728e+00,-6.233639e+00,-8.959588e-01
-2.699363e+01,6.989809e+00,2.323044e+01,-3.039688e+00,-1.335205e+00,1.224717e+00
-1.008468e+01,7.175847e-01,2.422212e+01,-2.099829e+00,3.102739e+00,2.423749e+00
8.040180e+00,9.457912e+00,1.236088e+01,-2.269514e-03,4.565858e+00,1.989926e+00
1.367629e+01,4.085082e+00,9.800080e+00,1.868996e+00,3.725856e+00,1.344471e+00
1.257664e+01,3.353407e-01,5.653428e+00,3.435491e+00,1.238740e+00,3.702451e-01
5.724889e+00,4.432579e-02,7.235286e+00,4.130134e+00,3.390582e-01,-4.522827e-01
8.417324e-01,2.351440e+00,8.590820e+00,5.216367e+00,8.434784e-01,-9.573695e-01
1.052599e+00,1.912658e+00,9.316838e+00,5.890810e+00,1.447580e+00,-1.046476e+00
4.526246e+00,9.297860e-01,9.593210e+00,6.832422e+00,2.148527e+00,-7.123815e-01
9.447991e+00,1.843690e+00,1.093353e+01,7.339025e+00,1.760186e+00,-4.361383e-01
1.106583e+01,2.621835e+00,1.169962e+01,7.674632e+00,-3.770973e-01,-3.331321e-01
4.451579e+00,4.282012e+00,1.228108e+01,7.616169e+00,-1.707958e+00,-5.810438e-01
-5.952864e+00,5.301995e+00,7.891165e+00,6.649700e+00,-1.880541e+00,-8.039229e-01
-8.964676e+00,3.646958e+00,4.810100e+00,5.112633e+00,-1.877334e-01,-4.597968e-01
-2.520839e+00,-4.398094e+00,1.520098e-01,2.789429e+00,1.783102e+00,1.650673e-01
2.859599e+00,-4.058316e+00,-1.734290e+00,2.519304e-01,1.860402e+00,7.076315e-01
2.157705e+00,-9.172846e-01,2.279178e+00,-2.846044e+00,1.061864e+00,3.096327e-01
2.411910e+00,2.388272e+01,5.395325e+00,-3.324071e+00,8.299608e-01,4.328691e-01
-1.355943e+01,1.294184e+01,5.484117e+00,-7.672539e-01,-2.030130e-01,-5.628447e-01
-1.999406e+01,-1.148040e+01,1.330502e+01,-2.658555e+00,9.901868e-01,-1.087968e-01
8.953878e+00,1.934591e-01,1.973042e+01,-2.953070e+00,4.008950e+00,8.347423e-01
1.628871e+01,2.026607e+01,8.938021e+00,-2.061134e+00,1.292462e+00,8.039570e-02
-2.209294e+00,7.297740e+00,1.072683e+01,-1.220792e+00,-1.584142e+00,-8.405750e-01
-7.172238e+00,9.164527e+00,6.472194e+00,-1.176717e+00,-1.050984e+00,-1.787758e-01
-4.510973e+00,1.067694e+01,6.315277e+00,-6.246727e-01,9.713498e-01,1.615635e-01
1.299008e+00,1.051004e+01,4.596103e+00,-5.004272e-01,1.474141e+00,4.809912e-01
5.672924e+00,8.291755e+00,1.581706e+00,-4.325823e-01,4.082115e-01,1.017306e-01
2.276582e+00,8.321282e+00,1.640661e+00,-4.985724e-01,-3.565522e-01,-1.973290e-01
-1.574864e+00,8.843294e+00,1.309337e+00,-6.283654e-01,-4.382186e-01,-2.964922e-01
-9.894074e-01,8.596128e+00,2.410933e-01,-8.450859e-01,-1.536178e-01,-2.417656e-01
2.161340e-03,7.836175e+00,6.696564e-01,-1.228030e+00,-6.830851e-02,-2.203150e-01
-4.133869e-01,8.110965e+00,2.172412e+00,-1.453605e+00,-4.362513e-02,-2.039387e-01
1.997415e+00,8.267999e+00,2.905294e+00,-1.686502e+00,-4.331363e-03,-1.855717e-01
3.301157e+00,8.372507e+00,2.287483e+00,-1.871790e+00,-2.662058e-01,-2.465403e-01
2.581065e+00,8.085379e+00,2.209232e+00,-2.176331e+00,-1.019843e+00,-4.607707e-01
1.959535e+00,7.469095e+00,2.503643e+00,-2.507825e+00,-1.499140e+00,-5.596374e-01
1.667820e+00,8.506315e+00,3.819548e+00,-2.925629e+00,-1.899559e+00,-5.847648e-01
7.679154e-01,9.021861e+00,5.018021e+00,-3.213095e+00,-2.107836e+00,-5.321645e-01
5.089944e-01,1.266257e+01,1.199723e+00,-3.816494e+00,-2.156110e+00,-1.689850e-01
1.992556e+00,2.070871e+01,6.283140e-01,-4.328761e+00,-2.072779e+00,-5.446991e-02
3.097125e+00,1.847826e+01,5.305540e+00,-4.665476e+00,-2.749531e+00,-3.309344e-01
-1.354365e+00,1.591295e+01,1.668877e+01,-4.294481e+00,-3.273881e+00,-6.794833e-01
-5.427360e+00,1.358871e+01,1.649030e+01,-2.914797e+00,-2.311010e+00,-9.786252e-01
-2.806455e+00,1.514748e+00,1.802583e+01,-1.455113e+00,-7.835356e-01,-9.305222e-01
6.051797e+00,7.315978e+00,6.920610e+00,-8.344059e-01,6.514110e-01,-5.948004e-01
1.873549e+00,8.389511e+00,1.035913e+01,8.149078e-01,6.871642e-01,-1.210289e+00
4.762893e-01,2.744783e+00,8.771109e+00,2.133652e+00,1.481563e+00,-8.174725e-01
1.617461e+00,4.004672e+00,8.447240e+00,3.109761e+00,2.138938e+00,-4.995314e-01
2.394655e+00,1.958150e+00,9.170495e+00,4.535008e+00,2.834715e+00,-2.084032e-01
4.701077e+00,2.627886e+00,8.102509e+00,5.300651e+00,2.942043e+00,1.792462e-01
8.330776e+00,2.332785e+00,8.994460e+00,6.248405e+00,2.195964e+00,3.332973e-01
8.955288e+00,2.380052e+00,9.809005e+00,6.831227e+00,8.497221e-01,4.094789e-01
7.305685e+00,3.498947e+00,1.154642e+01,7.429997e+00,-9.898916e-01,1.850770e-01
2.394869e+00,3.101494e+00,1.143170e+01,7.572939e+00,-1.505277e+00,-1.551125e-01
-8.050879e+00,6.371333e+00,8.250151e+00,6.642143e+00,-1.032790e+00,-8.108834e-02
-9.547436e+00,5.893293e+00,8.050500e+00,5.055877e+00,8.118127e-01,4.977745e-01
-2.043311e+00,-4.294346e+00,2.521480e+00,2.723123e+00,2.682795e+00,1.030082e+00
2.995279e+00,-5.595553e+00,-3.528712e-01,2.325630e-01,2.754002e+00,8.295403e-01
5.531932e+00,-2.067154e+00,4.950932e+00,-2.552109e+00,1.441297e+00,3.907686e-01
4.839522e+00,1.934934e+01,7.063947e+00,-3.763176e+00,4.192454e-01,-1.818070e-01
1.943135e+01,3.716959e+01,-3.806897e-01,9.412294e-02,-6.547526e-01,-4.702318e-01
-1.095543e+01,-6.121327e+00,3.088044e+00,-1.651771e+00,-2.411724e+00,-1.811850e+00
-5.805530e+00,1.478029e+00,1.032406e+01,-2.613118e+00,9.038743e-01,3.523272e-01
-6.113338e+00,1.349879e+01,1.423410e+01,-2.427085e+00,1.276073e+00,-6.338008e-02
2.165488e+00,1.022634e+01,8.016087e+00,-1.254450e+00,1.599744e+00,2.541436e-01
4.511275e+00,6.523683e+00,4.929420e+00,-1.236832e+00,9.327072e-01,2.758455e-01
1.392769e+00,1.039572e+01,4.514815e+00,-1.015909e+00,4.745650e-01,1.348263e-02
2.661294e+00,1.101651e+01,3.823969e+00,-1.013243e+00,2.638778e-01,-3.069534e-02
3.731269e-01,8.249688e+00,2.754062e+00,-9.647160e-01,-3.740436e-01,-1.956256e-01
-6.263468e-01,8.001563e+00,2.782844e+00,-1.006510e+00,-2.839476e-01,-1.716862e-01
7.924929e-02,9.468248e+00,2.562502e+00,-1.016512e+00,-1.963502e-01,-2.040872e-01
6.593168e-01,7.805920e+00,1.933473e+00,-1.065779e+00,-2.454406e-01,-2.914906e-01
-6.940306e-01,8.279808e+00,2.048266e+00,-1.250524e+00,-4.556550e-01,-3.798374e-01
-2.127657e+00,8.155291e+00,2.908843e+00,-1.365564e+00,-4.357855e-01,-3.950060e-01
-7.168373e-01,8.588857e+00,4.828864e+00,-1.462547e+00,-2.044580e-03,-2.392918e-01
2.174611e+00,8.433565e+00,5.137565e+00,-1.470319e+00,8.197957e-02,-1.937153e-01
3.332304e+00,8.331934e+00,4.223498e+00,-1.556713e+00,-3.726135e-01,-2.324724e-01
1.360415e+00,8.130095e+00,3.670510e+00,-1.707117e+00,-7.764820e-01,-2.389770e-01
3.496109e+00,8.887801e+00,2.202637e+00,-2.068689e+00,-1.088815e+00,-2.200576e-01
2.713358e+00,9.249270e+00,2.417153e+00,-2.391359e+00,-1.615396e+00,-3.154255e-01
2.026152e-01,9.703578e+00,3.900642e+00,-2.764731e+00,-1.843420e+00,-2.388269e-01
3.010252e+00,1.078638e+01,2.130309e+00,-3.095897e+00,-1.764615e+00,-7.179492e-02
4.942400e+00,1.793861e+01,-1.756162e+00,-3.927447e+00,-2.495895e+00,7.231943e-02
-5.283658e-01,1.770197e+01,5.624793e-01,-4.270889e+00,-3.226419e+00,-1.813699e-01
-8.102252e+00,2.151676e+01,1.805015e+01,-4.474938e+00,-3.491136e+00,2.874390e-02
-9.389512e+00,2.227510e+01,1.842719e+01,-3.427558e+00,-1.623990e+00,2.630916e-01
-6.985357e+00,2.594819e+00,2.094391e+01,-1.276561e+00,1.188187e+00,8.242883e-01
2.866043e+00,4.096454e+00,1.235687e+01,-1.080409e+00,2.388413e+00,1.342966e+00
2.897997e+00,8.333578e+00,1.190430e+01,7.346695e-01,1.973882e+00,8.814197e-01
1.458108e+00,2.327655e+00,9.762192e+00,1.973665e+00,1.964575e+00,7.605386e-01
2.699222e+00,1.982822e+00,8.287733e+00,3.325244e+00,2.096228e+00,5.176983e-01
2.729653e+00,2.524163e+00,9.043388e+00,4.277526e+00,2.000987e+00,4.076023e-01
3.758793e+00,1.839119e+00,8.402308e+00,5.210312e+00,1.698196e+00,4.320025e-01
4.942194e+00,1.004065e+00,8.719105e+00,5.836837e+00,1.262308e+00,4.026254e-01
5.158629e+00,9.913707e-01,1.001932e+01,6.624713e+00,1.521307e-01,1.193350e-01
2.529891e+00,2.196990e+00,1.239677e+01,7.119947e+00,-3.052492e-01,-1.803071e-01
-2.450404e-01,1.397393e+00,1.237897e+01,7.603584e+00,-9.486393e-03,-4.253612e-01
-1.823803e+00,2.746604e+00,1.036200e+01,7.337730e+00,3.502947e-01,-1.785050e-01
-1.507334e+00,7.300874e+00,8.212477e+00,5.808227e+00,1.027286e+00,5.394657e-01
-1.097209e-01,3.263028e+00,5.395631e+00,4.364887e+00,1.148106e+00,6.822384e-01
-1.270839e+00,-2.622369e+00,3.877781e-01,1.710204e+00,1.340869e+00,2.953387e-01
2.121485e+00,-2.639219e+00,-1.132789e-02,-6.539395e-01,1.365365e+00,5.627149e-02
4.807479e+00,-2.909569e+00,3.191343e+00,-3.238888e+00,2.739818e-01,-2.419444e-01
8.404527e+00,3.661959e+01,-3.733693e+00,-2.238350e+00,-3.163173e-01,-2.078861e-01
-1.396462e+01,-2.759338e+00,1.340249e+00,-3.800352e-01,-2.149209e+00,-2.042291e+00
-1.011275e+01,-5.039495e+00,7.213319e+00,-2.768852e+00,3.868113e-01,-9.463402e-02
2.677177e+00,9.194249e+00,1.299978e+01,-2.647377e+00,2.394145e+00,5.807755e-01
4.181314e+00,1.478483e+01,1.041091e+01,-2.107529e+00,1.355791e+00,-6.260636e-02
2.573575e+00,7.194033e+00,6.667800e+00,-1.510077e+00,5.318361e-01,-1.376608e-01
1.684676e+00,9.256633e+00,4.464994e+00,-1.460227e+00,1.531604e-02,-1.359642e-01
-1.811385e+00,1.096909e+01,4.604459e+00,-1.050015e+00,-1.250321e-01,-2.901896e-01
-2.262121e+00,9.261391e+00,5.658667e+00,-9.706136e-01,2.243957e-01,-8.370888e-02
2.520088e+00,9.302558e+00,3.567993e+00,-8.097690e-01,4.146900e-01,3.983468e-03
3.594262e+00,9.103535e+00,2.583027e+00,-7.595657e-01,-1.078582e-01,-1.499663e-01
2.146387e+00,9.240898e+00,2.088623e+00,-8.673008e-01,-7.532116e-01,-3.589144e-01
3.143362e-01,8.761398e+00,1.691398e+00,-9.837399e-01,-1.016194e+00,-4.536849e-01
-2.018222e+00,8.036949e+00,1.804704e+00,-1.194965e+00,-9.762940e-01,-4.126406e-01
-3.583397e+00,8.733669e+00,2.470860e+00,-1.285501e+00,-7.617789e-01,-3.283491e-01
-3.689380e+00,8.649133e+00,3.543211e+00,-1.279319e+00,4.952556e-02,-1.787454e-01
5.983997e-01,7.530437e+00,3.814133e+00,-1.343587e+00,4.186048e-01,-8.038064e-02
4.491977e+00,8.152224e+00,3.899126e+00,-1.493311e+00,3.533402e-02,-1.388022e-01
3.004897e+00,8.260512e+00,3.315384e+00,-1.668556e+00,-5.692313e-01,-2.325354e-01
-2.321370e-01,9.325563e+00,3.652137e+00,-1.869726e+00,-8.142642e-01,-2.393338e-01
-5.217618e-01,9.369752e+00,3.705533e+00,-2.071941e+00,-9.276506e-01,-2.517567e-01
1.210149e+00,9.791480e+00,4.015801e+00,-2.402299e+00,-1.063541e+00,-1.680037e-01
3.883581e+00,1.026550e+01,3.547613e+00,-2.678364e+00,-1.273132e+00,-1.457562e-01
4.264292e+00,1.184893e+01,2.231509e+00,-3.178173e+00,-1.839220e+00,-7.767341e-02
4.651491e+00,1.560434e+01,-3.057478e+00,-3.703261e+00,-2.242127e+00,-9.083724e-02
-2.243506e+00,1.442826e+01,2.953632e+00,-4.293496e+00,-3.265049e+00,-2.108583e-01
-4.934772e+00,1.907984e+01,1.101106e+01,-4.605287e+00,-3.302835e+00,7.360157e-02
-9.988166e+00,2.206767e+01,1.771168e+01,-3.281184e+00,-1.457857e+00,3.262251e-01
-6.660819e+00,8.100715e+00,1.800336e+01,-1.662335e+00,7.209635e-01,8.919376e-01
3.431182e+00,6.467772e+00,1.224291e+01,-1.427695e+00,2.156517e+00,1.284901e+00
4.752064e+00,1.063774e+01,1.160807e+01,1.810420e-01,1.828669e+00,1.123198e+00
2.449283e+00,4.601377e+00,1.041652e+01,2.190758e+00,1.654993e+00,3.517012e-01
2.887056e+00,2.639037e+00,8.618496e+00,3.288706e+00,1.594706e+00,3.306003e-02
3.661922e+00,2.353029e+00,8.701075e+00,4.338035e+00,1.466226e+00,-1.948316e-01
3.723294e+00,1.694054e+00,7.896385e+00,5.292914e+00,1.074766e+00,-1.856672e-01
3.995656e+00,1.301683e+00,8.309296e+00,6.243101e+00,5.577434e-01,-2.821576e-01
4.239929e+00,1.030000e+00,9.254239e+00,6.849692e+00,9.157957e-02,-3.898342e-01
3.756967e+00,1.605560e+00,1.279292e+01,7.475193e+00,-3.018998e-01,-5.664191e-01
3.332851e+00,2.039510e+00,1.167951e+01,7.734517e+00,-2.967030e-01,-6.176302e-01
-2.310150e+00,2.241856e+00,1.085322e+01,6.870790e+00,-4.324804e-01,-5.187549e-01
-9.761844e+00,6.293997e+00,1.045071e+01,5.644253e+00,5.110931e-01,8.605361e-02
-6.301554e+00,-6.714608e+00,4.236652e+00,3.332946e+00,2.561721e+00,1.113818e+00
-9.045287e-01,-1.308396e+01,3.375343e+00,-7.700752e-02,3.848376e+00,1.225676e+00
1.254318e+01,4.547839e+00,1.157610e+01,-3.214327e+00,2.546772e+00,8.822985e-01
1.851922e+01,3.364545e+01,-5.032218e+00,-2.486725e+00,1.052114e+00,2.589272e-01
-8.770537e+00,6.794695e+00,5.896129e+00,-9.809154e-01,-2.808564e+00,-2.358385e+00
-1.342226e+01,-3.988335e+00,1.269264e+01,-3.341641e+00,-4.163759e-01,-7.215433e-01
3.369730e+00,8.854903e+00,1.442621e+01,-2.636487e+00,1.766054e+00,6.173204e-01
4.914838e-01,1.324773e+01,9.475654e+00,-1.608095e+00,1.059410e+00,-1.534332e-01
2.751936e+00,9.412947e+00,6.485959e+00,-1.303294e+00,8.155639e-01,2.050688e-01
3.286614e+00,8.695357e+00,4.040759e+00,-1.032433e+00,3.503179e-01,-3.317436e-02
2.887902e+00,1.160892e+01,3.841641e+00,-9.751029e-01,-1.774523e-01,-2.223385e-01
-1.126453e-02,9.861025e+00,3.482484e+00,-8.247530e-01,-6.581833e-01,-3.897511e-01
-2.548926e+00,7.888878e+00,3.262984e+00,-7.879938e-01,-5.828774e-01,-3.370171e-01
-2.563681e+00,7.938422e+00,2.477576e+00,-8.123286e-01,-1.421496e-01,-2.293482e-01
6.039957e-02,7.960525e+00,7.858757e-01,-1.003391e+00,1.621556e-01,-2.142261e-01
2.338780e+00,7.669718e+00,7.796246e-02,-1.264191e+00,-4.880548e-02,-3.014988e-01
9.441035e-01,7.488486e+00,2.947809e+00,-1.567435e+00,-5.111265e-01,-4.272874e-01
4.057058e-01,8.344596e+00,4.610519e+00,-1.720909e+00,-5.800000e-01,-3.917678e-01
1.321811e+00,8.132012e+00,3.384890e+00,-1.910178e+00,-6.844847e-01,-3.571762e-01
2.861524e+00,7.395245e+00,1.742741e+00,-2.078533e+00,-8.268448e-01,-3.253673e-01
3.370000e+00,8.801667e+00,9.129203e-01,-2.757306e+00,-1.457156e+00,-3.059509e-01
1.448937e+00,8.821977e+00,1.483020e+00,-3.270228e+00,-1.873007e+00,-2.653349e-01
3.917633e+00,8.670223e+00,1.428466e+00,-3.920298e+00,-1.911463e+00,-3.845018e-02
9.000271e+00,1.280764e+01,7.407571e-01,-4.525955e+00,-2.237997e+00,-1.613247e-01
5.854927e+00,1.952174e+01,1.609790e+00,-5.619296e+00,-4.803777e+00,-7.123710e-01
-8.572363e+00,1.674584e+01,1.763227e+01,-6.070422e+00,-5.646901e+00,-8.583873e-01
-2.147668e+01,2.266494e+01,2.017047e+01,-4.310562e+00,-2.312203e+00,4.676353e-01
-1.113035e+01,7.881911e+00,1.967904e+01,-1.751387e+00,1.947652e+00,1.319797e+00
7.895863e+00,9.758956e+00,1.236830e+01,-5.801352e-01,3.598103e+00,1.127135e+00
8.368644e+00,8.584576e+00,1.484780e+01,1.010435e+00,2.931276e+00,6.305603e-01
5.277104e+00,3.891313e+00,1.032209e+01,3.114014e+00,2.279729e+00,1.296091e-01
3.722825e+00,1.846616e+00,9.498422e+00,4.324111e+00,2.065210e+00,-2.159085e-01
4.321042e+00,7.705307e-01,9.749921e+00,5.643727e+00,2.133583e+00,-2.241080e-01
5.736402e+00,1.211333e+00,9.059892e+00,6.337324e+00,1.942571e+00,-8.261203e-02
9.080000e+00,1.228726e+00,9.362308e+00,7.063456e+00,1.156014e+00,-3.538066e-02
7.382819e+00,1.737295e-01,1.066704e+01,7.341823e+00,-5.227705e-02,-2.611360e-01
3.569652e+00,1.685508e+00,1.143157e+01,7.496578e+00,-6.118711e-01,-4.623200e-01
7.638092e-01,1.483095e+00,1.139538e+01,7.336157e+00,-4.653682e-01,-4.737065e-01
-2.141312e+00,5.012932e+00,8.504175e+00,6.666221e+00,-2.759582e-01,1.425626e-03
-2.927824e+00,5.986960e+00,7.306980e+00,5.634002e+00,3.625270e-01,3.930002e-01
-2.979545e-01,2.143796e+00,1.719705e+00,3.834180e+00,1.308523e+00,5.880346e-01
9.776947e-01,-1.497997e+00,-1.789650e+00,1.912069e+00,1.442233e+00,6.199437e-01
3.818890e+00,4.177281e-02,-1.528828e+00,-6.702046e-01,7.095490e-01,5.341875e-01
1.747086e+00,2.609924e+00,2.161366e+00,-2.552738e+00,-1.635651e-01,2.834856e-02
5.556542e+00,2.936267e+01,-2.501760e+00,-2.773935e+00,-1.113856e+00,-7.700221e-01
6.745182e+00,2.869112e+01,-2.917814e+00,-1.716060e+00,-2.396568e+00,-1.615971e+00
-1.639566e+01,3.570084e+00,1.190518e+01,-3.312655e+00,-7.318782e-01,-3.911634e-01
-4.707007e+00,4.118075e+00,1.577612e+01,-2.764187e+00,2.718730e+00,6.852189e-01
3.307492e+00,9.677322e+00,1.220086e+01,-2.108696e+00,2.506070e+00,4.026817e-01
5.340936e+00,1.411693e+01,8.604461e+00,-1.693372e+00,1.640852e+00,2.376285e-01
5.343819e+00,7.723423e+00,3.814960e+00,-1.488804e+00,4.147058e-01,-1.028805e-01
3.190370e+00,9.666384e+00,3.886969e+00,-1.431505e+00,-2.585908e-01,-3.147274e-01
-1.330080e+00,9.800364e+00,5.878341e+00,-1.339853e+00,-4.893181e-01,-3.371438e-01
-9.565193e-01,9.360671e+00,4.835783e+00,-1.188551e+00,-3.849606e-01,-2.815415e-01
9.441240e-01,8.814481e+00,2.900930e+00,-1.102838e+00,-5.505364e-01,-3.434534e-01
3.689832e-01,9.196410e+00,2.600000e+00,-1.140463e+00,-7.477152e-01,-4.004633e-01
-5.753643e-01,8.488793e+00,2.913602e+00,-1.196245e+00,-7.883995e-01,-4.417113e-01
-1.352896e+00,7.738207e+00,3.360413e+00,-1.264534e+00,-6.733609e-01,-4.106935e-01
-1.645790e+00,7.786348e+00,4.046348e+00,-1.320258e+00,-3.031807e-01,-2.796679e-01
-7.578854e-01,8.131734e+00,4.058034e+00,-1.401004e+00,-4.866614e-02,-2.130392e-01
1.444427e+00,8.769474e+00,3.301472e+00,-1.522106e+00,-1.996959e-01,-2.711747e-01
2.431248e+00,7.942053e+00,2.447043e+00,-1.697419e+00,-6.389014e-01,-3.886692e-01
-5.142973e-01,7.205848e+00,1.678210e+00,-2.005183e+00,-1.186247e+00,-4.333333e-01
-1.626337e+00,7.992348e+00,2.238905e+00,-2.328231e+00,-1.271959e+00,-3.886293e-01
-1.950842e+00,8.144422e+00,2.829368e+00,-2.745312e+00,-1.169528e+00,-2.906684e-01
6.597788e-01,8.567309e+00,2.620617e+00,-3.186986e+00,-1.117077e+00,-2.150128e-01
7.249081e+00,1.066824e+01,-1.217656e+00,-3.913824e+00,-1.438140e+00,-2.813338e-01
8.931817e+00,1.407144e+01,-2.699567e+00,-4.767359e+00,-2.255327e+00,-4.351509e-01
4.582360e+00,2.332383e+01,4.992066e+00,-5.424456e+00,-4.120447e+00,-6.166558e-01
-5.855461e+00,2.365152e+01,1.582921e+01,-5.333433e+00,-4.794381e+00,-3.006439e-01
-1.815905e+01,1.993685e+01,2.312244e+01,-3.498308e+00,-2.486220e+00,4.096100e-01
-1.251250e+01,4.943938e+00,2.475529e+01,-1.395180e+00,1.437690e+00,1.270683e+00
5.701194e+00,1.002713e+01,1.173567e+01,7.557053e-01,3.389891e+00,1.735571e+00
7.460789e+00,5.705874e+00,1.581978e+01,2.764116e+00,3.028661e+00,1.022436e+00
8.483596e+00,-7.677944e-02,6.758211e+00,4.443115e+00,2.025094e+00,5.684616e-01
6.244508e+00,2.690316e-01,7.853874e+00,5.304425e+00,8.807666e-01,2.574455e-01
2.724805e+00,2.867757e-01,8.860514e+00,6.384010e+00,5.149377e-01,1.802468e-01
2.809515e+00,7.948356e-01,8.686823e+00,7.026661e+00,6.395843e-01,2.300506e-01
4.499618e+00,1.293745e-01,1.110185e+01,7.648719e+00,3.933517e-01,2.157608e-01
4.987476e+00,9.119783e-01,1.289055e+01,8.046238e+00,-8.891541e-02,2.051101e-01
3.962030e+00,2.853890e+00,1.265700e+01,8.271261e+00,-5.466301e-01,-7.463185e-02
-3.623467e-01,2.318515e+00,1.155975e+01,7.402562e+00,-7.753217e-01,-2.061399e-01
-8.870944e+00,2.838652e+00,8.025663e+00,5.423865e+00,3.431249e-01,1.717112e-01
-8.236455e+00,-6.195445e+00,4.001135e+00,2.853876e+00,1.772824e+00,6.183633e-01
-2.932407e-01,-1.157369e+01,7.652310e-01,-1.859245e+00,2.399002e+00,5.088141e-01
9.981798e+00,-5.881975e-01,1.241913e+01,-4.404374e+00,8.297799e-01,-9.019666e-02
2.698136e+01,3.937867e+01,-1.327171e+01,-1.738613e+00,-7.486985e-01,-3.154909e-01
6.146632e+00,3.045010e+01,9.761285e+00,-9.027295e-01,-3.396385e+00,-2.297342e+00
-1.216058e+01,-5.211369e+00,1.338908e+01,-3.804691e+00,1.602874e+00,5.575438e-01
1.147374e+00,7.338998e+00,1.558106e+01,-3.330571e+00,2.008206e+00,3.480103e-01
4.607794e+00,1.278124e+01,1.049746e+01,-1.966286e+00,-2.061442e-02,-4.749334e-01
1.875522e+00,7.333956e+00,9.973791e+00,-1.820808e+00,-1.073816e+00,-3.568431e-01
-5.066570e+00,1.065224e+01,6.898941e+00,-1.332164e+00,-2.920186e-01,3.874636e-02
-1.938654e+00,1.095828e+01,7.115858e+00,-1.097086e+00,6.489032e-01,1.087877e-01
2.844539e+00,9.065488e+00,5.015041e+00,-8.933920e-01,7.206896e-01,1.559263e-01
3.121867e+00,8.060677e+00,3.975597e+00,-8.496125e-01,2.891142e-01,1.905813e-02
1.373880e+00,8.463376e+00,4.096248e+00,-7.882906e-01,-3.301452e-01,-2.041538e-01
-5.139236e-01,8.012907e+00,4.460320e+00,-7.766667e-01,-4.326043e-01,-3.131470e-01
5.512658e-01,8.315155e+00,2.975698e+00,-8.611956e-01,-3.251833e-01,-3.277722e-01
1.939357e+00,8.983226e+00,2.614153e+00,-1.018593e+00,-4.267290e-01,-3.251672e-01
2.076676e+00,7.670692e+00,1.898920e+00,-1.217912e+00,-8.690230e-01,-4.098327e-01
1.308881e+00,6.789520e+00,4.725792e-01,-1.495243e+00,-1.009202e+00,-4.150215e-01
-7.959695e-02,8.458733e+00,1.848751e-01,-2.051441e+00,-9.178515e-01,-2.657385e-01
9.891445e-01,1.053783e+01,2.003923e+00,-2.500971e+00,-8.240037e-01,-1.337476e-01
2.814305e+00,1.003175e+01,2.259797e+00,-3.003431e+00,-9.999780e-01,1.861096e-02
5.731599e+00,1.091823e+01,1.037514e+00,-3.348409e+00,-1.259974e+00,7.269477e-02
9.552673e+00,1.287326e+01,-2.394759e+00,-3.858985e+00,-2.039376e+00,-9.691484e-02
5.928363e+00,1.583762e+01,-1.327053e+00,-4.341051e+00,-3.448699e+00,-2.293354e-01
-6.625326e+00,1.905891e+01,1.120070e+01,-4.968301e+00,-4.342408e+00,-3.697465e-01
-1.493617e+01,2.678482e+01,2.018280e+01,-3.847155e+00,-2.659820e+00,3.071650e-01
-9.194590e+00,1.942003e+00,2.442187e+01,-1.498727e+00,6.565990e-01,9.497079e-01
1.391171e+00,4.594483e+00,1.618058e+01,-1.338040e+00,2.932521e+00,1.224799e+00
8.041623e+00,1.001559e+01,1.285727e+01,1.340711e+00,2.340302e+00,6.318526e-01
6.282775e+00,4.251591e+00,1.130392e+01,2.759003e+00,1.479591e+00,2.822959e-01
4.232078e+00,1.079793e+00,8.790712e+00,4.008238e+00,9.789447e-01,-1.373966e-01
3.270660e+00,4.048466e-01,9.507106e+00,4.904862e+00,9.278081e-01,-5.287793e-01
2.963089e+00,1.208520e+00,9.746435e+00,6.143712e+00,8.976581e-01,-7.289144e-01
3.820406e+00,7.163776e-01,9.668672e+00,6.935454e+00,7.736338e-01,-9.129497e-01
4.234226e+00,7.018303e-01,1.141125e+01,7.688323e+00,4.456119e-01,-1.129041e+00
4.002329e+00,1.214575e+00,1.292526e+01,7.970478e+00,1.519722e-01,-1.182936e+00
2.777289e+00,6.805644e+00,1.138702e+01,7.726969e+00,-2.744249e-01,-9.065872e-01
-2.239212e+00,8.250822e+00,9.445020e+00,6.960185e+00,-2.953259e-01,-7.180650e-01
-7.705547e+00,1.266738e+00,5.336960e+00,5.229658e+00,8.747285e-01,-2.631584e-01
-6.326735e+00,-4.425947e+00,1.442624e+00,2.891034e+00,2.437611e+00,-4.738993e-02
5.765486e+00,-6.626593e+00,-1.168983e+00,-1.378795e+00,1.957590e+00,3.138069e-01
4.111455e+00,-2.525950e+00,5.842165e+00,-3.718992e+00,7.613201e-01,-9.797998e-02
7.657690e+00,3.898621e+01,-1.906222e+00,-2.686498e+00,7.624484e-01,5.137967e-01
1.008550e+00,1.273568e+01,4.298912e+00,-8.245362e-01,2.560210e-01,-7.421541e-01
-3.704054e+00,1.005147e-01,1.047501e+01,-3.016488e+00,2.312504e+00,9.969671e-01
9.389519e-01,6.405526e+00,1.061954e+01,-2.951347e+00,2.570526e+00,4.796356e-01
5.358987e+00,1.532179e+01,8.912242e+00,-2.126354e+00,1.196803e+00,-3.129717e-01
5.077564e+00,5.109114e+00,6.678460e+00,-1.625032e+00,-3.579842e-01,-2.732821e-01
-3.432019e+00,9.312997e+00,6.013691e+00,-1.533824e+00,-5.374676e-02,-9.450695e-02
-3.664624e+00,1.213199e+01,6.763668e+00,-1.299812e+00,1.287546e+00,2.247819e-01
5.287261e+00,8.464061e+00,4.479347e+00,-1.103967e+00,8.931051e-01,5.890422e-02
4.358506e+00,7.640105e+00,4.532863e+00,-1.083895e+00,-6.314717e-02,-1.650299e-01
1.827087e+00,1.048723e+01,4.716357e+00,-9.704076e-01,-9.600384e-01,-4.187258e-01
-4.283745e-01,1.025492e+01,4.214907e+00,-8.887282e-01,-1.031231e+00,-4.599497e-01
-1.110682e+00,9.814575e+00,2.779625e+00,-8.567245e-01,-8.503852e-01,-4.131085e-01
-1.892800e+00,8.011219e+00,1.564605e+00,-9.769531e-01,-8.131099e-01,-3.425622e-01
-2.233260e+00,7.903440e+00,1.645921e+00,-1.191403e+00,-5.657860e-01,-2.797743e-01
-7.706977e-03,7.930802e+00,2.852004e+00,-1.323037e+00,-4.789532e-01,-2.348125e-01
1.207450e-01,7.562735e+00,3.074090e+00,-1.496982e+00,-4.892943e-01,-1.758258e-01
9.696695e-01,7.987978e+00,1.630496e+00,-1.738265e+00,-3.713560e-01,-1.949232e-02
2.757166e+00,9.217538e+00,3.408946e-01,-2.219608e+00,-5.559711e-01,5.965368e-03
3.575636e+00,8.870424e+00,-4.310472e-01,-2.703484e+00,-1.067243e+00,-4.111111e-02
2.180093e+00,9.774211e+00,1.364205e+00,-3.250807e+00,-1.353038e+00,7.339480e-02
5.123380e+00,1.144833e+01,1.108477e+00,-3.628731e+00,-1.495534e+00,4.913297e-02
6.343094e+00,1.769187e+01,-1.867032e+00,-4.257202e+00,-2.621306e+00,-8.555907e-02
-1.012499e+00,1.556903e+01,4.613044e+00,-4.639056e+00,-3.628756e+00,-4.191218e-01
-7.430233e+00,2.298551e+01,1.740020e+01,-4.320127e+00,-3.107026e+00,-1.256938e-02
-8.864530e+00,2.096338e+01,1.645701e+01,-2.392536e+00,-1.423953e+00,2.171550e-01
-2.581948e-01,5.514471e+00,1.379547e+01,-7.087267e-01,1.137245e+00,4.899331e-01
6.741106e+00,7.960172e+00,8.527966e+00,1.473018e-01,1.568295e+00,5.714732e-01
3.505792e+00,7.266405e+00,1.126850e+01,2.248895e+00,1.165556e+00,-1.198426e-01
2.116579e+00,3.247662e+00,9.429709e+00,3.390591e+00,1.344471e+00,-2.707232e-01
3.211646e+00,2.387294e+00,8.172116e+00,4.394317e+00,1.564918e+00,-5.550269e-01
3.716337e+00,1.885148e+00,9.349604e+00,5.264425e+00,1.527733e+00,-6.827044e-01
4.658188e+00,1.900121e+00,9.321337e+00,6.236164e+00,1.156999e+00,-6.617234e-01
5.765346e+00,3.238940e+00,9.424700e+00,6.995651e+00,5.719752e-01,-7.617647e-01
4.518922e+00,4.023781e+00,1.345458e+01,7.777543e+00,-1.050442e-01,-1.007864e+00
3.759157e+00,5.803980e+00,1.287913e+01,7.810160e+00,-3.189329e-01,-9.662352e-01
-1.601190e+00,8.443559e+00,1.045540e+01,6.850929e+00,-3.271006e-01,-7.421991e-01
-7.712566e+00,4.445739e+00,5.933955e+00,5.542711e+00,3.801563e-01,-2.639072e-01
-7.298154e+00,-5.469708e+00,2.918168e+00,2.886902e+00,2.661647e+00,9.127020e-02
7.836768e-01,-8.478937e+00,-5.073220e-01,-3.950839e-01,3.169738e+00,6.838596e-01
8.157759e+00,-3.364961e+00,8.439959e+00,-3.922137e+00,1.287235e+00,1.972623e-01
1.464763e+01,3.090697e+01,1.511645e+00,-2.021372e+00,8.257068e-01,9.817592e-01
1.175452e-01,-8.780140e-01,2.760845e+00,-1.253219e+00,-2.389977e+00,-1.897238e+00
-1.126425e+01,-1.394615e-01,1.032887e+01,-3.057647e+00,-1.081006e+00,-8.331228e-02
-1.582448e+01,1.595701e+01,1.474429e+01,-2.669949e+00,1.779152e+00,2.191011e-01
2.566876e+00,1.091386e+01,6.008126e+00,-1.668299e+00,2.200571e+00,6.519764e-01
4.460218e+00,6.528670e+00,6.051771e+00,-1.616990e+00,1.446975e+00,3.427782e-01
2.838299e+00,1.056407e+01,5.185773e+00,-1.427527e+00,1.130836e+00,2.550929e-01
5.320931e+00,9.911890e+00,3.615698e+00,-1.345927e+00,5.496987e-03,-2.262782e-01
2.048858e+00,8.577244e+00,3.574409e+00,-1.399954e+00,-4.471050e-01,-2.531100e-01
-8.342104e-01,1.034453e+01,4.261599e+00,-1.324285e+00,-5.937770e-01,-2.872048e-01
-1.915886e+00,9.203247e+00,4.661766e+00,-1.207644e+00,-4.033696e-01,-2.496772e-01
-4.302964e-01,8.404712e+00,3.899332e+00,-1.182658e+00,-1.063007e-01,-1.718431e-01
4.940589e-01,8.375391e+00,3.409883e+00,-1.195683e+00,-1.991431e-01,-2.396631e-01
7.134966e-02,8.670796e+00,3.439446e+00,-1.289290e+00,-4.643947e-01,-2.727725e-01
-4.144820e-01,8.164657e+00,4.372235e+00,-1.333057e+00,-3.935491e-01,-2.033293e-01
7.991954e-02,8.297250e+00,4.831911e+00,-1.352170e+00,-1.870530e-01,-7.218256e-02
8.927637e-01,8.377302e+00,3.734996e+00,-1.432101e+00,-1.058069e-01,4.062076e-02
1.426936e+00,7.861235e+00,1.195840e+00,-1.777516e+00,-1.463473e-01,1.690763e-01
3.234305e+00,8.771721e+00,3.147562e-03,-2.147350e+00,-3.875416e-01,1.545987e-01
2.839809e+00,9.497019e+00,1.667873e-01,-2.673690e+00,-1.009062e+00,5.122875e-02
2.160693e+00,1.071177e+01,1.654528e+00,-3.015843e+00,-1.318897e+00,3.763906e-02
3.022430e+00,1.311254e+01,2.831927e-01,-3.733352e+00,-1.938243e+00,1.437665e-01
2.901397e+00,1.801149e+01,-1.053786e-01,-4.007363e+00,-2.237579e+00,6.889004e-02
-3.855364e+00,1.619507e+01,1.175887e+01,-4.435401e+00,-3.184361e+00,-2.484193e-01
-3.157152e+00,2.037808e+01,1.503151e+01,-3.970680e+00,-2.467190e+00,-2.977545e-02
-3.888307e+00,1.438067e+01,1.410648e+01,-1.209827e+00,-5.859023e-01,-2.187840e-01
3.002666e+00,2.692206e+00,1.310371e+01,-9.245956e-01,2.491128e-01,-2.619271e-01
5.585284e+00,9.601021e+00,8.654848e+00,3.489352e-01,4.276761e-01,-5.266091e-01
1.590326e+00,6.512886e+00,1.083258e+01,1.491734e+00,3.882402e-01,-9.077871e-01
1.483155e+00,2.641489e+00,8.132956e+00,3.340074e+00,1.277241e+00,-9.740040e-01
2.941244e+00,2.444274e+00,8.433360e+00,3.870765e+00,1.525071e+00,-1.078154e+00
3.673228e+00,2.708307e+00,9.021535e+00,5.229016e+00,1.525583e+00,-1.032868e+00
4.354073e+00,2.986039e+00,9.620513e+00,5.796425e+00,1.395652e+00,-9.641612e-01
5.238321e+00,3.641909e+00,1.069588e+01,7.216754e+00,6.187516e-01,-8.751240e-01
5.675424e+00,4.305761e+00,1.361891e+01,7.555588e+00,3.363223e-01,-8.837219e-01
3.790512e+00,8.880632e+00,1.026312e+01,7.673607e+00,-9.725931e-02,-7.022889e-01
-1.613213e+00,6.616433e+00,7.749781e+00,6.947284e+00,-5.609660e-01,-6.843117e-01
-1.142917e+01,1.479666e+00,5.367389e+00,4.675296e+00,1.163085e+00,-3.138717e-01
-4.226118e+00,-7.023259e+00,2.129912e-01,2.903727e+00,2.865222e+00,1.811789e-01
6.226238e+00,-5.970303e+00,1.587354e+00,-3.913418e-01,3.481128e+00,1.015451e+00
6.575326e+00,-1.748785e+00,7.743021e+00,-3.456239e+00,1.915256e+00,4.148136e-01
1.272628e+01,3.941000e+01,2.414813e+00,-1.089658e+00,5.849110e-01,7.249993e-01
7.712635e+00,1.407431e+01,-2.219653e+00,3.440489e-01,-5.037888e-01,-4.318143e-01
-1.521106e+01,2.419919e+00,1.071704e+01,-2.589166e+00,3.371752e-02,-4.919625e-01
-1.018295e+01,1.577253e+01,1.184598e+01,-2.959524e+00,1.751704e+00,3.191733e-01
3.263975e+00,8.590608e+00,4.476736e+00,-1.902918e+00,2.561090e+00,6.216824e-01
7.182637e+00,7.208994e+00,6.931674e+00,-2.000113e+00,1.608181e+00,3.603141e-01
5.691641e+00,9.482777e+00,5.672300e+00,-1.852073e+00,5.966129e-01,1.747999e-01
3.369512e+00,1.049961e+01,5.804095e+00,-1.702866e+00,-2.987115e-01,-1.586549e-01
1.785805e+00,9.330558e+00,5.595805e+00,-1.536182e+00,-6.657623e-01,-3.147922e-01
9.134924e-01,8.636036e+00,4.565716e+00,-1.487272e+00,-7.047983e-01,-3.163891e-01
7.846637e-01,7.449940e+00,4.389038e+00,-1.418905e+00,-8.664448e-01,-3.796231e-01
-2.838789e-01,6.998995e+00,4.745981e+00,-1.404912e+00,-1.160500e+00,-5.087987e-01
-4.112043e+00,8.164778e+00,5.276170e+00,-1.339279e+00,-9.805396e-01,-4.397109e-01
-4.720516e+00,8.223691e+00,5.631059e+00,-1.234943e+00,-4.607096e-01,-2.690080e-01
3.080594e-01,8.321508e+00,5.539084e+00,-1.122548e+00,4.808823e-01,-2.352690e-02
3.619797e+00,8.815187e+00,4.331727e+00,-1.108349e+00,5.283191e-01,3.290699e-02
2.990163e+00,8.775567e+00,1.282156e+00,-1.349974e+00,-3.924910e-02,-5.836959e-02
1.935768e+00,7.966080e+00,-5.955905e-01,-1.688405e+00,-3.733514e-01,-1.033255e-01
1.553015e+00,9.247854e+00,-7.043451e-02,-2.392372e+00,-7.056171e-01,-9.835619e-02
1.973491e+00,9.598788e+00,1.017961e+00,-2.918360e+00,-9.013284e-01,-2.458129e-02
6.641555e+00,1.217253e+01,1.849034e-01,-3.552318e+00,-9.057339e-01,8.572016e-02
1.152787e+01,1.746369e+01,-2.108119e+00,-4.047376e+00,-1.733101e+00,-8.527141e-02
-1.955365e+00,1.724423e+01,1.159575e+01,-4.549120e+00,-3.941929e+00,-6.935402e-01
-8.327976e+00,2.224276e+01,1.779623e+01,-4.469808e+00,-4.060243e+00,-4.998614e-01
-9.460668e+00,1.247378e+01,1.723877e+01,-2.525375e+00,-1.592748e+00,1.378318e-01
5.239441e-01,7.516012e+00,1.481812e+01,-1.366935e+00,6.317435e-01,5.974685e-01
6.654067e+00,9.664188e+00,9.326205e+00,2.278369e-01,1.218938e+00,2.618830e-01
4.649578e+00,3.552956e+00,9.631188e+00,2.153883e+00,7.483995e-01,-3.596985e-01
4.094145e+00,2.957742e+00,8.344959e+00,3.694361e+00,5.040994e-01,-5.349779e-01
2.451237e+00,2.717359e+00,9.479203e+00,4.620542e+00,6.285397e-01,-8.712194e-01
2.055162e+00,1.892195e+00,1.105019e+01,5.680612e+00,1.011291e+00,-1.004845e+00
2.817616e+00,2.920611e+00,1.206406e+01,6.589063e+00,1.172802e+00,-9.637510e-01
3.702946e+00,3.022321e+00,1.488509e+01,7.875263e+00,9.854683e-01,-8.824100e-01
5.067272e+00,5.694471e+00,1.230227e+01,8.266677e+00,7.029774e-01,-7.336313e-01
1.860861e+00,4.357640e+00,9.588478e+00,7.822122e+00,1.626130e-01,-7.917248e-01
-3.510091e+00,2.718555e+00,6.583115e+00,6.347269e+00,-1.351122e-01,-7.512251e-01
-7.095709e+00,-5.530640e+00,3.331284e+00,3.645374e+00,1.382458e+00,-2.977312e-01
-1.910332e-01,-8.995742e+00,-2.689097e+00,9.292467e-01,2.513164e+00,4.820261e-01
3.979280e+00,1.705323e+00,2.741085e+00,-2.386296e+00,2.148380e+00,4.038904e-01
1.872908e+01,3.874754e+01,-4.731938e+00,-3.192613e+00,1.562998e+00,5.473336e-01
-8.807522e+00,4.236893e+00,9.822726e+00,-2.459120e+00,-7.461766e-01,-1.193064e+00
-8.794659e+00,-2.032692e+00,1.392249e+01,-3.569178e+00,4.477254e-01,-1.649900e-01
4.387811e+00,1.612939e+01,1.161027e+01,-3.140663e+00,1.869431e+00,4.693813e-01
3.262650e+00,1.080904e+01,1.114058e+01,-2.352371e+00,1.182091e+00,1.014601e-02
1.202856e+00,7.886569e+00,9.729403e+00,-1.850485e+00,4.780982e-01,-3.674202e-02
-1.034183e+00,1.069955e+01,9.019440e+00,-1.434560e+00,3.054103e-01,1.194425e-01
1.124918e+00,1.024888e+01,7.745388e+00,-8.718936e-01,5.525148e-01,1.994093e-02
2.661101e+00,9.764372e+00,5.202250e+00,-6.099459e-01,5.682004e-01,4.534107e-02
3.395921e+00,8.302555e+00,3.537233e+00,-4.616834e-01,1.579406e-01,-1.212641e-01
1.562888e+00,9.016640e+00,2.943340e+00,-4.686040e-01,-4.487477e-01,-2.803139e-01
-2.689813e+00,8.264375e+00,2.505812e+00,-5.487976e-01,-8.048057e-01,-4.409955e-01
-1.947465e+00,7.400968e+00,1.211023e+00,-7.154082e-01,-3.949278e-01,-2.863782e-01
1.569082e+00,7.517931e+00,2.712538e-01,-1.029097e+00,-3.681363e-02,-1.511815e-01
9.781550e-01,7.796672e+00,1.100621e+00,-1.361150e+00,-3.341191e-01,-2.073124e-01
-7.533283e-01,9.213639e+00,2.640404e+00,-1.744563e+00,-6.335158e-01,-2.806041e-01
1.769136e-01,8.959433e+00,3.031295e+00,-1.952954e+00,-5.664962e-01,-2.193297e-01
7.775575e-01,8.388061e+00,4.163779e+00,-2.257823e+00,-5.940943e-01,-8.579929e-02
1.972114e+00,1.042949e+01,4.182629e+00,-2.510615e+00,-7.090159e-01,2.002771e-03
2.763550e+00,1.098033e+01,2.536720e+00,-2.756857e+00,-1.020986e+00,3.256643e-03
3.711333e+00,1.419227e+01,-7.695376e-01,-3.169571e+00,-1.400061e+00,1.237264e-01
5.758187e+00,1.793654e+01,-9.860806e-01,-3.820456e+00,-1.860407e+00,9.850472e-02
3.198333e+00,1.555524e+01,4.832741e+00,-4.168134e+00,-2.678339e+00,-1.623063e-01
-3.334226e+00,1.753782e+01,1.538594e+01,-4.145691e+00,-3.336882e+00,-3.485543e-01
-5.029694e+00,1.835491e+01,1.500024e+01,-3.045225e+00,-2.267415e+00,-3.666811e-01
-3.727010e+00,2.617138e+00,1.784632e+01,-9.883796e-01,-4.550315e-01,-2.544019e-01
2.926879e+00,9.331209e+00,8.067832e+00,-6.421797e-01,6.724210e-01,1.303980e-01
1.105861e+00,6.251866e+00,1.130376e+01,1.435516e+00,1.033704e+00,-1.398910e-01
1.764045e+00,2.855955e+00,9.904914e+00,2.896056e+00,1.410748e+00,-2.678810e-01
4.668521e+00,1.175994e+00,8.365834e+00,4.112765e+00,1.489666e+00,-2.871783e-01
3.712924e+00,6.853723e-01,9.003013e+00,4.863505e+00,1.200385e+00,-4.260929e-01
2.434082e+00,2.127863e+00,1.001160e+01,5.708782e+00,9.206511e-01,-4.366359e-01
2.588491e+00,2.560632e+00,1.118425e+01,6.596097e+00,7.897312e-01,-4.791999e-01
3.677223e+00,3.401402e+00,1.351021e+01,7.716251e+00,5.105876e-01,-5.164089e-01
4.107672e+00,7.199674e+00,1.110989e+01,8.002078e+00,4.065220e-01,-5.067306e-01
3.591602e-01,7.933830e+00,7.993830e+00,7.450601e+00,2.904280e-01,-5.875629e-01
-6.138525e+00,3.135361e+00,4.415748e+00,5.986717e+00,2.696978e-01,-6.003431e-01
-5.231839e+00,-6.147522e+00,1.350829e+00,3.304426e+00,2.066368e+00,-2.047880e-01
2.801225e+00,-8.285503e+00,-3.314166e+00,5.535474e-01,2.308574e+00,4.374544e-01
5.617990e+00,2.084201e+01,1.771043e+00,-2.950169e+00,1.248195e+00,2.745789e-02
1.785265e+01,3.849554e+01,-2.794661e+00,-2.326174e+00,1.049564e+00,5.713656e-01
-3.103588e+00,-4.176541e+00,6.417575e+00,-3.015220e+00,-1.030151e+00,-1.050591e+00
-8.010303e-01,4.511683e-01,1.139553e+01,-3.400932e+00,-4.707543e-02,7.405622e-02
-2.595632e+00,1.608018e+01,1.254106e+01,-3.287152e+00,2.533449e-01,-2.820119e-01
-1.307818e+00,1.152910e+01,9.981458e+00,-2.169368e+00,2.145617e-02,-6.406152e-02
-1.786820e+00,6.485363e+00,7.895965e+00,-1.648969e+00,5.112638e-01,2.060074e-01
-1.107923e-01,1.095769e+01,6.306086e+00,-1.422438e+00,1.138261e+00,4.579444e-01
3.766943e+00,1.043649e+01,5.317854e+00,-1.154919e+00,1.064436e+00,3.396794e-01
2.961262e+00,8.360000e+00,4.301822e+00,-1.062401e+00,3.995917e-01,1.249971e-01
5.484639e-01,9.264478e+00,3.607014e+00,-1.007844e+00,-1.443610e-01,1.417614e-02
-1.769350e+00,9.191159e+00,3.564637e+00,-9.592130e-01,-1.918391e-01,-6.684521e-02
-1.271133e+00,8.540042e+00,3.360014e+00,-9.707608e-01,-1.530593e-03,-4.923915e-02
-3.275374e-01,7.518000e+00,3.244692e+00,-1.010252e+00,1.108248e-01,-8.747467e-02
1.760605e+00,7.662101e+00,3.081001e+00,-1.188800e+00,-1.236187e-02,-8.832954e-02
1.038912e+00,7.956992e+00,4.508079e+00,-1.276228e+00,-2.832151e-01,-2.279820e-01
-5.661038e-01,7.949104e+00,6.253598e+00,-1.290713e+00,-3.611225e-01,-2.243507e-01
-1.887006e-02,8.349046e+00,6.058075e+00,-1.261123e+00,2.486158e-02,-1.698128e-02
2.136627e+00,7.628313e+00,2.659759e+00,-1.343903e+00,2.562717e-01,2.003059e-01
2.553596e+00,8.248632e+00,1.968514e+00,-1.564231e+00,2.788943e-02,1.985516e-01
2.039568e+00,8.714071e+00,1.029644e+00,-1.995580e+00,-4.981352e-01,1.107901e-01
2.195759e+00,1.046669e+01,1.686977e+00,-2.461074e+00,-9.314598e-01,1.437347e-01
5.301154e+00,1.262267e+01,-1.204778e-02,-3.084756e+00,-1.347605e+00,1.863713e-01
6.931086e+00,1.768951e+01,-2.813167e+00,-3.701628e+00,-2.148648e+00,1.258465e-01
-3.109372e+00,1.478883e+01,9.505172e+00,-4.169254e+00,-3.499905e+00,-2.362073e-01
-4.820283e+00,1.947769e+01,1.499082e+01,-4.273316e+00,-3.560909e+00,-1.480048e-01
-7.793690e+00,1.594916e+01,1.515504e+01,-2.435642e+00,-1.477172e+00,4.825957e-02
4.385203e-01,2.862712e+00,1.546520e+01,-1.177813e+00,3.095203e-01,2.885424e-01
6.843628e+00,9.291556e+00,8.446625e+00,-5.908764e-01,1.282937e+00,1.694545e-01
4.595074e+00,8.158250e+00,9.221010e+00,1.110068e+00,8.210579e-01,-4.356983e-01
3.024173e+00,2.180553e+00,8.433229e+00,2.895082e+00,7.222827e-01,-8.100275e-01
3.217131e+00,1.837214e+00,7.965710e+00,3.624588e+00,8.472549e-01,-8.886739e-01
2.557040e+00,2.378762e+00,9.491604e+00,4.632232e+00,1.024590e+00,-1.101259e+00
2.290332e+00,2.808281e+00,9.936968e+00,5.526248e+00,1.079811e+00,-1.062054e+00
3.543503e+00,3.407811e+00,1.095598e+01,6.735335e+00,1.092884e+00,-1.113023e+00
4.891595e+00,3.539698e+00,1.291480e+01,7.478732e+00,8.302366e-01,-1.096841e+00
7.681375e+00,9.236550e+00,1.019043e+01,7.674543e+00,2.294112e-01,-6.582885e-01
5.385014e+00,8.303775e+00,9.615105e+00,6.890324e+00,-6.238477e-01,-1.107057e+00
-4.523972e+00,1.264086e+00,4.333201e+00,5.051793e+00,-1.483798e+00,-1.680991e+00
-7.759098e+00,-5.443518e+00,-3.912156e-01,3.366282e+00,-7.352512e-01,-1.356797e+00
-1.172484e+00,-8.119445e+00,-1.383347e+00,-5.021654e-02,6.115639e-01,-1.911397e-01
6.966858e-01,1.049829e+01,4.777618e-02,-2.723658e+00,9.508815e-01,-8.841509e-03
1.024032e+00,2.202886e+01,2.247950e+00,-9.889573e-01,1.959862e+00,9.496681e-01
-7.802512e+00,-7.159482e+00,9.390168e+00,-2.312275e+00,1.491675e+00,3.102147e-01
8.140565e+00,1.331648e+01,1.542456e+01,-3.629660e+00,4.342793e+00,1.007379e+00
1.936931e+01,1.156557e+01,3.974657e+00,-2.427781e+00,2.404546e+00,7.539649e-01
3.686655e+00,4.304200e+00,9.276193e+00,-2.050815e+00,-1.419828e+00,-6.624986e-01
-3.994596e+00,1.183350e+01,8.157136e+00,-1.852324e+00,-1.413085e+00,-2.443697e-01
-2.606315e+00,1.018944e+01,7.918944e+00,-1.254204e+00,-5.211259e-01,-2.496259e-01
-4.519146e-01,9.413989e+00,6.632285e+00,-9.129325e-01,3.125674e-02,6.214506e-02
2.729964e+00,9.367710e+00,4.478981e+00,-6.081439e-01,-2.958492e-02,8.556553e-02
2.173027e+00,8.619930e+00,3.118150e+00,-5.333536e-01,-5.035704e-01,-1.788079e-01
-1.175581e+00,8.225622e+00,2.689317e+00,-5.272393e-01,-1.174910e+00,-4.200975e-01
-2.659187e+00,8.729719e+00,2.504656e+00,-6.267052e-01,-1.166337e+00,-4.173102e-01
-1.084714e+00,7.621005e+00,2.123773e+00,-8.059830e-01,-6.824795e-01,-2.971221e-01
1.409160e+00,7.360971e+00,1.972231e+00,-9.921131e-01,-4.795008e-01,-2.611934e-01
3.826609e+00,8.392964e+00,2.542583e+00,-1.252589e+00,-9.276337e-01,-4.343575e-01
3.430850e+00,8.196090e+00,2.098025e+00,-1.493612e+00,-1.626061e+00,-6.478060e-01
8.539916e-01,7.533498e+00,3.158144e+00,-1.847458e+00,-2.100631e+00,-7.040434e-01
1.651988e+00,7.679059e+00,4.652400e+00,-2.069099e+00,-2.068125e+00,-6.214809e-01
8.740963e+00,1.158528e+01,2.822610e+00,-2.366928e+00,-2.229202e+00,-6.319986e-01
3.725741e+00,1.131830e+01,6.947855e+00,-2.527206e+00,-3.335929e+00,-1.113832e+00
1.158876e+00,8.147227e+00,1.070647e+01,-2.423236e+00,-3.589493e+00,-1.503609e+00
1.792583e-01,8.403789e+00,1.244281e+01,-2.230856e+00,-3.492246e+00,-1.630709e+00
9.793895e-01,6.989757e+00,1.280073e+01,-1.695154e+00,-3.298764e+00,-1.910585e+00
2.184436e+00,4.532400e+00,1.232938e+01,-1.156814e+00,-3.142824e+00,-2.061057e+00
3.009912e+00,2.813216e+00,1.002467e+01,-6.427130e-01,-2.922203e+00,-2.399364e+00
2.579651e+00,2.206645e+00,8.234553e+00,-3.978465e-01,-2.680418e+00,-2.664376e+00
3.710617e+00,2.193283e+00,6.733487e+00,-6.461318e-02,-2.055918e+00,-2.986904e+00
5.792504e+00,3.456690e+00,6.485779e+00,1.659180e-01,-1.752853e+00,-3.126076e+00
7.791779e+00,3.978713e+00,6.610593e+00,4.605436e-01,-2.039709e+00,-3.215076e+00
8.238803e+00,3.597865e+00,6.576068e+00,4.972151e-01,-2.582550e+00,-3.379391e+00
3.259820e+00,4.989567e+00,6.886585e+00,6.086567e-01,-3.472521e+00,-3.593228e+00
2.601491e-01,6.383775e+00,7.000018e+00,8.166649e-01,-3.886865e+00,-3.987898e+00
-3.537238e-02,6.182607e+00,7.654128e+00,1.141676e+00,-3.538046e+00,-4.174695e+00
4.099212e+00,7.520384e+00,7.175873e+00,1.222050e+00,-3.740809e+00,-4.010622e+00
5.029062e+00,5.442461e+00,8.096125e+00,1.349421e+00,-4.921171e+00,-4.122797e+00
7.892214e-01,5.836963e+00,8.776225e+00,1.152861e+00,-6.097855e+00,-4.313566e+00
-5.612469e+00,6.867557e+00,8.642108e+00,8.862926e-01,-6.409928e+00,-4.012242e+00
-9.022380e+00,7.802422e+00,6.686133e+00,7.715820e-01,-5.447161e+00,-3.173933e+00
-1.205929e+01,7.395147e+00,4.492163e+00,7.056069e-01,-3.575799e+00,-1.881791e+00
-1.311613e+01,9.826041e+00,2.867713e+00,5.063226e-01,-1.197996e+00,-6.050534e-01
-9.230795e+00,1.141637e+01,2.771441e+00,3.847027e-01,2.046057e+00,5.876299e-01
-7.522952e-02,9.254520e+00,2.485892e+00,4.189792e-01,3.283180e+00,9.882870e-01
7.723691e+00,8.303154e+00,1.271585e+00,1.978831e-01,2.740460e+00,8.444615e-01
6.087396e+00,8.175486e+00,2.040630e+00,7.537666e-02,1.757417e+00,5.215179e-01
1.891030e+00,8.860977e+00,3.069162e+00,9.691702e-02,3.961906e-01,9.640028e-02
1.775022e+00,9.476880e+00,2.940985e+00,1.308912e-01,1.237292e-01,-3.686886e-02
-4.639894e-01,9.390207e+00,2.887357e+00,9.287644e-02,-1.861991e-01,-2.040498e-01
-2.105872e+00,8.257044e+00,2.954114e+00,2.687786e-02,-1.312029e-01,-1.836040e-01
-3.377474e-02,9.078366e+00,2.273042e+00,-9.635138e-02,3.150185e-01,-6.845838e-02
3.778111e-02,8.851758e+00,1.724352e+00,-1.693050e-01,2.345476e-01,-6.475626e-02
-5.319070e-01,9.809884e+00,1.828872e+00,-3.626015e-01,-7.283927e-02,-8.084467e-02
-1.013060e+00,9.315765e+00,3.601336e+00,-4.128567e-01,-1.941287e-01,-5.597806e-02
-8.310053e-01,8.701203e+00,4.433717e+00,-4.472774e-01,-1.635673e-01,5.668573e-02
-6.053834e-01,9.160316e+00,4.516280e+00,-4.140584e-01,-8.196249e-02,1.326948e-01
2.460969e+00,9.780631e+00,3.002117e+00,-3.760348e-01,-5.247061e-02,1.778736e-01
1.894976e+00,9.060993e+00,3.315603e+00,-3.517899e-01,-4.299458e-01,6.774068e-02
-6.805823e-01,8.302830e+00,4.161934e+00,-4.068514e-01,-8.749076e-01,-5.245523e-02
-1.248159e+00,8.849486e+00,4.231326e+00,-3.919692e-01,-7.378701e-01,-1.234529e-02
-7.145027e-01,8.904430e+00,5.189151e+00,-2.826797e-01,-3.462876e-01,6.877730e-02
-3.398348e-03,8.909788e+00,5.143186e+00,-2.213694e-01,-1.466920e-01,1.226552e-01
3.890531e-01,8.799233e+00,4.502310e+00,-8.510057e-02,-2.300527e-02,1.510076e-01
3.653192e-01,9.121654e+00,3.568346e+00,-8.614800e-02,-6.559218e-02,1.682964e-01
6.810689e-01,8.350948e+00,2.800888e+00,-9.839820e-02,-1.076244e-01,1.435173e-01
1.906982e+00,8.194677e+00,1.601178e+00,-2.839820e-01,-1.790430e-01,1.644380e-01
2.203515e+00,8.490333e+00,6.657123e-01,-6.629649e-01,-6.021602e-01,7.918294e-02
6.083750e-01,7.434264e+00,-2.132170e-01,-1.015827e+00,-8.868581e-01,1.852206e-02
-1.136601e+00,9.321209e+00,8.016600e-01,-1.503218e+00,-9.704180e-01,1.120921e-01
-3.634705e-01,1.012522e+01,3.831809e+00,-1.796286e+00,-7.576342e-01,1.991550e-01
2.711658e+00,8.859944e+00,6.340458e+00,-1.832953e+00,-6.653415e-01,1.136650e-01
3.490030e+00,1.126551e+01,7.016565e+00,-1.840154e+00,-1.047819e+00,1.420369e-02
2.746439e+00,1.305540e+01,8.819182e+00,-1.631338e+00,-1.588749e+00,-2.363916e-01
8.567391e-01,8.506023e+00,9.073004e+00,-1.157364e+00,-1.797686e+00,-4.721777e-01
8.718785e-01,5.815086e+00,8.391566e+00,-7.241951e-01,-1.280403e+00,-1.004806e+00
3.453470e+00,7.810954e+00,7.413952e+00,-3.008844e-01,-9.451006e-01,-1.272885e+00
6.091185e+00,8.044635e+00,5.686524e+00,3.538930e-01,-1.205360e+00,-1.559236e+00
3.740432e+00,7.014331e+00,5.778663e+00,7.756691e-01,-1.798237e+00,-1.861333e+00
6.131387e-01,6.870185e+00,5.739630e+00,1.181614e+00,-1.797511e+00,-1.893295e+00
4.842373e-01,7.682542e+00,5.440000e+00,1.507382e+00,-1.333250e+00,-1.653464e+00
2.250129e+00,8.797771e+00,5.024968e+00,1.808732e+00,-9.525912e-01,-1.341645e+00
3.120355e+00,8.941454e+00,4.794273e+00,2.026063e+00,-8.883414e-01,-1.109114e+00
3.007440e+00,8.859819e+00,4.502722e+00,2.226856e+00,-1.223647e+00,-9.674445e-01
1.269404e+00,8.266172e+00,4.063231e+00,2.207709e+00,-1.426342e+00,-9.500854e-01
-3.466051e-01,7.778637e+00,3.557714e+00,1.966805e+00,-1.327266e+00,-8.523021e-01
-5.356333e-01,7.802536e+00,3.342395e+00,1.761170e+00,-1.010930e+00,-7.416662e-01
-1.978081e+00,4.965990e+00,2.166389e+00,1.290272e+00,-4.699264e-01,-5.800666e-01
-1.339324e+00,3.879092e+00,2.716297e+00,6.086819e-01,1.837231e-02,-1.602065e-01
1.931784e+00,4.833884e+00,2.116054e+00,2.959883e-02,4.063667e-01,1.896084e-01
-1.829232e-01,1.105400e+01,1.382770e+00,-4.987298e-01,-9.938138e-02,-1.897808e-01
-1.363471e+01,1.600076e+01,7.459253e+00,-8.456633e-02,-4.381571e-01,-7.226849e-01
4.442859e-01,4.741380e+00,3.383867e+00,-1.176597e-01,1.575504e+00,2.141437e-01
6.819137e+00,1.203507e+01,3.812286e+00,-5.762298e-01,2.235556e+00,5.753697e-01
4.159711e+00,9.356065e+00,4.463038e+00,-3.240510e-01,1.323134e+00,1.232469e-01
4.327003e+00,9.516740e+00,2.932158e+00,-3.936011e-01,1.414834e-01,-1.907471e-01
7.824170e-01,9.671376e+00,2.293121e+00,-2.686089e-01,-8.359923e-01,-4.649898e-01
-4.617007e+00,9.045118e+00,2.055274e+00,-3.134938e-01,-6.492981e-01,-3.671082e-01
-1.820543e+00,9.084030e+00,5.792809e-01,-4.575441e-01,1.255165e-02,-1.222769e-01
1.480299e+00,9.545693e+00,-8.827717e-01,-6.653125e-01,1.572577e-01,-1.523612e-02
5.428214e-01,9.000797e+00,6.498370e-01,-8.947357e-01,-3.023364e-01,-1.344043e-01
-1.388106e+00,8.196875e+00,3.901382e+00,-1.146935e+00,-4.536242e-01,-1.629983e-01
-5.985235e-01,8.868703e+00,5.223369e+00,-1.138573e+00,-2.152368e-01,-8.598585e-02
9.920593e-01,8.812647e+00,5.921537e+00,-1.027171e+00,-8.879736e-02,-5.538735e-02
-2.424140e-01,8.030244e+00,6.162580e+00,-8.540200e-01,-2.093387e-01,-1.122865e-01
-9.595494e-01,8.477489e+00,5.364764e+00,-7.044653e-01,-7.483308e-02,-2.451889e-02
-4.952293e-01,8.543761e+00,4.910826e+00,-6.423942e-01,1.279745e-01,3.309114e-02
4.479940e-01,8.425684e+00,4.942614e+00,-6.448526e-01,2.457347e-01,5.048526e-02
6.549409e-01,9.800577e+00,4.837094e+00,-6.060708e-01,1.347548e-01,3.263813e-02
-2.744852e-01,8.446598e+00,5.175515e+00,-4.968774e-01,4.254785e-02,-2.640806e-02
-2.308657e-01,8.446418e+00,4.549478e+00,-5.127135e-01,1.428261e-01,5.600570e-03
7.336007e-01,8.960785e+00,3.987611e+00,-5.291327e-01,1.838851e-01,1.079556e-02
4.308183e-01,8.489762e+00,4.265179e+00,-5.655420e-01,6.167960e-02,-6.454210e-02
5.884224e-01,8.330526e+00,4.440451e+00,-6.760768e-01,-7.131031e-02,-1.112017e-01
5.567393e-01,8.747821e+00,4.316739e+00,-7.383152e-01,-1.605598e-01,-1.322222e-01
7.155638e-01,9.243549e+00,4.207258e+00,-7.863498e-01,-2.441064e-01,-1.698310e-01
-2.084884e-01,9.231221e+00,4.668198e+00,-8.233382e-01,-3.779661e-01,-1.938045e-01
8.173070e-01,9.389450e+00,5.238296e+00,-9.361612e-01,-5.130782e-01,-2.115801e-01
5.692971e-02,8.844135e+00,5.752802e+00,-1.002749e+00,-6.786752e-01,-2.402145e-01
2.328195e-01,9.944098e+00,6.422312e+00,-1.078770e+00,-7.199604e-01,-2.034284e-01
7.460869e-01,9.487852e+00,6.148183e+00,-1.050799e+00,-7.155235e-01,-1.590662e-01
1.719214e+00,9.160000e+00,5.102540e+00,-1.115264e+00,-7.518026e-01,-4.887688e-02
2.018557e+00,8.801096e+00,3.169896e+00,-1.240627e+00,-9.488331e-01,-5.106525e-02
2.368197e+00,8.242951e+00,1.283251e+00,-1.475265e+00,-1.284042e+00,-1.187517e-01
7.917787e-01,9.674983e+00,9.882326e-01,-1.836241e+00,-1.794963e+00,-2.136867e-01
1.415955e+00,1.021362e+01,-1.247061e+00,-2.515296e+00,-1.807385e+00,-3.246811e-01
-1.009584e-01,9.547877e+00,6.001703e-01,-2.967566e+00,-1.902979e+00,-3.967825e-01
-2.087597e+00,1.322220e+01,6.594016e+00,-3.602902e+00,-2.054422e+00,-2.482894e-01
-3.207739e+00,1.824134e+01,1.162866e+01,-3.224378e+00,-1.535550e+00,-1.437900e-01
-1.896522e+00,7.489819e+00,1.303165e+01,-2.163925e+00,-5.397396e-01,-9.993509e-02
1.185203e+00,6.559344e+00,1.095143e+01,-1.661027e+00,4.558084e-01,3.148685e-02
4.025847e+00,1.288554e+01,9.919202e+00,-2.963847e-01,7.686649e-01,-1.702472e-01
3.765091e+00,8.179972e+00,1.041867e+01,1.138690e+00,5.713125e-01,-4.603877e-01
3.085669e+00,5.167210e+00,8.951541e+00,2.424166e+00,5.396856e-01,-6.269197e-01
2.855471e+00,5.700481e+00,9.124291e+00,3.128648e+00,6.157118e-01,-6.623395e-01
1.456102e+00,4.897643e+00,9.880444e+00,4.578052e+00,8.152699e-01,-5.669728e-01
1.597007e+00,3.987144e+00,1.075740e+01,5.442454e+00,1.125124e+00,-4.259698e-01
3.510378e+00,4.681896e+00,1.230582e+01,6.332958e+00,1.349215e+00,-1.626752e-01
4.045741e+00,4.402143e+00,1.148958e+01,6.961841e+00,1.282004e+00,4.935359e-02
1.819202e+00,3.631827e+00,1.009257e+01,6.843181e+00,5.827963e-01,4.586863e-01
-2.719784e+00,7.444969e+00,9.220041e+00,6.088503e+00,4.493225e-01,7.759466e-01
-3.929111e+00,3.746937e-01,6.454358e+00,4.829668e+00,1.322633e+00,9.096266e-01
-2.352766e+00,-2.462695e+00,4.588794e+00,3.093910e+00,2.092696e+00,9.378212e-01
3.086299e+00,-4.518010e+00,3.769396e+00,2.601495e-01,2.166496e+00,5.635612e-01
5.873649e+00,-6.501360e-01,7.292688e+00,-1.470919e+00,1.113618e+00,6.779395e-02
6.830287e+00,2.492544e+01,-4.868152e+00,-2.075398e+00,-4.895004e-01,-8.489090e-01
-2.368730e+00,1.745829e+01,9.851520e+00,-1.196259e+00,-1.261489e+00,-9.881110e-01
-1.189962e+01,1.024341e+00,1.088159e+01,-2.667655e+00,2.778578e-01,-4.774546e-01
-2.536713e+00,5.884153e+00,1.261692e+01,-2.474310e+00,2.199473e+00,4.893372e-01
4.798868e+00,1.454036e+01,6.537426e+00,-1.443966e+00,2.359962e+00,2.927732e-01
5.806197e+00,9.488488e+00,5.797692e+00,-8.750120e-01,1.320048e+00,3.139479e-02
1.220458e+00,9.309457e+00,4.088284e+00,-8.163245e-01,1.298824e-01,-2.781125e-01
4.288919e-01,1.045332e+01,4.668598e+00,-7.659353e-01,-3.613098e-02,-3.773745e-01
5.444078e-01,9.221790e+00,4.089252e+00,-7.333834e-01,-8.565472e-02,-3.717081e-01
8.667401e-01,9.377439e+00,3.681164e+00,-7.229383e-01,-1.077234e-01,-3.513679e-01
2.335673e+00,1.002967e+01,2.364675e+00,-7.249844e-01,-4.493256e-01,-4.544078e-01
1.216227e+00,9.220346e+00,1.800346e+00,-8.018013e-01,-8.691161e-01,-6.266246e-01
-2.037792e+00,7.980537e+00,1.899341e+00,-9.907394e-01,-1.376847e+00,-7.652362e-01
-3.759974e+00,7.902522e+00,2.644930e+00,-1.171353e+00,-1.233495e+00,-6.599158e-01
-1.922081e+00,8.819774e+00,3.772308e+00,-1.270269e+00,-5.621491e-01,-4.182560e-01
3.680951e-01,9.345058e+00,3.726646e+00,-1.317053e+00,-2.927631e-01,-2.962190e-01
1.802941e+00,8.645455e+00,9.754550e-01,-1.564670e+00,-3.376432e-01,-1.888932e-01
1.658470e+00,8.759231e+00,-7.441721e-01,-1.840064e+00,-5.288852e-01,-1.783680e-01
1.391367e+00,9.863131e+00,-7.023361e-01,-2.533121e+00,-9.608961e-01,-2.236043e-01
2.344637e+00,9.449653e+00,8.990221e-01,-2.882157e+00,-1.041853e+00,-1.556727e-01
7.141126e+00,1.131490e+01,-3.748548e-01,-3.349596e+00,-1.117597e+00,-6.416648e-02
9.442681e+00,1.494316e+01,-3.042779e+00,-3.835798e+00,-1.856370e+00,-2.024061e-01
6.884577e-01,1.220012e+01,4.551011e+00,-4.528727e+00,-3.519812e+00,-7.525616e-01
-5.299077e+00,2.176586e+01,1.519753e+01,-4.866429e+00,-3.823228e+00,-7.225841e-01
-1.095676e+01,2.277257e+01,1.778898e+01,-2.758078e+00,-2.077883e+00,-2.928631e-01
-1.210117e+00,3.269170e+00,1.745552e+01,-1.457836e+00,-1.431459e-02,1.615944e-01
6.509199e+00,1.064826e+01,9.147528e+00,-4.645491e-01,1.098008e+00,2.605215e-02
4.150972e+00,8.959348e+00,1.130165e+01,1.102144e+00,6.654309e-01,-3.313807e-01
2.314327e+00,3.675366e+00,9.096456e+00,2.753749e+00,6.927102e-01,-5.061603e-01
2.305933e+00,2.665272e+00,9.107478e+00,3.823571e+00,9.809988e-01,-6.524646e-01
2.076882e+00,2.388845e+00,9.713763e+00,5.165869e+00,1.271420e+00,-6.238797e-01
2.062157e+00,3.279902e+00,1.033686e+01,6.019338e+00,1.327579e+00,-3.973949e-01
3.597458e+00,3.115624e+00,1.293099e+01,7.044263e+00,1.271132e+00,-2.240238e-01
4.568874e+00,3.155186e+00,1.528694e+01,7.914237e+00,8.350576e-01,-7.505439e-02
4.322087e+00,3.139099e+00,1.231075e+01,8.267932e+00,3.356802e-01,-1.062889e-02
-4.015799e-01,2.875681e+00,1.124358e+01,7.096496e+00,-1.727416e-01,8.701331e-02
-1.183901e+01,-1.833019e+00,8.704228e+00,4.298357e+00,9.341436e-01,1.531425e-01
-9.783589e+00,-1.398544e+01,5.804930e+00,1.672739e+00,2.906979e+00,6.313333e-01
6.943045e+00,3.439557e-01,1.138732e+01,-2.146857e+00,4.054550e+00,9.506352e-01
1.495447e+01,3.048602e+01,-2.014801e+00,-1.968817e+00,2.484976e+00,4.647287e-01
-1.773951e+00,6.292595e+00,4.176743e+00,-8.844755e-01,-1.716018e+00,-1.808342e+00
-1.162641e+01,-1.786321e+00,1.125201e+01,-2.645869e+00,-1.853263e+00,-1.546994e+00
-2.712314e+00,1.073856e+01,1.316105e+01,-2.560752e+00,1.698733e+00,2.276194e-01
1.168918e+00,1.233543e+01,8.250000e+00,-1.508980e+00,1.276863e+00,-2.342549e-01
3.372170e+00,8.814807e+00,6.502014e+00,-1.329243e+00,9.170928e-01,3.123176e-02
2.961401e+00,9.534280e+00,4.015720e+00,-1.036832e+00,5.795594e-01,-1.527189e-01
4.137725e+00,1.145492e+01,3.138581e+00,-9.878838e-01,-2.599127e-01,-4.490881e-01
6.619087e-01,9.438109e+00,3.219849e+00,-9.579638e-01,-9.335943e-01,-5.932830e-01
-7.577167e-01,9.258882e+00,2.854110e+00,-9.637150e-01,-1.082078e+00,-5.626039e-01
-6.368815e-01,8.576332e+00,2.243763e+00,-1.008768e+00,-9.890644e-01,-5.496718e-01
-2.799608e-01,7.832037e+00,1.628051e+00,-1.179463e+00,-9.700856e-01,-5.096940e-01
-1.096557e+00,7.789872e+00,1.518470e+00,-1.347964e+00,-1.033939e+00,-5.245657e-01
-2.839826e+00,8.007001e+00,3.856090e+00,-1.525009e+00,-8.734504e-01,-4.371946e-01
-1.948636e+00,8.422476e+00,4.726405e+00,-1.551907e+00,-4.173498e-01,-2.674251e-01
4.567905e-01,8.649522e+00,3.643996e+00,-1.581955e+00,-1.029868e-01,-1.251629e-01
7.523794e-01,9.303717e+00,2.800682e+00,-1.640442e+00,-9.772687e-02,-6.545472e-02
2.786068e+00,1.024866e+01,2.125292e+00,-1.823319e+00,-2.232845e-01,-8.105391e-02
1.982019e+00,9.584438e+00,1.648336e+00,-2.118543e+00,-6.636678e-01,-1.486953e-01
1.475194e+00,9.006486e+00,1.937384e+00,-2.516961e+00,-7.085179e-01,-2.901069e-02
6.093068e+00,1.019328e+01,3.570622e-02,-2.832856e+00,-7.584912e-01,6.404954e-03
8.748463e+00,1.501614e+01,-2.504484e+00,-3.445977e+00,-1.665000e+00,-1.203504e-01
3.075033e+00,1.343357e+01,4.491790e-01,-3.878712e+00,-2.761972e+00,-4.390176e-01
-5.727132e+00,1.607586e+01,1.088924e+01,-4.567747e+00,-3.525979e+00,-3.987253e-01
-9.552562e+00,2.663284e+01,1.804463e+01,-4.005623e+00,-2.576083e+00,-8.037084e-02
-5.098699e+00,6.535308e+00,1.534358e+01,-1.727823e+00,-6.098765e-01,4.682083e-01
3.938229e+00,5.471846e+00,1.237753e+01,-1.279047e+00,1.255716e+00,4.723074e-01
7.939473e+00,1.201214e+01,8.462087e+00,4.224607e-01,6.409705e-01,-5.131839e-02
3.920689e+00,5.409866e+00,1.002317e+01,1.927554e+00,-6.243220e-02,-3.606331e-01
1.207149e+00,3.271118e+00,8.293449e+00,3.040490e+00,-1.378807e-01,-3.265899e-01
2.446209e-01,2.912494e+00,8.694083e+00,3.928912e+00,3.178285e-01,-3.865139e-01
-3.900000e-01,2.200004e+00,9.520010e+00,5.173281e+00,1.117732e+00,-2.960457e-01
1.364547e-01,2.595164e+00,1.048323e+01,5.896523e+00,1.530301e+00,-1.553037e-01
2.349320e+00,3.213558e+00,1.309265e+01,6.878206e+00,1.712215e+00,3.275239e-02
5.479095e+00,3.043465e+00,1.463719e+01,7.692285e+00,1.500728e+00,1.985223e-01
7.232293e+00,3.562495e+00,1.278037e+01,7.979740e+00,4.499945e-01,1.178478e-01
1.538534e+00,5.656873e+00,9.883417e+00,6.870254e+00,-5.373927e-01,-1.935286e-01
-1.183557e+01,-1.674146e+00,3.919966e+00,4.661592e+00,1.669340e-01,-6.139464e-01
-1.132956e+01,-6.102972e+00,2.270256e+00,1.888764e+00,2.141686e+00,-2.141583e-01
-6.980392e-01,-4.995287e-01,-6.647081e-02,-2.554328e+00,3.044083e+00,5.434310e-01
1.889439e+01,3.023348e+01,4.883792e+00,-3.605835e+00,3.290423e+00,1.330544e+00
3.719893e+00,-3.663195e-02,9.885626e+00,-3.037100e+00,1.810867e-01,-9.283886e-01
-3.309490e+00,-7.668565e+00,1.348551e+01,-2.492072e+00,-7.815864e-01,-7.660363e-01
-1.909867e+00,2.083694e+01,1.303072e+01,-2.078361e+00,6.291559e-01,-8.927122e-02
-1.188073e+00,1.433975e+01,6.769801e+00,-1.266103e+00,1.364367e+00,-2.958635e-02
-2.361930e-01,5.849367e+00,4.437520e+00,-1.022525e+00,2.039015e+00,4.069093e-01
4.168806e+00,1.224634e+01,4.138268e+00,-8.307766e-01,1.916213e+00,3.055853e-01
4.958818e+00,9.678556e+00,3.551800e+00,-5.795406e-01,9.971215e-02,-2.213865e-01
-7.678948e-01,8.099906e+00,3.256181e+00,-5.904410e-01,-1.247343e-01,-3.258224e-01
1.116427e+00,1.023839e+01,2.543429e+00,-5.835704e-01,3.902544e-01,-2.810494e-01
2.850497e+00,9.663569e+00,1.639229e+00,-6.072447e-01,3.964472e-02,-3.994523e-01
-7.502236e-01,7.913681e+00,2.114209e+00,-7.140214e-01,-6.036928e-01,-6.001999e-01
-2.303275e+00,8.255575e+00,1.917108e+00,-9.142680e-01,-6.256609e-01,-5.269352e-01
-1.385270e+00,9.007746e+00,2.350555e+00,-1.148054e+00,-2.625914e-01,-3.531138e-01
1.720917e+00,9.406785e+00,3.299795e+00,-1.265939e+00,-2.664733e-01,-3.387326e-01
8.430545e-01,1.021970e+01,4.757584e+00,-1.341702e+00,-5.811099e-01,-4.019619e-01
3.636098e-01,9.324126e+00,3.368331e+00,-1.406852e+00,-5.898310e-01,-3.696362e-01
1.086300e-01,8.170615e+00,9.781880e-01,-1.744826e+00,-4.996291e-01,-1.887262e-01
1.343732e+00,1.023733e+01,-4.776652e-01,-2.149235e+00,-5.985638e-01,-1.266352e-01
1.715220e+00,9.766540e+00,3.680324e-02,-2.743631e+00,-1.085070e+00,-2.269731e-01
2.195406e+00,9.532906e+00,2.012230e+00,-3.152718e+00,-1.278493e+00,-2.106458e-01
6.907005e+00,1.206888e+01,9.538419e-01,-3.572326e+00,-1.577162e+00,-2.345211e-01
7.798176e+00,1.518803e+01,-3.256469e+00,-4.059167e+00,-2.469069e+00,-3.628109e-01
3.865617e-01,1.411677e+01,5.462594e+00,-4.489122e+00,-4.484821e+00,-8.861191e-01
-4.685395e+00,2.033622e+01,1.668241e+01,-4.550760e+00,-4.091617e+00,-1.005141e+00
-6.263864e+00,1.507872e+01,1.675148e+01,-2.795521e+00,-2.173324e+00,-9.361632e-01
1.954897e+00,3.933387e+00,1.525819e+01,-1.445528e+00,9.445550e-02,-5.815322e-01
9.165793e+00,1.012670e+01,7.914040e+00,-3.441708e-01,7.911725e-01,-1.221537e+00
5.823469e+00,5.648179e+00,9.040718e+00,1.091133e+00,4.984551e-01,-1.864358e+00
5.146776e+00,3.066612e+00,6.981572e+00,2.328349e+00,7.278223e-01,-1.950614e+00
4.766898e+00,2.769249e+00,7.764312e+00,3.274836e+00,1.063432e+00,-2.153062e+00
4.217025e+00,2.205108e+00,7.810248e+00,4.504837e+00,1.511890e+00,-2.220434e+00
4.999505e+00,2.813236e+00,8.767069e+00,5.185054e+00,1.556697e+00,-2.079078e+00
5.601211e+00,4.956262e+00,1.014901e+01,6.122646e+00,9.488354e-01,-1.765010e+00
5.353367e+00,5.427830e+00,1.089913e+01,6.966705e+00,-3.605590e-02,-1.328420e+00
5.490435e+00,5.970870e+00,1.262131e+01,7.531353e+00,-1.253842e+00,-9.432768e-01
1.476806e+00,5.740106e+00,1.004659e+01,7.344214e+00,-1.762130e+00,-9.647763e-01
-8.008924e+00,5.942713e+00,5.466412e+00,6.025724e+00,-1.497160e+00,-8.738885e-01
-1.114652e+01,2.985230e+00,5.546758e+00,4.306730e+00,1.166964e-01,-3.997140e-01
2.024726e-01,-5.950104e+00,-2.348434e+00,1.250964e+00,1.944145e+00,1.972526e-01
4.125864e+00,-1.961848e+00,1.143496e+00,-1.003658e+00,1.603609e+00,2.262556e-01
3.215009e+00,-1.291745e+00,6.936698e+00,-3.252149e+00,5.527454e-01,-1.160705e-01
1.311550e+00,8.970302e+00,1.580974e+01,-4.121006e+00,5.376075e-02,-6.247678e-02
3.258655e+00,3.538705e+01,-1.128787e+01,3.846098e-01,2.465323e-01,2.033358e-01
-1.498032e+01,-6.910789e-01,5.319786e+00,-1.427478e+00,8.786591e-01,-2.456979e-01
8.391426e+00,-8.821185e-01,8.370419e+00,-2.596875e+00,3.746695e+00,1.218007e+00
1.066657e+01,1.199051e+01,8.020573e+00,-2.458793e+00,2.060137e+00,3.990845e-01
2.170267e+00,1.020336e+01,7.013076e+00,-1.850441e+00,-1.137567e+00,-6.103493e-01
-2.822007e+00,7.481002e+00,5.602570e+00,-1.740536e+00,-1.864054e+00,-5.028381e-01
-7.771949e+00,9.761038e+00,4.866681e+00,-1.455334e+00,-7.707384e-01,-4.864873e-03
-5.250870e+00,9.945843e+00,6.050262e+00,-1.405817e+00,7.054580e-01,3.875953e-01
5.766536e+00,8.635735e+00,2.526996e+00,-1.208348e+00,8.166492e-01,3.755599e-01
3.799363e+00,7.741272e+00,2.670326e+00,-1.267451e+00,-3.262878e-01,-3.539038e-03
-1.251636e+00,8.966010e+00,3.672660e+00,-1.293324e+00,-9.555649e-01,-2.154935e-01
-2.701855e+00,8.949919e+00,3.939597e+00,-1.336855e+00,-7.578285e-01,-2.206863e-01
1.571787e+00,9.703322e+00,3.845911e+00,-1.413064e+00,-3.392964e-01,-1.344179e-01
3.091772e+00,9.951830e+00,4.498623e+00,-1.415596e+00,-6.087709e-01,-2.885201e-01
9.016087e-02,8.877041e+00,5.303021e+00,-1.438124e+00,-1.177205e+00,-3.453283e-01
-1.838612e+00,8.485211e+00,4.223339e+00,-1.541637e+00,-9.973325e-01,-1.224476e-01
-4.031787e-02,9.607748e+00,5.371496e-01,-1.911888e+00,-5.337198e-01,1.987161e-01
3.382847e+00,1.144450e+01,-1.790406e+00,-2.388500e+00,-6.458435e-01,1.744415e-01
3.434485e+00,1.040556e+01,5.543331e-01,-3.045553e+00,-1.242652e+00,4.011879e-02
4.695747e+00,1.088564e+01,9.833721e-01,-3.503156e+00,-1.476891e+00,5.339697e-02
5.602174e+00,1.578215e+01,-3.087126e+00,-4.053835e+00,-2.529706e+00,-5.604654e-02
-8.301410e-02,1.606144e+01,4.616668e+00,-4.542749e+00,-3.839750e+00,-3.807866e-01
-8.576131e+00,2.392018e+01,1.620250e+01,-4.765632e+00,-4.119946e+00,-3.169062e-01
-1.355502e+01,2.198132e+01,1.779078e+01,-3.057327e+00,-2.117415e+00,-5.293416e-02
-2.260726e+00,2.894515e+00,2.066103e+01,-1.391725e+00,1.652491e+00,6.437110e-01
1.003946e+01,1.293252e+01,1.013570e+01,-6.833629e-01,2.274588e+00,5.204379e-01
7.406080e+00,5.536512e+00,1.125688e+01,1.813495e+00,1.251349e+00,-3.490290e-01
5.428406e+00,2.733986e+00,7.651051e+00,2.717851e+00,9.159553e-01,-5.761844e-01
3.901710e+00,2.190389e+00,8.278833e+00,3.910900e+00,8.618563e-01,-9.990910e-01
3.383601e+00,1.966977e+00,8.876817e+00,4.907475e+00,1.048380e+00,-1.075349e+00
2.702478e+00,2.283396e+00,9.139737e+00,5.933980e+00,1.094677e+00,-8.026049e-01
2.978139e+00,2.491523e+00,1.079120e+01,6.659899e+00,1.005186e+00,-5.157021e-01
3.973639e+00,3.246002e+00,1.419183e+01,7.614176e+00,6.557805e-01,-1.275400e-01
4.276455e+00,4.334369e+00,1.414211e+01,8.316494e+00,1.285481e-01,1.220162e-01
1.168271e+00,5.042316e+00,1.291988e+01,7.909874e+00,-4.413378e-01,2.549498e-01
-8.234840e+00,3.923560e+00,8.116331e+00,6.467020e+00,-2.575889e-02,2.670639e-01
-1.331905e+01,-7.771522e+00,5.707860e+00,3.581919e+00,2.493333e+00,3.810941e-01
-2.278868e+00,-1.066126e+01,5.450022e+00,4.029108e-01,4.453597e+00,1.038081e+00
8.620799e+00,-6.178109e-01,7.071182e+00,-3.742090e+00,3.063555e+00,7.749269e-01
2.461000e+01,3.897621e+01,-1.093270e+00,-1.390571e+00,2.176310e+00,9.803814e-01
-4.937112e+00,-7.274517e+00,4.964285e+00,-1.908071e+00,-2.143997e+00,-2.146873e+00
-4.753602e+00,-2.245919e+00,1.191941e+01,-3.117370e+00,-2.936046e-01,-3.198166e-01
-8.487539e+00,1.828586e+01,1.380805e+01,-3.070684e+00,9.319552e-01,-1.462100e-01
-2.370486e+00,1.482509e+01,7.280017e+00,-1.744110e+00,1.323448e+00,3.513897e-02
3.094651e+00,5.876342e+00,5.313461e+00,-1.563712e+00,1.468941e+00,4.423813e-01
2.797095e+00,1.171050e+01,4.844795e+00,-1.293156e+00,1.383684e+00,2.652624e-01
4.511780e+00,9.433843e+00,3.967213e+00,-1.179122e+00,6.354517e-01,-2.794602e-02
2.171218e+00,8.972624e+00,3.839605e+00,-1.193510e+00,9.434448e-02,-1.263339e-01
1.587348e+00,9.518540e+00,3.857640e+00,-1.169961e+00,-8.501663e-03,-1.692057e-01
1.896256e+00,1.022374e+01,3.280753e+00,-1.178747e+00,-1.225301e-01,-2.737744e-01
1.605890e+00,8.565340e+00,2.499196e+00,-1.245524e+00,-4.593559e-01,-4.095162e-01
7.227094e-01,7.733457e+00,2.216678e+00,-1.395819e+00,-7.223412e-01,-4.777778e-01
-1.025459e+00,7.701970e+00,2.479098e+00,-1.667181e+00,-7.213621e-01,-3.475048e-01
-1.292843e+00,7.789008e+00,3.735520e+00,-1.759922e+00,-4.637313e-01,-1.839429e-01
8.801449e-01,8.479976e+00,2.954113e+00,-1.888516e+00,-1.350891e-01,7.725843e-03
3.783164e+00,9.197187e+00,-1.878877e-02,-2.139932e+00,-1.761519e-01,5.774039e-02
3.958935e+00,8.585969e+00,-9.583416e-01,-2.809685e+00,-9.253209e-01,-1.800244e-02
4.410787e+00,9.681951e+00,-6.703936e-01,-3.353341e+00,-1.318454e+00,-1.459055e-02
9.272744e+00,1.332309e+01,-3.078163e+00,-3.999254e+00,-1.764979e+00,-8.484307e-02
4.405247e+00,1.698081e+01,9.638688e-01,-4.511590e+00,-3.229786e+00,-1.618828e-01
-7.338652e+00,2.003675e+01,1.488505e+01,-4.564119e+00,-4.593244e+00,-6.550632e-02
-1.638717e+01,2.417010e+01,1.862567e+01,-3.524821e+00,-2.657879e+00,4.713386e-01
-8.314042e+00,5.132669e+00,1.963718e+01,-1.124045e+00,1.491450e+00,1.538312e+00
4.728024e+00,8.375730e+00,1.301974e+01,-6.407323e-01,3.064948e+00,1.559066e+00
9.032540e+00,9.661745e+00,1.119802e+01,1.493827e+00,2.698011e+00,9.845670e-01
9.283531e+00,3.708474e+00,8.550991e+00,2.840636e+00,1.652303e+00,5.705295e-01
6.077792e+00,1.724038e+00,7.464519e+00,3.839487e+00,4.833304e-01,3.959727e-02
3.342496e+00,1.916299e+00,8.269338e+00,4.597263e+00,1.409427e-01,-4.837667e-01
1.041046e+00,2.088577e+00,9.788954e+00,5.720105e+00,3.086817e-01,-7.547088e-01
1.171388e+00,2.279251e+00,1.074022e+01,6.463529e+00,6.027877e-01,-8.293712e-01
2.374024e+00,3.276946e+00,1.349743e+01,7.374944e+00,8.302047e-01,-7.419841e-01
3.454789e+00,5.709375e+00,1.266189e+01,7.849841e+00,6.992640e-01,-5.275923e-01
6.932117e-01,7.501644e+00,1.074894e+01,7.397509e+00,1.792606e-01,-3.650640e-01
-5.007009e+00,5.180225e+00,7.525312e+00,6.256670e+00,5.192374e-01,-2.776027e-01
-6.883555e+00,-5.059347e+00,4.991519e+00,3.876170e+00,2.255866e+00,-1.890366e-01
-9.303944e-02,-6.875828e+00,-1.653824e-01,1.183127e+00,3.080961e+00,4.305080e-01
4.798577e+00,-4.516557e+00,4.336798e+00,-2.555983e+00,1.573899e+00,9.388862e-02
1.020288e+01,2.992399e+01,9.216098e-01,-3.585566e+00,8.897742e-01,8.410908e-02
5.405988e+00,1.443602e+01,3.820647e+00,-1.443495e+00,-4.455451e-01,-6.168470e-01
-1.196014e+01,-6.105719e+00,1.197830e+01,-2.934730e+00,-8.735550e-01,-9.502197e-01
1.052294e+00,5.274367e+00,9.271943e+00,-2.569413e+00,1.790187e+00,4.591837e-01
-1.566075e+00,1.641944e+01,1.139709e+01,-2.570926e+00,1.077471e+00,-3.510721e-01
2.041165e-01,6.542779e+00,5.579736e+00,-1.846325e+00,7.168546e-01,-2.272284e-02
1.867032e+00,6.197111e+00,5.061563e+00,-1.861660e+00,7.022050e-01,2.272883e-01
1.033248e+00,1.199084e+01,6.954054e+00,-1.579234e+00,6.052658e-01,3.529062e-02
1.691833e+00,8.660445e+00,9.328960e+00,-1.402533e+00,6.200274e-01,8.992211e-02
2.998051e+00,8.396234e+00,6.981686e+00,-1.063561e+00,3.421786e-01,9.350834e-02
2.483209e+00,9.431031e+00,6.010497e+00,-8.756017e-01,1.316561e-01,2.918397e-02
3.375346e+00,1.034403e+01,4.335198e+00,-7.041204e-01,-3.339914e-02,-1.668190e-01
3.423916e+00,9.428669e+00,3.313194e+00,-6.836525e-01,-4.388743e-01,-3.060650e-01
-1.657308e+00,9.666656e+00,3.993218e+00,-6.767193e-01,-1.124134e+00,-4.538510e-01
-4.152582e+00,8.992935e+00,4.450136e+00,-6.418555e-01,-1.071627e+00,-4.634323e-01
-1.319713e+00,8.902524e+00,2.032546e+00,-6.987510e-01,-2.681931e-01,-6.632731e-02
6.383271e-01,6.873742e+00,-9.265001e-01,-9.884436e-01,8.149782e-02,1.118920e-01
3.372850e+00,9.359133e+00,-2.405547e+00,-1.677905e+00,-3.016093e-01,7.271482e-02
3.865114e+00,1.176992e+01,-1.822599e+00,-2.281112e+00,-1.088555e+00,-1.285237e-01
6.207851e-01,1.083919e+01,-8.188224e-01,-2.918166e+00,-1.541141e+00,7.660008e-02
1.165477e+00,1.307081e+01,-1.266097e+00,-3.247971e+00,-1.291565e+00,4.053911e-01
5.149582e+00,1.195504e+01,-2.589582e+00,-3.706313e+00,-1.498244e+00,3.960239e-01
1.811241e+00,1.053696e+01,6.681393e+00,-4.187028e+00,-2.772910e+00,2.345741e-01
-2.856472e+00,2.600294e+01,1.366118e+01,-4.635409e+00,-2.279323e+00,-4.923229e-01
-8.761073e+00,1.632997e+01,1.535879e+01,-2.840511e+00,-1.487148e+00,-2.173327e-01
8.257847e-01,7.576206e+00,1.293764e+01,-1.692712e+00,1.041895e+00,3.877823e-01
5.827186e+00,1.340070e+01,1.003972e+01,-6.992046e-01,1.524466e+00,1.826245e-02
5.115645e+00,7.682742e+00,1.097378e+01,1.793553e+00,8.735797e-01,-3.616891e-01
2.399234e+00,4.694729e+00,9.123276e+00,2.788784e+00,7.050261e-01,-5.117475e-01
8.392744e-01,4.222019e+00,9.276372e+00,3.874392e+00,1.031465e+00,-6.076569e-01
1.170245e+00,4.182637e+00,9.049078e+00,4.705876e+00,1.391156e+00,-5.522936e-01
1.851364e+00,3.969526e+00,1.009373e+01,5.860827e+00,1.558802e+00,-3.694641e-01
3.721240e+00,3.750000e+00,1.040646e+01,6.529331e+00,1.439693e+00,-1.975106e-01
5.662452e+00,4.805610e+00,1.294245e+01,7.492520e+00,7.846936e-01,-1.879674e-02
5.487053e+00,5.407269e+00,1.269619e+01,7.747919e+00,1.517626e-01,-7.595948e-02
-1.819559e+00,2.854677e+00,9.703595e+00,7.154718e+00,-2.928452e-01,-4.262685e-01
-7.370872e+00,1.727718e+00,8.202785e+00,5.530450e+00,3.077876e-01,-1.348193e-01
-8.989986e+00,-4.307958e+00,5.177282e+00,2.426275e+00,2.290857e+00,3.344867e-01
-2.635956e+00,-9.381557e+00,5.591788e+00,-4.040963e-01,3.065366e+00,5.905250e-01
9.255257e+00,2.826752e+00,1.371699e+01,-3.681282e+00,1.902864e+00,2.063563e-01
2.449896e+01,3.674782e+01,-4.118602e+00,-2.255026e+00,1.180613e+00,3.779129e-01
-5.910882e+00,-7.165184e-01,6.559729e+00,-1.881890e+00,-2.167290e+00,-1.688072e+00
-8.186899e+00,-5.433508e-01,1.211821e+01,-3.044513e+00,5.810008e-01,-4.315332e-02
-1.182897e+00,1.355172e+01,1.224818e+01,-2.512342e+00,1.917466e+00,1.619652e-01
1.743614e+00,1.545738e+01,7.773048e+00,-1.619672e+00,9.729478e-01,-3.176223e-01
2.054732e+00,5.986654e+00,4.973948e+00,-1.198929e+00,3.572505e-01,-3.233519e-02
8.180289e-02,9.955505e+00,4.606779e+00,-1.145961e+00,5.071813e-01,-3.004478e-02
2.779370e+00,1.100463e+01,3.506158e+00,-9.129663e-01,8.983440e-01,-5.697325e-02
4.374016e+00,9.696156e+00,2.309213e+00,-9.449000e-01,3.915648e-02,-1.875878e-01
6.803377e-01,8.372572e+00,2.400611e+00,-9.625623e-01,-9.280530e-01,-5.093554e-01
-6.438730e-01,9.500318e+00,2.621292e+00,-1.056793e+00,-8.623291e-01,-4.309684e-01
1.098223e+00,9.298327e+00,1.806725e+00,-1.227588e+00,-8.281168e-01,-4.166569e-01
1.587526e+00,8.743814e+00,1.485412e+00,-1.444881e+00,-1.166623e+00,-4.812107e-01
-2.019000e+00,8.893857e+00,3.463622e+00,-1.589444e+00,-1.341644e+00,-4.622131e-01
-4.128063e+00,9.813160e+00,5.769031e+00,-1.534746e+00,-9.240145e-01,-2.990340e-01
-1.398578e+00,1.011619e+01,4.373576e+00,-1.452664e+00,2.494325e-01,1.694459e-01
2.938763e+00,9.046963e+00,3.900299e-02,-1.664730e+00,3.831064e-01,3.042550e-01
5.673691e+00,1.117401e+01,-2.417382e+00,-2.198772e+00,-2.320632e-01,1.844843e-01
4.948051e+00,1.096717e+01,-1.741755e+00,-2.805015e+00,-1.211646e+00,-7.144200e-02
4.007928e+00,1.076524e+01,3.541828e-01,-3.440155e+00,-1.725461e+00,-3.156794e-02
5.385272e+00,1.324527e+01,-1.583950e+00,-3.711450e+00,-1.949737e+00,-8.296741e-04
5.844182e-01,1.330657e+01,8.100694e-01,-4.116760e+00,-2.802989e+00,-8.804862e-02
-5.029049e+00,1.867894e+01,9.801751e+00,-4.685655e+00,-3.389398e+00,-1.144137e-01
-1.298995e+01,2.227040e+01,1.631839e+01,-3.319888e+00,-2.175249e+00,2.993740e-01
-9.304189e+00,1.015230e+01,1.748115e+01,-1.334025e+00,4.264444e-01,8.848412e-01
6.413896e+00,1.271055e+01,1.036949e+01,-7.942721e-01,2.212910e+00,9.491220e-01
7.284642e+00,1.046300e+01,1.067463e+01,1.243143e+00,1.480212e+00,4.295468e-01
4.935830e+00,5.025686e+00,1.003870e+01,2.934206e+00,6.329423e-01,-1.313019e-01
3.642650e+00,4.142650e+00,8.269127e+00,3.892817e+00,4.606630e-01,-4.748654e-01
2.506219e+00,2.468658e+00,9.761742e+00,5.003711e+00,5.593663e-01,-9.088057e-01
2.282407e+00,2.812260e+00,9.868113e+00,5.761003e+00,6.902472e-01,-9.199422e-01
2.007749e+00,3.385019e+00,1.108598e+01,6.826165e+00,8.059434e-01,-9.035407e-01
2.419383e+00,3.435267e+00,1.342432e+01,7.550097e+00,9.152225e-01,-8.859821e-01
3.879570e+00,5.582672e+00,1.290251e+01,8.121524e+00,9.347642e-01,-6.692665e-01
2.898755e+00,6.038312e+00,1.173770e+01,7.779694e+00,6.483792e-01,-4.374351e-01
-3.728115e+00,4.337931e+00,7.149560e+00,5.731057e+00,2.620795e-01,-7.733576e-02
-1.085380e+01,-5.511567e+00,4.923478e+00,3.383696e+00,1.562142e+00,-1.432406e-01
-9.516531e-01,-1.094826e+01,4.270117e+00,-2.307713e-01,3.232785e+00,4.526144e-01
9.347578e+00,-3.735741e+00,9.183049e+00,-3.238233e+00,2.684971e+00,6.069871e-01
2.063602e+01,3.895144e+01,-2.415571e+00,-1.668833e+00,1.230155e+00,7.963770e-01
-1.550239e+00,3.501050e+00,5.904359e+00,-1.562763e+00,-1.430041e+00,-1.463607e+00
-6.090621e+00,-5.695766e-01,1.296377e+01,-3.204779e+00,1.445704e+00,4.231011e-01
-3.553137e-01,1.129266e+01,1.292513e+01,-2.862123e+00,2.467212e+00,5.915697e-01
4.230053e+00,1.367424e+01,6.710400e+00,-1.685917e+00,7.909869e-01,-3.415378e-01
1.231325e+00,4.247171e+00,5.396234e+00,-1.320121e+00,-2.116173e-01,-2.003666e-01
-2.925174e+00,1.108711e+01,5.191023e+00,-1.235745e+00,4.164690e-01,3.494502e-02
1.164231e+00,1.086999e+01,4.261928e+00,-1.062172e+00,9.755714e-01,7.532569e-02
3.585934e+00,9.090258e+00,3.106419e+00,-1.063295e+00,3.470637e-01,-1.327510e-03
2.306230e+00,9.164327e+00,3.121049e+00,-1.002176e+00,-3.368680e-01,-2.385874e-01
-8.179201e-01,1.006216e+01,2.334773e+00,-9.886856e-01,-6.594013e-01,-3.453328e-01
2.040864e-01,8.822310e+00,1.027543e+00,-1.093389e+00,-5.409181e-01,-3.265931e-01
1.566766e+00,8.827320e+00,1.241692e+00,-1.352599e+00,-7.907540e-01,-3.544288e-01
-9.162136e-01,8.243619e+00,2.683307e+00,-1.562089e+00,-9.827456e-01,-3.890817e-01
-1.716958e+00,9.829770e+00,5.185914e+00,-1.622438e+00,-3.882051e-01,-9.823763e-02
1.603097e+00,1.014227e+01,3.560878e+00,-1.652511e+00,-2.489818e-02,9.682038e-02
2.946447e+00,8.308398e+00,-2.072680e-01,-1.912518e+00,-2.715314e-01,1.533003e-01
4.145315e+00,1.113466e+01,-1.624486e+00,-2.419518e+00,-7.538822e-01,9.565576e-02
3.481243e+00,1.064451e+01,-3.538970e-01,-3.063726e+00,-1.498241e+00,1.082728e-02
2.562359e+00,1.163140e+01,1.126265e+00,-3.399443e+00,-1.622955e+00,1.651525e-01
2.500649e+00,1.646683e+01,-2.136014e+00,-3.784894e+00,-1.949130e+00,2.485131e-01
-5.948130e-01,1.349069e+01,1.958828e+00,-4.227645e+00,-2.706817e+00,-1.418129e-01
-2.764126e+00,1.936684e+01,1.186673e+01,-4.369852e+00,-2.887385e+00,-1.435714e-01
-9.678430e+00,2.014638e+01,1.617201e+01,-3.069528e+00,-2.101645e+00,-2.886524e-01
-1.853099e+00,7.441737e+00,1.452232e+01,-1.465331e+00,3.264502e-01,3.369372e-01
4.301979e+00,1.254842e+01,9.970579e+00,-5.897340e-01,1.300269e+00,2.189110e-01
2.869282e+00,6.638185e+00,1.147506e+01,1.795179e+00,1.179301e+00,-2.113976e-01
1.958344e+00,4.467362e+00,9.985641e+00,2.754379e+00,1.326023e+00,-1.366831e-01
2.631364e+00,4.004398e+00,9.352554e+00,3.939361e+00,1.687935e+00,-2.087853e-01
2.418729e+00,2.367905e+00,9.937663e+00,4.921541e+00,1.748889e+00,-3.023388e-01
2.686504e+00,2.731191e+00,9.791287e+00,5.934629e+00,1.750072e+00,-3.155014e-01
3.998931e+00,3.925479e+00,1.004134e+01,6.717696e+00,1.552319e+00,-3.620695e-01
6.399133e+00,4.313493e+00,1.174913e+01,7.488603e+00,1.007760e+00,-4.805099e-01
6.276233e+00,6.965815e+00,1.158232e+01,7.723759e+00,3.417144e-01,-6.435835e-01
1.665030e+00,7.109728e+00,8.178015e+00,7.126694e+00,-4.460855e-01,-1.101842e+00
-5.511878e+00,6.184996e+00,6.131137e+00,5.863136e+00,-1.777046e-01,-6.721548e-01
-7.803019e+00,-9.744025e-01,4.081069e+00,4.065497e+00,1.336272e+00,-1.368779e-01
-3.498075e+00,-7.227446e+00,-7.667313e-01,1.518867e+00,2.576266e+00,2.322661e-01
6.211291e+00,-5.334630e+00,5.682858e+00,-2.576760e+00,2.175700e+00,3.849429e-01
7.329746e+00,1.161381e+01,1.041734e+01,-4.603197e+00,6.691873e-01,-7.774179e-02
1.848215e+01,3.393992e+01,-1.974124e+00,-1.075037e+00,-1.015814e-01,2.547432e-01
-1.012671e+01,-4.456227e+00,7.117213e+00,-1.930235e+00,-1.750742e+00,-1.152722e+00
-7.322386e+00,2.335321e+00,1.165135e+01,-2.707162e+00,1.963213e+00,6.642514e-01
1.092903e+00,1.466332e+01,9.981521e+00,-2.467977e+00,2.354367e+00,4.961746e-01
5.821698e+00,7.966538e+00,4.348302e+00,-1.780403e+00,1.131787e+00,-1.819550e-01
5.287575e+00,5.415121e+00,4.178174e+00,-1.599013e+00,-2.405797e-01,-2.635504e-01
-2.445784e+00,1.129427e+01,4.624329e+00,-1.497468e+00,-4.647031e-01,-2.989097e-01
-3.125603e+00,9.726113e+00,5.413539e+00,-1.408392e+00,1.981971e-01,-1.153023e-01
1.769816e+00,8.830918e+00,4.225826e+00,-1.296320e+00,3.839294e-01,1.191369e-02
1.457275e+00,8.997896e+00,4.186954e+00,-1.263969e+00,-1.533971e-02,-8.142614e-02
1.421143e+00,9.446044e+00,3.740198e+00,-1.231173e+00,-4.453668e-01,-2.327143e-01
1.106063e+00,8.959075e+00,3.076948e+00,-1.251575e+00,-6.286801e-01,-3.170018e-01
5.895484e-01,8.949027e+00,2.174344e+00,-1.381395e+00,-8.705022e-01,-3.642567e-01
-4.503542e-01,9.113928e+00,2.856958e+00,-1.458912e+00,-1.029881e+00,-4.097020e-01
-1.187669e+00,1.007884e+01,4.687669e+00,-1.459525e+00,-9.978588e-01,-3.817667e-01
-1.563423e+00,9.347723e+00,5.318034e+00,-1.396024e+00,-6.745917e-01,-2.236094e-01
1.554387e-01,8.329003e+00,1.502194e+00,-1.525829e+00,-1.760510e-01,1.368535e-01
1.515579e+00,8.923453e+00,-4.936741e-02,-1.875884e+00,-1.323869e-01,2.706345e-01
5.004811e+00,1.195227e+01,-1.769371e+00,-2.612199e+00,-8.324164e-01,4.753980e-02
4.304694e+00,1.067082e+01,-3.468942e-01,-3.060218e+00,-1.377833e+00,-5.706292e-02
4.410794e+00,1.372458e+01,-6.548733e-01,-3.567824e+00,-1.683341e+00,5.393173e-02
3.726481e+00,1.569476e+01,-1.908315e+00,-3.871865e+00,-2.153478e+00,8.041559e-02
-3.645676e+00,1.665981e+01,8.453608e+00,-4.580374e+00,-3.457782e+00,-2.258580e-01
-6.664615e+00,2.465098e+01,1.488931e+01,-4.029409e+00,-2.863624e+00,5.443447e-02
-9.571961e+00,1.321887e+01,1.774589e+01,-1.638956e+00,-1.039330e+00,2.577299e-01
1.910828e+00,6.633713e+00,1.289826e+01,-9.902092e-01,1.206681e+00,5.685391e-01
6.251432e+00,1.200053e+01,9.650701e+00,7.241264e-01,1.334283e+00,3.044213e-01
3.783444e+00,6.419362e+00,1.091169e+01,2.206231e+00,1.050277e+00,-1.451626e-01
3.017271e+00,3.756149e+00,8.037252e+00,3.429309e+00,1.067980e+00,-4.266473e-01
3.026558e+00,3.069673e+00,8.839673e+00,4.369563e+00,1.166090e+00,-7.906252e-01
2.747519e+00,3.969893e+00,8.853415e+00,5.495380e+00,1.089343e+00,-7.311713e-01
2.700850e+00,3.110561e+00,9.758168e+00,6.245998e+00,1.028107e+00,-7.062296e-01
3.653803e+00,3.221072e+00,1.103849e+01,7.092491e+00,8.131224e-01,-6.645403e-01
4.661827e+00,4.229943e+00,1.364652e+01,7.612340e+00,4.778075e-01,-6.546055e-01
3.861746e+00,6.518849e+00,1.207793e+01,7.724972e+00,-1.366411e-01,-6.122438e-01
-2.532710e+00,4.423559e+00,1.018096e+01,6.793999e+00,-3.634619e-01,-6.812232e-01
-9.529223e+00,3.956597e-01,7.325528e+00,4.359940e+00,9.936198e-01,-2.904266e-01
-6.588960e+00,-8.173117e+00,4.348205e+00,1.852863e+00,2.406359e+00,2.089049e-01
3.866606e+00,-1.728708e+00,6.849203e+00,-1.857572e+00,2.934799e+00,5.694580e-01
1.785783e+01,3.355334e+01,-2.824218e+00,-3.425776e+00,2.105820e+00,7.701422e-01
-6.778074e-01,6.806376e-01,7.333744e+00,-2.647331e+00,-1.002818e+00,-1.255192e+00
-4.431025e+00,-3.403120e+00,1.264982e+01,-2.996038e+00,-2.268722e-01,-3.325197e-01
-2.204353e+00,9.209747e+00,1.320281e+01,-2.640014e+00,7.841624e-01,1.547434e-01
-1.340481e+00,1.949882e+01,1.071412e+01,-2.219194e+00,7.612274e-01,-4.825857e-01
4.153393e-01,5.968358e+00,4.529552e+00,-1.313303e+00,6.477208e-01,1.606278e-01
-2.498918e-01,8.357988e+00,4.678975e+00,-1.409566e+00,9.337747e-01,1.912944e-01
2.418447e+00,1.155111e+01,4.367927e+00,-1.057009e+00,7.926226e-01,3.445092e-02
2.930569e+00,8.745889e+00,3.357449e+00,-1.080358e+00,3.180191e-01,-3.008974e-03
9.862023e-01,8.677573e+00,3.265483e+00,-1.081119e+00,-3.717204e-01,-2.343190e-01
6.442939e-01,1.027285e+01,3.264993e+00,-1.114444e+00,-4.207254e-01,-2.655929e-01
1.475753e+00,9.732721e+00,2.268008e+00,-1.183610e+00,-6.447260e-01,-3.656792e-01
1.726814e+00,9.728108e+00,1.486341e+00,-1.293513e+00,-9.799653e-01,-4.463086e-01
-2.317721e+00,9.218836e+00,3.016759e+00,-1.418233e+00,-1.250942e+00,-5.220520e-01
-2.418921e+00,8.764961e+00,4.297284e+00,-1.435696e+00,-9.565294e-01,-3.808132e-01
-5.963166e-03,9.285223e+00,4.742682e+00,-1.449625e+00,-4.001124e-01,-1.082415e-01
1.774586e+00,9.073324e+00,1.072133e+00,-1.575809e+00,-2.100304e-01,9.173126e-02
1.752259e+00,9.273737e+00,-1.378119e+00,-2.113397e+00,-5.651185e-01,1.279497e-01
3.853174e+00,1.176264e+01,-2.360126e+00,-2.637858e+00,-9.884980e-01,-1.508365e-03
4.369572e+00,1.046902e+01,-7.141324e-01,-3.223553e+00,-1.580180e+00,-5.011235e-02
4.429966e+00,1.227060e+01,-3.448606e-01,-3.641942e+00,-1.830679e+00,2.094542e-02
2.166172e+00,1.489132e+01,-1.745134e+00,-4.161118e+00,-2.742604e+00,-5.000426e-02
-4.443749e+00,1.911745e+01,9.861624e+00,-4.671869e+00,-3.503042e+00,-1.957716e-01
-8.211201e+00,2.557649e+01,1.461651e+01,-3.853737e+00,-2.662573e+00,8.072260e-02
-9.772223e+00,1.649607e+01,1.541135e+01,-1.495150e+00,-8.749843e-01,2.508464e-01
3.877296e+00,9.711509e+00,1.030135e+01,-9.291232e-01,1.529810e+00,3.440715e-01
6.641585e+00,1.211812e+01,9.797556e+00,6.374902e-01,1.375216e+00,5.403735e-02
3.751793e+00,4.875611e+00,9.489456e+00,2.485034e+00,9.402409e-01,-5.508653e-01
3.519662e+00,4.177461e+00,7.532539e+00,3.596199e+00,9.990940e-01,-9.357959e-01
3.595394e+00,3.214290e+00,9.220988e+00,4.949902e+00,1.173516e+00,-1.396284e+00
3.821006e+00,3.233240e+00,9.961006e+00,5.718199e+00,1.101764e+00,-1.375086e+00
3.792815e+00,4.075851e+00,1.083614e+01,6.714335e+00,9.036209e-01,-1.243954e+00
4.418224e+00,3.375293e+00,1.401072e+01,7.525621e+00,7.242443e-01,-1.152030e+00
4.401526e+00,5.902081e+00,1.217578e+01,7.988066e+00,3.098400e-01,-8.876876e-01
3.100520e+00,6.289763e+00,1.245684e+01,7.625195e+00,-1.001833e-01,-9.318964e-01
-7.690069e+00,1.250700e+00,7.095486e+00,5.895672e+00,-1.294631e-01,-7.406174e-01
-1.421075e+01,-6.586349e+00,4.741491e+00,3.172687e+00,1.823917e+00,-3.038640e-01
-1.559181e+00,-1.038989e+01,6.453444e+00,-1.267443e+00,4.226743e+00,1.045838e+00
9.500206e+00,1.307249e+01,7.468833e+00,-3.557670e+00,3.760224e+00,1.143545e+00
2.838831e+01,3.479185e+01,-3.081853e+00,-1.383015e+00,2.136371e+00,9.076792e-01
-5.557670e+00,-6.903137e+00,9.657362e+00,-2.507484e+00,-1.281500e+00,-1.525352e+00
-9.206575e-01,4.308559e+00,1.208011e+01,-2.968958e+00,9.750808e-01,3.073161e-01
9.670419e-02,1.517218e+01,1.303145e+01,-2.594249e+00,7.560416e-01,-2.759627e-01
1.421386e-01,9.421506e+00,6.395590e+00,-1.474767e+00,-1.011898e-01,-2.606791e-01
-2.173666e+00,6.980044e+00,5.745272e+00,-1.420099e+00,-8.951309e-02,-2.865856e-02
-9.022445e-01,1.199593e+01,5.418061e+00,-1.119646e+00,8.160512e-01,1.121619e-01
4.019427e+00,1.009371e+01,3.516968e+00,-1.101335e+00,6.698790e-01,1.362402e-01
3.773252e+00,8.888507e+00,2.722389e+00,-1.052068e+00,-3.809383e-01,-2.030798e-01
1.720908e+00,9.455378e+00,2.708117e+00,-1.110430e+00,-8.318929e-01,-3.248230e-01
1.430748e-01,9.539363e+00,1.039363e+00,-1.227408e+00,-1.201967e+00,-4.548198e-01
1.746509e-01,8.866243e+00,6.688910e-01,-1.428641e+00,-1.404351e+00,-5.047600e-01
-2.610628e+00,8.586893e+00,2.898871e+00,-1.596031e+00,-1.517282e+00,-5.117017e-01
-3.356877e+00,8.574770e+00,5.304374e+00,-1.619813e+00,-1.020674e+00,-2.949684e-01
7.973407e-01,9.986115e+00,3.143533e+00,-1.600090e+00,-3.406789e-01,3.695578e-02
2.390000e+00,9.431274e+00,-1.073959e+00,-1.830936e+00,-3.160580e-01,2.147262e-01
3.080296e+00,1.119270e+01,-3.706929e+00,-2.635666e+00,-9.315656e-01,1.156584e-01
3.611331e+00,1.084609e+01,-1.432447e+00,-3.183200e+00,-1.363040e+00,3.937278e-02
4.918439e+00,1.237109e+01,8.992513e-01,-3.688607e+00,-1.472982e+00,2.078472e-01
5.123056e+00,1.637064e+01,-3.325938e+00,-4.003624e+00,-1.931523e+00,2.529229e-01
-4.815084e-01,1.441342e+01,9.602736e-01,-4.662363e+00,-3.430358e+00,-1.998212e-02
-5.493848e+00,2.243222e+01,1.357277e+01,-4.656518e+00,-3.148495e+00,1.142763e-01
-1.246018e+01,1.901182e+01,1.657513e+01,-2.574881e+00,-1.592825e+00,2.546425e-01
-2.718176e+00,6.975799e+00,1.605741e+01,-1.084597e+00,8.668789e-01,7.539178e-01
5.430552e+00,1.499294e+01,9.947796e+00,1.570546e-01,1.818371e+00,7.915004e-01
3.672599e+00,6.469597e+00,1.185375e+01,2.101600e+00,1.475590e+00,3.616925e-01
3.506297e+00,4.309579e+00,9.224116e+00,3.575886e+00,1.418699e+00,1.791696e-01
4.584375e+00,2.577714e+00,9.069161e+00,4.479633e+00,1.401707e+00,-1.944581e-01
4.352473e+00,1.728041e+00,9.332578e+00,5.513583e+00,1.188639e+00,-4.659426e-01
3.455970e+00,1.909933e+00,1.018681e+01,6.364152e+00,8.210786e-01,-5.779593e-01
2.620368e+00,2.749232e+00,1.213521e+01,7.577282e+00,5.584204e-01,-6.571008e-01
3.829018e+00,3.613086e+00,1.405129e+01,8.140310e+00,4.865080e-01,-5.660961e-01
4.477584e+00,8.032339e+00,1.194597e+01,8.103612e+00,1.739009e-01,-4.178883e-01
-2.040872e+00,6.770848e+00,9.440378e+00,6.978114e+00,-3.124319e-01,-7.858910e-01
-1.580820e+01,-5.974753e+00,5.235078e+00,3.790452e+00,1.736222e+00,-3.135384e-01
-6.132943e+00,-8.720706e+00,6.186818e+00,9.417828e-01,3.589784e+00,4.437311e-01
9.828565e+00,-6.292323e+00,7.223923e+00,-2.554855e+00,3.271465e+00,6.983151e-01
2.275271e+01,3.268016e+01,-3.419561e+00,-2.908192e+00,1.797778e+00,7.622590e-01
2.311678e+00,1.078109e+01,9.106357e+00,-2.724483e+00,-2.369869e+00,-1.931232e+00
-1.054598e+01,-4.090256e+00,1.485517e+01,-3.338830e+00,-6.953868e-01,-5.193378e-01
-5.905533e+00,1.181951e+01,1.640119e+01,-2.896641e+00,1.201148e+00,-5.550045e-02
3.930069e-01,1.794567e+01,9.553076e+00,-1.735736e+00,1.060151e+00,4.969833e-02
2.774434e-01,4.199763e+00,6.289070e+00,-1.314658e+00,8.146222e-01,1.965600e-01
2.390450e+00,1.112692e+01,5.266926e+00,-1.320918e+00,1.150962e+00,2.632545e-01
6.962635e+00,1.146905e+01,4.218865e+00,-1.089210e+00,4.403811e-01,-1.219304e-01
4.386440e+00,9.374118e+00,3.389852e+00,-1.109034e+00,-6.245667e-01,-3.364000e-01
-8.285898e-01,1.074748e+01,3.821990e+00,-1.027966e+00,-1.252129e+00,-5.051697e-01
-2.351649e+00,1.054024e+01,2.901434e+00,-9.753343e-01,-1.168400e+00,-4.587263e-01
-1.843688e+00,8.995686e+00,8.135850e-01,-1.081254e+00,-6.924273e-01,-2.704366e-01
1.915377e-01,7.924615e+00,8.780790e-01,-1.255821e+00,-6.634663e-01,-2.431545e-01
-1.249871e+00,7.443851e+00,2.039386e+00,-1.537402e+00,-6.502427e-01,-1.783136e-01
-1.188826e+00,7.838601e+00,2.692839e+00,-1.689541e+00,-3.183405e-01,7.687236e-03
2.974366e+00,9.417776e+00,1.258628e-01,-2.007894e+00,-1.415743e-02,1.796774e-01
4.858555e+00,1.003530e+01,-1.689444e+00,-2.432534e+00,-3.187496e-01,1.179324e-01
5.140766e+00,9.069223e+00,-1.510771e+00,-3.208654e+00,-1.127546e+00,-6.064926e-02
5.685828e+00,1.386651e+01,-3.027929e+00,-3.868797e+00,-1.738125e+00,-8.389964e-02
3.705853e+00,1.957548e+01,-1.809929e+00,-4.452676e+00,-2.784956e+00,-2.770633e-01
-2.415945e+00,1.796193e+01,8.281505e+00,-4.815009e+00,-3.756850e+00,-4.597097e-01
-6.836239e+00,2.469693e+01,1.678897e+01,-4.092335e+00,-2.775842e+00,-2.858003e-01
-5.970542e+00,1.438700e+01,1.746039e+01,-1.867823e+00,-1.121101e+00,-4.323375e-01
1.324845e+00,6.497355e+00,1.317206e+01,-5.878976e-01,7.620265e-01,-3.791881e-01
3.062656e+00,9.925253e+00,9.246482e+00,1.301029e+00,9.061778e-01,-6.690356e-01
2.551354e+00,4.530257e+00,9.727292e+00,3.109523e+00,1.189914e+00,-9.884749e-01
4.005709e+00,2.732305e+00,8.129926e+00,4.297237e+00,1.413105e+00,-9.828034e-01
4.581364e+00,9.646989e-01,8.380758e+00,5.505293e+00,1.312182e+00,-1.232819e+00
3.878374e+00,2.304828e+00,9.349902e+00,6.206363e+00,1.100101e+00,-1.161010e+00
2.690748e+00,3.558471e+00,1.097844e+01,7.232955e+00,8.752809e-01,-1.071860e+00
2.453950e+00,3.792099e+00,1.250902e+01,7.850050e+00,8.748505e-01,-8.930691e-01
4.064776e+00,5.150897e+00,9.819516e+00,7.512586e+00,1.005689e+00,-3.213522e-01
2.963640e+00,6.864017e+00,7.411588e+00,6.123975e+00,2.525230e-01,1.207565e-01
-1.193224e+01,-5.836582e+00,4.851730e+00,3.232076e+00,1.057378e+00,3.740649e-02
-7.812348e+00,-9.313473e+00,4.877613e+00,4.882289e-01,2.839212e+00,5.876101e-01
6.625102e+00,-1.302505e+00,1.213224e+01,-3.173479e+00,3.249046e+00,9.149902e-01
1.450233e+01,3.941000e+01,-4.680737e+00,-2.273917e+00,2.061711e+00,6.747394e-01
3.883290e+00,9.200841e+00,7.606349e+00,-1.171562e+00,-6.179492e-01,-1.154176e+00
-6.928881e+00,5.698137e-01,1.427627e+01,-2.513769e+00,1.078006e+00,1.327429e-01
3.089161e+00,1.389697e+01,9.650490e+00,-1.924389e+00,2.176003e+00,5.792205e-01
1.530701e+00,1.511338e+01,5.963790e+00,-1.331250e+00,7.560608e-01,-2.672577e-01
1.100687e+00,4.917023e+00,3.335916e+00,-1.055373e+00,1.959941e-01,-2.433118e-02
2.807729e-01,1.075896e+01,3.055222e+00,-1.147826e+00,3.040943e-01,3.813091e-02
1.398929e+00,1.062955e+01,1.433606e+00,-1.009414e+00,4.296928e-01,-7.296531e-03
1.075157e+00,9.213857e+00,6.433183e-01,-1.085959e+00,9.939826e-02,-5.054178e-02
6.416374e-01,9.094210e+00,8.307351e-01,-1.189305e+00,-5.273103e-01,-1.844138e-01
-1.109064e+00,8.387552e+00,1.338145e+00,-1.352142e+00,-3.606299e-01,-1.681454e-01
2.016548e+00,9.478849e+00,9.592220e-01,-1.567908e+00,-6.343961e-02,-1.237075e-01
5.352812e-01,7.761745e+00,3.494141e+00,-1.595871e+00,-3.062214e-01,-3.329401e-01
-4.429480e-01,7.607919e+00,5.517052e+00,-1.674728e+00,-5.086398e-01,-3.382647e-01
-3.912217e-01,9.205904e+00,6.532659e+00,-1.510471e+00,-3.206059e-01,-2.703367e-01
6.675202e-01,8.919512e+00,6.119309e+00,-1.377602e+00,-7.533474e-02,-1.151932e-01
7.325015e-01,1.020693e+01,6.194192e+00,-1.303764e+00,1.208669e-03,3.090714e-02
1.143049e+00,1.205884e+01,5.582864e+00,-1.222920e+00,-1.531780e-01,6.330751e-02
1.553149e+00,1.211685e+01,5.266574e+00,-1.169658e+00,-3.431074e-01,2.065483e-02
3.843921e+00,1.281982e+01,4.798805e+00,-1.176199e+00,-5.028879e-01,3.499408e-02
4.548066e+00,1.292925e+01,2.330673e+00,-1.229926e+00,-9.955473e-01,-1.605835e-02
2.841009e+00,1.389182e+01,-3.985432e+00,-1.546047e+00,-1.818535e+00,-8.046435e-02
2.994270e+00,1.317193e+01,-5.504310e+00,-1.990540e+00,-2.132314e+00,-1.825222e-01
5.511699e+00,1.187357e+01,8.245726e-01,-2.787539e+00,-2.606013e+00,-6.125274e-01
-8.366312e-01,2.102550e+01,4.716585e+00,-3.188836e+00,-3.463551e+00,-7.406127e-01
-1.228867e+01,1.671249e+01,1.439883e+01,-3.113417e+00,-2.410409e+00,-5.169550e-01
-9.714394e+00,1.471554e+01,1.642342e+01,-3.430220e+00,5.711183e-01,5.619221e-01
2.263628e+00,1.313241e+01,1.546355e+01,-2.322290e+00,2.113893e+00,9.382573e-01
4.639970e+00,8.648281e+00,1.270661e+01,-1.267647e+00,2.108254e+00,7.340962e-01
4.900515e+00,5.470678e+00,1.072409e+01,-2.010029e-01,1.486814e+00,1.419402e-01
4.227742e+00,5.177517e+00,8.935485e+00,7.549960e-01,9.501191e-01,-2.351113e-02
2.328443e+00,2.641506e+00,7.622956e+00,1.738371e+00,4.458502e-01,-3.414315e-01
3.191548e-01,1.903474e+00,6.456345e+00,2.479877e+00,3.018280e-01,-5.258093e-01
-1.488998e+00,9.713201e-01,7.420668e+00,3.448138e+00,7.607602e-01,-4.968511e-01
-9.287405e-01,-5.404171e-01,7.234721e+00,3.989992e+00,1.323325e+00,-3.996544e-01
9.785548e-01,-1.659496e+00,7.243954e+00,4.411648e+00,1.802603e+00,-2.133798e-01
3.211723e+00,-2.759612e+00,8.398555e+00,4.633934e+00,1.796270e+00,3.505528e-02
4.080034e+00,-4.645577e+00,7.517973e+00,4.301384e+00,8.650966e-01,1.680974e-01
3.551109e+00,-5.780670e+00,7.720000e+00,3.537170e+00,8.790410e-04,1.346058e-01
5.679171e-01,-3.616868e+00,8.516381e+00,2.025601e+00,-7.663237e-01,2.773038e-02
-1.385810e+00,-2.787812e+00,8.746045e+00,7.801979e-01,-6.652535e-01,6.238186e-02
-9.348748e-01,-2.842199e+00,7.835456e+00,-1.580082e-01,1.507949e-02,1.301116e-01
-4.615984e+00,3.094122e+01,1.805576e+01,-1.747267e+00,4.938572e-01,-1.868076e-02
-6.499152e-01,-4.573044e-01,6.503933e+00,-1.675977e-01,5.694823e-01,3.252252e-01
1.149376e+00,-2.359374e+00,8.151561e+00,-1.093531e+00,3.013291e-01,1.307888e-01
-8.647951e-01,1.264612e+01,7.146571e+00,-7.034476e-01,3.883493e-02,5.629682e-01
-2.027421e+00,1.459674e+01,8.335903e+00,-4.972029e-01,4.720999e-01,4.191284e-01
1.604662e+00,5.421485e+00,5.220393e+00,-2.794460e-01,1.241454e+00,6.413400e-01
4.818540e+00,8.024440e+00,4.737081e+00,-3.371987e-01,9.181221e-01,4.595305e-01
2.741178e+00,1.069052e+01,6.047464e+00,-2.252729e-01,-2.893867e-01,1.066264e-01
-1.477571e+00,8.702961e+00,6.013392e+00,-9.708945e-02,-6.039468e-01,4.919475e-02
-1.819944e+00,8.396816e+00,4.259963e+00,6.489474e-02,-1.262850e-01,2.302676e-01
2.247231e-01,9.024080e+00,3.070318e+00,4.756627e-02,3.239876e-01,3.757826e-01
3.426354e+00,8.596547e+00,1.156733e+00,-5.510842e-02,3.793081e-01,3.246648e-01
4.345227e+00,8.751343e+00,3.946695e-01,-3.000579e-01,-1.300132e-01,-2.895299e-03
1.364167e+00,1.015150e+01,1.492298e+00,-5.527584e-01,-1.017992e+00,-3.413006e-01
-2.331352e+00,9.272261e+00,4.460060e+00,-6.076701e-01,-1.030809e+00,-3.631639e-01
-2.540005e+00,9.196664e+00,7.214256e+00,-6.017164e-01,-5.231991e-01,-1.164823e-01
-9.613602e-01,9.992248e+00,6.499410e+00,-5.207216e-01,-1.154874e-01,1.037223e-01
1.581658e+00,1.184009e+01,3.935641e+00,-6.461331e-01,1.486510e-01,3.664288e-01
4.330130e+00,1.339313e+01,1.674323e+00,-9.605610e-01,1.624182e-01,4.478282e-01
6.132984e+00,1.597833e+01,-3.217162e+00,-1.771730e+00,-5.096018e-01,3.419884e-01
9.684567e+00,2.029711e+01,-5.963421e+00,-2.256492e+00,-1.074070e+00,-4.548752e-02
8.195519e+00,1.887536e+01,-1.333488e+00,-2.816359e+00,-3.240389e+00,-1.229669e+00
-9.920119e+00,1.047354e+01,1.061427e+01,-3.609954e+00,-4.002648e+00,-1.581228e+00
-1.556191e+01,1.197849e+01,2.049722e+01,-5.083833e+00,-2.279208e-01,8.638569e-02
4.291678e-01,1.234399e+01,1.668585e+01,-4.502368e+00,1.796850e+00,9.271750e-01
6.040615e+00,9.156031e+00,1.167942e+01,-3.552699e+00,1.993999e+00,4.583117e-01
6.223906e+00,8.805389e+00,1.049969e+01,-2.368971e+00,1.217266e+00,1.505917e-01
3.470905e+00,6.262539e+00,7.635561e+00,-4.613417e-01,1.857007e-01,2.755643e-01
5.353731e-01,5.394051e+00,5.976793e+00,9.556936e-01,7.803657e-02,2.378559e-01
-8.479097e-01,1.710153e+00,5.823270e+00,2.746720e+00,6.229718e-01,2.536425e-02
9.513804e-01,3.688956e-01,6.397368e+00,4.050859e+00,1.106294e+00,-1.538912e-04
1.595447e+00,-2.169590e+00,7.559416e+00,5.324803e+00,1.108805e+00,-1.625820e-01
2.001174e+00,-5.788907e+00,7.194821e+00,5.647711e+00,9.944560e-01,-7.983930e-02
3.464477e+00,-7.325212e+00,8.121246e+00,5.156079e+00,1.609141e-01,-3.733527e-01
7.990246e-01,-6.905520e+00,8.957060e+00,3.984479e+00,-5.737435e-01,-4.916585e-01
1.990776e+00,-8.974613e+00,7.255047e+00,2.261374e+00,-6.387694e-01,-6.091397e-01
-7.017508e+00,-1.247269e+01,1.345843e+01,-6.865472e-01,-1.087671e+00,-6.806584e-01
2.382154e+00,1.886507e+01,3.159119e+00,-1.660292e+00,-4.042607e-01,1.785359e+00
-1.397714e+01,1.522257e+01,7.117127e+00,-3.656273e-01,7.310370e-01,-1.144560e-01
7.190459e+00,4.707572e+00,9.271262e+00,-2.793266e-01,3.065564e+00,1.372237e+00
1.229221e+01,3.369430e+00,6.622015e+00,-3.767267e-01,2.145105e+00,8.593701e-01
6.291668e+00,6.122137e+00,7.901132e+00,-4.806612e-01,2.846068e-01,6.508933e-02
5.143115e+00,1.292344e+01,6.977303e+00,-4.670999e-01,-4.868967e-01,-1.803014e-01
-6.102260e-01,7.608578e+00,8.356579e+00,-1.044444e-01,-1.552773e+00,-6.984307e-01
-4.860542e+00,8.985713e+00,8.727554e+00,-2.350176e-02,-1.236081e+00,-3.904438e-01
-3.118846e+00,8.705731e+00,6.580964e+00,4.075777e-01,-3.131519e-01,-3.223847e-02
-9.812148e-01,8.613172e+00,4.550241e+00,4.287224e-01,1.309071e-01,2.308031e-01
2.249760e+00,9.583728e+00,2.318276e+00,3.336304e-01,1.475526e-01,2.353149e-01
2.665966e+00,9.343519e+00,1.388755e+00,1.060756e-01,-2.505643e-01,2.484723e-02
1.654611e+00,8.132621e+00,1.690875e+00,-2.954080e-01,-8.341718e-01,-2.664268e-01
-9.315994e-01,7.758536e+00,3.772816e+00,-4.534079e-01,-9.980072e-01,-3.082809e-01
-1.287356e+00,7.476112e+00,6.897321e+00,-4.462657e-01,-7.160057e-01,-1.996738e-01
-2.653489e-01,8.856616e+00,6.252069e+00,-4.120825e-01,-3.833279e-01,-4.160908e-03
4.174354e-01,1.145924e+01,5.241305e+00,-3.544732e-01,-1.066383e-02,2.093975e-01
2.637290e+00,1.246425e+01,3.652116e+00,-4.331222e-01,1.956858e-01,3.263935e-01
6.424814e+00,1.334199e+01,2.043154e+00,-7.143086e-01,-7.552220e-02,2.377236e-01
8.432675e+00,1.417961e+01,-2.135314e+00,-1.092547e+00,-1.140875e+00,8.882349e-02
5.844127e+00,1.423843e+01,1.177226e+00,-1.696727e+00,-2.585632e+00,-6.938958e-01
1.666395e+00,1.499579e+01,2.678215e+00,-2.096421e+00,-3.431300e+00,-1.108762e+00
-1.218434e+01,7.756805e+00,1.043772e+01,-2.667281e+00,-2.832253e+00,-1.015320e+00
-9.828273e+00,9.683523e+00,1.485871e+01,-3.827591e+00,-5.563482e-06,1.017261e-01
9.076937e-01,1.589713e+01,1.331943e+01,-3.328496e+00,1.563492e+00,5.683991e-01
5.189256e+00,9.537248e+00,1.003798e+01,-2.770799e+00,1.240324e+00,3.951706e-01
1.942155e+00,7.097273e+00,9.456689e+00,-2.080014e+00,4.654929e-01,-1.539318e-01
1.478662e+00,8.327782e+00,8.997461e+00,-1.301493e+00,2.971627e-01,1.738513e-02
-5.720072e-01,5.419092e+00,7.366320e+00,-7.281595e-02,3.707218e-01,1.863092e-01
-1.260973e+00,5.031274e+00,6.436479e+00,6.973003e-01,7.354789e-01,2.569907e-01
5.681461e-01,4.346374e+00,6.693870e+00,1.859355e+00,1.219054e+00,2.683655e-01
2.322554e+00,2.210425e+00,6.716903e+00,2.839826e+00,1.301513e+00,1.171774e-01
3.356902e+00,1.076089e-01,7.301619e+00,3.943041e+00,9.407697e-01,-1.384552e-01
1.864682e+00,-3.383554e+00,6.690306e+00,4.453639e+00,6.663681e-01,-2.944269e-01
2.732310e-01,-6.250606e+00,8.002888e+00,4.521788e+00,2.775632e-01,-2.663901e-01
-1.975325e+00,-6.921237e+00,9.061174e+00,4.049194e+00,1.069092e-01,-1.726884e-01
-7.567287e-01,-7.122281e+00,9.709581e+00,2.931630e+00,2.794293e-01,6.936872e-03
7.741596e-01,-1.070912e+01,9.399930e+00,1.438000e+00,2.961875e-01,6.623438e-02
1.213133e+01,2.737587e+01,4.698045e+00,-2.609834e+00,1.646242e+00,2.012473e+00
-6.048441e-01,1.131607e+01,7.479604e+00,-3.754409e-01,2.614061e-01,7.975126e-01
-2.737759e+00,2.354328e+00,9.243334e+00,-3.223517e-01,1.729078e+00,4.322167e-01
1.309929e+01,1.080145e+01,6.995886e+00,-7.892416e-01,1.571321e+00,1.057369e+00
-5.582662e-01,5.561557e+00,9.008342e+00,-2.535631e-01,8.266112e-02,3.494528e-02
3.663574e+00,1.008690e+01,6.394599e+00,-2.804357e-01,1.863546e-01,2.304988e-01
-3.178556e-01,8.245617e+00,8.577116e+00,1.015438e-01,-3.234284e-01,-2.874170e-01
-1.430923e+00,7.860686e+00,7.978078e+00,1.745424e-01,-3.482316e-01,-8.879094e-02
-2.543347e+00,8.966737e+00,7.743369e+00,3.940672e-01,-6.529784e-02,1.120014e-01
-2.964358e-02,1.033075e+01,5.204122e+00,4.350521e-01,3.570259e-01,3.896454e-01
3.812611e+00,1.248599e+01,2.233199e+00,2.787530e-01,5.815682e-01,4.737883e-01
4.777121e+00,1.052034e+01,1.434334e+00,5.196412e-02,1.066083e-01,1.551771e-01
3.652287e+00,5.735080e+00,5.253333e-01,-3.977173e-01,-9.059603e-01,-2.925834e-01
2.626755e-01,7.454781e+00,-6.718770e-01,-8.283981e-01,-1.414654e+00,-4.004106e-01
-4.628655e+00,5.677737e+00,4.260829e+00,-1.010561e+00,-1.261924e+00,-4.040673e-01
-2.120733e+00,2.623560e+00,5.009843e+00,-1.083060e+00,-4.370063e-01,-1.967217e-01
6.894673e-01,5.749229e+00,5.139658e+00,-1.216064e+00,4.495317e-02,5.065858e-02
1.161318e+00,6.176018e+00,6.986360e+00,-1.203297e+00,3.706466e-03,-3.779047e-02
1.295259e+00,5.176992e+00,9.562806e+00,-1.057218e+00,-8.358235e-02,-1.456506e-01
-2.458677e-02,6.947634e+00,1.288603e+01,-7.146715e-01,-2.232842e-01,-5.414976e-02
-1.203836e+00,9.999057e+00,1.341833e+01,-6.140827e-02,1.526183e-01,2.736295e-01
5.912231e-01,1.442224e+01,9.937197e+00,3.514844e-01,4.819208e-01,4.838961e-01
6.470114e+00,1.733497e+01,3.284640e+00,5.730945e-01,4.221725e-01,5.176683e-01
7.506565e+00,1.645658e+01,4.535931e-01,4.846984e-01,-4.586832e-01,3.667133e-01
1.073436e+01,1.142755e+01,-2.231936e+00,-4.573486e-02,-2.278311e+00,-2.870534e-01
6.745847e+00,8.757027e+00,-2.746517e+00,-8.095042e-01,-3.864819e+00,-7.257004e-01
-4.846858e+00,8.183408e+00,1.189969e+00,-1.942491e+00,-4.551550e+00,-1.223126e+00
-1.263428e+01,1.084061e+01,6.919500e+00,-2.734374e+00,-3.467923e+00,-9.558063e-01
-1.030918e+01,1.086916e+01,9.749576e+00,-3.926257e+00,-4.137056e-01,2.207794e-01
-2.357713e+00,1.254760e+01,1.099987e+01,-4.003420e+00,1.216378e+00,7.166182e-01
4.949887e+00,1.128579e+01,9.970611e+00,-3.551627e+00,1.422686e+00,8.228068e-01
4.053955e+00,9.250911e+00,9.389466e+00,-2.901189e+00,9.708829e-01,4.568294e-01
1.923214e+00,9.340969e+00,7.324542e+00,-1.543386e+00,1.102302e+00,4.147078e-01
3.934409e+00,9.931873e+00,5.108963e+00,-4.898591e-01,1.095958e+00,3.341273e-01
2.578783e+00,9.016807e+00,4.520152e+00,1.346212e+00,7.818274e-01,6.608701e-03
2.624744e+00,7.975159e+00,4.841475e+00,2.367260e+00,7.810187e-01,-1.795470e-01
3.627693e+00,6.924300e+00,6.013412e+00,4.149676e+00,7.638680e-01,-4.616385e-01
4.224946e+00,6.200865e+00,7.027308e+00,5.240863e+00,4.877400e-01,-6.375210e-01
3.852397e+00,4.434931e+00,8.874047e+00,6.180830e+00,1.090770e-01,-8.769037e-01
3.291994e+00,4.469553e+00,1.077343e+01,6.812844e+00,-1.820260e-01,-9.964229e-01
2.143404e+00,6.034455e+00,1.311445e+01,7.455689e+00,-5.039169e-01,-1.029615e+00
2.456552e-01,5.518497e+00,1.285736e+01,7.612566e+00,-4.599715e-01,-1.008695e+00
-6.993694e+00,2.724725e+00,9.785193e+00,6.640508e+00,1.776618e-01,-7.071130e-01
-6.158222e+00,1.225748e+00,8.026675e+00,4.837204e+00,1.466057e+00,1.399327e-01
-4.168765e+00,-4.292773e+00,4.530313e+00,1.719677e+00,2.435301e+00,7.350084e-01
-4.053382e-01,-7.821879e+00,6.316251e+00,-1.014320e+00,2.854150e+00,7.965687e-01
6.785368e+00,8.493941e+00,1.066134e+01,-3.251657e+00,2.337791e+00,3.622286e-01
1.359721e+01,3.747381e+01,-1.299298e+01,-1.119247e+00,1.700252e+00,9.858907e-01
-9.827253e+00,-1.104227e-01,6.630071e+00,-2.123644e+00,-4.894129e-01,-1.226623e+00
-7.002809e+00,-4.524217e+00,1.023021e+01,-2.992735e+00,2.194880e+00,4.086987e-01
5.408054e+00,1.442169e+01,1.031554e+01,-2.429458e+00,1.718210e+00,-5.701815e-03
5.315932e+00,1.711667e+01,8.321144e+00,-1.507116e+00,-2.365422e-01,-6.794144e-01
-5.668190e+00,6.104534e+00,5.426590e+00,-1.150289e+00,-7.173530e-01,-2.583819e-01
-4.396327e+00,9.136247e+00,5.979955e+00,-9.893465e-01,7.958008e-01,5.522349e-02
5.777842e+00,1.164424e+01,3.518434e+00,-9.104952e-01,1.116909e+00,1.957131e-01
5.073517e+00,9.276763e+00,2.553312e+00,-8.989713e-01,7.342373e-03,-1.488237e-01
8.441129e-01,9.124355e+00,3.147681e+00,-9.652981e-01,-9.593652e-01,-4.135239e-01
-1.943362e+00,1.078931e+01,2.936638e+00,-9.481735e-01,-9.695063e-01,-4.325486e-01
-6.339593e-01,8.933290e+00,9.226784e-01,-1.021242e+00,-7.410323e-01,-4.379353e-01
-5.882408e-01,8.299162e+00,6.348821e-01,-1.248000e+00,-7.890223e-01,-4.489111e-01
-2.297320e+00,7.344825e+00,3.347114e+00,-1.443662e+00,-6.316058e-01,-3.753373e-01
4.457725e-01,8.085760e+00,2.766376e+00,-1.539745e+00,-2.950597e-01,-1.907859e-01
2.326625e+00,7.781047e+00,8.492695e-01,-1.834454e+00,-2.988294e-01,-7.824612e-02
3.426071e+00,9.092960e+00,-2.611515e-01,-2.231510e+00,-6.507691e-01,-1.259305e-01
4.050918e+00,1.131999e+01,-1.178931e-01,-2.836871e+00,-1.354163e+00,-2.763784e-01
1.711919e+00,1.073815e+01,1.009920e+00,-3.207553e+00,-1.693333e+00,-2.165121e-01
5.114632e+00,1.235702e+01,3.076612e-01,-3.521501e+00,-1.530697e+00,-8.565324e-02
6.553059e+00,1.321802e+01,-2.465647e+00,-3.864168e+00,-2.268294e+00,-2.895927e-01
1.676226e-01,1.387746e+01,3.885673e+00,-4.687390e+00,-4.270588e+00,-7.495536e-01
-6.072428e+00,2.580790e+01,1.530705e+01,-4.457824e+00,-4.197394e+00,-7.013625e-01
-1.345573e+01,1.326722e+01,1.724809e+01,-2.323015e+00,-2.453535e+00,-3.716258e-01
-3.648634e+00,5.647455e+00,1.711210e+01,-1.293141e+00,7.255525e-01,2.009190e-01
5.031185e+00,1.322972e+01,1.073752e+01,2.983671e-01,1.933165e+00,8.342507e-02
5.095249e+00,7.617677e+00,1.114718e+01,1.882402e+00,1.886508e+00,-3.022760e-01
5.145162e+00,4.367388e+00,7.782875e+00,3.147349e+00,1.786476e+00,-6.507992e-01
4.907999e+00,3.604543e+00,8.552791e+00,4.110003e+00,1.675742e+00,-1.058958e+00
4.150756e+00,3.609773e+00,8.590567e+00,5.250814e+00,1.396377e+00,-1.087072e+00
3.518002e+00,3.215377e+00,9.087619e+00,5.957577e+00,1.171601e+00,-1.016533e+00
3.594238e+00,3.472380e+00,1.029562e+01,6.817805e+00,9.593041e-01,-8.236927e-01
3.696443e+00,4.061836e+00,1.171170e+01,7.497886e+00,7.640772e-01,-6.757324e-01
3.546987e+00,6.524768e+00,1.152610e+01,7.762787e+00,4.386839e-01,-3.785259e-01
8.844925e-02,5.797660e+00,1.068023e+01,7.136505e+00,1.487877e-01,-3.161871e-01
-1.050468e+01,-9.253649e-01,6.176267e+00,5.236302e+00,6.729392e-01,-2.659350e-02
-1.061116e+01,-7.189686e+00,3.793063e+00,2.468595e+00,2.664759e+00,3.100268e-01
4.200670e+00,-9.311361e+00,6.987090e+00,-1.900915e+00,3.535890e+00,9.241248e-01
9.879309e+00,5.776775e+00,9.343570e+00,-4.132827e+00,1.915339e+00,5.571958e-01
2.999733e+01,3.541513e+01,-2.183802e+00,-5.882369e-01,5.071749e-01,3.737235e-01
-1.136520e+01,-8.316691e+00,9.430765e+00,-2.297295e+00,-2.308624e+00,-1.887989e+00
-6.612646e+00,5.868427e+00,1.336000e+01,-3.046285e+00,9.418073e-01,4.229591e-01
-6.987583e+00,1.844020e+01,1.394969e+01,-2.369837e+00,1.296565e+00,-1.611769e-01
3.910218e+00,6.226212e+00,5.124540e+00,-1.089364e+00,1.110234e+00,2.699995e-01
3.300189e+00,4.967402e+00,4.634522e+00,-1.311023e+00,8.723763e-01,1.666438e-01
3.169189e+00,1.104711e+01,2.935695e+00,-1.074035e+00,5.955036e-01,1.440747e-02
3.244977e+00,1.043499e+01,2.246656e+00,-1.187535e+00,-3.286079e-01,-2.459262e-01
-2.097245e+00,8.861794e+00,1.877867e+00,-1.191997e+00,-1.095125e+00,-4.166485e-01
-3.178479e+00,9.025859e+00,1.770542e+00,-1.333891e+00,-7.360469e-01,-2.887854e-01
9.782125e-01,9.339604e+00,3.521830e-01,-1.478662e+00,-3.493467e-01,-2.074860e-01
2.972886e+00,8.060415e+00,1.353650e-01,-1.743504e+00,-7.083050e-01,-3.084399e-01
6.597396e-03,8.575070e+00,2.714876e+00,-2.014836e+00,-1.371799e+00,-4.648028e-01
-1.968780e+00,8.876847e+00,5.331254e+00,-2.014754e+00,-1.083768e+00,-3.217091e-01
7.637841e-02,9.719243e+00,2.366400e+00,-2.006785e+00,-4.580686e-01,-5.895770e-02
2.371465e+00,9.547797e+00,-5.844058e-01,-2.256662e+00,-3.264334e-01,8.925270e-02
4.915112e+00,1.059124e+01,-2.579032e+00,-2.992357e+00,-9.314686e-01,4.398605e-02
4.821363e+00,1.064890e+01,-1.833292e+00,-3.543563e+00,-1.505760e+00,-3.404176e-03
5.964557e+00,1.150507e+01,-1.484129e+00,-4.091156e+00,-1.748276e+00,2.572932e-02
5.475881e+00,1.522647e+01,-1.446558e+00,-4.507454e+00,-2.557473e+00,-8.199718e-02
-2.734110e+00,2.152105e+01,1.209138e+01,-5.252916e+00,-4.159378e+00,-4.974118e-01
-1.163470e+01,3.132085e+01,1.885673e+01,-4.154902e+00,-3.563132e+00,-1.881616e-01
-1.096227e+01,7.185581e+00,2.123458e+01,-1.425712e+00,-6.632989e-01,4.945353e-01
1.715730e+00,8.938133e+00,1.502406e+01,-1.047638e+00,1.796228e+00,6.980653e-01
7.238779e+00,1.218129e+01,1.189505e+01,1.738468e+00,1.471163e+00,2.029092e-01
4.136481e+00,4.132009e+00,1.029930e+01,3.122803e+00,1.210434e+00,-2.091638e-01
4.285655e+00,1.694745e+00,8.111317e+00,4.292583e+00,1.265438e+00,-7.341779e-01
4.178821e+00,1.330982e+00,8.962732e+00,5.142181e+00,1.270306e+00,-1.162312e+00
3.973980e+00,2.828094e+00,9.252342e+00,6.263234e+00,9.981726e-01,-1.078007e+00
4.076449e+00,2.067169e+00,1.063583e+01,7.080806e+00,8.037092e-01,-1.042322e+00
4.861352e+00,3.132117e+00,1.434416e+01,7.903499e+00,4.693841e-01,-9.248469e-01
5.581747e+00,8.164633e+00,1.223793e+01,8.171520e+00,1.252025e-01,-6.712675e-01
-4.525983e-01,5.916706e+00,1.141696e+01,7.411805e+00,-6.194167e-01,-9.171428e-01
-9.656981e+00,1.514435e+00,7.760446e+00,5.552990e+00,5.169850e-02,-6.195283e-01
-1.006943e+01,-9.327361e+00,6.774723e+00,2.155279e+00,2.755125e+00,1.895206e-01
3.760707e-01,-1.066350e+01,8.418604e+00,-8.686249e-01,3.820886e+00,9.773560e-01
7.599564e+00,-8.689331e-01,1.717653e+01,-4.597338e+00,2.142629e+00,6.284840e-01
2.019369e+01,3.938774e+01,-1.072397e+01,-1.413377e+00,1.470520e+00,8.651419e-01
-1.455031e+01,-8.322706e+00,8.150903e+00,-1.273797e+00,-1.150922e+00,-1.687837e+00
-1.260333e+01,-5.729998e+00,1.338694e+01,-3.187469e+00,1.761795e+00,3.570763e-01
3.021980e+00,1.599951e+01,1.049934e+01,-2.421018e+00,2.468129e+00,2.416084e-01
5.557386e+00,1.570434e+01,6.302040e+00,-1.441657e+00,4.720278e-01,-2.874187e-01
-2.468719e+00,7.079878e+00,5.746766e+00,-1.585687e+00,-4.383924e-01,-2.007439e-01
-1.628921e+00,9.816150e+00,4.925138e+00,-1.309041e+00,5.991020e-01,8.598272e-02
5.309417e+00,1.176116e+01,2.832466e+00,-1.308572e+00,4.980390e-01,2.054013e-02
3.161550e+00,9.151453e+00,2.507676e+00,-1.248369e+00,-3.340723e-01,-2.463084e-01
2.502739e-01,9.902971e+00,2.428920e+00,-1.304131e+00,-6.910891e-01,-3.324701e-01
-9.493621e-01,9.817654e+00,2.151998e+00,-1.351960e+00,-7.731246e-01,-4.158385e-01
-5.085001e-01,7.812447e+00,1.366071e+00,-1.570377e+00,-8.423757e-01,-4.231520e-01
4.343890e-01,8.438344e+00,2.655206e+00,-1.743791e+00,-9.740263e-01,-4.061829e-01
3.294850e-01,8.706010e+00,4.830654e+00,-1.777550e+00,-8.915832e-01,-2.686881e-01
1.427432e+00,9.215027e+00,4.234889e-01,-1.968547e+00,-6.032616e-01,-2.070476e-02
1.190737e+00,8.902368e+00,-3.222158e+00,-2.568303e+00,-6.439448e-01,1.118605e-01
4.357371e+00,1.167837e+01,-3.013095e+00,-3.204045e+00,-1.023666e+00,2.741781e-02
5.172345e+00,1.070594e+01,-2.350814e+00,-3.812837e+00,-1.853589e+00,-6.623741e-02
5.676988e+00,1.085963e+01,-2.678006e+00,-4.222529e+00,-2.121097e+00,-7.767386e-02
1.547329e+00,1.387357e+01,3.299677e+00,-4.932563e+00,-3.539033e+00,-4.805649e-01
-4.296592e+00,2.665456e+01,1.486951e+01,-5.126820e+00,-4.417395e+00,-5.599319e-01
-1.841561e+01,1.952861e+01,1.815717e+01,-2.873932e+00,-2.854540e+00,-9.327207e-02
-9.429542e+00,6.304562e+00,2.090482e+01,-1.475735e+00,8.168495e-01,9.902877e-01
4.491892e+00,1.537435e+01,1.373481e+01,2.690334e-02,2.724423e+00,7.693913e-01
6.698302e+00,9.105610e+00,1.362646e+01,2.115465e+00,2.658153e+00,5.079833e-01
7.391965e+00,3.511838e+00,7.970000e+00,3.634372e+00,2.335916e+00,4.091341e-02
7.439644e+00,2.651294e+00,8.075254e+00,4.635653e+00,1.994828e+00,-5.614052e-01
6.573477e+00,2.041925e+00,9.112310e+00,5.902746e+00,1.242714e+00,-7.645444e-01
5.709613e+00,2.213183e+00,9.615294e+00,6.678476e+00,7.802229e-01,-7.967868e-01
3.945002e+00,2.176694e+00,1.307855e+01,7.628631e+00,4.019183e-01,-6.055558e-01
3.192898e+00,3.468304e+00,1.234193e+01,8.101439e+00,1.815273e-01,-3.329396e-01
2.361829e+00,5.835799e+00,1.255737e+01,8.040304e+00,-6.403972e-02,1.568954e-02
-1.841138e+00,7.644579e+00,1.084187e+01,6.922869e+00,-1.264485e-01,9.894619e-02
-7.696987e+00,-4.389743e+00,5.366058e+00,4.771107e+00,1.344207e+00,5.133350e-02
-4.057889e+00,-7.027260e+00,3.861637e+00,1.777862e+00,2.322453e+00,3.669359e-01
7.073757e+00,-6.316081e+00,4.351677e+00,-2.581456e+00,1.387431e+00,3.008168e-01
3.091917e+00,1.654351e+01,3.214834e+00,-4.329227e+00,-1.183962e-01,-3.258612e-01
-1.026858e+00,1.579113e+01,9.205325e+00,-2.353224e+00,-1.111474e+00,-4.936298e-01
-1.524428e+01,-7.399213e+00,1.271906e+01,-3.385058e+00,-1.274238e+00,-1.163444e+00
-2.847743e+00,1.526495e+00,1.650653e+01,-3.521587e+00,1.967881e+00,5.975526e-01
-1.359381e+00,1.819423e+01,1.733929e+01,-2.669437e+00,1.975546e+00,-1.046949e-02
2.359924e+00,7.701105e+00,9.143870e+00,-1.302928e+00,1.119939e+00,3.693894e-01
2.503887e-01,6.962693e+00,7.421809e+00,-1.259424e+00,1.153735e+00,3.161050e-01
6.972569e+00,1.258351e+01,6.635540e+00,-8.834007e-01,1.210611e+00,1.904940e-01
6.358259e+00,1.098666e+01,4.996547e+00,-7.729257e-01,5.076864e-02,-1.051331e-01
1.865981e+00,1.000518e+01,3.469965e+00,-7.159066e-01,-9.300437e-01,-3.577739e-01
-7.424586e-01,1.129438e+01,2.822525e+00,-6.872375e-01,-1.142732e+00,-4.619252e-01
-1.780237e+00,9.777987e+00,1.137987e+00,-7.332313e-01,-9.351538e-01,-4.237336e-01
-1.924117e+00,7.855112e+00,-1.163799e-01,-9.181137e-01,-8.464779e-01,-3.696646e-01
-7.747963e-01,7.395083e+00,7.126622e-01,-1.251096e+00,-8.871673e-01,-4.138003e-01
-5.529830e-01,7.943328e+00,2.067065e+00,-1.457337e+00,-1.055055e+00,-4.758694e-01
-6.407512e-01,7.314133e+00,3.118786e+00,-1.629564e+00,-8.968479e-01,-3.912187e-01
6.865754e-01,8.103553e+00,2.512283e+00,-1.854270e+00,-5.893288e-01,-1.579470e-01
1.682175e+00,8.802258e+00,-8.313362e-02,-2.281073e+00,-6.791050e-01,-3.461498e-02
3.564094e+00,1.129662e+01,-1.661455e+00,-2.757127e+00,-1.012826e+00,-2.527250e-02
4.381498e+00,1.185754e+01,-8.174540e-01,-3.290655e+00,-1.444854e+00,4.306530e-02
7.253526e+00,1.200188e+01,-1.170663e+00,-3.705289e+00,-1.683321e+00,-1.476859e-02
5.277657e+00,1.395380e+01,-2.063896e+00,-4.394009e+00,-3.277391e+00,-2.714896e-01
-3.095081e+00,1.663879e+01,7.175728e+00,-4.925523e+00,-4.326022e+00,-4.083769e-01
-1.433002e+01,3.050898e+01,1.902709e+01,-4.009916e+00,-3.271608e+00,-2.987914e-01
-9.710343e+00,8.676413e+00,1.923019e+01,-1.867394e+00,-4.900398e-01,5.975533e-01
6.681489e+00,1.093294e+01,1.203554e+01,-1.255195e+00,2.218847e+00,6.037913e-01
9.116548e+00,1.162745e+01,1.145673e+01,7.123032e-01,1.578015e+00,9.481494e-02
4.609495e+00,3.751674e+00,9.167294e+00,2.285291e+00,1.005188e+00,-4.838687e-01
3.632872e+00,2.431873e+00,8.211436e+00,3.283390e+00,1.108205e+00,-9.702363e-01
3.048927e+00,2.177652e+00,8.844929e+00,4.626625e+00,1.335869e+00,-1.383197e+00
3.413083e+00,1.945588e+00,9.048535e+00,5.385090e+00,1.379113e+00,-1.336192e+00
4.403081e+00,2.455821e+00,9.462880e+00,6.584146e+00,1.152232e+00,-1.217257e+00
5.402941e+00,1.710290e+00,1.184093e+01,7.356541e+00,7.065029e-01,-1.168655e+00
6.097441e+00,4.795810e+00,1.245388e+01,7.846797e+00,-1.887378e-01,-1.042094e+00
4.883535e+00,4.939693e+00,1.297691e+01,7.769322e+00,-8.626424e-01,-1.064958e+00
-4.825430e+00,4.125760e+00,9.283505e+00,6.016870e+00,-8.519619e-01,-1.073238e+00
-1.439112e+01,-5.492136e+00,6.582435e+00,3.606966e+00,1.308187e+00,-3.744650e-01
-3.233112e+00,-9.757683e+00,8.500463e+00,2.590875e-02,3.797358e+00,8.316925e-01
6.317265e+00,-7.038787e+00,9.664051e+00,-2.922463e+00,3.935631e+00,1.230439e+00
2.245927e+01,3.911456e+01,-1.415306e+01,-8.429706e-01,2.738691e+00,1.328054e+00
1.031254e+01,2.328735e+01,1.144453e+01,-8.814132e-01,-9.765319e-02,-1.096999e+00
4.272187e-01,-4.112445e+00,1.318043e+01,-3.075341e+00,1.826200e+00,4.032050e-01
3.319431e+00,1.020037e+01,1.378917e+01,-2.838652e+00,1.612707e+00,9.181252e-02
3.089165e-01,1.467878e+01,7.986119e+00,-1.488447e+00,-6.912572e-01,-4.892440e-01
-2.825193e-01,4.946199e+00,6.908681e+00,-1.380816e+00,-7.414035e-01,-1.679240e-01
-4.262794e+00,1.085503e+01,5.771716e+00,-1.198700e+00,5.550951e-01,1.584034e-01
1.084489e+00,1.157396e+01,5.112977e+00,-1.062773e+00,1.164866e+00,3.283849e-01
4.472087e+00,8.842294e+00,2.718895e+00,-9.481412e-01,-1.304827e-01,-2.419567e-02
1.734786e+00,8.296081e+00,2.628045e+00,-1.009610e+00,-8.306097e-01,-2.131805e-01
1.373572e-01,1.009001e+01,1.845286e+00,-1.093923e+00,-1.090454e+00,-3.200001e-01
2.081581e-01,9.141907e+00,1.165591e+00,-1.232175e+00,-1.190248e+00,-3.702718e-01
-2.149826e-01,8.049260e+00,7.157231e-01,-1.550630e+00,-1.339962e+00,-3.916165e-01
-5.148124e-01,8.416619e+00,2.627818e+00,-1.662968e+00,-1.276462e+00,-3.308519e-01
-1.647796e+00,9.083008e+00,5.209632e+00,-1.610361e+00,-9.502414e-01,-2.045880e-01
-7.219783e-02,8.916292e+00,2.204429e+00,-1.663158e+00,-5.919539e-01,-8.877963e-03
2.521047e+00,9.933667e+00,-8.962865e-01,-2.102496e+00,-5.451729e-01,1.528039e-01
2.613381e+00,1.070359e+01,-3.513385e-01,-2.579490e+00,-8.516581e-01,1.548590e-01
2.032438e+00,1.130061e+01,8.735648e-01,-3.018936e+00,-9.120957e-01,3.215851e-01
5.634900e+00,1.100312e+01,2.782004e-01,-3.335360e+00,-8.958456e-01,3.826232e-01
6.365450e+00,1.521622e+01,-2.846556e+00,-3.886202e+00,-2.137448e+00,1.646938e-01
-7.989415e-01,1.342355e+01,3.143759e+00,-4.400975e+00,-3.226971e+00,-2.148881e-01
-7.679658e+00,2.547992e+01,1.583486e+01,-4.494805e+00,-3.266294e+00,-2.785807e-02
-1.237588e+01,2.549072e+01,1.637886e+01,-2.622716e+00,-1.997867e+00,2.194430e-01
-2.655632e+00,3.527115e+00,1.732780e+01,-1.169016e+00,1.310833e+00,8.724149e-01
5.209583e+00,1.105704e+01,9.897460e+00,-2.472332e-01,1.909181e+00,7.606246e-01
4.410783e+00,6.844834e+00,1.160250e+01,1.666823e+00,1.399402e+00,2.603877e-01
3.008555e+00,4.113157e+00,8.744906e+00,2.764305e+00,1.260049e+00,9.133583e-02
3.309750e+00,2.831501e+00,9.215249e+00,4.151363e+00,1.365962e+00,-5.355674e-01
3.569933e+00,2.659952e+00,9.549981e+00,5.102084e+00,1.304747e+00,-6.877778e-01
4.023614e+00,2.017647e+00,9.725798e+00,6.098935e+00,1.002121e+00,-7.180957e-01
4.426619e+00,2.356478e+00,1.011943e+01,6.945653e+00,5.743174e-01,-8.072283e-01
4.430035e+00,2.291849e+00,1.433309e+01,7.860796e+00,2.911628e-02,-9.858453e-01
4.440509e+00,7.045700e+00,1.348186e+01,8.065650e+00,-2.338150e-01,-1.000261e+00
-4.358619e+00,5.065181e+00,8.568584e+00,7.203467e+00,-3.613755e-01,-1.333455e+00
-1.101847e+01,-8.175313e-02,6.986246e+00,5.100975e+00,6.701313e-01,-9.134420e-01
-1.040524e+01,-7.108032e+00,7.833430e+00,1.299823e+00,3.356020e+00,4.233850e-01
1.810267e+00,-8.727307e+00,7.080465e+00,-1.121494e+00,4.070243e+00,9.004839e-01
8.358199e+00,2.512007e+01,5.624817e+00,-3.519061e+00,2.435964e+00,8.364887e-01
2.009462e+01,2.866978e+01,-1.501830e+00,-1.087780e+00,3.754417e-01,-4.346403e-02
-8.585058e+00,-1.443716e+00,1.234715e+01,-3.036315e+00,-3.874783e-01,-4.603103e-01
-4.397414e+00,3.562986e+00,1.260510e+01,-2.868232e+00,1.607226e+00,4.312734e-01
1.432561e+00,1.966343e+01,1.182525e+01,-1.900199e+00,1.372245e+00,-2.299289e-01
3.796908e+00,9.098438e+00,6.443843e+00,-1.090032e+00,5.700922e-01,8.186118e-02
-3.346911e+00,9.523171e+00,5.942605e+00,-1.208672e+00,9.415300e-01,2.077716e-01
2.965887e+00,1.251452e+01,5.342542e+00,-8.939991e-01,1.733701e+00,3.408917e-01
4.615265e+00,9.437095e+00,3.804731e+00,-7.948660e-01,5.477559e-01,-5.583073e-02
2.372962e+00,8.928469e+00,4.089286e+00,-7.698221e-01,-1.830543e-01,-1.945998e-01
1.191616e+00,1.074540e+01,2.790672e+00,-7.642614e-01,-3.693187e-01,-2.398551e-01
1.975601e+00,1.081000e+01,1.838938e+00,-8.341133e-01,-5.869950e-01,-3.128552e-01
9.516532e-01,8.244275e+00,-1.425781e-02,-1.043088e+00,-1.347465e+00,-5.225751e-01
-3.561847e+00,6.923170e+00,6.701497e-01,-1.326012e+00,-1.559590e+00,-5.401293e-01
-1.771246e+00,7.480528e+00,2.673094e+00,-1.541795e+00,-9.876561e-01,-3.355518e-01
-1.946094e-01,8.261584e+00,3.282538e+00,-1.674287e+00,-5.668691e-01,-1.831417e-01
1.016330e+00,7.969149e+00,7.875804e-01,-1.921406e+00,-4.846530e-01,-4.072085e-02
1.609560e+00,8.743915e+00,-3.881606e-01,-2.308521e+00,-6.309791e-01,6.326707e-03
3.329677e+00,9.905806e+00,-6.922568e-01,-2.933061e+00,-1.150747e+00,-2.055391e-02
9.418425e-01,9.646097e+00,1.751141e+00,-3.249778e+00,-1.326050e+00,5.977340e-02
5.881722e+00,1.231053e+01,8.728220e-02,-3.697321e+00,-1.279290e+00,2.687114e-01
7.168397e+00,1.636789e+01,-2.561515e+00,-4.114714e+00,-2.175933e+00,8.284129e-02
-3.190364e+00,1.353938e+01,8.463411e+00,-4.600782e+00,-3.636186e+00,-3.114872e-01
-4.631510e+00,2.142489e+01,1.487814e+01,-4.540334e+00,-3.037970e+00,-1.813590e-01
-8.337427e+00,1.857090e+01,1.558528e+01,-1.838492e+00,-8.622436e-01,2.741836e-02
2.199341e+00,3.074935e+00,1.657423e+01,-9.487456e-01,1.005270e+00,1.573429e-01
7.304815e+00,1.023824e+01,8.694240e+00,-7.091916e-02,1.119451e+00,-2.282239e-01
4.317150e+00,7.142101e+00,1.028392e+01,1.435832e+00,6.674483e-01,-8.617271e-01
2.551396e+00,4.302136e+00,8.244527e+00,3.046867e+00,8.630104e-01,-1.047334e+00
3.213687e+00,2.889697e+00,8.619543e+00,4.066946e+00,1.152869e+00,-1.295953e+00
3.791499e+00,3.091104e+00,8.803658e+00,5.197035e+00,1.188509e+00,-1.305641e+00
3.922747e+00,3.450303e+00,9.618929e+00,6.066351e+00,1.001505e+00,-1.239183e+00
4.332057e+00,3.383591e+00,1.148465e+01,7.160431e+00,6.824935e-01,-1.131135e+00
5.301192e+00,4.645741e+00,1.358505e+01,7.704887e+00,2.454144e-01,-9.433448e-01
5.547387e+00,1.016326e+01,1.135091e+01,7.927122e+00,-3.486116e-01,-6.526774e-01
9.439272e-01,6.840176e+00,1.082702e+01,7.322323e+00,-5.948890e-01,-9.513851e-01
-1.343763e+01,-5.938957e-01,4.841017e+00,4.533730e+00,1.268870e+00,-4.422744e-01
-6.808778e+00,-8.714920e+00,2.985438e+00,2.082054e+00,3.631867e+00,5.157227e-01
4.275999e+00,-7.249314e+00,6.152075e+00,-1.898304e+00,3.986423e+00,1.259481e+00
6.971602e+00,-3.099884e+00,9.676026e+00,-4.226926e+00,2.795085e+00,6.817908e-01
3.069425e+01,3.735636e+01,-3.619414e+00,-3.945342e-01,5.489389e-01,1.917004e-01
-9.959227e-01,-7.880119e+00,2.741675e+00,-2.176008e+00,-2.385419e+00,-1.697262e+00
-8.985820e+00,4.846071e+00,1.306673e+01,-3.283840e+00,-5.917457e-02,-1.140695e-02
-8.343792e+00,1.745875e+01,1.315181e+01,-2.655954e+00,1.500049e+00,1.113827e-01
3.914608e+00,7.678567e+00,6.160285e+00,-1.423851e+00,1.549742e+00,4.261548e-01
3.164410e+00,6.888040e+00,5.624392e+00,-1.416280e+00,9.669289e-01,1.790183e-01
2.246141e+00,1.077396e+01,4.426640e+00,-1.174463e+00,6.315442e-01,6.500921e-02
3.083362e+00,9.904852e+00,4.411150e+00,-1.197890e+00,2.351509e-01,-8.353172e-02
2.031317e+00,9.267450e+00,4.586772e+00,-1.181886e+00,-3.817795e-01,-1.504709e-01
1.055186e+00,1.053640e+01,4.164814e+00,-1.114544e+00,-4.921603e-01,-1.886629e-01
1.204342e+00,9.805395e+00,2.912040e+00,-1.036401e+00,-6.997199e-01,-2.931427e-01
4.813305e-01,9.602294e+00,2.201495e+00,-1.104521e+00,-9.731241e-01,-3.311221e-01
-1.859367e+00,7.952844e+00,2.098465e+00,-1.231198e+00,-1.076779e+00,-3.387168e-01
-2.126722e+00,7.861311e+00,2.742965e+00,-1.346128e+00,-8.246208e-01,-2.302876e-01
-8.098134e-01,7.650000e+00,3.906881e+00,-1.405017e+00,-4.749982e-01,-9.454138e-02
9.250785e-01,7.854014e+00,3.368429e+00,-1.503983e+00,-2.905269e-01,2.919321e-03
1.257850e+00,8.292097e+00,1.018357e+00,-1.768761e+00,-2.073090e-01,1.655540e-01
2.501869e+00,9.083684e+00,-3.716511e-01,-2.148003e+00,-3.516209e-01,1.471845e-01
4.515932e+00,8.716718e+00,-4.974917e-01,-2.703099e+00,-9.268445e-01,3.407835e-02
4.489231e+00,9.470546e+00,2.052606e-01,-3.226799e+00,-1.397331e+00,5.567791e-02
7.278898e+00,1.154534e+01,-2.005721e+00,-3.882444e+00,-1.982775e+00,6.803328e-03
5.413688e+00,1.535957e+01,-8.432330e-01,-4.291438e+00,-3.078941e+00,-1.902531e-01
-8.494690e+00,2.041651e+01,1.578441e+01,-4.732468e+00,-4.166253e+00,-2.755094e-01
-1.267975e+01,2.650922e+01,2.004414e+01,-3.954450e+00,-2.717469e+00,3.342174e-01
-8.537109e+00,9.947487e+00,1.734965e+01,-1.312395e+00,7.501670e-01,1.176608e+00
3.026049e+00,3.630700e+00,1.744744e+01,-5.281188e-01,2.370593e+00,1.200119e+00
8.566665e+00,8.855856e+00,1.023916e+01,1.158666e+00,1.716045e+00,8.022590e-01
5.096290e+00,4.388472e+00,1.123095e+01,2.669802e+00,1.052189e+00,2.403425e-01
3.547503e+00,1.863694e+00,8.712938e+00,4.283375e+00,8.412153e-01,4.688994e-02
3.004028e+00,1.030940e+00,9.710940e+00,5.256509e+00,9.118132e-01,-2.165303e-01
2.829982e+00,1.896111e+00,1.135036e+01,6.299093e+00,1.081248e+00,-2.479381e-01
3.076259e+00,1.126095e+00,1.195991e+01,7.181437e+00,1.050732e+00,-1.715879e-01
2.075937e+00,2.652829e+00,1.188566e+01,7.800164e+00,1.210025e+00,-3.526366e-02
-1.729752e-01,8.360579e-01,1.375693e+01,7.572001e+00,1.478940e+00,2.822256e-01
-1.304501e+00,7.075729e+00,1.015685e+01,6.384875e+00,1.816128e+00,1.349958e+00
-3.579732e+00,2.981282e+00,9.045164e+00,5.256430e+00,2.330247e+00,1.289267e+00
-5.901088e-01,-2.894279e+00,4.011166e+00,2.877632e+00,3.653447e+00,1.119417e+00
9.359524e+00,1.540530e+00,-1.220739e+00,5.010714e-01,3.002873e+00,8.373963e-01
1.059204e+01,4.365311e+00,-5.328657e-01,-1.569915e+00,3.021360e-02,-3.561832e-01
9.408411e+00,1.850196e+01,2.619369e+00,-2.795216e+00,-1.589848e+00,-1.005785e+00
-2.185533e+00,8.822496e+00,6.941815e+00,-2.127393e+00,-2.904101e+00,-2.011539e+00
-9.026142e+00,2.140742e+00,1.241503e+01,-2.466991e+00,-1.375606e+00,-1.249694e+00
-3.888879e+00,9.827442e+00,1.179272e+01,-2.327977e+00,8.867612e-01,-1.179054e-01
4.900280e-01,1.404554e+01,5.396096e+00,-1.560104e+00,1.752646e+00,-1.599680e-02
9.355532e-01,9.094573e+00,1.896291e+00,-9.177819e-01,1.603212e+00,-3.958156e-02
3.028530e+00,7.916387e+00,2.952668e+00,-1.228080e+00,1.151871e+00,-1.357757e-01
3.191166e+00,9.977141e+00,1.566451e+00,-1.204119e+00,3.506725e-01,-3.798391e-01
-6.302396e-01,8.550075e+00,2.662767e+00,-1.258318e+00,-2.232356e-01,-4.680633e-01
-1.423829e+00,8.795246e+00,3.763388e+00,-1.339481e+00,9.581494e-02,-2.809241e-01
-8.203181e-03,8.899122e+00,4.143429e+00,-1.357477e+00,2.376600e-01,-1.767457e-01
4.882585e-01,8.792235e+00,4.616423e+00,-1.368555e+00,1.426766e-01,-1.039316e-01
6.781580e-01,8.640459e+00,4.834933e+00,-1.305241e+00,-5.187850e-02,-1.201049e-01
1.981008e-01,8.998350e+00,5.194609e+00,-1.310343e+00,-1.435230e-01,-3.729786e-02
-6.413547e-01,8.578645e+00,6.069783e+00,-1.222195e+00,4.212020e-02,6.494899e-02
6.962828e-01,8.852420e+00,4.939225e+00,-1.195758e+00,3.691862e-01,1.953521e-01
1.646064e+00,8.686516e+00,3.053034e+00,-1.311450e+00,4.879150e-01,2.408230e-01
1.126322e+00,8.713669e+00,3.738742e+00,-1.459338e+00,5.294822e-01,3.418021e-01
7.802905e-01,7.361346e+00,3.813315e+00,-1.616210e+00,8.021173e-01,4.602505e-01
6.430786e+00,8.486420e+00,-2.814331e+00,-2.118809e+00,8.617381e-01,4.507842e-01
1.276315e+01,1.094064e+01,-7.886397e+00,-3.094305e+00,8.129344e-02,2.471286e-01
1.404876e+01,2.548858e+01,3.440821e+00,-4.408765e+00,-3.454238e+00,1.636203e-01
-8.827779e+00,1.588301e+01,1.573345e+01,-3.572790e+00,-4.924143e+00,2.549330e-01
-1.869855e+01,1.190741e+01,1.952881e+01,-2.298530e+00,-2.355570e+00,1.213902e+00
-1.874680e+01,4.277144e+00,1.731688e+01,-8.580252e-01,9.369767e-01,2.831402e+00
-6.512014e+00,-4.347486e+00,1.593929e+01,4.557067e-01,4.613924e+00,4.503624e+00
9.672394e-01,1.004207e-01,9.923947e+00,1.188453e+00,5.023085e+00,4.728944e+00
6.220045e+00,-3.253631e-01,8.015425e+00,2.323716e+00,3.893625e+00,4.389519e+00
7.387313e+00,-2.169993e+00,6.376835e+00,2.942295e+00,2.273073e+00,4.092957e+00
7.081836e+00,-4.638150e-01,6.473369e+00,3.655894e+00,2.110856e-01,3.366288e+00
4.578507e+00,3.908438e+00,8.031262e+00,4.375937e+00,-1.033356e+00,2.700916e+00
-2.832790e+00,6.451695e+00,1.158760e+01,5.226415e+00,-1.663710e+00,1.977181e+00
-9.877303e+00,6.589138e+00,1.337452e+01,5.882124e+00,-4.523686e-01,1.759480e+00
-2.375064e+01,6.018668e+00,1.596386e+01,6.046664e+00,4.434775e+00,3.238022e+00
-1.392356e+01,-4.131862e+00,2.000404e+01,5.581866e+00,9.189815e+00,4.718301e+00
-7.688386e-01,-7.834103e-01,1.821239e+01,3.887031e+00,1.196202e+01,5.540042e+00
1.919491e+01,5.597004e+00,1.512573e+01,2.773185e+00,1.125330e+01,4.658546e+00
3.058148e+01,-4.423067e+00,-2.422456e+00,1.980222e+00,5.404952e+00,8.699226e-01
1.698140e+01,-2.469585e+00,8.488751e+00,-1.137567e+00,-8.590419e-01,-6.990438e-01
1.062894e+00,2.062660e+01,1.261170e+01,-4.095922e-01,-4.015784e+00,-2.574880e+00
-9.013682e+00,4.847469e+00,8.096870e+00,-2.051637e-02,-3.909803e+00,-1.770798e+00
-2.107060e+01,6.680996e+00,8.845498e+00,-3.471437e-01,4.076965e-01,-4.928029e-01
-9.323002e+00,9.475838e+00,8.557816e+00,2.808772e-01,3.626015e+00,8.148612e-01
8.657314e+00,9.759187e+00,6.530113e+00,4.781799e-01,4.255364e+00,1.069858e+00
1.147459e+01,8.216911e+00,5.014254e+00,5.150905e-01,2.814942e+00,8.214117e-01
6.634992e+00,7.755926e+00,4.197764e+00,3.366586e-01,7.671423e-01,1.909171e-01
1.822207e+00,9.298866e+00,4.480000e+00,3.327690e-01,8.509677e-03,-4.337566e-02
-3.672198e-01,8.045190e+00,4.292132e+00,3.453353e-01,-2.514840e-02,-6.837952e-02
-1.110358e-01,7.865508e+00,3.519723e+00,2.959407e-01,2.297244e-01,3.720000e-02
9.843959e-01,8.825858e+00,2.838289e+00,1.646855e-01,4.143783e-01,1.221797e-01
1.102525e+00,8.663011e+00,2.765631e+00,5.627994e-02,3.773448e-01,1.247135e-01
7.645992e-04,8.570765e+00,3.016024e+00,-8.155253e-02,4.409711e-01,1.717571e-01
-3.745169e-02,8.406053e+00,3.749540e+00,-1.615230e-01,6.190163e-01,2.401798e-01
7.181125e-02,8.754511e+00,4.462880e+00,-2.078188e-01,8.390562e-01,3.539520e-01
8.505723e-01,8.468359e+00,5.043549e+00,-1.631733e-01,9.036159e-01,3.779094e-01
1.979914e+00,8.527306e+00,4.604461e+00,-1.928824e-01,8.302268e-01,4.208105e-01
2.163103e+00,8.656192e+00,4.745374e+00,-1.715839e-01,6.200868e-01,3.852141e-01
1.784296e+00,8.554088e+00,5.170138e+00,-1.691383e-01,3.519394e-01,3.403856e-01
2.001674e+00,8.331584e+00,4.936516e+00,-1.494198e-01,2.101312e-01,3.407626e-01
2.810439e+00,8.638450e+00,4.346641e+00,-1.840640e-01,4.403853e-02,2.944520e-01
2.872039e+00,8.794934e+00,3.889711e+00,-2.282501e-01,-3.873320e-01,1.941466e-01
-5.427903e-01,8.250199e+00,2.973855e+00,-3.725705e-01,-6.818366e-01,2.215707e-01
-4.241026e+00,7.921920e+00,1.526677e+00,-4.957121e-01,-5.215007e-01,3.945166e-01
-2.557625e+00,8.279424e+00,-1.149119e+00,-9.530165e-01,5.090621e-01,9.343473e-01
3.145465e+00,9.110943e+00,-1.540888e+00,-1.537231e+00,5.629843e-01,1.138715e+00
5.715353e+00,1.122136e+01,2.060413e+00,-2.304919e+00,-7.797461e-01,1.182638e+00
2.717309e+00,1.660491e+01,4.240598e+00,-2.728460e+00,-1.601247e+00,1.069353e+00
-5.866188e+00,1.856577e+01,5.801439e+00,-2.381894e+00,-1.267455e+00,9.456508e-01
-1.078608e+01,1.500058e+01,9.167022e+00,-1.692154e+00,2.399661e-01,1.208044e+00
-5.476626e+00,5.348981e+00,1.320945e+01,-1.149425e+00,2.267821e+00,1.645600e+00
3.545913e+00,1.240392e+01,6.533092e+00,-1.235105e+00,3.551470e+00,2.367752e+00
-2.490648e+00,1.064625e+01,9.058559e+00,4.494667e-01,3.225561e+00,1.550081e+00
-1.663107e+00,5.975913e+00,9.165354e+00,1.393930e+00,3.820821e+00,1.457809e+00
6.901060e+00,8.021786e+00,8.227751e+00,2.529911e+00,3.715139e+00,1.349394e+00
1.152711e+01,7.074829e+00,6.767730e+00,3.468306e+00,2.281815e+00,1.184601e+00
9.546521e+00,5.974708e+00,6.093742e+00,4.221167e+00,-6.384219e-01,3.364422e-01
2.427141e+00,6.732143e+00,7.922952e+00,4.654180e+00,-1.452940e+00,-3.592027e-01
-2.187233e+00,7.399737e+00,7.690570e+00,5.005004e+00,-8.698393e-01,-8.126117e-01
-3.809548e+00,7.350000e+00,7.707355e+00,5.166542e+00,2.845918e-01,-8.252810e-01
-1.798579e+00,8.225701e+00,6.955852e+00,5.188465e+00,1.912229e+00,-3.239376e-01
4.579294e-01,9.402630e+00,5.953147e+00,5.083086e+00,2.373096e+00,1.628990e-01
2.458594e+00,7.177842e+00,4.763661e+00,4.743060e+00,2.376749e+00,5.838666e-01
3.212070e+00,5.424574e+00,1.352209e+00,4.012972e+00,2.157323e+00,6.633333e-01
1.556137e+00,3.579814e+00,-3.757947e-01,2.764521e+00,1.738705e+00,5.730816e-01
1.937188e+00,1.295658e+00,-3.300000e+00,1.234459e+00,1.484641e+00,3.758108e-01
3.169834e+00,9.691478e-01,-1.004664e+00,-7.467133e-01,5.897791e-01,5.487257e-02
2.424327e+00,2.661591e+00,1.812766e+00,-2.193818e+00,-2.023050e-01,-3.002130e-01
1.556352e+00,3.008354e+00,7.501246e+00,-3.375926e+00,-8.902389e-01,-9.068148e-01
1.522198e+01,3.539304e+01,-1.959807e+00,-1.462544e+00,-3.449814e-01,1.061817e-01
-7.727181e+00,-6.715552e-01,-8.725387e-01,-9.779771e-01,-8.284196e-01,-1.041678e+00
-3.774525e+00,6.370962e+00,6.157094e+00,-1.946645e+00,1.216401e+00,1.770861e-01
-8.469200e-01,1.488862e+01,8.061417e+00,-2.375194e+00,1.464280e+00,1.197605e-01
-4.475598e-01,1.406678e+01,9.062885e+00,-1.842691e+00,9.722416e-01,-6.515330e-01
4.937655e+00,4.396511e+00,4.050757e+00,-1.327456e+00,-1.350215e-01,-4.706532e-01
1.237427e+00,1.036619e+01,4.321143e+00,-1.387987e+00,-4.557230e-01,-4.931656e-01
-4.889583e+00,9.427500e+00,4.550972e+00,-1.154262e+00,3.895165e-01,-1.877806e-01
-3.811633e+00,9.277822e+00,4.940854e+00,-1.076876e+00,1.388121e+00,9.941254e-02
5.706405e+00,1.034761e+01,2.893793e+00,-8.680483e-01,1.135367e+00,6.415778e-03
6.220703e+00,8.550113e+00,2.820197e+00,-8.137650e-01,-1.004643e-01,-3.339883e-01
6.783823e-02,9.256086e+00,4.097654e+00,-8.661736e-01,-7.512582e-01,-5.017291e-01
-1.394223e+00,9.444425e+00,3.514761e+00,-8.105525e-01,-4.538615e-01,-4.532900e-01
-8.529259e-01,8.980383e+00,2.291148e+00,-8.414260e-01,-3.064903e-01,-3.797733e-01
-5.541032e-01,8.228675e+00,1.750727e+00,-9.284930e-01,-2.436480e-01,-3.509843e-01
5.953634e-01,8.895363e+00,1.696499e+00,-1.163965e+00,-2.444795e-01,-3.126216e-01
7.700000e-01,8.729973e+00,2.088413e+00,-1.335213e+00,-4.122642e-01,-3.664715e-01
7.594030e-01,8.790704e+00,4.078145e+00,-1.535725e+00,-7.518333e-01,-4.381808e-01
5.542046e-01,9.236379e+00,4.098581e+00,-1.609717e+00,-9.037332e-01,-4.096266e-01
1.590458e+00,8.406435e+00,2.841230e+00,-1.771924e+00,-9.910657e-01,-2.966894e-01
1.236353e+00,9.077732e+00,2.228252e+00,-2.014336e+00,-1.149779e+00,-2.323402e-01
4.126727e-01,9.690670e+00,1.817558e+00,-2.448111e+00,-1.372791e+00,-1.938122e-01
2.267955e+00,9.441177e+00,1.346763e+00,-2.856451e+00,-1.378718e+00,-1.569525e-01
6.689923e+00,1.187449e+01,5.602073e-01,-3.467544e+00,-1.784624e+00,-1.544617e-01
8.276649e+00,1.710287e+01,-2.643585e+00,-4.038071e+00,-2.556340e+00,-2.196544e-01
-7.775366e-01,1.557508e+01,3.530282e+00,-4.404511e+00,-4.129674e+00,-2.113665e-01
-8.959877e+00,1.838852e+01,1.485911e+01,-4.418425e+00,-3.665533e+00,1.481165e-01
-1.116572e+01,1.681823e+01,1.626901e+01,-2.633373e+00,-9.762703e-01,7.261070e-01
-7.055297e+00,7.329621e+00,1.587724e+01,-1.172344e+00,1.239252e+00,1.199435e+00
4.058235e+00,9.656599e+00,7.825067e+00,-1.302262e-02,2.010681e+00,1.209396e+00
3.625583e+00,7.831499e+00,9.398464e+00,2.098779e+00,1.550480e+00,6.127422e-01
3.851929e+00,2.742283e+00,9.004343e+00,3.685100e+00,9.967654e-01,3.135915e-01
3.867605e+00,2.993301e+00,7.960680e+00,4.621484e+00,6.058260e-01,1.745854e-01
1.937740e+00,3.457502e+00,1.027658e+01,5.915057e+00,2.272799e-01,-1.663175e-01
1.006855e-01,3.356553e+00,1.101966e+01,6.652885e+00,2.995864e-01,-3.228756e-01
-7.108965e-01,3.662745e+00,1.375694e+01,7.541942e+00,7.685251e-01,-4.600946e-01
2.377914e+00,6.309816e+00,1.326375e+01,7.973244e+00,1.279108e+00,-3.585798e-01
7.666154e+00,7.522808e+00,1.158236e+01,7.602642e+00,1.104755e+00,-4.802511e-01
3.019582e+00,2.057412e+00,7.823314e+00,6.156719e+00,2.750312e-01,-1.208204e+00
-1.223841e+01,1.408009e+00,7.459226e+00,3.498683e+00,3.313317e-01,-1.083304e+00
-8.227987e+00,-4.187048e+00,4.762794e+00,1.249518e+00,1.704859e+00,-1.791575e-01
2.557258e+00,-2.546229e+00,3.340453e+00,-2.456497e+00,2.007155e+00,3.861088e-02
2.415433e+01,3.239735e+01,-1.622371e+00,-2.255781e+00,2.460328e+00,1.245109e+00
-7.094239e-01,1.505775e+00,7.780966e+00,-2.454212e+00,9.545167e-02,-7.639506e-01
-6.233473e+00,1.410000e+00,1.297941e+01,-2.758393e+00,6.010555e-01,1.071170e-01
-5.591248e+00,1.420869e+01,1.313721e+01,-2.051419e+00,1.707057e+00,1.189582e-01
5.525300e+00,1.615597e+01,8.564920e+00,-1.241589e+00,1.714433e+00,1.726909e-01
6.446033e+00,4.629352e+00,4.467605e+00,-1.233444e+00,4.035968e-01,-6.926676e-02
2.419999e-01,1.206525e+01,4.797381e+00,-1.181252e+00,2.643508e-02,-6.172047e-02
1.341825e+00,1.037296e+01,3.382592e+00,-9.760074e-01,-1.824252e-01,-2.278384e-01
1.104349e+00,9.110725e+00,1.650725e+00,-9.704222e-01,-7.964852e-01,-3.543340e-01
-2.460140e+00,9.053710e+00,1.079337e+00,-1.066481e+00,-6.982630e-01,-2.565933e-01
8.980714e-01,1.003753e+01,1.668274e-01,-1.270828e+00,-3.733598e-01,-1.394791e-01
-4.582735e-01,8.200028e+00,1.123034e+00,-1.476320e+00,-7.359388e-01,-3.145251e-01
-1.075019e+00,8.702529e+00,2.581533e+00,-1.703244e+00,-6.809001e-01,-2.924087e-01
1.512393e+00,8.562248e+00,2.647399e+00,-1.892869e+00,-3.840349e-01,-1.069379e-01
2.721448e+00,7.971448e+00,1.365508e+00,-2.128047e+00,-2.909659e-01,3.707651e-02
1.727011e+00,8.603872e+00,-2.463234e-01,-2.695920e+00,-4.768401e-01,1.416278e-01
1.741027e+00,9.879774e+00,6.647224e-01,-3.163730e+00,-6.787558e-01,1.564505e-01
1.081164e+00,1.003714e+01,1.888215e+00,-3.613867e+00,-8.496567e-01,2.800254e-01
7.387148e+00,1.244852e+01,-1.083629e+00,-4.039404e+00,-1.026015e+00,2.472020e-01
8.435820e+00,1.997522e+01,-3.067348e+00,-4.645455e+00,-2.737022e+00,-1.168182e-01
-1.085270e+00,1.748368e+01,9.663734e+00,-4.819631e+00,-4.594627e+00,-6.788892e-01
-9.638201e+00,2.409712e+01,1.749958e+01,-4.126382e+00,-3.551440e+00,-5.287600e-01
-1.134058e+01,1.648593e+01,1.630416e+01,-1.609709e+00,-1.289401e+00,-3.126701e-01
3.476128e+00,5.961403e+00,1.231180e+01,-6.503208e-01,1.492011e+00,-2.416299e-01
7.031246e+00,1.127466e+01,8.742209e+00,1.072968e+00,1.658413e+00,-5.948579e-01
5.214674e+00,6.155873e+00,1.050143e+01,3.031010e+00,1.363859e+00,-1.035717e+00
4.589181e+00,2.664058e+00,7.923196e+00,4.038004e+00,1.318859e+00,-1.028635e+00
3.845343e+00,2.716123e+00,9.040434e+00,5.285712e+00,1.383340e+00,-1.413324e+00
2.724551e+00,2.822121e+00,9.971664e+00,6.252898e+00,1.482508e+00,-1.319590e+00
3.750935e+00,2.534193e+00,1.178472e+01,7.263121e+00,1.624068e+00,-1.142094e+00
6.792635e+00,3.942002e+00,1.254975e+01,7.875339e+00,1.159439e+00,-7.714190e-01
8.914590e+00,8.789257e+00,1.110607e+01,8.077447e+00,-1.600735e-01,-4.619024e-01
2.576113e+00,5.595899e+00,8.615311e+00,7.239786e+00,-7.596289e-01,-1.157120e+00
-1.944895e+01,5.178276e-01,1.038794e+01,4.769360e+00,5.939984e-01,-8.919078e-01
-1.047988e+01,-9.395879e+00,6.391288e-01,2.409034e+00,3.339053e+00,3.671855e-01
2.133365e+00,-9.876627e+00,4.779872e+00,-2.566602e+00,3.615067e+00,8.247683e-01
1.098046e+01,3.430581e+01,2.142439e+00,-3.260375e+00,2.653971e+00,8.845055e-01
1.406709e+01,2.149180e+01,5.293589e+00,-2.071688e+00,-2.937810e-01,-1.433987e+00
-2.702430e+00,-4.534800e+00,1.250210e+01,-3.472371e+00,-2.752275e-01,-9.966825e-02
-8.416632e+00,9.087512e+00,1.589699e+01,-3.249616e+00,6.116317e-01,-1.709883e-01
-1.697808e+00,2.168646e+01,1.255609e+01,-2.369410e+00,1.200831e+00,1.050781e-01
2.845158e+00,4.091267e+00,6.283994e+00,-1.621267e+00,9.468287e-01,7.862577e-02
9.269598e-01,1.011046e+01,6.096803e+00,-1.549823e+00,7.587433e-01,1.681611e-01
4.860805e+00,1.234717e+01,5.697831e+00,-1.242070e+00,1.856543e-01,-1.202280e-01
1.612283e+00,9.204391e+00,4.992242e+00,-1.138283e+00,-4.978747e-01,-2.546712e-01
5.185710e-01,9.965716e+00,4.357142e+00,-1.000065e+00,-7.098709e-01,-3.211568e-01
-2.862247e-01,1.078566e+01,3.368682e+00,-9.682607e-01,-7.436787e-01,-3.539615e-01
-8.059631e-01,8.671575e+00,1.133507e+00,-1.060551e+00,-6.645355e-01,-3.137568e-01
1.784632e-01,7.582456e+00,3.475204e-01,-1.235010e+00,-7.115681e-01,-3.173669e-01
-1.439165e+00,7.221189e+00,1.314362e+00,-1.580456e+00,-8.684940e-01,-3.384120e-01
-1.192669e+00,7.162165e+00,2.422417e+00,-1.822357e+00,-5.906854e-01,-2.086153e-01
1.408542e+00,8.421783e+00,4.546825e-01,-2.156032e+00,-3.845970e-01,-6.204859e-02
2.506298e+00,8.489589e+00,-5.876709e-01,-2.544607e+00,-5.780250e-01,-6.644144e-02
2.899542e+00,8.754879e+00,3.008087e-01,-3.251828e+00,-1.151623e+00,-6.474382e-02
3.200828e+00,1.040651e+01,4.246747e-01,-3.706447e+00,-1.238901e+00,4.195903e-02
1.200250e+01,1.279607e+01,-4.207401e+00,-4.473377e+00,-1.814625e+00,3.370130e-02
8.050705e+00,1.924891e+01,5.973904e-02,-4.973709e+00,-3.780952e+00,-3.546709e-01
-7.795576e+00,2.213822e+01,1.741842e+01,-4.943261e+00,-5.080307e+00,-4.842737e-01
-1.360807e+01,2.585034e+01,1.898387e+01,-3.084040e+00,-2.522543e+00,9.848035e-02
-5.036434e+00,5.423612e+00,1.928159e+01,-8.599153e-01,1.015766e+00,4.442055e-01
6.605753e+00,1.002505e+01,1.056676e+01,-1.190003e-01,2.067380e+00,3.023743e-01
6.795913e+00,9.485954e+00,1.064129e+01,2.570576e+00,1.490831e+00,-5.097047e-01
5.327074e+00,2.948954e+00,1.016046e+01,3.889308e+00,1.123506e+00,-6.797783e-01
4.375327e+00,1.939196e+00,8.543877e+00,4.968916e+00,9.311888e-01,-9.006970e-01
2.617780e+00,1.087778e+00,1.007667e+01,5.861238e+00,9.389725e-01,-1.213065e+00
1.106935e+00,1.599854e+00,1.065285e+01,6.848217e+00,1.389592e+00,-1.066409e+00
2.327612e+00,1.929265e+00,1.245218e+01,7.656361e+00,1.753570e+00,-9.262164e-01
5.301729e+00,4.058682e+00,1.322218e+01,8.283377e+00,1.506307e+00,-4.680055e-01
9.100475e+00,9.183274e+00,1.085326e+01,8.071593e+00,5.784565e-01,-8.019171e-02
-1.404302e+00,3.453866e+00,5.711880e+00,6.461096e+00,-6.980070e-01,-8.332057e-01
-1.526564e+01,-4.550517e-01,8.431460e+00,4.194370e+00,9.186880e-01,-8.876874e-01
-7.457039e-01,-1.168872e+01,-8.707378e-01,-2.354000e-02,2.723108e+00,4.719545e-01
2.665254e+00,-6.101865e+00,5.819322e+00,-3.118114e+00,2.314811e+00,3.483751e-01
8.933484e+00,3.935390e+01,1.430216e-01,-2.484547e+00,2.016637e+00,1.010005e+00
2.896194e+00,1.179631e+01,2.852462e+00,-9.131050e-01,5.172004e-01,-1.320355e+00
6.184969e-01,-1.858386e+00,1.159201e+01,-3.319872e+00,2.104786e+00,9.189573e-01
1.597695e+00,4.555036e+00,1.055691e+01,-2.876632e+00,2.054426e+00,1.496996e-01
5.586216e+00,1.964890e+01,8.700824e+00,-2.361647e+00,4.912321e-01,-4.196643e-01
3.204565e+00,1.836569e+00,6.283653e+00,-1.862025e+00,-8.008022e-01,-6.103686e-01
-3.051574e+00,9.006994e+00,6.155580e+00,-1.802901e+00,-5.176608e-01,-2.824259e-01
-1.179655e+00,1.331788e+01,6.616901e+00,-1.549850e+00,3.312981e-01,-1.256491e-01
1.003193e+00,7.287771e+00,4.791868e+00,-1.339693e+00,-8.447773e-02,-1.908151e-01
7.008340e-01,7.184146e+00,4.558340e+00,-1.302401e+00,-3.171698e-01,-1.434768e-01
1.020110e+00,1.016148e+01,3.791201e+00,-1.238947e+00,-4.264698e-01,-3.012122e-01
1.692820e+00,9.365111e+00,2.589648e+00,-1.277252e+00,-6.423217e-01,-3.905662e-01
1.714182e-01,8.433941e+00,2.024505e+00,-1.404281e+00,-1.025211e+00,-4.582880e-01
-2.038715e+00,7.899676e+00,2.686457e+00,-1.534739e+00,-1.011018e+00,-4.495717e-01
-1.668665e+00,7.851244e+00,3.310030e+00,-1.694059e+00,-5.757972e-01,-2.794509e-01
3.009617e-02,8.348530e+00,2.647933e+00,-1.898309e+00,-2.766424e-01,-1.108436e-01
2.482234e+00,8.742885e+00,7.219956e-01,-2.266667e+00,-3.865324e-01,-5.481250e-02
2.981008e+00,8.824309e+00,2.860420e-01,-2.742089e+00,-7.542268e-01,-6.132736e-02
2.224485e+00,9.521175e+00,9.611320e-01,-3.393478e+00,-1.127545e+00,-3.768695e-02
7.000086e+00,1.313009e+01,-2.013547e+00,-3.988603e+00,-1.454960e+00,-5.107509e-02
1.005940e+01,2.131356e+01,-2.449143e-01,-4.487959e+00,-2.708400e+00,-2.452422e-01
7.845355e-01,1.968537e+01,9.718107e+00,-4.660441e+00,-4.763394e+00,-5.720084e-01
-1.123019e+01,2.039278e+01,1.753134e+01,-3.790931e+00,-3.674462e+00,-1.371879e-01
-1.588649e+01,1.569082e+01,1.845068e+01,-1.317297e+00,-1.164201e+00,1.425250e-01
-2.468823e+00,1.865320e+00,1.543738e+01,-5.044076e-01,1.875487e+00,7.098729e-01
4.578008e+00,1.117793e+01,1.017808e+01,1.165532e+00,2.303290e+00,7.946492e-01
3.575485e+00,4.399121e+00,1.100445e+01,3.267028e+00,2.108565e+00,3.338985e-01
4.551291e+00,2.365412e+00,9.134588e+00,4.303817e+00,1.932155e+00,8.858202e-02
5.573439e+00,2.093757e+00,9.431082e+00,5.386580e+00,1.612224e+00,-2.632915e-01
5.552283e+00,2.530427e+00,1.009543e+01,6.267516e+00,1.074105e+00,-2.147098e-01
5.800012e+00,1.844613e+00,1.008000e+01,7.347502e+00,2.427363e-01,-4.832546e-01
4.212370e+00,2.317620e+00,1.284096e+01,7.976279e+00,-3.411517e-01,-7.483649e-01
1.766306e+00,6.971100e+00,1.220045e+01,8.237978e+00,-3.296565e-01,-8.548189e-01
-8.146986e-01,1.032486e+01,1.108896e+01,7.816853e+00,1.078231e-01,-9.185370e-01
-1.040911e+01,1.939486e+00,6.227141e+00,5.782304e+00,1.297892e+00,-3.018675e-01
-2.998564e+00,-6.264034e+00,2.830576e-01,3.359286e+00,2.695939e+00,3.111372e-01
5.220919e+00,-1.048017e+01,-2.730816e+00,-6.636351e-01,1.778078e+00,2.842016e-01
6.155565e+00,-5.248588e+00,7.993830e+00,-3.869247e+00,2.234887e-01,-2.539591e-01
5.704456e+00,1.294649e+01,2.108227e+01,-5.345510e+00,-9.907640e-01,-5.493267e-01
1.964061e+01,3.939773e+01,-1.190367e+01,4.741658e-01,-4.026441e-01,5.127629e-01
-2.008569e+01,-5.532807e+00,9.723257e+00,-1.618098e+00,-8.705302e-01,-6.721426e-01
-1.945682e+01,1.939825e+00,2.131025e+01,-3.123795e+00,3.022859e+00,4.939212e-01
1.171120e+01,1.872910e+01,9.803918e+00,-1.499417e+00,3.823383e+00,1.078028e+00
9.620370e+00,2.503501e+00,1.216092e+01,-1.390079e+00,9.833074e-01,-5.134569e-02
6.063731e+00,1.134546e+01,6.327106e+00,-1.118791e+00,-7.292764e-01,-2.079971e-01
-2.359183e-01,1.235550e+01,3.303417e+00,-1.014097e+00,-1.404179e+00,-3.971619e-01
-2.907660e+00,1.090929e+01,-3.291430e-01,-1.032955e+00,-9.063623e-01,-2.977820e-01
-3.159947e+00,7.778347e+00,-6.109392e-01,-1.248448e+00,-6.142413e-01,-2.009798e-01
-1.384886e+00,6.277443e+00,4.113704e-02,-1.538327e+00,-4.295534e-01,-1.861535e-01
1.107828e+00,5.201794e+00,5.066316e-01,-1.850673e+00,-5.731293e-01,-2.322394e-01
6.080696e-01,7.785809e+00,2.515848e+00,-2.201261e+00,-9.878177e-01,-4.316992e-01
1.985400e-01,9.144100e+00,5.305120e+00,-2.189666e+00,-9.629768e-01,-4.323571e-01
6.866623e-01,8.035946e+00,5.006317e+00,-2.174244e+00,-6.480082e-01,-2.011064e-01
7.125058e-01,8.284466e+00,7.959569e-01,-2.353688e+00,-5.499668e-01,-3.291992e-02
2.562704e+00,9.570967e+00,-1.504972e+00,-2.827218e+00,-6.363900e-01,3.678222e-02
4.810100e+00,1.016824e+01,-1.464135e+00,-3.353284e+00,-9.724668e-01,7.726135e-02
8.186594e+00,1.104550e+01,-3.547173e+00,-4.163870e+00,-1.421909e+00,1.522662e-01
1.319525e+01,1.536466e+01,-6.736281e+00,-5.012685e+00,-2.873972e+00,1.746302e-02
-5.457847e+00,2.306841e+01,1.630403e+01,-5.382466e+00,-5.446401e+00,-7.009346e-01
-1.626354e+01,2.842833e+01,2.150810e+01,-4.326821e+00,-4.181963e+00,-1.597021e-01
-1.029367e+01,7.850935e+00,2.077833e+01,-1.306994e+00,6.480211e-02,9.887120e-01
-4.069983e-01,6.498297e+00,1.603113e+01,-5.230183e-01,2.516195e+00,8.860759e-01
8.701549e+00,1.001687e+01,1.238090e+01,2.123094e+00,2.455480e+00,3.561571e-01
9.141192e+00,5.428718e+00,1.066211e+01,3.726290e+00,1.775659e+00,-6.703883e-02
7.835772e+00,1.352884e+00,8.192307e+00,4.825528e+00,9.622156e-01,-5.749253e-01
5.019651e+00,2.205673e+00,8.884675e+00,5.648061e+00,6.404280e-01,-1.121620e+00
3.137987e+00,1.942152e+00,1.066881e+01,6.828294e+00,7.819283e-01,-1.272180e+00
3.071578e+00,1.565757e+00,1.192565e+01,7.632987e+00,1.002734e+00,-1.229107e+00
6.170859e+00,3.583137e+00,1.370809e+01,8.368463e+00,8.030138e-01,-9.272030e-01
8.335587e+00,7.887517e+00,1.067471e+01,8.407274e+00,3.867341e-02,-6.018610e-01
-5.662194e-01,6.793180e+00,8.009576e+00,7.091381e+00,-9.363790e-01,-1.204457e+00
-1.860654e+01,-6.656419e-01,1.064973e+01,4.738144e+00,9.013144e-01,-8.322854e-01
-2.223927e+00,-1.196461e+01,-1.482149e+00,1.401683e+00,3.280175e+00,7.940570e-01
5.318099e+00,-7.863331e+00,3.566036e+00,-2.153592e+00,2.463122e+00,6.058193e-01
4.697541e+00,2.144404e+01,8.404620e+00,-4.537362e+00,8.441181e-01,2.733057e-01
2.264978e+01,3.898581e+01,-4.739164e+00,-8.439502e-01,1.184012e-01,-1.617814e-01
-1.609234e+01,-8.111721e+00,1.131532e+01,-3.159032e+00,-5.595206e-01,-5.533955e-01
-2.349766e+00,1.130575e+00,1.309967e+01,-3.069622e+00,2.612331e+00,9.557009e-01
1.512215e+00,1.555394e+01,1.238437e+01,-2.524037e+00,2.008443e+00,-2.456553e-01
6.110885e+00,1.238874e+01,7.804140e+00,-1.843608e+00,6.238286e-01,2.738162e-03
1.310423e+00,6.367752e+00,4.716351e+00,-1.839852e+00,-2.163138e-01,-1.521882e-01
-1.667032e+00,1.085028e+01,6.360953e+00,-1.656987e+00,6.306511e-02,-1.166744e-01
1.580743e+00,1.051518e+01,5.193072e+00,-1.410668e+00,2.956987e-01,-8.382677e-02
9.249430e-01,7.646517e+00,4.521910e+00,-1.318889e+00,-1.372217e-01,-1.924132e-01
4.792603e-01,9.007974e+00,3.959035e+00,-1.327039e+00,-2.643355e-01,-1.693642e-01
-9.310711e-02,9.109759e+00,3.852670e+00,-1.262222e+00,-2.820445e-01,-2.755556e-01
4.886415e-01,8.405679e+00,3.708034e+00,-1.307170e+00,-3.745307e-01,-3.096963e-01
1.171481e+00,8.530000e+00,3.383280e+00,-1.399340e+00,-5.722508e-01,-3.423182e-01
8.566768e-01,8.520969e+00,3.411453e+00,-1.513565e+00,-7.552459e-01,-3.760677e-01
-5.422937e-01,8.472900e+00,3.156439e+00,-1.639518e+00,-7.260778e-01,-2.760536e-01
-1.224309e+00,8.117944e+00,2.049292e+00,-2.001249e+00,-4.285924e-01,-2.393829e-02
2.485012e+00,9.271340e+00,5.106168e-01,-2.408991e+00,-4.839553e-01,4.257899e-02
4.137251e+00,1.008202e+01,-5.023830e-03,-3.039269e+00,-1.104040e+00,-1.267932e-02
4.818186e+00,1.183782e+01,-2.487000e-01,-3.511239e+00,-1.593481e+00,-8.691344e-02
6.151640e+00,1.587155e+01,-9.462632e-01,-4.125516e+00,-2.645612e+00,-1.749110e-01
1.591712e+00,1.912566e+01,3.879395e+00,-4.423990e+00,-3.932430e+00,-4.166031e-01
-9.305255e+00,1.804107e+01,1.496015e+01,-3.933314e+00,-3.408357e+00,4.366843e-02
-7.982046e+00,2.186932e+01,1.331472e+01,-2.028782e+00,-1.330049e+00,3.144122e-01
-2.178846e+00,-5.900765e-02,2.047267e+01,-5.762704e-01,1.051672e+00,7.368166e-02
6.064310e+00,1.297057e+01,6.116331e+00,2.726271e-01,1.767262e+00,8.627084e-02
6.637463e+00,8.560674e+00,1.089516e+01,2.905787e+00,1.585390e+00,-7.756879e-01
6.029006e+00,3.346464e+00,7.959392e+00,3.967295e+00,1.108962e+00,-8.911289e-01
6.374613e+00,4.750134e+00,8.146953e+00,5.197292e+00,6.462312e-01,-1.258437e+00
3.433857e+00,5.299577e+00,1.153551e+01,6.151176e+00,5.869315e-01,-1.288981e+00
2.490704e+00,3.379844e+00,1.138029e+01,7.072924e+00,9.638236e-01,-1.202564e+00
4.194068e+00,3.487513e+00,1.248073e+01,7.753587e+00,9.872832e-01,-9.760235e-01
5.399718e+00,8.297411e+00,1.165219e+01,8.100753e+00,4.156584e-01,-4.266355e-01
1.705654e+00,6.514218e+00,1.080067e+01,7.712430e+00,-1.063235e-02,-5.914295e-01
-4.330680e+00,8.537179e-01,5.521975e+00,5.674273e+00,6.407067e-01,-3.031404e-01
-6.855917e+00,-6.644133e+00,5.834261e+00,3.677062e+00,1.976528e+00,-7.725693e-02
1.337084e+00,-1.027253e+01,1.458062e+00,-1.081122e+00,2.473890e+00,7.963422e-01
3.393721e+00,-4.769049e+00,7.484014e+00,-3.828223e+00,1.601740e+00,4.193009e-01
2.385991e+01,3.937427e+01,-4.997728e+00,-1.653840e+00,8.959050e-01,4.398310e-01
-1.095797e+01,-6.653474e+00,7.118601e+00,-2.340563e+00,-2.027434e+00,-2.019010e+00
-6.697428e+00,-3.997332e+00,1.360109e+01,-2.959711e+00,1.507673e+00,7.119736e-01
-8.733718e-01,1.044235e+01,1.250760e+01,-2.635227e+00,1.857721e+00,7.972432e-02
3.725682e+00,1.305690e+01,7.339049e+00,-1.780757e+00,1.189455e+00,1.046749e-01
4.498439e+00,3.448232e+00,5.300097e+00,-1.659277e+00,4.807732e-01,6.074351e-04
1.364035e+00,1.093921e+01,4.321228e+00,-1.541375e+00,-7.750805e-02,-1.682176e-01
2.496145e-01,1.105402e+01,4.542763e+00,-1.473838e+00,-9.502248e-02,-1.511767e-01
6.335180e-01,8.169789e+00,3.564639e+00,-1.450699e+00,-3.636587e-01,-1.483215e-01
-5.622634e-01,7.851823e+00,3.374015e+00,-1.477862e+00,-3.730795e-01,-1.374939e-01
-2.609377e-01,9.647001e+00,3.417063e+00,-1.454113e+00,-2.791009e-01,-1.697652e-01
1.255454e-01,8.594648e+00,3.508688e+00,-1.492328e+00,-2.598225e-01,-2.365130e-01
2.299524e+00,8.783046e+00,3.842363e+00,-1.589246e+00,-5.006382e-01,-2.733189e-01
1.203964e+00,8.494054e+00,4.615996e+00,-1.622860e+00,-6.645767e-01,-2.927745e-01
7.106378e-01,9.313351e+00,4.487232e+00,-1.650823e+00,-7.136710e-01,-2.474525e-01
-3.796574e-01,8.415879e+00,2.615492e+00,-1.816643e+00,-6.291752e-01,-1.270484e-01
6.426179e-01,7.694253e+00,4.521408e-01,-2.236632e+00,-5.830859e-01,2.344802e-02
2.689338e+00,8.751250e+00,4.163265e-01,-2.600064e+00,-7.131578e-01,4.397864e-02
2.472745e+00,1.062153e+01,6.484011e-02,-3.431761e+00,-1.428627e+00,-1.121928e-03
5.818010e+00,1.450060e+01,-1.756945e+00,-3.840126e+00,-1.532605e+00,4.295850e-02
7.569998e+00,2.216996e+01,-1.420002e+00,-4.556802e+00,-2.840896e+00,-2.041867e-01
-4.412262e+00,1.847317e+01,1.275642e+01,-4.560763e+00,-4.150007e+00,-3.767305e-01
-1.235270e+01,1.957830e+01,1.761804e+01,-3.168616e+00,-2.409636e+00,2.324469e-01
-1.447300e+01,1.357761e+01,1.901963e+01,-1.337524e+00,-5.706924e-01,3.510453e-01
2.717322e+00,9.013951e+00,1.122002e+01,1.366264e-01,2.555472e+00,9.049137e-01
7.788529e+00,9.382034e+00,1.085873e+01,1.815821e+00,2.537107e+00,4.728725e-01
8.467750e+00,3.691938e+00,9.403500e+00,3.568116e+00,1.853565e+00,-1.388072e-02
7.366543e+00,7.210226e-01,7.626299e+00,4.683045e+00,9.027595e-01,-2.673757e-01
3.876678e+00,1.719420e+00,9.409559e+00,5.480523e+00,3.984258e-01,-7.912216e-01
2.371525e+00,1.808227e+00,9.880177e+00,6.381875e+00,3.920419e-01,-1.033267e+00
2.703744e+00,2.630481e+00,1.234567e+01,7.375888e+00,7.435093e-01,-1.093121e+00
5.538879e+00,5.247012e+00,1.370897e+01,8.199759e+00,7.467516e-01,-8.426450e-01
7.208108e+00,1.339088e+01,9.942148e+00,8.192166e+00,1.116880e-01,-3.402019e-01
-2.143384e+00,2.772557e+00,6.868621e+00,7.163195e+00,-5.443539e-01,-1.048088e+00
-1.146409e+01,-5.448721e+00,8.564118e+00,5.080469e+00,3.727120e-01,-6.967072e-01
-4.175597e+00,-8.714271e+00,-1.188830e+00,1.809019e+00,2.859736e+00,5.272146e-01
6.170102e+00,-7.282125e+00,3.816573e+00,-2.054810e+00,2.427191e+00,5.429074e-01
1.414361e+01,3.467089e+01,8.901702e-01,-3.898893e+00,9.935507e-01,3.592201e-01
6.646801e+00,1.817083e+01,6.087321e+00,-1.033670e+00,-4.083407e-01,-4.033017e-01
-1.186947e+01,-4.347341e+00,1.176891e+01,-2.745824e+00,-1.093142e+00,-6.790647e-01
-1.081692e+01,9.509395e+00,1.595779e+01,-3.056680e+00,1.231070e+00,2.521583e-01
2.129665e+00,1.853467e+01,1.116624e+01,-2.352351e+00,2.571878e+00,3.988885e-01
8.566339e+00,3.056207e+00,4.718268e+00,-1.717743e+00,1.212408e+00,2.232906e-01
5.438720e+00,1.033854e+01,4.339929e+00,-1.747662e+00,2.440048e-01,-4.265405e-02
1.850744e+00,1.108872e+01,4.426786e+00,-1.525393e+00,-6.713362e-01,-3.705758e-01
-1.769239e+00,8.477926e+00,4.287740e+00,-1.480796e+00,-1.224856e+00,-4.656766e-01
-3.321461e+00,8.147535e+00,3.472166e+00,-1.396249e+00,-8.680271e-01,-2.516978e-01
-1.548826e+00,8.957160e+00,2.643300e+00,-1.381454e+00,-1.592602e-01,-6.205570e-02
4.235468e-01,7.905195e+00,2.029909e+00,-1.388652e+00,9.437969e-02,-6.549358e-02
7.819265e-01,7.918073e+00,1.676896e+00,-1.581300e+00,2.758896e-02,-1.353151e-01
2.923041e-01,8.427150e+00,1.659478e+00,-1.844060e+00,-1.081364e-01,-1.892635e-01
9.012351e-01,7.883498e+00,2.494359e+00,-2.064451e+00,-1.349317e-01,-2.376665e-01
2.794914e+00,7.496102e+00,1.458190e+00,-2.353189e+00,-2.774574e-01,-2.308294e-01
2.706200e+00,9.306208e+00,1.871522e+00,-2.718534e+00,-6.125304e-01,-2.081793e-01
3.448411e+00,9.761680e+00,-1.638307e+00,-3.448323e+00,-1.027542e+00,-2.375009e-01
4.985317e+00,1.548753e+01,-2.147490e+00,-4.332657e+00,-1.350073e+00,-2.107172e-01
7.796060e+00,2.678700e+01,3.436829e+00,-5.299091e+00,-2.057981e+00,-3.652293e-01
-4.760894e-01,2.156757e+01,1.555435e+01,-5.114454e+00,-3.600476e+00,-1.890476e-01
-1.211754e+01,1.797022e+01,2.252111e+01,-3.789017e+00,-4.000003e+00,-3.296712e-01
-1.595606e+01,8.496310e+00,2.239027e+01,-1.496706e+00,-1.625569e+00,2.546067e-01
1.127373e-01,7.628924e+00,8.618081e+00,1.645442e-01,1.617596e+00,1.165029e+00
5.391147e+00,6.245083e+00,1.235770e+01,2.244288e+00,2.672846e+00,1.173055e+00
7.702104e+00,1.500226e+00,9.847969e+00,4.846037e+00,2.327428e+00,3.909875e-01
8.528110e+00,-1.873865e+00,8.681848e+00,5.814652e+00,1.458687e+00,1.572503e-01
3.086736e+00,-6.026256e-01,1.230580e+01,6.545555e+00,5.369486e-01,-3.530120e-01
1.633516e+00,-1.110782e+00,1.183321e+01,7.200647e+00,7.291006e-01,-5.086024e-01
4.225278e+00,-2.667773e+00,1.129175e+01,7.804366e+00,1.261090e+00,-6.569247e-01
3.484042e+00,1.353529e+00,9.234714e+00,7.383651e+00,7.622785e-01,-5.045829e-01
3.260145e+00,6.875774e+00,8.218238e+00,5.538961e+00,-2.434409e-01,-1.798580e-02
-3.944220e+00,-1.367982e+00,4.649266e+00,3.990324e+00,-8.926776e-01,-3.898392e-01
-4.654479e+00,-1.345330e+00,2.471214e+00,1.079873e+00,1.326103e-01,-9.203176e-02
9.625448e-01,1.266526e+00,2.994103e+00,-8.678122e-01,1.164809e+00,1.859418e-01
4.706020e+00,1.618769e+01,3.161035e+00,-2.801777e+00,8.391098e-01,2.303008e-01
9.521547e+00,3.359733e+01,2.371959e-01,-7.510435e-01,4.204758e-01,4.529782e-01
-8.603934e+00,1.443075e+00,7.069934e+00,-1.299074e+00,-1.101021e+00,-1.049729e+00
-2.057228e+00,2.301098e+00,1.056888e+01,-2.132850e+00,9.340227e-01,-2.048443e-01
3.023682e+00,1.491090e+01,7.152400e+00,-1.892596e+00,1.357098e+00,4.763540e-01
2.530223e+00,1.053651e+01,3.494709e+00,-1.478404e+00,5.717440e-01,7.082681e-02
2.461969e+00,6.573388e+00,3.588031e+00,-1.508290e+00,4.590221e-01,-1.553774e-02
-3.348416e-01,9.860055e+00,4.451115e+00,-1.622207e+00,8.220123e-02,1.041693e-01
-1.543305e-01,9.719698e+00,4.991076e+00,-1.417327e+00,2.670014e-02,-9.009146e-02
1.638604e+00,7.100000e+00,3.652069e+00,-1.265222e+00,-4.559878e-02,-6.453380e-02
2.830102e-01,8.509723e+00,2.640657e+00,-1.453449e+00,-3.485583e-01,-5.320729e-02
-1.559603e+00,7.756715e+00,2.252979e+00,-1.467852e+00,-3.120274e-01,-1.380019e-01
-2.309434e-01,7.306621e+00,1.858108e+00,-1.740976e+00,1.650977e-01,5.582502e-03
1.929131e+00,7.265142e+00,1.706224e+00,-2.064117e+00,3.542718e-01,2.682013e-02
2.160741e+00,5.829516e+00,2.376157e+00,-2.394621e+00,-1.207272e-01,-1.521725e-01
1.290261e+00,6.891699e+00,3.638227e+00,-2.671386e+00,-5.456149e-01,-1.736333e-01
-2.016999e+00,6.463859e+00,7.623095e+00,-2.836919e+00,-9.245016e-01,-1.318980e-01
-1.494221e+00,3.282711e+00,7.796844e+00,-2.721357e+00,-8.185069e-01,-1.411648e-01
5.981068e-01,5.725418e+00,6.213587e+00,-2.794449e+00,-3.667000e-01,2.855012e-01
1.100000e+00,6.842082e+00,7.480702e+00,-2.925186e+00,-2.832094e-01,2.931445e-01
2.379067e+00,3.914301e+00,6.984251e+00,-3.037620e+00,-3.983731e-01,6.920073e-02
3.601015e+00,1.203053e+01,7.678926e+00,-3.472452e+00,-7.346655e-01,2.020952e-01
4.525787e+00,1.772035e+01,1.250418e+01,-4.262959e+00,-1.028371e+00,5.939986e-01
5.342621e-01,1.867172e+01,1.681720e+01,-4.575070e+00,-1.360455e+00,1.095503e+00
-9.975442e-01,1.108957e+01,1.590708e+01,-3.450416e+00,-6.621026e-01,1.320947e+00
-4.255496e+00,2.413547e+00,2.053415e+01,-2.124743e+00,-4.650900e-01,1.128401e+00
-4.434922e+00,-8.093553e+00,1.363750e+01,-6.079516e-01,4.972169e-01,1.062567e+00
3.127900e+00,1.235599e+01,5.286044e+00,9.428605e-01,1.320939e+00,1.294469e+00
5.139773e+00,6.636638e+00,6.699550e+00,4.065697e+00,1.125966e+00,-2.610034e-01
4.534026e+00,9.457895e-01,6.125763e+00,5.350729e+00,4.105877e-01,-4.245784e-01
2.521019e+00,-6.881067e-02,8.584272e+00,6.312241e+00,-1.376982e-03,-6.845774e-01
3.366134e+00,1.152400e+00,9.535067e+00,6.989207e+00,1.479934e-03,-6.127985e-01
4.217068e+00,9.641697e-01,1.139795e+01,7.700459e+00,-5.649711e-01,-6.632322e-01
4.709977e+00,-3.026063e+00,1.095098e+01,8.003659e+00,-7.187908e-01,-9.359937e-01
1.353620e+00,-2.345298e+00,9.480293e+00,7.400870e+00,-1.031688e+00,-1.096082e+00
-1.235266e+00,4.091287e+00,8.613036e+00,6.144349e+00,-1.449921e+00,-8.972288e-01
-4.792990e+00,2.315532e+00,6.299519e+00,4.519164e+00,-8.513788e-01,-5.709140e-01
-2.656378e+00,-5.065146e-01,9.249798e-01,2.947677e+00,1.120355e-01,-1.314992e-01
4.517158e+00,1.359922e+00,-9.485758e-01,6.494139e-01,8.206970e-01,1.531093e-01
8.738986e+00,2.793528e+00,-1.290711e+00,-1.052618e+00,1.963828e-01,-3.763917e-03
2.846366e+00,-4.544292e-01,3.520140e+00,-3.195670e+00,-1.688201e+00,-5.886846e-01
-2.006401e-03,1.320830e+01,9.182073e+00,-4.656906e+00,-1.923992e+00,-4.692810e-01
-2.360472e+01,2.763221e+01,1.736363e+01,-3.952710e+00,-5.681915e-01,-1.679923e-01
-9.107564e+00,1.791539e+01,-3.386965e+00,-2.066810e+00,3.549207e+00,8.824346e-01
2.590127e+01,3.121124e+01,1.264622e+01,-2.810438e+00,6.190031e+00,2.195913e+00
1.118840e+01,-9.896982e+00,1.069391e+01,-2.144381e+00,3.218415e+00,6.292544e-02
7.929062e+00,9.852135e+00,1.259248e+01,-2.131863e+00,-1.086111e+00,-3.094889e-01
-3.003669e+00,1.133541e+01,1.426525e+01,-1.665464e+00,-3.914505e+00,-1.271509e+00
-1.460567e+01,8.940525e+00,6.014314e+00,-1.093939e+00,-1.971296e+00,4.082491e-04
-4.952498e+00,7.737246e+00,3.844941e+00,-1.199381e+00,8.850544e-01,6.731164e-01
3.730464e+00,5.804374e+00,4.254870e+00,-1.252885e+00,2.324161e+00,8.451575e-01
9.474201e+00,4.801068e+00,3.089462e+00,-1.471483e+00,1.659199e+00,4.454751e-01
6.837961e+00,2.677038e+00,2.399691e+00,-1.713451e+00,-3.687499e-02,-2.341068e-01
2.682247e+00,6.021554e+00,3.074921e+00,-2.070546e+00,-1.139878e+00,-5.940174e-01
-3.753374e+00,8.400517e+00,4.993300e+00,-2.492100e+00,-1.647973e+00,-7.976797e-01
-5.587678e+00,5.811298e+00,7.105311e+00,-2.734131e+00,-1.200351e+00,-3.614879e-01
-2.740620e+00,3.256762e+00,7.961276e+00,-2.932445e+00,-2.882268e-01,2.996245e-01
2.220701e+00,5.652582e+00,7.231881e+00,-3.116446e+00,2.689451e-01,5.524757e-01
7.597942e+00,1.613774e+01,7.170743e+00,-3.715858e+00,-3.314901e-02,4.956628e-01
9.779435e+00,2.477185e+01,1.174702e+01,-4.511582e+00,-9.378071e-01,7.109005e-01
5.766017e-01,2.006416e+01,1.694673e+01,-4.396250e+00,-2.031862e+00,7.901790e-01
-3.643258e+00,8.177890e+00,1.410297e+01,-3.385001e+00,-1.582645e+00,7.066661e-01
-8.145227e+00,-2.616990e+00,1.831479e+01,-1.554319e+00,-1.112607e-01,1.404230e+00
7.101653e-01,2.818493e+00,9.564251e-01,3.035640e-02,1.334510e+00,1.378867e+00
6.247939e+00,9.472372e+00,7.392475e+00,2.632728e+00,1.225294e+00,5.500826e-01
4.069702e+00,5.114233e+00,6.367723e+00,4.586179e+00,1.466906e-01,-5.173906e-02
2.936737e+00,-1.782732e+00,7.464153e+00,6.126164e+00,-4.980720e-01,-3.535929e-01
2.010657e+00,-9.071859e-01,9.261664e+00,6.882717e+00,-7.383137e-01,-3.710499e-01
1.380545e+00,2.822786e-01,1.201942e+01,7.570589e+00,-8.218910e-01,-4.685343e-01
-1.214462e-01,-9.528925e-01,1.324026e+01,8.060088e+00,-7.923742e-01,-6.290259e-01
2.416741e+00,-4.723659e+00,1.340940e+01,8.125906e+00,-4.847398e-02,-7.047441e-01
3.614562e+00,-8.468839e-01,1.047415e+01,7.273543e+00,-5.540795e-02,-6.483074e-01
2.726177e+00,8.800519e+00,7.676634e+00,5.514613e+00,-6.524558e-01,-7.015315e-01
-5.696298e+00,1.411270e+00,3.219248e+00,3.543552e+00,-1.255913e+00,-1.218812e+00
-5.989616e-01,-2.280705e+00,-2.727745e-01,3.411783e-01,-2.374833e-01,-6.849130e-01
7.966162e+00,8.388542e-01,1.419877e+00,-1.911929e+00,-4.347237e-01,-6.659356e-01
4.662965e+00,3.944329e+00,2.990833e+00,-3.800769e+00,-1.876436e+00,-9.010404e-01
-1.387644e+01,2.263150e+01,7.236115e+00,-4.603292e+00,-3.310904e+00,-9.674526e-01
-2.302736e+01,1.699824e+01,9.944964e+00,-2.127986e+00,1.847915e+00,-1.478558e-01
-1.115972e+01,2.479290e+01,-1.274946e+00,-1.715037e+00,4.776946e+00,1.303778e+00
2.351880e+01,1.838612e+01,9.129211e+00,-2.097921e+00,7.004428e+00,2.555969e+00
1.982656e+01,-7.822614e+00,7.803809e+00,-2.023829e+00,4.253887e+00,3.632369e-01
1.489419e+01,7.467112e+00,1.141477e+01,-2.265550e+00,-1.955864e+00,-7.153217e-01
-1.184808e+00,4.970157e+00,1.368094e+01,-1.855295e+00,-4.733031e+00,-1.853862e+00
-1.504057e+01,1.832559e+01,9.345386e+00,-1.702127e+00,-3.652451e+00,-9.007565e-01
-1.105347e+01,7.267838e+00,6.483752e+00,-1.212557e+00,-1.036092e+00,-4.394424e-01
-1.958970e+00,3.789909e+00,4.625659e+00,-1.228653e+00,1.489431e+00,4.263336e-01
5.289379e+00,6.532703e+00,3.439520e+00,-1.385350e+00,1.531329e+00,5.334936e-01
5.552386e+00,6.153685e+00,3.205939e+00,-1.548647e+00,2.845214e-01,1.790750e-03
2.448581e+00,5.874507e+00,3.610424e+00,-1.844806e+00,-7.439177e-01,-2.992158e-01
-1.245036e+00,5.576778e+00,4.849881e+00,-2.245732e+00,-1.113925e+00,-4.082507e-01
-2.285841e+00,5.208583e+00,7.126558e+00,-2.433127e+00,-9.970235e-01,-3.494861e-01
-1.799332e+00,4.843991e+00,8.515588e+00,-2.597343e+00,-5.537398e-01,8.917128e-03
-3.446301e-01,4.234086e+00,7.807821e+00,-2.609725e+00,-2.099422e-01,2.299158e-01
2.056450e+00,1.378889e+01,7.837323e+00,-3.024744e+00,-7.235283e-02,5.501268e-01
6.070671e+00,1.398745e+01,5.562750e+00,-3.455929e+00,-1.553271e-01,6.916112e-01
8.390231e+00,1.888618e+01,1.116127e+01,-4.241640e+00,-7.732399e-01,6.034766e-01
5.732224e-01,1.555815e+01,1.618513e+01,-4.223949e+00,-1.855670e+00,3.871053e-01
-2.650205e+00,6.076621e+00,1.411145e+01,-3.121227e+00,-1.549165e+00,3.545598e-01
-8.530359e+00,-2.033820e-01,1.699850e+01,-2.022013e+00,-8.107136e-01,8.262903e-01
-2.218372e+00,-3.996942e-01,5.531613e+00,-6.075195e-01,1.218312e+00,1.097093e+00
3.846839e+00,8.790375e+00,5.984407e+00,1.291131e+00,1.966321e+00,1.223237e+00
5.745859e+00,4.945554e+00,7.622809e+00,4.065210e+00,1.278594e+00,2.794898e-01
4.517052e+00,-7.422108e-01,6.374738e+00,5.283730e+00,4.635272e-01,1.406325e-01
4.656309e+00,1.817429e-01,8.024754e+00,6.155392e+00,2.666007e-02,2.602023e-02
4.773549e+00,9.202725e-01,9.618413e+00,6.877726e+00,-3.185058e-01,-3.648462e-02
3.962130e+00,2.078935e+00,1.209586e+01,7.565226e+00,-1.085988e+00,-3.258255e-01
4.630456e+00,1.592077e-01,1.302033e+01,7.966991e+00,-1.244986e+00,-6.933127e-01
7.241783e+00,-9.474360e-01,1.107068e+01,7.528080e+00,-1.643127e+00,-1.059450e+00
1.665139e+00,3.476399e+00,9.171079e+00,6.293279e+00,-2.669642e+00,-1.455582e+00
-8.143561e+00,3.411025e+00,7.069645e+00,4.089595e+00,-2.489557e+00,-1.786745e+00
-9.074822e+00,1.571605e+00,2.317610e+00,2.449885e+00,-9.832522e-01,-9.420126e-01
4.887410e+00,-6.161911e-01,-9.874307e-01,9.136187e-02,3.878413e-01,3.457264e-02
8.975583e+00,1.632368e-01,1.407744e-01,-1.808572e+00,-1.635895e-01,-1.232483e-03
2.994046e+00,1.559337e+00,5.715092e+00,-3.656150e+00,-1.898854e+00,-3.074125e-01
-1.628986e+01,2.236227e+01,9.113084e+00,-4.241528e+00,-2.090609e+00,-5.425460e-01
-1.491724e+01,2.018440e+01,6.316709e+00,-2.492609e+00,1.997968e+00,6.148775e-01
1.298314e-01,7.206805e+00,7.419866e+00,-2.087070e+00,4.494798e+00,1.261145e+00
1.946504e+01,1.108810e+01,8.420420e+00,-2.228043e+00,4.034010e+00,6.093342e-01
1.616779e+01,9.527934e+00,8.128018e+00,-2.048163e+00,7.397487e-01,-1.816385e-01
2.585028e+00,1.168638e+01,9.557674e+00,-2.032720e+00,-1.945869e+00,-7.993462e-01
-6.901592e+00,8.055021e+00,1.202731e+01,-1.706687e+00,-2.439094e+00,-7.804401e-01
-7.085851e+00,6.416157e+00,1.068144e+01,-1.136042e+00,-9.447939e-01,-2.497586e-01
-2.190386e+00,7.451699e+00,7.905483e+00,-7.687512e-01,2.440990e-01,2.141324e-01
4.280945e+00,8.681724e+00,4.507615e+00,-6.605375e-01,7.757696e-01,5.031885e-01
4.423830e+00,7.412766e+00,2.868101e+00,-7.163179e-01,4.588052e-01,3.960613e-01
1.892127e+00,6.186199e+00,2.583499e+00,-1.027530e+00,-3.401058e-01,-5.657565e-02
7.405902e-01,7.026063e+00,2.324085e+00,-1.359644e+00,-5.713319e-01,-1.375761e-01
-9.904824e-01,6.522506e+00,3.629424e+00,-1.636816e+00,-5.869244e-01,-2.141693e-01
5.880075e-02,4.337655e+00,5.797465e+00,-1.801906e+00,-4.317723e-01,-2.596140e-01
2.592576e+00,6.887823e+00,5.240864e+00,-2.142520e+00,-4.759477e-01,-1.469281e-01
8.871036e-01,6.817786e+00,6.967954e+00,-2.348670e+00,-8.880911e-01,-1.886541e-01
-4.234524e-01,5.622833e+00,6.947643e+00,-2.525323e+00,-9.232614e-01,1.122695e-02
1.017459e+00,7.118734e+00,6.565103e+00,-2.765019e+00,-7.718274e-01,2.342781e-01
2.400000e+00,8.378283e+00,7.159862e+00,-3.145963e+00,-8.850430e-01,4.068153e-01
3.453339e+00,7.735851e+00,6.658444e+00,-3.384403e+00,-1.065886e+00,4.876073e-01
3.143446e+00,1.988680e+01,8.846828e+00,-3.966420e+00,-1.502846e+00,5.407148e-01
-5.847952e-01,2.800731e+01,1.388180e+01,-4.384477e+00,-2.591384e+00,6.918448e-01
-8.477399e+00,1.388986e+01,1.646564e+01,-3.852362e+00,-2.359812e+00,1.162018e+00
-8.415823e+00,3.967845e+00,1.970582e+01,-2.771316e+00,-7.583945e-01,1.484005e+00
-1.856967e+00,2.419986e+00,1.774712e+01,-1.548160e+00,1.548886e+00,1.735597e+00
8.047357e+00,1.074384e+01,9.309883e+00,4.249127e-01,2.371100e+00,1.504420e+00
4.350510e+00,8.516443e-01,1.055683e+01,3.556068e+00,1.832380e+00,1.350093e-01
4.309614e+00,2.459916e-01,8.667497e+00,4.777586e+00,1.558398e+00,7.699673e-02
3.061940e+00,9.005969e-01,1.131373e+01,6.126909e+00,1.522709e+00,-2.525916e-01
4.248765e+00,1.641111e-01,1.074370e+01,7.188849e+00,1.683751e+00,-3.044815e-01
5.275449e+00,3.415870e-01,1.053234e+01,8.034340e+00,1.036818e+00,-2.253819e-01
6.924022e+00,2.379309e+00,1.195027e+01,8.429732e+00,4.723478e-01,-2.715792e-01
7.749856e+00,5.263550e+00,1.333220e+01,8.871285e+00,-5.818210e-01,-3.499323e-01
5.437922e+00,7.389797e+00,1.275326e+01,8.904391e+00,-1.620540e+00,-5.921879e-01
-4.073599e+00,9.435679e+00,6.831858e+00,8.207270e+00,-1.313800e+00,-1.192016e+00
-1.222055e+01,-3.023575e-01,5.038172e+00,6.678575e+00,1.031321e-02,-7.123468e-01
-5.635947e+00,-1.051660e+01,-4.453173e+00,3.512916e+00,2.676582e+00,2.089576e-01
2.586456e+00,-8.208978e+00,-2.203901e+00,-2.500145e-01,2.702355e+00,7.070687e-01
6.437163e+00,-2.085433e+00,9.679724e+00,-3.906054e+00,1.105471e+00,2.024687e-01
6.707100e+00,3.422329e+01,1.173022e+01,-3.889720e+00,5.449822e-02,5.552663e-02
-1.133740e+01,9.034472e+00,1.013801e+01,-1.008230e+00,-9.575250e-01,-1.082452e+00
-8.800650e+00,-2.670258e+00,1.294433e+01,-2.648912e+00,-3.278638e-01,-1.647238e-01
-7.857845e+00,8.116180e+00,1.923470e+01,-3.221143e+00,2.884144e+00,1.026483e-01
8.883291e+00,1.562386e+01,1.029693e+01,-1.704970e+00,2.115879e+00,4.962018e-01
3.985666e+00,7.470423e+00,8.279713e+00,-1.296832e+00,5.335568e-01,-1.305230e-01
1.887658e+00,1.160587e+01,6.527232e+00,-1.254647e+00,-1.525220e-02,4.308852e-02
2.088747e+00,1.077796e+01,4.535948e+00,-8.392304e-01,-5.147187e-01,-3.992332e-01
-1.408866e+00,9.853374e+00,3.259416e+00,-7.275601e-01,-8.639274e-01,-3.496508e-01
-5.776526e-01,1.010119e+01,1.330543e+00,-7.304190e-01,-5.455609e-01,-2.419124e-01
-2.192899e-01,8.855195e+00,6.183075e-01,-7.924813e-01,-5.691162e-01,-2.913293e-01
-9.825670e-01,6.689884e+00,2.319072e-01,-1.107819e+00,-8.675043e-01,-4.761539e-01
-2.093947e+00,6.780789e+00,2.844734e-01,-1.445921e+00,-8.645178e-01,-5.055342e-01
-1.635148e+00,7.190429e+00,2.174316e+00,-1.716172e+00,-4.427892e-01,-3.755798e-01
1.534607e+00,8.390000e+00,4.103838e+00,-1.932936e+00,-6.057979e-02,-1.765522e-01
2.907372e+00,7.934864e+00,3.803941e+00,-2.163194e+00,-1.077013e-01,-3.719104e-02
3.130387e+00,9.002254e+00,1.116493e+00,-2.448055e+00,-4.972054e-01,-7.949872e-03
2.903276e+00,1.066790e+01,6.756307e-01,-2.934575e+00,-1.018472e+00,-1.228780e-03
1.976401e+00,1.100686e+01,1.025251e+00,-3.329020e+00,-1.259094e+00,1.055323e-01
1.111475e+01,1.141080e+01,-2.476267e+00,-3.809217e+00,-1.431503e+00,6.432408e-02
6.832200e+00,1.650411e+01,-1.019717e+00,-4.476108e+00,-2.782845e+00,-2.484523e-01
-5.038987e+00,1.561277e+01,1.085769e+01,-5.111799e+00,-5.299775e+00,-9.154545e-01
-1.345433e+01,2.927259e+01,2.008258e+01,-4.463919e+00,-4.314948e+00,-2.588879e-01
-1.371004e+01,6.428544e+00,1.760460e+01,-1.451411e+00,-1.295565e+00,7.084463e-01
-1.508963e+00,2.505718e+00,1.597856e+01,-8.590017e-01,1.765336e+00,1.069175e+00
7.871503e+00,1.171542e+01,1.095070e+01,9.287002e-01,2.366016e+00,6.131446e-01
8.209079e+00,5.126804e+00,1.005410e+01,2.502787e+00,1.962441e+00,1.591725e-01
7.466126e+00,2.561139e+00,7.508866e+00,3.730372e+00,1.290723e+00,-2.766615e-01
5.241367e+00,1.445512e+00,9.000007e+00,4.603955e+00,9.226724e-01,-9.654510e-01
3.372982e+00,2.795567e+00,1.013175e+01,5.671304e+00,9.157532e-01,-1.287778e+00
3.214982e+00,3.341931e+00,1.062141e+01,6.587167e+00,9.311529e-01,-1.294319e+00
4.864863e+00,2.045689e+00,1.422991e+01,7.631826e+00,8.440746e-01,-1.299897e+00
6.641245e+00,7.497963e+00,1.193242e+01,8.066282e+00,3.404168e-01,-1.096011e+00
5.116954e+00,8.870847e+00,1.122021e+01,7.853509e+00,-7.888840e-01,-1.119797e+00
-7.670032e+00,-2.445606e+00,7.383984e+00,6.328098e+00,-8.057222e-01,-1.526945e+00
-1.499191e+01,-4.417292e+00,1.122055e+01,3.337098e+00,1.580325e+00,-5.651993e-01
-1.683076e+00,-8.040591e+00,2.121697e+00,7.109826e-01,3.895772e+00,7.849721e-01
6.966337e+00,-4.001965e+00,5.560957e+00,-3.348915e+00,3.300721e+00,5.476592e-01
2.766592e+01,3.909582e+01,-9.614427e+00,-2.530197e+00,2.460133e+00,1.312895e+00
-1.084214e+01,-5.990234e+00,7.883293e+00,-2.399615e+00,-3.781472e-01,-1.277516e+00
-1.493260e+00,-4.758716e+00,1.574920e+01,-3.550185e+00,1.829035e+00,5.320444e-01
5.436849e+00,1.786801e+01,1.261895e+01,-3.026673e+00,2.399908e+00,2.666412e-01
7.799245e+00,1.528896e+01,8.976673e+00,-1.979448e+00,8.436214e-01,2.054337e-02
-9.522895e-01,5.124384e+00,6.942397e+00,-1.747835e+00,-1.357551e-01,-2.192220e-01
1.056879e+00,1.158810e+01,6.748505e+00,-1.548990e+00,3.333225e-01,2.059699e-02
2.670064e+00,1.018308e+01,6.278249e+00,-1.318009e+00,1.848942e-02,-2.458856e-01
1.803254e+00,8.979945e+00,5.209945e+00,-1.239425e+00,-5.258189e-01,-2.061978e-01
1.453037e+00,1.052173e+01,3.558920e+00,-1.211818e+00,-7.405730e-01,-2.481823e-01
1.177752e+00,1.013630e+01,2.733959e+00,-1.182183e+00,-9.375144e-01,-3.605421e-01
-9.570083e-01,7.862167e+00,1.653510e+00,-1.259965e+00,-1.277376e+00,-4.776604e-01
-2.626680e+00,7.110244e+00,1.559118e+00,-1.441161e+00,-1.351418e+00,-4.824778e-01
-1.996917e+00,6.556833e+00,2.066717e+00,-1.759623e+00,-8.602190e-01,-3.024106e-01
1.443519e+00,7.500394e+00,1.884115e+00,-2.061327e+00,-4.825714e-01,-1.576016e-01
3.439492e+00,8.109624e+00,-4.701692e-01,-2.520761e+00,-5.835481e-01,-6.044790e-02
4.753388e+00,9.018245e+00,-7.795510e-01,-3.036861e+00,-9.099360e-01,-6.111111e-02
5.126491e+00,1.069341e+01,-3.666300e+00,-3.950001e+00,-1.545438e+00,2.682563e-03
6.936596e+00,1.539060e+01,-3.510738e+00,-4.666933e+00,-2.059071e+00,8.162326e-03
-3.750747e+00,2.528345e+01,1.498683e+01,-5.283480e+00,-3.743140e+00,-2.696360e-01
-1.272073e+01,2.753633e+01,2.125239e+01,-5.122755e+00,-4.459322e+00,-1.743935e-01
-1.496777e+01,1.306468e+01,1.933124e+01,-2.320583e+00,-1.150562e+00,8.726897e-01
-2.244283e+00,3.553792e+00,2.307455e+01,-8.188212e-01,2.093650e+00,1.101038e+00
1.127996e+01,1.124918e+01,1.124543e+01,8.018501e-01,2.805965e+00,8.783562e-01
1.195574e+01,2.867863e+00,1.011999e+01,2.814679e+00,2.165208e+00,3.478361e-02
1.075787e+01,-1.148516e+00,7.343247e+00,4.566290e+00,6.913848e-01,-8.156182e-01
7.693277e+00,-1.264498e+00,8.168733e+00,5.378570e+00,-1.560840e-01,-1.524698e+00
2.090185e+00,1.065388e+00,1.009827e+01,6.348883e+00,-4.268985e-01,-1.721105e+00
7.147573e-03,2.699438e+00,1.056313e+01,7.163739e+00,6.952097e-02,-1.517136e+00
1.633931e-01,2.445349e+00,1.438022e+01,8.204924e+00,1.010722e+00,-1.090364e+00
3.754059e+00,9.269844e+00,1.043380e+01,8.604287e+00,1.360708e+00,-2.543166e-01
3.766696e+00,8.716428e+00,7.971478e+00,7.830010e+00,8.450965e-01,3.011504e-01
-7.022414e+00,-2.965108e+00,3.865395e+00,6.019540e+00,7.066299e-01,-4.574873e-01
1.582219e+00,-9.734515e+00,-3.394619e+00,2.581371e+00,1.890751e+00,4.401234e-02
3.172615e+00,-9.513186e+00,-2.070491e+00,-2.493280e-01,1.337803e+00,4.814179e-01
3.851187e+00,1.132123e+01,3.964827e+00,-3.880968e+00,2.437187e-01,-2.312446e-01
1.890256e+01,3.895242e+01,8.615861e+00,-2.858184e+00,2.414265e-01,5.407498e-01
-1.166756e+01,-8.667554e+00,1.818893e+01,-3.878438e+00,-7.141982e-01,-1.050354e+00
-5.597966e+00,-4.330219e+00,2.323920e+01,-4.106129e+00,1.794725e+00,3.892395e-01
5.975522e+00,2.002882e+01,1.306993e+01,-2.423042e+00,2.162359e+00,7.537979e-01
3.678827e+00,1.307825e+01,1.040190e+01,-1.593395e+00,1.448543e+00,3.093932e-01
3.668741e+00,6.611973e+00,5.669314e+00,-1.427703e+00,1.197932e+00,2.652927e-01
7.214280e+00,1.100461e+01,5.944664e+00,-1.199981e+00,5.285670e-01,-8.756681e-03
1.147670e+00,1.030049e+01,4.569688e+00,-1.129562e+00,-7.154402e-01,-3.433898e-01
-1.056957e+00,9.217431e+00,3.908080e+00,-1.001227e+00,-9.843759e-01,-3.811217e-01
-3.045971e-02,8.905559e+00,2.748231e+00,-9.904747e-01,-6.963728e-01,-3.536950e-01
5.422769e-01,8.587205e+00,1.826770e+00,-1.053652e+00,-8.109545e-01,-4.466608e-01
-1.715959e+00,7.666962e+00,1.499368e+00,-1.262469e+00,-1.195651e+00,-5.372665e-01
-4.479912e+00,6.331290e+00,2.239516e+00,-1.447780e+00,-9.911583e-01,-4.173646e-01
7.356841e-01,7.582856e+00,3.711286e+00,-1.672034e+00,-1.767016e-01,-1.366416e-01
3.245158e+00,8.774495e+00,2.854946e+00,-1.864182e+00,5.782106e-02,5.496080e-03
3.548753e+00,8.648062e+00,-1.124678e+00,-2.325269e+00,-4.840681e-01,-4.503084e-04
3.872647e+00,8.391553e+00,-1.384224e+00,-2.842652e+00,-9.226192e-01,-7.122163e-02
5.806776e+00,1.048284e+01,-2.275171e+00,-3.663456e+00,-1.376341e+00,3.522199e-02
7.083918e+00,1.637175e+01,-4.136703e+00,-4.386893e+00,-1.828956e+00,6.574004e-02
9.882656e-01,2.223366e+01,5.882022e+00,-5.140699e+00,-3.505088e+00,-1.690278e-01
-1.054046e+01,2.548412e+01,1.960482e+01,-5.211825e+00,-4.613343e+00,-3.304210e-01
-1.212374e+01,1.808954e+01,1.792871e+01,-3.350203e+00,-2.106975e+00,4.841813e-01
-5.333336e+00,5.877903e+00,2.047256e+01,-1.044350e+00,4.282845e-01,5.969245e-01
9.100084e+00,1.121904e+01,9.994088e+00,1.963519e-01,2.199343e+00,5.873133e-01
6.312467e+00,7.195871e+00,1.258286e+01,2.483494e+00,1.550297e+00,-1.864409e-01
5.021520e+00,1.747644e+00,8.991306e+00,4.369519e+00,1.262552e+00,-5.352421e-01
4.540000e+00,6.481898e-01,1.007733e+01,5.582683e+00,1.194543e+00,-9.152881e-01
4.328017e+00,1.341580e+00,1.075300e+01,6.832543e+00,1.138681e+00,-1.017696e+00
4.100687e+00,1.110813e+00,1.179259e+01,7.704499e+00,1.057218e+00,-9.550848e-01
5.475992e+00,1.020854e+00,1.284603e+01,8.532612e+00,9.324948e-01,-8.615549e-01
6.657341e+00,5.950005e+00,1.104041e+01,8.760921e+00,5.346262e-01,-6.118414e-01
3.392747e-01,7.847372e+00,7.126997e+00,8.009430e+00,-1.729789e-01,-8.392911e-01
-1.362517e+01,4.231477e+00,8.412099e+00,6.284993e+00,2.167706e-01,-8.920285e-01
-1.161548e-01,-1.370218e+01,-4.361923e+00,3.487560e+00,2.864493e+00,3.884607e-01
4.115553e+00,-1.269197e+01,-3.647865e+00,-1.606093e-01,2.830064e+00,7.251675e-01
5.458995e+00,-4.397802e-01,9.986166e+00,-4.083975e+00,7.877444e-01,1.508457e-01
3.362554e+00,2.935419e+01,1.122005e+01,-4.887018e+00,-2.990684e-01,-2.049480e-01
-1.612691e+01,7.844653e+00,8.919904e+00,-8.771610e-01,-6.689859e-01,-3.051238e-01
-1.335919e+01,-7.103146e+00,1.145046e+01,-2.986834e+00,-5.767827e-01,-6.137415e-01
-5.058586e+00,6.069086e+00,1.945493e+01,-3.955182e+00,2.850668e+00,1.801806e-02
7.042244e+00,1.816048e+01,1.188454e+01,-2.708482e+00,2.287916e+00,5.870566e-01
1.834756e+00,4.633722e+00,9.920934e+00,-1.895816e+00,2.648469e-01,-1.667470e-01
5.945887e-01,1.084377e+01,8.033113e+00,-1.825514e+00,3.366199e-01,2.748639e-01
3.496668e+00,1.182082e+01,6.446203e+00,-1.339446e+00,5.063638e-01,-4.007229e-02
2.400276e+00,1.067839e+01,4.427990e+00,-1.227362e+00,4.501848e-02,-4.625202e-02
1.090432e+00,8.870235e+00,3.081842e+00,-1.149920e+00,-1.062762e-01,-9.313810e-02
1.020213e+00,8.539360e+00,2.893476e+00,-1.157973e+00,-1.882313e-01,-1.401720e-01
3.816952e-01,7.110848e+00,2.936634e+00,-1.197030e+00,-6.316934e-01,-3.596449e-01
3.430387e-02,6.481901e+00,1.494481e+00,-1.394408e+00,-9.220453e-01,-4.804643e-01
-1.925633e+00,7.548980e+00,3.319388e+00,-1.657819e+00,-1.074383e+00,-5.556169e-01
-2.192121e+00,6.925859e+00,5.547643e+00,-1.725385e+00,-8.553784e-01,-4.992506e-01
1.505449e+00,7.642789e+00,3.331290e+00,-1.900614e+00,-2.873238e-01,-2.069564e-01
2.787116e+00,8.638763e+00,8.326458e-01,-2.178974e+00,-4.787788e-01,-1.142418e-01
4.029092e+00,8.923782e+00,6.606667e-02,-2.685972e+00,-9.713214e-01,-1.286911e-01
4.339008e+00,1.189547e+01,-2.889615e+00,-3.329135e+00,-1.442824e+00,-5.744936e-02
7.493143e+00,1.736090e+01,-2.942537e+00,-4.314380e+00,-2.011726e+00,-1.067408e-01
4.173080e+00,2.149850e+01,4.309683e+00,-4.690225e+00,-3.305146e+00,-2.778657e-01
-9.508180e+00,2.069883e+01,1.834563e+01,-4.645819e+00,-4.125220e+00,-1.832957e-01
-1.048649e+01,2.242089e+01,1.685952e+01,-3.484351e+00,-2.484981e+00,4.386483e-01
-5.173411e+00,2.280201e+00,2.117422e+01,-4.236302e-01,7.176958e-01,5.732349e-01
8.391712e+00,8.940508e+00,8.936752e+00,-2.044271e-01,2.055715e+00,4.757326e-01
6.624468e+00,6.462481e+00,1.189401e+01,2.084067e+00,1.514893e+00,2.465462e-02
4.876652e+00,3.150517e+00,1.042486e+01,3.666503e+00,1.046486e+00,-3.909561e-01
4.464666e+00,7.927104e-01,9.415554e+00,5.076568e+00,9.783606e-01,-8.965604e-01
4.860159e+00,1.726265e+00,1.095011e+01,5.946940e+00,1.007845e+00,-1.179990e+00
4.898439e+00,2.570781e+00,1.144978e+01,7.065551e+00,8.132962e-01,-1.194808e+00
5.293562e+00,1.036850e+00,1.388466e+01,8.023618e+00,6.527802e-01,-1.263847e+00
4.454459e+00,5.011959e+00,1.072716e+01,8.346983e+00,3.234362e-01,-1.073128e+00
3.014861e+00,9.336760e+00,1.013675e+01,7.882787e+00,-8.298084e-02,-7.144026e-01
-9.234435e+00,1.781819e+00,5.162506e+00,6.533458e+00,1.322078e-01,-7.523312e-01
-1.049111e+01,-6.145835e+00,5.940729e+00,4.501729e+00,2.041314e+00,-2.923350e-01
5.307928e+00,-1.113735e+01,-4.280543e+00,3.031630e-01,3.110593e+00,9.145871e-01
7.199188e+00,-1.018538e+00,5.594173e+00,-2.431736e+00,1.787257e+00,4.612573e-01
2.194903e+01,3.930026e+01,-3.732987e+00,-3.347618e+00,-1.963610e-01,7.294203e-02
-3.134909e+00,1.609740e+01,7.294834e+00,-2.296271e+00,-2.378038e+00,-1.440406e+00
-1.195315e+01,-4.105563e+00,1.706191e+01,-3.800935e+00,-7.017022e-01,-2.172849e-01
-7.805530e+00,4.716951e+00,1.785627e+01,-3.384885e+00,1.754769e+00,2.677267e-01
4.123075e+00,1.581452e+01,9.848103e+00,-2.133140e+00,2.443623e+00,8.184543e-01
7.718971e+00,6.448977e+00,6.989655e+00,-1.759072e+00,1.848911e+00,3.108754e-01
6.088538e+00,9.707985e+00,6.116528e+00,-1.614103e+00,2.739552e-01,1.921038e-02
3.181645e+00,1.059315e+01,7.063691e+00,-1.431383e+00,-7.623670e-01,-3.590484e-01
-1.355736e+00,9.595270e+00,5.112855e+00,-1.290132e+00,-1.093466e+00,-3.116856e-01
-5.748082e-01,8.704544e+00,3.796843e+00,-1.190188e+00,-7.422041e-01,-2.189590e-01
5.646632e-01,8.457521e+00,3.299706e+00,-1.161952e+00,-5.685579e-01,-1.935716e-01
-1.219055e+00,7.923704e+00,3.483686e+00,-1.162589e+00,-8.059832e-01,-2.969518e-01
-1.385044e+00,7.321619e+00,3.068667e+00,-1.277478e+00,-7.863511e-01,-3.291436e-01
-1.973624e+00,7.629779e+00,3.191758e+00,-1.393478e+00,-6.554019e-01,-1.885994e-01
8.986851e-02,7.149925e+00,3.270081e+00,-1.501106e+00,-2.766405e-01,-7.007319e-02
7.550963e-01,8.206119e+00,1.605526e+00,-1.756652e+00,-1.925812e-01,6.288631e-02
2.682118e+00,8.683817e+00,-1.730578e-01,-2.271738e+00,-2.993955e-01,1.203864e-01
4.887332e+00,8.379563e+00,-6.002010e-01,-2.841800e+00,-6.878194e-01,1.409246e-01
6.580860e+00,1.195298e+01,-2.723800e+00,-3.639863e+00,-1.264814e+00,1.338987e-01
7.676733e+00,1.621458e+01,-3.169775e+00,-4.349998e+00,-1.940821e+00,1.052099e-01
-8.707402e-01,2.295616e+01,8.804585e+00,-4.842905e+00,-3.801177e+00,-1.891683e-01
-8.930537e+00,1.842362e+01,1.770005e+01,-4.525906e+00,-3.872018e+00,7.341182e-02
-9.139219e+00,1.826666e+01,1.770830e+01,-2.722792e+00,-1.353204e+00,5.578751e-01
-1.528549e+00,3.743094e+00,1.948195e+01,-1.176931e+00,3.652733e-01,6.399341e-01
6.858453e+00,1.113324e+01,8.866348e+00,4.250556e-02,1.771479e+00,6.075079e-01
5.636879e+00,8.409154e+00,1.060037e+01,2.225048e+00,1.223937e+00,-2.336229e-01
4.189130e+00,9.650439e-01,8.885305e+00,3.973580e+00,8.914248e-01,-5.747640e-01
4.338889e+00,3.711201e-01,8.543336e+00,4.864478e+00,8.672797e-01,-7.642857e-01
3.671395e+00,1.559792e+00,1.026902e+01,5.940964e+00,7.896730e-01,-1.067878e+00
2.377403e+00,1.798523e+00,1.022501e+01,6.686322e+00,7.678274e-01,-1.095765e+00
2.425086e+00,2.116567e+00,1.214887e+01,7.587988e+00,9.111791e-01,-1.146667e+00
3.895562e+00,3.551376e+00,1.239485e+01,8.066466e+00,9.530122e-01,-1.008927e+00
6.768232e+00,1.082128e+01,9.821162e+00,7.806701e+00,4.340027e-02,-6.077810e-01
-3.429350e-01,4.881906e+00,6.054691e+00,6.741432e+00,-6.212321e-01,-1.297296e+00
-1.190365e+01,-5.354797e+00,8.898585e+00,4.286784e+00,8.760882e-01,-1.031512e+00
1.786997e+00,-1.017875e+01,-2.391687e+00,1.642232e+00,2.714019e+00,4.431718e-01
3.407730e+00,-4.313535e+00,6.906390e+00,-2.614939e+00,1.997156e+00,2.053331e-01
5.005025e+00,1.893711e+01,8.180435e+00,-4.156278e+00,1.241124e+00,3.780038e-01
1.583872e+00,1.783742e+01,6.237492e+00,-6.911329e-01,7.436496e-01,1.644845e-01
-8.595319e+00,-7.588866e+00,9.922866e+00,-2.848288e+00,5.464147e-02,-3.654144e-01
-8.794900e+00,3.682891e+00,1.832979e+01,-3.607602e+00,2.389450e+00,3.117782e-01
8.214872e+00,1.736080e+01,1.137096e+01,-2.611447e+00,2.221761e+00,4.995081e-01
3.834400e+00,3.966310e+00,8.389022e+00,-1.861534e+00,4.925520e-01,-6.040105e-02
-7.753359e-01,8.280892e+00,7.256835e+00,-1.910248e+00,7.252874e-02,1.616659e-01
3.780099e+00,1.180682e+01,6.533830e+00,-1.462355e+00,5.636642e-01,3.282094e-02
2.724618e+00,1.007222e+01,5.172521e+00,-1.363995e+00,9.110578e-03,-1.333879e-01
4.016799e-01,8.928364e+00,4.026729e+00,-1.206414e+00,-3.712846e-01,-1.494265e-01
-4.541469e-01,9.084959e+00,3.538619e+00,-1.155147e+00,-4.163730e-01,-2.503385e-01
-7.271047e-01,8.182806e+00,3.389071e+00,-1.180267e+00,-3.325730e-01,-2.704844e-01
-3.803765e-01,7.612519e+00,2.779700e+00,-1.254298e+00,-3.950375e-01,-3.131220e-01
9.796852e-01,7.503673e+00,2.041154e+00,-1.448627e+00,-5.564327e-01,-3.907174e-01
5.235745e-01,7.368707e+00,2.599927e+00,-1.680089e+00,-7.925114e-01,-3.676838e-01
-6.163787e-01,6.591985e+00,2.851397e+00,-2.019711e+00,-6.424201e-01,-1.391312e-01
5.978247e-01,9.611051e+00,7.137161e-01,-2.373972e+00,-3.480828e-01,1.166933e-01
4.391562e+00,8.360467e+00,-3.259636e-01,-2.897601e+00,-4.724736e-01,1.711111e-01
6.235163e+00,1.042482e+01,-1.191121e+00,-3.520424e+00,-9.495240e-01,1.201058e-01
7.528792e+00,1.597780e+01,-2.646616e+00,-4.398035e+00,-2.111297e+00,-1.140023e-01
4.930433e+00,2.294671e+01,2.308702e+00,-4.867759e+00,-3.484127e+00,-3.587542e-01
-9.250739e+00,1.873996e+01,1.890507e+01,-4.420490e+00,-3.939999e+00,-2.522986e-01
-9.602157e+00,1.902993e+01,1.755755e+01,-3.451926e+00,-2.457636e+00,1.013465e-01
-1.488384e+00,2.118921e+00,1.987904e+01,-8.397076e-01,3.359432e-01,1.821815e-01
5.449598e+00,8.944025e+00,9.614167e+00,-1.521463e-01,1.824143e+00,3.832319e-01
5.146350e+00,7.320654e+00,1.149854e+01,2.473811e+00,1.812091e+00,-3.578931e-01
5.510127e+00,3.453791e+00,9.441069e+00,3.892686e+00,1.781775e+00,-5.062854e-01
6.759810e+00,1.159878e+00,8.070537e+00,5.005092e+00,1.527569e+00,-7.427549e-01
5.722872e+00,5.566599e-01,9.867159e+00,5.825148e+00,1.197330e+00,-1.069875e+00
4.862775e+00,2.159467e+00,9.608150e+00,6.728965e+00,8.193292e-01,-1.118024e+00
4.180253e+00,2.786458e+00,1.094544e+01,7.571399e+00,6.109371e-01,-1.172959e+00
5.033710e+00,5.535872e+00,1.246576e+01,8.230656e+00,2.424483e-01,-8.962460e-01
4.353736e+00,1.196552e+01,9.152797e+00,8.220901e+00,-3.764578e-01,-3.892605e-01
-4.815494e+00,5.380502e+00,6.232868e+00,7.082963e+00,-3.923847e-01,-6.765160e-01
-1.021825e+01,-5.920173e+00,3.209192e+00,5.125788e+00,1.344089e+00,-3.341886e-01
4.408600e+00,-9.070884e+00,-4.014291e+00,9.046700e-01,2.120822e+00,5.423944e-01
5.203458e+00,-5.742127e+00,3.084422e+00,-1.858796e+00,1.206566e+00,2.697346e-01
3.570342e+00,2.033230e+01,9.481526e+00,-4.817614e+00,-4.118330e-01,-3.272077e-01
1.122458e+01,3.445584e+01,-1.764649e+00,-1.651688e+00,-4.771086e-01,4.297622e-01
-1.636159e+01,-5.406503e+00,1.157923e+01,-2.534301e+00,-5.439382e-01,-6.431547e-01
-1.068137e+00,-6.838157e-01,1.446041e+01,-2.942235e+00,2.636726e+00,1.019704e+00
3.482118e+00,2.272438e+01,1.208825e+01,-2.737570e+00,2.892486e+00,2.048170e-01
6.866577e+00,1.133192e+01,6.088021e+00,-1.480774e+00,1.264219e+00,2.925452e-01
4.762115e+00,7.364043e+00,4.929804e+00,-1.655360e+00,-9.180643e-02,-1.454213e-01
-1.055625e+00,1.097493e+01,5.850290e+00,-1.492661e+00,-3.902229e-01,-1.875959e-01
9.792865e-01,1.061049e+01,4.660160e+00,-1.380675e+00,5.126370e-02,-1.324837e-01
2.317846e-01,8.822292e+00,2.954304e+00,-1.306857e+00,-2.370903e-01,-2.083638e-01
9.622827e-01,8.911084e+00,2.509372e+00,-1.326720e+00,-2.528836e-01,-1.751587e-01
1.414027e+00,9.200419e+00,2.254084e+00,-1.408591e+00,-4.517733e-01,-2.396360e-01
4.791241e-01,7.419944e+00,1.740342e+00,-1.556021e+00,-8.676484e-01,-4.382433e-01
-2.160651e+00,7.628674e+00,2.384532e+00,-1.712640e+00,-1.129880e+00,-5.179296e-01
-2.214394e+00,7.548817e+00,3.785015e+00,-1.841069e+00,-6.604568e-01,-4.034628e-01
4.180822e-01,8.311276e+00,5.355213e+00,-1.929708e+00,-2.970067e-01,-2.011005e-01
2.117845e+00,8.735784e+00,2.560471e+00,-2.068976e+00,-2.478463e-01,-2.187909e-02
2.192355e+00,9.471436e+00,1.640131e+00,-2.338300e+00,-4.844176e-01,6.173004e-02
3.685199e+00,9.082967e+00,2.328228e-01,-2.922245e+00,-9.636491e-01,3.878154e-02
4.003242e+00,1.050473e+01,-1.542381e+00,-3.496471e+00,-1.354894e+00,5.777369e-02
8.859461e+00,1.392595e+01,-3.832063e+00,-4.301239e+00,-1.819907e+00,-3.561297e-02
6.624036e+00,1.954390e+01,3.600692e+00,-4.780689e+00,-3.084757e+00,-3.278064e-01
-7.102897e+00,1.915256e+01,1.719139e+01,-4.900267e+00,-4.835950e+00,-4.942100e-01
-1.496981e+01,2.744095e+01,1.976283e+01,-3.894628e+00,-3.537323e+00,1.282929e-01
-9.657393e+00,1.612270e+00,2.326503e+01,-8.668768e-01,1.882640e-01,8.497821e-01
2.594428e+00,8.135139e+00,1.239661e+01,-3.553613e-01,2.817688e+00,1.145787e+00
9.909585e+00,9.298825e+00,1.248673e+01,2.377151e+00,2.528734e+00,4.733217e-01
8.487444e+00,2.443650e+00,9.440587e+00,3.962734e+00,1.639625e+00,-6.547076e-02
5.775328e+00,2.203490e-01,8.387115e+00,5.034551e+00,8.278453e-01,-7.247973e-01
4.405295e+00,9.259658e-01,8.924117e+00,5.759627e+00,4.528195e-01,-1.110196e+00
2.790000e+00,1.451704e+00,9.475682e+00,6.704676e+00,5.213677e-01,-1.222996e+00
3.174604e+00,2.471233e+00,1.017981e+01,7.460332e+00,6.148011e-01,-1.282222e+00
4.519445e+00,3.718200e+00,1.331032e+01,8.159662e+00,4.153114e-01,-1.171705e+00
5.703832e+00,1.035626e+01,1.103861e+01,8.217929e+00,-1.212754e-01,-7.242798e-01
-3.564575e+00,3.850782e+00,7.670084e+00,7.067310e+00,-1.151573e+00,-9.550201e-01
-1.420923e+01,-3.460579e+00,5.557123e+00,5.022116e+00,1.675084e-01,-7.303753e-01
-8.477989e-01,-8.977814e+00,-8.656434e-01,1.371223e+00,2.931123e+00,4.982871e-01
5.961821e+00,-1.895787e+00,-9.704810e-02,-2.182206e+00,2.907652e+00,7.860431e-01
1.493205e+01,3.416136e+01,1.114887e+01,-4.975301e+00,1.786804e+00,1.213764e+00
-6.527767e-01,-9.191743e+00,1.409291e+01,-4.316534e+00,1.347106e-01,-7.840113e-01
-4.165730e+00,-9.898870e-01,1.985144e+01,-3.809335e+00,-1.091772e-02,-4.232045e-01
3.419521e+00,1.977629e+01,1.413186e+01,-2.561507e+00,4.590804e-01,1.497834e-01
-7.094060e+00,1.078043e+01,9.625225e+00,-1.631704e+00,3.889078e-01,2.404372e-01
6.100301e-01,4.833363e+00,6.609507e+00,-1.480647e+00,1.962237e+00,7.485030e-01
7.570931e+00,1.087149e+01,7.729193e+00,-1.231139e+00,1.584730e+00,4.227631e-01
5.689153e+00,1.085194e+01,5.007522e+00,-1.087984e+00,2.975262e-01,1.497920e-01
-1.958689e-01,9.254242e+00,3.930431e+00,-8.746266e-01,-7.984943e-01,-1.505344e-01
-5.279912e-01,1.164796e+01,3.556802e+00,-8.724361e-01,-4.477143e-01,-1.186750e-01
7.930168e-01,1.001439e+01,2.753596e+00,-9.090697e-01,-2.543842e-01,-1.663153e-01
8.211696e-01,7.834621e+00,2.778679e+00,-9.903628e-01,-3.250545e-01,-1.973255e-01
-6.156266e-01,7.416676e+00,3.734577e+00,-1.175620e+00,-6.190608e-01,-1.935126e-01
-1.112545e+00,7.929113e+00,4.255424e+00,-1.242588e+00,-6.574731e-01,-1.895531e-01
4.604177e-01,8.566291e+00,9.284177e-01,-1.415229e+00,-5.615456e-01,-2.103618e-02
4.714457e-01,6.843217e+00,-1.305859e+00,-1.749343e+00,-6.049395e-01,2.957953e-02
4.255835e+00,8.375740e+00,-2.313369e+00,-2.413670e+00,-6.506999e-01,1.036359e-01
5.176122e+00,1.033300e+01,-1.389580e+00,-3.039379e+00,-1.061089e+00,9.204791e-02
1.097776e+00,1.435810e+01,-1.738536e+00,-3.765452e+00,-2.009596e+00,2.309676e-01
-5.762386e-01,1.809312e+01,-5.462456e-01,-4.182232e+00,-2.294879e+00,1.700782e-01
-8.039418e-01,1.913489e+01,1.249887e+01,-4.519408e+00,-2.920469e+00,-1.276050e-01
-2.158715e+00,2.315540e+01,1.391070e+01,-3.821201e+00,-2.176219e+00,-2.968962e-01
3.979597e-01,7.211097e+00,1.776687e+01,-1.300170e+00,-8.025173e-01,-5.743757e-01
3.853383e+00,1.047887e+01,8.526087e+00,-9.920284e-01,6.653249e-02,-6.021338e-01
-3.624565e-01,1.016593e+01,1.164704e+01,8.959248e-01,5.948339e-01,-8.317278e-01
-1.021895e+00,6.470241e+00,1.112347e+01,2.352617e+00,1.579492e+00,-7.954134e-01
3.684312e+00,4.516256e+00,1.021412e+01,3.866140e+00,2.642558e+00,-8.582037e-01
5.732914e+00,4.308689e+00,1.010738e+01,4.968946e+00,2.715263e+00,-6.805135e-01
7.376828e+00,2.722689e+00,9.196828e+00,6.251613e+00,1.907750e+00,-4.407088e-01
7.400424e+00,1.969576e+00,1.067118e+01,6.994635e+00,9.460365e-01,-3.715498e-01
5.910101e+00,4.009714e+00,1.295151e+01,7.560908e+00,-8.150562e-02,-4.419725e-01
4.624889e+00,8.342281e+00,1.125822e+01,7.848478e+00,-5.158212e-01,-4.101449e-01
-2.650299e+00,4.177994e+00,7.361224e+00,7.260870e+00,-3.670230e-01,-8.832933e-01
-9.353815e+00,1.169763e+00,4.271829e+00,5.431066e+00,3.157415e-01,-4.124730e-01
-5.132416e+00,-9.854320e+00,2.639498e-01,2.684730e+00,2.266558e+00,1.716211e-01
2.531173e+00,-8.912269e+00,4.128740e+00,-7.481629e-01,2.563864e+00,7.905524e-01
4.509683e+00,7.227360e+00,8.444974e+00,-4.297621e+00,1.229788e+00,1.443804e-01
2.457437e+01,3.900878e+01,-1.451193e+00,-1.797641e+00,9.402102e-01,9.293141e-01
-1.123740e+01,-7.334769e+00,1.199420e+01,-2.825738e+00,-9.649315e-01,-1.132687e+00
-6.269771e+00,1.163368e-01,1.511167e+01,-3.524682e+00,1.213094e+00,6.269323e-01
2.272370e+00,2.075121e+01,1.260151e+01,-2.630944e+00,1.921499e+00,-2.012979e-02
5.520117e+00,7.695416e+00,7.221178e+00,-1.433269e+00,5.728823e-01,5.379398e-02
-2.073125e+00,5.951277e+00,6.930884e+00,-1.524815e+00,9.505428e-02,-1.329372e-03
-5.068086e-01,1.188127e+01,6.797539e+00,-1.183081e+00,7.959949e-01,1.724862e-01
3.021986e+00,9.708217e+00,4.632533e+00,-1.012743e+00,5.905485e-01,5.604144e-03
2.914639e+00,8.741790e+00,4.023571e+00,-9.356773e-01,3.546402e-02,-7.534758e-02
1.433094e+00,1.082706e+01,3.753221e+00,-8.862689e-01,-4.938334e-01,-2.808886e-01
-4.253551e-01,1.001649e+01,2.216661e+00,-8.874030e-01,-7.624723e-01,-3.571219e-01
1.632567e-01,9.069540e+00,6.037220e-01,-1.014313e+00,-9.216486e-01,-4.249774e-01
-6.691576e-01,7.618988e+00,4.685959e-01,-1.250825e+00,-1.200677e+00,-4.325905e-01
-2.408597e+00,6.694594e+00,2.057725e+00,-1.552480e+00,-1.173446e+00,-3.958526e-01
-1.281294e+00,7.708188e+00,2.610144e+00,-1.765912e+00,-6.965771e-01,-1.717564e-01
1.956928e+00,9.053510e+00,-2.034057e+00,-2.171986e+00,-3.503007e-01,1.486031e-01
4.438704e+00,9.462485e+00,-2.675633e+00,-2.685473e+00,-6.073522e-01,6.340559e-02
5.709177e+00,9.148395e+00,-1.354774e+00,-3.515132e+00,-1.409712e+00,-3.252274e-02
6.569405e+00,1.101510e+01,-1.151428e-01,-4.057352e+00,-1.806294e+00,2.725483e-02
3.075059e+00,1.777582e+01,-3.804050e-01,-4.569827e+00,-2.798744e+00,9.118154e-02
-4.552185e+00,1.834042e+01,8.739942e+00,-4.923331e+00,-3.873212e+00,-3.276698e-01
-9.244791e+00,2.417675e+01,1.684380e+01,-4.047248e+00,-2.463499e+00,3.640091e-01
-7.663083e+00,1.205058e+01,1.619733e+01,-1.845562e+00,-4.899243e-01,5.367006e-01
2.887120e+00,5.594024e+00,1.366382e+01,-8.517590e-01,1.498800e+00,4.832739e-01
7.773501e+00,1.193413e+01,9.118492e+00,3.829834e-01,1.509162e+00,3.263837e-01
3.693326e+00,5.554043e+00,1.062601e+01,2.584614e+00,8.753908e-01,-5.421776e-01
3.338725e+00,3.323560e+00,8.444357e+00,3.748022e+00,9.787225e-01,-7.456189e-01
3.973048e+00,2.876605e+00,9.435052e+00,4.907897e+00,1.112803e+00,-1.093033e+00
3.930541e+00,2.738845e+00,9.654006e+00,5.851165e+00,9.566599e-01,-1.026659e+00
4.265669e+00,1.970000e+00,9.993150e+00,6.886505e+00,7.627512e-01,-9.680460e-01
5.086584e+00,3.173122e+00,1.243612e+01,7.551968e+00,5.109004e-01,-8.910409e-01
5.066181e+00,9.074356e+00,1.104624e+01,7.999022e+00,-1.856597e-02,-6.342453e-01
2.929411e+00,9.041361e+00,1.097952e+01,7.860733e+00,-2.356143e-01,-6.889888e-01
-6.955602e+00,2.182300e+00,5.931685e+00,6.125524e+00,3.304976e-01,-3.668356e-01
-7.736007e+00,-6.714398e+00,6.423146e+00,4.061043e+00,2.110682e+00,-1.245042e-02
2.457393e+00,-1.084425e+01,-5.054071e-02,2.765837e-01,3.218740e+00,9.756377e-01
6.835779e+00,1.234058e+00,4.895596e+00,-2.914264e+00,2.156755e+00,5.189329e-01
1.942581e+01,3.609320e+01,2.849659e+00,-2.472200e+00,8.274580e-01,7.474523e-01
-7.135089e+00,-4.084431e+00,7.464748e+00,-3.236205e+00,-2.142115e+00,-2.027332e+00
-3.526050e+00,-3.709009e+00,1.324153e+01,-3.513365e+00,-4.787394e-02,9.831947e-02
-4.897043e+00,1.310026e+01,1.497630e+01,-3.212354e+00,7.945690e-01,-5.218755e-02
-3.579478e-01,1.848478e+01,1.048521e+01,-1.737167e+00,1.316884e+00,3.564178e-01
1.918137e+00,2.922794e+00,5.999403e+00,-1.422245e+00,1.383653e+00,3.541975e-01
4.520973e+00,1.184575e+01,5.645404e+00,-1.356455e+00,1.155522e+00,2.840231e-01
4.744542e+00,1.145328e+01,5.885525e+00,-1.154127e+00,3.472922e-01,3.167827e-03
9.169368e-01,8.631561e+00,4.516648e+00,-1.071565e+00,-4.694086e-01,-1.538577e-01
2.288378e-01,1.004478e+01,3.725019e+00,-1.007553e+00,-4.219737e-01,-1.545252e-01
2.708855e-02,1.117799e+01,2.744210e+00,-9.567719e-01,-3.331259e-01,-1.213092e-01
2.040272e-01,9.359602e+00,1.104425e+00,-9.835609e-01,-4.346657e-01,-1.930475e-01
-1.456153e+00,7.276076e+00,9.761526e-01,-1.232324e+00,-6.947240e-01,-2.908825e-01
-1.534170e+00,7.552080e+00,1.699164e+00,-1.514342e+00,-6.488650e-01,-1.813194e-01
-2.757952e-01,8.252473e+00,2.885654e+00,-1.705411e+00,-3.422077e-01,-6.554832e-02
2.044647e+00,8.534929e+00,1.675014e+00,-1.924038e+00,-8.262889e-02,1.015435e-01
3.728709e+00,8.685075e+00,-9.296096e-01,-2.463619e+00,-4.299049e-01,1.201070e-01
4.238457e+00,9.318897e+00,-4.621339e-01,-2.979226e+00,-9.997230e-01,3.446806e-02
4.839961e+00,1.156752e+01,-4.354954e-01,-3.634771e+00,-1.515538e+00,8.886277e-02
6.298754e+00,1.421665e+01,-3.225185e+00,-4.144570e+00,-1.935276e+00,8.172474e-02
3.382321e+00,1.838288e+01,2.113150e+00,-4.726071e+00,-3.424092e+00,-1.575193e-01
-6.888759e+00,2.160228e+01,1.681398e+01,-4.682016e+00,-4.452943e+00,-2.364465e-01
-1.392594e+01,2.296641e+01,1.709852e+01,-3.223507e+00,-2.489821e+00,3.419693e-01
-9.437235e+00,4.378258e+00,2.080304e+01,-9.437077e-01,2.108351e-01,8.048924e-01
6.271509e+00,9.691222e+00,9.758528e+00,-3.482107e-02,2.777177e+00,1.146536e+00
7.052017e+00,9.507565e+00,1.083291e+01,1.834811e+00,2.495794e+00,6.176477e-01
6.555051e+00,2.993132e+00,8.372703e+00,3.374298e+00,1.875711e+00,1.532167e-01
5.695256e+00,1.397288e+00,8.103671e+00,4.382038e+00,1.307899e+00,-2.268305e-01
4.749436e+00,1.402829e+00,8.826979e+00,5.448621e+00,9.560069e-01,-7.440500e-01
4.201500e+00,2.104430e+00,9.633788e+00,6.153529e+00,7.114017e-01,-8.716746e-01
4.219518e+00,3.275836e+00,1.184408e+01,7.112689e+00,3.854548e-01,-1.016178e+00
4.080161e+00,3.821821e+00,1.353037e+01,7.818641e+00,6.134131e-02,-1.129795e+00
2.965634e+00,1.087464e+01,1.231798e+01,7.942256e+00,-2.984059e-01,-9.681485e-01
-2.980923e+00,5.577223e+00,8.832470e+00,7.331364e+00,-2.547973e-01,-1.259998e+00
-1.030278e+01,6.000546e-01,6.030242e+00,4.992766e+00,9.255927e-01,-6.383256e-01
-4.150454e+00,-8.742199e+00,-1.294721e+00,2.540733e+00,2.271890e+00,2.925697e-02
2.656918e+00,-7.633716e+00,4.280467e+00,-1.932825e+00,2.148128e+00,2.801777e-01
3.759225e+00,5.244551e+00,9.589950e+00,-4.225945e+00,1.334677e+00,1.911996e-01
1.201994e+01,2.962656e+01,3.872914e+00,-1.047667e+00,1.095113e+00,3.265697e-01
-9.017110e+00,-6.295264e+00,1.201974e+01,-2.180600e+00,4.938437e-01,-5.131835e-01
-5.385249e+00,1.590352e+00,1.759395e+01,-3.241436e+00,2.342100e+00,4.335877e-01
6.775305e+00,2.071699e+01,1.448321e+01,-2.799039e+00,2.791300e+00,2.357111e-01
8.339775e+00,4.813208e+00,7.226650e+00,-1.229578e+00,3.867162e-01,-2.461915e-01
2.267102e+00,5.911288e+00,6.577686e+00,-1.422830e+00,-3.104043e-01,-3.078377e-01
-2.865026e-01,1.323000e+01,6.029405e+00,-1.019055e+00,-1.720377e-01,-2.016327e-01
-5.387740e-01,1.031777e+01,4.103847e+00,-8.317624e-01,-2.959771e-01,-3.095895e-01
5.845531e-01,8.777353e+00,2.153462e+00,-6.647805e-01,-2.654567e-01,-2.097628e-01
1.731883e+00,1.124949e+01,-1.267247e-02,-8.411937e-01,-5.192797e-01,-1.646237e-01
9.228562e-01,7.208966e+00,-1.526627e+00,-1.063932e+00,-1.108681e+00,-4.472953e-01
-2.753283e+00,6.602519e+00,-8.134348e-01,-1.406949e+00,-1.613216e+00,-5.213368e-01
-5.207491e+00,6.796806e+00,1.454068e+00,-1.840365e+00,-1.278905e+00,-4.307531e-01
-2.270628e+00,8.027081e+00,2.925211e+00,-1.996196e+00,-5.581660e-01,-2.165324e-01
2.338211e+00,8.631605e+00,1.282647e+00,-2.252167e+00,-1.841501e-01,-2.980794e-02
4.171405e+00,8.685621e+00,-1.114871e+00,-2.660706e+00,-5.227396e-01,-8.143059e-03
3.487772e+00,8.624840e+00,9.530552e-01,-3.201948e+00,-1.035367e+00,-5.198627e-02
3.498473e+00,9.822604e+00,9.774791e-01,-3.704690e+00,-1.277794e+00,9.008731e-02
8.291643e+00,1.196237e+01,-1.553971e+00,-4.275277e+00,-1.569902e+00,9.800570e-02
5.057625e+00,1.836597e+01,-5.025827e-01,-4.716540e+00,-2.618800e+00,3.954248e-02
-6.983482e+00,1.969394e+01,1.496496e+01,-5.057122e+00,-4.533784e+00,-4.908587e-01
-1.077033e+01,2.475787e+01,1.753226e+01,-4.102951e+00,-2.832352e+00,3.115306e-01
-6.398061e+00,6.594244e+00,1.863739e+01,-1.522368e+00,-6.035454e-02,6.530622e-01
3.270636e+00,5.488599e+00,1.321369e+01,-8.511435e-01,1.759822e+00,6.174147e-01
6.764940e+00,9.954641e+00,9.637802e+00,1.186715e+00,1.469776e+00,1.143929e-01
4.068158e+00,4.811966e+00,9.774412e+00,2.832316e+00,1.017787e+00,-3.083652e-01
4.045364e+00,2.489384e+00,7.762737e+00,4.195060e+00,9.378429e-01,-5.067661e-01
3.748511e+00,2.293647e+00,8.322979e+00,5.042361e+00,9.768748e-01,-8.473030e-01
3.741646e+00,1.572622e+00,9.541464e+00,6.029037e+00,9.062397e-01,-9.234387e-01
4.370219e+00,2.762214e+00,9.504346e+00,6.692716e+00,7.885838e-01,-9.632947e-01
4.849107e+00,3.611149e+00,1.302260e+01,7.582318e+00,4.158051e-01,-1.020000e+00
4.856784e+00,7.652242e+00,1.249047e+01,7.977643e+00,-1.085293e-01,-9.106623e-01
2.790892e+00,1.053668e+01,1.037343e+01,7.633414e+00,-3.636808e-01,-1.155620e+00
-8.062138e+00,1.016268e+00,5.297745e+00,6.224846e+00,-2.928559e-01,-9.828268e-01
-7.592066e+00,-9.855069e+00,4.489932e-01,3.498573e+00,2.170444e+00,-1.459557e-01
4.647760e-01,-1.304629e+01,-5.081664e-01,1.066289e-01,3.205289e+00,7.341098e-01
8.527047e+00,6.062467e+00,6.229823e+00,-3.976443e+00,1.930495e+00,4.859458e-01
3.721707e+01,3.918093e+01,9.388187e-01,-1.803414e+00,1.194943e+00,9.516721e-01
-9.459202e+00,-1.189645e+01,1.066593e+01,-3.056293e+00,-1.852489e+00,-1.536801e+00
-1.646202e+01,-3.249075e+00,2.096944e+01,-4.063350e+00,7.470126e-02,-5.712388e-02
4.611498e+00,1.884152e+01,1.203707e+01,-2.290541e+00,1.998538e+00,8.491233e-01
5.692403e+00,1.107169e+01,9.203875e+00,-1.659680e+00,1.507244e+00,1.767073e-01
3.997317e+00,8.588032e+00,5.916259e+00,-1.561109e+00,9.788184e-01,3.214587e-01
5.782872e+00,1.117358e+01,5.568564e+00,-1.268433e+00,2.271513e-01,-1.875937e-02
1.735979e+00,1.120686e+01,4.447029e+00,-1.084867e+00,-9.243157e-01,-3.510685e-01
-1.549790e+00,9.595659e+00,3.044252e+00,-1.024712e+00,-1.000605e+00,-3.503001e-01
-1.257010e+00,8.374324e+00,1.456937e+00,-1.069574e+00,-7.035082e-01,-2.454088e-01
-9.990033e-02,7.586908e+00,1.246047e+00,-1.193930e+00,-6.333886e-01,-3.067356e-01
-1.003482e+00,7.173142e+00,1.069326e+00,-1.402553e+00,-8.037572e-01,-3.626800e-01
-1.176753e+00,6.353675e+00,1.663505e+00,-1.665301e+00,-7.928990e-01,-3.507999e-01
-1.780453e-01,7.055421e+00,3.568231e+00,-1.949063e+00,-4.427353e-01,-1.170210e-01
1.396450e+00,8.740265e+00,2.870373e+00,-2.174694e+00,-2.700625e-01,5.618397e-02
4.166730e+00,9.812297e+00,-6.317064e-01,-2.573790e+00,-4.919343e-01,8.850715e-02
4.311014e+00,8.169464e+00,-3.081971e-01,-3.031246e+00,-9.252448e-01,7.416799e-02
6.617181e+00,1.224940e+01,-1.546006e+00,-3.916583e+00,-1.352004e+00,1.691557e-01
8.711482e+00,1.703978e+01,-2.761332e+00,-4.553614e+00,-2.362931e+00,1.833103e-02
-5.597067e+00,2.000514e+01,1.259345e+01,-4.914730e+00,-4.172854e+00,-3.539539e-01
-1.214089e+01,2.430864e+01,2.037302e+01,-4.806611e+00,-4.447260e+00,-1.241594e-01
-1.477587e+01,1.491717e+01,1.844978e+01,-1.949781e+00,-1.142660e+00,8.047932e-01
-4.601067e+00,1.114473e+00,2.106995e+01,-5.006050e-01,1.811760e+00,1.201768e+00
9.205422e+00,1.113160e+01,8.945194e+00,9.200255e-01,2.595233e+00,9.963909e-01
7.538863e+00,4.713912e+00,1.095969e+01,2.987853e+00,1.912776e+00,1.727580e-01
6.000352e+00,1.709492e+00,8.112021e+00,4.680029e+00,9.639518e-01,-3.255645e-01
4.954363e+00,2.237217e+00,8.724741e+00,5.595216e+00,6.677645e-01,-9.273185e-01
3.015487e+00,2.343628e+00,1.075602e+01,6.617481e+00,4.794725e-01,-1.197703e+00
2.894902e+00,2.305796e+00,1.129100e+01,7.339361e+00,6.211369e-01,-1.250450e+00
5.270442e+00,3.489061e+00,1.218873e+01,8.060266e+00,5.593018e-01,-1.185071e+00
7.301055e+00,1.049646e+01,1.019684e+01,8.105987e+00,-1.696431e-01,-9.345265e-01
-1.314278e+00,7.011214e+00,7.281214e+00,7.432762e+00,-1.148295e+00,-1.620231e+00
-9.536218e+00,-1.550168e+00,8.399580e+00,5.918801e+00,-1.012246e-02,-1.698915e+00
-5.144515e-01,-9.758192e+00,-4.213161e+00,2.862816e+00,2.540264e+00,3.470968e-01
1.962050e+00,-8.100558e+00,-1.141465e+00,-1.201980e-01,2.417580e+00,3.981393e-01
2.386735e+00,8.231307e-01,1.028234e+01,-3.799670e+00,1.362378e+00,3.391319e-01
1.329087e+01,3.747885e+01,-1.943696e+00,-2.980071e+00,9.505865e-01,4.710987e-01
-3.449564e+00,4.903322e+00,8.087493e+00,-2.381577e+00,-5.373955e-01,-1.133935e+00
-5.123352e+00,4.181763e-01,1.350408e+01,-3.508051e+00,1.120083e+00,5.049633e-01
-2.379011e+00,8.631415e+00,1.379229e+01,-3.031441e+00,2.446624e+00,4.573683e-01
5.842164e+00,1.903992e+01,1.034910e+01,-2.479015e+00,2.118098e+00,2.582703e-01
6.496517e+00,4.744064e+00,5.672041e+00,-1.686627e+00,2.495433e-01,-2.440635e-01
-9.482697e-02,8.888918e+00,5.780687e+00,-1.757659e+00,-3.260502e-01,-2.098732e-01
5.189163e-02,1.175639e+01,6.225261e+00,-1.450562e+00,-9.591056e-02,-2.306743e-01
2.340180e-01,8.954765e+00,4.974578e+00,-1.329394e+00,-1.811326e-01,-1.614666e-01
5.301086e-01,8.296326e+00,3.919739e+00,-1.246123e+00,-2.039743e-01,-1.255556e-01
2.459018e+00,1.015666e+01,3.070491e+00,-1.288918e+00,-2.920470e-01,-1.145337e-01
6.993170e-01,8.759394e+00,2.453384e+00,-1.302167e+00,-7.421481e-01,-3.078101e-01
4.056676e-01,8.116903e+00,1.776285e+00,-1.452129e+00,-1.000587e+00,-3.872772e-01
-9.135882e-01,8.484763e+00,2.446862e+00,-1.681716e+00,-1.280374e+00,-4.076444e-01
-2.626092e+00,7.919824e+00,3.862057e+00,-1.759736e+00,-1.235377e+00,-4.033738e-01
-1.790756e+00,7.809087e+00,3.681487e+00,-1.891215e+00,-6.339142e-01,-6.458223e-02
1.762331e+00,8.624975e+00,1.410268e+00,-2.114283e+00,-1.376340e-01,2.247579e-01
5.329083e+00,8.232266e+00,-4.222655e-01,-2.699356e+00,-4.495830e-01,2.816728e-01
5.847689e+00,1.057780e+01,-5.532666e-01,-3.293139e+00,-1.094055e+00,1.737037e-01
5.382246e+00,1.381723e+01,-1.642461e+00,-3.922600e+00,-1.908067e+00,1.713232e-02
4.226554e+00,1.953513e+01,6.303261e-01,-4.418654e+00,-2.715232e+00,-4.796034e-02
-9.355539e+00,1.925239e+01,1.568323e+01,-4.518032e+00,-4.115244e+00,-1.491960e-01
-1.008919e+01,2.064683e+01,1.654246e+01,-3.666702e+00,-2.349806e+00,7.044067e-01
-8.713767e+00,1.052118e+01,1.807992e+01,-1.142048e+00,3.203170e-01,8.930400e-01
2.793703e+00,6.231564e+00,1.130880e+01,-4.277224e-01,1.802123e+00,1.006396e+00
5.918794e+00,8.127905e+00,9.998120e+00,1.423160e+00,1.936273e+00,8.385103e-01
4.581088e+00,4.789239e+00,1.074959e+01,2.978519e+00,1.576107e+00,2.360541e-01
4.906594e+00,1.545321e+00,8.140848e+00,4.442472e+00,1.327156e+00,-2.088246e-01
5.154248e+00,1.272330e+00,9.141652e+00,5.274156e+00,1.122743e+00,-6.561982e-01
4.903191e+00,1.928844e+00,9.783405e+00,6.259871e+00,6.693571e-01,-7.804088e-01
4.992203e+00,1.519925e+00,1.056898e+01,7.005204e+00,3.614441e-01,-1.011559e+00
4.989300e+00,3.208800e+00,1.285968e+01,7.808006e+00,-8.431524e-02,-1.258985e+00
4.957783e+00,8.405360e+00,1.135790e+01,8.017082e+00,-4.830159e-01,-1.180620e+00
-2.437912e+00,7.954648e+00,8.399942e+00,7.555032e+00,-6.106553e-01,-1.390108e+00
-1.124105e+01,1.671926e+00,5.556587e+00,6.249079e+00,-4.285592e-02,-1.008440e+00
-7.101841e+00,-7.838418e+00,3.350746e-01,3.197006e+00,3.341593e+00,3.795092e-01
5.494707e+00,-9.153958e+00,-1.424491e+00,-2.722002e-01,3.394159e+00,8.663374e-01
1.084155e+01,1.981116e+01,5.635616e+00,-3.581679e+00,1.339958e+00,2.586856e-01
2.393277e+01,3.882647e+01,-3.680139e+00,-2.578059e+00,-6.580461e-03,1.719850e-01
-1.275886e+01,-2.147460e+00,1.142342e+01,-3.343587e+00,-2.015980e+00,-1.377633e+00
-7.980106e+00,-1.283303e+00,1.302845e+01,-3.353145e+00,5.706492e-01,3.079711e-01
-8.626509e+00,1.217545e+01,1.552502e+01,-2.823086e+00,2.182462e+00,1.480821e-01
7.081195e+00,1.744953e+01,8.384513e+00,-1.930886e+00,2.854542e+00,5.601804e-01
6.290584e+00,5.068654e+00,4.394262e+00,-1.335045e+00,1.439329e+00,2.822316e-02
1.999894e+00,1.046165e+01,4.821228e+00,-1.344477e+00,6.606532e-01,-8.886457e-02
1.678150e+00,1.053012e+01,5.193950e+00,-1.093134e+00,1.227101e-01,-3.302209e-01
8.338744e-02,8.550953e+00,4.795999e+00,-1.044471e+00,-2.395738e-01,-4.039197e-01
3.590000e-01,9.538143e+00,4.607286e+00,-9.902174e-01,-1.320958e-01,-2.988851e-01
7.951717e-01,1.077000e+01,3.434827e+00,-9.520283e-01,-2.762372e-01,-3.611818e-01
1.394086e+00,9.592035e+00,1.026723e+00,-1.046596e+00,-5.897514e-01,-5.335582e-01
-4.481762e-01,8.390619e+00,1.029414e+00,-1.241553e+00,-9.663191e-01,-6.070615e-01
-1.648183e+00,6.671502e+00,1.874782e+00,-1.572614e+00,-8.351642e-01,-4.785624e-01
3.321318e-02,7.852425e+00,1.926909e+00,-1.868883e+00,-6.005763e-01,-3.353713e-01
1.333332e+00,7.046369e+00,-8.443734e-01,-2.224584e+00,-7.754396e-01,-3.328417e-01
1.050828e+00,7.588457e+00,-1.529143e+00,-2.721427e+00,-1.017031e+00,-3.176687e-01
1.185247e+00,7.425220e+00,-1.854104e-01,-3.495928e+00,-1.204442e+00,-3.056397e-01
3.764364e+00,8.849256e+00,7.705318e-01,-4.087428e+00,-1.304863e+00,-2.437097e-01
1.129006e+01,1.958999e+01,-1.278452e-01,-4.975695e+00,-2.279278e+00,-5.853311e-01
4.125763e+00,2.002319e+01,7.313431e+00,-5.095370e+00,-4.413864e+00,-1.225043e+00
-8.331138e+00,2.043875e+01,1.998184e+01,-4.410002e+00,-4.570332e+00,-8.810478e-01
-8.971678e+00,1.536008e+01,1.787365e+01,-2.553419e+00,-2.335340e+00,-5.070499e-01
2.026305e+00,5.327853e+00,1.332476e+01,-9.832808e-01,3.279025e-01,-4.070887e-01
8.844190e+00,1.108482e+01,7.839702e+00,-7.191825e-02,1.399946e+00,-5.752998e-01
7.974955e+00,4.845011e+00,9.072098e+00,2.355956e+00,1.540174e+00,-1.654628e+00
9.434967e+00,1.705033e+00,5.892982e+00,3.413009e+00,1.455492e+00,-1.824170e+00
8.834310e+00,2.059190e+00,7.227577e+00,4.330771e+00,8.405731e-01,-2.347223e+00
6.048541e+00,2.607811e+00,8.406223e+00,5.077396e+00,4.930018e-01,-2.572367e+00
4.813228e+00,3.489341e+00,9.771901e+00,6.177240e+00,1.609918e-01,-2.363253e+00
5.605251e+00,3.243755e+00,1.192412e+01,7.029944e+00,-3.169830e-01,-2.085660e+00
7.473579e+00,8.320703e+00,1.147563e+01,7.550991e+00,-1.512041e+00,-1.453042e+00
6.640733e+00,9.831092e+00,1.160401e+01,7.563958e+00,-2.677489e+00,-1.353344e+00
-1.121625e+01,6.814319e-01,6.385304e+00,6.145135e+00,-2.597371e+00,-1.948703e+00
-1.983747e+01,-2.212061e+00,8.549128e+00,3.891790e+00,-2.829955e-01,-1.175810e+00
-8.990981e-01,-9.265434e+00,1.090290e+00,5.039467e-01,2.912413e+00,8.435607e-01
4.316037e+00,-3.003488e+00,5.440200e+00,-2.506292e+00,2.692009e+00,7.697725e-01
1.933679e+01,3.886189e+01,8.273336e-02,-2.109268e+00,2.099125e+00,1.067940e+00
-5.393623e+00,1.618891e-01,4.438740e+00,-2.426650e+00,4.863634e-01,-6.916517e-01
8.353758e+00,-2.414130e+00,1.148075e+01,-3.118030e+00,1.652562e+00,5.827441e-01
3.645765e+00,1.156314e+01,1.213924e+01,-2.837144e+00,1.025991e-01,-5.348017e-01
-5.314736e+00,1.084801e+01,9.662361e+00,-1.937012e+00,-1.617877e+00,-4.571505e-01
-8.725156e+00,5.830645e+00,7.098482e+00,-1.561314e+00,-9.773748e-01,-1.752678e-01
-3.527607e+00,1.008618e+01,6.632391e+00,-1.288179e+00,1.190378e+00,4.579780e-01
3.108896e+00,1.199098e+01,5.585521e+00,-1.149887e+00,1.482971e+00,5.245832e-01
5.646778e+00,7.705414e+00,3.734132e+00,-1.122843e+00,2.070754e-01,1.002068e-01
1.556103e+00,9.528045e+00,4.119003e+00,-1.123342e+00,-8.160022e-01,-1.914391e-01
-1.545846e+00,1.036919e+01,3.914763e+00,-1.042744e+00,-1.219378e+00,-4.294899e-01
-2.890930e+00,9.258129e+00,2.723467e+00,-1.066826e+00,-1.041024e+00,-3.582499e-01
-1.563659e+00,8.053350e+00,2.148195e+00,-1.219884e+00,-8.831557e-01,-2.842649e-01
-1.654379e+00,8.109083e+00,2.988673e+00,-1.367150e+00,-8.181657e-01,-2.296406e-01
2.736792e-01,7.819319e+00,3.654279e+00,-1.568220e+00,-5.907348e-01,-1.237694e-01
3.026534e+00,8.344008e+00,1.295491e+00,-1.815891e+00,-6.213532e-01,-6.031808e-02
2.890844e+00,8.409332e+00,-6.605096e-01,-2.320330e+00,-1.194063e+00,-8.672153e-02
2.260183e+00,9.857811e+00,7.858457e-02,-2.838306e+00,-1.595176e+00,-1.227271e-01
6.614344e-01,1.075962e+01,6.828668e-01,-3.428115e+00,-1.660462e+00,6.650276e-02
6.138388e+00,1.130637e+01,-2.506929e+00,-3.995164e+00,-1.561761e+00,1.318557e-01
7.748152e+00,1.696174e+01,-2.718899e+00,-4.636191e+00,-3.046178e+00,-2.662314e-01
-4.191379e+00,2.182138e+01,1.470209e+01,-5.123684e+00,-4.918987e+00,-7.492627e-01
-1.367092e+01,2.507681e+01,1.819909e+01,-3.659335e+00,-3.529159e+00,-3.440104e-01
-1.316834e+01,9.955762e+00,1.943694e+01,-1.168573e+00,-6.544518e-01,1.299902e-01
7.339903e+00,1.107558e+01,1.049053e+01,-4.593521e-01,2.019189e+00,2.927312e-01
8.222827e+00,1.182584e+01,1.142873e+01,1.487181e+00,1.939337e+00,-9.600364e-02
6.125593e+00,4.065859e+00,9.797553e+00,3.739831e+00,1.451144e+00,-7.257870e-01
5.634782e+00,1.162685e+00,7.696241e+00,4.724745e+00,1.308647e+00,-1.091108e+00
5.802401e+00,1.345252e+00,1.006100e+01,5.796564e+00,1.318714e+00,-1.503313e+00
5.927364e+00,2.283384e+00,1.028656e+01,6.603049e+00,1.146566e+00,-1.554491e+00
5.428187e+00,2.703633e+00,1.255547e+01,7.779742e+00,7.441419e-01,-1.517981e+00
5.687662e+00,2.710369e+00,1.353348e+01,8.295667e+00,2.551110e-01,-1.183721e+00
4.498658e+00,1.061809e+01,1.143321e+01,8.284556e+00,-4.689216e-01,-4.940172e-01
-2.473364e+00,4.112823e+00,7.422185e+00,7.459622e+00,-6.622904e-01,-4.805499e-01
-1.178203e+01,-7.924686e+00,6.665784e+00,4.394187e+00,1.552320e+00,-1.802809e-01
-3.667096e+00,-1.049964e+01,2.003103e-01,1.262899e+00,3.470059e+00,1.022711e+00
4.481063e+00,-9.006015e+00,6.832381e+00,-2.898711e+00,2.821223e+00,1.034134e+00
1.260308e+01,2.933213e+01,4.524609e+00,-4.667446e+00,1.813093e+00,6.949376e-01
1.567388e+01,1.972724e+01,1.850973e+00,-8.967161e-01,-9.827103e-01,-1.042763e+00
-1.275117e+01,-4.798109e+00,1.395948e+01,-2.829241e+00,-1.989486e+00,-1.115581e+00
-1.150349e+01,1.310408e+01,1.880518e+01,-3.412388e+00,5.460851e-01,-1.154483e-01
-4.205027e+00,2.030988e+01,1.493379e+01,-2.467444e+00,2.160389e+00,5.620796e-01
6.682219e+00,3.201461e+00,7.099868e+00,-1.273323e+00,2.486434e+00,6.908817e-01
7.332482e+00,1.189546e+01,5.878973e+00,-1.477851e+00,2.000336e+00,5.505958e-01
9.086359e+00,1.078105e+01,3.144586e+00,-1.080397e+00,4.309824e-01,-8.907313e-02
1.348070e+00,9.468347e+00,3.814958e+00,-1.172937e+00,-1.229369e+00,-5.123165e-01
-3.753236e+00,9.548415e+00,3.272420e+00,-1.115593e+00,-1.170850e+00,-4.307719e-01
-1.131815e+00,1.071205e+01,1.482905e+00,-1.168725e+00,-4.943063e-01,-1.454470e-01
2.221437e+00,8.244089e+00,3.519206e-02,-1.318302e+00,-4.904744e-01,-2.309814e-01
-3.804396e-01,7.634083e+00,7.529640e-01,-1.582701e+00,-1.024383e+00,-3.927314e-01
-1.802058e+00,6.959613e+00,1.791501e+00,-1.924990e+00,-1.183070e+00,-4.075050e-01
-9.056103e-01,7.083682e+00,3.144637e+00,-2.100439e+00,-8.415161e-01,-1.700243e-01
1.683657e+00,1.012107e+01,4.277991e-01,-2.378995e+00,-5.671502e-01,3.936293e-02
3.134266e+00,9.738822e+00,-7.670788e-01,-2.711095e+00,-6.760130e-01,6.035132e-02
5.922734e+00,9.063884e+00,-8.865467e-01,-3.429085e+00,-1.105039e+00,1.171810e-01
5.982655e+00,1.082589e+01,-8.257818e-01,-3.935532e+00,-1.525296e+00,2.209391e-01
5.252271e+00,1.955977e+01,-9.021514e-01,-4.434441e+00,-2.411246e+00,3.421301e-01
-5.166176e+00,2.084600e+01,8.923427e+00,-4.612965e+00,-3.772681e+00,2.391547e-01
-1.192910e+01,2.413858e+01,1.563785e+01,-4.008673e+00,-2.436832e+00,5.399703e-01
-1.177941e+01,1.693456e+01,1.664948e+01,-1.653956e+00,1.932340e-02,8.641442e-01
5.102560e+00,9.298195e+00,9.322672e+00,-5.386824e-01,2.121466e+00,8.074903e-01
8.137225e+00,1.260453e+01,8.424635e+00,1.047595e+00,1.715802e+00,2.043261e-01
5.915419e+00,5.447364e+00,9.876086e+00,3.151301e+00,5.020769e-01,-4.229957e-01
3.419202e+00,3.593835e+00,8.780000e+00,4.197558e+00,-1.315590e-01,-6.316946e-01
1.796991e+00,4.027502e+00,9.804183e+00,5.461269e+00,-6.528597e-02,-9.207291e-01
7.208787e-02,3.501273e+00,1.094440e+01,6.420202e+00,2.844172e-01,-9.075614e-01
1.933284e-04,2.465423e+00,1.276833e+01,7.342591e+00,1.136914e+00,-8.665628e-01
2.530672e+00,4.783628e+00,1.369144e+01,7.912930e+00,1.658143e+00,-5.078608e-01
5.240373e+00,1.028402e+01,1.218028e+01,8.133681e+00,1.600751e+00,1.182885e-01
2.267230e+00,2.448121e+00,8.346111e+00,7.513018e+00,1.224999e+00,-3.167710e-01
-5.287525e+00,-3.174464e+00,9.232030e+00,5.125452e+00,1.485774e+00,-4.828723e-02
-3.847602e+00,-9.747807e+00,-2.691281e-01,2.720036e+00,2.433204e+00,3.264531e-01
1.772193e-01,-1.074872e+01,4.586168e+00,-2.025641e+00,2.143680e+00,3.464348e-01
6.273674e+00,2.548923e+01,1.219594e+01,-4.627175e+00,1.343343e+00,3.014393e-01
2.720338e+01,3.480111e+01,2.006273e+00,-1.359151e+00,8.993650e-01,3.547196e-01
-1.065388e+01,-1.342893e+01,1.113859e+01,-2.606860e+00,-1.708708e+00,-1.389370e+00
-1.553502e+01,1.031792e+01,2.331132e+01,-4.457486e+00,2.382398e+00,3.847399e-01
7.108634e-01,2.169872e+01,1.260096e+01,-2.258622e+00,3.094400e+00,9.944632e-01
8.798698e+00,3.349986e+00,8.341728e+00,-1.646642e+00,1.845035e+00,3.209683e-01
3.550450e+00,1.100376e+01,7.330747e+00,-1.782021e+00,8.777337e-01,3.580731e-01
4.871258e+00,1.056650e+01,6.146014e+00,-1.176432e+00,-2.292263e-02,-1.462264e-01
9.268500e-01,1.012584e+01,4.566741e+00,-1.046379e+00,-3.292121e-01,-1.968436e-01
6.791270e-01,9.337111e+00,3.635830e+00,-9.078751e-01,1.351436e-01,-1.198080e-01
2.566350e+00,1.019380e+01,2.605341e+00,-9.442564e-01,2.941581e-01,-1.636887e-01
9.544402e-01,7.915216e+00,2.732947e+00,-1.061100e+00,-5.320093e-01,-4.473963e-01
-8.499498e-01,7.275068e+00,2.617082e+00,-1.201874e+00,-8.244539e-01,-5.489359e-01
-1.128095e+00,7.167415e+00,1.441738e+00,-1.446698e+00,-7.384437e-01,-3.841019e-01
-6.105691e-01,7.244978e+00,1.144978e+00,-1.716335e+00,-4.311945e-01,-7.808528e-02
4.293546e+00,8.726917e+00,-6.584732e-01,-2.294672e+00,-2.151465e-01,8.921008e-02
5.991772e+00,1.022360e+01,-4.803071e-01,-2.837756e+00,-7.385862e-01,5.240402e-02
2.594513e+00,9.782300e+00,6.424781e-01,-3.383268e+00,-1.325815e+00,1.187074e-01
9.771903e+00,1.171338e+01,-1.645453e+00,-3.828740e+00,-1.310061e+00,2.784174e-01
9.177710e+00,1.571560e+01,-2.577192e+00,-4.522427e+00,-2.819546e+00,-2.117652e-02
-2.939843e+00,1.908293e+01,1.018237e+01,-4.818413e+00,-4.876752e+00,-1.435298e-01
-1.691532e+01,2.552808e+01,1.833153e+01,-4.300050e+00,-3.855493e+00,3.692786e-02
-2.023837e+01,1.513917e+01,1.817320e+01,-2.267064e+00,-1.338890e+00,8.365049e-01
2.807543e-01,6.805498e+00,1.460429e+01,-8.624588e-01,3.227859e+00,1.634192e+00
8.826037e+00,1.122284e+01,1.172834e+01,8.726469e-01,3.373083e+00,1.222046e+00
9.415122e+00,4.839595e+00,9.924095e+00,2.962768e+00,2.241367e+00,6.239355e-01
7.334978e+00,1.364614e+00,7.769659e+00,3.869008e+00,1.223572e+00,2.981837e-01
4.257728e+00,2.714231e+00,8.875775e+00,4.877687e+00,5.809136e-01,-5.255441e-01
2.417376e+00,3.333198e+00,9.736921e+00,5.777058e+00,5.740474e-01,-7.128210e-01
2.177659e+00,3.156987e+00,1.028474e+01,6.762901e+00,8.900156e-01,-7.990504e-01
4.082222e+00,3.358337e+00,1.208244e+01,7.388191e+00,1.011853e+00,-7.540985e-01
5.793231e+00,6.132524e+00,1.281371e+01,7.984744e+00,3.917484e-01,-4.162261e-01
4.690600e+00,1.115635e+01,1.075433e+01,7.989175e+00,-1.946508e-01,-5.290148e-01
-4.553619e+00,2.223412e+00,6.791892e+00,6.918897e+00,1.165517e-01,-1.116812e+00
-9.593073e+00,9.121876e-02,9.230050e+00,5.310917e+00,1.184501e+00,-5.803801e-01
-1.245756e+00,-9.531732e+00,-2.550517e+00,1.735994e+00,3.041352e+00,6.858641e-01
5.968952e-01,-8.438130e+00,3.480172e+00,-1.687900e+00,2.619948e+00,4.447373e-01
5.163085e+00,2.064486e+01,4.005135e+00,-3.759514e+00,1.729973e+00,6.122501e-01
2.536266e+01,3.183731e+01,3.008811e+00,-2.331703e+00,1.539728e+00,7.758328e-01
-4.481397e+00,-5.954562e+00,1.440513e+01,-3.790672e+00,-1.468100e+00,-1.261872e+00
-5.917543e+00,-2.796768e+00,1.516742e+01,-3.800996e+00,-1.071621e-03,-1.044813e-01
-4.845492e+00,2.343093e+01,1.600888e+01,-2.825457e+00,9.676259e-01,-1.968679e-01
9.818476e-01,8.409135e+00,8.484339e+00,-1.489164e+00,1.351692e+00,4.546877e-01
3.001077e+00,5.540724e+00,6.488020e+00,-1.575715e+00,1.702304e+00,4.280140e-01
5.732374e+00,1.218359e+01,6.124475e+00,-1.314450e+00,1.457069e+00,2.615656e-01
4.016054e+00,9.676593e+00,4.857633e+00,-1.137405e+00,-1.895917e-01,-1.957378e-01
-8.450639e-01,8.595850e+00,4.763455e+00,-1.046332e+00,-6.647992e-01,-2.377921e-01
-2.133869e+00,1.017495e+01,4.342688e+00,-9.608875e-01,1.404617e-02,-7.473670e-02
5.491544e-01,1.079158e+01,3.318627e+00,-8.979427e-01,4.711514e-01,-3.000000e-02
4.166601e+00,8.855959e+00,1.470790e+00,-9.743103e-01,1.194788e-01,-2.585003e-01
2.760469e+00,7.911744e+00,7.843020e-01,-1.283302e+00,-7.005631e-01,-4.115936e-01
-1.298198e+00,6.736799e+00,3.566707e+00,-1.520355e+00,-1.050796e+00,-5.266172e-01
-1.280550e+00,7.906803e+00,4.322337e+00,-1.697992e+00,-6.662321e-01,-2.539452e-01
2.730673e+00,8.491980e+00,8.258424e-01,-1.974097e+00,-3.075155e-01,4.876992e-02
3.654556e+00,9.404842e+00,-1.345402e+00,-2.404702e+00,-6.242354e-01,9.275359e-02
3.370674e+00,9.443465e+00,-7.291628e-01,-3.025027e+00,-1.175340e+00,3.899300e-02
5.837940e+00,9.939498e+00,-6.293719e-01,-3.508267e+00,-1.429844e+00,1.754024e-01
9.933474e+00,1.777640e+01,-4.028866e+00,-4.392289e+00,-2.829155e+00,1.853737e-01
-9.414479e-01,1.822930e+01,4.532475e+00,-4.756637e+00,-4.824510e+00,-5.002134e-01
-1.091534e+01,2.560418e+01,1.821525e+01,-4.517672e+00,-3.889070e+00,-1.497845e-01
-1.294888e+01,1.457737e+01,1.781694e+01,-2.826541e+00,-1.981730e+00,2.118049e-01
2.156849e-01,6.352749e+00,1.704146e+01,-1.382397e+00,1.378232e+00,6.261398e-01
6.854819e+00,1.281849e+01,1.142607e+01,-5.011361e-04,1.524992e+00,3.737854e-01
2.901593e+00,5.401060e+00,1.177091e+01,2.293321e+00,1.150359e+00,-1.777051e-01
1.500054e+00,2.685170e+00,1.037786e+01,3.413764e+00,1.373044e+00,-1.768113e-01
2.105856e+00,1.638054e+00,9.692198e+00,4.610400e+00,1.940243e+00,-4.726536e-01
2.353280e+00,1.413147e+00,9.912736e+00,5.531448e+00,2.291475e+00,-5.558451e-01
4.016066e+00,1.752922e+00,1.015820e+01,6.681369e+00,2.378048e+00,-4.437666e-01
4.798828e+00,1.074289e+00,1.142233e+01,7.440793e+00,2.060522e+00,-3.011570e-01
5.214831e+00,1.728987e+00,1.069192e+01,7.826334e+00,1.604128e+00,-8.551544e-02
4.232552e+00,4.698620e+00,1.073926e+01,7.453634e+00,1.071752e+00,2.448953e-01
-2.320849e-01,7.432667e+00,8.379148e+00,6.467473e+00,3.498401e-01,3.740037e-01
-5.851879e+00,4.790119e-01,4.463426e+00,5.058534e+00,9.954940e-01,1.783285e-01
-2.481055e+00,-5.870261e+00,1.787766e+00,2.562849e+00,2.302568e+00,1.729445e-01
7.636024e+00,-3.219383e+00,7.304700e-01,4.793149e-02,2.037116e+00,3.423287e-01
1.280818e+00,-1.228918e+00,7.730658e+00,-2.823700e+00,-1.437728e-01,-5.863241e-01
-3.899388e+00,2.156145e+01,4.885390e+00,-3.513515e+00,-3.761011e-01,-5.845803e-01
-4.635981e+00,1.513690e+01,5.908412e+00,-1.951281e+00,-1.341794e-01,-7.533951e-01
-9.156123e+00,3.235357e+00,1.807483e+01,-4.205056e+00,1.949539e+00,1.716232e-02
6.437929e+00,4.130098e+00,1.499371e+01,-2.999121e+00,3.974864e+00,1.011711e+00
1.193476e+01,1.130011e+01,1.046721e+01,-1.720181e+00,1.906331e+00,2.598060e-01
2.418115e+00,1.224839e+01,9.973869e+00,-1.329342e+00,-6.865152e-01,-4.697572e-01
-2.890168e+00,8.468077e+00,5.390242e+00,-1.006100e+00,-3.297929e-01,-1.480387e-01
1.272780e+00,1.218134e+01,4.127433e+00,-8.466320e-01,2.053400e-01,-2.005014e-01
4.061813e-01,9.755451e+00,3.076181e+00,-6.941307e-01,2.421680e-02,-2.127292e-01
-6.278408e-01,8.843907e+00,2.590055e+00,-6.722158e-01,-2.202491e-01,-2.214496e-01
-6.357948e-01,1.023370e+01,2.099098e+00,-7.230203e-01,-1.013714e-01,-2.307786e-01
2.490413e+00,8.251192e+00,7.977520e-01,-8.735728e-01,-2.086332e-01,-3.422982e-01
2.641715e+00,7.578222e+00,4.613266e-01,-1.164721e+00,-6.526875e-01,-4.486929e-01
-1.001623e+00,8.249414e+00,3.427322e+00,-1.530370e+00,-1.232396e+00,-5.473166e-01
-1.716779e+00,9.748247e+00,5.563221e+00,-1.582361e+00,-9.662319e-01,-3.571984e-01
9.582068e-01,8.450037e+00,1.984566e+00,-1.617190e+00,-5.471415e-01,-9.221175e-02
2.627314e+00,6.450778e+00,-9.123726e-01,-1.909646e+00,-4.835739e-01,9.021800e-02
5.651034e+00,9.898656e+00,-1.446263e+00,-2.657643e+00,-1.072788e+00,-2.612250e-02
3.485825e+00,9.440104e+00,-4.556168e-01,-3.184599e+00,-1.894554e+00,-1.644165e-01
3.702070e+00,1.087149e+01,1.079169e+00,-3.805121e+00,-2.192150e+00,2.559029e-02
4.688164e+00,1.569136e+01,-2.913370e+00,-4.309931e+00,-2.708212e+00,1.251268e-01
-3.403757e+00,1.821279e+01,5.745312e+00,-4.694255e+00,-4.008605e+00,-4.348648e-02
-6.834959e+00,2.000879e+01,1.398074e+01,-4.734302e+00,-3.278417e+00,-1.230993e-01
-9.212805e+00,1.509044e+01,1.907648e+01,-2.686152e+00,-7.333761e-01,-3.871337e-02
-1.140865e+00,3.594416e+00,2.013624e+01,-1.986578e+00,1.376371e+00,3.869008e-01
6.857247e+00,1.437654e+01,1.105751e+01,-1.021808e+00,1.693953e+00,1.994868e-01
3.817654e+00,4.983694e+00,1.340276e+01,8.591197e-01,1.416565e+00,-4.550426e-01
4.152509e+00,3.432227e+00,9.013563e+00,2.570502e+00,1.594307e+00,-5.469715e-01
2.427475e+00,3.901193e+00,9.267274e+00,3.678746e+00,1.622133e+00,-8.410559e-01
1.355925e+00,1.018439e+00,9.254941e+00,5.025052e+00,2.014394e+00,-7.957697e-01
2.489642e+00,9.852099e-01,8.884806e+00,5.838674e+00,2.345284e+00,-5.715755e-01
5.890630e+00,1.014298e+00,1.026484e+01,6.941268e+00,2.055631e+00,-2.784011e-01
7.842678e+00,1.559999e+00,1.151000e+01,7.493780e+00,1.211975e+00,-1.562544e-01
7.346893e+00,2.612322e+00,9.513018e+00,7.680693e+00,1.456352e-01,-1.979286e-01
1.429486e+00,1.637360e+00,1.015204e+01,7.145768e+00,-7.242982e-01,-4.800870e-01
-9.740747e+00,2.775742e+00,9.589574e+00,5.401395e+00,-1.323444e-01,-2.054651e-01
-1.012881e+01,-2.997728e+00,5.927569e+00,3.481302e+00,1.789812e+00,5.066210e-01
2.743782e+00,-8.476989e+00,4.882924e+00,4.222635e-01,3.300555e+00,7.738686e-01
1.014354e+01,-2.584481e+00,8.597381e+00,-2.206217e+00,2.473890e+00,5.359906e-01
1.085458e+01,2.956304e+01,-6.058463e+00,-2.572822e+00,7.820829e-01,5.483215e-01
-2.071240e-01,1.869474e+01,7.954111e+00,-1.989363e+00,-1.245083e+00,-1.071833e+00
7.760065e-01,-6.422260e+00,1.376566e+01,-3.661706e+00,3.482237e-01,-6.715471e-01
4.870876e+00,4.854530e+00,1.271854e+01,-3.377030e+00,1.011883e+00,4.436256e-01
-3.574468e+00,1.417649e+01,1.176871e+01,-1.671034e+00,-1.450166e+00,-1.082922e+00
-7.541399e+00,1.143226e+01,1.029296e+01,-1.441237e+00,-1.074689e+00,-1.303997e-01
-6.491313e+00,7.414850e+00,7.711096e+00,-8.435542e-01,7.502414e-01,3.073580e-01
2.764604e+00,1.250144e+01,7.018221e+00,-7.245158e-01,1.748421e+00,6.077052e-01
4.372320e+00,9.118627e+00,4.431794e+00,-4.023696e-01,7.328782e-01,3.252134e-01
2.480306e+00,9.199572e+00,3.608172e+00,-3.811524e-01,4.091063e-02,7.478100e-02
2.495409e+00,1.015174e+01,1.420927e+00,-4.574117e-01,-2.862696e-01,-1.072596e-01
2.430000e+00,8.667499e+00,6.026429e-02,-6.654279e-01,-6.078213e-01,-2.724973e-01
-1.562812e-02,6.965231e+00,-2.801738e-01,-1.131736e+00,-1.146637e+00,-4.163703e-01
-2.340822e+00,6.708872e+00,1.096463e+00,-1.445911e+00,-1.226334e+00,-4.153535e-01
-9.237030e-01,7.185236e+00,2.134253e+00,-1.709398e+00,-8.306792e-01,-2.259744e-01
1.546029e+00,6.661003e+00,5.042219e-01,-1.915046e+00,-5.782999e-01,-1.549097e-01
2.338229e+00,7.862211e+00,-4.859202e-02,-2.495957e+00,-7.732268e-01,-5.248393e-02
1.696646e+00,9.289197e+00,1.424297e+00,-2.938148e+00,-9.656768e-01,6.826943e-03
3.222525e+00,1.030132e+01,1.391280e+00,-3.341031e+00,-1.077279e+00,1.607171e-01
6.711810e+00,1.139704e+01,-8.127611e-01,-3.645430e+00,-1.265948e+00,2.334866e-01
6.066249e+00,1.817531e+01,-2.345224e+00,-4.350513e+00,-2.418361e+00,1.134180e-01
-1.054341e+00,1.617254e+01,6.446855e+00,-4.803224e+00,-3.875168e+00,-2.901738e-01
-7.817623e+00,2.676694e+01,1.830416e+01,-4.448702e+00,-3.145570e+00,-2.972690e-01
-1.154680e+01,1.034179e+01,2.004477e+01,-2.452185e+00,-1.599391e+00,-6.562428e-02
1.696782e+00,7.002188e+00,1.494920e+01,-1.737068e+00,1.512861e+00,7.732813e-01
4.524949e+00,1.273797e+01,1.233429e+01,-2.417827e-01,1.789978e+00,5.920666e-01
3.344516e+00,5.166137e+00,1.193099e+01,1.731676e+00,1.804062e+00,1.662987e-01
4.628163e+00,3.494218e+00,9.504559e+00,3.043752e+00,1.882159e+00,6.851071e-02
4.110750e+00,1.340427e+00,8.452743e+00,4.425756e+00,1.563753e+00,-3.468840e-01
3.200019e+00,1.343171e+00,8.051914e+00,5.242459e+00,1.240781e+00,-3.101695e-01
3.491320e+00,1.384330e+00,8.557279e+00,6.202006e+00,1.054679e+00,-2.888889e-01
4.129777e+00,8.279230e-01,1.063856e+01,6.891478e+00,8.505189e-01,-3.159780e-01
5.536774e+00,2.085562e+00,1.241452e+01,7.570787e+00,2.019156e-01,-3.120637e-01
5.531868e+00,3.134123e+00,1.179688e+01,7.828198e+00,-2.436072e-01,-4.830738e-01
-3.107678e+00,1.161225e+00,1.090685e+01,6.974167e+00,-8.624351e-01,-7.184405e-01
-1.027355e+01,1.505918e+00,1.006783e+01,5.253490e+00,-1.173727e-01,-3.743765e-01
-7.580682e+00,-9.251037e+00,5.987462e+00,1.912538e+00,2.292610e+00,4.963125e-01
-3.240454e-01,-1.030062e+01,7.640107e+00,-1.180993e+00,3.236541e+00,7.193069e-01
1.020099e+01,2.463572e+01,-8.891707e-01,-3.190000e+00,2.252357e+00,3.947681e-01
3.002951e+01,3.941000e+01,-9.904964e+00,-1.131655e+00,1.614019e+00,1.169291e+00
-1.137042e+01,-1.270770e+01,9.595569e+00,-2.394198e+00,-1.063171e+00,-1.374721e+00
1.595509e+00,3.115417e+00,1.616800e+01,-3.623320e+00,2.075333e+00,3.841367e-01
3.783850e-01,1.383687e+01,1.048607e+01,-2.025093e+00,-2.156569e-01,-4.774681e-01
-4.749724e+00,9.150034e+00,1.144013e+01,-1.440639e+00,-1.280065e+00,-8.791962e-01
-7.584269e+00,8.284373e+00,6.589556e+00,-9.541377e-01,8.237273e-02,-1.135385e-03
-1.617397e+00,1.108527e+01,6.095048e+00,-7.600431e-01,1.481606e+00,2.901876e-01
6.164752e+00,1.086716e+01,3.250969e+00,-6.102846e-01,9.717480e-01,1.618912e-01
2.109963e+00,8.724886e+00,3.208223e+00,-5.698153e-01,-1.332648e-01,-1.488829e-01
-7.299200e-01,9.169071e+00,3.318253e+00,-6.070273e-01,-7.384541e-01,-3.327368e-01
-1.857628e+00,9.085763e+00,2.553899e+00,-6.544734e-01,-5.595342e-01,-3.044474e-01
1.336131e+00,7.804198e+00,5.043212e-01,-8.067086e-01,-4.022481e-01,-3.264885e-01
1.144891e+00,7.390455e+00,3.396588e-01,-1.050577e+00,-6.731244e-01,-3.769846e-01
-2.079795e+00,6.487094e+00,2.332014e+00,-1.367444e+00,-7.542529e-01,-3.724193e-01
-1.332192e+00,8.033494e+00,3.767284e+00,-1.554101e+00,-3.330911e-01,-1.690996e-01
1.479393e+00,8.158748e+00,2.957904e+00,-1.630216e+00,-6.252065e-02,-1.045068e-01
3.111034e+00,7.816373e+00,1.335339e+00,-1.797734e+00,-1.942880e-01,-1.124171e-01
3.900000e+00,8.467721e+00,3.615325e-01,-2.280516e+00,-8.293633e-01,-2.211121e-01
2.769136e+00,8.861943e+00,7.127342e-01,-2.742473e+00,-1.389323e+00,-2.931825e-01
3.290172e-01,1.054951e+01,2.383198e+00,-3.205641e+00,-1.463728e+00,-1.261122e-01
1.024211e+01,1.068669e+01,-8.153993e-01,-3.529525e+00,-1.237983e+00,1.397868e-03
1.029074e+01,1.549207e+01,-1.958289e+00,-4.356294e+00,-2.835897e+00,-2.725564e-01
-8.188621e-01,1.695587e+01,5.778541e+00,-4.676367e+00,-4.490051e+00,-7.211665e-01
-1.333538e+01,2.733015e+01,2.021099e+01,-4.536077e+00,-3.812783e+00,-3.999154e-02
-1.400218e+01,1.864672e+01,1.886331e+01,-2.368203e+00,-1.327120e+00,6.827786e-01
2.561312e-01,1.433196e+00,1.934800e+01,-1.372617e+00,1.713349e+00,1.098065e+00
9.726456e+00,1.036681e+01,9.648620e+00,-7.040675e-01,2.146800e+00,9.590593e-01
6.247914e+00,5.710157e+00,9.953997e+00,1.282887e+00,1.181825e+00,1.726400e-01
4.890192e+00,2.611212e+00,7.005643e+00,2.448636e+00,7.677532e-01,-1.682298e-01
2.221149e+00,1.617239e+00,8.341638e+00,3.847950e+00,5.985833e-01,-6.517432e-01
1.261415e+00,2.070905e+00,9.112716e+00,4.742134e+00,8.935019e-01,-7.407563e-01
1.687071e+00,1.480012e+00,8.594282e+00,5.775767e+00,1.287073e+00,-6.510531e-01
3.635533e+00,1.174382e+00,1.028750e+01,6.492523e+00,1.392388e+00,-6.297820e-01
5.735519e+00,1.113312e+00,1.237675e+01,7.469212e+00,9.349911e-01,-6.108250e-01
6.554363e+00,2.319575e+00,1.170898e+01,7.885513e+00,2.687863e-01,-6.250208e-01
1.094085e+00,4.967935e+00,1.173022e+01,7.410715e+00,-7.722040e-01,-6.204257e-01
-5.795129e+00,6.533226e+00,1.009775e+01,6.181436e+00,-7.115041e-01,-5.653429e-01
-1.164753e+01,-4.413025e+00,4.839286e+00,3.408442e+00,1.823070e+00,2.669217e-01
-1.879111e+00,-8.148393e+00,4.549195e+00,6.298054e-01,3.574768e+00,7.647143e-01
1.120662e+01,-1.512082e+00,6.624669e+00,-2.431075e+00,2.940419e+00,6.952984e-01
1.037471e+01,1.313547e+01,1.001400e+01,-3.849523e+00,8.450415e-01,-2.889160e-01
2.222457e+01,3.595165e+01,-5.250936e+00,5.954173e-02,-1.036151e+00,-1.311871e-01
-1.107057e+01,-5.878946e+00,1.426462e+00,-1.181065e+00,-2.590126e+00,-2.021562e+00
-9.340853e+00,2.563844e+00,1.124397e+01,-3.089899e+00,9.060067e-01,4.408826e-01
-3.077809e+00,2.349104e+01,1.369582e+01,-2.843394e+00,2.232877e+00,4.861105e-01
4.590920e+00,5.812369e+00,7.070927e+00,-1.371198e+00,9.232317e-01,2.150764e-01
4.058730e+00,7.356762e+00,6.059911e+00,-1.527143e+00,2.975268e-01,1.698414e-01
4.605904e-01,1.161552e+01,5.837316e+00,-1.218267e+00,1.846043e-01,9.773984e-02
2.186305e+00,1.096875e+01,4.600747e+00,-1.184656e+00,2.495854e-01,1.665476e-02
1.444813e+00,7.950780e+00,2.803373e+00,-1.125293e+00,-2.190852e-01,-8.754362e-02
1.174516e+00,8.760387e+00,2.660548e+00,-1.158181e+00,-4.208145e-01,-7.926944e-02
-3.668886e-01,8.619070e+00,3.135351e+00,-1.196638e+00,-7.575794e-01,-2.271041e-01
-1.323230e+00,7.903191e+00,3.046538e+00,-1.239961e+00,-7.216909e-01,-2.912657e-01
-1.483549e+00,8.507591e+00,3.015711e+00,-1.335864e+00,-4.799083e-01,-2.386731e-01
-6.896863e-01,8.022780e+00,3.569148e+00,-1.382090e+00,-2.516378e-01,-1.986209e-01
2.783256e+00,8.497752e+00,4.158005e+00,-1.495583e+00,-2.154189e-01,-1.909466e-01
3.349227e+00,7.511237e+00,1.050515e+00,-1.726944e+00,-5.700922e-01,-2.195353e-01
1.908654e+00,8.537693e+00,7.294239e-01,-2.267924e+00,-9.884173e-01,-1.651408e-01
2.855777e+00,9.798699e+00,1.848265e+00,-2.728267e+00,-1.093627e+00,-1.407435e-01
3.879905e+00,1.020579e+01,2.622006e+00,-3.258035e+00,-1.410335e+00,5.209220e-02
6.604308e+00,1.517422e+01,-1.350311e+00,-3.767143e+00,-1.901455e+00,2.944318e-01
4.589118e+00,2.053735e+01,-2.730589e+00,-4.364668e+00,-3.098244e+00,4.783428e-02
-6.794270e+00,1.526331e+01,1.408095e+01,-4.549264e+00,-4.393193e+00,-2.646148e-01
-9.645196e+00,2.063192e+01,1.863346e+01,-3.937793e+00,-2.360594e+00,-9.666376e-02
-8.717265e+00,1.269610e+01,1.824035e+01,-1.864443e+00,-3.432152e-01,2.634969e-01
5.840174e+00,3.982358e+00,1.241291e+01,-1.109331e+00,1.618878e+00,4.541533e-01
7.394978e+00,9.852195e+00,9.787515e+00,-1.344577e-01,1.591908e+00,7.955794e-02
3.438721e+00,5.526254e+00,1.136662e+01,2.263679e+00,1.158296e+00,-8.270701e-01
4.157364e+00,1.106087e+00,7.542709e+00,3.399994e+00,1.446753e+00,-8.076783e-01
4.771785e+00,8.445081e-01,7.743042e+00,4.346599e+00,1.688677e+00,-1.165872e+00
4.774981e+00,4.749809e-01,8.111445e+00,5.130383e+00,1.711136e+00,-1.284648e+00
5.982014e+00,1.757707e+00,8.072772e+00,6.064674e+00,1.465848e+00,-1.419204e+00
5.951167e+00,2.488249e+00,1.011549e+01,6.932126e+00,9.593779e-01,-1.495937e+00
8.958974e+00,3.736337e+00,1.205107e+01,7.549227e+00,1.790149e-01,-1.412688e+00
9.472395e+00,4.999307e+00,1.068450e+01,7.176095e+00,-8.224582e-01,-1.363757e+00
3.549729e+00,4.099173e+00,9.029097e+00,5.875414e+00,-2.740857e+00,-1.981137e+00
-5.909052e+00,2.633315e+00,8.279618e+00,4.521051e+00,-2.952138e+00,-1.795992e+00
-1.157496e+01,-3.819893e+00,3.274609e+00,2.100949e+00,-7.271989e-01,-5.163631e-01
-4.568436e+00,-6.661500e+00,3.592674e+00,-1.659939e-01,1.655189e+00,3.827282e-01
8.107209e+00,-1.423270e+00,7.076016e+00,-3.111320e+00,2.322043e+00,1.288285e+00
1.622124e+01,3.848356e+01,-6.701348e+00,-2.840398e+00,1.460236e+00,1.087683e+00
-2.693067e+00,1.344865e+01,1.046650e+00,-3.839053e-01,-1.835716e+00,-1.305073e+00
-1.914356e+01,-1.985227e+00,1.052244e+01,-2.854300e+00,-6.559463e-01,-4.261928e-01
5.225708e+00,1.110047e+01,8.654042e+00,-2.715024e+00,2.130892e+00,1.044220e+00
3.910763e+00,1.016475e+01,7.530034e+00,-2.084420e+00,1.541224e+00,3.810815e-01
4.726731e+00,9.491934e+00,8.241662e+00,-1.827861e+00,4.188848e-01,1.897852e-01
2.025694e+00,8.860973e+00,4.274613e+00,-1.526750e+00,-6.726606e-01,-1.244807e-01
-3.163296e+00,1.052609e+01,6.109263e+00,-1.507325e+00,-7.866242e-01,-6.304490e-02
-7.953274e-01,1.023781e+01,6.246110e+00,-1.357781e+00,-2.535616e-01,4.090102e-02
1.511296e+00,8.345536e+00,4.688704e+00,-1.157869e+00,-1.469619e-01,8.038599e-02
1.360431e+00,8.609077e+00,3.764754e+00,-1.072322e+00,-4.999201e-01,2.286835e-02
-3.189526e-01,8.625630e+00,3.877185e+00,-1.073019e+00,-8.719891e-01,-1.545050e-01
-6.005891e-01,8.589341e+00,3.696424e+00,-1.124455e+00,-9.608594e-01,-2.117844e-01
-5.781315e-02,7.766932e+00,3.646017e+00,-1.213793e+00,-1.071721e+00,-2.785582e-01
1.215810e-01,7.984090e+00,3.955017e+00,-1.310262e+00,-1.191806e+00,-2.973453e-01
5.527124e-01,7.190844e+00,2.881182e+00,-1.427338e+00,-1.252992e+00,-3.022409e-01
2.044552e-01,6.765711e+00,2.143863e+00,-1.665629e+00,-1.330537e+00,-2.631621e-01
-5.013871e-01,7.582493e+00,2.418933e+00,-2.122196e+00,-1.339070e+00,-1.516797e-01
8.476294e-01,8.000454e+00,2.959210e+00,-2.480452e+00,-1.312364e+00,-1.091106e-01
2.917561e+00,8.399651e+00,3.012244e+00,-2.885550e+00,-1.415532e+00,-6.758213e-02
4.945786e+00,1.010896e+01,1.710661e+00,-3.264001e+00,-1.587593e+00,-7.255557e-02
3.764082e+00,2.007906e+01,2.470854e+00,-4.133637e+00,-2.665410e+00,-4.811947e-02
-1.861969e+00,2.271059e+01,7.034874e+00,-4.374031e+00,-3.484327e+00,-2.190587e-01
-5.775531e+00,1.418343e+01,1.652588e+01,-3.757228e+00,-3.198857e+00,-2.735675e-01
-6.013841e+00,8.911015e+00,2.014704e+01,-2.750370e+00,-1.567269e+00,-5.770135e-01
1.630124e+00,4.353838e+00,1.605797e+01,-1.297868e+00,7.750552e-01,-5.377529e-01
7.358026e+00,8.634575e+00,8.247335e+00,-3.981768e-02,1.339870e+00,-7.950913e-01
3.496535e+00,2.234926e+00,9.511252e+00,1.767198e+00,1.418019e+00,-1.629680e+00
5.736453e+00,2.786699e+00,6.992168e+00,2.623587e+00,1.711162e+00,-1.584074e+00
5.551256e+00,1.064976e+00,9.180468e+00,4.118775e+00,1.797297e+00,-1.932789e+00
7.711705e+00,2.938239e-01,7.335727e+00,4.908167e+00,1.760941e+00,-1.797471e+00
9.580062e+00,9.298437e-01,7.840344e+00,5.786183e+00,8.037107e-01,-1.905400e+00
9.131574e+00,1.430618e+00,9.040111e+00,6.394399e+00,-3.524737e-01,-2.190913e+00
8.936227e+00,3.731534e+00,8.921319e+00,6.707264e+00,-1.731846e+00,-2.468548e+00
6.305475e+00,6.103332e+00,9.284529e+00,6.504917e+00,-2.646292e+00,-2.800289e+00
-1.323935e+00,7.486259e+00,7.367712e+00,5.808961e+00,-3.333559e+00,-2.723098e+00
-1.013237e+01,8.798426e+00,6.563015e+00,4.979208e+00,-2.937800e+00,-1.875141e+00
-7.380043e+00,-7.561337e-01,-2.317257e+00,3.237915e+00,3.812878e-01,4.346722e-02
1.056424e-01,-8.860757e+00,-6.053549e+00,1.002174e+00,1.718125e+00,1.036124e-01
8.817245e+00,7.299347e+00,2.387481e+00,-1.846320e+00,7.299009e-01,9.531972e-01
6.564887e+00,2.396443e+01,6.180740e-01,-2.099026e+00,-4.028955e-01,4.222410e-01
-5.556221e+00,1.222501e+01,2.487714e+00,-1.332972e+00,-1.194524e+00,-3.090408e-01
-8.535394e+00,3.084306e+00,7.212806e+00,-1.975136e+00,-7.613734e-02,2.765066e-01
1.780941e+00,1.248083e+01,8.452157e+00,-2.331301e+00,1.560017e+00,8.100920e-01
5.116603e+00,1.225612e+01,6.638850e+00,-1.725694e+00,1.370596e+00,5.768734e-01
2.713489e+00,8.624623e+00,6.275944e+00,-1.576628e+00,-3.941766e-02,2.061997e-01
-1.436487e+00,9.568988e+00,5.752318e+00,-1.295557e+00,-4.481287e-01,7.690439e-02
-2.048662e+00,9.825303e+00,4.054857e+00,-1.167071e+00,-1.129383e-01,2.079710e-01
2.660221e-01,9.733768e+00,2.929439e+00,-1.175061e+00,4.998080e-02,2.439597e-01
1.397543e+00,8.104447e+00,3.205307e+00,-1.266019e+00,-2.855913e-01,1.931166e-01
4.798803e-01,8.002287e+00,3.263138e+00,-1.287633e+00,-6.918909e-01,7.492418e-02
-1.068785e+00,8.470000e+00,3.544449e+00,-1.283861e+00,-1.045429e+00,-9.174888e-02
-1.470241e+00,8.332144e+00,4.316632e+00,-1.264197e+00,-1.052434e+00,-1.556689e-01
-1.356306e+00,8.471458e+00,5.157898e+00,-1.213584e+00,-7.689486e-01,-1.098987e-01
-1.161732e+00,7.374922e+00,5.069689e+00,-1.178744e+00,-5.385834e-01,-1.982980e-02
-1.323539e-01,7.120346e+00,4.153323e+00,-1.210193e+00,-2.209055e-01,1.225118e-01
6.279779e-01,7.097978e+00,3.912787e+00,-1.285540e+00,-1.380136e-01,1.260744e-01
-2.633442e-01,7.896656e+00,4.314984e+00,-1.434053e+00,-3.408316e-01,5.583502e-02
3.488532e-01,7.659745e+00,3.411274e+00,-1.601034e+00,-3.733394e-01,4.042047e-02
1.562383e+00,7.468715e+00,2.446332e+00,-1.898755e+00,-5.332588e-01,3.385533e-02
1.657190e+00,7.987599e+00,2.791596e+00,-2.203892e+00,-7.932979e-01,1.462084e-02
4.527215e+00,7.986162e+00,-5.025708e-01,-2.875704e+00,-1.287586e+00,-1.075791e-01
6.467028e+00,8.859380e+00,-3.934134e+00,-3.856002e+00,-1.980547e+00,-1.710487e-01
3.744944e+00,2.433931e+01,7.574396e+00,-4.814235e+00,-3.387011e+00,-2.239518e-01
-4.689272e+00,1.921659e+01,1.451026e+01,-4.280840e+00,-4.235977e+00,-4.057135e-01
-5.727129e+00,1.098277e+01,1.679127e+01,-2.976849e+00,-2.793758e+00,-3.725932e-01
-6.281455e+00,7.771948e+00,1.538636e+01,-1.798422e+00,-1.378178e+00,-7.006839e-01
2.794991e+00,5.450971e+00,8.889378e+00,-7.359928e-01,4.813072e-01,-6.293800e-01
5.779770e+00,9.844483e+00,6.003666e+00,3.991210e-01,9.979600e-01,-7.454232e-01
3.927826e+00,3.311063e+00,7.911595e+00,2.345274e+00,9.299050e-01,-1.466053e+00
3.977862e+00,3.686034e+00,6.224366e+00,3.077253e+00,1.023510e+00,-1.445204e+00
2.593630e+00,4.262803e+00,7.665255e+00,3.990139e+00,1.375009e+00,-1.799580e+00
2.871059e+00,5.129784e+00,8.455529e+00,4.664255e+00,1.847532e+00,-1.676261e+00
5.492876e+00,5.975352e+00,8.247496e+00,5.733504e+00,1.833021e+00,-1.349857e+00
7.689534e+00,5.463406e+00,8.268390e+00,6.274091e+00,1.354265e+00,-1.111745e+00
9.498098e+00,8.068968e+00,8.913696e+00,6.603484e+00,-4.646720e-01,-7.560632e-01
4.837518e+00,8.873652e+00,7.355328e+00,6.497684e+00,-1.894259e+00,-8.932910e-01
-5.677092e+00,4.091310e+00,5.090314e+00,5.629132e+00,-1.679064e+00,-1.093888e+00
-1.196875e+01,-5.676772e-01,4.167409e+00,4.319607e+00,7.952361e-02,-5.547038e-01
2.197373e+00,-6.902465e+00,-3.024450e+00,1.203966e+00,2.828568e+00,8.214844e-01
4.829292e+00,-5.746750e+00,-1.146098e-01,-1.442341e+00,2.403732e+00,9.653738e-01
5.226929e+00,1.587461e+01,1.229150e+01,-3.862888e+00,1.559690e+00,8.912442e-01
9.411068e+00,3.621016e+01,2.113101e+00,-1.303280e+00,8.878771e-01,7.219394e-01
-1.025801e+01,-4.159529e+00,7.769657e+00,-1.921969e+00,1.151032e-01,-1.849335e-01
-1.036587e+01,3.279280e-01,1.488611e+01,-3.348198e+00,2.121196e+00,-6.392022e-02
9.868228e+00,1.571566e+01,8.176186e+00,-2.769387e+00,2.870106e+00,1.268360e+00
5.201925e+00,7.202636e+00,8.398193e+00,-2.047833e+00,9.477602e-01,-2.457352e-02
3.416190e+00,1.059889e+01,7.342366e+00,-1.994530e+00,-3.700576e-01,2.522073e-02
-1.223276e+00,8.737008e+00,7.870639e+00,-1.606383e+00,-1.029936e+00,-2.787831e-01
-1.003342e+00,9.261510e+00,6.559451e+00,-1.440196e+00,-4.302295e-01,9.617205e-03
2.025980e+00,8.677551e+00,4.931824e+00,-1.315811e+00,4.723595e-02,2.858637e-02
4.086559e+00,7.923544e+00,3.898412e+00,-1.305201e+00,-3.824192e-01,-1.438529e-01
8.551514e-01,6.996307e+00,4.275327e+00,-1.252840e+00,-1.075162e+00,-4.262795e-01
-4.807691e+00,8.177316e+00,3.904590e+00,-1.338852e+00,-1.036049e+00,-4.138256e-01
-2.980893e+00,7.534546e+00,2.781681e+00,-1.443107e+00,-3.174722e-01,-1.876637e-01
2.668964e+00,6.113360e+00,1.821375e+00,-1.775187e+00,2.298618e-01,-5.587211e-03
4.384419e+00,6.604398e+00,1.266515e+00,-2.157787e+00,-4.003263e-01,-1.537632e-01
1.895547e+00,7.711321e+00,1.447170e+00,-2.731846e+00,-1.301878e+00,-3.631574e-01
1.370102e+00,8.476777e+00,9.741656e-01,-3.222743e+00,-1.605531e+00,-3.485690e-01
1.066712e+00,1.174095e+01,1.966145e+00,-4.048116e+00,-1.634157e+00,-5.130668e-02
4.605719e+00,1.362945e+01,1.027431e+00,-4.521644e+00,-1.557925e+00,3.643799e-02
2.816919e+00,2.866668e+01,8.472348e+00,-5.237772e+00,-2.936567e+00,-1.531879e-01
-1.309790e+01,2.540310e+01,2.291260e+01,-4.786244e+00,-4.870620e+00,-4.440245e-01
-1.297147e+01,1.093861e+01,2.183384e+01,-2.185297e+00,-1.592418e+00,2.662327e-01
-5.561512e+00,3.379221e+00,2.372810e+01,-1.313488e+00,1.221798e+00,3.559831e-01
9.078498e+00,1.371640e+01,1.408844e+01,9.908375e-01,2.201183e+00,2.823054e-01
9.003453e+00,5.859626e+00,1.385688e+01,3.111136e+00,2.036564e+00,-4.557929e-01
8.044217e+00,5.358049e-01,7.417560e+00,4.925979e+00,1.429896e+00,-9.045852e-01
3.995040e+00,1.576559e+00,1.107466e+01,5.782272e+00,1.039347e+00,-1.123995e+00
2.738600e+00,2.491927e+00,1.166175e+01,6.903120e+00,1.550620e+00,-1.018889e+00
4.390669e+00,1.639852e+00,1.234331e+01,7.858348e+00,1.653794e+00,-6.935044e-01
8.246326e+00,1.261631e+00,1.386833e+01,8.755559e+00,5.291905e-01,-1.839540e-01
8.179558e+00,2.997134e+00,1.228127e+01,8.862405e+00,-5.887752e-01,-1.893375e-01
-2.151172e+00,2.357748e+00,1.047111e+01,7.785028e+00,-1.672463e+00,-7.546702e-01
-1.057898e+01,-2.030141e-01,8.976145e+00,5.912459e+00,-1.054711e+00,-7.345493e-01
-9.007736e+00,-1.055766e+01,4.663416e+00,2.143116e+00,1.743579e+00,3.564617e-01
-2.813683e+00,-1.136578e+01,5.686846e+00,-9.850202e-01,2.775171e+00,8.344544e-01
6.892792e+00,2.795265e+01,2.873809e-01,-3.665297e+00,2.151390e+00,7.680971e-01
6.787377e+00,2.850806e+01,5.460469e+00,-9.989476e-01,1.281031e+00,6.353483e-01
-9.677163e+00,-1.286454e+01,1.327572e+01,-3.838922e+00,8.755711e-02,-5.303525e-01
3.302880e+00,-5.164159e+00,1.676960e+01,-3.509872e+00,2.325869e+00,6.325701e-01
4.601979e+00,2.441266e+01,1.256813e+01,-2.457037e+00,1.267279e+00,-2.121418e-01
3.096075e+00,1.845502e+01,1.006387e+01,-1.504512e+00,3.075018e-01,3.213072e-02
-1.862550e+00,5.591451e+00,5.821284e+00,-1.242902e+00,6.269907e-01,1.669364e-01
3.684539e+00,1.197939e+01,5.741790e+00,-9.337309e-01,9.323412e-01,1.502431e-01
3.512974e+00,1.069064e+01,3.823463e+00,-8.260612e-01,-3.810086e-02,-1.022863e-01
5.671770e-01,8.350622e+00,3.255623e+00,-7.480171e-01,-5.917947e-01,-2.393311e-01
-6.396153e-01,1.038817e+01,2.593435e+00,-7.585343e-01,-4.711503e-01,-2.823981e-01
-5.445819e-01,1.030399e+01,1.707038e+00,-8.165136e-01,-4.132951e-01,-3.068736e-01
-9.997910e-02,7.901363e+00,8.114984e-01,-1.080641e+00,-5.027884e-01,-3.700397e-01
-8.291083e-01,6.897587e+00,1.787912e+00,-1.324219e+00,-6.379381e-01,-3.472738e-01
-2.298699e-01,8.085472e+00,3.292866e+00,-1.493988e+00,-6.992188e-01,-3.512035e-01
1.075985e+00,8.092351e+00,2.463816e+00,-1.606815e+00,-7.661944e-01,-2.995684e-01
1.456747e+00,7.696967e+00,1.961763e-01,-1.991823e+00,-1.015058e+00,-2.223288e-01
2.452197e+00,8.433634e+00,-2.366940e-01,-2.398373e+00,-1.209341e+00,-1.880865e-01
1.544228e+00,1.057611e+01,1.790426e+00,-2.951875e+00,-1.550447e+00,-1.607150e-01
-9.316883e-02,1.048780e+01,2.644382e+00,-3.211700e+00,-1.561577e+00,3.434239e-02
1.008897e+01,1.141815e+01,-1.597753e+00,-3.653464e+00,-1.320620e+00,2.496618e-01
1.479769e+01,1.361166e+01,-4.745398e+00,-4.264181e+00,-2.811930e+00,-2.281898e-01
-7.101637e+00,1.815725e+01,1.106172e+01,-4.835788e+00,-5.642662e+00,-9.397439e-01
-1.406423e+01,3.304813e+01,1.942357e+01,-4.656162e+00,-5.204129e+00,-6.946048e-01
-1.785461e+01,7.897957e+00,1.948382e+01,-1.613489e+00,-7.723530e-01,6.929583e-01
3.125486e-02,8.835985e+00,1.541772e+01,-1.292122e+00,2.427695e+00,1.012570e+00
8.816493e+00,1.073279e+01,1.349185e+01,7.462223e-01,2.864296e+00,5.877731e-01
9.181050e+00,6.222776e+00,1.101891e+01,2.530178e+00,2.284548e+00,1.622147e-01
7.146203e+00,1.698731e+00,7.434506e+00,4.044778e+00,1.172980e+00,-5.120752e-01
4.815429e+00,1.968643e+00,8.281607e+00,4.813556e+00,8.327407e-01,-1.021570e+00
2.715278e+00,2.977639e+00,1.020506e+01,5.923216e+00,9.536347e-01,-1.201573e+00
3.490733e+00,2.440128e+00,1.134545e+01,6.775181e+00,1.175498e+00,-1.214794e+00
6.088364e+00,2.614624e+00,1.268712e+01,7.787676e+00,1.121442e+00,-1.048096e+00
7.288634e+00,5.844813e+00,1.091699e+01,8.098430e+00,3.928571e-01,-7.989969e-01
-1.325458e-01,6.794562e+00,1.048588e+01,7.696698e+00,-6.037992e-01,-1.044057e+00
-7.055501e+00,3.846725e+00,6.784150e+00,6.438225e+00,-3.462429e-01,-1.045986e+00
-1.150410e+01,-7.381795e+00,6.726409e+00,3.267327e+00,2.678733e+00,-2.052154e-01
1.708173e+00,-1.139509e+01,9.084718e-01,4.909479e-02,3.732587e+00,8.051752e-01
4.731068e+00,8.113615e+00,8.049592e+00,-3.537691e+00,2.604968e+00,3.767130e-01
1.635132e+01,3.941000e+01,-2.791973e+00,-2.937078e+00,1.769443e+00,7.439352e-01
-5.352449e+00,-8.720785e+00,5.774822e+00,-1.977796e+00,-6.344581e-01,-1.413926e+00
-5.208691e+00,-5.413241e+00,1.441786e+01,-3.681692e+00,1.241118e-01,-1.989409e-01
3.570941e+00,1.886729e+01,1.354284e+01,-3.150664e+00,1.759830e+00,4.422289e-01
6.618877e-02,9.129442e+00,9.568610e+00,-1.827769e+00,5.488766e-01,-1.838353e-01
1.660275e+00,8.573842e+00,7.008640e+00,-1.691114e+00,4.997808e-01,1.031405e-01
1.894156e+00,1.154786e+01,6.207828e+00,-1.336646e+00,3.303806e-01,4.103118e-03
2.353572e+00,1.042533e+01,4.603723e+00,-1.179573e+00,-3.278294e-01,-1.877618e-01
1.780017e+00,1.022997e+01,3.815015e+00,-1.091928e+00,-7.619158e-01,-2.764350e-01
-1.096762e+00,1.020294e+01,3.149417e+00,-1.007502e+00,-9.654825e-01,-3.512084e-01
-1.454135e+00,8.541906e+00,1.855514e+00,-1.025747e+00,-8.140626e-01,-2.939464e-01
-5.427266e-01,7.072396e+00,8.962789e-01,-1.193494e+00,-7.002462e-01,-3.072002e-01
-5.863677e-01,6.907497e+00,8.604653e-01,-1.416516e+00,-8.006599e-01,-3.906404e-01
-2.194082e+00,6.229991e+00,4.006169e+00,-1.608424e+00,-7.764332e-01,-4.508781e-01
-1.429829e+00,7.275804e+00,4.936501e+00,-1.747253e+00,-4.592532e-01,-2.839209e-01
1.383471e+00,8.130188e+00,3.237583e+00,-1.894952e+00,-1.399420e-01,-4.062806e-02
2.223563e+00,8.353113e+00,1.095105e+00,-2.156603e+00,-2.498139e-01,2.919724e-02
2.538884e+00,8.700115e+00,3.458302e-01,-2.709442e+00,-7.611680e-01,1.267193e-02
2.358235e+00,1.027134e+01,2.735801e-01,-3.217226e+00,-1.090122e+00,6.432389e-02
8.138812e+00,1.497099e+01,-2.836205e+00,-3.841508e+00,-1.530003e+00,4.144797e-02
8.339000e+00,2.117858e+01,-3.055410e+00,-4.492749e+00,-2.588403e+00,-2.911593e-02
-6.046743e+00,2.029166e+01,1.338637e+01,-4.714231e+00,-4.400208e+00,-4.161304e-01
-9.990215e+00,2.218355e+01,1.715495e+01,-3.823165e+00,-2.844540e+00,-1.195604e-01
-3.947727e+00,8.817326e+00,1.785364e+01,-1.702831e+00,-3.375197e-01,1.899723e-01
6.140371e+00,1.008539e+01,1.026379e+01,-9.118520e-01,1.334976e+00,3.487062e-01
5.897677e+00,8.540696e+00,1.043847e+01,1.496867e+00,9.383618e-01,-2.779561e-01
3.064978e+00,4.198023e+00,9.607273e+00,2.874888e+00,7.739981e-01,-6.673395e-01
3.156092e+00,2.266677e+00,8.818800e+00,4.092673e+00,1.117671e+00,-9.236587e-01
3.926767e+00,2.230815e+00,9.347066e+00,5.013734e+00,1.392086e+00,-1.091321e+00
4.493955e+00,1.901903e+00,9.776978e+00,6.288375e+00,1.295434e+00,-9.419522e-01
5.364503e+00,2.180950e+00,1.057449e+01,7.011851e+00,9.314171e-01,-8.498872e-01
5.110700e+00,3.060004e+00,1.383684e+01,7.934899e+00,1.619192e-01,-7.876588e-01
4.142757e+00,5.692887e+00,1.234784e+01,8.238086e+00,-1.928181e-01,-8.113252e-01
-1.434048e-01,7.095383e+00,1.082621e+01,7.394283e+00,-4.209419e-01,-6.926245e-01
-9.078913e+00,2.530023e+00,7.622280e+00,5.764681e+00,9.751615e-03,-3.678924e-01
-8.914040e+00,-9.653467e+00,3.756530e+00,2.808821e+00,2.428811e+00,2.282385e-01
2.848977e+00,-1.113261e+01,3.038876e+00,-4.631420e-01,3.496957e+00,8.635078e-01
9.067945e+00,2.227721e+01,5.754498e+00,-4.155849e+00,1.503956e+00,3.320754e-01
2.040459e+01,3.165641e+01,-2.526470e+00,-8.804817e-01,4.920320e-01,3.761083e-01
-1.400875e+01,-9.007948e+00,1.090867e+01,-2.634669e+00,-2.333040e+00,-1.872449e+00
-7.795298e+00,9.760965e-01,1.502890e+01,-3.341576e+00,2.374877e-01,3.694702e-01
-3.695018e+00,1.821265e+01,1.350696e+01,-2.454196e+00,1.911281e+00,-2.150774e-03
4.428917e+00,1.261562e+01,7.499644e+00,-1.270262e+00,1.448265e+00,3.771169e-01
5.061176e+00,6.962052e+00,4.646621e+00,-1.379290e+00,7.718686e-01,1.137393e-01
3.520694e+00,1.153057e+01,4.280411e+00,-1.268257e+00,2.409754e-01,-1.929872e-02
1.074872e+00,1.045291e+01,3.885066e+00,-1.170094e+00,-6.141942e-01,-2.818230e-01
-2.737251e+00,8.712998e+00,2.964230e+00,-1.110763e+00,-8.146836e-01,-3.043023e-01
-1.586835e+00,8.726091e+00,2.637451e+00,-1.104095e+00,-2.657877e-01,-1.076962e-01
8.104983e-01,8.989017e+00,1.775386e+00,-1.168433e+00,-4.142652e-02,-6.010678e-02
1.825115e+00,7.525378e+00,1.334587e+00,-1.329098e+00,-4.593044e-01,-2.966582e-01
1.265732e+00,7.808110e+00,1.752317e+00,-1.589157e+00,-8.562918e-01,-3.885716e-01
1.484405e-01,7.133736e+00,3.339789e+00,-1.850158e+00,-9.478379e-01,-3.683778e-01
1.338495e+00,9.321233e+00,4.792477e+00,-1.977805e+00,-7.563427e-01,-2.277747e-01
-8.977955e-01,9.798327e+00,3.912382e+00,-1.947030e+00,-7.573881e-01,-1.458296e-01
-7.761956e-01,9.743976e+00,2.040462e+00,-2.080598e+00,-6.649334e-01,4.964964e-02
1.628774e+00,9.183832e+00,1.536013e-01,-2.552698e+00,-6.322924e-01,2.186345e-01
1.875565e+00,1.040179e+01,1.622025e-01,-3.054570e+00,-7.375082e-01,3.822598e-01
5.982948e+00,1.164589e+01,-9.700002e-01,-3.589049e+00,-8.331420e-01,3.690489e-01
6.424171e+00,1.840853e+01,-2.270118e+00,-4.106614e+00,-1.512877e+00,3.440078e-01
5.514151e-01,1.806642e+01,4.934031e+00,-4.666078e+00,-3.073905e+00,-1.280915e-01
-6.589591e+00,2.027398e+01,1.390677e+01,-4.694640e+00,-3.185597e+00,7.532734e-02
-9.284587e+00,1.885821e+01,1.831550e+01,-2.728999e+00,-1.570954e+00,2.718064e-01
-2.070600e+00,5.427466e+00,1.869889e+01,-9.454979e-01,2.171732e-01,5.524739e-01
8.032732e+00,1.183210e+01,9.026749e+00,4.928866e-01,9.545955e-01,4.551544e-01
3.675731e+00,5.971089e+00,1.217479e+01,2.529517e+00,2.698198e-01,-1.057203e-01
7.297189e-01,2.041586e+00,9.361305e+00,3.969723e+00,2.661289e-01,-1.842618e-01
5.931935e-01,9.804196e-01,9.237111e+00,4.831281e+00,7.078588e-01,-2.964097e-01
5.799908e-01,7.659889e-01,9.529198e+00,5.958513e+00,1.464461e+00,-4.570405e-01
1.548831e+00,1.264034e+00,1.007422e+01,6.699606e+00,1.821131e+00,-3.632201e-01
4.098174e+00,1.850400e+00,1.078200e+01,7.606080e+00,1.876980e+00,-4.023797e-01
5.977031e+00,3.708357e+00,1.201643e+01,8.112254e+00,1.592219e+00,-3.816211e-01
7.771570e+00,9.885978e+00,1.164136e+01,8.223835e+00,4.160024e-01,-3.418120e-01
2.638947e+00,8.626169e+00,7.298285e+00,7.548414e+00,-2.677820e-01,-1.049041e+00
-1.316215e+01,-5.312346e-01,6.774694e+00,5.480293e+00,1.186224e-01,-6.996993e-01
-7.050497e+00,-9.384676e+00,-2.064798e+00,2.929165e+00,2.177402e+00,-2.335169e-01
2.940585e+00,-1.088165e+01,1.483578e+00,-2.320581e+00,1.993914e+00,1.966819e-01
8.352788e+00,2.059470e+01,5.469632e+00,-4.501789e+00,9.001539e-01,6.238710e-02
1.135413e+01,1.411816e+01,2.336174e+00,-1.831732e+00,-2.931550e-01,-4.262519e-01
-1.034830e+01,-8.732698e+00,1.528483e+01,-3.505930e+00,-1.838440e+00,-1.699206e+00
-8.538646e+00,1.441931e+00,1.549874e+01,-3.293730e+00,1.065153e+00,4.089311e-01
-5.495822e+00,1.885304e+01,1.550940e+01,-2.646629e+00,2.079666e+00,-7.722668e-02
7.091672e+00,7.683579e+00,6.713430e+00,-1.254561e+00,1.750223e+00,5.018751e-01
3.913983e+00,4.025298e+00,4.102959e+00,-1.411180e+00,1.053520e+00,1.177228e-01
2.887260e+00,1.274767e+01,4.657306e+00,-1.183255e+00,5.182728e-01,-4.260298e-02
1.998417e+00,1.123882e+01,4.084283e+00,-1.114878e+00,-3.815485e-01,-2.963912e-01
-1.432249e+00,8.716735e+00,3.818919e+00,-1.076538e+00,-5.629750e-01,-2.664942e-01
-1.183800e+00,1.072226e+01,3.425187e+00,-1.046252e+00,-2.647329e-01,-1.434742e-01
-8.651653e-01,9.869229e+00,2.237356e+00,-9.892323e-01,5.940408e-02,-1.129737e-01
9.817545e-01,8.412513e+00,4.768496e-01,-1.093468e+00,6.529724e-02,-1.599314e-01
1.465635e-01,6.965208e+00,5.832287e-01,-1.457168e+00,-4.913777e-01,-2.980254e-01
-1.910234e+00,7.400937e+00,2.391874e+00,-1.677289e+00,-5.568717e-01,-2.760048e-01
1.461799e+00,8.611992e+00,5.132548e+00,-1.771851e+00,-2.594457e-01,-1.483345e-01
2.718158e+00,8.584226e+00,3.144882e+00,-1.887310e+00,-2.681979e-01,-1.468936e-02
3.402010e+00,8.196778e+00,1.695513e-01,-2.272520e+00,-6.417395e-01,5.139247e-02
3.546506e+00,1.025924e+01,-1.049887e+00,-2.720472e+00,-1.151170e+00,-6.470021e-04
8.485201e-01,9.990867e+00,5.440956e-02,-3.242946e+00,-1.676869e+00,9.344297e-02
4.906620e+00,1.133548e+01,-5.545487e-01,-3.636254e+00,-1.654341e+00,3.021260e-01
2.191358e+00,1.675589e+01,-2.139343e+00,-4.357791e+00,-2.808709e+00,2.153105e-01
-4.198669e+00,1.920103e+01,6.803650e+00,-4.777488e+00,-3.727548e+00,1.081696e-02
-7.668382e+00,2.473172e+01,1.579797e+01,-4.292862e+00,-2.355983e+00,1.091251e-01
-7.542851e+00,1.526887e+01,1.556624e+01,-2.328549e+00,-7.914323e-01,1.557677e-01
7.622405e+00,8.028594e+00,1.125217e+01,-1.209504e+00,1.544475e+00,5.460163e-02
1.039491e+01,1.259778e+01,9.028378e+00,1.712295e-03,1.111025e+00,-4.423808e-01
4.540404e+00,5.742452e+00,1.087547e+01,1.945626e+00,2.514278e-01,-1.139027e+00
2.729093e+00,3.654005e+00,8.991094e+00,2.906042e+00,2.258477e-01,-1.232771e+00
1.840000e+00,2.484235e+00,9.382605e+00,4.398721e+00,9.547184e-01,-1.533242e+00
1.856809e+00,2.661917e+00,1.009106e+01,5.391355e+00,1.434356e+00,-1.403445e+00
2.637414e+00,2.940189e+00,1.048312e+01,6.562388e+00,1.755631e+00,-1.128893e+00
4.030740e+00,1.999616e+00,1.207066e+01,7.327531e+00,1.813017e+00,-8.785966e-01
7.667607e+00,4.936514e+00,1.271895e+01,8.072282e+00,1.017829e+00,-2.397358e-01
8.145171e+00,8.632978e+00,1.117010e+01,8.070087e+00,8.769671e-03,-1.526370e-02
-2.244033e+00,3.115574e+00,6.620976e+00,6.984151e+00,-7.019951e-01,-7.253090e-01
-1.617759e+01,-3.491922e+00,6.236382e+00,4.905158e+00,4.224999e-01,-5.597065e-01
-3.185468e+00,-1.045442e+01,1.901677e+00,9.085510e-01,3.664926e+00,9.335245e-01
4.169725e+00,-8.234205e+00,6.087550e+00,-2.335525e+00,3.594595e+00,1.119305e+00
1.034170e+01,3.025283e+01,8.514911e+00,-4.196416e+00,1.765376e+00,5.192714e-01
8.096508e+00,2.254245e+01,1.034973e+00,-3.146391e-01,8.897656e-01,6.785611e-01
-1.403809e+01,-1.163405e+01,9.460711e+00,-3.002872e+00,-6.949222e-01,-6.064110e-01
-1.181507e+01,5.871369e+00,1.764260e+01,-3.806805e+00,2.156919e+00,2.934635e-01
5.621322e+00,1.277959e+01,7.872114e+00,-2.305606e+00,2.166177e+00,5.671922e-01
6.316800e+00,3.515603e+00,9.767797e+00,-1.950669e+00,9.450060e-01,-2.341800e-01
2.868936e+00,1.152582e+01,7.134183e+00,-1.670437e+00,9.030918e-02,-2.789225e-02
2.581623e+00,1.180413e+01,6.179920e+00,-1.413188e+00,-2.223135e-01,-2.651034e-01
1.581116e+00,1.016425e+01,4.181083e+00,-1.233877e+00,-4.997802e-01,-2.937790e-01
5.680026e-01,1.003630e+01,3.891997e+00,-1.245140e+00,-5.957776e-01,-3.498792e-01
-1.432024e+00,7.122106e+00,3.569190e+00,-1.247271e+00,-7.448786e-01,-3.715689e-01
-2.338773e+00,6.426089e+00,4.049553e+00,-1.246644e+00,-6.325997e-01,-3.152703e-01
-5.129839e-01,7.626991e+00,3.964207e+00,-1.296276e+00,-3.323214e-01,-2.091974e-01
1.369845e+00,7.566571e+00,3.516243e+00,-1.339143e+00,-2.707632e-01,-2.888902e-01
7.328200e-01,7.269396e+00,4.249597e+00,-1.475636e+00,-7.504348e-01,-3.360650e-01
-3.013333e-01,7.683334e+00,3.725334e+00,-1.592643e+00,-7.834141e-01,-2.142202e-01
5.034177e-01,7.225079e+00,8.213788e-01,-1.870076e+00,-6.219140e-01,-7.276298e-02
1.921560e+00,8.141793e+00,3.005831e-01,-2.205304e+00,-5.797194e-01,1.694404e-02
2.851480e+00,1.005234e+01,6.711909e-01,-2.788119e+00,-9.614164e-01,5.688943e-02
4.083580e+00,1.092713e+01,-9.949448e-02,-3.201428e+00,-1.247307e+00,1.210169e-01
6.696996e+00,1.472226e+01,-2.243695e+00,-3.935149e+00,-2.069357e+00,1.379386e-01
2.637331e+00,1.886757e+01,1.210977e+00,-4.500481e+00,-3.293373e+00,-1.677052e-02
-7.210403e+00,2.414117e+01,1.561790e+01,-4.624176e+00,-3.676782e+00,6.014378e-03
-1.228181e+01,2.076169e+01,1.792412e+01,-3.486745e+00,-2.349674e+00,-1.520334e-01
-8.768231e-01,6.563619e+00,1.819921e+01,-1.363215e+00,1.032210e+00,5.816518e-01
6.360911e+00,1.037367e+01,1.130491e+01,-6.569132e-01,1.918671e+00,3.743015e-01
6.604607e+00,6.954668e+00,1.092019e+01,1.746993e+00,1.374811e+00,-4.334302e-01
5.496510e+00,2.857850e+00,8.897509e+00,2.944362e+00,1.068604e+00,-6.156195e-01
3.718163e+00,2.312496e+00,8.480471e+00,4.017116e+00,9.678995e-01,-8.681431e-01
3.178632e+00,1.866778e+00,9.479514e+00,4.954492e+00,1.110330e+00,-9.759414e-01
2.990694e+00,1.489742e+00,9.824849e+00,6.193372e+00,1.297736e+00,-9.139508e-01
3.438231e+00,2.934676e+00,1.042262e+01,7.057343e+00,1.194860e+00,-8.058853e-01
6.670510e+00,4.171722e+00,1.336718e+01,7.974451e+00,7.679194e-01,-5.688822e-01
7.902719e+00,8.281467e+00,1.231888e+01,8.075719e+00,-6.810647e-02,-2.547053e-01
-5.239067e-01,7.108798e+00,9.553677e+00,7.315226e+00,-1.138910e+00,-7.899557e-01
-7.791234e+00,1.788778e+00,6.444466e+00,5.936155e+00,-5.513868e-01,-7.705040e-01
-9.058442e+00,-6.195128e+00,3.167791e+00,3.190920e+00,2.164222e+00,-2.775656e-02
1.044474e+00,-8.940569e+00,9.530123e-01,5.523986e-01,2.960589e+00,6.828116e-01
5.159197e+00,8.330698e-01,7.328316e+00,-3.679306e+00,1.634781e+00,2.116111e-01
1.265919e+01,3.941000e+01,8.076735e-01,-2.794504e+00,8.892067e-01,6.685402e-01
-9.532869e+00,-7.588458e+00,4.541531e+00,-1.695046e+00,-8.908368e-01,-1.621243e+00
-9.161520e+00,-4.266154e+00,1.287818e+01,-3.158625e+00,9.469089e-01,3.981685e-01
-3.510493e+00,1.289640e+01,1.349689e+01,-2.715320e+00,2.264122e+00,4.199167e-01
8.452053e-01,1.694622e+01,9.510049e+00,-2.060571e+00,1.789496e+00,-1.034041e-01
6.301104e+00,4.405887e+00,4.268867e+00,-1.237088e+00,6.683955e-01,2.424513e-03
2.790523e+00,9.663313e+00,4.386989e+00,-1.510309e+00,1.870844e-01,-2.268358e-02
2.449310e+00,1.071987e+01,3.942920e+00,-1.325659e+00,6.023682e-02,-1.835616e-01
2.251473e+00,9.697894e+00,3.541552e+00,-1.332654e+00,-3.759511e-01,-2.771482e-01
-1.097873e+00,8.561240e+00,4.019690e+00,-1.264970e+00,-7.143589e-01,-3.212688e-01
-4.322689e-01,9.688037e+00,3.236134e+00,-1.302265e+00,-5.302055e-01,-2.532477e-01
3.165978e-01,8.907216e+00,2.163505e+00,-1.306780e+00,-6.279734e-01,-3.598200e-01
-7.515479e-01,8.377157e+00,2.063447e+00,-1.420818e+00,-9.221090e-01,-4.056620e-01
-1.767833e+00,7.748328e+00,3.664984e+00,-1.548243e+00,-8.253619e-01,-4.240044e-01
9.246186e-01,8.341540e+00,4.442506e+00,-1.649825e+00,-5.579096e-01,-2.553393e-01
1.125869e+00,8.961497e+00,4.325271e+00,-1.738682e+00,-5.836561e-01,-7.737170e-02
-4.130972e-02,8.558274e+00,2.088044e+00,-1.870276e+00,-5.556366e-01,8.224699e-02
2.105619e+00,9.584196e+00,-1.018689e+00,-2.380062e+00,-6.247604e-01,2.357629e-01
3.151942e+00,9.679187e+00,-1.952322e+00,-2.915366e+00,-1.104170e+00,1.867641e-01
4.115493e+00,1.189308e+01,1.750029e-01,-3.523088e+00,-1.452669e+00,2.368050e-01
4.658203e+00,1.725138e+01,-1.930829e+00,-4.078312e+00,-1.924949e+00,3.028799e-01
-3.040716e+00,1.733583e+01,5.576322e+00,-4.609330e+00,-3.485049e+00,-6.555053e-02
-4.375196e+00,1.866159e+01,1.407720e+01,-4.564935e+00,-3.015207e+00,-5.389685e-02
-5.615411e+00,1.768529e+01,1.568062e+01,-2.738865e+00,-1.135598e+00,-1.981349e-01
2.561906e+00,4.822148e+00,1.578055e+01,-1.295483e+00,4.334417e-01,-6.734741e-02
7.591955e+00,1.149243e+01,8.474610e+00,-2.990377e-01,7.952208e-01,-5.657231e-01
4.798788e+00,8.320827e+00,1.039977e+01,1.459657e+00,2.993902e-01,-1.203972e+00
2.328420e+00,3.375707e+00,9.317098e+00,3.115917e+00,5.674851e-01,-1.264639e+00
2.527246e+00,2.796377e+00,8.236204e+00,3.972543e+00,9.749625e-01,-1.370978e+00
2.093919e+00,2.584754e+00,9.400607e+00,5.058528e+00,1.392235e+00,-1.449603e+00
2.115527e+00,2.748329e+00,9.586529e+00,5.821272e+00,1.549256e+00,-1.273093e+00
3.645543e+00,3.121532e+00,1.146837e+01,6.996330e+00,1.583085e+00,-1.083339e+00
5.182561e+00,3.385084e+00,1.283101e+01,7.706300e+00,1.203073e+00,-8.123342e-01
7.539428e+00,1.013599e+01,1.237543e+01,8.115104e+00,1.286382e-01,-4.228534e-01
3.477518e+00,5.649985e+00,9.003148e+00,7.896300e+00,-4.108324e-01,-8.883661e-01
-1.104316e+01,-3.860463e-01,6.159444e+00,5.281201e+00,-1.640365e-01,-9.957099e-01
-1.314382e+01,-8.735377e+00,3.241450e+00,2.946673e+00,2.411113e+00,-2.654576e-01
1.354707e-02,-1.194690e+01,5.545647e+00,-1.232097e+00,4.006147e+00,1.004771e+00
5.295240e+00,9.123229e+00,6.667785e+00,-3.859645e+00,3.750816e+00,9.457349e-01
2.648069e+01,2.668700e+01,2.941953e+00,-1.193667e+00,1.326431e+00,-3.631885e-02
-1.140622e+00,-1.130885e+01,1.124209e+01,-3.137760e+00,-1.185257e+00,-1.381844e+00
-7.520005e+00,5.924320e+00,1.726517e+01,-3.848165e+00,-7.919393e-01,-5.587365e-01
-5.498870e+00,2.506329e+01,1.476736e+01,-3.272519e+00,3.625527e-02,-2.147772e-01
-2.789952e+00,4.013538e+00,8.187350e+00,-1.331870e+00,9.920332e-01,2.772789e-01
4.131001e-01,6.107958e+00,7.426749e+00,-1.368936e+00,1.974714e+00,6.527675e-01
8.012495e+00,1.285183e+01,4.253710e+00,-9.774367e-01,1.660001e+00,4.456749e-01
5.394315e+00,8.773479e+00,2.861559e+00,-9.539216e-01,1.968321e-01,-2.394786e-02
-5.607160e-03,8.994975e+00,3.036115e+00,-9.592383e-01,-1.032633e+00,-3.655055e-01
-2.640614e+00,1.061122e+01,2.584631e+00,-9.731592e-01,-8.554013e-01,-3.222788e-01
-1.335643e+00,8.707776e+00,8.002265e-01,-1.041654e+00,-3.594436e-01,-2.781306e-01
5.551696e-01,7.974830e+00,2.305066e-01,-1.211808e+00,-3.126382e-01,-2.553195e-01
1.046599e+00,7.186749e+00,1.038622e+00,-1.602919e+00,-7.619629e-01,-3.761755e-01
-3.020613e-01,7.975772e+00,2.966011e+00,-1.810897e+00,-9.664353e-01,-4.161599e-01
-1.471143e+00,8.427999e+00,3.830284e+00,-1.935235e+00,-9.206939e-01,-3.121871e-01
-7.180951e-01,8.285029e+00,1.484072e+00,-2.085347e+00,-6.483736e-01,-9.922379e-02
3.675693e+00,9.858439e+00,7.456483e-03,-2.587858e+00,-5.019770e-01,6.426061e-02
3.494295e+00,8.965270e+00,9.888663e-01,-3.045718e+00,-9.491276e-01,2.379417e-02
3.941465e+00,1.113991e+01,2.453684e+00,-3.540742e+00,-1.266392e+00,1.233984e-01
8.342255e+00,1.497666e+01,-3.405626e+00,-4.051142e+00,-1.896673e+00,8.250934e-02
1.326546e+00,1.869744e+01,3.782158e-01,-4.706528e+00,-3.853423e+00,-3.065035e-01
-7.861669e+00,1.732539e+01,1.347736e+01,-4.794351e+00,-4.547423e+00,-3.332762e-01
-9.386113e+00,2.369575e+01,1.650223e+01,-3.802063e+00,-2.100650e+00,1.582691e-02
-4.057252e+00,8.232080e+00,1.770509e+01,-1.805923e+00,-4.648817e-01,1.716743e-01
7.319082e+00,8.583782e+00,9.746346e+00,-7.155275e-01,1.773141e+00,1.374940e-01
8.391801e+00,9.686197e+00,9.298868e+00,7.839240e-01,1.573342e+00,-3.370001e-01
5.769643e+00,4.313631e+00,9.416568e+00,3.028565e+00,8.673759e-01,-1.089175e+00
4.927108e+00,2.144993e+00,7.028604e+00,3.957242e+00,7.661026e-01,-1.171835e+00
3.271121e+00,1.943917e+00,9.433352e+00,5.011650e+00,9.226620e-01,-1.522279e+00
2.578098e+00,1.900166e+00,9.854876e+00,5.810358e+00,1.084789e+00,-1.422453e+00
2.876839e+00,2.982809e+00,1.074346e+01,6.955974e+00,1.326004e+00,-1.151025e+00
4.628792e+00,2.710799e+00,1.363019e+01,7.796190e+00,1.227322e+00,-8.638859e-01
8.086896e+00,7.561381e+00,1.152110e+01,8.280529e+00,4.515888e-01,-2.627522e-01
7.716996e+00,9.608848e+00,1.087432e+01,7.988573e+00,-5.204721e-01,-1.495584e-01
-1.243617e+01,-8.374193e-01,4.345252e+00,5.691661e+00,-7.644437e-01,-7.441011e-01
-1.838010e+01,-8.024487e+00,6.378389e+00,3.071285e+00,2.068629e+00,-1.003119e-01
8.480696e-01,-1.162415e+01,3.614150e+00,-1.236732e+00,4.290394e+00,1.651591e+00
8.641728e+00,1.975696e+01,4.834396e+00,-4.156781e+00,3.706561e+00,1.205879e+00
2.657811e+01,2.527569e+01,-5.214558e-01,-1.570140e+00,3.789482e-01,-1.712259e-01
-1.067687e+01,-1.266677e+01,1.268618e+01,-3.321734e+00,-2.266583e+00,-1.960264e+00
-7.350326e+00,5.163940e+00,1.620509e+01,-3.671808e+00,-1.549494e-02,7.051801e-02
-4.261570e+00,1.849331e+01,1.399224e+01,-2.844410e+00,8.495724e-01,5.638367e-02
-2.702337e-01,7.619840e+00,8.748852e+00,-1.547442e+00,1.551197e+00,5.859052e-01
1.992656e+00,6.252034e+00,6.668862e+00,-1.495603e+00,2.048036e+00,6.856084e-01
8.105865e+00,1.185252e+01,4.954135e+00,-1.220464e+00,1.505335e+00,4.274822e-01
6.006030e+00,1.019475e+01,4.023206e+00,-1.201293e+00,2.659382e-01,-4.543271e-03
6.598380e-01,9.362932e+00,3.743748e+00,-1.235769e+00,-8.093425e-01,-2.271068e-01
-2.031490e-01,1.029877e+01,3.524171e+00,-1.208053e+00,-7.476183e-01,-2.685464e-01
-5.077260e-01,9.146155e+00,2.667726e+00,-1.219725e+00,-6.204729e-01,-3.028605e-01
4.745444e-01,7.862734e+00,1.538166e+00,-1.312117e+00,-6.246220e-01,-3.156808e-01
-6.203091e-01,7.571205e+00,1.899940e+00,-1.542098e+00,-8.999160e-01,-3.452048e-01
-1.669713e+00,6.947928e+00,2.957821e+00,-1.698968e+00,-7.813037e-01,-2.697566e-01
6.839324e-01,8.684441e+00,8.492713e-01,-2.021488e+00,-3.285199e-01,4.084690e-02
2.846584e+00,8.383157e+00,-1.208949e+00,-2.347066e+00,-1.993965e-01,1.375833e-01
5.694566e+00,8.663316e+00,-1.003355e+00,-3.133135e+00,-6.539739e-01,1.234841e-01
7.850267e+00,1.077999e+01,-3.094750e+00,-3.807812e+00,-1.296744e+00,1.126157e-01
7.586254e+00,1.492122e+01,-4.391650e+00,-4.610593e+00,-2.498263e+00,3.760076e-02
2.700553e+00,2.055807e+01,3.506228e+00,-5.233476e+00,-4.217426e+00,-1.243229e-01
-1.501759e+01,2.922839e+01,1.986180e+01,-4.609213e+00,-4.334860e+00,8.954119e-02
-1.632952e+01,1.595980e+01,1.877192e+01,-2.573013e+00,-1.559273e+00,8.705848e-01
1.900132e+00,5.411842e+00,1.927952e+01,-8.748160e-01,2.674146e+00,1.282490e+00
1.040114e+01,1.312903e+01,1.199294e+01,4.936190e-01,2.787189e+00,9.888917e-01
8.460399e+00,4.422118e+00,1.055553e+01,2.914958e+00,1.787932e+00,5.252545e-02
7.453024e+00,1.316557e+00,8.332215e+00,4.143463e+00,9.827733e-01,-2.394992e-01
4.474654e+00,1.823897e-01,8.671404e+00,5.305418e+00,4.669549e-01,-8.475132e-01
3.170967e+00,7.198066e-01,9.414437e+00,6.073395e+00,4.705793e-01,-1.027415e+00
2.227088e+00,1.419712e+00,1.034758e+01,7.049672e+00,6.945967e-01,-1.142177e+00
2.762663e+00,1.769195e+00,1.257861e+01,7.801376e+00,9.114828e-01,-1.139792e+00
5.977735e+00,5.100274e+00,1.058420e+01,8.461511e+00,8.141312e-01,-6.905089e-01
4.562440e+00,1.097392e+01,1.062038e+01,7.959477e+00,7.808272e-02,-2.063839e-01
-8.157732e+00,2.934547e+00,7.531191e+00,6.640036e+00,-2.943359e-01,-2.521887e-01
-1.365617e+01,-4.974832e+00,6.182703e+00,4.831330e+00,1.269047e+00,2.572537e-02
1.061320e+00,-1.150897e+01,-1.749144e+00,1.877403e-01,3.621074e+00,1.019272e+00
8.096004e+00,-5.670544e+00,6.800843e+00,-3.042403e+00,2.379440e+00,6.497814e-01
1.331359e+01,3.941000e+01,-2.177338e+00,-4.948800e+00,3.433691e-01,-2.034561e-01
2.467667e+01,3.049722e+01,2.625083e-01,-2.955397e-01,1.176029e-01,5.958055e-01
-1.350438e+01,-6.860824e+00,1.395305e+01,-3.232541e+00,-6.158977e-01,-6.113957e-01
-1.410122e+00,1.074140e+00,1.308089e+01,-3.263569e+00,1.929029e+00,5.474416e-01
-4.287862e+00,2.346089e+01,1.469965e+01,-2.810296e+00,1.409416e+00,-4.903541e-01
5.670408e+00,6.637316e+00,7.149025e+00,-1.431566e+00,1.083069e+00,1.394394e-01
1.604714e+00,1.011721e+01,5.957857e+00,-1.559148e+00,3.717456e-01,3.648266e-02
-4.508284e-01,1.208000e+01,5.860640e+00,-1.193264e+00,3.600872e-01,-5.329847e-02
1.272329e+00,9.857664e+00,3.980663e+00,-1.070787e+00,-1.293740e-02,-1.346929e-01
-2.294348e-01,9.150641e+00,3.492479e+00,-9.953162e-01,-2.235654e-01,-1.437477e-01
1.130199e+00,1.048169e+01,3.315586e+00,-9.891837e-01,1.452175e-01,-3.018341e-02
1.747031e+00,9.077513e+00,3.109705e+00,-9.259386e-01,-2.827279e-02,-1.902289e-01
1.480196e-01,7.962514e+00,1.202078e+00,-1.095900e+00,-5.549507e-01,-2.863713e-01
-5.846105e-01,6.950265e+00,1.088925e+00,-1.269917e+00,-7.151186e-01,-3.477514e-01
-1.559014e+00,7.001692e+00,3.701133e+00,-1.437518e+00,-4.534583e-01,-3.041971e-01
1.271818e-01,8.408772e+00,5.293972e+00,-1.504815e+00,-1.811295e-01,-1.753481e-01
2.476875e+00,8.808750e+00,3.346874e+00,-1.626929e+00,-2.293146e-01,-6.116404e-02
3.110722e+00,9.230374e+00,6.492777e-01,-1.853050e+00,-4.900439e-01,-7.479250e-03
3.665296e+00,9.988741e+00,5.903331e-01,-2.264405e+00,-9.650889e-01,-8.149577e-02
3.184489e+00,1.035589e+01,7.485275e-01,-2.632391e+00,-1.372321e+00,-2.229676e-02
7.865225e+00,1.058232e+01,-1.597360e+00,-3.192881e+00,-1.782881e+00,1.192009e-01
9.375514e+00,1.133336e+01,-2.855142e+00,-3.652875e+00,-2.609883e+00,1.547768e-01
-3.998629e+00,1.735080e+01,3.489660e+00,-4.218152e+00,-3.697872e+00,1.187290e-01
-8.884469e+00,2.358588e+01,1.212744e+01,-4.523519e+00,-3.630730e+00,3.670661e-01
-1.485066e+01,2.182349e+01,1.865699e+01,-3.005650e+00,-1.118012e+00,8.235508e-01
-7.492522e+00,6.108113e+00,2.232108e+01,-1.557093e+00,1.209352e+00,1.577323e+00
4.810907e+00,1.256829e+01,1.323814e+01,-5.779543e-01,2.850448e+00,1.879986e+00
5.405725e+00,7.721585e+00,1.376985e+01,8.751078e-01,2.506063e+00,1.419184e+00
5.250599e+00,5.092649e+00,1.105230e+01,2.527718e+00,1.479235e+00,8.388346e-01
3.719872e+00,3.365467e+00,1.083736e+01,3.610466e+00,9.248670e-01,4.075404e-01
3.010192e+00,2.026226e+00,9.705096e+00,4.988803e+00,5.435143e-01,-1.171481e-01
2.568663e+00,2.359346e+00,9.935661e+00,5.815072e+00,2.637224e-01,-1.085082e-01
1.036923e+00,4.788237e-02,1.121985e+01,6.847011e+00,1.588544e-01,-4.616074e-01
-6.387633e-01,1.584292e+00,1.223782e+01,7.198145e+00,4.941779e-01,-6.117253e-01
-7.815744e-01,3.365158e+00,1.267772e+01,7.691646e+00,1.642765e+00,-3.934334e-01
4.695719e-01,4.645277e+00,1.088866e+01,7.551822e+00,2.037329e+00,5.781260e-02
7.282714e-01,6.008597e+00,7.751508e+00,6.632455e+00,1.900783e+00,5.580949e-01
8.788959e-01,3.409906e+00,6.112398e+00,5.584112e+00,1.685062e+00,6.944008e-01
4.953112e-01,-2.304693e+00,2.203003e+00,2.982018e+00,1.589256e+00,2.117319e-01
3.858047e+00,-2.418680e+00,6.442179e-01,7.953351e-01,1.354097e+00,-7.909282e-02
1.715914e+00,-2.956635e+00,5.413245e+00,-1.860580e+00,-4.779840e-02,-4.333536e-01
-2.686688e+00,1.003941e+00,1.273894e+01,-3.467823e+00,-5.821025e-01,-7.564117e-01
1.099341e+01,3.937759e+01,-1.116370e+01,-1.585876e+00,3.250440e-01,9.960270e-02
-4.207358e+00,1.847140e+01,3.295050e+00,-1.161047e+00,5.040776e-02,-4.238233e-01
3.261252e-01,-4.604345e+00,9.470431e+00,-3.152995e+00,2.564792e+00,5.238684e-01
6.924296e+00,1.464476e+01,8.472421e+00,-3.087996e+00,3.453086e+00,9.290970e-01
8.833984e+00,1.404965e+01,7.573997e+00,-1.780226e+00,-2.214135e-01,-8.110530e-01
-1.775803e+00,5.294090e+00,6.624108e+00,-1.555917e+00,-1.584718e+00,-7.540254e-01
-5.988846e+00,1.118963e+01,7.233511e+00,-1.409069e+00,3.617414e-01,-1.599208e-01
2.234750e+00,1.275878e+01,6.190138e+00,-1.232875e+00,1.734327e+00,2.145404e-01
5.724156e+00,7.947078e+00,3.594515e+00,-9.963248e-01,7.186075e-01,-1.332782e-01
4.414102e+00,9.324632e+00,3.314812e+00,-1.071997e+00,-2.477838e-01,-3.275541e-01
-8.053901e-01,9.923817e+00,3.702588e+00,-1.033153e+00,-8.725555e-01,-4.843054e-01
-2.318674e+00,8.846403e+00,3.317856e+00,-1.012397e+00,-7.599286e-01,-4.900545e-01
-2.804765e-01,8.366467e+00,1.796062e+00,-1.166376e+00,-3.210257e-01,-3.087180e-01
9.960668e-01,7.856067e+00,1.342192e+00,-1.348840e+00,-3.350415e-01,-2.620684e-01
-1.601371e-02,6.980270e+00,3.242298e+00,-1.490552e+00,-4.809445e-01,-3.454456e-01
2.749722e-01,8.076292e+00,4.185889e+00,-1.611426e+00,-4.826968e-01,-2.978959e-01
3.795239e-01,8.542568e+00,4.324881e+00,-1.762199e+00,-3.847276e-01,-1.741680e-01
1.356328e+00,8.498994e+00,4.063940e+00,-1.840811e+00,-2.815810e-01,-4.875242e-02
2.985957e+00,9.955982e+00,1.808154e+00,-2.088285e+00,-5.328401e-01,-7.006571e-03
2.518653e+00,1.066097e+01,8.831802e-01,-2.336507e+00,-1.007818e+00,-1.202744e-02
2.420189e+00,1.261364e+01,-5.166624e-02,-2.931763e+00,-1.580897e+00,-4.108545e-02
3.983523e+00,1.579413e+01,-2.380839e+00,-3.331606e+00,-1.780479e+00,1.455343e-01
2.237147e+00,1.568194e+01,1.656983e+00,-3.945126e+00,-2.434632e+00,2.224733e-01
-1.416962e+00,1.869375e+01,1.029644e+01,-4.308006e+00,-3.075769e+00,2.279341e-01
-1.073281e+01,2.188803e+01,1.638239e+01,-3.046807e+00,-2.161500e+00,-4.585611e-01
-7.187098e+00,1.115063e+01,1.697024e+01,-1.510139e+00,-7.372904e-02,2.673267e-01
4.499599e+00,1.243563e+01,9.912652e+00,-1.070804e+00,1.288682e+00,3.141409e-01
4.316532e+00,8.432950e+00,1.183405e+01,4.752992e-01,1.191976e+00,-2.522709e-02
3.959224e+00,5.301490e+00,9.608639e+00,2.498901e+00,1.045037e+00,-3.017510e-01
3.722388e+00,3.779098e+00,8.826387e+00,3.484070e+00,1.031121e+00,-5.493302e-01
2.537850e+00,2.616582e+00,8.593291e+00,4.617946e+00,1.004682e+00,-7.209115e-01
2.125162e+00,3.061870e+00,8.590000e+00,5.221506e+00,1.037156e+00,-6.827851e-01
2.573300e+00,4.235340e+00,9.320384e+00,6.284530e+00,1.180803e+00,-6.498909e-01
3.956697e+00,3.496834e+00,1.082000e+01,7.013573e+00,1.169117e+00,-5.986791e-01
6.606054e+00,5.845199e+00,1.140464e+01,7.483022e+00,8.097658e-01,-5.058909e-01
6.434507e+00,8.938838e+00,1.169697e+01,7.688969e+00,8.699113e-02,-5.036780e-01
-2.658932e+00,6.533961e+00,8.277388e+00,7.180720e+00,-6.437563e-01,-9.607262e-01
-6.447568e+00,4.479482e+00,5.568016e+00,5.848821e+00,-1.966405e-01,-4.504184e-01
-6.427625e+00,-7.064882e+00,-8.198226e-01,3.466177e+00,1.804650e+00,-5.322217e-02
1.164558e+00,-8.508272e+00,5.784735e-01,5.498312e-01,2.418942e+00,4.338133e-01
5.560337e+00,-3.604387e+00,7.755489e+00,-3.865728e+00,1.209854e+00,2.203179e-01
8.775096e+00,3.941000e+01,2.829747e+00,-4.019897e+00,3.862609e-01,3.113869e-01
-1.331640e+01,-9.064056e+00,4.944673e+00,-8.409779e-01,-1.615718e+00,-1.717779e+00
-1.260825e+01,-4.797270e+00,1.276077e+01,-3.153008e+00,-5.524399e-01,-2.482233e-01
-1.327236e+00,1.182832e+01,1.293973e+01,-2.689363e+00,3.117430e+00,8.685591e-01
6.342755e+00,1.751658e+01,8.570975e+00,-2.127129e+00,2.605249e+00,2.334232e-01
9.111279e+00,4.708101e+00,4.124524e+00,-1.465313e+00,8.443934e-01,3.853106e-03
3.005101e+00,8.777333e+00,3.497908e+00,-1.617162e+00,-3.157155e-01,-3.044680e-01
-3.003783e+00,1.198562e+01,4.657251e+00,-1.359763e+00,-4.185679e-01,-3.915481e-01
-7.963209e-01,9.858835e+00,3.499418e+00,-1.219031e+00,-1.806227e-01,-2.560006e-01
-1.691424e+00,8.298399e+00,3.103025e+00,-1.212420e+00,-3.363305e-01,-1.949866e-01
1.836421e-01,9.845254e+00,3.348756e+00,-1.261848e+00,-4.315045e-02,-7.362242e-02
1.163112e+00,9.895835e+00,2.862259e+00,-1.236863e+00,-1.247713e-01,-1.419339e-01
2.079670e+00,9.193786e+00,1.774485e+00,-1.259044e+00,-2.899084e-01,-2.472362e-01
-4.040916e-01,8.423546e+00,1.525289e+00,-1.441910e+00,-6.818288e-01,-3.415882e-01
-8.961669e-01,8.292647e+00,2.227666e+00,-1.619636e+00,-6.977953e-01,-3.187851e-01
4.063545e-01,8.503302e+00,4.595638e+00,-1.751827e+00,-5.227962e-01,-2.494629e-01
8.363646e-01,8.665770e+00,5.383182e+00,-1.788542e+00,-5.558430e-01,-2.032127e-01
3.312213e-01,8.105805e+00,4.234901e+00,-1.820560e+00,-4.944365e-01,-2.751276e-02
2.085427e+00,8.799896e+00,3.043211e+00,-1.936703e+00,-3.552503e-01,1.410845e-01
2.778091e+00,9.835514e+00,7.564111e-01,-2.352359e+00,-8.327719e-01,1.310259e-01
1.580343e+00,9.876897e+00,8.744833e-01,-2.721674e+00,-1.311547e+00,9.000000e-02
2.657567e+00,1.224680e+01,1.349063e+00,-3.174566e+00,-1.680134e+00,8.891476e-02
8.507102e-01,1.676210e+01,-1.507740e+00,-3.494085e+00,-2.071031e+00,2.180621e-01
-1.924383e+00,1.620218e+01,1.689598e+00,-4.104849e+00,-2.783025e+00,1.856857e-01
-2.687386e+00,1.594377e+01,1.017502e+01,-4.256076e+00,-2.658965e+00,2.626993e-01
-6.768785e+00,2.001664e+01,1.581139e+01,-3.162025e+00,-1.318992e+00,5.256739e-02
-2.823623e+00,8.308346e+00,1.593968e+01,-1.523096e+00,1.323946e-01,3.208747e-01
6.470968e+00,1.014615e+01,8.523074e+00,-8.404490e-01,1.522710e+00,3.805325e-01
4.847170e+00,8.715886e+00,1.116711e+01,6.371043e-01,1.214107e+00,-1.055842e-01
3.549198e+00,4.796009e+00,9.400809e+00,2.344604e+00,1.156194e+00,-5.801924e-01
3.859509e+00,3.859836e+00,8.824144e+00,3.224197e+00,1.197507e+00,-8.009795e-01
3.877043e+00,3.094993e+00,8.747043e+00,4.534871e+00,1.055402e+00,-8.946553e-01
3.631852e+00,2.520000e+00,8.531730e+00,5.341632e+00,9.217349e-01,-9.268476e-01
4.077211e+00,2.712789e+00,8.879041e+00,6.249358e+00,6.996306e-01,-9.267400e-01
4.495917e+00,2.734777e+00,1.012750e+01,6.763156e+00,5.348582e-01,-9.529521e-01
5.716093e+00,4.283915e+00,1.095542e+01,7.436511e+00,1.384123e-01,-9.499813e-01
6.909965e+00,7.995325e+00,1.196732e+01,7.628221e+00,-4.752981e-01,-9.021968e-01
-6.620472e-01,5.217206e+00,8.542227e+00,7.036543e+00,-1.434088e+00,-1.350332e+00
-8.697695e+00,3.786277e+00,5.315820e+00,5.483505e+00,-1.330946e+00,-9.614893e-01
-1.011668e+01,-8.690801e+00,7.534057e-01,2.931104e+00,1.599439e+00,-2.724480e-01
3.390205e-01,-1.025624e+01,3.291223e+00,1.631731e-02,2.743020e+00,4.951965e-01
7.440234e+00,4.130871e+00,1.211234e+01,-4.372450e+00,1.917150e+00,5.882883e-01
2.202021e+01,3.938873e+01,-4.401424e+00,-2.676357e+00,1.143579e+00,1.135467e+00
-1.453608e+01,-1.222635e+01,5.476820e+00,-6.635716e-01,-1.787567e+00,-2.068869e+00
-9.028888e+00,-5.255153e-01,1.123626e+01,-3.063666e+00,2.423800e-01,4.884297e-01
-4.890588e+00,1.432230e+01,1.219398e+01,-2.561766e+00,2.449979e+00,5.666517e-01
4.636335e+00,1.550970e+01,7.989636e+00,-2.081029e+00,2.430630e+00,2.813751e-01
7.809484e+00,3.823852e+00,3.902489e+00,-1.577029e+00,8.112324e-01,3.835996e-02
4.476672e+00,1.043654e+01,3.775358e+00,-1.746550e+00,-2.716175e-01,-1.048425e-01
-3.031559e+00,1.063388e+01,4.850780e+00,-1.478798e+00,-5.244731e-01,-3.200806e-01
-1.176513e+00,9.447743e+00,4.391732e+00,-1.446975e+00,-2.788502e-01,-1.866922e-01
-1.148725e+00,8.291019e+00,3.585286e+00,-1.319899e+00,-2.936379e-01,-1.498991e-01
-6.048165e-01,9.405607e+00,3.747355e+00,-1.323284e+00,-5.863844e-02,-5.469234e-02
1.772859e+00,9.397837e+00,2.574337e+00,-1.294576e+00,4.230599e-02,-1.261820e-01
2.436033e+00,8.859162e+00,1.709443e+00,-1.330091e+00,-2.247132e-01,-2.696638e-01
1.275877e+00,8.158871e+00,1.657397e+00,-1.657959e+00,-9.660567e-01,-3.965144e-01
-5.199304e-01,7.276448e+00,3.143725e+00,-1.820044e+00,-1.103509e+00,-4.077339e-01
-7.245492e-01,8.303720e+00,4.381648e+00,-1.990553e+00,-6.833789e-01,-1.844014e-01
9.568452e-01,8.350426e+00,2.131157e+00,-2.118482e+00,-4.439729e-01,-2.944292e-02
2.935525e+00,8.296574e+00,1.301049e+00,-2.593653e+00,-7.456366e-01,3.255831e-02
2.384880e+00,8.723096e+00,1.541548e+00,-3.019859e+00,-1.184007e+00,2.223776e-02
2.084036e+00,1.082875e+01,1.754178e+00,-3.505770e+00,-1.452506e+00,8.395293e-02
4.631120e+00,1.381193e+01,-1.067909e+00,-3.957889e+00,-1.608541e+00,1.033058e-01
4.107737e+00,1.969038e+01,-3.430479e-01,-4.671778e+00,-2.905729e+00,-1.946010e-01
-4.690426e+00,1.827611e+01,1.393961e+01,-4.833853e+00,-4.192823e+00,-3.725111e-01
-1.162284e+01,1.908532e+01,1.877706e+01,-3.789800e+00,-2.618065e+00,-2.581552e-01
-8.271650e+00,7.657212e+00,1.892397e+01,-2.010761e+00,-8.768348e-01,1.591188e-01
6.740897e+00,9.554066e+00,9.617721e+00,-5.299232e-01,1.891132e+00,6.295428e-01
7.709734e+00,9.895512e+00,1.020455e+01,1.193977e+00,1.820347e+00,2.041593e-01
6.012690e+00,2.707436e+00,9.336518e+00,2.912654e+00,1.596530e+00,-1.098966e-01
5.703624e+00,2.427069e+00,8.223828e+00,3.728754e+00,1.494439e+00,-1.523238e-01
4.013364e+00,2.054516e+00,9.792120e+00,5.068990e+00,1.499041e+00,-7.167420e-01
3.978413e+00,1.848948e+00,1.009000e+01,5.892202e+00,1.572298e+00,-7.090346e-01
6.439403e+00,2.415142e+00,1.086027e+01,6.879006e+00,1.366808e+00,-8.196033e-01
8.125568e+00,2.410061e+00,1.286032e+01,7.602946e+00,6.783386e-01,-8.053478e-01
7.322109e+00,5.326864e+00,1.318714e+01,8.312751e+00,-1.376290e+00,-9.904102e-01
1.057098e+00,9.218614e+00,1.206536e+01,7.967537e+00,-2.078869e+00,-1.221955e+00
-1.633609e+01,3.613479e+00,6.548592e+00,6.603818e+00,-1.513231e+00,-1.043061e+00
-1.463496e+01,-4.909006e+00,4.869395e+00,5.127849e+00,1.239324e+00,-4.415080e-01
4.149401e+00,-1.023474e+01,-2.770625e+00,7.914941e-01,3.903676e+00,9.707077e-01
8.958030e+00,-5.932397e+00,4.401075e-01,-2.272648e+00,2.566677e+00,8.048685e-01
7.289927e+00,2.451325e+01,4.673054e+00,-4.541526e+00,5.790196e-01,-1.713043e-01
9.232932e+00,2.870360e+01,3.060044e+00,-9.359681e-01,9.942919e-02,2.945327e-01
-8.608857e+00,-3.812906e-01,1.089229e+01,-2.867294e+00,2.287396e-01,-2.378077e-01
1.616375e+00,2.142054e+00,1.180130e+01,-2.787289e+00,2.442450e+00,6.526461e-01
3.631472e+00,1.872321e+01,1.136935e+01,-2.924332e+00,2.165155e+00,1.138949e-01
5.934479e+00,1.233634e+01,6.987637e+00,-2.189383e+00,1.089147e+00,-2.413591e-02
1.485762e+00,6.677035e+00,4.810446e+00,-1.827045e+00,-6.430738e-01,-3.137035e-01
-4.940722e+00,1.165792e+01,7.805707e+00,-1.564765e+00,-6.399075e-01,-3.003637e-01
-2.012293e-01,9.405221e+00,6.167359e+00,-1.171943e+00,3.409360e-01,-5.219959e-02
1.133011e+00,8.550538e+00,5.771397e+00,-9.706235e-01,4.961780e-01,5.804398e-02
2.425508e+00,9.404141e+00,5.171797e+00,-7.870697e-01,2.697963e-01,-2.600788e-02
2.776749e+00,9.899167e+00,4.420190e+00,-7.059337e-01,-5.347761e-02,-2.072554e-01
1.497531e+00,1.021492e+01,2.659650e+00,-7.752516e-01,-5.476368e-01,-3.839246e-01
-6.203088e-01,8.162777e+00,1.414081e+00,-8.497439e-01,-8.362705e-01,-4.541533e-01
-2.401127e+00,7.308599e+00,1.424863e+00,-1.180269e+00,-9.284238e-01,-4.255156e-01
-7.260283e-01,7.052488e+00,3.871456e-01,-1.461485e+00,-6.535029e-01,-2.620557e-01
1.073730e+00,7.621821e+00,-5.619925e-01,-1.922786e+00,-7.424803e-01,-2.262410e-01
9.486670e-02,8.450540e+00,1.165398e+00,-2.301609e+00,-9.905317e-01,-2.488362e-01
1.308017e+00,9.271371e+00,1.846073e+00,-2.933261e+00,-1.038248e+00,-6.818430e-02
-1.849077e-01,8.238704e+00,2.865556e+00,-3.191063e+00,-1.147775e+00,3.553749e-02
4.659271e+00,1.186661e+01,1.192618e+00,-3.604392e+00,-1.043391e+00,2.495172e-01
7.845273e+00,1.525227e+01,-2.912104e+00,-4.020968e+00,-1.407125e+00,2.422206e-01
4.892187e+00,2.042783e+01,3.451088e+00,-4.686448e+00,-3.447723e+00,-3.236935e-01
3.909540e-01,1.562451e+01,1.418482e+01,-4.495772e+00,-4.555462e+00,-6.858226e-01
-7.969421e+00,2.048385e+01,1.809991e+01,-3.249951e+00,-2.784059e+00,-1.022124e+00
-4.999753e+00,7.603860e+00,1.681676e+01,-1.380135e+00,-9.630647e-01,-5.871186e-01
5.748884e+00,9.168900e+00,8.185556e+00,-7.342479e-01,8.653988e-01,-5.820096e-01
3.716505e+00,9.505194e+00,9.564479e+00,4.693682e-01,9.436700e-01,-9.826043e-01
3.514785e+00,3.821517e+00,8.986083e+00,2.713941e+00,1.301784e+00,-1.202301e+00
4.567177e+00,2.656657e+00,7.313313e+00,3.570296e+00,1.574094e+00,-1.211524e+00
3.857751e+00,2.926537e+00,8.618395e+00,4.569945e+00,1.630928e+00,-1.319380e+00
3.351043e+00,3.236320e+00,8.411043e+00,5.297477e+00,1.592176e+00,-1.209866e+00
4.138233e+00,4.513963e+00,1.041741e+01,6.482277e+00,1.498000e+00,-9.803915e-01
5.158232e+00,4.499318e+00,1.167857e+01,7.256584e+00,1.261277e+00,-7.259850e-01
8.513542e+00,7.569515e+00,1.244180e+01,7.855108e+00,3.622464e-01,-2.319821e-01
6.764671e+00,9.170434e+00,1.003472e+01,7.716803e+00,-5.216245e-01,-2.858060e-01
-7.527676e+00,1.370005e+00,4.744746e+00,6.470619e+00,-9.504806e-01,-7.581430e-01
-1.589275e+01,-4.860309e+00,7.678807e+00,4.428331e+00,5.555630e-01,-4.879808e-01
1.183745e+00,-1.160854e+01,1.637882e+00,8.280193e-03,3.576552e+00,1.200556e+00
6.063646e+00,-5.751973e+00,6.267500e+00,-2.866707e+00,3.069581e+00,9.815937e-01
3.188288e+01,3.658897e+01,2.577727e+00,-1.901980e+00,1.549878e+00,9.201758e-01
-7.530555e+00,-1.106570e+01,9.336299e+00,-2.354674e+00,-2.066843e+00,-2.108013e+00
-1.206415e+01,-1.141156e+00,1.693913e+01,-3.818737e+00,-6.649432e-01,-4.971965e-02
-4.719771e+00,1.954926e+01,1.491140e+01,-3.060239e+00,1.304486e+00,4.221427e-01
4.116294e+00,6.951200e+00,9.006015e+00,-1.634489e+00,1.959525e+00,5.235136e-01
6.047202e+00,5.524659e+00,6.407377e+00,-1.568641e+00,1.903379e+00,5.841962e-01
8.481861e+00,1.229758e+01,5.399936e+00,-1.254700e+00,4.145237e-01,9.632271e-02
1.404534e+00,1.045560e+01,5.199589e+00,-1.127501e+00,-9.690457e-01,-3.119947e-01
-3.264952e+00,9.418085e+00,4.618117e+00,-9.161278e-01,-1.163472e+00,-2.852142e-01
-4.171598e+00,1.038366e+01,3.502139e+00,-8.242865e-01,-6.506428e-01,-1.889394e-01
-3.644426e-02,8.361453e+00,1.351391e+00,-8.332361e-01,2.545710e-01,8.631622e-03
2.838234e+00,7.986846e+00,7.068011e-02,-1.054938e+00,1.144767e-01,-2.301067e-02
1.094883e+00,6.308591e+00,1.301081e+00,-1.419312e+00,-7.761827e-01,-3.100048e-01
-1.221080e+00,6.433265e+00,3.962185e+00,-1.652197e+00,-1.029042e+00,-3.811111e-01
2.860694e-01,7.161078e+00,3.833479e+00,-1.929092e+00,-6.597714e-01,-9.610155e-02
8.762132e-01,8.495772e+00,1.119081e+00,-2.136539e+00,-6.405250e-01,7.595995e-02
9.809980e-01,8.945459e+00,-8.439921e-01,-2.638642e+00,-7.908344e-01,8.348679e-02
9.053567e-01,7.821100e+00,-4.595720e-01,-3.093603e+00,-9.426956e-01,1.512422e-01
6.576868e+00,1.001335e+01,-5.802951e-01,-4.091289e+00,-9.298275e-01,3.487876e-01
1.272370e+01,1.908777e+01,-3.287650e+00,-4.822923e+00,-1.709757e+00,2.523117e-01
1.068337e+00,2.413819e+01,1.071800e+01,-5.200951e+00,-4.845162e+00,-3.420861e-01
-1.331130e+01,1.810572e+01,2.034243e+01,-4.482633e+00,-5.423017e+00,-4.558833e-01
-1.394565e+01,1.100804e+01,2.251190e+01,-2.344066e+00,-1.096340e+00,2.840534e-01
-3.823432e+00,6.710842e+00,2.009877e+01,-1.234368e+00,1.548228e+00,9.100383e-01
7.306106e+00,1.001392e+01,1.061118e+01,4.929398e-01,2.686524e+00,8.422259e-01
7.018861e+00,4.698365e+00,1.033921e+01,2.560011e+00,2.236897e+00,2.167139e-02
7.778588e+00,-2.432276e-01,8.083791e+00,4.222317e+00,1.464238e+00,-1.055233e-01
6.388370e+00,-1.563806e+00,7.744810e+00,4.938344e+00,8.796173e-01,-5.740008e-01
3.829653e+00,1.039349e+00,9.319190e+00,5.856360e+00,4.500960e-01,-9.200382e-01
2.591452e+00,1.735505e+00,9.987533e+00,6.510726e+00,3.429524e-01,-1.090642e+00
1.264130e+00,2.331967e+00,1.164377e+01,7.675831e+00,4.512787e-01,-1.310030e+00
2.371275e+00,4.879485e+00,1.228371e+01,7.897467e+00,6.703704e-01,-1.192139e+00
2.474727e+00,1.046852e+01,1.011830e+01,7.244914e+00,6.234906e-01,-7.810492e-01
-2.726708e+00,3.336912e+00,6.498752e+00,6.439222e+00,2.375148e-01,-1.095455e+00
-2.025099e+00,-1.372168e+00,5.976645e+00,4.062961e+00,9.691540e-01,-7.849199e-01
1.995022e+00,-3.496654e+00,-2.421634e+00,1.920338e+00,9.769941e-01,-2.403517e-01
1.117098e+00,-5.918475e+00,3.860180e+00,-1.519384e+00,2.303237e-01,-5.548821e-01
5.062629e-02,1.829267e+01,5.409026e+00,-3.649556e+00,-5.108854e-02,-3.045295e-01
6.260111e+00,3.633058e+01,3.916892e+00,-6.257893e-01,9.932781e-01,2.835299e-01
-8.549459e+00,-7.775781e+00,8.469408e+00,-2.158736e+00,2.123064e+00,2.047951e-01
3.189270e+00,8.749423e+00,1.154948e+01,-2.685272e+00,3.709825e+00,1.201169e+00
8.565980e+00,1.768501e+01,8.604853e+00,-2.241655e+00,2.412170e+00,3.214447e-01
6.275214e+00,4.103805e+00,6.206698e+00,-1.456067e+00,-1.138486e+00,-6.329245e-01
-6.037442e+00,8.122179e+00,5.600752e+00,-1.599383e+00,-1.235281e+00,-3.807255e-01
-2.589138e+00,1.292401e+01,4.867878e+00,-1.384683e+00,2.548104e-01,8.250215e-03
4.957869e-01,8.568426e+00,3.610563e+00,-1.216832e+00,4.611266e-01,4.722997e-02
3.337279e+00,9.601056e+00,2.864286e+00,-1.272368e+00,1.586545e-01,4.967290e-02
3.272388e+00,1.068645e+01,2.832710e+00,-1.275824e+00,-4.729286e-01,-1.943765e-01
-2.846291e-01,9.017386e+00,2.563407e+00,-1.328115e+00,-1.137383e+00,-4.456583e-01
-2.672063e+00,7.713257e+00,1.875046e+00,-1.423085e+00,-1.243388e+00,-4.842103e-01
-3.150638e+00,7.193587e+00,1.982310e+00,-1.686076e+00,-8.666813e-01,-2.661183e-01
-7.996119e-01,6.565968e+00,3.776904e+00,-1.797056e+00,-4.960007e-01,-1.345250e-01
1.676844e+00,8.424959e+00,4.036267e+00,-1.942930e+00,-4.224339e-01,-6.400219e-03
1.392253e+00,8.299662e+00,1.576111e+00,-2.064209e+00,-5.598600e-01,5.009922e-02
1.556773e+00,8.320493e+00,-8.134662e-01,-2.566870e+00,-7.723595e-01,1.168914e-01
6.905171e-01,8.625345e+00,3.513221e-01,-2.939019e+00,-9.789343e-01,1.492527e-01
3.499580e+00,9.672789e+00,8.419846e-01,-3.649312e+00,-1.154558e+00,2.555232e-01
9.176153e+00,1.349068e+01,-2.839900e+00,-4.068466e+00,-1.415580e+00,2.174203e-01
2.746426e+00,2.135634e+01,4.594660e+00,-4.940875e+00,-3.822348e+00,-1.369950e-01
-4.775410e+00,1.961011e+01,1.506782e+01,-4.784105e+00,-4.747471e+00,-2.926783e-01
-1.123277e+01,2.126611e+01,1.628340e+01,-3.320768e+00,-1.718651e+00,-3.466896e-02
-1.771167e+00,7.564313e+00,1.836131e+01,-1.296887e+00,6.020617e-01,6.438250e-02
1.020924e+01,1.063985e+01,9.649185e+00,-4.383551e-01,1.840322e+00,-2.231459e-01
9.120668e+00,1.081585e+01,9.759406e+00,1.391936e+00,1.124336e+00,-1.092120e+00
4.938857e+00,2.715144e+00,8.639720e+00,3.173731e+00,6.122093e-01,-1.564916e+00
4.386249e+00,2.691865e+00,7.511634e+00,3.834284e+00,6.938188e-01,-1.594006e+00
2.541618e+00,2.824825e+00,1.001087e+01,5.256911e+00,9.642093e-01,-1.834067e+00
2.031669e+00,1.820001e+00,1.007167e+01,6.017855e+00,1.215508e+00,-1.688444e+00
3.332578e+00,2.550043e+00,1.100199e+01,7.170761e+00,1.513934e+00,-1.250171e+00
5.919701e+00,2.648791e+00,1.332588e+01,7.856056e+00,1.226625e+00,-8.892975e-01
8.694720e+00,1.012211e+01,1.120187e+01,8.306309e+00,-1.285875e-01,-2.180868e-01
4.526024e+00,8.029981e+00,9.566963e+00,8.092399e+00,-8.746093e-01,-5.587988e-01
-1.367450e+01,1.609726e-01,5.862250e+00,5.691711e+00,-4.534676e-01,-1.195492e+00
-1.238879e+01,-8.256882e+00,1.506640e+00,3.240840e+00,2.171574e+00,-1.750342e-01
1.866208e+00,-1.207131e+01,2.327138e+00,-1.126396e+00,3.325049e+00,1.023573e+00
7.494563e+00,1.229935e+01,7.836400e+00,-3.978795e+00,2.664133e+00,6.002206e-01
1.742200e+01,2.870435e+01,6.811378e+00,-9.099165e-01,4.214249e-01,3.037738e-01
-9.731254e+00,-1.234180e+01,8.255765e+00,-2.777538e+00,-1.664104e+00,-1.867698e+00
-4.899784e+00,1.693577e+00,1.475632e+01,-3.350721e+00,6.418832e-01,6.054801e-01
-3.299236e+00,2.397360e+01,1.273804e+01,-3.147111e+00,1.046509e+00,-1.469534e-01
1.905460e+00,2.843636e+00,5.672876e+00,-1.593386e+00,1.017892e+00,4.598530e-01
3.727615e+00,2.910929e+00,4.916736e+00,-1.834013e+00,1.099211e+00,2.829812e-01
4.164425e+00,1.239090e+01,5.046305e+00,-1.607231e+00,5.876332e-01,1.186526e-01
3.647203e+00,1.077573e+01,4.938345e+00,-1.517652e+00,-4.898628e-02,-1.275776e-01
-9.118925e-01,7.463823e+00,4.279626e+00,-1.433896e+00,-9.354484e-01,-2.937952e-01
-2.155516e+00,9.060383e+00,4.229955e+00,-1.414836e+00,-6.830040e-01,-2.279078e-01
-6.325968e-01,9.067544e+00,3.623930e+00,-1.312010e+00,-2.900457e-01,-1.565510e-01
3.043574e-01,8.215736e+00,3.084630e+00,-1.316927e+00,-2.135698e-01,-1.649093e-01
1.870103e+00,8.460206e+00,2.780294e+00,-1.481246e+00,-5.280125e-01,-2.622024e-01
1.062060e+00,8.731223e+00,3.697856e+00,-1.582343e+00,-8.797356e-01,-3.051717e-01
-1.280038e+00,7.746692e+00,5.788293e+00,-1.623279e+00,-9.509162e-01,-2.812203e-01
2.848265e-01,8.735798e+00,2.895197e+00,-1.706522e+00,-7.426794e-01,-9.653225e-02
1.557418e+00,9.085384e+00,1.866476e-01,-2.118843e+00,-7.123647e-01,1.401074e-01
2.071851e+00,8.706272e+00,-2.449872e-01,-2.580592e+00,-9.182021e-01,1.939017e-01
3.007154e+00,1.026524e+01,-2.485950e-01,-3.241559e+00,-1.130621e+00,2.877265e-01
6.140841e+00,1.318061e+01,-2.365280e+00,-3.695043e+00,-1.335813e+00,2.740735e-01
6.006690e+00,2.030868e+01,-1.382979e+00,-4.602595e+00,-2.899740e+00,2.058284e-02
-5.113491e+00,1.808140e+01,1.363426e+01,-4.739381e+00,-4.474558e+00,-2.711551e-01
-1.036751e+01,2.400362e+01,1.699120e+01,-3.789063e+00,-2.455882e+00,1.454553e-01
-9.113843e+00,1.079545e+01,1.822039e+01,-1.968685e+00,-1.058750e+00,2.557360e-01
6.005852e+00,7.607158e+00,1.036208e+01,-6.369226e-01,1.908933e+00,5.604464e-01
8.607362e+00,1.192755e+01,8.689415e+00,9.245033e-01,1.791322e+00,1.079531e-01
5.428341e+00,4.078215e+00,1.019317e+01,2.990489e+00,1.181299e+00,-6.368093e-01
4.887722e+00,1.568218e+00,7.178813e+00,3.929955e+00,1.010957e+00,-7.470404e-01
3.581527e+00,1.450000e+00,8.988031e+00,5.123608e+00,9.918481e-01,-1.229021e+00
2.977339e+00,1.262797e+00,9.650421e+00,5.860920e+00,1.047022e+00,-1.237454e+00
3.329921e+00,3.440315e+00,1.054284e+01,6.877850e+00,1.076999e+00,-1.209487e+00
3.710637e+00,3.306895e+00,1.199308e+01,7.680851e+00,9.338889e-01,-1.156788e+00
7.196032e+00,9.571721e+00,1.196192e+01,8.107071e+00,1.277570e-01,-6.778114e-01
5.136392e+00,1.113060e+01,1.112070e+01,8.099605e+00,-7.720920e-01,-6.081682e-01
-1.066734e+01,-8.544700e-01,4.431723e+00,6.458553e+00,-9.759013e-01,-1.470978e+00
-1.483240e+01,-5.112498e+00,9.353186e+00,4.317876e+00,9.841110e-01,-9.555752e-01
-1.821291e-01,-1.216558e+01,-1.796430e-01,-9.308188e-05,3.212163e+00,8.450474e-01
2.331579e+00,-2.319549e+00,7.038247e+00,-2.659964e+00,2.852170e+00,5.473391e-01
2.064830e+01,3.941000e+01,-3.146466e+00,-1.694490e+00,2.257970e+00,1.292506e+00
-4.384969e+00,-6.529519e+00,4.206145e+00,-2.193246e+00,3.794556e-01,-1.256104e+00
2.202312e+00,1.562027e+00,1.245166e+01,-3.280246e+00,1.521298e+00,7.476123e-01
-8.740634e-01,9.178720e+00,1.226856e+01,-2.832614e+00,1.189903e+00,4.837379e-02
1.402618e-01,1.658710e+01,8.933808e+00,-2.052033e+00,4.404290e-01,-1.305654e-01
2.521329e+00,4.403975e+00,5.216114e+00,-1.489626e+00,3.481808e-01,-7.152746e-02
-2.214977e-01,1.154855e+01,4.725184e+00,-1.650114e+00,4.951805e-01,1.462610e-01
1.350641e+00,1.174945e+01,4.545729e+00,-1.378272e+00,5.698352e-01,-6.728582e-03
1.268008e+00,7.793437e+00,3.423144e+00,-1.284978e+00,-2.171061e-01,-1.607099e-01
-7.804233e-01,7.812361e+00,3.331225e+00,-1.256529e+00,-4.352697e-01,-1.970793e-01
-5.830326e-01,1.097451e+01,3.172270e+00,-1.303218e+00,-1.379769e-01,-1.172366e-01
-1.195971e+00,9.977344e+00,2.606766e+00,-1.255071e+00,-1.060786e-01,-1.602133e-01
1.104085e+00,7.977355e+00,1.362704e+00,-1.456025e+00,-1.975403e-01,-2.013726e-01
2.293724e+00,8.082638e+00,2.551500e+00,-1.665490e+00,-4.295189e-01,-2.656409e-01
1.176816e+00,8.118106e+00,5.404376e+00,-1.979947e+00,-8.318664e-01,-2.231326e-01
3.040635e-01,8.711952e+00,5.917398e+00,-2.037512e+00,-8.464795e-01,-1.607959e-01
8.731702e-01,9.018157e+00,1.686824e+00,-2.169360e+00,-7.649527e-01,8.391097e-02
2.561709e+00,9.048114e+00,-4.720266e-01,-2.444787e+00,-8.500636e-01,1.464648e-01
5.295778e-01,9.223968e+00,-1.660709e-01,-3.257971e+00,-1.457279e+00,2.004685e-01
2.997637e+00,1.120444e+01,3.571332e-02,-3.750571e+00,-1.447235e+00,2.628021e-01
7.507351e+00,2.106059e+01,-3.664554e+00,-4.485087e+00,-2.206928e+00,1.770628e-01
1.371485e-01,2.172734e+01,6.278174e+00,-4.806167e+00,-4.410020e+00,-1.001148e-01
-1.378197e+01,2.125599e+01,1.748736e+01,-4.442979e+00,-3.924356e+00,-3.221291e-01
-1.423038e+01,2.250848e+01,1.789457e+01,-2.645434e+00,-1.243665e+00,1.892540e-01
2.146399e+00,4.487577e+00,1.723874e+01,-9.265710e-01,2.083876e+00,7.489192e-01
1.071469e+01,1.308887e+01,1.040988e+01,-2.051726e-01,2.443439e+00,5.820046e-01
7.741595e+00,5.447296e+00,1.071927e+01,2.604373e+00,1.308340e+00,-2.857690e-01
6.103858e+00,2.293318e+00,8.264480e+00,3.730329e+00,8.962807e-01,-4.919438e-01
4.006516e+00,1.058258e+00,8.871750e+00,4.808857e+00,9.195124e-01,-1.015998e+00
3.926703e+00,8.390107e-01,9.686484e+00,5.575755e+00,1.102279e+00,-1.152972e+00
4.072100e+00,1.270785e+00,9.828973e+00,6.726298e+00,1.178612e+00,-1.111473e+00
4.583643e+00,2.173545e+00,1.137301e+01,7.538939e+00,1.043820e+00,-1.001168e+00
6.185872e+00,4.233158e+00,1.413850e+01,8.383862e+00,6.706969e-01,-8.522343e-01
7.335282e+00,9.338438e+00,1.054025e+01,8.621111e+00,1.029791e-01,-5.109342e-01
-1.426570e+00,7.431820e+00,7.824121e+00,7.639866e+00,-8.322913e-01,-1.055397e+00
-1.381567e+01,-4.134064e+00,8.036941e+00,5.729750e+00,-3.355268e-02,-8.625071e-01
-9.670208e-01,-1.560799e+01,-3.863720e+00,1.839842e+00,2.829980e+00,5.083517e-01
4.911933e+00,-1.225000e+01,3.530673e+00,-2.638702e+00,2.385679e+00,5.777837e-01
3.153939e+01,3.916105e+01,-5.748643e+00,-3.643040e+00,9.001457e-01,7.973191e-01
7.837605e-01,8.179570e+00,5.713362e+00,-2.133131e+00,-1.308854e+00,-9.542936e-01
-6.254643e+00,-4.004967e+00,1.232305e+01,-3.870573e+00,-8.269053e-01,1.103294e-01
-3.487524e+00,4.164071e+00,1.195041e+01,-3.279210e+00,9.807751e-01,6.429468e-01
-2.861585e+00,2.120273e+01,1.359094e+01,-3.017733e+00,1.353449e+00,-4.274989e-01
2.520275e+00,4.397983e+00,7.449725e+00,-2.042466e+00,1.241300e+00,5.109984e-01
3.735872e+00,8.165132e+00,5.908458e+00,-1.946821e+00,8.438707e-01,1.765640e-01
2.149578e+00,1.205295e+01,7.512528e+00,-1.707320e+00,4.425599e-01,4.775716e-02
2.561603e+00,9.066690e+00,6.460910e+00,-1.382638e+00,-6.858621e-02,-1.552620e-01
-4.733580e-01,8.136885e+00,5.357772e+00,-1.253078e+00,-5.750826e-01,-2.673106e-01
-2.736659e-01,9.664632e+00,4.209169e+00,-1.142639e+00,-2.980761e-01,-1.587401e-01
4.224698e-01,1.072750e+01,3.910004e+00,-1.098095e+00,-1.201587e-01,-1.847090e-01
6.262138e-01,8.539872e+00,3.565017e+00,-1.058307e+00,-3.539675e-01,-2.570899e-01
-1.547668e-01,8.108535e+00,2.638162e+00,-1.120551e+00,-6.323936e-01,-2.723442e-01
-1.348464e+00,7.648029e+00,3.318898e+00,-1.286179e+00,-8.541455e-01,-3.367056e-01
-1.040301e-01,8.012414e+00,3.245552e+00,-1.416363e+00,-6.956712e-01,-2.428861e-01
1.034777e+00,8.743426e+00,-1.087322e-01,-1.751621e+00,-6.686963e-01,-7.707287e-02
1.704802e+00,8.105175e+00,-1.811838e+00,-2.145629e+00,-7.986359e-01,-2.279325e-02
1.216959e+00,8.262165e+00,2.043841e-02,-3.005696e+00,-1.045381e+00,6.197890e-02
3.527314e+00,1.041117e+01,3.698327e-01,-3.484775e+00,-1.084637e+00,1.967560e-01
7.611404e+00,1.681945e+01,-3.770633e+00,-4.180421e+00,-1.858324e+00,1.052395e-01
6.035676e-01,2.092201e+01,3.778350e+00,-4.697440e+00,-3.044312e+00,-3.110230e-02
-8.685975e+00,2.319121e+01,1.676252e+01,-4.832875e+00,-4.192352e+00,2.109563e-02
-1.247562e+01,2.432649e+01,1.728293e+01,-3.475101e+00,-2.005554e+00,4.084157e-01
2.182927e+00,3.943573e+00,1.878387e+01,-1.102100e+00,1.410820e+00,7.823125e-01
8.536928e+00,1.028830e+01,1.070481e+01,-5.796921e-01,2.091218e+00,6.148439e-01
7.409521e+00,7.121199e+00,1.166882e+01,1.789062e+00,1.314647e+00,-3.181124e-01
5.847649e+00,2.587107e+00,8.362966e+00,3.078293e+00,8.786922e-01,-6.788456e-01
4.878248e+00,1.528248e+00,9.075595e+00,4.796518e+00,5.512694e-01,-1.260475e+00
4.167904e+00,9.225325e-01,1.001616e+01,5.699808e+00,6.046232e-01,-1.324318e+00
3.481657e+00,6.094287e-01,1.036389e+01,6.853649e+00,6.521848e-01,-1.293050e+00
3.576913e+00,1.612871e+00,1.147035e+01,7.560422e+00,6.334687e-01,-1.204007e+00
4.275401e+00,3.696304e+00,1.486857e+01,8.539203e+00,5.172261e-01,-9.930421e-01
4.663175e+00,1.037928e+01,1.124861e+01,8.777721e+00,3.126098e-01,-6.368734e-01
-1.700616e+00,8.191842e+00,9.154934e+00,7.426330e+00,-3.634771e-01,-4.582522e-01
-1.625523e+01,-4.032127e+00,7.812660e+00,5.313015e+00,8.962936e-01,-3.218663e-01
2.311380e+00,-1.472801e+01,-6.200872e-01,1.176723e+00,3.665792e+00,7.046424e-01
8.258218e+00,-4.021823e+00,5.380847e+00,-2.255624e+00,3.249774e+00,1.032803e+00
3.422641e+01,3.941000e+01,-1.054956e+00,-2.715593e+00,1.352339e+00,7.321885e-01
-7.783953e-01,7.429848e-01,1.068750e+01,-3.277399e+00,-2.161746e+00,-2.362487e+00
-7.098476e-01,-6.440636e+00,1.212585e+01,-3.429840e+00,-3.753114e-01,-3.315554e-02
-6.000046e+00,1.072474e+01,1.481680e+01,-3.248242e+00,1.157030e-01,-5.440729e-02
-4.055798e+00,1.651543e+01,1.024353e+01,-2.087525e+00,8.276499e-01,9.373774e-02
-2.074902e+00,2.532933e+00,6.863110e+00,-1.383057e+00,1.374938e+00,4.782473e-01
4.255907e+00,1.162751e+01,5.680684e+00,-1.477240e+00,1.706392e+00,5.370275e-01
5.527082e+00,1.181439e+01,5.323183e+00,-1.224748e+00,1.055367e+00,2.429133e-01
2.113884e+00,8.447924e+00,4.221965e+00,-1.133722e+00,-3.504791e-01,-5.943637e-02
-4.078518e-01,8.064630e+00,4.126822e+00,-1.086665e+00,-3.980723e-01,-1.781150e-01
1.573602e+00,1.072107e+01,2.791992e+00,-1.119073e+00,1.082525e-02,-1.281534e-01
2.387932e+00,9.993508e+00,2.225190e+00,-1.131448e+00,-8.545721e-02,-2.607195e-01
-8.988102e-01,7.915909e+00,1.738026e+00,-1.292054e+00,-9.173740e-01,-4.170125e-01
-1.462201e+00,6.987400e+00,2.237019e+00,-1.461353e+00,-9.568360e-01,-4.307500e-01
-1.071709e-01,8.432063e+00,4.508076e+00,-1.658353e+00,-7.345852e-01,-2.760700e-01
-1.662239e-01,8.700871e+00,5.094190e+00,-1.700228e+00,-5.789940e-01,-1.626493e-01
1.568771e+00,8.765363e+00,5.203008e-01,-1.967599e+00,-4.928244e-01,1.083626e-01
2.769557e+00,8.889896e+00,-1.321589e+00,-2.360759e+00,-7.210372e-01,1.106726e-01
2.508517e+00,9.016120e+00,-1.353627e+00,-3.056963e+00,-1.262217e+00,1.152739e-01
3.903830e+00,1.215614e+01,-1.135794e+00,-3.587995e+00,-1.445541e+00,2.449064e-01
3.981694e+00,1.786153e+01,-2.990366e+00,-4.413492e+00,-2.219165e+00,3.566532e-01
-1.089834e+00,1.936703e+01,4.561466e+00,-4.869778e+00,-3.355401e+00,1.344971e-01
-9.607917e+00,2.381996e+01,1.733599e+01,-4.693512e+00,-3.115828e+00,1.408596e-01
-1.052018e+01,2.059346e+01,1.804965e+01,-2.910831e+00,-1.187236e+00,1.856864e-01
2.811203e+00,7.542839e+00,1.465716e+01,-1.202521e+00,1.536030e+00,5.124082e-01
6.897662e+00,1.145033e+01,1.160296e+01,-3.378553e-01,1.644731e+00,3.725245e-01
3.351833e+00,5.953632e+00,1.285766e+01,2.523632e+00,1.002728e+00,-4.912895e-01
2.933252e+00,2.930242e+00,1.029578e+01,3.826467e+00,1.101866e+00,-5.066062e-01
3.237135e+00,9.072433e-01,1.074946e+01,5.193365e+00,1.248038e+00,-8.389193e-01
2.669216e+00,8.487895e-01,1.046813e+01,6.002786e+00,1.221770e+00,-9.073327e-01
2.732871e+00,1.443646e+00,1.088248e+01,7.299197e+00,1.132144e+00,-7.757522e-01
4.209439e+00,1.425062e+00,1.160450e+01,8.074605e+00,1.007010e+00,-6.421294e-01
6.514415e+00,3.716339e+00,1.232361e+01,8.645291e+00,5.516156e-01,-6.148949e-01
6.747354e+00,1.082550e+01,9.846832e+00,8.587184e+00,-5.660148e-02,-4.770486e-01
-6.859891e+00,3.366195e+00,5.163998e+00,7.401635e+00,-1.356001e-01,-1.311255e+00
-1.311183e+01,-4.867965e+00,3.643663e+00,6.059684e+00,6.118896e-01,-8.177520e-01
-4.067102e+00,-1.291750e+01,-4.466775e+00,1.355380e+00,3.303160e+00,6.896122e-01
2.472031e+00,-8.083307e+00,2.622114e+00,-2.258107e+00,3.076108e+00,7.804518e-01
1.137984e+01,1.231278e+01,9.729739e+00,-5.104304e+00,1.366290e+00,3.489381e-01
2.976112e+01,3.735032e+01,-4.699694e+00,-2.275758e+00,4.778214e-01,5.957040e-01
-1.413720e+01,-5.774446e+00,1.503246e+01,-3.336748e+00,-2.111465e+00,-1.622070e+00
-1.887921e+00,-3.069643e+00,1.326590e+01,-3.159821e+00,7.600524e-01,5.307571e-01
-5.376066e+00,2.297293e+01,1.342242e+01,-2.947672e+00,1.667386e+00,-1.480846e-01
3.000516e+00,9.643458e+00,7.627642e+00,-1.979776e+00,1.790472e+00,3.592988e-01
7.190352e+00,2.785248e+00,4.872532e+00,-1.605729e+00,1.354837e+00,2.245973e-01
5.747084e+00,1.178191e+01,5.284759e+00,-1.518038e+00,2.829938e-01,-8.507151e-02
1.890295e+00,1.012856e+01,4.334089e+00,-1.350859e+00,-8.171585e-01,-4.456206e-01
-1.930308e+00,8.478345e+00,3.839933e+00,-1.284575e+00,-1.432625e+00,-5.451041e-01
-4.156249e+00,9.479585e+00,3.578482e+00,-1.227864e+00,-7.652454e-01,-2.365909e-01
-2.069234e+00,9.156166e+00,2.764346e+00,-1.198920e+00,-9.948039e-02,-8.002937e-02
1.855112e+00,8.055345e+00,1.109320e+00,-1.335073e+00,2.016442e-01,-7.955932e-02
1.828666e+00,7.540688e+00,5.782582e-01,-1.508170e+00,-1.690280e-01,-2.229554e-01
-7.039223e-01,7.691891e+00,2.817178e+00,-1.847286e+00,-7.265892e-01,-3.823510e-01
-5.378001e-02,7.722251e+00,4.627939e+00,-1.939958e+00,-6.919766e-01,-3.783555e-01
7.411898e-01,8.591652e+00,5.445398e+00,-2.002284e+00,-5.772018e-01,-1.999591e-01
3.980198e-01,8.934848e+00,3.174875e+00,-2.100476e+00,-4.697497e-01,3.542511e-02
2.894830e+00,9.729803e+00,-3.722808e-01,-2.518091e+00,-4.782493e-01,2.113163e-01
3.848632e+00,9.330986e+00,-1.525090e+00,-2.942259e+00,-7.843425e-01,2.308289e-01
4.381151e+00,1.370122e+01,-6.396365e-01,-3.884314e+00,-1.533555e+00,2.151079e-01
3.722015e+00,1.841791e+01,-1.820977e+00,-4.378380e+00,-2.170003e+00,3.115386e-01
-5.024274e+00,1.821157e+01,1.093552e+01,-4.805079e+00,-3.514717e+00,8.988304e-02
-8.004401e+00,2.278435e+01,1.653717e+01,-4.631932e+00,-3.155571e+00,3.207100e-01
-7.911732e+00,1.835293e+01,1.686035e+01,-1.844034e+00,-3.992642e-01,3.832837e-01
1.874034e+00,3.151273e+00,1.733927e+01,-9.024019e-01,1.119184e+00,5.861589e-01
5.817961e+00,1.203100e+01,9.308060e+00,2.332574e-01,1.209347e+00,1.907841e-01
3.007905e+00,7.438937e+00,1.148167e+01,1.865017e+00,7.266023e-01,-3.837926e-01
2.590590e+00,2.840145e+00,9.365806e+00,3.969615e+00,9.640915e-01,-4.539581e-01
3.266107e+00,1.707115e+00,9.036401e+00,4.865462e+00,1.128783e+00,-6.565723e-01
2.848121e+00,8.147516e-01,9.814849e+00,5.863254e+00,1.180986e+00,-7.129684e-01
2.877201e+00,1.288201e+00,1.023100e+01,6.453181e+00,1.192380e+00,-6.565352e-01
3.335585e+00,2.397965e+00,1.280009e+01,7.735178e+00,9.422998e-01,-5.486047e-01
4.152607e+00,2.778150e+00,1.426973e+01,8.294250e+00,6.798169e-01,-4.137327e-01
6.627820e+00,1.234698e+01,1.202722e+01,8.453925e+00,5.349253e-02,-3.887134e-02
9.645820e-02,4.607878e+00,6.381741e+00,7.983312e+00,-2.727618e-01,-6.553472e-01
-1.358262e+01,-7.061217e+00,5.593965e+00,4.725830e+00,8.824592e-01,-9.371909e-01
-5.165109e+00,-1.135367e+01,-2.720256e-01,1.847098e+00,2.587545e+00,4.525800e-01
3.944889e+00,3.531128e+00,5.484545e+00,-2.727000e+00,2.526227e+00,4.296893e-01
1.827702e+01,3.925821e+01,-3.624881e+00,-3.445347e+00,1.929364e+00,6.802058e-01
-2.029726e+00,-7.610221e+00,8.634474e+00,-3.263181e+00,-2.365937e+00,-2.718595e+00
-2.354724e+00,-7.668859e+00,1.440124e+01,-3.709441e+00,-1.513887e+00,-2.738889e-01
-1.043343e+01,2.146363e+01,1.561787e+01,-3.234150e+00,-1.535847e-01,-4.396434e-01
-6.035613e+00,2.571096e+01,1.451678e+01,-2.233728e+00,9.335302e-01,-5.452241e-02
2.899360e+00,1.401192e+00,5.451926e+00,-1.226879e+00,2.093978e+00,5.695476e-01
4.892976e+00,7.978316e+00,5.157007e+00,-1.310359e+00,1.959728e+00,5.281675e-01
7.942742e+00,1.213448e+01,4.386317e+00,-1.052931e+00,3.643277e-01,-2.432815e-02
1.431259e+00,8.726560e+00,4.041707e+00,-1.014840e+00,-1.162317e+00,-4.465474e-01
-4.895976e+00,9.885701e+00,3.435800e+00,-9.535617e-01,-1.022190e+00,-3.172584e-01
-4.345149e+00,1.024498e+01,2.480595e+00,-8.938631e-01,-2.768112e-01,-1.383161e-01
2.508481e+00,7.108260e+00,-1.464493e+00,-1.062226e+00,3.035819e-01,-2.713709e-02
3.914686e+00,6.408601e+00,-1.913894e+00,-1.438130e+00,-2.293108e-01,-1.810561e-01
-1.551658e+00,7.377506e+00,1.251465e+00,-1.971377e+00,-1.061703e+00,-3.457664e-01
-1.575175e+00,8.130789e+00,4.018158e+00,-2.083133e+00,-8.575802e-01,-3.321417e-01
3.260616e+00,8.868661e+00,3.307014e+00,-2.169823e+00,-4.921884e-01,-1.719956e-01
3.846764e+00,8.495886e+00,1.920029e+00,-2.334053e+00,-6.035308e-01,-3.386941e-02
2.716730e+00,8.794581e+00,9.900281e-01,-2.844202e+00,-1.134715e+00,-1.012002e-02
1.127112e+00,8.991818e+00,1.121176e+00,-3.250549e+00,-1.452863e+00,1.173043e-01
4.504497e+00,1.197838e+01,-2.787686e-01,-3.746930e+00,-1.333724e+00,3.203128e-01
6.260957e+00,1.839210e+01,-2.730052e+00,-4.189814e+00,-1.705749e+00,3.824045e-01
-3.751376e+00,1.878068e+01,9.962554e+00,-4.872260e+00,-3.889784e+00,-8.019801e-02
-7.684639e+00,2.097685e+01,1.699797e+01,-4.781078e+00,-3.606628e+00,1.404369e-01
-8.719105e+00,1.501365e+01,1.703051e+01,-2.752648e+00,-1.167696e+00,4.248300e-01
-2.502406e-01,3.999840e+00,1.880026e+01,-1.205730e+00,6.529465e-01,6.276946e-01
8.674251e+00,1.148869e+01,9.012533e+00,1.960433e-01,1.544918e+00,3.331295e-01
4.947466e+00,7.392899e+00,1.139805e+01,1.930664e+00,9.262073e-01,-4.272390e-01
3.950009e+00,2.121845e+00,8.563698e+00,3.566617e+00,8.558177e-01,-6.236454e-01
4.158048e+00,1.477898e+00,8.552102e+00,4.410643e+00,9.425446e-01,-7.874903e-01
3.192326e+00,8.963338e-01,9.545499e+00,5.673450e+00,1.014657e+00,-1.157791e+00
2.693494e+00,9.021797e-01,9.520000e+00,6.348962e+00,9.825100e-01,-1.095699e+00
2.986111e+00,2.239734e+00,1.134358e+01,7.278602e+00,9.710368e-01,-1.094510e+00
3.724858e+00,3.199742e+00,1.356923e+01,7.901708e+00,8.693325e-01,-9.953425e-01
6.862395e+00,1.056254e+01,1.124848e+01,8.332237e+00,3.135359e-01,-4.808222e-01
4.533409e+00,1.052907e+01,1.025543e+01,7.885672e+00,-1.626854e-01,-9.330778e-01
-1.788706e+01,-5.527018e-01,1.228218e+01,5.782645e+00,4.453025e-01,-1.301520e+00
-1.073506e+01,-6.531636e+00,9.340293e-01,3.768525e+00,2.588796e+00,-3.242131e-01
1.208170e+00,-1.302716e+01,1.512296e+00,-1.888391e+00,3.263878e+00,6.472195e-01
9.069416e+00,2.101302e+01,5.756000e+00,-4.429758e+00,2.321254e+00,5.329342e-01
2.335469e+00,3.430261e+00,2.877758e+00,-1.646687e+00,2.037877e-01,-1.421432e-02
-9.381546e+00,-1.052105e+01,1.444198e+01,-3.108584e+00,-2.337588e+00,-2.223749e+00
-4.332129e+00,1.070552e+00,1.352231e+01,-3.193565e+00,2.480551e-01,4.008321e-01
-1.099256e+01,1.408954e+01,1.602922e+01,-2.955594e+00,5.704734e-01,-5.898911e-01
1.338078e+00,7.501697e+00,7.601321e+00,-1.456997e+00,1.540342e+00,6.399098e-01
5.546624e+00,3.448314e+00,4.532857e+00,-1.352768e+00,1.680962e+00,4.325695e-01
5.630985e+00,1.279068e+01,5.069165e+00,-1.300745e+00,1.022573e+00,2.192783e-01
5.554384e+00,1.162126e+01,4.442969e+00,-1.188211e+00,-1.598354e-02,-1.373888e-01
-1.953531e+00,7.909654e+00,3.760201e+00,-1.136512e+00,-1.074475e+00,-3.624120e-01
-2.974891e+00,9.357304e+00,3.486909e+00,-1.127474e+00,-8.622099e-01,-2.532396e-01
-7.442367e-01,1.027395e+01,1.583053e+00,-1.147080e+00,-1.069707e-01,-9.392390e-02
1.803035e+00,8.129120e+00,3.183051e-01,-1.237307e+00,-1.380098e-01,-1.847785e-01
-1.272723e+00,7.484101e+00,1.256958e+00,-1.543057e+00,-7.513842e-01,-2.847627e-01
-1.051961e+00,6.751716e+00,2.167744e+00,-1.752034e+00,-8.510981e-01,-3.168808e-01
1.296678e+00,8.440798e+00,5.083103e+00,-1.979243e+00,-5.995343e-01,-1.849595e-01
1.789165e+00,8.813318e+00,4.419356e+00,-2.037532e+00,-5.722222e-01,-1.124680e-01
1.311403e+00,8.636946e+00,9.823983e-01,-2.296104e+00,-7.661686e-01,3.444226e-02
2.169613e+00,9.147836e+00,3.769704e-01,-2.610890e+00,-9.461261e-01,5.752844e-02
2.328971e+00,1.023428e+01,3.527864e-01,-3.344401e+00,-1.283004e+00,2.526875e-01
5.429287e+00,1.170696e+01,-8.138352e-01,-3.798542e+00,-1.325588e+00,2.922387e-01
6.444186e+00,2.045461e+01,-2.392674e+00,-4.501812e+00,-2.470446e+00,2.034988e-01
-4.020647e+00,1.848217e+01,1.231699e+01,-4.823912e+00,-3.893515e+00,-1.594144e-01
-1.107261e+01,2.494467e+01,1.818987e+01,-4.178171e+00,-3.030693e+00,1.398287e-01
-1.102445e+01,1.451643e+01,1.787911e+01,-2.096618e+00,-9.941159e-01,5.099518e-01
5.647786e+00,7.973220e+00,1.106607e+01,-7.847673e-01,1.569765e+00,9.339660e-01
7.087583e+00,1.071635e+01,9.716766e+00,2.627197e-01,1.848774e+00,8.452464e-01
4.743697e+00,3.903449e+00,1.068961e+01,2.886712e+00,1.229850e+00,4.161929e-02
4.981437e+00,2.158814e+00,8.493626e+00,3.930629e+00,1.101343e+00,-7.556842e-02
4.669517e+00,8.047629e-01,8.752002e+00,4.964800e+00,1.065338e+00,-6.539772e-01
4.638468e+00,1.869506e+00,9.341631e+00,5.608713e+00,1.079355e+00,-9.007524e-01
4.313898e+00,2.168644e+00,1.027377e+01,6.784084e+00,8.601083e-01,-1.161820e+00
4.353888e+00,2.911482e+00,1.135500e+01,7.517642e+00,6.849043e-01,-1.275312e+00
5.607122e+00,6.648367e+00,1.354719e+01,8.164963e+00,2.934403e-01,-1.193875e+00
5.265869e+00,1.335649e+01,1.114388e+01,8.250393e+00,-3.183503e-01,-9.248223e-01
-2.948266e+00,3.617635e+00,6.570847e+00,7.039477e+00,-7.416195e-01,-1.812906e+00
-1.560424e+01,-2.934258e+00,9.642671e+00,4.991543e+00,4.801467e-01,-1.433243e+00
-9.839901e-01,-1.266563e+01,-2.689190e+00,1.531682e+00,2.922539e+00,6.078124e-01
2.597756e+00,-1.050695e+01,4.287484e+00,-1.648088e+00,2.685717e+00,3.731285e-01
1.511968e+01,3.687837e+01,2.997543e-01,-4.108618e+00,1.395341e+00,8.853119e-01
1.010784e+01,1.885854e+01,5.737282e-01,-1.040054e+00,4.553380e-01,-8.064670e-02
-9.238332e+00,-4.742954e+00,1.364745e+01,-3.306092e+00,2.146223e-02,-9.096197e-02
-2.039941e+00,4.472963e+00,1.263901e+01,-3.021629e+00,2.197197e+00,1.113156e+00
4.080672e+00,2.032298e+01,1.038235e+01,-2.470144e+00,2.202951e+00,-1.186519e-01
8.504404e+00,9.098170e+00,5.406697e+00,-1.542412e+00,7.502007e-01,1.194404e-01
1.661379e+00,9.217480e+00,5.009774e+00,-1.863153e+00,-3.299844e-01,-2.390513e-01
-8.751425e-01,1.267013e+01,6.018328e+00,-1.680079e+00,-4.906223e-01,-2.981588e-01
8.902050e-01,9.592291e+00,4.703550e+00,-1.402047e+00,-4.873197e-01,-3.237127e-01
-1.228773e+00,7.965758e+00,4.283816e+00,-1.319975e+00,-7.442014e-01,-3.086970e-01
-1.981856e+00,1.031593e+01,4.280000e+00,-1.235587e+00,-4.296795e-01,-1.472691e-01
-2.610357e+00,1.010565e+01,3.704842e+00,-1.151250e+00,-1.500070e-01,-1.176756e-01
6.380966e-01,7.907076e+00,2.184041e+00,-1.158036e+00,2.067911e-01,-1.255733e-01
3.258722e+00,8.247814e+00,1.556289e+00,-1.371988e+00,-6.449776e-02,-6.615645e-02
2.479834e+00,7.510819e+00,3.082133e+00,-1.596876e+00,-7.404078e-01,-3.066535e-01
-6.169432e-01,8.374719e+00,5.302958e+00,-1.757941e+00,-9.863137e-01,-3.310296e-01
-8.777567e-01,8.646869e+00,3.202196e+00,-1.899426e+00,-5.588720e-01,-9.382816e-03
4.029654e-01,8.292997e+00,7.035645e-01,-2.114915e+00,-4.181918e-01,1.834258e-01
2.734324e+00,9.549945e+00,-6.720250e-01,-2.726198e+00,-6.910932e-01,2.262322e-01
1.396138e+00,1.032642e+01,6.355649e-01,-3.202002e+00,-1.099750e+00,2.338779e-01
5.373766e+00,1.338867e+01,-2.565430e+00,-4.038548e+00,-1.465891e+00,3.163570e-01
6.337091e+00,2.005436e+01,-2.904766e+00,-4.563186e+00,-2.332460e+00,2.205508e-01
-4.613078e+00,1.680574e+01,1.696834e+01,-4.836724e+00,-4.145469e+00,-3.105556e-01
-7.559602e+00,2.347021e+01,1.861390e+01,-4.402496e+00,-3.610335e+00,-2.012566e-01
-8.951199e+00,9.338877e+00,1.860592e+01,-1.170297e+00,-7.716724e-01,1.561718e-01
5.592432e-01,2.837200e+00,1.445670e+01,-5.022964e-01,1.195068e+00,5.429255e-01
4.161719e+00,8.720868e+00,1.008764e+01,1.095093e+00,1.755311e+00,2.812455e-01
3.407787e+00,4.888766e+00,1.087328e+01,2.462813e+00,1.800734e+00,-1.124624e-01
5.760022e+00,2.888770e+00,8.354733e+00,4.295034e+00,2.021397e+00,-2.320278e-01
6.236850e+00,2.929935e+00,8.316301e+00,5.182553e+00,1.824054e+00,-6.300303e-01
6.160918e+00,2.171262e+00,9.821836e+00,6.193339e+00,1.322395e+00,-8.462065e-01
5.880197e+00,3.121774e+00,1.014838e+01,6.801839e+00,8.508641e-01,-9.752521e-01
6.100560e+00,3.423749e+00,1.254284e+01,7.791629e+00,-1.030653e-01,-1.073809e+00
6.224249e+00,8.124240e+00,1.200688e+01,7.959838e+00,-7.791066e-01,-9.524526e-01
-5.289049e-01,7.865436e+00,8.202131e+00,7.719235e+00,-1.321506e+00,-1.464075e+00
-1.006076e+01,9.952793e-01,5.636376e+00,6.678509e+00,-9.338493e-01,-1.799021e+00
-9.707893e+00,-5.596991e+00,2.460496e+00,3.311734e+00,2.095114e+00,-4.665460e-01
1.143523e+00,-1.098689e+01,5.681173e-01,6.227651e-01,2.824370e+00,8.649073e-01
7.384365e+00,-9.850680e-01,1.084375e+01,-3.579057e+00,1.875157e+00,3.145578e-01
2.620509e+01,3.940367e+01,-3.315169e+00,-3.338970e+00,8.578826e-01,8.308785e-01
-7.836638e+00,-3.582078e+00,9.235080e+00,-2.335424e+00,-2.612834e+00,-2.269946e+00
-9.242819e+00,-4.348870e+00,1.275053e+01,-3.297479e+00,-3.983511e-01,4.251696e-01
-9.412009e+00,1.772070e+01,1.405843e+01,-2.738860e+00,1.508523e+00,4.824797e-02
4.505388e+00,1.284423e+01,7.674998e+00,-1.868856e+00,2.053692e+00,3.528115e-01
5.394465e+00,3.899463e+00,4.211074e+00,-1.335948e+00,9.914382e-01,2.144289e-01
2.516590e+00,1.096847e+01,3.904885e+00,-1.308536e+00,4.839605e-01,1.542315e-01
1.530572e+00,9.928807e+00,3.421764e+00,-1.245425e+00,-1.261643e-01,-1.082435e-01
-4.027511e-01,8.551608e+00,3.123181e+00,-1.238910e+00,-7.933941e-01,-2.876385e-01
-2.140712e+00,9.570659e+00,2.732083e+00,-1.292773e+00,-6.655600e-01,-1.736266e-01
-8.298264e-01,9.415465e+00,2.246977e+00,-1.303529e+00,-3.544325e-01,-1.914417e-01
2.178431e+00,8.327172e+00,9.166467e-01,-1.499328e+00,-4.316727e-01,-1.991360e-01
1.923896e+00,7.871345e+00,6.780519e-01,-1.712725e+00,-9.119078e-01,-3.389308e-01
-1.494943e+00,7.708200e+00,4.519321e+00,-1.902356e+00,-1.235075e+00,-4.628524e-01
-1.418100e+00,8.647694e+00,5.915793e+00,-1.955394e+00,-1.020176e+00,-3.314635e-01
-5.236346e-02,9.610000e+00,2.485381e+00,-2.013902e+00,-4.593468e-01,1.407224e-02
1.345196e+00,9.329147e+00,1.720693e-02,-2.270216e+00,-4.440495e-01,1.692733e-01
2.070523e+00,9.251933e+00,-4.773658e-01,-2.846498e+00,-7.916703e-01,1.992333e-01
2.372434e+00,1.051384e+01,6.344876e-01,-3.307401e+00,-1.032518e+00,2.563948e-01
7.547959e+00,1.504242e+01,-3.318678e+00,-4.068131e+00,-1.553800e+00,3.564798e-01
6.224838e+00,1.926408e+01,-3.993180e+00,-4.565663e+00,-2.582123e+00,2.740524e-01
-5.032970e+00,1.963891e+01,1.455476e+01,-4.998116e+00,-4.007536e+00,-6.188454e-02
-8.940803e+00,2.633512e+01,1.664938e+01,-4.402560e+00,-2.927454e+00,7.381671e-02
-4.686922e+00,8.951705e+00,1.702070e+01,-1.064875e+00,1.362633e-01,1.733516e-01
5.504958e+00,6.834943e+00,1.124219e+01,-1.035125e+00,1.186424e+00,1.421540e-02
6.384677e+00,9.080515e+00,1.071706e+01,1.105712e+00,7.551103e-01,-7.696935e-01
3.988316e+00,4.885037e+00,1.134386e+01,2.523533e+00,4.299079e-01,-1.317074e+00
4.060535e+00,3.049465e+00,8.109465e+00,4.345983e+00,5.944899e-01,-1.474724e+00
3.325214e+00,2.992001e+00,9.603997e+00,5.273445e+00,7.157976e-01,-1.685203e+00
2.421902e+00,1.704280e+00,1.032188e+01,6.414043e+00,9.744987e-01,-1.546666e+00
2.607661e+00,2.679729e+00,1.168773e+01,7.086553e+00,1.133505e+00,-1.379496e+00
4.717657e+00,4.012592e+00,1.528701e+01,8.262399e+00,1.145686e+00,-9.360680e-01
5.589040e+00,8.056099e+00,1.196904e+01,8.562700e+00,6.552663e-01,-2.586707e-01
8.120216e-01,4.792415e+00,7.800114e+00,7.946812e+00,7.518374e-03,-4.641346e-01
-1.459947e+01,-2.849389e+00,7.919721e+00,6.304187e+00,2.335960e-01,-6.044483e-01
-5.212684e+00,-1.177422e+01,2.622812e+00,2.164772e+00,3.024715e+00,4.196305e-01
3.417960e+00,-1.089314e+01,4.368137e+00,-1.520567e+00,3.154483e+00,1.057209e+00
2.307590e+01,3.805002e+01,-5.969532e+00,-3.320485e+00,1.725867e+00,6.438203e-01
6.738504e+00,2.386776e+01,9.036668e+00,-2.227901e+00,1.324282e-01,1.116782e-01
-6.479148e+00,-1.003855e+01,1.409732e+01,-3.494820e+00,-8.172368e-01,-3.164620e-01
-6.588120e+00,1.836526e+00,1.565011e+01,-3.459737e+00,5.608714e-01,1.955767e-01
5.379537e-02,1.686011e+01,1.048730e+01,-2.071463e+00,1.361073e+00,2.123771e-01
2.135785e+00,3.354368e+00,6.545792e+00,-1.237283e+00,1.449989e+00,5.576568e-01
4.855384e+00,1.017501e+01,5.287091e+00,-1.313587e+00,1.497733e+00,4.109789e-01
7.582433e+00,1.287420e+01,4.450133e+00,-1.058592e+00,7.165922e-01,1.281661e-01
6.810285e-01,8.636077e+00,3.299659e+00,-1.028733e+00,-9.582171e-01,-3.175253e-01
-2.836958e+00,8.948462e+00,3.467960e+00,-9.852479e-01,-1.209683e+00,-3.811922e-01
-2.691065e+00,9.966504e+00,1.822550e+00,-9.543508e-01,-5.601136e-01,-1.965424e-01
-1.279159e+00,8.428689e+00,5.319904e-01,-1.015562e+00,-2.663331e-01,-1.811111e-01
-1.202263e-01,6.938197e+00,-6.097737e-01,-1.337792e+00,-4.921671e-01,-2.553705e-01
-1.999214e+00,6.996109e+00,8.993837e-01,-1.624583e+00,-6.738685e-01,-2.726440e-01
-2.575318e-01,8.037994e+00,5.440659e+00,-1.827821e+00,-2.191557e-01,-1.418746e-01
2.665649e+00,9.658555e+00,5.220032e+00,-1.906407e+00,-3.845432e-02,3.265317e-02
3.322519e+00,8.670740e+00,1.641367e+00,-2.060874e+00,-3.781984e-01,1.415521e-01
2.027053e+00,9.648078e+00,7.996968e-01,-2.357165e+00,-7.332155e-01,1.651542e-01
-2.163229e+00,1.084715e+01,2.119311e+00,-2.908872e+00,-1.138920e+00,2.480530e-01
4.946498e-01,1.116000e+01,2.175485e+00,-3.196840e+00,-8.177915e-01,4.813519e-01
1.263547e+01,1.407095e+01,-3.967680e+00,-3.883583e+00,-1.434939e+00,4.678875e-01
8.350698e+00,1.731962e+01,-3.307833e+00,-4.379914e+00,-3.088244e+00,6.966859e-02
-9.133106e+00,1.864549e+01,1.615526e+01,-4.737281e+00,-5.018056e+00,-2.707668e-01
-1.313449e+01,2.634092e+01,1.751653e+01,-4.440125e+00,-3.631716e+00,4.690051e-03
-7.046329e+00,6.253327e+00,1.764688e+01,-1.300156e+00,4.160694e-01,9.106577e-01
1.570567e+00,3.656803e+00,1.570621e+01,-9.955423e-01,2.214288e+00,9.744976e-01
8.098522e+00,1.050325e+01,1.024453e+01,7.668594e-01,1.992091e+00,4.429951e-01
5.521110e+00,4.307901e+00,1.031319e+01,2.318188e+00,1.388360e+00,-2.000781e-01
4.422374e+00,1.957642e+00,8.098244e+00,4.051751e+00,8.395879e-01,-6.057342e-01
3.358146e+00,1.533046e+00,9.024723e+00,4.807129e+00,8.271411e-01,-1.039629e+00
2.763166e+00,1.759025e+00,1.035195e+01,5.843886e+00,9.822688e-01,-1.265049e+00
2.831500e+00,2.249917e+00,1.047664e+01,6.582107e+00,1.027332e+00,-1.308933e+00
3.403850e+00,2.677360e+00,1.340925e+01,7.882798e+00,1.019788e+00,-1.292252e+00
5.233504e+00,5.769407e+00,1.407105e+01,8.350703e+00,8.540493e-01,-1.027042e+00
3.130914e+00,8.728803e+00,9.562908e+00,8.046110e+00,2.947578e-01,-6.267595e-01
-4.623651e+00,7.338783e-01,5.284859e+00,7.144301e+00,-3.526265e-02,-1.113906e+00
-1.305590e+01,-7.574226e+00,6.474501e+00,3.507506e+00,2.490088e+00,-3.431095e-01
-3.008060e+00,-1.015964e+01,8.376635e-02,5.700906e-01,3.890930e+00,9.481801e-01
8.223148e+00,1.501655e+01,3.134099e+00,-3.079061e+00,3.022336e+00,5.067242e-01
2.689118e+01,3.526774e+01,5.429601e+00,-2.745261e+00,2.393576e+00,1.004580e+00
-2.164715e+00,-6.310961e+00,1.062108e+01,-3.345472e+00,-8.552450e-01,-1.323064e+00
-1.791882e+00,-3.339189e+00,1.227758e+01,-3.450598e+00,-2.633782e-02,1.184978e-01
-4.805365e+00,2.192814e+01,1.387752e+01,-2.741945e+00,7.413384e-01,-2.516143e-01
-8.540177e-01,1.358447e+01,1.035933e+01,-1.857499e+00,1.084898e+00,1.157261e-01
2.479422e+00,4.644554e+00,5.929762e+00,-1.511108e+00,1.544931e+00,3.596413e-01
5.390014e+00,1.227492e+01,5.536840e+00,-1.352258e+00,1.347835e+00,3.031765e-01
3.503116e+00,8.782592e+00,4.658243e+00,-1.126281e+00,-1.158624e-01,-2.536952e-01
-2.141422e-01,7.886258e+00,4.559978e+00,-1.103505e+00,-9.814277e-01,-4.047335e-01
-2.053242e+00,1.031830e+01,3.599225e+00,-1.052395e+00,-7.417061e-01,-3.135941e-01
-9.776541e-01,1.020980e+01,2.990088e+00,-9.889075e-01,-4.221981e-01,-2.872422e-01
-1.180089e-01,8.503582e+00,1.826978e+00,-1.050192e+00,-3.965006e-01,-2.733333e-01
-2.070143e-01,7.445512e+00,1.590751e+00,-1.163830e+00,-5.179669e-01,-2.946892e-01
-6.916670e-01,7.423732e+00,3.013079e+00,-1.435099e+00,-6.574192e-01,-2.773763e-01
1.136466e-01,7.683034e+00,3.787586e+00,-1.557676e+00,-4.973569e-01,-1.965483e-01
9.034452e-01,8.469003e+00,2.293381e+00,-1.718137e+00,-4.211087e-01,-9.502501e-02
1.572305e+00,8.339773e+00,3.447411e-01,-1.918999e+00,-4.721622e-01,-3.502718e-02
2.384678e+00,8.683450e+00,1.071929e-01,-2.532117e+00,-8.151644e-01,-2.960138e-02
9.998851e-01,9.349801e+00,1.130345e+00,-2.961101e+00,-1.053956e+00,7.348375e-02
6.636997e+00,1.259001e+01,-1.655779e+00,-3.523187e+00,-1.090301e+00,2.329404e-01
8.573264e+00,1.746725e+01,-4.201197e+00,-4.027904e+00,-1.640986e+00,2.259803e-01
-1.631880e+00,1.877185e+01,7.824295e+00,-4.769964e+00,-4.102999e+00,-3.326705e-01
-7.147394e+00,1.931638e+01,1.588609e+01,-4.629400e+00,-4.229868e+00,-2.272777e-01
-9.218157e+00,2.014914e+01,1.564816e+01,-3.038241e+00,-1.771766e+00,6.779377e-02
-6.818915e-01,1.848301e+00,1.876445e+01,-1.035494e+00,5.526949e-03,1.703826e-01
6.668090e+00,9.779720e+00,8.819064e+00,-8.538972e-02,1.734059e+00,8.019262e-02
5.780316e+00,1.016071e+01,1.025458e+01,1.594698e+00,1.282989e+00,-4.742186e-01
3.504471e+00,2.969274e+00,8.684153e+00,3.396029e+00,1.129461e+00,-7.036392e-01
3.661265e+00,2.167503e+00,8.422519e+00,4.269063e+00,1.220118e+00,-7.205680e-01
3.655605e+00,1.475605e+00,1.005590e+01,5.639791e+00,1.391680e+00,-9.657451e-01
3.712808e+00,1.844238e+00,1.014517e+01,6.299130e+00,1.333243e+00,-8.734874e-01
4.385824e+00,3.035161e+00,1.215389e+01,7.314074e+00,1.063731e+00,-8.116036e-01
5.053707e+00,3.157781e+00,1.373680e+01,8.006364e+00,7.257901e-01,-7.630129e-01
5.788754e+00,1.102081e+01,1.183744e+01,8.455285e+00,-3.043417e-01,-4.698026e-01
2.448493e+00,1.156411e+01,8.860931e+00,8.005569e+00,-6.524986e-01,-8.866315e-01
-1.394477e+01,-5.092315e+00,8.390317e+00,5.978957e+00,1.319599e-01,-1.236859e+00
-1.823935e+00,-1.378203e+01,-3.502018e+00,3.516701e+00,2.225309e+00,-2.809380e-01
-8.731613e-01,-8.850460e+00,3.659088e+00,-2.345381e+00,2.752388e+00,6.423758e-01
6.835231e+00,2.498216e+01,4.730391e+00,-4.150523e+00,2.486228e+00,8.700743e-01
1.753892e+00,6.181514e-01,2.716628e+00,-1.958155e+00,-5.567348e-02,-8.860612e-01
-3.089076e+00,-5.491417e+00,1.391738e+01,-3.632628e+00,-1.473333e+00,-1.547887e+00
-6.599807e+00,2.198706e+00,1.462877e+01,-3.101146e+00,3.746312e-01,1.776880e-01
-7.558300e+00,2.137520e+01,1.519176e+01,-2.584351e+00,1.295802e+00,-1.654794e-01
4.114368e+00,3.924377e+00,5.018623e+00,-1.314806e+00,2.064210e+00,6.617959e-01
6.284533e+00,3.764445e+00,3.393015e+00,-1.350012e+00,1.693841e+00,2.931864e-01
5.427548e+00,1.300028e+01,3.953024e+00,-1.266781e+00,2.058420e-01,-1.223759e-01
2.567802e+00,1.013365e+01,3.579254e+00,-1.252034e+00,-8.551833e-01,-4.339378e-01
-4.082809e+00,8.370544e+00,3.338271e+00,-1.200562e+00,-1.232614e+00,-3.993339e-01
-3.378934e+00,9.503129e+00,3.378390e+00,-1.150574e+00,-6.096391e-01,-2.634241e-01
-6.614566e-01,9.687446e+00,2.091205e+00,-1.140395e+00,2.709851e-01,-5.862955e-02
2.152666e+00,8.672815e+00,1.203830e+00,-1.271817e+00,1.993883e-01,-1.417534e-01
1.769343e+00,7.598688e+00,1.435247e+00,-1.618367e+00,-4.464745e-01,-2.717902e-01
-1.693384e-01,7.095868e+00,3.048831e+00,-1.809552e+00,-6.458870e-01,-3.217571e-01
-4.438518e-01,7.793074e+00,4.663624e+00,-2.082486e+00,-6.876151e-01,-1.814569e-01
2.950625e+00,9.015989e+00,2.938038e+00,-2.277511e+00,-7.618750e-01,-6.944729e-02
2.984405e+00,9.195773e+00,1.615663e+00,-2.541257e+00,-1.167425e+00,-6.119646e-03
3.732297e+00,9.813278e+00,5.858660e-01,-2.860169e+00,-1.215951e+00,1.658567e-01
7.200861e+00,1.083987e+01,-2.102895e+00,-3.602274e+00,-1.448782e+00,3.700532e-01
8.770750e+00,1.369244e+01,-3.535923e+00,-4.213570e+00,-2.044709e+00,2.753055e-01
1.394233e+00,2.231666e+01,4.643096e+00,-4.792716e+00,-4.064281e+00,1.252314e-01
-1.308229e+01,2.007435e+01,1.653610e+01,-4.697884e+00,-4.845918e+00,1.864301e-01
-1.623951e+01,2.006302e+01,1.881858e+01,-3.139746e+00,-1.541941e+00,1.114346e+00
-1.038473e+01,7.560070e+00,2.000962e+01,-1.003309e+00,1.301600e+00,1.543250e+00
7.671941e+00,1.003578e+01,8.772509e+00,-1.204710e-01,2.876841e+00,1.572138e+00
7.068753e+00,6.952920e+00,1.091016e+01,1.536776e+00,2.178693e+00,1.180925e+00
4.259087e+00,2.686391e+00,1.102251e+01,3.826781e+00,6.824405e-01,5.893969e-01
2.794356e+00,8.300000e-01,1.032688e+01,4.904881e+00,2.779478e-01,3.628442e-01
3.295811e-01,5.974592e-01,1.136993e+01,6.142269e+00,3.082725e-01,4.579519e-02
-2.731345e-01,4.805964e-01,1.255592e+01,6.841809e+00,6.110979e-01,3.554555e-02
2.655424e-01,7.637556e-01,1.425917e+01,8.085540e+00,1.254936e+00,4.046578e-02
7.444574e-01,2.369383e+00,1.361957e+01,8.599261e+00,1.673963e+00,1.907642e-01
-9.074423e-01,6.730438e+00,1.224137e+01,8.287574e+00,2.444611e+00,5.327449e-01
-3.838115e+00,4.651908e+00,9.298892e+00,7.304427e+00,2.870033e+00,8.820074e-01
-3.493620e+00,-3.512357e+00,6.804841e+00,4.410464e+00,4.271143e+00,6.564465e-01
2.964931e+00,-6.053293e+00,-1.998478e+00,2.230022e+00,3.999605e+00,4.982654e-01
3.850582e+00,-4.901075e+00,2.430432e+00,-1.448656e+00,1.438917e+00,-2.976483e-01
9.740878e+00,1.849327e+01,6.882339e+00,-3.135541e+00,2.752680e-01,-8.085805e-01
2.984985e+01,3.187589e+01,-2.574778e+00,-1.545518e+00,-6.275442e-01,-1.869590e-01
-9.626477e+00,-6.147907e+00,1.243963e+01,-2.507740e+00,-3.461888e+00,-2.455625e+00
-1.410236e+01,1.318900e+01,1.687784e+01,-3.715457e+00,-5.279383e-01,-3.138426e-01
-8.808267e+00,1.820333e+01,1.291024e+01,-2.628646e+00,1.178609e+00,1.223985e-01
3.222835e+00,6.769647e+00,4.953715e+00,-1.275041e+00,1.952496e+00,5.296620e-01
3.651999e+00,8.036052e+00,5.607856e+00,-1.393678e+00,1.655831e+00,4.864909e-01
4.867164e+00,9.754755e+00,3.909550e+00,-1.199280e+00,1.327329e+00,4.585577e-01
2.936295e+00,9.421633e+00,4.644821e+00,-1.158775e+00,6.803523e-01,9.838023e-02
6.798648e-01,7.986486e+00,4.320270e+00,-9.824031e-01,1.881282e-01,-4.591273e-02
1.880884e+00,8.437088e+00,3.930508e+00,-9.849697e-01,4.486640e-01,-9.746013e-03
2.739866e+00,8.218139e+00,3.492691e+00,-1.016339e+00,3.616224e-01,-3.613175e-02
6.762664e-01,8.403581e+00,3.999693e+00,-1.028750e+00,1.395092e-01,-1.313905e-01
-1.706761e+00,8.767280e+00,4.292769e+00,-1.098894e+00,1.533545e-01,-7.554235e-02
-8.812961e-01,8.844662e+00,4.107803e+00,-1.115977e+00,5.736041e-01,1.192716e-01
2.484475e+00,8.230218e+00,3.149564e+00,-1.222961e+00,8.277653e-01,3.226936e-01
3.673275e+00,9.071433e+00,2.173869e+00,-1.359757e+00,7.058146e-01,3.608096e-01
4.124710e+00,8.036036e+00,-1.128335e-01,-1.935865e+00,1.826396e-01,3.047369e-01
3.801667e+00,8.263035e+00,-1.937894e-01,-2.469617e+00,-1.273827e-01,3.183966e-01
1.545455e+01,8.650277e+00,-3.241807e+00,-3.363045e+00,-7.232889e-01,2.429974e-01
1.934448e+01,2.159979e+01,-2.461740e+00,-4.519066e+00,-2.016228e+00,2.975095e-01
-6.408123e+00,2.283109e+01,1.075622e+01,-4.490787e+00,-5.803080e+00,9.314815e-02
-1.723029e+01,2.057807e+01,1.746389e+01,-3.623648e+00,-4.924833e+00,3.309649e-01
-1.985652e+01,6.996911e+00,1.878685e+01,-2.394211e+00,-2.538677e-01,2.213323e+00
-3.177080e+00,4.939299e+00,1.768931e+01,-1.538898e+00,3.653041e+00,3.454323e+00
8.032387e+00,8.063445e+00,1.105192e+01,4.263787e-01,4.635837e+00,3.112161e+00
9.700766e+00,4.714589e+00,8.838802e+00,1.820857e+00,3.496735e+00,2.337172e+00
8.001567e+00,1.017803e+00,6.782062e+00,3.018922e+00,1.379534e+00,1.680462e+00
5.234447e+00,1.817411e+00,7.323783e+00,3.688136e+00,1.165693e-01,1.273516e+00
1.564929e-01,2.785294e+00,9.539990e+00,4.890057e+00,-7.010577e-01,6.702411e-01
-2.552201e+00,2.784963e+00,1.012402e+01,5.542266e+00,-4.620069e-01,5.114367e-01
-4.326758e+00,4.959863e+00,1.169203e+01,6.350599e+00,7.756326e-01,3.933333e-01
-1.336817e+00,5.413951e+00,1.205944e+01,6.859755e+00,1.922245e+00,4.673336e-01
7.041370e+00,7.225921e+00,1.118943e+01,7.076031e+00,2.780680e+00,9.904212e-01
8.814701e+00,9.126189e+00,9.569309e+00,6.765113e+00,1.956988e+00,8.904210e-01
1.150182e+00,5.361949e+00,4.739845e+00,6.155281e+00,4.961881e-01,2.414151e-02
-1.837529e+00,5.314107e+00,4.174511e+00,5.228600e+00,1.563243e-01,-1.802317e-01
-1.232447e+00,5.995820e-01,-1.533363e+00,3.152970e+00,6.590985e-01,8.932015e-02
1.153665e+00,-2.218105e+00,-3.591097e+00,1.344458e+00,8.095939e-01,-1.732130e-01
3.862648e+00,1.808223e+00,1.153504e+00,-9.976631e-01,5.402336e-02,-3.768674e-01
3.630497e+00,3.973165e+00,3.733518e+00,-2.225798e+00,-5.550802e-01,-6.160109e-01
7.950922e+00,2.336815e+01,-7.001546e-01,-2.534138e+00,-5.627362e-01,-2.708107e-01
-1.699114e+00,1.061620e+01,3.879795e+00,-2.396731e+00,-8.127645e-01,-5.849730e-01
-9.854854e-01,3.975855e+00,1.169358e+01,-2.909064e+00,2.973476e-01,-6.744965e-01
4.113658e+00,1.688723e+00,1.092601e+01,-2.524211e+00,1.553311e+00,-2.396771e-01
2.690274e+00,1.706380e+01,1.093514e+01,-2.447674e+00,5.559982e-01,-3.619808e-01
-1.442954e-01,1.086627e+01,7.578475e+00,-1.457338e+00,-3.084652e-01,-5.823492e-01
-3.266804e+00,9.311123e+00,5.878141e+00,-1.214145e+00,1.318362e-01,-1.439565e-01
-5.847272e-01,1.011271e+01,5.254642e+00,-1.029119e+00,6.599051e-01,-6.411681e-02
2.941716e+00,9.084996e+00,4.438940e+00,-8.450368e-01,1.032523e+00,2.333015e-02
4.416572e+00,9.153557e+00,3.771907e+00,-8.432135e-01,6.318422e-01,-2.483853e-02
1.032271e+00,8.461612e+00,3.860966e+00,-8.150201e-01,-2.416781e-01,-3.000550e-01
5.264895e-02,8.800000e+00,4.190907e+00,-8.217117e-01,-4.304054e-01,-3.559309e-01
1.154298e+00,8.320468e+00,3.578181e+00,-8.241785e-01,-3.224139e-01,-3.342898e-01
1.205125e+00,7.888670e+00,2.997061e+00,-8.897163e-01,-4.195562e-01,-3.247409e-01
-1.192826e+00,7.530439e+00,3.150316e+00,-1.050213e+00,-5.257456e-01,-3.091854e-01
-2.313054e+00,7.934989e+00,3.736925e+00,-1.150224e+00,-4.045478e-01,-2.307054e-01
-1.576355e+00,7.658833e+00,3.785476e+00,-1.276699e+00,2.886581e-01,-1.030198e-03
-4.562291e-01,7.285584e+00,3.608547e+00,-1.382861e+00,5.733730e-01,1.089763e-01
2.525242e+00,6.847203e+00,3.077845e+00,-1.565655e+00,5.864834e-01,1.641481e-01
2.685412e+00,7.143764e+00,2.255169e+00,-1.723674e+00,3.191593e-01,9.929643e-02
3.886814e+00,7.125741e+00,2.637820e+00,-2.196994e+00,-4.111090e-01,-2.045543e-01
2.598692e+00,6.691183e+00,5.223064e+00,-2.445837e+00,-9.829880e-01,-4.231218e-01
-8.320738e-01,6.900457e+00,7.593374e+00,-2.647581e+00,-1.324224e+00,-4.220421e-01
-2.485506e-01,6.820162e+00,7.506258e+00,-2.711159e+00,-1.133651e+00,-1.715105e-01
3.870322e+00,6.622702e+00,4.485516e+00,-2.895733e+00,-8.443552e-01,1.837160e-01
5.629955e+00,8.600673e+00,2.398292e+00,-3.333134e+00,-1.144111e+00,2.866600e-01
4.173235e+00,1.191525e+01,3.844465e+00,-4.275800e+00,-1.992129e+00,1.893636e-01
2.848129e+00,1.854535e+01,7.477419e+00,-4.776407e+00,-2.538706e+00,3.304776e-01
-5.764173e+00,1.818192e+01,1.160272e+01,-5.006182e+00,-3.220715e+00,5.367994e-01
-9.319674e+00,1.621867e+01,1.672049e+01,-4.674744e+00,-2.903756e+00,8.357026e-01
-9.557572e+00,6.924321e+00,2.153581e+01,-2.861746e+00,8.977535e-02,1.336366e+00
1.753518e+00,8.099422e+00,1.612331e+01,-1.932420e+00,1.609951e+00,1.549435e+00
6.754547e+00,9.557795e+00,1.333520e+01,1.755783e+00,2.103759e+00,7.867863e-01
3.863570e+00,1.340326e+00,1.379283e+01,3.799725e+00,1.754199e+00,7.944647e-02
2.973097e+00,3.422369e-01,1.159729e+01,5.547614e+00,1.230738e+00,9.101951e-02
1.168858e+00,2.399467e-01,1.270663e+01,6.444878e+00,1.279969e+00,-1.516928e-01
-6.186109e-01,7.566094e-01,1.217123e+01,7.913402e+00,1.732888e+00,-9.013356e-03
8.689056e-01,1.666181e+00,1.438269e+01,8.586134e+00,1.956727e+00,1.779278e-01
6.579252e+00,3.678095e+00,1.578884e+01,9.058462e+00,1.973998e+00,5.849425e-01
7.404219e+00,5.956453e+00,1.398361e+01,9.097669e+00,1.284999e+00,6.274560e-01
2.199269e+00,5.566153e+00,1.018845e+01,8.664177e+00,4.537265e-02,-6.543208e-02
-1.139135e+00,3.329642e+00,8.233404e+00,7.615389e+00,3.195079e-01,-3.602154e-01
-6.682913e+00,-8.209306e-02,4.916821e+00,5.087275e+00,6.702809e-01,-2.171488e-01
-4.536516e+00,-3.679968e+00,-1.238667e+00,3.102426e+00,1.382787e+00,-2.573665e-01
-4.027674e-01,-4.170609e+00,4.783842e+00,-1.056640e+00,1.676150e+00,-1.792051e-01
6.724502e-01,4.481243e+00,4.655299e+00,-3.042532e+00,1.281548e+00,-1.594977e-01
1.622492e+01,2.604179e+01,5.292335e+00,-2.520895e+00,1.778032e+00,7.327558e-01
-1.660264e+00,1.785286e+00,9.633838e+00,-3.317807e+00,-9.615143e-03,-9.528995e-01
-1.124871e+01,2.387058e-01,1.720597e+01,-3.276222e+00,9.461610e-01,-3.123242e-02
-3.457316e+00,1.632261e+01,1.576996e+01,-2.754846e+00,2.062316e+00,2.707081e-01
1.049845e+01,1.406815e+01,7.352418e+00,-1.074641e+00,2.755352e+00,4.268636e-01
7.853947e+00,3.332298e+00,4.251489e+00,-9.757744e-01,1.527640e+00,-4.577437e-02
2.421497e+00,1.211626e+01,4.860999e+00,-1.043759e+00,6.283198e-01,-2.424139e-01
1.988636e+00,1.138312e+01,4.004356e+00,-8.047730e-01,6.123061e-03,-5.388310e-01
-2.849911e+00,8.520089e+00,3.136748e+00,-6.850726e-01,-8.971411e-01,-6.879353e-01
-1.701259e+00,8.619824e+00,2.585138e+00,-7.127922e-01,-1.962717e-01,-4.972912e-01
2.946220e+00,9.540791e+00,5.023584e-01,-8.882880e-01,1.556285e-01,-3.616213e-01
4.575857e+00,7.901468e+00,-5.895596e-01,-1.118968e+00,-3.107993e-01,-5.258607e-01
-1.346058e+00,8.129957e+00,2.278310e+00,-1.671440e+00,-1.569888e+00,-7.771280e-01
-3.919381e+00,8.115569e+00,4.628342e+00,-1.791967e+00,-1.576900e+00,-7.844335e-01
-1.224997e+00,1.015425e+01,5.302312e+00,-1.748902e+00,-8.187539e-01,-4.209950e-01
1.618895e-01,1.018700e+01,2.940443e+00,-1.699571e+00,-5.080161e-01,-2.708828e-01
2.886859e+00,9.706618e+00,-1.054046e+00,-2.078654e+00,-4.260079e-01,-2.893044e-02
3.838031e+00,1.073871e+01,-2.689485e+00,-2.600538e+00,-8.945263e-01,-7.622028e-02
5.074901e+00,1.179130e+01,-1.527863e+00,-3.470970e+00,-1.701614e+00,-1.832421e-01
5.624368e+00,1.228089e+01,-2.273843e-01,-3.849557e+00,-1.978346e+00,-1.997266e-01
4.561649e+00,1.673221e+01,-2.321490e+00,-4.420397e+00,-2.640793e+00,3.844130e-02
-3.064873e+00,1.789698e+01,7.248246e+00,-4.865984e+00,-3.490515e+00,-1.642741e-01
-1.002040e+01,2.735486e+01,1.513984e+01,-4.110245e+00,-2.844393e+00,-3.931032e-02
-8.246993e+00,1.185110e+01,1.721527e+01,-2.156385e+00,-1.287886e+00,2.803281e-01
5.037744e+00,1.174108e+01,9.020890e+00,-1.160481e+00,1.114538e+00,2.841077e-01
4.599726e+00,1.541578e+01,1.009759e+01,6.029528e-01,8.085925e-01,1.267559e-01
-4.852690e-01,3.566044e+00,1.127703e+01,2.898365e+00,8.959799e-01,-1.993820e-01
1.271985e+00,3.701689e+00,9.643181e+00,3.768582e+00,1.333205e+00,-1.605377e-01
3.901003e+00,2.826602e+00,9.125599e+00,5.387311e+00,1.795408e+00,-3.569968e-01
4.251350e+00,2.668472e+00,9.427927e+00,6.099571e+00,1.522846e+00,-1.134444e-01
5.543242e+00,1.581594e+00,9.750770e+00,7.015209e+00,9.867798e-01,-2.261366e-01
4.714151e+00,3.143157e+00,1.124267e+01,7.512659e+00,4.498430e-01,-3.901228e-01
4.045558e+00,7.049331e+00,1.279652e+01,7.900307e+00,-7.490696e-02,-6.247896e-01
1.865416e+00,1.009359e+01,1.061845e+01,7.746925e+00,-1.078101e-01,-7.552530e-01
-8.578033e+00,-3.079787e-01,6.161967e+00,6.511047e+00,1.038185e-01,-9.995164e-01
-9.194979e+00,-1.538711e+00,8.096385e+00,4.446030e+00,1.244817e+00,-2.841109e-01
-4.704278e-01,-1.115453e+01,2.286552e+00,8.812611e-01,2.494868e+00,3.716991e-01
5.583316e+00,-7.046293e+00,7.523395e+00,-2.201629e+00,2.187789e+00,2.566002e-01
2.059182e+01,3.941000e+01,-2.961475e+00,-2.648280e+00,1.103810e+00,8.363023e-01
-5.596962e+00,6.420885e+00,9.287656e+00,-1.762882e+00,-1.109641e+00,-1.363678e+00
-8.735237e+00,-9.796492e-01,1.808435e+01,-3.785533e+00,-1.738513e-01,5.836812e-02
-8.524443e+00,1.083945e+01,2.098605e+01,-3.555040e+00,1.812260e+00,3.288938e-01
1.120992e+01,1.764210e+01,7.857910e+00,-1.267983e+00,1.738936e+00,4.914022e-01
6.649758e+00,5.078093e+00,6.291470e+00,-1.047140e+00,5.465314e-01,-1.141600e-01
1.297364e+00,1.258933e+01,4.476662e+00,-1.066066e+00,3.778293e-01,1.553814e-02
2.310077e+00,1.253507e+01,3.390538e+00,-8.096227e-01,4.491190e-01,5.456158e-02
5.892690e-01,8.638375e+00,-3.062598e-01,-8.010275e-01,-2.536552e-01,-2.696642e-01
8.660405e-01,8.782525e+00,-5.228576e-01,-9.991288e-01,-2.973991e-01,-2.306460e-01
3.236635e+00,9.131367e+00,-1.644019e-01,-1.300297e+00,-7.529436e-01,-3.946568e-01
7.381350e-01,7.595747e+00,-2.749627e-01,-1.548026e+00,-1.531227e+00,-6.051650e-01
-4.542515e+00,6.972375e+00,1.156417e+00,-1.983198e+00,-2.239748e+00,-7.363706e-01
-5.303412e+00,7.023740e+00,2.932551e+00,-2.142680e+00,-1.737928e+00,-5.193333e-01
1.150315e+00,9.493667e+00,3.215964e+00,-2.258015e+00,-7.068274e-01,-1.125306e-01
4.129097e+00,1.123547e+01,6.852203e-01,-2.408193e+00,-4.460378e-01,9.994677e-02
3.737730e+00,1.001435e+01,-2.680131e+00,-3.002570e+00,-1.072322e+00,1.658192e-01
3.004121e+00,9.183029e+00,-1.944929e+00,-3.513566e+00,-1.382294e+00,2.461987e-01
6.406025e+00,1.376447e+01,-1.444832e+00,-4.158825e+00,-1.612412e+00,4.808889e-01
5.282246e+00,1.837581e+01,-2.445871e+00,-4.495115e+00,-2.104242e+00,5.294873e-01
-6.233910e+00,2.064317e+01,1.259272e+01,-5.054444e+00,-3.428812e+00,3.079276e-01
-7.429952e+00,2.558793e+01,1.524312e+01,-4.598565e+00,-2.371162e+00,4.118070e-01
-4.117248e+00,5.729276e+00,2.073770e+01,-1.751189e+00,-2.367451e-01,5.517069e-01
6.221907e+00,8.857092e+00,1.351250e+01,-1.336212e+00,1.591720e+00,6.840509e-01
6.077850e+00,1.410635e+01,1.195256e+01,6.749146e-01,9.563104e-01,2.353250e-01
1.891078e+00,6.446708e+00,1.238536e+01,2.424073e+00,6.845002e-01,-2.561331e-01
3.383588e+00,2.225528e+00,9.909480e+00,4.321807e+00,9.961044e-01,-5.913654e-01
4.345929e+00,1.648168e+00,1.076809e+01,5.176234e+00,1.083136e+00,-8.184291e-01
4.637916e+00,1.507720e+00,9.851612e+00,6.278591e+00,7.708839e-01,-8.235911e-01
4.241524e+00,1.764349e+00,1.073330e+01,6.896750e+00,4.756638e-01,-9.183587e-01
2.976875e+00,1.800102e+00,1.270135e+01,8.025314e+00,2.965673e-01,-1.166783e+00
3.379510e+00,4.532675e+00,1.379782e+01,8.315797e+00,4.512127e-01,-1.096676e+00
1.972757e-02,9.923377e+00,1.021056e+01,7.946519e+00,6.365078e-01,-7.295467e-01
-6.242585e+00,1.458898e+00,6.398091e+00,7.187942e+00,8.250506e-01,-9.902285e-01
-9.078529e+00,-7.346313e+00,3.952642e+00,3.806730e+00,2.899728e+00,1.197770e-01
1.333040e+00,-1.134431e+01,-2.939583e-01,7.872904e-01,3.510432e+00,7.332902e-01
9.811541e+00,1.384190e+01,5.505991e+00,-3.527555e+00,1.963758e+00,1.004501e-02
2.872332e+01,3.939512e+01,-1.431819e+00,-3.839168e+00,1.073588e+00,5.815688e-01
-1.361735e+01,-1.223665e+01,1.517376e+01,-3.068287e+00,-1.273211e+00,-2.046646e+00
-9.101625e+00,-7.696684e+00,1.704879e+01,-3.595198e+00,1.081435e+00,4.494348e-01
5.220677e-01,2.270283e+01,1.557535e+01,-2.720027e+00,2.688426e+00,8.245824e-02
1.088266e+01,1.326705e+01,5.364635e+00,-1.811688e+00,2.015438e+00,2.239856e-02
4.743507e-01,2.868588e+00,4.233349e+00,-1.468492e+00,-2.313861e-01,-3.523055e-01
3.143249e-02,1.201143e+01,4.284851e+00,-1.298651e+00,4.731861e-02,-2.131861e-01
5.678483e-01,9.730577e+00,2.708475e+00,-1.186073e+00,-2.624275e-01,-3.555152e-01
-7.270091e-01,7.553688e+00,2.987131e+00,-1.150356e+00,-5.330789e-01,-3.776364e-01
4.817022e-01,1.075870e+01,3.258463e+00,-1.205953e+00,-4.350921e-01,-2.928854e-01
3.850569e-01,1.047854e+01,2.359101e+00,-1.184885e+00,-5.057919e-01,-3.647595e-01
-3.491293e-01,8.300757e+00,1.113378e+00,-1.332570e+00,-6.912794e-01,-4.048934e-01
-1.603325e+00,6.911186e+00,1.409205e+00,-1.467732e+00,-8.177778e-01,-4.212036e-01
6.370962e-02,7.656253e+00,3.824857e+00,-1.722729e+00,-5.791330e-01,-2.631862e-01
1.067348e+00,9.302043e+00,4.341087e+00,-1.834261e+00,-4.876933e-01,-1.199028e-01
2.446065e+00,9.365800e+00,-7.524979e-01,-2.015248e+00,-5.633698e-01,-1.923329e-02
3.515469e+00,9.070700e+00,-2.564960e+00,-2.326751e+00,-8.307195e-01,3.597886e-03
4.046216e+00,9.308148e+00,-1.323704e+00,-3.151762e+00,-1.552360e+00,9.172853e-03
4.957680e+00,9.807436e+00,-1.124500e+00,-3.559395e+00,-1.813549e+00,2.035103e-01
7.597842e+00,1.363368e+01,-3.339121e+00,-4.158899e+00,-2.426329e+00,2.375389e-01
-2.331946e+00,1.671296e+01,3.755036e+00,-4.502436e+00,-3.789053e+00,9.447951e-02
-1.344704e+01,2.825746e+01,1.742133e+01,-4.805016e+00,-3.681063e+00,6.000958e-02
-1.552129e+01,2.230958e+01,1.631887e+01,-3.219327e+00,-1.649700e+00,6.747209e-01
1.730215e+00,8.482570e+00,1.795275e+01,-1.117886e+00,2.102901e+00,9.130055e-01
7.609198e+00,1.445920e+01,1.148742e+01,-7.175301e-01,2.563735e+00,7.295057e-01
5.930376e+00,6.395099e+00,1.171811e+01,2.293517e+00,1.609486e+00,4.877775e-02
5.643063e+00,4.150985e+00,9.276483e+00,3.497417e+00,1.188548e+00,-2.743491e-01
4.618378e+00,8.132435e-01,9.434596e+00,4.706354e+00,7.735662e-01,-1.031876e+00
4.324509e+00,2.397514e+00,8.871705e+00,5.377802e+00,6.638259e-01,-1.255722e+00
2.665975e+00,3.411683e+00,9.804593e+00,6.653371e+00,3.279894e-01,-1.389006e+00
1.086919e+00,2.728809e+00,1.051047e+01,7.306563e+00,6.028029e-01,-1.451024e+00
2.984821e+00,7.295653e+00,1.109792e+01,7.436918e+00,1.371711e+00,-1.142259e+00
2.555863e+00,1.069283e+01,1.070337e+01,7.354026e+00,1.121399e+00,-5.850472e-01
3.799326e-01,5.101296e+00,9.077051e+00,6.777900e+00,7.408302e-01,-8.181327e-02
-2.690273e+00,1.647270e+00,5.920128e+00,5.664110e+00,1.027062e+00,6.032410e-02
1.558740e+00,-4.705523e+00,3.442161e-01,3.253000e+00,1.953107e+00,4.425666e-02
4.587414e+00,-4.929428e+00,1.810243e+00,7.054638e-01,1.641889e+00,3.481130e-01
-9.854465e-01,-4.676367e-01,1.023190e+01,-3.139735e+00,1.278703e-01,-2.194933e-01
-1.138629e+00,2.271221e+01,3.670751e+00,-3.589981e+00,6.137151e-02,-1.523092e-01
-1.060948e+01,6.976502e+00,1.011879e+01,-2.287450e+00,7.462158e-01,-4.048081e-01
-1.191862e+00,-4.620138e+00,1.394430e+01,-3.342855e+00,1.525306e+00,1.552144e-01
5.037540e+00,9.119720e+00,1.190289e+01,-2.792453e+00,3.256582e+00,5.956330e-01
7.402488e+00,2.287809e+01,1.178825e+01,-2.525054e+00,1.550139e+00,-2.775219e-01
1.398438e+00,2.369377e+00,5.773628e+00,-1.466161e+00,-1.350389e+00,-7.661314e-01
-2.974814e+00,5.979644e+00,4.837947e+00,-1.649224e+00,-1.353509e+00,-5.133384e-01
-3.267582e+00,1.314843e+01,5.900685e+00,-1.358436e+00,4.411060e-02,-2.380883e-01
-1.149968e-01,9.574990e+00,4.038994e+00,-1.153318e+00,4.552093e-01,6.842812e-02
1.909612e-01,7.875096e+00,3.510721e+00,-1.010692e+00,2.035664e-01,-4.147003e-02
1.195964e+00,1.005544e+01,3.210478e+00,-1.022572e+00,2.061590e-01,-3.610676e-02
7.699455e-01,9.687252e+00,1.786428e+00,-1.092935e+00,-7.422840e-02,-2.260113e-01
1.186574e+00,8.795036e+00,1.252768e+00,-1.212630e+00,-2.936883e-01,-3.767904e-01
6.292009e-01,8.099654e+00,3.233780e+00,-1.455741e+00,-7.280994e-01,-3.900780e-01
9.333014e-01,7.886408e+00,4.223268e+00,-1.538764e+00,-7.858475e-01,-3.827555e-01
1.484305e+00,8.607404e+00,2.189634e+00,-1.756026e+00,-8.463681e-01,-2.368450e-01
9.821266e-01,8.277798e+00,2.611391e-01,-1.983400e+00,-9.905942e-01,-1.754915e-01
1.610478e+00,9.798281e+00,5.072520e-01,-2.511780e+00,-1.222530e+00,-1.608528e-01
-6.991856e-01,9.383992e+00,1.311365e+00,-2.861477e+00,-1.501161e+00,-8.815635e-02
3.528753e+00,1.018637e+01,9.673690e-01,-3.318364e+00,-1.144905e+00,2.261886e-01
1.127821e+01,1.163860e+01,-1.630178e+00,-3.697428e+00,-1.411127e+00,1.349345e-01
2.474634e+00,1.512617e+01,2.285666e+00,-4.435319e+00,-3.755234e+00,-3.124552e-01
-5.959408e+00,2.060831e+01,1.242722e+01,-4.779464e+00,-4.557587e+00,-3.793558e-01
-1.879690e+01,1.896562e+01,1.635445e+01,-3.608896e+00,-2.627517e+00,6.539886e-02
-1.505717e+01,1.050294e+01,1.750331e+01,-1.959042e+00,5.146702e-01,9.796211e-01
5.483910e+00,1.180155e+01,1.223740e+01,-8.599832e-01,3.558242e+00,1.257194e+00
1.058314e+01,7.952007e+00,1.039861e+01,4.112191e-01,3.433430e+00,9.579607e-01
9.397234e+00,3.179337e+00,8.145124e+00,2.304170e+00,1.513180e+00,2.042236e-01
7.514730e+00,3.520000e+00,7.605619e+00,3.113235e+00,6.098858e-01,-2.974040e-01
4.116735e+00,4.024553e+00,9.116896e+00,4.270876e+00,-4.599096e-02,-9.170943e-01
2.597639e+00,3.496719e+00,9.991750e+00,4.983423e+00,-2.163919e-01,-9.688808e-01
8.525703e-01,2.774971e+00,1.039495e+01,6.136795e+00,-1.160908e-01,-1.015708e+00
-3.046906e-01,3.884748e+00,1.142186e+01,6.726098e+00,2.250391e-01,-8.609969e-01
2.671787e+00,5.748238e+00,1.373221e+01,7.564048e+00,9.217040e-01,-5.316574e-01
3.972356e+00,7.491360e+00,1.207605e+01,7.889260e+00,9.830829e-01,-2.452088e-01
3.309384e-01,5.603754e+00,8.570283e+00,7.218312e+00,6.305567e-01,-9.546548e-02
-1.302258e+00,4.014538e+00,5.926284e+00,6.079674e+00,7.173901e-01,6.226760e-02
-3.451756e+00,-6.879100e+00,-2.629760e-01,3.767528e+00,1.550534e+00,2.996513e-02
2.196517e+00,-8.774606e+00,-1.738427e+00,9.516665e-01,1.797384e+00,2.944444e-01
8.490056e-01,8.976265e-01,8.039783e+00,-3.530455e+00,4.853074e-01,-3.146162e-02
4.630856e+00,3.643901e+01,5.394514e+00,-3.930308e+00,2.442045e-01,1.667151e-01
-1.313957e+01,-3.734885e+00,7.841643e+00,-1.551176e+00,-2.264177e-01,-1.045598e+00
-9.176780e+00,-4.127105e+00,1.405032e+01,-3.140446e+00,7.508268e-01,1.545668e-01
-2.849309e+00,1.120878e+01,1.663104e+01,-2.928167e+00,3.273706e+00,3.060806e-01
1.110065e+01,1.924191e+01,9.422313e+00,-2.030760e+00,2.528492e+00,2.788161e-01
2.374532e+00,5.478063e+00,4.873878e+00,-1.387782e+00,1.027832e-01,-3.103444e-01
-2.306491e+00,9.565800e+00,5.748225e+00,-1.503364e+00,-3.300339e-01,-2.431902e-01
2.544875e+00,1.151825e+01,4.305855e+00,-1.207940e+00,1.003150e-01,-2.405645e-01
1.922003e+00,9.058799e+00,3.306149e+00,-1.130780e+00,-4.037858e-01,-3.614572e-01
-4.317956e-01,9.473710e+00,3.184606e+00,-1.148147e+00,-6.538444e-01,-3.630835e-01
-5.423334e-01,9.743833e+00,2.551544e+00,-1.135728e+00,-6.077881e-01,-3.816374e-01
-1.336590e+00,8.138367e+00,1.443467e+00,-1.231115e+00,-4.999839e-01,-4.222544e-01
-1.440229e+00,7.911296e+00,1.130610e+00,-1.403359e+00,-4.757304e-01,-3.795267e-01
8.310954e-01,7.978895e+00,3.982639e+00,-1.634998e+00,-3.915534e-01,-3.975764e-01
2.430835e+00,8.581409e+00,5.631496e+00,-1.683998e+00,-4.736538e-01,-3.900552e-01
4.452259e-01,8.838755e+00,3.424421e+00,-1.771851e+00,-7.955679e-01,-2.678799e-01
2.108826e-01,8.063348e+00,1.847644e+00,-1.851242e+00,-8.021475e-01,-1.372188e-01
2.557971e+00,1.071835e+01,-1.448376e+00,-2.462568e+00,-9.144839e-01,3.747921e-02
6.560916e-01,9.941863e+00,-7.347023e-01,-2.824468e+00,-1.252313e+00,6.710221e-02
6.526358e+00,1.194630e+01,-9.490771e-01,-3.559342e+00,-1.254688e+00,3.544613e-01
1.012030e+01,1.346794e+01,-2.836504e+00,-4.009610e+00,-1.906587e+00,2.754645e-01
-3.659681e+00,1.635267e+01,7.836314e+00,-4.626951e+00,-3.758176e+00,-2.806394e-01
-7.174828e+00,2.297200e+01,1.569411e+01,-4.999683e+00,-4.363183e+00,-3.559609e-01
-9.516663e+00,1.621008e+01,1.505219e+01,-2.586677e+00,-1.622310e+00,-6.980314e-02
-2.280053e+00,3.913164e+00,1.890615e+01,-1.235488e+00,2.373448e-01,3.272791e-01
6.999628e+00,1.400511e+01,9.870203e+00,-4.675356e-01,1.235651e+00,-1.833846e-01
4.735802e+00,1.006535e+01,1.165086e+01,9.268175e-01,9.163172e-01,-5.890783e-01
2.849842e+00,4.248290e+00,8.997136e+00,3.156676e+00,1.064399e+00,-6.600000e-01
3.308195e+00,2.939243e+00,8.957598e+00,4.066280e+00,1.349933e+00,-7.991558e-01
3.753524e+00,2.641520e+00,1.004086e+01,5.276387e+00,1.758934e+00,-9.849518e-01
3.847223e+00,2.796555e+00,9.948557e+00,5.922334e+00,1.752278e+00,-9.056704e-01
4.277320e+00,3.162051e+00,1.149690e+01,7.234445e+00,1.525717e+00,-8.723237e-01
5.093069e+00,3.128278e+00,1.232565e+01,7.895781e+00,1.289017e+00,-7.089517e-01
6.280982e+00,1.011966e+01,1.040182e+01,8.307413e+00,3.749087e-01,-3.058897e-01
1.024147e+00,8.064677e+00,8.753592e+00,8.021225e+00,-1.279269e-01,-4.392439e-01
-1.326451e+01,-1.937197e+00,8.229507e+00,5.756640e+00,7.223180e-01,-3.182575e-01
-1.186089e+01,-9.175626e+00,2.541702e+00,3.601070e+00,2.835505e+00,2.947092e-01
6.041383e+00,-9.790032e+00,4.796745e+00,-8.106886e-01,3.753045e+00,1.262189e+00
1.424942e+01,1.859480e+01,4.216097e+00,-3.571736e+00,2.642495e+00,6.939561e-01
3.893825e+01,3.930415e+01,-6.718256e-01,-2.424581e+00,1.423322e-03,5.719551e-01
-1.175101e+01,-1.290431e+01,1.429675e+01,-3.115494e+00,-4.036853e+00,-2.950726e+00
-1.253936e+01,4.195431e+00,1.995894e+01,-3.989382e+00,-7.291065e-01,7.969073e-02
-1.165533e+01,1.973553e+01,1.878824e+01,-3.193872e+00,6.914483e-01,1.174560e-01
1.227016e+00,6.383359e+00,7.598856e+00,-1.195336e+00,2.442465e+00,9.658864e-01
6.777395e+00,5.541604e+00,5.848500e+00,-1.358200e+00,2.708982e+00,9.094067e-01
9.731987e+00,1.178760e+01,4.124972e+00,-1.243376e+00,1.506285e+00,5.305715e-01
4.376452e+00,1.001304e+01,3.994430e+00,-1.186663e+00,-2.560659e-01,-6.349577e-02
-3.292205e+00,9.254596e+00,3.590000e+00,-1.158605e+00,-1.255665e+00,-2.830337e-01
-4.775185e+00,9.915185e+00,3.618653e+00,-1.117469e+00,-6.659330e-01,-1.239191e-01
-5.410833e-01,8.980353e+00,1.817600e+00,-1.089063e+00,3.250675e-01,7.397591e-02
2.453830e+00,8.120300e+00,6.796744e-01,-1.175141e+00,4.421151e-01,5.018726e-02
1.983278e+00,7.125273e+00,1.293190e+00,-1.564499e+00,-4.097766e-01,-2.639530e-01
1.151871e-01,6.963383e+00,3.433836e+00,-1.745945e+00,-7.017991e-01,-3.092587e-01
1.282511e+00,8.175750e+00,3.891360e+00,-1.981650e+00,-4.739369e-01,-6.510305e-02
2.243287e+00,7.996233e+00,1.743152e+00,-2.114195e+00,-3.701247e-01,9.529513e-02
5.265238e+00,1.049678e+01,-6.769338e-01,-2.712406e+00,-8.254535e-01,1.016065e-01
3.069409e+00,9.288438e+00,9.618539e-02,-3.159063e+00,-1.422623e+00,2.452321e-02
7.230587e+00,1.371967e+01,-2.077358e+00,-3.933904e+00,-1.736552e+00,2.451773e-01
7.903905e+00,2.061435e+01,-4.285647e+00,-4.408534e+00,-2.363842e+00,2.337014e-01
-9.163650e+00,2.047013e+01,1.478541e+01,-4.953306e+00,-5.052140e+00,-2.349794e-01
-1.309399e+01,2.421518e+01,1.828824e+01,-4.556854e+00,-3.825494e+00,1.648932e-01
-9.651533e+00,9.822185e+00,1.989753e+01,-1.834929e+00,9.563502e-02,7.919168e-01
4.242130e+00,1.028855e+01,1.382924e+01,-1.136617e+00,2.015801e+00,9.582396e-01
7.729272e+00,1.227745e+01,1.301357e+01,1.153899e+00,2.247198e+00,4.362478e-01
6.484836e+00,5.323141e+00,1.271482e+01,2.817032e+00,1.822772e+00,-3.433257e-02
6.266400e+00,1.504456e+00,8.166065e+00,4.371655e+00,1.362525e+00,-1.422563e-01
5.344328e+00,9.167593e-01,8.919076e+00,5.113215e+00,1.108437e+00,-5.517971e-01
5.991334e+00,-8.498037e-01,8.699869e+00,6.377542e+00,1.184581e+00,-1.037184e+00
8.119244e+00,-1.756812e+00,9.409256e+00,6.840946e+00,9.673220e-01,-1.272384e+00
7.970361e+00,1.256998e+00,1.154506e+01,7.472692e+00,-5.511864e-02,-1.654370e+00
5.424089e+00,3.530860e+00,1.206067e+01,7.879981e+00,-9.815659e-01,-1.890260e+00
-4.843395e+00,1.092941e+01,1.205919e+01,7.351712e+00,-1.999640e+00,-1.631526e+00
-1.138866e+01,7.479773e+00,9.732175e+00,6.296010e+00,-1.035744e+00,-1.177606e+00
-1.680330e+01,-8.575010e+00,7.937505e+00,3.125737e+00,3.331841e+00,2.222334e-01
1.973717e+00,-9.714107e+00,4.678268e+00,7.754018e-01,5.372583e+00,1.091760e+00
1.597179e+01,2.121525e+01,-3.854131e+00,-2.898792e+00,3.856986e+00,1.102062e+00
2.247184e+01,3.267268e+01,2.918568e+00,-1.637013e+00,3.365925e+00,1.569346e+00
-1.667240e+00,-2.127907e+00,1.525985e+01,-4.712108e+00,3.052606e-01,-4.027727e-01
1.728098e-01,-5.610988e+00,1.854661e+01,-4.140245e+00,1.001562e+00,-3.775304e-01
4.930168e+00,1.532446e+01,1.176195e+01,-2.349068e+00,-6.280853e-01,-1.518709e-01
-6.516765e+00,1.796553e+01,1.112894e+01,-1.787247e+00,-1.211086e+00,-2.594791e-01
-6.616361e+00,8.115348e+00,7.134460e+00,-1.350474e+00,8.082778e-01,5.223364e-01
3.515142e+00,9.526039e+00,7.371386e+00,-1.016013e+00,2.480461e+00,8.970559e-01
7.324420e+00,1.117439e+01,3.668851e+00,-8.812301e-01,1.401317e+00,5.578330e-01
6.002251e+00,9.562761e+00,2.188297e+00,-8.172584e-01,3.915184e-01,4.010912e-01
1.066453e+00,1.156483e+01,9.968221e-02,-1.145868e+00,-2.169181e-01,1.626764e-01
1.435712e+00,8.967759e+00,-1.825400e+00,-1.331417e+00,-1.105813e-01,1.070244e-01
1.925506e+00,8.117778e+00,-3.494936e+00,-2.113161e+00,-2.238412e-01,1.839251e-02
7.209530e-01,7.950620e+00,-1.232139e-01,-2.506297e+00,-4.676348e-01,-9.862658e-02
1.445051e+00,3.392891e+00,6.765341e+00,-2.645107e+00,-4.282827e-01,-3.451253e-01
2.683760e+00,2.522453e+00,7.255685e+00,-2.671172e+00,-4.032440e-01,-3.010790e-01
3.506364e+00,3.457281e-01,1.072432e+01,-2.323140e+00,-5.924041e-01,-2.804576e-01
1.091342e+00,4.089738e-01,1.052641e+01,-2.142808e+00,-6.337776e-01,-2.350680e-01
-8.669540e-01,7.935194e+00,1.145900e+01,-1.837306e+00,-3.582508e-01,1.424902e-01
-2.609329e-01,1.065117e+01,1.241421e+01,-1.546311e+00,-1.010317e-01,1.085221e-01
1.728168e+00,1.049319e+01,1.273534e+01,-9.460824e-01,-5.376390e-02,-1.666667e-02
3.040141e+00,1.110035e+01,1.453901e+01,-5.336118e-01,-9.810324e-02,4.373754e-02
6.713127e+00,1.485145e+01,1.222913e+01,2.857738e-01,-3.864716e-01,2.124821e-01
7.369105e+00,1.748635e+01,6.136281e+00,6.580787e-01,-8.733954e-01,2.291363e-01
-6.581704e-01,1.882438e+01,1.275087e+00,9.551056e-01,-3.131933e+00,6.203014e-02
-6.585447e+00,7.722404e+00,-3.163952e+00,6.745051e-01,-3.107706e+00,3.071689e-02
-2.140855e+00,1.053385e+01,-3.713686e+00,-5.195688e-01,-1.267008e+00,2.177179e-01
-1.635900e+00,8.717562e+00,-2.297927e+00,-1.264116e+00,-8.273012e-01,3.518250e-01
-5.519122e+00,7.969320e+00,7.900731e+00,-2.900175e+00,4.524156e-01,5.186860e-01
-3.861204e+00,1.345574e+01,1.012022e+01,-3.795244e+00,1.304377e+00,1.017163e+00
5.507027e+00,1.387290e+01,1.265269e+01,-3.421518e+00,1.982178e+00,1.060463e+00
9.116829e+00,8.596053e+00,1.247857e+01,-2.992498e+00,1.357597e+00,6.939863e-01
4.157298e+00,2.987598e+00,1.281447e+01,-2.224897e+00,-5.423389e-01,1.061265e-01
2.580044e+00,5.375275e+00,1.183148e+01,-1.800223e+00,-8.642978e-01,1.338353e-01
-2.209477e+00,6.116050e+00,1.016823e+01,-2.483966e-01,-7.274804e-01,3.765617e-01
-3.015976e+00,2.965640e+00,9.249885e+00,8.170560e-01,-6.721842e-02,4.858554e-01
-1.173050e+00,1.932484e+00,8.828758e+00,2.200884e+00,1.401888e+00,6.741037e-01
-1.170175e-01,2.518173e+00,8.935561e+00,2.932713e+00,1.831390e+00,8.735435e-01
2.886692e-01,2.000712e+00,8.551411e+00,4.114670e+00,2.046631e+00,1.165445e+00
1.349243e+00,5.030809e-01,8.506592e+00,4.842371e+00,2.097040e+00,1.278458e+00
3.225787e+00,6.295229e-01,8.410730e+00,5.686161e+00,1.737360e+00,1.312191e+00
4.802911e+00,1.896662e+00,9.182010e+00,6.069925e+00,1.251258e+00,1.240863e+00
3.190891e+00,2.394602e+00,9.674373e+00,6.556393e+00,2.006096e-01,8.001316e-01
9.856944e-01,2.961559e+00,9.789862e+00,6.703466e+00,-3.179060e-01,4.544488e-01
-5.108216e+00,3.972054e+00,9.490186e+00,6.322764e+00,-1.914183e-02,2.030578e-01
-6.570593e+00,4.237327e+00,9.389357e+00,5.770392e+00,8.695730e-01,3.688152e-01
-2.257056e+00,1.355750e+00,6.455555e+00,4.623743e+00,2.534300e+00,7.824641e-01
2.377632e+00,2.451483e+00,3.590466e+00,3.636744e+00,2.971639e+00,9.812563e-01
6.015591e+00,2.985580e+00,4.556026e-01,1.139059e+00,2.001095e+00,5.676059e-01
3.814221e+00,8.487703e-01,7.456862e-01,-2.229020e-01,1.051204e+00,-1.018847e-02
-2.343767e+00,1.677335e+01,-7.862610e-01,-2.832155e+00,1.991645e-01,-6.344593e-01
-1.872424e+00,3.181575e+01,1.170207e+00,-3.370267e+00,7.023130e-01,-1.091186e-01
-3.331389e+00,2.507485e+00,7.661691e+00,-2.234177e+00,1.743456e+00,1.054009e-01
6.408158e-01,-7.285152e+00,1.436896e+01,-2.072166e+00,2.520937e+00,8.467513e-02
3.736569e+00,1.779350e+01,1.015310e+01,-2.035385e+00,2.467708e+00,5.772379e-01
2.798426e+00,1.940884e+01,9.937056e+00,-1.123504e+00,1.916751e+00,1.871682e-01
3.373713e+00,5.409771e+00,5.746544e+00,-6.586192e-01,1.948634e+00,4.636148e-01
6.632321e+00,5.647162e+00,5.557170e+00,-6.581532e-01,2.155562e+00,3.379149e-01
1.103974e+01,1.221311e+01,4.612147e+00,-7.164956e-01,7.024405e-01,-1.973619e-01
4.021370e+00,8.713403e+00,4.420883e+00,-6.080719e-01,-7.245582e-01,-6.613233e-01
2.018913e-01,9.886217e+00,3.943409e+00,-7.447770e-01,-1.182256e+00,-7.182830e-01
1.075443e+00,9.776698e+00,3.424650e+00,-7.737542e-01,-9.359311e-01,-6.736891e-01
2.277698e+00,8.709678e+00,2.421016e+00,-9.366950e-01,-9.505487e-01,-5.556672e-01
6.345628e-01,8.319449e+00,2.787021e+00,-9.902711e-01,-1.278910e+00,-6.256584e-01
-3.856328e+00,6.812227e+00,4.872070e+00,-9.875264e-01,-1.349411e+00,-6.129967e-01
-3.086094e+00,7.021836e+00,4.928242e+00,-9.991307e-01,-8.811133e-01,-4.093594e-01
-1.597074e+00,7.431215e+00,4.438777e+00,-9.213725e-01,-2.687207e-02,-9.570495e-02
-9.021669e-01,7.518681e+00,4.778838e+00,-9.041385e-01,2.819181e-01,1.156242e-02
2.281260e+00,8.756725e+00,4.909824e+00,-9.557714e-01,3.956593e-01,7.585927e-02
2.740000e+00,8.939767e+00,4.470484e+00,-1.006453e+00,2.591174e-01,4.899439e-02
9.641144e-01,8.258928e+00,2.549260e+00,-1.200197e+00,4.662306e-02,1.702721e-01
2.463398e+00,9.816634e+00,1.459849e+00,-1.477838e+00,2.397216e-01,4.022389e-01
5.356445e+00,1.058729e+01,-2.766965e+00,-2.024348e+00,-6.423379e-02,4.802900e-01
4.020082e+00,1.242748e+01,-3.707639e+00,-2.596706e+00,-7.703550e-01,5.074462e-01
7.225403e+00,1.614573e+01,-1.055062e+00,-3.617271e+00,-1.547967e+00,3.097435e-01
3.487520e+00,1.503830e+01,2.673879e+00,-4.003352e+00,-2.728441e+00,2.128659e-01
-7.666340e+00,2.075731e+01,1.373410e+01,-4.257933e+00,-3.006610e+00,2.776436e-01
-1.231777e+01,2.344646e+01,1.828935e+01,-3.667703e+00,-1.949675e+00,3.970843e-01
-5.127138e+00,4.930355e+00,1.764915e+01,-1.971473e+00,9.929594e-01,2.112065e+00
-2.600080e+00,1.006010e+01,1.445869e+01,-1.853528e+00,2.300552e+00,2.458742e+00
1.249614e+00,5.881931e+00,1.415516e+01,5.697108e-01,2.603939e+00,2.542771e+00
2.238335e+00,2.596761e+00,1.050755e+01,1.486722e+00,2.240800e+00,2.511597e+00
1.745497e+00,1.865002e+00,9.449745e+00,3.026362e+00,1.242899e+00,2.163324e+00
-5.966668e-02,2.349756e+00,8.436548e+00,3.772506e+00,7.071066e-01,2.101676e+00
-2.545900e+00,1.695454e+00,9.210041e+00,5.001260e+00,1.933522e-01,1.941592e+00
-2.794041e+00,1.284041e+00,9.287306e+00,5.513358e+00,2.847590e-01,1.688594e+00
-1.668738e+00,1.613751e+00,1.009626e+01,6.113055e+00,8.096678e-01,1.235834e+00
1.031973e-01,1.924598e+00,1.109377e+01,6.489873e+00,1.119589e+00,8.165628e-01
2.695482e+00,1.869765e+00,1.222793e+01,7.090215e+00,1.208542e+00,-3.285145e-02
2.503718e+00,2.926880e+00,1.236087e+01,7.265322e+00,7.247406e-01,-4.792222e-01
-3.237302e+00,2.626096e+00,9.353204e+00,6.750164e+00,3.995191e-01,-1.062350e+00
-3.416588e+00,1.850153e-01,6.639969e+00,5.811396e+00,4.983248e-01,-1.066636e+00
4.001388e-01,1.210589e+00,5.200196e+00,2.884340e+00,3.460662e-01,-4.257714e-01
-3.123667e+00,-5.814060e+00,2.645728e+00,1.089003e+00,2.864050e-01,-5.119606e-01
-3.021568e+00,-4.743187e+00,7.469638e+00,-2.485586e+00,1.527089e+00,-5.033886e-01
1.171906e+01,3.576979e+01,-6.297610e+00,-3.083254e+00,2.197680e+00,9.257578e-02
-4.728646e+00,-5.043443e+00,2.629599e+00,-1.845200e-01,1.140321e+00,4.760209e-02
-6.719687e+00,-7.442741e+00,9.220134e+00,-2.160099e+00,1.180799e+00,-4.753078e-01
8.050200e+00,1.375059e+01,1.417996e+01,-2.591159e+00,2.355351e+00,1.275470e-01
5.813006e+00,1.467382e+01,7.954748e+00,-2.008898e+00,4.945800e-01,-4.097132e-01
-2.644224e+00,5.594796e+00,7.692614e+00,-1.091934e+00,-1.750969e+00,-9.571018e-01
-7.692786e+00,9.957387e+00,5.554454e+00,-1.036003e+00,-9.335903e-01,-3.706705e-01
-1.539627e+00,1.129991e+01,3.837959e+00,-6.333219e-01,1.358788e+00,1.134437e-01
2.063798e+00,1.042726e+01,3.091226e+00,-5.045951e-01,1.671446e+00,3.015386e-01
3.977362e+00,8.526237e+00,1.638258e+00,-3.514656e-01,6.003369e-01,-6.591320e-02
2.392020e+00,8.461415e+00,1.743691e+00,-3.766990e-01,9.979739e-02,-2.417254e-01
3.175250e+00,8.619589e+00,-2.031125e-01,-5.883376e-01,-1.756241e-01,-3.495688e-01
2.235938e+00,6.743231e+00,-1.563493e+00,-8.391996e-01,-5.964145e-01,-5.044758e-01
-3.731053e+00,8.518775e+00,1.193622e+00,-1.373392e+00,-1.026962e+00,-5.416943e-01
-4.551598e+00,9.749602e+00,3.081404e+00,-1.555187e+00,-3.544082e-01,-3.056150e-01
2.614952e+00,8.128266e+00,2.599757e+00,-1.670172e+00,4.055857e-01,-4.429390e-02
4.599086e+00,8.121517e+00,1.359922e+00,-1.836313e+00,1.753184e-01,-4.547697e-02
3.520498e+00,9.290962e+00,2.992347e+00,-2.257970e+00,-8.585610e-01,-2.835054e-01
2.211558e+00,9.422068e+00,3.426464e+00,-2.525258e+00,-1.411019e+00,-3.778795e-01
6.313838e-01,1.063091e+01,4.634726e+00,-2.920788e+00,-1.782818e+00,-2.262256e-01
1.773826e+00,1.027066e+01,4.248804e+00,-3.035857e+00,-1.695467e+00,-1.411519e-01
6.755735e+00,1.261110e+01,9.705155e-01,-3.419251e+00,-1.856035e+00,1.598749e-01
7.688509e+00,1.782480e+01,-3.770336e+00,-3.887073e+00,-2.320977e+00,3.373071e-01
-1.727928e+00,1.648811e+01,6.545111e+00,-4.350203e+00,-4.353021e+00,4.013909e-01
-1.564143e+01,1.789440e+01,1.662301e+01,-4.166973e+00,-2.834468e+00,1.022928e-02
-1.278240e+01,1.295454e+01,1.842379e+01,-3.214352e+00,-3.320944e-01,5.731103e-01
-5.973465e+00,4.335648e+00,1.904832e+01,-2.022761e+00,2.051508e+00,1.563335e+00
7.622200e+00,1.267723e+01,1.100742e+01,-1.233023e+00,3.637788e+00,1.751092e+00
8.354754e+00,7.365840e+00,1.140352e+01,2.527071e-01,2.882648e+00,1.170599e+00
6.275697e+00,3.317351e+00,8.671590e+00,1.756579e+00,1.311508e+00,5.886047e-01
3.896911e+00,2.903379e+00,8.021697e+00,2.589012e+00,6.099047e-01,2.356414e-01
1.384459e-01,1.969108e+00,8.709022e+00,4.117752e+00,2.646392e-01,-3.385629e-01
-6.011957e-01,1.362580e+00,8.230038e+00,4.948854e+00,5.022754e-01,-4.272713e-01
1.087415e+00,2.888584e-01,9.824404e+00,6.004024e+00,1.014986e+00,-4.750671e-01
3.907582e+00,4.700344e-01,1.031159e+01,6.659929e+00,1.222672e+00,-4.051505e-01
6.968688e+00,1.040592e+00,1.268349e+01,7.726989e+00,8.140429e-01,-3.973820e-01
7.261528e+00,-6.208899e-02,1.155101e+01,8.132614e+00,2.595352e-01,-5.842879e-01
-2.739108e+00,2.295019e+00,1.141937e+01,7.265943e+00,-7.312900e-01,-7.508140e-01
-9.030077e+00,5.910534e+00,1.186090e+01,6.064348e+00,-3.612897e-01,-5.212846e-01
-7.778304e+00,-5.700553e+00,5.265935e+00,3.196334e+00,2.513862e+00,6.927985e-01
1.580750e+00,-1.087538e+01,3.355431e+00,1.148578e+00,3.554031e+00,9.882798e-01
1.106281e+01,2.038240e+00,1.013011e+01,-3.257751e+00,2.888450e+00,7.386680e-01
1.176795e+01,2.658043e+01,3.006715e+00,-3.775719e+00,1.135276e+00,2.239798e-01
1.207239e+01,1.419772e+01,6.601080e-01,4.837575e-02,-1.338652e+00,-7.935364e-02
-1.394671e+01,-1.283474e+01,8.680842e+00,-1.569528e+00,-3.746404e+00,-2.538899e+00
1.349277e+00,1.138583e+01,1.131079e+01,-3.274051e+00,5.869944e-01,9.656533e-01
5.493572e-02,1.774837e+01,8.752688e+00,-2.395223e+00,-2.205940e-01,2.310627e-01
-1.334582e+01,1.270050e+01,9.243453e+00,-1.336137e+00,-1.251844e+00,-2.042991e-01
-1.546667e+01,1.140952e+01,4.822903e+00,-9.485010e-01,9.002749e-02,-2.033845e-01
-1.910096e+00,9.500000e+00,3.097587e+00,-7.306849e-01,2.879393e+00,7.253767e-01
4.038694e+00,9.492028e+00,2.916499e+00,-8.071588e-01,3.458140e+00,8.509969e-01
9.591648e+00,7.569925e+00,2.045899e+00,-1.049681e+00,2.014357e+00,4.245540e-01
6.439830e+00,7.763971e+00,2.997434e+00,-1.175574e+00,6.417569e-01,-3.394691e-02
3.133297e+00,8.393324e+00,3.081890e+00,-1.370272e+00,-6.553787e-01,-4.769384e-01
1.620127e+00,8.717759e+00,2.192241e+00,-1.504591e+00,-9.107298e-01,-5.609475e-01
-1.449892e+00,7.485438e+00,5.093446e+00,-1.587278e+00,-9.062798e-01,-5.340967e-01
-1.399000e+00,8.898458e+00,6.301312e+00,-1.618773e+00,-6.797773e-01,-3.959426e-01
2.272944e+00,9.281516e+00,5.432127e+00,-1.497677e+00,-2.970660e-01,-2.751583e-01
3.439035e+00,8.380795e+00,3.653455e+00,-1.513938e+00,-4.145577e-01,-1.885441e-01
3.232265e+00,8.245702e+00,-1.608359e-01,-2.029188e+00,-9.661925e-01,-1.794809e-02
2.937501e+00,9.937588e+00,-2.443728e+00,-2.384668e+00,-1.315528e+00,-8.992174e-02
-5.227143e-01,8.940015e+00,-2.527084e-01,-2.961772e+00,-1.818129e+00,-1.435267e-01
1.294763e+00,9.864921e+00,5.574605e-01,-3.738428e+00,-1.717208e+00,1.808051e-01
7.159618e+00,1.676631e+01,-3.848987e+00,-4.529975e+00,-2.591559e+00,1.783717e-01
-1.366888e-01,1.798047e+01,1.781082e+00,-4.750721e+00,-3.759582e+00,-3.079551e-01
-7.821296e+00,2.377408e+01,1.871671e+01,-4.624578e+00,-3.351459e+00,-2.923810e-01
-1.009637e+01,2.349749e+01,1.912608e+01,-2.844758e+00,-1.086991e+00,-1.825391e-02
1.858580e-01,2.924738e+00,1.897802e+01,-1.374065e+00,9.357979e-01,2.673952e-01
6.485292e+00,6.977883e+00,1.328212e+01,-4.134448e-01,1.948765e+00,-2.041541e-02
8.448870e+00,7.187233e+00,1.065571e+01,8.595626e-01,1.394907e+00,-3.504144e-01
4.827847e+00,4.175222e+00,9.380753e+00,2.442942e+00,5.411354e-01,-6.559518e-01
5.490453e-01,1.570573e+00,8.200436e+00,3.515901e+00,7.756791e-01,-9.992104e-01
2.699649e-01,2.176468e+00,8.523251e+00,4.580360e+00,1.596686e+00,-1.069643e+00
3.545216e+00,2.565505e+00,8.595187e+00,5.308820e+00,2.164533e+00,-8.744650e-01
5.890590e+00,1.659910e+00,8.980010e+00,6.288947e+00,2.223793e+00,-4.765600e-01
9.015970e+00,1.011046e+00,9.933011e+00,6.866666e+00,1.313389e+00,-3.255954e-01
7.470605e+00,1.549783e+00,1.153941e+01,7.189358e+00,7.342328e-02,-5.094635e-01
2.656290e+00,1.587881e+00,1.118106e+01,7.118116e+00,-5.019053e-01,-6.287619e-01
-2.383761e+00,2.997804e+00,1.017340e+01,6.154858e+00,-6.928722e-01,-4.842666e-01
-1.171782e+01,2.644853e+00,8.156019e+00,4.188483e+00,1.377027e+00,1.747878e-01
-5.977934e+00,-3.817836e+00,4.950545e+00,2.101617e+00,2.872764e+00,7.765690e-01
2.882737e+00,-8.578277e+00,4.295684e+00,-1.156257e+00,3.004925e+00,6.364731e-01
1.059309e+01,3.158307e+01,-5.429443e+00,-2.604571e+00,1.991086e+00,4.840293e-01
-2.643172e+00,-1.876267e+00,8.601136e+00,-2.116796e+00,-9.669596e-01,-1.431530e+00
-6.193846e+00,-4.782051e+00,1.042985e+01,-2.850937e+00,-3.203525e-01,-5.878311e-01
-9.737529e-01,1.254636e+01,1.247661e+01,-2.438242e+00,8.156832e-01,9.346814e-02
-1.361805e+00,1.849966e+01,9.138810e+00,-1.574745e+00,1.128314e+00,-1.778431e-01
1.621684e+00,7.352395e+00,4.402004e+00,-1.179623e+00,6.149823e-01,1.050149e-01
-4.539668e-01,8.597172e+00,3.863531e+00,-1.055340e+00,4.189300e-01,-8.487515e-02
1.848687e+00,1.095517e+01,3.741134e+00,-9.487155e-01,3.565379e-02,-1.710969e-01
8.041846e-01,9.118298e+00,3.368700e+00,-9.241901e-01,-1.421180e-01,-1.883996e-01
6.789313e-01,9.890712e+00,2.707150e+00,-9.622222e-01,-2.975697e-01,-2.174568e-01
5.614039e-01,9.703276e+00,2.689064e+00,-9.710493e-01,-4.506785e-01,-2.662528e-01
6.859056e-01,8.845842e+00,1.909958e+00,-1.155586e+00,-6.552072e-01,-3.648482e-01
5.358729e-01,8.590582e+00,1.664436e+00,-1.287441e+00,-8.754354e-01,-4.426093e-01
-9.787231e-01,8.691915e+00,2.999384e+00,-1.549316e+00,-9.569037e-01,-4.031503e-01
-4.482338e-01,8.783250e+00,3.977649e+00,-1.586185e+00,-8.424227e-01,-3.546289e-01
1.512801e+00,8.258256e+00,4.321327e+00,-1.643136e+00,-8.655113e-01,-2.858962e-01
9.422605e-01,7.840473e+00,2.287254e+00,-1.767373e+00,-9.737913e-01,-2.051368e-01
-1.198733e-01,7.508796e+00,-2.555011e-01,-2.275282e+00,-1.095468e+00,-8.522660e-02
2.668614e+00,9.493897e+00,-5.657314e-01,-2.628967e+00,-1.232578e+00,-1.090000e-01
2.652184e+00,9.036403e+00,8.856323e-01,-3.340423e+00,-1.845611e+00,-9.028020e-02
3.263026e+00,9.731309e+00,3.729041e-01,-3.745829e+00,-2.016102e+00,5.823926e-02
2.043141e+00,1.965650e+01,-1.517006e+00,-4.491761e+00,-2.782373e+00,1.751550e-01
-4.501022e+00,1.862975e+01,8.182394e+00,-4.830007e+00,-3.545915e+00,4.459208e-03
-6.709331e+00,2.271933e+01,1.738341e+01,-4.355306e+00,-1.833428e+00,9.346098e-02
-5.600857e+00,1.887790e+01,1.894703e+01,-2.602134e+00,-4.279168e-01,1.821445e-01
6.365522e+00,3.333315e+00,1.689681e+01,-1.400427e+00,1.251611e+00,2.154620e-01
9.899993e+00,7.423085e+00,1.033203e+01,-6.914244e-01,1.246869e+00,-3.449845e-02
3.711846e+00,6.517799e+00,1.163897e+01,1.786055e+00,6.491458e-01,-1.066013e+00
2.616569e+00,2.763382e+00,9.429464e+00,2.866612e+00,9.546251e-01,-1.051765e+00
2.110335e+00,1.538991e+00,7.786787e+00,4.113647e+00,1.599011e+00,-1.166482e+00
1.729649e+00,2.211053e+00,8.488244e+00,4.975611e+00,1.923778e+00,-9.596779e-01
3.341361e+00,1.579876e+00,8.467182e+00,6.171313e+00,2.197769e+00,-5.226155e-01
5.174196e+00,1.248958e+00,9.013605e+00,6.790623e+00,1.839014e+00,-2.087500e-01
8.095580e+00,1.943110e+00,1.141009e+01,7.651017e+00,6.515543e-01,6.856315e-02
8.157807e+00,2.091952e+00,1.189675e+01,8.024498e+00,-2.800644e-01,8.266455e-03
3.080265e+00,2.583442e+00,1.059587e+01,7.362809e+00,-1.496296e+00,-2.265175e-01
-8.489703e+00,7.043600e+00,9.348344e+00,5.959675e+00,-8.506392e-01,-1.399722e-01
-1.049197e+01,-5.579214e+00,5.152928e+00,3.369392e+00,2.705776e+00,8.538177e-01
-2.801077e+00,-9.135712e+00,2.911607e+00,9.216200e-01,3.945180e+00,1.244524e+00
1.177713e+01,-5.973069e+00,5.196819e+00,-3.533331e+00,2.174557e+00,3.862195e-01
1.301531e+01,2.120151e+01,4.221595e+00,-3.711843e+00,5.683445e-02,-4.529810e-01
1.135098e+01,3.038217e+01,1.761818e-01,-3.883168e-01,-3.417104e+00,-2.127170e+00
-1.917306e+01,-7.284645e+00,8.901869e+00,-2.159689e+00,-3.192417e+00,-2.058503e+00
-4.657732e+00,4.809809e+00,9.789846e+00,-2.398935e+00,1.542867e+00,7.985316e-01
-4.084041e+00,1.175620e+01,1.227442e+01,-2.172453e+00,1.960820e+00,1.498732e-01
1.093800e+00,1.143900e+01,7.997116e+00,-1.367336e+00,2.102764e+00,5.027154e-01
6.860787e+00,6.237075e+00,4.014280e+00,-1.291884e+00,1.360128e+00,2.432872e-01
5.377287e+00,1.053438e+01,3.100731e+00,-1.194044e+00,-2.461643e-01,-2.452464e-01
-1.084384e+00,1.031951e+01,5.465413e+00,-1.195208e+00,-4.534602e-01,-3.153323e-01
1.014529e+00,8.906722e+00,3.527879e+00,-1.041544e+00,-1.768003e-01,-1.665118e-01
2.815339e-01,8.605498e+00,3.037331e+00,-1.021307e+00,-3.616362e-01,-2.527473e-01
1.758740e-01,9.404077e+00,1.942762e+00,-1.077619e+00,-3.579916e-01,-2.684403e-01
1.194113e+00,9.317062e+00,1.118019e+00,-1.213438e+00,-5.594332e-01,-3.581020e-01
7.378243e-01,7.910093e+00,1.255139e+00,-1.538468e+00,-1.014994e+00,-4.500075e-01
-8.072114e-01,8.392819e+00,2.895982e+00,-1.717295e+00,-1.092288e+00,-4.276470e-01
-2.237232e-01,9.553505e+00,4.500109e+00,-1.755933e+00,-8.969439e-01,-3.428933e-01
-6.090088e-01,8.800125e+00,4.608670e+00,-1.742489e+00,-7.709336e-01,-2.851113e-01
1.103716e+00,8.743824e+00,9.903220e-01,-2.028708e+00,-7.322101e-01,-2.012811e-01
2.077177e+00,8.108193e+00,-6.055183e-01,-2.341191e+00,-9.126807e-01,-2.186181e-01
2.155958e+00,1.026427e+01,6.819093e-01,-3.124434e+00,-1.253499e+00,-1.554322e-01
4.561508e+00,1.139529e+01,-6.632694e-01,-3.548277e+00,-1.300515e+00,-7.996104e-02
9.223182e+00,1.456471e+01,-4.521676e+00,-4.401942e+00,-2.254254e+00,-2.169302e-01
8.763347e+00,1.758286e+01,-1.967271e+00,-4.795590e+00,-3.392844e+00,-5.165864e-01
-8.143248e+00,2.673692e+01,1.898086e+01,-4.818249e+00,-4.679731e+00,-4.498708e-01
-1.442293e+01,2.102654e+01,2.186384e+01,-3.054112e+00,-2.683368e+00,2.187432e-01
-6.255493e+00,1.572745e+00,2.418567e+01,-1.449113e+00,1.973280e+00,1.179073e+00
7.047306e+00,7.578653e+00,1.275265e+01,-7.257960e-01,2.389232e+00,1.265235e+00
5.892618e+00,6.100564e+00,1.307183e+01,1.738326e+00,1.512518e+00,4.012813e-01
4.845527e+00,3.917380e+00,1.082411e+01,2.767041e+00,1.226729e+00,1.691921e-01
3.516306e+00,-1.793112e-01,8.112804e+00,4.273833e+00,8.675287e-01,-3.443298e-01
1.934133e+00,2.153931e-01,7.951557e+00,4.914215e+00,8.906271e-01,-3.184601e-01
2.423125e+00,1.386648e+00,7.873580e+00,6.002855e+00,1.026522e+00,-2.253906e-01
3.989934e+00,6.217880e-01,8.069139e+00,6.421767e+00,9.199656e-01,-2.882350e-01
5.128017e+00,7.255688e-01,1.101333e+01,7.252836e+00,2.381022e-01,-4.375428e-01
4.536446e+00,1.508483e+00,1.247450e+01,7.623801e+00,-4.623164e-02,-5.899798e-01
-3.664906e-01,-6.837555e-01,1.202790e+01,7.256267e+00,-3.371258e-01,-4.258220e-01
-5.478366e+00,4.420073e+00,1.027291e+01,6.385667e+00,-8.338897e-02,-9.022380e-02
-7.685600e+00,4.627160e+00,9.089920e+00,3.758771e+00,1.386796e+00,6.661282e-01
-3.738422e+00,-6.153237e+00,4.499930e+00,1.575057e+00,2.024543e+00,7.978100e-01
3.807186e+00,-2.053770e+00,4.670328e+00,-2.707431e+00,2.034527e+00,2.136769e-01
1.112095e+01,3.163077e+01,-5.296631e+00,-2.914760e+00,1.659753e+00,4.399399e-01
-7.263773e-01,6.688408e+00,3.877004e+00,-1.948733e+00,-1.483332e+00,-1.894404e+00
-3.541006e+00,-3.243929e+00,9.474327e+00,-2.609922e+00,1.626388e-01,-4.725930e-01
4.096267e+00,3.432945e+00,1.061546e+01,-2.137393e+00,5.213124e-01,-1.899681e-02
6.887723e-02,1.816363e+01,1.236085e+01,-2.428187e+00,-6.962974e-02,-4.627942e-01
-3.288911e+00,7.694274e+00,6.462576e+00,-1.299315e+00,4.502202e-01,-8.227776e-02
-2.024636e+00,3.851537e+00,5.496485e+00,-1.245112e+00,7.691796e-01,5.908517e-02
3.730698e+00,1.277267e+01,4.790841e+00,-9.726116e-01,3.702782e-01,-1.334335e-01
6.785540e-01,9.062898e+00,4.856201e+00,-9.567004e-01,-1.065256e-01,-1.636432e-01
1.023373e+00,8.875485e+00,2.760665e+00,-9.177309e-01,-3.227276e-01,-1.788270e-01
7.928416e-01,9.886704e+00,2.588863e+00,-9.054556e-01,-5.231341e-01,-2.441669e-01
-1.656861e+00,8.853864e+00,2.891107e+00,-9.187835e-01,-5.062246e-01,-2.341798e-01
-1.559038e+00,7.785247e+00,2.383439e+00,-9.673339e-01,-3.994659e-01,-2.269110e-01
-1.167853e+00,8.507423e+00,1.280859e+00,-1.186441e+00,-2.677951e-01,-1.568448e-01
-2.055263e+00,8.803570e+00,2.425283e+00,-1.251027e+00,-7.363273e-02,-1.641149e-01
1.861298e-01,8.241021e+00,3.898165e+00,-1.373664e+00,4.090668e-01,-4.637327e-02
2.211363e+00,8.701298e+00,4.399138e+00,-1.428257e+00,3.430452e-01,-8.377350e-02
3.858603e+00,9.460842e+00,5.026488e+00,-1.494022e+00,-1.388594e-01,-1.801482e-01
2.805057e+00,9.511209e+00,4.435386e+00,-1.587673e+00,-5.014871e-01,-2.332263e-01
1.735053e+00,8.538306e+00,1.678094e+00,-1.975180e+00,-7.555903e-01,-1.496495e-01
1.962213e+00,1.053378e+01,-2.097176e-01,-2.354761e+00,-9.853978e-01,-1.051397e-01
2.174972e+00,1.177192e+01,1.837085e+00,-2.918868e+00,-1.163349e+00,-3.877428e-02
4.286726e+00,1.205774e+01,1.073255e+00,-3.249419e+00,-1.257796e+00,1.077159e-01
5.956726e+00,1.638889e+01,-4.420094e+00,-3.872201e+00,-2.453381e+00,1.496429e-01
4.759256e-01,1.621990e+01,2.029788e+00,-4.242999e+00,-3.272804e+00,-2.546550e-01
-4.641963e+00,2.031345e+01,1.368165e+01,-4.564131e+00,-2.982667e+00,-1.516804e-01
-8.237335e+00,2.793567e+01,1.850802e+01,-3.271018e+00,-1.906102e+00,-4.928739e-02
-2.695347e+00,-6.047628e-01,1.999140e+01,-1.452142e+00,1.175052e+00,5.956583e-01
3.635886e+00,6.675909e+00,1.088061e+01,-1.673810e+00,1.894289e+00,8.178165e-01
2.695000e+00,8.583340e+00,1.276917e+01,7.213120e-01,1.699601e+00,3.010842e-01
3.020181e+00,6.441527e+00,1.124803e+01,1.867418e+00,1.697851e+00,1.664216e-01
4.921109e+00,3.191855e+00,8.576615e+00,3.304090e+00,1.284596e+00,-3.101994e-01
4.321856e+00,3.612031e+00,8.438319e+00,4.036989e+00,9.746333e-01,-2.204597e-01
4.191854e+00,1.828609e+00,7.355397e+00,5.169656e+00,3.775314e-01,-2.228202e-01
3.369313e+00,9.902101e-01,7.669790e+00,5.797217e+00,1.614345e-02,-3.445070e-01
1.676200e+00,-1.272277e-01,9.615669e+00,6.593398e+00,-3.591074e-02,-4.638145e-01
1.409129e+00,4.352270e-01,1.083306e+01,6.947676e+00,1.253631e-01,-4.193018e-01
2.705038e+00,1.282494e+00,1.414567e+01,7.792780e+00,4.224955e-01,-3.176489e-01
9.334997e-01,2.944158e-01,1.038047e+01,7.537453e+00,2.745477e-01,-1.813247e-01
-7.572888e+00,6.176429e+00,1.127910e+01,5.660567e+00,8.188093e-01,2.684357e-01
-5.054753e+00,1.694951e-01,8.573015e+00,4.224945e+00,1.956095e+00,6.212053e-01
7.961883e-02,-8.459809e+00,2.920860e+00,4.093813e-03,2.405056e+00,4.785787e-01
6.025293e+00,-6.275554e+00,6.352192e+00,-2.521553e+00,1.741390e+00,3.817376e-02
9.590095e+00,2.290776e+01,4.835992e-01,-3.314287e+00,-2.527355e-01,-5.883018e-01
1.524698e+01,3.932370e+01,5.420276e+00,-1.345160e+00,-1.118228e+00,-3.226897e-02
-1.575823e+01,-1.124138e+01,8.557642e+00,-3.353763e+00,5.833935e-01,-3.193170e-01
5.550768e+00,-7.644738e+00,1.020689e+01,-3.278030e+00,2.951385e+00,1.317113e+00
5.197488e+00,1.906840e+01,9.039574e+00,-2.148724e+00,2.591947e-01,-8.209310e-01
-2.515998e-01,1.252489e+01,1.143623e+01,-1.742077e+00,-8.253687e-01,-6.549860e-01
-3.422808e+00,6.482414e+00,6.983545e+00,-1.278094e+00,-6.230828e-01,-1.516854e-01
-2.489674e+00,8.308419e+00,7.508178e+00,-1.149510e+00,3.559695e-01,-8.764602e-02
6.463228e+00,1.175902e+01,5.065932e+00,-9.530645e-01,6.931781e-01,2.231998e-01
6.081490e+00,8.772950e+00,4.348074e+00,-8.483930e-01,-1.137936e-01,-6.235770e-02
1.668449e+00,9.669332e+00,3.599733e+00,-7.897663e-01,-1.317318e+00,-3.374433e-01
-3.485151e+00,9.742338e+00,4.169034e+00,-6.690360e-01,-1.437588e+00,-4.367480e-01
-4.875366e+00,8.948086e+00,2.398781e+00,-7.031666e-01,-5.586300e-01,-2.128308e-01
-3.198510e+00,8.492434e+00,6.409853e-01,-8.303052e-01,1.802070e-03,-7.619815e-02
-2.811467e-02,6.907542e+00,1.026778e+00,-1.220239e+00,2.474500e-01,-4.265132e-02
2.948757e-01,7.426229e+00,3.002638e+00,-1.370541e+00,8.418816e-02,-1.285775e-01
3.497339e+00,8.688001e+00,3.271997e+00,-1.618961e+00,-2.352755e-01,-1.368792e-01
2.745799e+00,7.302379e+00,1.041568e+00,-1.791059e+00,-4.881348e-01,-1.298741e-01
3.188406e+00,9.070247e+00,-1.667714e+00,-2.552384e+00,-8.797549e-01,-2.451815e-02
5.243406e+00,1.090940e+01,-3.315268e+00,-3.091288e+00,-1.350177e+00,-1.209243e-01
5.174581e+00,1.275357e+01,-9.817531e-02,-3.941083e+00,-2.145940e+00,-9.334039e-02
6.835156e+00,1.455808e+01,-1.702190e+00,-4.331362e+00,-2.638238e+00,1.502181e-02
-3.645199e+00,1.848451e+01,6.950053e+00,-4.870450e+00,-4.475085e+00,1.784389e-01
-7.546924e+00,2.321020e+01,1.579948e+01,-4.924088e+00,-3.305331e+00,1.074315e-01
-1.327626e+01,2.250049e+01,2.087121e+01,-1.881511e+00,5.217640e-02,7.646589e-01
-1.081548e+00,1.755203e+00,2.178639e+01,-1.481922e+00,1.930115e+00,1.099202e+00
7.750471e+00,1.181968e+01,1.263315e+01,-4.407485e-01,2.581670e+00,1.020541e+00
6.949722e+00,9.172648e+00,1.359229e+01,1.168545e+00,2.030728e+00,4.788886e-01
5.656486e+00,2.308892e+00,9.531790e+00,3.105835e+00,1.342163e+00,-7.790269e-02
4.889184e+00,1.671491e+00,8.715574e+00,3.782101e+00,1.114092e+00,-3.759082e-01
2.380393e+00,2.000297e+00,8.649663e+00,5.007320e+00,8.345098e-01,-4.402091e-01
1.630236e+00,3.613243e-01,8.129055e+00,5.598525e+00,9.279492e-01,-4.736008e-01
2.684060e+00,9.421096e-01,8.474213e+00,6.629467e+00,9.403419e-01,-3.134495e-01
3.430506e+00,3.535419e-01,1.015188e+01,7.121929e+00,8.513409e-01,-3.555486e-01
5.847884e+00,1.909418e+00,1.295800e+01,7.686242e+00,3.253315e-01,-2.731585e-01
5.076695e+00,1.060642e+00,1.095503e+01,7.716110e+00,-7.651194e-02,-3.954782e-01
-2.780639e+00,1.678199e+00,9.810776e+00,5.974054e+00,-7.159240e-01,-4.088862e-01
-1.168245e+01,2.070421e+00,1.025213e+01,4.197734e+00,5.566389e-01,-8.196107e-02
-6.508993e+00,-1.211395e+01,6.298888e+00,1.773670e-01,3.088280e+00,8.926614e-01
1.438784e+00,-1.127297e+01,9.702327e+00,-2.119523e+00,3.414305e+00,7.105195e-01
2.139764e+01,3.941000e+01,-1.812873e+01,-2.659994e+00,2.001538e+00,7.499108e-01
1.478540e+01,2.087736e+01,1.957397e+00,-1.222857e+00,-1.309995e+00,-1.400123e+00
-8.975825e+00,-1.392771e+01,1.146447e+01,-3.212571e+00,1.321710e+00,3.831295e-01
5.391195e+00,2.213537e+00,1.364596e+01,-2.959315e+00,1.438834e+00,3.813232e-01
2.126883e-01,2.034091e+01,9.505106e+00,-1.449396e+00,-3.328381e-01,-5.810177e-01
-2.895845e+00,1.293060e+01,8.706251e+00,-1.166548e+00,-5.830226e-01,-2.308724e-01
-1.851660e+00,6.473564e+00,3.937364e+00,-9.628831e-01,3.541499e-01,5.017597e-02
2.331109e+00,1.239002e+01,5.686021e+00,-9.943354e-01,6.525839e-01,2.592246e-02
5.099061e+00,1.076105e+01,2.944851e+00,-8.145410e-01,-2.146290e-01,-7.024189e-02
2.257695e+00,7.961105e+00,2.453342e+00,-8.326991e-01,-7.558219e-01,-2.910244e-01
-1.803346e+00,9.252894e+00,2.599646e+00,-8.879423e-01,-1.034868e+00,-3.109170e-01
-2.266136e+00,8.643864e+00,1.958750e+00,-9.824412e-01,-8.966457e-01,-3.085828e-01
-2.562222e+00,7.752794e+00,8.873968e-01,-1.239333e+00,-5.969540e-01,-3.170431e-01
-4.123994e+00,7.274050e+00,2.170306e+00,-1.408899e+00,-3.365594e-01,-2.184539e-01
-1.388542e+00,7.158015e+00,4.786839e+00,-1.494945e+00,3.538395e-01,-4.894271e-02
4.368430e+00,8.476188e+00,5.913679e+00,-1.500000e+00,3.932541e-01,-2.841747e-02
5.150857e+00,9.332690e+00,3.606493e+00,-1.544341e+00,-5.141357e-01,-2.229201e-01
2.691307e+00,8.518148e+00,2.592364e+00,-1.702643e+00,-8.388842e-01,-2.151076e-01
7.060631e-01,9.117031e+00,-4.944504e-01,-2.222141e+00,-8.145979e-01,-6.952057e-02
1.598336e+00,1.106805e+01,-3.521960e-01,-2.717534e+00,-9.945076e-01,-2.068405e-02
5.653216e-01,1.018245e+01,1.855453e+00,-3.264006e+00,-1.035194e+00,1.736979e-01
5.278199e+00,1.066100e+01,7.889211e-01,-3.589449e+00,-9.978828e-01,2.523994e-01
7.913018e+00,1.702949e+01,-1.790325e+00,-4.228562e+00,-2.488533e+00,-3.026869e-02
1.917559e+00,1.612806e+01,2.580163e+00,-4.671944e+00,-3.678557e+00,-4.589293e-01
-9.631646e+00,2.668815e+01,1.857337e+01,-4.882353e+00,-3.268138e+00,-4.145771e-02
-1.114668e+01,2.434588e+01,1.993217e+01,-2.845884e+00,-1.550796e+00,3.234428e-01
7.226287e-01,4.587535e+00,1.650148e+01,-1.596187e+00,1.887906e+00,1.030179e+00
8.293430e+00,1.124608e+01,1.029660e+01,-9.043158e-01,1.977710e+00,1.047082e+00
3.625962e+00,4.933254e+00,1.244728e+01,1.716236e+00,1.349085e+00,2.309416e-01
3.160000e+00,2.833184e+00,8.972929e+00,2.673064e+00,1.329121e+00,1.401210e-01
2.411665e+00,1.520144e+00,8.989656e+00,3.914989e+00,1.371076e+00,-2.240709e-01
2.142821e+00,2.366573e+00,8.501963e+00,4.771241e+00,1.468198e+00,-9.283996e-02
3.221280e+00,9.258135e-01,8.375750e+00,5.964389e+00,1.525657e+00,-9.212101e-02
4.544630e+00,5.530410e-01,8.468658e+00,6.435798e+00,1.294885e+00,-6.266881e-02
5.681026e+00,6.793172e-01,1.094214e+01,7.307848e+00,2.507065e-01,-2.360580e-01
5.323690e+00,1.414046e+00,1.346977e+01,7.753167e+00,-4.235552e-01,-4.142006e-01
1.608789e+00,1.384641e+00,1.261350e+01,8.050175e+00,-9.016911e-01,-6.873443e-01
-4.133761e+00,2.121123e+00,1.167306e+01,7.164287e+00,-7.169387e-01,-6.400196e-01
-9.458181e+00,1.285733e+00,8.866474e+00,4.501244e+00,1.607262e+00,1.861430e-01
-6.065659e+00,-5.759396e+00,5.219036e+00,2.525261e+00,2.704265e+00,6.291377e-01
5.581215e+00,-1.200668e+01,4.881788e+00,-2.209693e+00,2.828004e+00,4.371934e-01
9.180582e+00,4.475469e+00,9.109387e+00,-3.652077e+00,1.598316e+00,1.479923e-01
2.181655e+01,3.550787e+01,1.701385e+00,-1.563033e+00,-1.448505e+00,-7.987468e-01
-1.300659e+01,-8.744368e+00,1.125512e+01,-2.859728e+00,-2.535022e+00,-2.172495e+00
-1.158755e+00,2.999950e+00,1.486107e+01,-3.396027e+00,9.100736e-01,2.680721e-01
-1.529766e+00,1.638137e+01,1.288452e+01,-2.357174e+00,3.289771e-01,-3.895818e-01
-4.660707e+00,1.096643e+01,9.599889e+00,-1.423953e+00,2.723185e-01,7.530429e-02
-4.683682e+00,6.856824e+00,6.686481e+00,-1.087866e+00,1.099963e+00,3.940843e-01
3.801320e+00,1.072838e+01,5.750581e+00,-9.488553e-01,1.743085e+00,3.381873e-01
6.562245e+00,1.132325e+01,4.014684e+00,-8.705063e-01,8.969110e-01,1.375281e-01
2.194948e+00,8.539880e+00,2.957240e+00,-8.837172e-01,-3.846016e-01,-2.715432e-01
3.226636e-01,9.669890e+00,3.427483e+00,-9.260712e-01,-6.785007e-01,-3.505954e-01
-2.538753e-01,8.922394e+00,2.563743e+00,-9.205735e-01,-6.024194e-01,-4.153512e-01
4.903825e-01,8.254943e+00,1.714139e+00,-1.069337e+00,-6.514512e-01,-4.476871e-01
-6.138147e-01,7.750537e+00,1.493343e+00,-1.367098e+00,-9.063907e-01,-5.101203e-01
-2.227858e+00,8.302493e+00,3.484987e+00,-1.489025e+00,-7.822646e-01,-4.326714e-01
5.561113e-01,8.397149e+00,4.437417e+00,-1.521296e+00,-4.811111e-01,-3.577290e-01
1.801311e+00,8.071704e+00,3.715112e+00,-1.595636e+00,-5.559656e-01,-3.267889e-01
1.390947e+00,7.595681e+00,1.206094e+00,-1.900865e+00,-7.279739e-01,-1.925974e-01
2.799060e+00,9.210863e+00,-8.743077e-02,-2.261654e+00,-8.894907e-01,-1.347989e-01
3.419013e+00,9.914716e+00,-1.321820e+00,-2.974548e+00,-1.667482e+00,-2.126972e-01
2.014919e+00,9.730598e+00,2.809513e-01,-3.481404e+00,-1.912265e+00,-5.855021e-02
2.102510e+00,1.654236e+01,-1.620766e+00,-4.261099e+00,-2.415255e+00,3.367605e-01
1.612064e-01,1.886259e+01,3.716696e-01,-4.707880e+00,-2.942523e+00,1.052972e-01
-3.259358e+00,2.371352e+01,1.545922e+01,-4.959625e+00,-2.493090e+00,8.779950e-02
-5.892914e+00,2.360220e+01,1.920381e+01,-3.414913e+00,-1.311869e+00,-5.844560e-03
1.254727e-01,3.683668e+00,2.169355e+01,-1.620539e+00,7.419365e-01,2.625728e-01
6.755556e+00,8.216864e+00,1.155299e+01,-1.327919e+00,1.250201e+00,2.977227e-01
2.264693e+00,7.654969e+00,1.273007e+01,1.378518e+00,1.060873e+00,-3.661359e-01
1.887617e+00,3.580579e+00,1.096360e+01,2.541156e+00,1.407621e+00,-2.972757e-01
3.840952e+00,8.242904e-01,8.562226e+00,4.061225e+00,1.893614e+00,-5.772682e-01
3.445051e+00,9.210973e-01,8.426633e+00,4.896906e+00,1.703127e+00,-3.315027e-01
3.564608e+00,2.235680e-01,7.848097e+00,6.149255e+00,1.508438e+00,-1.723937e-01
4.798790e+00,6.946261e-01,8.441969e+00,6.675861e+00,1.204927e+00,-1.644168e-01
6.323573e+00,1.465070e+00,1.158398e+01,7.605749e+00,2.663224e-01,-1.886915e-01
6.270229e+00,2.277988e+00,1.271255e+01,8.052947e+00,-3.499902e-01,-3.975233e-01
2.698796e+00,6.725880e-01,9.651985e+00,7.958019e+00,-8.297678e-01,-8.918589e-01
-6.555791e+00,5.309215e+00,8.776277e+00,6.996843e+00,-7.115435e-01,-6.960097e-01
-1.066686e+01,3.927079e+00,8.381486e+00,4.894856e+00,1.590693e+00,1.364434e-01
-4.046384e+00,-5.212224e+00,4.301806e+00,2.928431e+00,2.864840e+00,7.422332e-01
6.162886e+00,-7.406308e+00,1.991062e-01,-1.536594e+00,2.473070e+00,5.018599e-01
1.040881e+01,-5.240487e+00,5.356880e+00,-3.704495e+00,7.745197e-01,-1.328604e-01
5.423095e+00,2.322777e+01,1.133447e+01,-4.198012e+00,-1.294988e+00,-8.704956e-01
3.762883e+00,3.065250e+01,-4.899717e+00,-5.011437e-01,-8.324054e-01,2.794831e-01
-1.814644e+01,-1.270911e+01,8.815708e+00,-3.260842e+00,-1.404493e+00,-9.877314e-01
3.785295e+00,-3.015374e-01,1.424026e+01,-3.917210e+00,1.874605e+00,6.852246e-01
4.916310e+00,1.307314e+01,7.576973e+00,-2.145956e+00,-1.178168e+00,-5.878864e-01
9.327072e-01,1.108722e+01,9.623868e+00,-1.933318e+00,-2.533373e+00,-5.789332e-01
-1.307454e+01,9.556413e+00,6.611921e+00,-1.275400e+00,-1.322676e+00,-9.898416e-02
-1.156780e+01,1.018555e+01,6.508019e+00,-1.115497e+00,4.014350e-01,2.634836e-01
-2.578353e+00,9.481040e+00,5.568717e+00,-8.400116e-01,1.700749e+00,6.442194e-01
1.648609e+00,7.907811e+00,5.510000e+00,-7.858293e-01,1.669248e+00,6.009228e-01
4.740796e+00,8.290921e+00,4.945174e+00,-6.738101e-01,1.088258e+00,3.941285e-01
5.776396e+00,8.857326e+00,3.950464e+00,-6.515896e-01,4.124641e-01,1.401481e-01
3.926921e+00,8.573465e+00,2.018235e+00,-7.398331e-01,-6.728390e-01,-3.053388e-01
8.878603e-01,8.029358e+00,7.818289e-01,-9.626492e-01,-1.061089e+00,-4.360509e-01
-3.656718e+00,6.987653e+00,2.792062e+00,-1.189158e+00,-7.025619e-01,-2.956552e-01
-1.026131e+00,8.658243e+00,4.026351e+00,-1.320255e+00,-1.291071e-01,-6.079208e-02
1.641226e+00,8.283761e+00,2.563161e+00,-1.474570e+00,6.688413e-02,8.365550e-02
3.401966e+00,8.737971e+00,1.934676e+00,-1.708593e+00,-1.206343e-01,1.300000e-01
5.064879e+00,1.033641e+01,3.351499e-01,-2.251021e+00,-1.153993e+00,-5.070676e-02
1.982267e+00,1.043213e+01,3.019416e-01,-2.603410e+00,-1.626585e+00,-2.381005e-02
2.302222e+00,1.198746e+01,1.586825e+00,-3.090425e+00,-1.488401e+00,1.989040e-01
5.973483e+00,1.386023e+01,-1.109478e+00,-3.296049e+00,-1.624778e+00,3.311037e-01
3.952163e+00,1.464997e+01,-2.466809e+00,-3.816836e+00,-2.408105e+00,1.760380e-01
2.059612e-01,1.270546e+01,1.371976e+00,-4.318960e+00,-3.003241e+00,-1.559678e-01
-4.534613e+00,2.550494e+01,1.496674e+01,-3.874352e+00,-2.638124e+00,-9.538129e-02
-8.056802e+00,2.110812e+01,1.795447e+01,-2.251026e+00,-1.492853e+00,1.606237e-01
-2.726558e+00,4.087347e+00,1.586716e+01,-1.589984e+00,6.945935e-01,7.057865e-01
2.498746e+00,1.324463e+01,1.146942e+01,-6.854106e-01,1.234930e+00,8.489144e-01
-1.143249e+00,6.206094e+00,1.284874e+01,1.771912e+00,1.230764e+00,5.574442e-01
-1.306626e+00,4.480086e+00,1.187469e+01,2.786514e+00,1.598762e+00,6.389240e-01
1.634556e+00,2.203814e+00,1.026597e+01,4.334563e+00,2.072401e+00,5.162433e-01
2.436920e+00,1.528663e+00,1.008949e+01,4.963180e+00,2.014881e+00,5.469982e-01
3.808431e+00,1.717894e+00,9.807638e+00,6.194972e+00,1.569046e+00,5.604358e-01
4.685468e+00,7.474626e-01,9.814410e+00,6.894855e+00,1.102006e+00,3.522415e-01
4.419714e+00,1.442641e+00,1.187071e+01,7.615477e+00,7.435205e-01,-9.501860e-02
4.324305e+00,2.876925e+00,1.165319e+01,7.767772e+00,6.575386e-01,-2.625988e-01
1.195773e+00,3.820003e+00,8.367105e+00,7.343602e+00,6.370708e-01,-5.508428e-01
-4.263478e+00,5.122532e+00,8.302883e+00,6.496766e+00,6.759301e-01,-4.140812e-01
-7.842306e+00,2.440345e+00,5.896970e+00,4.381832e+00,2.051717e+00,2.948317e-01
-3.463110e-01,-4.402548e+00,6.698468e-01,2.384888e+00,2.702616e+00,4.002589e-01
7.275291e+00,-5.643733e+00,1.754453e+00,-1.347862e+00,1.140066e+00,-1.281345e-01
5.023279e+00,-3.457703e+00,6.814370e+00,-3.261650e+00,-4.357894e-01,-7.646538e-01
9.474071e+00,3.152982e+01,1.730194e+00,-3.004595e+00,-8.176489e-01,-4.221589e-01
3.752415e+00,2.126170e+01,1.101966e-01,-9.820171e-01,-5.315323e-01,-3.281233e-01
-8.477797e+00,3.919390e-01,1.531805e+01,-3.848109e+00,1.818672e+00,3.624484e-01
-1.452302e+00,1.181989e+01,1.818499e+01,-3.725775e+00,3.622103e+00,8.072178e-01
1.146530e+01,8.167996e+00,5.143838e+00,-1.603788e+00,6.235314e-01,-2.135361e-01
7.563689e+00,6.929981e+00,5.921494e+00,-1.558589e+00,-1.212079e+00,-7.585315e-01
-8.174227e+00,1.031640e+01,5.614808e+00,-1.280512e+00,-7.054237e-01,-4.570837e-01
-3.659036e+00,1.078906e+01,5.038748e+00,-1.213259e+00,4.543384e-01,-1.365833e-01
3.825976e+00,9.235917e+00,3.393412e+00,-1.095988e+00,4.940054e-01,-1.062618e-01
3.390000e+00,8.985098e+00,3.330000e+00,-1.041192e+00,-2.367454e-01,-2.992633e-01
-3.778096e-01,8.983561e+00,3.917808e+00,-9.832348e-01,-8.703769e-01,-4.459150e-01
-1.326734e+00,8.326227e+00,3.706227e+00,-1.001424e+00,-7.607733e-01,-4.163542e-01
8.874420e-01,7.997803e+00,2.349142e+00,-1.184872e+00,-6.144546e-01,-3.198627e-01
6.057356e-01,7.991457e+00,2.154580e+00,-1.350032e+00,-7.815145e-01,-3.463008e-01
-9.725164e-01,7.994558e+00,4.411838e+00,-1.480305e+00,-7.155339e-01,-2.838635e-01
-3.294111e-02,8.782032e+00,5.400481e+00,-1.490293e+00,-5.276861e-01,-1.856959e-01
1.057085e-01,9.707796e+00,3.699520e+00,-1.458273e+00,-4.439493e-01,-1.417270e-01
8.877023e-02,8.031764e+00,2.075466e+00,-1.588627e+00,-3.708472e-01,-4.369040e-02
5.873123e+00,9.554400e+00,-2.393618e-01,-2.166374e+00,-6.168135e-01,-3.354502e-02
4.205065e+00,9.947698e+00,3.684973e-01,-2.577551e+00,-1.284469e+00,-1.202886e-01
2.600639e+00,1.130847e+01,7.158784e-01,-3.141122e+00,-1.534055e+00,1.038957e-01
6.079538e+00,1.211899e+01,-1.379305e+00,-3.440889e+00,-1.519420e+00,2.772431e-01
6.635469e+00,1.871562e+01,-3.136700e+00,-4.235767e+00,-2.753163e+00,3.341435e-01
-7.459868e-01,1.672108e+01,4.567370e+00,-4.667681e+00,-3.769772e+00,-3.311990e-02
-9.339292e+00,2.658132e+01,1.846464e+01,-4.284075e+00,-2.735939e+00,1.176089e-01
-1.259858e+01,1.426644e+01,2.029988e+01,-2.412451e+00,-9.290975e-01,5.339682e-01
7.412782e-01,7.551389e+00,1.536684e+01,-1.633590e+00,1.835189e+00,1.309168e+00
2.627344e+00,1.269119e+01,1.297789e+01,-9.792134e-02,1.803823e+00,1.115615e+00
-2.593944e-01,4.019698e+00,1.376758e+01,2.132085e+00,1.795463e+00,1.013273e+00
5.831606e-01,1.797613e+00,1.154339e+01,3.366135e+00,1.831992e+00,1.216685e+00
3.081335e-01,4.611988e-01,1.031730e+01,4.792278e+00,1.939960e+00,8.727762e-01
1.049081e+00,1.356973e+00,1.046882e+01,5.443354e+00,1.642881e+00,1.424758e+00
1.319811e+00,1.858696e-01,9.581992e+00,6.626700e+00,1.281894e+00,1.268240e+00
2.028566e+00,9.966317e-01,1.062923e+01,7.080660e+00,1.151735e+00,1.017067e+00
4.039770e+00,2.886232e+00,1.143531e+01,7.466824e+00,1.036523e+00,6.585896e-01
4.039009e+00,3.342224e+00,1.121333e+01,7.647175e+00,8.515387e-01,2.909103e-01
1.220872e+00,2.308874e+00,8.756867e+00,7.256694e+00,9.619171e-01,-1.912951e-01
-9.616605e-01,4.120178e+00,8.402602e+00,6.404825e+00,1.173673e+00,-9.521891e-02
6.489650e-01,2.050131e+00,4.901282e+00,4.445098e+00,1.071743e+00,-2.014443e-03
-6.382009e-01,6.050401e-01,3.310462e+00,2.768907e+00,5.027357e-01,3.452753e-02
3.517311e+00,-3.766082e+00,5.870723e-01,-2.270803e-01,-5.993228e-02,-6.505237e-01
3.198668e+00,-4.391754e+00,4.638312e+00,-2.113888e+00,-8.853342e-01,-1.203160e+00
-7.523131e-03,2.261804e+01,6.239126e-01,-3.443480e+00,-1.445913e+00,-7.923987e-01
-3.302434e-01,3.389534e+01,4.695557e+00,-1.961403e+00,-8.965810e-01,-1.877703e-01
-6.131555e+00,-4.619548e+00,1.275551e+01,-3.246126e+00,2.438993e+00,6.901577e-01
2.879501e+00,-6.016585e-01,1.601686e+01,-3.107971e+00,3.895065e+00,8.505822e-01
1.235403e+01,2.070332e+01,8.934801e+00,-2.135456e+00,1.752508e+00,1.282556e-01
4.633761e+00,1.163441e+01,7.018441e+00,-1.407906e+00,-6.457585e-01,-5.105082e-01
-6.200091e+00,6.415878e+00,6.362613e+00,-1.200126e+00,1.662203e-01,-5.702471e-02
-4.056743e+00,1.066300e+01,7.490837e+00,-1.028015e+00,1.626874e+00,1.667366e-01
7.208977e+00,1.082316e+01,3.510413e+00,-7.469029e-01,1.665967e+00,2.665459e-01
5.031546e+00,8.179103e+00,2.137963e+00,-6.712030e-01,2.856259e-01,-1.309542e-01
6.986868e-03,9.746636e+00,2.005082e+00,-7.583572e-01,-5.666771e-01,-3.965016e-01
-1.085437e+00,9.575922e+00,2.304078e+00,-8.131849e-01,-4.208444e-01,-4.380482e-01
-6.268031e-01,9.355316e+00,3.004541e+00,-9.145774e-01,5.660597e-02,-2.835664e-01
5.341056e-01,8.238413e+00,3.380073e+00,-9.384048e-01,7.263399e-02,-2.894468e-01
2.555029e-01,7.443257e+00,3.871275e+00,-1.022503e+00,-2.969581e-01,-4.071974e-01
-6.998043e-01,7.288757e+00,4.350524e+00,-1.094549e+00,-3.346093e-01,-4.273570e-01
1.835453e+00,8.889695e+00,3.118182e+00,-1.255492e+00,-3.034384e-01,-5.347137e-01
3.544062e+00,9.768093e+00,2.356290e+00,-1.418331e+00,-5.566862e-01,-4.676464e-01
3.458790e+00,8.271180e+00,1.643795e+00,-1.939188e+00,-1.254984e+00,-4.162769e-01
2.630318e+00,8.506902e+00,-6.041559e-01,-2.414616e+00,-1.572089e+00,-2.519690e-01
-1.125626e-01,1.314541e+01,-2.499895e+00,-3.171396e+00,-1.901402e+00,-1.163982e-01
2.537368e+00,1.557162e+01,-4.905835e-01,-3.615297e+00,-1.777934e+00,-3.078510e-01
9.104714e+00,1.913901e+01,-3.967809e-01,-4.715650e+00,-3.236297e+00,-8.767685e-01
6.058596e-01,1.658966e+01,1.242142e+01,-4.343427e+00,-4.613504e+00,-1.364513e+00
-5.327207e+00,1.360897e+01,1.979361e+01,-3.571759e+00,-3.113101e+00,-1.444696e+00
-3.628366e+00,7.521565e+00,1.625548e+01,-2.803668e+00,-1.468514e+00,-1.112536e+00
3.864908e+00,9.027916e+00,9.142674e+00,-1.486597e+00,2.673122e-01,-1.239678e+00
3.285822e+00,6.692660e+00,9.040364e+00,7.441434e-03,5.921139e-01,-1.746289e+00
3.032414e+00,3.187586e+00,7.376544e+00,1.464167e+00,1.056325e+00,-1.526825e+00
2.697236e+00,2.568027e+00,7.004346e+00,2.211919e+00,1.368102e+00,-1.476335e+00
1.896815e+00,1.854014e+00,6.836049e+00,3.363200e+00,2.077802e+00,-1.293588e+00
3.467178e+00,3.139606e+00,7.255595e+00,4.038479e+00,2.371199e+00,-1.068255e+00
6.964765e+00,3.461066e+00,7.350462e+00,5.134644e+00,2.043569e+00,-7.944412e-01
9.067538e+00,3.156586e+00,7.558531e+00,5.736131e+00,1.150961e+00,-5.252496e-01
1.025151e+01,4.179264e+00,8.699777e+00,6.381894e+00,-1.034545e+00,-5.019871e-01
6.845222e+00,4.453067e+00,1.025419e+01,6.478274e+00,-1.976127e+00,-7.199093e-01
-1.284609e-01,6.502307e+00,9.034616e+00,6.055387e+00,-2.076782e+00,-1.018928e+00
-4.285155e+00,7.290027e+00,6.606840e+00,5.473669e+00,-1.477404e+00,-1.138045e+00
1.096622e-01,1.223364e+00,4.323247e+00,3.650921e+00,-9.429233e-01,-8.541920e-01
2.666928e+00,-2.275812e+00,-2.337683e+00,1.787820e+00,-1.419066e+00,-5.014356e-01
1.048901e+00,-5.022605e+00,-6.926309e-01,-2.011027e+00,-2.258899e+00,-6.989645e-01
7.187683e-01,9.381988e+00,2.313561e+00,-3.472250e+00,-2.055867e+00,-3.596785e-01
-1.964006e+00,3.400920e+01,2.168294e+00,-9.053187e-01,-1.648997e+00,-8.905811e-01
-1.768582e+01,-2.127362e+00,7.085406e+00,-1.776265e+00,-3.956160e-01,-3.193033e-01
7.122956e-01,7.533185e+00,1.296019e+01,-2.316120e+00,2.808122e+00,9.562671e-01
7.699042e+00,1.397293e+01,9.263832e+00,-1.740485e+00,2.091805e+00,4.947330e-01
7.199338e+00,8.306290e+00,5.197837e+00,-1.277080e+00,-8.454250e-01,-3.438990e-01
-1.000492e+00,7.557520e+00,4.550811e+00,-1.283185e+00,-1.560443e+00,-5.040895e-01
-6.772799e+00,1.123506e+01,4.694305e+00,-1.064445e+00,-1.093240e+00,-1.976062e-01
-4.868874e+00,9.771362e+00,4.841675e+00,-9.537577e-01,-4.324671e-01,4.614028e-04
3.221027e+00,9.009174e+00,2.207165e+00,-8.918988e-01,-2.745854e-01,1.500843e-01
-1.097628e-01,8.774545e+00,3.654162e+00,-9.353450e-01,-7.052615e-01,7.126320e-02
-9.978893e-01,8.809870e+00,2.735016e+00,-9.437361e-01,-9.647095e-01,-1.159584e-01
-1.191699e+00,9.023641e+00,2.615121e+00,-1.022973e+00,-9.808192e-01,-1.269719e-01
-1.138341e+00,8.088218e+00,2.594777e+00,-1.194589e+00,-8.895346e-01,-1.315965e-01
-1.073717e+00,8.815220e+00,2.873893e+00,-1.281331e+00,-7.819293e-01,-9.667723e-02
-1.232640e+00,8.359168e+00,4.065925e+00,-1.328406e+00,-6.132040e-01,-1.277778e-01
-2.775770e-01,7.980650e+00,4.450519e+00,-1.403231e+00,-5.489609e-01,-1.190329e-01
1.412762e+00,7.852089e+00,5.156940e+00,-1.496999e+00,-7.398886e-01,-1.900846e-01
3.252515e-01,8.260229e+00,5.282675e+00,-1.536636e+00,-8.793607e-01,-2.011111e-01
-1.422106e-01,8.831199e+00,5.019653e+00,-1.608138e+00,-8.412799e-01,-1.073125e-01
9.370681e-01,9.532364e+00,4.453720e+00,-1.716466e+00,-8.676247e-01,-4.541139e-02
1.382334e+00,9.805815e+00,4.056741e+00,-1.937775e+00,-1.151966e+00,-4.098403e-02
1.986747e+00,1.011014e+01,3.598018e+00,-2.105957e+00,-1.348432e+00,-4.408700e-02
5.555367e+00,1.042169e+01,1.393555e+00,-2.441487e+00,-1.831136e+00,-1.162832e-01
7.517190e+00,1.035070e+01,3.843251e-01,-2.724579e+00,-2.333386e+00,-2.044451e-01
2.084127e+00,1.223233e+01,-1.684114e-01,-3.534532e+00,-3.927326e+00,-2.401524e-01
-6.263744e+00,1.438690e+01,3.869389e+00,-4.074414e+00,-4.141557e+00,-2.522460e-01
-1.006703e+01,2.211884e+01,1.401758e+01,-4.145287e+00,-2.576526e+00,4.707616e-01
-1.010575e+01,2.384198e+01,1.703425e+01,-2.873244e+00,-9.640719e-01,7.754325e-01
1.947607e+00,3.840423e+00,1.775305e+01,-1.465173e+00,1.348741e+00,1.160450e+00
6.811020e+00,8.248706e+00,1.086397e+01,-1.342944e+00,1.381431e+00,9.419083e-01
3.148932e+00,8.475910e+00,1.114169e+01,8.421431e-01,3.244102e-01,3.192624e-01
6.035223e-01,5.802665e+00,1.053447e+01,2.083728e+00,3.390309e-01,1.006794e-01
1.105032e+00,2.468990e+00,9.472236e+00,3.780962e+00,1.063244e+00,-2.181085e-01
1.631933e+00,1.957395e+00,1.003790e+01,4.529004e+00,1.383998e+00,-3.253375e-01
2.286307e+00,2.011056e+00,9.647385e+00,5.693805e+00,1.496495e+00,-3.083543e-01
2.250917e+00,2.675214e+00,1.038499e+01,6.495477e+00,1.385533e+00,-3.281211e-01
2.319831e+00,2.145465e+00,1.231935e+01,7.693239e+00,1.251706e+00,-4.124964e-01
3.085708e+00,3.142468e+00,1.408586e+01,8.174878e+00,1.290647e+00,-3.960528e-01
6.029861e+00,8.489407e+00,1.405143e+01,8.619383e+00,9.437747e-01,-1.490957e-01
3.659735e+00,8.697278e+00,8.964732e+00,8.092563e+00,7.205693e-01,-4.692272e-01
-1.103896e+01,3.751807e+00,6.110767e+00,6.088925e+00,1.114996e+00,-2.262862e-01
-8.474206e+00,-5.371036e+00,4.626450e+00,4.196328e+00,3.244375e+00,2.349418e-01
4.539337e+00,-9.563745e+00,-6.985400e-01,-4.150237e-01,3.707264e+00,7.359200e-01
1.011764e+01,-3.685744e+00,4.031757e+00,-3.040431e+00,1.943499e+00,8.149840e-02
3.171116e+01,3.518880e+01,-1.789505e+00,-2.137058e+00,-1.378004e-01,1.153004e-01
7.895264e-01,3.405459e+00,6.472219e+00,-2.833359e+00,-3.147059e+00,-2.385090e+00
-7.047948e+00,-1.211808e+00,1.255072e+01,-3.382603e+00,-1.197711e+00,-2.987385e-01
-1.550731e+01,1.059424e+01,1.779523e+01,-3.090468e+00,1.830843e-01,-1.660633e-01
-8.656222e-01,1.601264e+01,1.007573e+01,-1.590172e+00,2.863926e+00,8.438225e-01
6.521595e+00,5.009160e+00,5.257166e+00,-1.042546e+00,2.827003e+00,8.780847e-01
9.209816e+00,1.065401e+01,3.712212e+00,-1.240323e+00,1.660019e+00,2.032213e-01
7.193551e+00,1.194147e+01,3.845387e+00,-1.042591e+00,1.156921e-01,-2.470458e-01
1.468418e+00,8.799886e+00,3.416493e+00,-1.014912e+00,-1.489968e+00,-6.835095e-01
-4.794829e+00,8.888707e+00,3.641902e+00,-9.835183e-01,-1.354117e+00,-5.231465e-01
-3.875590e+00,9.980689e+00,3.320709e+00,-9.615116e-01,-6.716026e-02,-5.440953e-02
9.609822e-02,9.256239e+00,1.896239e+00,-9.617310e-01,2.381669e-01,4.304483e-02
2.896935e+00,8.112663e+00,6.551085e-01,-1.247304e+00,-1.682672e-01,-5.475713e-02
2.082013e+00,7.846789e+00,1.242150e+00,-1.453958e+00,-6.648014e-01,-1.919188e-01
-1.130730e+00,8.755618e+00,3.279925e+00,-1.687058e+00,-8.755882e-01,-1.889132e-01
-3.030302e-01,9.794932e+00,4.809168e+00,-1.660057e+00,-6.347754e-01,-1.218990e-01
5.065775e-02,9.053048e+00,4.634375e+00,-1.542699e+00,-7.348849e-02,2.513347e-02
2.966895e+00,8.759919e+00,2.256673e+00,-1.693833e+00,-1.990848e-02,1.050123e-01
4.312893e+00,1.041740e+01,1.925951e-01,-2.197989e+00,-7.551591e-01,1.936817e-02
1.969889e+00,9.844317e+00,1.241919e+00,-2.502336e+00,-1.165236e+00,-6.344412e-02
2.993641e+00,1.062502e+01,2.041166e+00,-3.042341e+00,-1.155422e+00,1.915856e-01
5.876853e+00,1.546773e+01,-1.973441e+00,-3.399298e+00,-1.428913e+00,3.753214e-01
2.069637e+00,1.547936e+01,-1.444214e+00,-3.872398e+00,-2.533996e+00,2.339140e-01
-4.337872e+00,1.388118e+01,6.647789e+00,-4.264058e+00,-3.232120e+00,2.133269e-01
-9.059351e+00,2.548582e+01,1.613809e+01,-3.825603e+00,-1.929130e+00,6.064240e-01
-8.405465e+00,2.120371e+01,1.551667e+01,-1.921418e+00,-5.029421e-01,8.305079e-01
1.510915e+00,3.287263e+00,1.493395e+01,-7.891807e-01,1.601380e+00,1.044989e+00
5.695519e+00,1.254848e+01,8.666288e+00,5.749130e-02,1.340194e+00,9.935822e-01
1.203057e+00,6.185231e+00,1.132608e+01,2.416324e+00,6.700914e-01,3.920462e-01
3.734890e-01,3.738964e+00,1.004934e+01,3.464646e+00,7.834027e-01,3.228904e-01
1.867978e+00,2.007750e+00,9.571800e+00,4.905791e+00,1.007478e+00,3.837303e-03
2.099370e+00,1.046614e+00,9.846732e+00,5.497198e+00,1.053645e+00,-1.190933e-01
1.810438e+00,2.201730e+00,1.012087e+01,6.470073e+00,8.566131e-01,-2.256994e-01
9.662789e-01,3.433669e+00,1.140553e+01,7.196289e+00,7.191506e-01,-3.615919e-01
9.489960e-01,4.383437e+00,1.424932e+01,8.053588e+00,1.080064e+00,-4.370102e-01
2.676084e+00,7.207383e+00,1.282827e+01,8.149654e+00,1.378082e+00,-3.234040e-01
9.278623e-01,7.104986e+00,8.648149e+00,7.013023e+00,1.383967e+00,-7.939441e-01
-5.726596e+00,2.629902e+00,5.296217e+00,5.306069e+00,1.652769e+00,-9.454522e-01
-3.415690e+00,-7.662950e+00,1.545043e+00,1.844712e+00,2.762598e+00,-6.481581e-03
-8.018888e-01,-1.045672e+01,1.055645e+00,-8.199544e-01,2.628032e+00,1.674876e-01
9.523123e+00,2.051152e+01,3.176791e+00,-3.333178e+00,2.309365e+00,3.906427e-01
3.134583e+01,3.676598e+01,-1.607210e+00,-1.740322e+00,2.311002e+00,1.145356e+00
-2.491631e+00,-4.459135e+00,1.113242e+01,-3.377202e+00,-7.153060e-01,-1.044321e+00
-3.117238e+00,2.872848e-01,1.164755e+01,-3.222758e+00,5.701543e-01,5.302403e-02
-7.459546e+00,1.961717e+01,1.498057e+01,-2.444582e+00,6.394276e-01,-6.397117e-01
1.686610e+00,1.288440e+01,6.967090e+00,-1.557892e+00,7.607924e-01,-3.041485e-01
-9.992446e-02,4.386021e+00,4.421481e+00,-1.359993e+00,8.704087e-01,1.640804e-01
-1.204495e+00,1.106895e+01,5.091892e+00,-1.228560e+00,1.525027e+00,1.776981e-01
6.550852e+00,1.070053e+01,3.567213e+00,-1.079419e+00,9.944024e-01,5.130149e-02
3.843540e+00,7.964674e+00,2.931826e+00,-1.088791e+00,-7.065083e-02,-2.744936e-01
-7.998398e-01,9.108009e+00,4.058467e+00,-1.101787e+00,-4.886419e-01,-3.339401e-01
-1.673979e+00,1.027402e+01,3.586005e+00,-1.024008e+00,-2.434543e-01,-3.144013e-01
-3.031725e-01,8.606545e+00,2.049312e+00,-1.092866e+00,9.308068e-02,-1.824093e-01
1.636101e+00,8.568094e+00,8.303829e-01,-1.258152e+00,-5.857457e-02,-2.415530e-01
1.846560e-01,9.311662e+00,3.126407e+00,-1.523257e+00,-5.061229e-01,-3.512903e-01
-1.260855e+00,8.625449e+00,4.898411e+00,-1.558049e+00,-4.673174e-01,-3.430354e-01
1.104841e+00,9.733117e+00,5.164414e+00,-1.600109e+00,1.252674e-01,4.284377e-02
3.299047e+00,8.657908e+00,2.147147e+00,-1.702728e+00,8.151753e-02,1.297380e-01
3.253390e+00,9.277380e+00,3.743548e-02,-2.198401e+00,-5.666202e-01,4.588560e-02
2.728751e+00,1.071295e+01,1.096810e-01,-2.600365e+00,-1.125335e+00,-9.201371e-02
1.651233e+00,1.028691e+01,1.367326e+00,-3.156939e+00,-1.498626e+00,4.235091e-02
6.248020e+00,1.184136e+01,-1.479367e-01,-3.513128e+00,-1.598266e+00,9.990511e-02
5.797941e+00,1.557503e+01,-2.897919e+00,-4.009396e+00,-2.897840e+00,-1.436203e-01
-3.780820e+00,1.395178e+01,7.420031e+00,-4.501344e+00,-4.305064e+00,-3.742304e-01
-1.144668e+01,2.733281e+01,1.777670e+01,-3.918517e+00,-2.813153e+00,6.279153e-02
-1.318811e+01,2.180382e+01,1.678592e+01,-2.156229e+00,-1.185008e+00,5.160531e-01
2.185186e+00,2.745744e+00,1.568600e+01,-9.171411e-01,2.147482e+00,9.657888e-01
8.559858e+00,8.092803e+00,1.019795e+01,-2.631860e-01,2.232796e+00,7.710596e-01
6.657118e+00,6.171509e+00,1.014594e+01,1.923964e+00,1.040900e+00,-5.280984e-02
3.851977e+00,3.630841e+00,7.706727e+00,2.705428e+00,7.153974e-01,-2.261919e-01
2.107908e+00,1.475882e+00,8.118154e+00,4.063568e+00,8.354558e-01,-7.084995e-01
1.991703e+00,1.045064e+00,8.931830e+00,4.850369e+00,1.208388e+00,-8.963166e-01
2.937284e+00,2.620601e+00,9.057935e+00,5.905034e+00,1.389323e+00,-7.995511e-01
3.593628e+00,3.630538e+00,1.011016e+01,6.491390e+00,1.335008e+00,-7.609284e-01
4.797177e+00,3.877546e+00,1.326008e+01,7.685316e+00,9.131449e-01,-5.960155e-01
5.528631e+00,5.641832e+00,1.391303e+01,8.095333e+00,3.814542e-01,-4.429154e-01
1.782386e+00,6.582770e+00,1.164163e+01,7.617560e+00,-3.288175e-01,-5.341893e-01
-4.516848e+00,5.130409e+00,7.537581e+00,6.306484e+00,-3.775176e-01,-5.546607e-01
-1.682161e+01,-6.991931e+00,5.731438e+00,2.673902e+00,2.512306e+00,-1.412043e-01
-6.142513e+00,-9.949683e+00,8.847887e+00,-1.195425e-01,4.312054e+00,8.180377e-01
1.572902e+01,1.664017e+01,2.869385e+00,-3.240607e+00,3.190617e+00,8.163143e-01
3.641837e+01,3.806832e+01,-4.656822e+00,-1.402718e+00,2.206085e+00,1.088968e+00
-5.037306e+00,-8.155783e+00,9.035514e+00,-2.677224e+00,-2.184269e+00,-1.742953e+00
-5.167143e+00,8.479922e-01,1.061657e+01,-3.096922e+00,-7.691590e-01,-2.752136e-01
-1.252990e+01,1.905564e+01,1.438918e+01,-2.425955e+00,3.992191e-01,-5.960029e-01
-2.691663e+00,1.496441e+01,9.309469e+00,-1.433179e+00,1.260582e+00,3.495945e-02
2.107474e+00,6.610069e+00,4.158142e+00,-1.252540e+00,1.346760e+00,3.312232e-01
2.171025e+00,1.209507e+01,3.245265e+00,-1.109494e+00,1.389302e+00,2.147893e-01
4.517205e+00,9.652979e+00,2.643749e+00,-1.139974e+00,3.077495e-01,-1.174844e-01
1.556569e+00,8.627207e+00,2.828020e+00,-1.170559e+00,-5.255766e-01,-3.272122e-01
-7.260328e-01,9.644973e+00,2.993387e+00,-1.233949e+00,-4.422564e-01,-2.231357e-01
3.045908e-02,1.036745e+01,2.348518e+00,-1.256722e+00,-2.619460e-01,-1.773878e-01
2.194852e+00,8.680139e+00,4.079532e-01,-1.434450e+00,-4.974913e-01,-3.038236e-01
3.767859e-01,8.832978e+00,9.759321e-01,-1.610825e+00,-8.713716e-01,-3.551867e-01
-2.918332e+00,7.895123e+00,4.831020e+00,-1.725636e+00,-8.189760e-01,-3.608392e-01
-1.183215e+00,8.447814e+00,6.304260e+00,-1.693132e+00,-2.971681e-01,-1.907506e-01
2.743630e+00,9.785481e+00,4.726996e+00,-1.637946e+00,-1.529270e-02,9.000499e-02
3.031438e+00,8.451300e+00,2.507934e+00,-1.703991e+00,-1.259834e-01,1.323401e-01
2.870063e+00,9.378803e+00,-9.681083e-01,-2.246599e+00,-7.369356e-01,7.081939e-02
1.885476e+00,9.856589e+00,-6.693040e-01,-2.655511e+00,-1.198639e+00,-4.451765e-02
2.847878e+00,9.558913e+00,1.152590e+00,-3.226376e+00,-1.312042e+00,1.405362e-01
6.528034e+00,1.257570e+01,-1.650306e+00,-3.594900e+00,-1.549225e+00,2.229389e-01
2.845278e+00,1.523428e+01,-2.346326e-01,-4.144315e+00,-2.997845e+00,-2.178092e-01
-4.100483e+00,1.606636e+01,1.093421e+01,-4.578751e+00,-3.891885e+00,-4.363767e-01
-6.629421e+00,2.284397e+01,1.664102e+01,-3.465545e+00,-2.448190e+00,-1.715012e-01
-8.646590e+00,1.570343e+01,1.567045e+01,-1.838432e+00,-1.177566e+00,1.909237e-02
4.420932e+00,5.124762e+00,1.173458e+01,-9.957154e-01,1.208954e+00,1.743728e-01
8.029541e+00,9.266689e+00,8.917885e+00,-5.119541e-02,1.217839e+00,-4.305802e-02
3.602955e+00,5.905588e+00,1.036060e+01,2.148131e+00,6.629968e-01,-6.818964e-01
2.207448e+00,3.022981e+00,8.335534e+00,3.088186e+00,7.988336e-01,-6.954743e-01
1.606772e+00,1.215128e+00,8.535420e+00,4.273699e+00,1.375358e+00,-9.675149e-01
1.804874e+00,1.450122e+00,8.888251e+00,4.922525e+00,1.724190e+00,-9.354758e-01
3.066138e+00,2.256806e+00,9.816806e+00,6.053710e+00,1.941773e+00,-7.497400e-01
4.191249e+00,2.817021e+00,1.039199e+01,6.789107e+00,1.835406e+00,-6.847842e-01
7.134459e+00,3.909645e+00,1.344119e+01,7.823453e+00,1.033633e+00,-4.531716e-01
8.800653e+00,7.822938e+00,1.099033e+01,7.939987e+00,3.911835e-01,-4.121724e-01
8.199903e-01,8.003116e+00,8.442218e+00,6.955515e+00,-9.937136e-01,-9.496388e-01
-1.128482e+01,2.766614e+00,5.316995e+00,5.290683e+00,-4.373710e-01,-1.021512e+00
-9.228883e+00,-1.017377e+01,1.856568e+00,1.694145e+00,3.347599e+00,3.487743e-01
3.216601e+00,-7.360883e+00,2.046855e+00,-8.997554e-01,4.016362e+00,1.158525e+00
1.220119e+01,2.772560e+01,4.587738e-01,-2.907688e+00,2.538160e+00,7.820828e-01
1.505885e+01,1.761060e+01,2.233233e+00,-2.262636e+00,1.247915e-01,-3.925785e-01
-2.825920e+00,-2.901922e+00,1.163530e+01,-3.270558e+00,-1.109925e+00,-6.247316e-01
-5.275567e+00,3.561547e+00,1.131158e+01,-2.888355e+00,-3.408314e-01,-1.467657e-02
-1.021639e+01,1.892792e+01,1.218231e+01,-2.165982e+00,8.137028e-01,-3.013229e-01
-1.559523e+00,1.181125e+01,6.501585e+00,-1.437329e+00,1.957726e+00,5.440052e-01
4.067307e+00,6.143187e+00,3.087006e+00,-1.475048e+00,1.810212e+00,3.983642e-01
4.680770e+00,1.218769e+01,3.442393e+00,-1.440379e+00,1.251763e+00,2.185711e-01
4.279894e+00,8.862216e+00,3.430018e+00,-1.438990e+00,-2.753285e-01,-2.907441e-01
3.738624e-01,7.788296e+00,3.946684e+00,-1.512658e+00,-8.836290e-01,-3.868762e-01
-9.367335e-01,9.954634e+00,4.859682e+00,-1.540243e+00,-5.748769e-01,-2.871699e-01
1.669508e-01,1.001618e+01,4.116594e+00,-1.526912e+00,-4.582756e-01,-2.683765e-01
1.709671e+00,9.040874e+00,3.780602e+00,-1.469942e+00,-6.622355e-01,-3.355556e-01
2.118922e-01,9.532695e+00,4.454054e+00,-1.472206e+00,-9.079150e-01,-3.175940e-01
-5.676946e-01,8.919962e+00,5.133885e+00,-1.398994e+00,-8.141769e-01,-3.097342e-01
-1.971839e-01,8.800699e+00,5.281130e+00,-1.399211e+00,-6.742056e-01,-2.017007e-01
9.898683e-01,9.207657e+00,2.043347e+00,-1.525232e+00,-3.277783e-01,8.550135e-02
2.733435e+00,8.530534e+00,2.560307e-01,-1.821568e+00,-3.552243e-01,1.389717e-01
3.497675e+00,9.434971e+00,-2.368337e-01,-2.527257e+00,-1.177966e+00,1.360461e-03
1.895333e+00,1.094235e+01,-1.611620e-01,-2.855483e+00,-1.590363e+00,-2.630617e-02
3.679887e+00,1.167112e+01,-2.254411e+00,-3.546200e+00,-1.911355e+00,-1.704280e-02
5.002926e+00,1.450830e+01,-2.318080e+00,-4.066208e+00,-2.550349e+00,-1.697112e-01
-3.015633e+00,1.837753e+01,1.028310e+01,-4.832946e+00,-4.124350e+00,-6.509201e-01
-6.702993e+00,2.363884e+01,1.639964e+01,-4.542958e+00,-3.967218e+00,-4.076552e-01
-1.160369e+01,1.309345e+01,1.750169e+01,-1.857956e+00,-1.316465e+00,-8.550669e-02
4.733177e-03,3.183220e+00,1.718004e+01,-1.079611e+00,1.224097e+00,3.169649e-01
8.256123e+00,1.116010e+01,1.028399e+01,4.560808e-01,1.658924e+00,-5.554799e-02
5.343772e+00,6.637699e+00,1.131064e+01,1.885598e+00,1.339002e+00,-5.643360e-01
3.530140e+00,2.774646e+00,7.375916e+00,3.438592e+00,1.491041e+00,-7.714760e-01
3.445365e+00,2.406762e+00,7.923556e+00,4.273277e+00,1.750312e+00,-9.583886e-01
4.588811e+00,2.077922e+00,9.743267e+00,5.564645e+00,1.932018e+00,-9.215685e-01
5.641291e+00,2.392759e+00,9.259647e+00,6.196103e+00,1.730244e+00,-8.483714e-01
6.647089e+00,3.032676e+00,1.131428e+01,7.277135e+00,9.646013e-01,-6.725461e-01
7.401164e+00,2.673552e+00,1.390570e+01,7.903603e+00,2.244295e-01,-6.291339e-01
7.405445e+00,7.542911e+00,1.231102e+01,7.908368e+00,-1.000999e+00,-6.688500e-01
1.170864e+00,7.467146e+00,1.130405e+01,7.415912e+00,-1.671189e+00,-1.004144e+00
-1.370518e+01,4.295001e-01,6.802074e+00,4.674356e+00,-2.578262e-01,-9.421690e-01
-1.218544e+01,-9.109271e+00,7.294511e+00,2.071549e+00,2.360357e+00,1.544895e-01
4.292253e+00,-7.494904e+00,5.400489e+00,-2.283792e+00,3.574795e+00,1.176809e+00
1.009795e+01,2.375117e+01,2.755393e+00,-3.622955e+00,2.551268e+00,7.865967e-01
1.101736e+01,8.940148e+00,2.549497e+00,-9.500232e-01,-5.859496e-01,-1.045422e+00
-3.336486e+00,-6.431372e+00,8.061069e+00,-2.587607e+00,-1.596500e+00,-1.182626e+00
-5.503596e+00,7.983092e+00,1.262575e+01,-2.807888e+00,-7.455781e-01,-3.383356e-01
-1.057862e+01,1.897126e+01,1.264037e+01,-2.316980e+00,1.722041e-01,-3.304309e-01
-3.759412e-01,4.613390e+00,5.044262e+00,-1.141353e+00,1.516797e+00,5.430165e-01
1.750313e+00,6.869930e+00,4.636122e+00,-1.192402e+00,1.847900e+00,5.666388e-01
3.296085e+00,1.247511e+01,3.798752e+00,-8.332059e-01,1.456331e+00,3.220720e-01
4.214328e+00,9.630749e+00,2.566122e+00,-8.295845e-01,8.223248e-01,4.452038e-02
1.394987e+00,9.009540e+00,1.255371e+00,-9.154967e-01,-2.435400e-01,-2.416074e-01
-4.525489e-01,8.771274e+00,5.405785e-01,-1.007060e+00,-4.636753e-01,-3.032122e-01
2.587914e-01,7.828876e+00,-6.016808e-01,-1.391702e+00,-7.709333e-01,-3.182889e-01
-4.640466e-01,6.850217e+00,-3.110539e-01,-1.693020e+00,-1.004759e+00,-3.799891e-01
-2.360578e+00,9.270000e+00,3.385871e+00,-1.985928e+00,-8.289559e-01,-2.385313e-01
8.781207e-01,9.154633e+00,5.065529e+00,-1.984844e+00,-5.622163e-01,-1.805397e-01
4.328620e+00,9.854846e+00,4.676733e+00,-2.040168e+00,-8.264802e-01,-1.237973e-01
8.750744e-01,9.944411e+00,3.296638e+00,-2.087286e+00,-1.059807e+00,-1.137020e-01
-1.081169e+00,9.268130e+00,3.763000e-03,-2.371527e+00,-1.080014e+00,-1.652493e-02
2.847653e-01,9.961426e+00,-5.836463e-01,-2.792444e+00,-1.084327e+00,5.999100e-02
1.710340e+00,9.371740e+00,1.951473e+00,-3.355711e+00,-1.087779e+00,2.162209e-01
5.140022e+00,1.139917e+01,1.119970e+00,-3.640868e+00,-1.119302e+00,2.417583e-01
6.151477e+00,1.786495e+01,-2.944922e+00,-4.277926e+00,-2.299801e+00,7.398343e-02
-4.080165e-02,1.547535e+01,3.860969e+00,-4.647503e+00,-3.743962e+00,-2.903287e-01
-6.885613e+00,2.319562e+01,1.663732e+01,-4.468421e+00,-2.919276e+00,-3.703942e-01
-8.342829e+00,2.383334e+01,1.743405e+01,-2.852694e+00,-1.548645e+00,-2.366981e-01
2.437101e+00,2.891262e+00,1.755824e+01,-1.261006e+00,1.045595e+00,3.720428e-02
8.156490e+00,9.218120e+00,1.007197e+01,-8.207531e-01,1.396549e+00,-2.569207e-02
4.452244e+00,5.757836e+00,1.078692e+01,1.558608e+00,7.788640e-01,-9.639760e-01
3.639571e+00,2.427678e+00,8.340187e+00,2.660537e+00,9.785887e-01,-1.160105e+00
3.904529e+00,1.509776e+00,7.863363e+00,3.939312e+00,1.373885e+00,-1.489462e+00
3.915246e+00,1.085482e+00,8.202013e+00,4.807114e+00,1.671632e+00,-1.590879e+00
4.508801e+00,2.447403e+00,8.288272e+00,5.832757e+00,1.731797e+00,-1.440123e+00
5.357965e+00,2.456517e+00,1.011996e+01,6.551642e+00,1.526302e+00,-1.336036e+00
7.147142e+00,2.019978e+00,1.281914e+01,7.708832e+00,5.657603e-01,-9.713827e-01
8.992634e+00,4.361786e+00,1.216390e+01,8.140169e+00,-4.296516e-01,-6.631921e-01
5.305399e+00,5.006552e+00,1.088098e+01,7.651166e+00,-2.085626e+00,-1.151957e+00
-4.030628e+00,3.971851e+00,6.825246e+00,6.135615e+00,-2.205592e+00,-1.369950e+00
-1.893887e+01,-8.577300e+00,6.244356e+00,2.876421e+00,1.083424e+00,-1.846935e-01
-7.338423e+00,-1.374432e+01,4.652607e+00,-1.798734e-01,3.872459e+00,1.365521e+00
1.264074e+01,9.829594e+00,2.396643e+00,-3.664675e+00,3.585938e+00,1.491591e+00
3.567408e+01,3.759658e+01,-6.920697e+00,-1.170732e+00,7.884660e-01,1.012134e-01
-1.073743e+01,-1.018482e+01,1.267955e+01,-2.977509e+00,-3.248779e+00,-2.175067e+00
-8.057481e-01,-4.507203e-01,1.078646e+01,-2.947085e+00,-4.946669e-01,5.577959e-01
-1.023910e+01,1.757736e+01,1.546895e+01,-2.866810e+00,7.559519e-01,-3.794606e-01
-3.160284e+00,1.335125e+01,1.030165e+01,-1.892808e+00,1.819804e+00,6.551878e-01
5.900714e+00,3.987567e+00,4.747310e+00,-1.522877e+00,1.883310e+00,4.270682e-01
8.019783e+00,1.150917e+01,4.693312e+00,-1.398553e+00,6.915230e-01,3.005823e-02
8.292441e-01,1.042416e+01,5.017251e+00,-1.286387e+00,-7.687180e-01,-3.532665e-01
1.704183e+00,9.469000e+00,3.458599e+00,-1.219257e+00,-1.104162e+00,-3.555641e-01
-6.999981e+00,6.046100e+00,6.419411e+00,-1.179192e+00,-1.984625e+00,-9.259853e-01
-9.311680e+00,1.084070e+01,4.497063e+00,-1.264979e+00,-8.138879e-01,2.937686e-01
3.397363e-01,1.129556e+01,1.651335e+00,-1.133637e+00,9.165230e-01,1.348342e-01
6.333242e+00,6.446278e+00,-5.190989e-01,-1.293986e+00,3.148427e-01,4.003897e-02
1.011915e+00,6.299952e+00,2.770916e+00,-1.786667e+00,-1.387254e+00,-6.047289e-01
-1.264804e+00,7.712531e+00,4.601671e+00,-1.968607e+00,-1.601228e+00,-6.235298e-01
-1.110944e+00,7.881888e+00,3.311281e+00,-2.130781e+00,-1.090990e+00,-3.608693e-01
-2.490968e-01,7.974785e+00,1.579058e+00,-2.349204e+00,-8.445352e-01,-8.389440e-02
1.555654e+00,9.254474e+00,1.566449e+00,-2.903314e+00,-8.504307e-01,3.111229e-02
8.911625e-01,9.196296e+00,1.892593e+00,-3.247532e+00,-1.051018e+00,6.254037e-02
5.887282e+00,1.720527e+01,-3.415261e+00,-3.960962e+00,-1.501234e+00,2.075265e-01
6.136590e+00,2.345240e+01,-2.569218e+00,-4.592707e+00,-2.457675e+00,6.945788e-02
-1.193684e+00,1.607456e+01,1.253439e+01,-4.785531e+00,-3.981198e+00,-3.975963e-01
-1.937831e+00,2.036977e+01,1.762499e+01,-4.494743e+00,-3.093615e+00,-4.877447e-01
-1.903726e+00,1.246962e+01,1.985526e+01,-1.947391e+00,-1.529581e+00,-1.069038e+00
4.363502e+00,3.018225e+00,1.379556e+01,-9.303910e-01,-6.906997e-02,-9.050148e-01
3.740410e+00,8.872549e+00,9.606944e+00,1.003455e+00,9.074360e-02,-1.702992e+00
9.346399e-01,5.609763e+00,1.176226e+01,2.493648e+00,5.382340e-01,-1.919279e+00
3.105483e+00,1.472018e+00,8.104127e+00,4.128086e+00,1.584488e+00,-1.579777e+00
3.750545e+00,1.401882e+00,9.666781e+00,4.921437e+00,1.845105e+00,-1.559739e+00
3.121108e+00,1.351568e+00,9.855198e+00,6.108035e+00,2.037238e+00,-1.224225e+00
3.673908e+00,1.995766e+00,1.089272e+01,6.926584e+00,2.027137e+00,-9.733624e-01
7.153100e+00,1.578280e+00,1.386207e+01,8.154064e+00,1.318799e+00,-5.169026e-01
1.000302e+01,3.350365e+00,1.206802e+01,8.458433e+00,3.860550e-01,-2.642433e-01
8.966482e+00,6.323269e+00,9.285693e+00,7.757971e+00,-1.815293e+00,-8.195048e-01
-9.072275e+00,2.926332e+00,4.965090e+00,5.944483e+00,-2.419220e+00,-1.444948e+00
-2.285089e+01,-8.747832e+00,6.811279e+00,2.429814e+00,1.793928e+00,-2.198949e-01
-3.272330e+00,-1.471800e+01,2.253169e+00,-4.772739e-01,4.259571e+00,1.389546e+00
1.189223e+01,2.942136e+01,2.910341e-01,-3.596320e+00,3.663110e+00,1.226334e+00
3.477785e+01,3.463365e+01,-2.591667e+00,-1.617052e+00,1.019619e+00,1.202941e-01
-4.999459e+00,-1.106084e+01,1.363967e+01,-3.435619e+00,-1.888110e+00,-1.130338e+00
-7.538956e+00,7.283648e-01,1.754347e+01,-3.532153e+00,-1.092381e+00,-2.759071e-01
-6.041845e+00,2.402250e+01,1.386423e+01,-2.485838e+00,7.735163e-01,3.568720e-01
-3.110577e+00,9.096663e+00,8.679190e+00,-1.487349e+00,1.837597e+00,5.278700e-01
7.534619e+00,7.749082e+00,5.000154e+00,-1.420724e+00,1.797632e+00,5.169264e-01
8.522902e+00,1.130874e+01,4.893804e+00,-1.263646e+00,5.169292e-01,5.668153e-02
1.223577e+00,9.528062e+00,5.038959e+00,-1.179307e+00,-1.505124e+00,-4.319442e-01
-3.088178e+00,9.103806e+00,4.298057e+00,-1.142007e+00,-1.494228e+00,-4.225805e-01
-1.287211e+00,9.947807e+00,3.337969e+00,-1.086686e+00,-5.737721e-01,-2.633236e-01
1.260000e+00,9.040613e+00,2.366521e+00,-1.150506e+00,-4.421097e-01,-2.516986e-01
8.566069e-01,7.874531e+00,1.921285e+00,-1.336310e+00,-9.253991e-01,-4.120260e-01
-1.298238e+00,7.804050e+00,2.536171e+00,-1.469873e+00,-1.232693e+00,-4.842434e-01
-2.513682e+00,7.285873e+00,3.411112e+00,-1.610661e+00,-1.172978e+00,-4.603960e-01
-2.220000e+00,6.795839e+00,2.444059e+00,-1.779134e+00,-8.883658e-01,-2.814426e-01
-5.648470e-01,7.091562e+00,8.866986e-01,-2.202970e+00,-4.238621e-01,1.128973e-03
3.281316e+00,9.504843e+00,7.838557e-02,-2.551708e+00,-3.820576e-01,5.634774e-02
4.601493e+00,8.371198e+00,6.978848e-01,-3.326960e+00,-1.109120e+00,-8.482395e-03
5.618271e+00,1.074039e+01,-4.448926e-01,-3.892946e+00,-1.556878e+00,-3.298195e-02
6.725068e+00,2.012847e+01,-2.414772e+00,-4.719647e+00,-2.749655e+00,-1.651709e-01
-1.557638e+00,2.022128e+01,9.213587e+00,-5.119411e+00,-4.144370e+00,-6.052987e-01
-8.270949e+00,2.310298e+01,2.003536e+01,-4.673239e+00,-3.453195e+00,-1.970227e-01
-7.595862e+00,1.859481e+01,1.960644e+01,-2.775070e+00,-1.477683e+00,-1.814325e-01
5.507566e+00,4.596522e+00,1.763148e+01,-8.567400e-01,1.058943e+00,-1.198216e-01
1.112374e+01,8.805400e+00,9.095478e+00,6.854499e-02,1.222921e+00,-3.713788e-01
4.444925e+00,5.081960e+00,1.100704e+01,2.255218e+00,4.053198e-01,-1.421775e+00
4.039598e+00,1.815287e+00,7.479943e+00,3.808537e+00,6.721887e-01,-1.424284e+00
3.141631e+00,1.011216e+00,9.002689e+00,5.187911e+00,1.133584e+00,-1.666721e+00
2.959387e+00,1.076286e+00,1.003474e+01,6.007386e+00,1.436467e+00,-1.679997e+00
4.255290e+00,1.783907e+00,1.197078e+01,7.405342e+00,1.735967e+00,-1.370501e+00
6.803512e+00,9.284469e-01,1.298412e+01,8.145208e+00,1.377116e+00,-1.108713e+00
1.141074e+01,2.843377e+00,1.123717e+01,8.524807e+00,-9.972207e-03,-9.657860e-01
8.451949e+00,4.585717e+00,1.113049e+01,8.172182e+00,-1.363194e+00,-1.178603e+00
-1.383220e+01,2.514612e-01,7.794011e+00,5.648182e+00,-2.098757e+00,-1.529556e+00
-2.334140e+01,-7.068445e+00,5.227959e+00,3.285912e+00,9.214208e-01,-5.374818e-01
-2.766521e+00,-1.165819e+01,4.381635e+00,-1.015664e+00,5.141425e+00,1.732897e+00
8.235781e+00,2.064273e+00,3.329752e+00,-3.377627e+00,4.938096e+00,2.002119e+00
3.725327e+01,3.888405e+01,1.661883e+00,-8.025096e-01,1.821182e+00,3.203184e-01
-7.555053e+00,-1.042102e+01,1.278026e+01,-2.587296e+00,-2.119431e+00,-2.328308e+00
1.627736e+00,1.569947e+00,1.497319e+01,-3.095238e+00,-5.531716e-01,-6.394089e-02
-3.138593e+00,1.913609e+01,1.588021e+01,-2.923556e+00,-4.674232e-01,-6.355986e-01
-6.250150e+00,6.985989e+00,7.072905e+00,-1.095659e+00,7.539373e-01,2.549055e-01
-1.620298e+00,3.753656e+00,5.633894e+00,-1.072548e+00,1.722349e+00,5.279745e-01
7.872048e+00,1.261323e+01,2.279228e+00,-8.426840e-01,9.200735e-01,1.960871e-01
4.148344e+00,9.657401e+00,1.915512e+00,-8.788283e-01,-4.352144e-01,-1.872001e-01
-2.312282e+00,8.584729e+00,2.616894e+00,-9.414017e-01,-1.487734e+00,-4.477266e-01
-3.788380e+00,8.677783e+00,2.325266e+00,-9.729934e-01,-1.184622e+00,-3.915878e-01
-1.611011e+00,8.700116e+00,7.110106e-01,-1.109692e+00,-4.088347e-01,-1.863294e-01
-1.700446e-01,7.972186e+00,-3.357003e-01,-1.319897e+00,-3.513987e-01,-2.210528e-01
-1.500009e+00,7.284562e+00,7.230338e-01,-1.697679e+00,-6.398606e-01,-3.682006e-01
-2.264909e+00,7.300315e+00,3.922585e+00,-1.858103e+00,-4.426886e-01,-2.897068e-01
2.687860e+00,9.516096e+00,6.035135e+00,-1.956189e+00,-1.968778e-01,-1.361452e-01
3.267326e+00,9.532122e+00,4.565680e+00,-1.959216e+00,-4.248482e-01,-1.181242e-01
1.493426e+00,8.458642e+00,2.284004e+00,-2.165250e+00,-8.287376e-01,-1.190787e-01
2.501823e+00,9.158231e+00,7.709117e-01,-2.497574e+00,-1.084746e+00,-1.308043e-01
-2.456479e-01,1.029584e+01,2.720803e+00,-3.125772e+00,-1.723519e+00,-2.075926e-01
7.185488e-01,1.137229e+01,3.640168e+00,-3.476681e+00,-1.631751e+00,-2.792093e-02
7.622155e+00,2.212009e+01,-3.883110e+00,-4.266608e+00,-1.758715e+00,3.095898e-01
7.301526e+00,2.197388e+01,-3.172035e+00,-4.673089e+00,-3.156450e+00,-3.529811e-02
-1.985214e+00,1.568341e+01,1.495734e+01,-4.616652e+00,-4.128575e+00,-5.365979e-01
-9.646720e+00,2.284119e+01,2.068370e+01,-4.110967e+00,-3.126221e+00,-9.856022e-01
-2.933439e+00,5.948198e+00,1.748325e+01,-1.644086e+00,-3.704448e-01,-2.171457e-01
4.242547e+00,7.986028e+00,1.156413e+01,-1.334861e+00,1.076939e+00,-2.089485e-02
2.918261e+00,5.896423e+00,1.182909e+01,9.721953e-01,1.193064e+00,-7.855714e-01
3.136668e+00,3.536229e+00,1.037934e+01,2.271541e+00,1.527358e+00,-8.228614e-01
3.314248e+00,1.885712e+00,8.034301e+00,3.677571e+00,1.730934e+00,-9.568864e-01
1.756396e+00,1.831806e+00,8.626230e+00,4.373503e+00,1.852699e+00,-9.895152e-01
1.927069e+00,1.100156e+00,8.444176e+00,5.685966e+00,2.222215e+00,-7.461429e-01
3.538663e+00,1.523653e+00,8.761405e+00,6.364858e+00,2.215595e+00,-5.550130e-01
7.127319e+00,2.301885e+00,1.014595e+01,7.322553e+00,1.304703e+00,-2.243605e-01
8.273671e+00,3.197086e+00,1.136266e+01,7.706075e+00,4.904574e-01,-1.820194e-01
5.719420e+00,2.249121e+00,1.104300e+01,8.033934e+00,-8.955269e-01,-5.473808e-01
-2.527924e+00,4.312969e+00,9.001057e+00,7.171490e+00,-1.405413e+00,-5.369972e-01
-1.277092e+01,4.302612e+00,8.398362e+00,4.946996e+00,3.694849e-01,8.465532e-02
-1.044233e+01,-6.338355e+00,4.102650e+00,3.363877e+00,2.304746e+00,7.714249e-01
4.419523e+00,-7.582921e+00,5.120001e+00,-5.399074e-01,4.137180e+00,1.153980e+00
1.109535e+01,-4.552620e+00,5.862400e+00,-3.137697e+00,2.885177e+00,7.894993e-01
1.219178e+01,3.941000e+01,-8.905513e+00,-2.592893e+00,5.680914e-02,-2.506166e-01
-2.389377e+00,1.598551e+01,5.545669e+00,9.900088e-02,-1.530404e+00,-7.298142e-01
-1.530683e+01,-6.030915e+00,1.130342e+01,-2.786629e+00,-3.513368e-01,-6.781148e-01
2.313233e+00,7.067199e+00,1.277494e+01,-2.782053e+00,2.986594e+00,1.129275e+00
3.210539e+00,1.703633e+01,9.117580e+00,-1.956630e+00,1.463953e+00,-2.887423e-01
3.459077e+00,1.034665e+01,6.560066e+00,-1.294739e+00,4.161334e-01,-1.397058e-01
-5.618403e-02,8.724462e+00,3.693470e+00,-1.147686e+00,-7.020000e-01,-3.453501e-01
-2.167511e+00,1.214372e+01,3.431785e+00,-1.013193e+00,-3.643636e-01,-2.546310e-01
-2.491091e+00,1.006242e+01,3.649514e+00,-9.534029e-01,3.228399e-01,-1.905188e-02
1.446675e+00,9.004668e+00,2.712190e+00,-8.691504e-01,2.064054e-01,-4.222217e-02
6.039247e-01,8.738337e+00,1.484990e+00,-8.258829e-01,-2.405821e-01,-2.096037e-01
1.558826e+00,9.160143e+00,2.966507e-01,-9.845894e-01,-4.967088e-01,-3.307815e-01
6.713511e-01,7.780598e+00,-1.588810e+00,-1.457752e+00,-1.244932e+00,-5.785779e-01
-4.601371e+00,7.898403e+00,1.320643e+00,-1.722387e+00,-1.316228e+00,-5.464581e-01
-1.542187e+00,9.002271e+00,3.964723e+00,-1.905699e+00,-5.080870e-01,-2.464266e-01
3.513149e+00,9.328646e+00,3.934876e+00,-1.979738e+00,-3.445697e-01,-1.804120e-01
4.754199e+00,8.342491e+00,1.713626e+00,-2.249075e+00,-1.166183e+00,-3.281532e-01
2.123334e+00,8.063921e+00,8.866671e-01,-2.501970e+00,-1.607168e+00,-3.792379e-01
-6.278637e-01,1.013342e+01,8.105900e-01,-3.142046e+00,-1.982949e+00,-2.456197e-01
-2.054605e+00,1.001367e+01,2.666083e+00,-3.436054e+00,-1.804692e+00,-4.739456e-02
4.548547e+00,1.009850e+01,2.485959e+00,-3.816291e+00,-1.198822e+00,2.793539e-01
1.630506e+01,1.167873e+01,-4.152805e+00,-4.267165e+00,-1.674454e+00,1.325255e-01
2.922398e+00,1.474061e+01,5.478153e+00,-5.021653e+00,-5.267874e+00,-6.631064e-01
-6.978772e+00,1.928428e+01,1.619375e+01,-5.376569e+00,-6.295347e+00,-7.435339e-01
-2.517971e+01,2.262313e+01,2.202226e+01,-3.290396e+00,-1.774889e+00,1.022339e+00
-7.519948e+00,3.626232e+00,2.184461e+01,-1.849955e+00,1.635635e+00,1.779689e+00
9.606367e+00,5.566256e+00,1.827440e+01,-1.216193e+00,4.183529e+00,1.759595e+00
1.403135e+01,1.151463e+01,1.182186e+01,2.863413e-01,2.922352e+00,1.130232e+00
6.537173e+00,2.614968e+00,9.998904e+00,2.722628e+00,8.712524e-01,-2.163583e-01
4.293296e+00,4.169461e-02,6.851955e+00,3.563994e+00,5.351430e-01,-4.054913e-01
6.474004e-01,8.504582e-01,9.277644e+00,4.822436e+00,8.318425e-01,-9.367342e-01
1.262715e+00,1.519415e+00,9.278914e+00,5.799139e+00,1.420138e+00,-8.427652e-01
3.226316e+00,1.189208e+00,9.236595e+00,6.854261e+00,1.880449e+00,-6.915134e-01
6.081450e+00,5.685575e-01,1.052887e+01,7.426630e+00,1.725525e+00,-5.523705e-01
8.834156e+00,1.886757e+00,1.274330e+01,8.133345e+00,5.042601e-01,-2.816749e-01
8.638585e+00,2.454858e+00,1.255057e+01,8.344694e+00,-8.089625e-01,-3.192920e-01
-7.979934e-01,1.474336e+00,1.201928e+01,7.283365e+00,-2.058292e+00,-7.361218e-01
-1.419239e+01,1.371240e+00,8.847903e+00,5.430290e+00,-1.045975e+00,-7.657265e-01
-1.255963e+01,-9.565827e+00,6.770015e+00,1.545163e+00,2.427980e+00,4.463442e-01
1.852230e+00,-1.370624e+01,7.735487e+00,-1.970588e+00,3.216961e+00,8.470425e-01
1.343058e+01,2.461310e+01,2.007452e-02,-3.588007e+00,1.497009e+00,1.403671e-01
2.567988e+01,3.941000e+01,-1.666135e+01,-2.477470e-01,4.089015e-01,4.354868e-01
-1.502117e+01,-1.339996e+01,1.020966e+01,-2.095903e+00,-1.805337e+00,-1.437386e+00
-7.046154e+00,1.756581e+00,1.364686e+01,-3.353390e+00,1.341087e+00,3.549474e-01
1.133253e+00,1.709839e+01,8.458879e+00,-2.320785e+00,1.797986e+00,1.650877e-01
3.092106e+00,7.372412e+00,7.012904e+00,-1.296952e+00,9.487421e-01,-1.234218e-01
1.212135e+00,1.050412e+01,5.800051e+00,-1.323444e+00,1.864388e-01,2.279258e-03
-1.055358e-01,1.002805e+01,4.708632e+00,-1.004659e+00,1.104094e-01,-1.222417e-01
1.703931e+00,1.089012e+01,3.523384e+00,-1.027308e+00,-1.004551e-01,-1.495688e-01
5.084142e-01,8.958414e+00,3.174332e+00,-9.187615e-01,-5.297400e-01,-3.052089e-01
-1.051437e+00,8.710323e+00,2.407952e+00,-9.046866e-01,-6.223075e-01,-3.671084e-01
-1.658777e+00,8.809942e+00,1.611339e+00,-9.463550e-01,-5.547561e-01,-3.826308e-01
8.358168e-01,8.063023e+00,1.613359e-01,-1.218216e+00,-6.059887e-01,-4.187632e-01
4.285243e-01,7.601441e+00,5.965372e-01,-1.425636e+00,-8.954045e-01,-5.017985e-01
-2.307351e-01,7.325250e+00,3.080698e+00,-1.743306e+00,-1.118152e+00,-5.500496e-01
2.311170e-02,8.423413e+00,4.468488e+00,-1.846593e+00,-1.192891e+00,-5.441198e-01
8.030046e-01,7.687229e+00,7.402064e-01,-2.072135e+00,-1.283528e+00,-5.189606e-01
9.641648e-01,8.472553e+00,6.086600e-01,-2.314804e+00,-1.354257e+00,-4.861118e-01
7.839078e-02,1.011282e+01,2.879608e+00,-2.931502e+00,-1.600141e+00,-3.846609e-01
-1.888877e+00,9.972778e+00,3.912029e+00,-3.191455e+00,-1.414758e+00,-9.008900e-02
3.179034e+00,1.177466e+01,1.531269e+00,-3.473779e+00,-1.064661e+00,3.306031e-01
5.939508e+00,1.747053e+01,-2.974292e+00,-4.010112e+00,-1.467381e+00,4.858047e-01
4.809663e-01,1.587561e+01,7.458601e+00,-4.623403e+00,-2.903580e+00,-1.348523e-01
2.733311e-01,1.711965e+01,1.385612e+01,-4.861582e+00,-2.863127e+00,-2.960107e-01
-5.913554e+00,1.872209e+01,1.956915e+01,-3.370240e+00,-1.669620e+00,-7.204355e-01
-4.231807e+00,7.138628e+00,1.922051e+01,-2.102012e+00,-6.675248e-02,-2.274049e-01
4.466166e+00,1.243585e+01,1.062258e+01,-1.269765e+00,1.169060e+00,-9.096222e-03
1.466860e+00,7.974879e+00,1.389320e+01,2.633666e-01,1.302870e+00,-5.226817e-01
4.901618e+00,2.614235e+00,9.924322e+00,2.307065e+00,1.793151e+00,-4.039801e-01
5.744781e+00,1.703337e+00,8.433629e+00,3.456544e+00,1.597346e+00,-4.782578e-01
3.597307e+00,1.662062e+00,7.909206e+00,4.748131e+00,1.213845e+00,-3.458980e-01
3.283716e+00,1.717727e+00,7.951230e+00,5.362001e+00,1.089627e+00,-2.123228e-01
4.184710e+00,1.270120e+00,8.885417e+00,6.327181e+00,6.724703e-01,-1.289783e-02
4.820077e+00,1.530473e+00,1.001259e+01,6.903994e+00,2.182309e-01,1.126581e-01
5.148352e+00,2.324175e+00,1.249538e+01,7.577782e+00,-6.672137e-01,8.242740e-02
4.184403e+00,1.822843e+00,1.249917e+01,7.905032e+00,-1.059676e+00,-1.559971e-01
-3.124551e+00,2.211634e+00,9.572852e+00,7.194829e+00,-1.382997e+00,-3.943419e-01
-9.536845e+00,6.006586e+00,1.014042e+01,5.861488e+00,-6.186460e-01,-9.606470e-02
-6.040173e+00,-4.015809e+00,4.986369e+00,3.398010e+00,1.623973e+00,6.103332e-01
-1.825174e+00,-7.006096e+00,3.805386e+00,7.655250e-01,2.441967e+00,7.173501e-01
6.885165e+00,-5.201008e+00,6.744569e+00,-2.581830e+00,1.702850e+00,3.215867e-01
7.367364e+00,2.715566e+00,1.368609e+01,-3.999420e+00,4.249373e-01,-1.867235e-01
1.217186e+01,3.940877e+01,-1.424627e+01,-1.927822e+00,-1.060121e+00,-4.987876e-01
-7.310749e+00,2.077323e+01,6.056224e+00,5.308855e-01,-2.100217e+00,-8.280003e-01
-1.301111e+01,-7.615787e+00,6.748758e+00,-2.265386e+00,5.428263e-01,-1.455005e-02
4.146761e+00,5.366404e+00,1.076387e+01,-2.816720e+00,2.475246e+00,8.890302e-01
2.517507e+00,1.908062e+01,6.890473e+00,-2.190135e+00,-3.348621e-01,-7.004307e-01
1.864594e+00,4.525801e+00,6.292767e+00,-1.657672e+00,-1.936291e+00,-5.497736e-01
-1.066661e+01,1.047733e+01,5.198965e+00,-1.588185e+00,-8.613631e-01,1.585936e-02
-4.839133e+00,1.107051e+01,6.487973e+00,-1.352131e+00,9.746943e-01,4.155751e-01
5.915785e+00,9.912536e+00,4.575110e+00,-1.273378e+00,1.974092e+00,7.030154e-01
8.073336e+00,7.380756e+00,4.168209e+00,-1.218160e+00,9.721939e-01,3.500925e-01
3.147717e+00,8.850154e+00,5.064748e+00,-1.202354e+00,-6.532376e-01,-1.008475e-01
-1.299324e+00,8.726981e+00,5.179404e+00,-1.101207e+00,-1.031605e+00,-2.793165e-01
-2.978190e+00,8.583261e+00,3.761342e+00,-1.044207e+00,-6.078765e-01,-1.960469e-01
-5.213521e-01,7.823019e+00,2.198428e+00,-1.118947e+00,-2.268953e-01,-7.725070e-02
1.442401e+00,7.294739e+00,2.335450e+00,-1.324642e+00,-3.381002e-01,-1.115188e-01
1.130567e+00,8.173626e+00,3.108209e+00,-1.435053e+00,-5.032084e-01,-1.715936e-01
4.361263e-01,8.267406e+00,-4.590234e-02,-1.755465e+00,-6.448831e-01,-1.295325e-01
2.438899e+00,7.705108e+00,-2.510602e+00,-2.200949e+00,-7.001138e-01,-7.769384e-02
6.332678e+00,8.994134e+00,-1.591438e+00,-3.085246e+00,-1.442557e+00,-1.672069e-01
3.834651e+00,1.011071e+01,5.533836e-01,-3.591451e+00,-2.003657e+00,-1.272653e-01
6.566663e+00,1.166974e+01,-2.185947e+00,-4.185482e+00,-2.269083e+00,2.047279e-01
4.203039e+00,1.959015e+01,-4.210455e+00,-4.777650e+00,-3.252468e+00,4.321508e-01
-8.863428e+00,2.437183e+01,1.808005e+01,-5.165797e+00,-3.690013e+00,1.061829e-01
-8.936271e+00,2.963731e+01,2.063505e+01,-4.344226e+00,-1.714617e+00,5.414469e-01
-2.676168e+00,6.212910e+00,2.165625e+01,-1.685566e+00,7.533862e-01,7.470707e-01
9.113917e+00,4.505513e+00,1.539472e+01,-1.442000e+00,1.985013e+00,7.214399e-01
8.609260e+00,1.014103e+01,1.053690e+01,4.745419e-01,9.241568e-01,-3.309997e-01
2.598616e+00,5.721822e+00,1.194099e+01,1.947569e+00,5.222406e-01,-8.137796e-01
1.882302e+00,4.091991e-01,8.560008e+00,3.573339e+00,9.677674e-01,-9.144382e-01
1.570889e+00,-9.823850e-02,8.904217e+00,4.419223e+00,1.432430e+00,-1.185558e+00
2.237676e+00,1.204425e+00,8.171286e+00,5.735902e+00,1.922105e+00,-8.453322e-01
2.624660e+00,5.579339e-01,9.088439e+00,6.526823e+00,2.004910e+00,-6.895998e-01
3.961431e+00,-2.247262e-01,1.094823e+01,7.464159e+00,1.875748e+00,-3.880449e-01
5.328854e+00,9.770230e-01,1.312881e+01,8.115236e+00,1.610508e+00,-8.675115e-02
5.950361e+00,3.703190e+00,1.104710e+01,8.373033e+00,6.817183e-01,3.082930e-01
2.093911e+00,5.358447e+00,9.582932e+00,7.723353e+00,2.589244e-02,3.351898e-01
-1.206827e+01,3.041385e+00,6.722464e+00,5.456255e+00,1.376349e+00,4.042768e-01
-6.392596e+00,-7.772856e+00,6.567576e+00,3.585026e+00,3.247136e+00,7.859685e-01
8.445913e+00,-7.871253e+00,8.292223e-01,-4.941008e-01,3.910141e+00,1.219615e+00
1.194011e+01,-1.694532e+00,6.946763e+00,-2.813905e+00,1.967849e+00,4.195304e-01
1.878374e+01,3.937400e+01,-6.634718e+00,-3.829334e+00,-8.265321e-01,-6.613374e-01
2.156269e+01,3.423012e+01,-1.005307e+00,-8.214598e-01,-1.941728e+00,-3.714356e-01
-1.785127e+01,-8.690450e+00,1.102832e+01,-3.217687e+00,-1.469933e+00,-7.195859e-01
-4.377113e+00,7.807477e+00,1.714354e+01,-4.051529e+00,2.138202e+00,6.101130e-01
-1.518966e+00,1.650838e+01,1.101422e+01,-2.388480e+00,9.546615e-01,-6.189660e-02
-3.930765e-01,5.813759e+00,7.728360e+00,-1.966755e+00,4.465662e-01,-2.909653e-02
2.726900e-01,9.921291e+00,6.876822e+00,-1.812187e+00,5.807984e-01,2.919022e-01
-2.389781e-01,1.046464e+01,6.854645e+00,-1.569427e+00,8.062122e-01,2.021351e-01
3.948062e+00,9.164439e+00,6.257499e+00,-1.319430e+00,7.211786e-01,1.233205e-01
3.183672e+00,8.311724e+00,6.013563e+00,-1.211362e+00,2.897399e-01,-3.796629e-02
2.092696e+00,8.228621e+00,5.274662e+00,-1.041487e+00,-7.457721e-02,-1.568270e-01
8.702834e-01,8.083463e+00,4.738587e+00,-9.604334e-01,-2.050671e-01,-2.495666e-01
2.123632e-01,8.457488e+00,4.377438e+00,-9.410632e-01,-2.352925e-01,-2.558304e-01
2.416212e-02,8.526599e+00,3.932640e+00,-9.910791e-01,-2.453714e-01,-2.446414e-01
6.613212e-01,9.174553e+00,2.470996e+00,-1.150132e+00,-3.029679e-01,-2.241959e-01
1.283364e+00,7.041897e+00,3.590528e-01,-1.327606e+00,-3.837169e-01,-1.852816e-01
1.846453e+00,5.768960e+00,-1.462667e+00,-1.939301e+00,-6.292760e-01,-1.719898e-01
2.969452e+00,9.189649e+00,-1.864392e+00,-2.603957e+00,-9.584963e-01,-1.298954e-01
2.705184e+00,8.763628e+00,1.040514e+00,-3.408769e+00,-1.921435e+00,-3.602675e-01
2.319093e+00,9.267770e+00,1.546240e+00,-3.859369e+00,-2.155607e+00,-2.652010e-01
8.408496e+00,1.985937e+01,-3.377179e+00,-4.873104e+00,-2.777113e+00,3.361339e-02
-2.286350e+00,2.856018e+01,6.645258e+00,-5.122917e+00,-4.602445e+00,-7.802749e-02
-1.413012e+01,2.099196e+01,1.974753e+01,-4.296406e+00,-3.491091e+00,2.889203e-01
-1.329977e+01,2.155393e+01,1.873997e+01,-3.004185e+00,-1.042822e+00,6.062604e-01
5.002411e+00,4.839106e-01,1.719097e+01,-8.661192e-01,2.359522e+00,7.190113e-01
1.250518e+01,9.303302e+00,9.221188e+00,-5.408337e-01,2.642819e+00,7.413870e-01
6.245914e+00,7.916944e+00,1.285591e+01,2.075519e+00,1.283530e+00,-5.453520e-01
4.725789e+00,2.727602e+00,9.812867e+00,3.437004e+00,1.123906e+00,-6.299062e-01
3.842582e+00,1.340448e+00,9.400627e+00,4.669612e+00,1.279050e+00,-9.696002e-01
3.590000e+00,1.250933e+00,1.026872e+01,5.530367e+00,1.395026e+00,-9.188692e-01
4.746398e+00,3.948991e-01,8.673620e+00,6.701889e+00,1.429981e+00,-8.203443e-01
5.737510e+00,5.377620e-01,9.849648e+00,7.519175e+00,9.997218e-01,-7.639314e-01
6.239825e+00,6.153255e-01,1.259159e+01,8.277494e+00,1.821096e-01,-7.263607e-01
5.102352e+00,4.283720e+00,1.080537e+01,8.413848e+00,-2.382471e-01,-6.193502e-01
-1.413545e+00,6.905530e+00,9.193052e+00,7.554993e+00,-5.353379e-01,-6.844774e-01
-9.885839e+00,3.440182e+00,6.375860e+00,5.925067e+00,2.616676e-01,-4.990001e-01
-6.865621e+00,-9.086547e+00,2.032355e+00,3.120665e+00,2.801865e+00,4.126845e-01
3.914389e+00,-1.006241e+01,-5.380804e-01,-1.250846e-02,3.421222e+00,9.632828e-01
1.066085e+01,-3.258464e+00,8.330602e+00,-4.086072e+00,9.882913e-01,-1.356419e-01
6.115676e+00,5.261846e+00,1.894069e+01,-5.554900e+00,-8.853398e-01,-8.656074e-01
2.133534e+01,3.926933e+01,-2.533340e+01,-2.023019e+00,-1.470782e+00,-2.822527e-01
-2.053445e+01,1.141097e+01,1.048565e+01,3.817989e-01,-1.938995e+00,-1.781418e+00
-4.690594e+00,-5.727560e+00,1.147611e+01,-3.099631e+00,4.051768e+00,1.279754e+00
6.967190e+00,1.132416e+01,1.502467e+01,-2.968115e+00,4.906177e+00,1.353580e+00
1.056815e+01,9.495128e+00,8.412351e+00,-1.522473e+00,3.928175e-01,-5.058219e-01
6.415082e-01,7.862391e+00,6.486348e+00,-1.716130e+00,-1.316799e+00,-3.304735e-01
-3.299757e+00,1.201879e+01,6.624550e+00,-1.348503e+00,-1.513570e-01,-3.241630e-02
2.247881e+00,1.295097e+01,5.504561e+00,-1.216803e+00,6.170967e-01,7.482216e-02
1.194317e+01,8.448754e+00,1.191287e+00,-1.143562e+00,1.172899e-01,-7.700565e-02
-1.802223e+00,8.332368e+00,3.766111e+00,-1.168352e+00,-9.793537e-01,-3.190637e-01
-2.885803e+00,8.079842e+00,3.711049e+00,-1.177416e+00,-6.042575e-01,-3.694986e-01
-7.564915e-01,7.251426e+00,2.800649e+00,-1.223527e+00,-3.604962e-01,-1.819498e-01
1.696766e+00,6.701520e+00,1.639777e+00,-1.441313e+00,-5.798314e-01,-2.771475e-01
1.421989e+00,8.396863e+00,2.392200e+00,-1.590482e+00,-1.031666e+00,-4.816141e-01
-1.041963e-01,7.950142e+00,3.487925e+00,-1.798029e+00,-1.477369e+00,-5.573685e-01
-1.422632e+00,6.196820e+00,9.262726e-01,-1.960115e+00,-1.424114e+00,-4.406958e-01
-2.405653e+00,8.389365e+00,-1.370866e+00,-2.512782e+00,-1.011506e+00,-1.522360e-01
2.153060e+00,1.010751e+01,-4.284783e-01,-3.019266e+00,-7.623859e-01,-1.223242e-01
4.280576e+00,1.004435e+01,8.056158e-01,-3.787930e+00,-1.272771e+00,-4.251752e-02
5.397608e+00,1.379057e+01,-1.665252e+00,-4.224495e+00,-1.580541e+00,1.476645e-01
4.565354e+00,2.703749e+01,4.187052e+00,-4.893593e+00,-2.973780e+00,3.536481e-01
-1.796336e-01,1.979276e+01,1.354619e+01,-4.844888e+00,-3.893604e+00,-1.214102e-01
-8.197394e+00,2.399203e+01,1.980149e+01,-3.197341e+00,-2.280842e+00,-8.328809e-01
1.413791e+00,4.579994e+00,2.332127e+01,-1.879546e+00,-7.829816e-01,-6.937211e-01
3.483934e+00,1.231962e+01,1.195544e+01,-1.021952e+00,5.141321e-01,-3.780874e-01
5.237952e-01,1.019119e+01,1.417705e+01,9.410642e-01,5.837949e-01,-8.422571e-01
2.059844e+00,2.463863e+00,9.984185e+00,3.302511e+00,1.807431e+00,-5.861009e-01
4.144217e+00,5.498111e-01,1.012005e+01,4.546327e+00,2.360312e+00,-6.872966e-01
4.861773e+00,-1.629085e-01,9.399861e+00,5.863965e+00,2.136274e+00,-6.197818e-01
4.432202e+00,-1.459326e-01,8.688382e+00,6.451500e+00,1.846158e+00,-5.747240e-01
5.204467e+00,-4.796919e-01,1.086802e+01,7.462724e+00,1.265475e+00,-6.411111e-01
5.607814e+00,-2.728833e-01,1.247740e+01,8.036081e+00,7.016542e-01,-6.807266e-01
5.529205e+00,3.087841e+00,1.147261e+01,8.347142e+00,1.109717e-01,-7.006754e-01
2.330635e+00,2.101990e+00,9.645400e+00,7.666169e+00,-2.029074e-01,-9.360516e-01
-9.939950e+00,3.565787e+00,7.572395e+00,5.445671e+00,-2.254852e-01,-5.953206e-01
-1.512972e+01,-5.681429e+00,7.810685e+00,3.096124e+00,1.700824e+00,5.063607e-02
3.029205e+00,-1.126250e+01,4.433754e+00,-1.587283e+00,4.106651e+00,1.003430e+00
1.137682e+01,-6.480952e+00,7.896836e+00,-3.709037e+00,3.179356e+00,8.133594e-01
2.213893e+01,3.940891e+01,-1.357198e+01,-3.799913e+00,6.400863e-01,4.585768e-01
2.338322e+00,1.236680e+01,-3.024452e-01,-7.037196e-03,-2.048145e+00,-1.065304e+00
-1.986928e+01,-1.254722e+01,1.810999e+01,-3.867360e+00,1.970134e+00,2.501001e-01
5.431400e+00,1.265931e+01,1.198610e+01,-3.037953e+00,3.593580e+00,1.627033e+00
9.019384e+00,1.579656e+01,1.094114e+01,-1.436482e+00,7.578503e-01,-4.352656e-01
2.112245e+00,1.262922e+01,8.470178e+00,-1.403867e+00,-5.770536e-01,-7.888889e-02
-3.295680e+00,8.292806e+00,6.214166e+00,-1.053333e+00,-6.864262e-02,1.594516e-01
3.528742e+00,1.340962e+01,5.070908e+00,-9.650570e-01,6.219376e-01,2.319663e-01
4.333960e+00,1.021296e+01,3.036997e+00,-7.185194e-01,1.911168e-01,2.074296e-02
2.823853e+00,8.157369e+00,2.117194e+00,-7.383900e-01,-4.929490e-01,-2.248396e-01
-1.625612e+00,7.960055e+00,1.737176e+00,-9.087682e-01,-9.346773e-01,-3.297551e-01
-1.521104e+00,6.536923e+00,1.061937e+00,-1.040418e+00,-8.604587e-01,-3.699360e-01
1.772835e-01,6.253346e+00,7.933082e-03,-1.412706e+00,-9.320490e-01,-4.047877e-01
-4.423837e-01,7.346361e+00,2.735107e+00,-1.651787e+00,-1.106474e+00,-4.313875e-01
4.449103e-02,8.014610e+00,3.623807e+00,-1.854305e+00,-1.054172e+00,-3.806520e-01
8.047609e-01,7.463120e+00,1.605761e+00,-2.028648e+00,-9.708695e-01,-2.570769e-01
2.713973e+00,9.288748e+00,2.464324e-01,-2.539301e+00,-1.009200e+00,-5.720528e-02
3.077289e+00,1.075894e+01,9.764282e-01,-2.898443e+00,-1.233110e+00,-5.811110e-02
1.846745e+00,1.020275e+01,2.027356e+00,-3.431927e+00,-1.550516e+00,1.311758e-01
1.148557e+01,1.114579e+01,3.131520e-01,-3.802449e+00,-1.456451e+00,2.696380e-01
1.470277e+01,1.826231e+01,-4.258631e+00,-4.685454e+00,-4.080163e+00,-1.590265e-01
-6.736727e+00,1.712167e+01,1.091563e+01,-4.932097e+00,-6.066010e+00,-5.464217e-01
-2.037985e+01,2.936255e+01,2.139245e+01,-4.872721e+00,-4.213477e+00,-4.105178e-02
-1.763448e+01,2.055631e+01,1.986670e+01,-2.508371e+00,-6.825059e-01,1.028486e+00
4.105889e+00,3.129818e+00,1.983047e+01,-1.394793e+00,3.234737e+00,1.358474e+00
1.231749e+01,1.239769e+01,1.153383e+01,-7.951017e-01,2.916626e+00,1.097949e+00
7.261584e+00,6.576172e+00,1.181737e+01,1.898186e+00,1.214034e+00,-1.035899e-01
3.554875e+00,2.066484e+00,8.942366e+00,3.156021e+00,7.542317e-01,-2.789858e-01
4.728179e-01,2.620791e-02,8.641108e+00,4.416072e+00,1.008728e+00,-8.143618e-01
3.563484e-01,-3.990451e-01,9.752805e+00,5.232473e+00,1.624278e+00,-1.027050e+00
2.311548e+00,7.462848e-01,8.607647e+00,6.344486e+00,2.158968e+00,-8.654508e-01
4.775760e+00,1.907929e-01,1.035432e+01,6.922137e+00,2.148211e+00,-9.040579e-01
7.655187e+00,3.650608e-01,1.356129e+01,7.914323e+00,1.481103e+00,-9.456505e-01
7.496062e+00,2.356321e+00,1.337789e+01,8.370917e+00,5.304904e-01,-1.047928e+00
4.061599e+00,7.248931e+00,1.162532e+01,7.960438e+00,-7.909434e-01,-1.231409e+00
-4.700749e+00,7.051667e+00,8.272711e+00,6.448642e+00,-1.002320e+00,-1.396888e+00
-1.982629e+01,-7.205473e+00,6.276836e+00,2.883891e+00,2.375014e+00,-9.998295e-02
-5.279375e+00,-1.052021e+01,5.350855e+00,1.487634e-01,4.858733e+00,8.963313e-01
1.127226e+01,2.659751e+01,-3.032857e+00,-3.488330e+00,4.319683e+00,1.184772e+00
2.764836e+01,3.843841e+01,-4.854200e+00,-1.899944e+00,3.602453e+00,1.568040e+00
-5.379197e+00,-8.120852e+00,1.369300e+01,-3.655715e+00,6.805906e-01,-1.234133e+00
8.943993e+00,-4.036133e+00,1.896649e+01,-3.810619e+00,1.977631e+00,2.333408e-01
4.595412e+00,1.389694e+01,1.242006e+01,-2.527655e+00,-8.283077e-01,-8.177220e-01
-8.151495e+00,1.701995e+01,1.209571e+01,-1.944128e+00,-1.164786e+00,-6.383838e-01
-5.633624e+00,7.778620e+00,7.163513e+00,-1.218617e+00,1.127390e+00,3.221290e-01
1.003337e+00,9.608176e+00,7.491407e+00,-8.688696e-01,2.348538e+00,5.929620e-01
8.351935e+00,1.104475e+01,3.310593e+00,-6.948421e-01,1.615687e+00,4.382465e-01
5.989126e+00,8.139701e+00,2.396285e+00,-6.215988e-01,4.096399e-01,2.670071e-02
6.897132e-01,9.457761e+00,2.441242e+00,-7.692541e-01,-6.404093e-01,-3.304888e-01
-1.157648e+00,1.015421e+01,1.916621e+00,-7.970589e-01,-6.073098e-01,-3.666667e-01
-1.782793e-01,9.031767e+00,8.651340e-01,-1.009449e+00,-3.379919e-01,-2.512796e-01
-1.676051e-01,8.365864e+00,1.274848e+00,-1.167930e+00,-3.494004e-01,-2.608630e-01
-4.611094e-01,8.122161e+00,2.004959e+00,-1.474715e+00,-3.959165e-01,-2.164468e-01
1.228951e+00,8.079797e+00,1.459145e+00,-1.674389e+00,-4.014731e-01,-1.743288e-01
1.616774e+00,5.797677e+00,2.535038e+00,-1.956604e+00,-8.176127e-01,-3.078832e-01
7.588296e-01,8.023763e+00,3.051559e+00,-2.158960e+00,-9.485588e-01,-3.052653e-01
1.620035e+00,9.450846e+00,3.439136e+00,-2.479543e+00,-1.262375e+00,-3.846676e-01
6.285687e-01,8.966428e+00,3.989466e+00,-2.733180e+00,-1.586265e+00,-3.597312e-01
2.560853e+00,1.087346e+01,3.326769e+00,-3.073239e+00,-1.472304e+00,-1.640388e-01
8.583121e+00,1.169175e+01,-1.178660e+00,-3.394920e+00,-1.549857e+00,-1.951188e-01
9.132474e+00,1.732794e+01,-3.823773e+00,-4.226028e+00,-3.218266e+00,-4.294674e-01
-1.863869e+00,1.682826e+01,5.199639e+00,-4.573940e+00,-4.528463e+00,-6.748051e-01
-1.389293e+01,2.509017e+01,1.970855e+01,-4.646674e+00,-4.483771e+00,-5.315772e-01
-1.463636e+01,2.345142e+01,1.846579e+01,-3.229660e+00,-1.912864e+00,6.892328e-02
1.716749e-01,1.010440e+00,1.990387e+01,-1.303814e+00,2.131950e+00,5.852264e-01
8.505198e+00,1.023270e+01,1.122410e+01,-8.201189e-01,2.670595e+00,5.229244e-01
6.828172e+00,8.037203e+00,1.277785e+01,1.693147e+00,1.726815e+00,-3.079519e-01
5.081710e+00,2.201788e+00,8.768090e+00,2.770518e+00,1.417041e+00,-3.959825e-01
3.533654e+00,1.794615e+00,9.046731e+00,4.076045e+00,1.290944e+00,-6.462345e-01
2.890259e+00,1.825317e+00,8.556118e+00,5.047720e+00,1.425372e+00,-6.529897e-01
3.563774e+00,1.758880e+00,8.719957e+00,6.134963e+00,1.520584e+00,-5.503504e-01
5.343318e+00,8.833418e-01,9.559993e+00,6.849313e+00,1.254861e+00,-4.697197e-01
6.959371e+00,8.517964e-01,1.168967e+01,7.660434e+00,3.388615e-01,-4.208987e-01
6.784543e+00,2.065993e+00,1.244627e+01,8.048022e+00,-4.527185e-01,-5.180131e-01
-6.453741e-02,3.224780e+00,1.033867e+01,7.742452e+00,-1.201926e+00,-7.803743e-01
-8.749027e+00,6.201711e+00,9.211683e+00,6.365623e+00,-1.195315e+00,-7.944840e-01
-1.293953e+01,-6.819988e+00,6.266010e+00,3.125585e+00,1.947853e+00,3.170902e-01
-1.700938e+00,-1.189210e+01,1.993071e+00,2.924161e-01,3.546433e+00,9.299451e-01
1.681754e+01,2.857683e+01,-9.086854e+00,-4.162296e+00,3.241590e+00,1.183215e+00
3.860881e+00,1.207600e+01,1.930497e+00,-4.160102e+00,6.767724e-01,1.454919e-01
1.326602e+01,-1.504144e+01,1.209264e+01,-3.236781e+00,-9.526292e-01,-1.073554e+00
3.133735e+00,-1.094937e+01,1.652673e+01,-2.836747e+00,-1.806292e+00,-6.334553e-01
-6.956407e+00,3.050910e+01,1.598315e+01,-2.270053e+00,-7.074180e-01,-4.400107e-01
-1.052465e+01,1.394973e+01,9.791370e+00,-1.051004e+00,7.499155e-01,2.130308e-01
5.016227e+00,3.606596e+00,5.040647e+00,-8.406122e-01,2.434443e+00,6.927889e-01
1.013572e+01,1.045973e+01,4.816070e+00,-8.834888e-01,1.193871e+00,2.768104e-01
3.717157e+00,1.049924e+01,2.550334e+00,-7.489645e-01,-1.273506e+00,-3.633347e-01
-2.236863e+00,9.740851e+00,2.718297e+00,-7.413849e-01,-1.829700e+00,-5.054160e-01
-5.898935e+00,1.023395e+01,2.842493e+00,-7.467229e-01,-9.243079e-01,-1.247318e-01
-4.597425e+00,9.009939e+00,2.311168e+00,-7.412938e-01,-2.101238e-01,-2.503324e-02
-3.461789e+00,7.617787e+00,1.620424e+00,-8.644408e-01,3.146106e-01,9.900776e-02
-2.240031e+00,6.977947e+00,2.252535e+00,-1.012730e+00,5.510353e-01,8.529202e-02
3.830875e+00,8.221129e+00,2.937528e+00,-1.301481e+00,5.513089e-01,-1.997639e-02
5.622341e+00,8.751509e+00,2.913849e+00,-1.443784e+00,-4.363984e-02,-2.218269e-01
2.805537e+00,7.233845e+00,3.848041e+00,-1.673803e+00,-1.058163e+00,-4.498584e-01
-8.204992e-01,7.169084e+00,3.574506e+00,-1.811790e+00,-1.131065e+00,-3.779971e-01
-4.077405e-01,9.460016e+00,2.383870e+00,-2.167901e+00,-7.144055e-01,-3.181867e-02
3.178253e+00,1.109459e+01,2.547043e-01,-2.479566e+00,-6.106802e-01,5.546788e-02
4.841611e+00,9.904401e+00,1.124150e+00,-3.045527e+00,-1.215527e+00,-3.664750e-02
8.923520e+00,1.089410e+01,-1.869602e-01,-3.485712e+00,-1.573938e+00,-1.509662e-01
1.434173e+01,1.417190e+01,-3.246496e+00,-4.363083e+00,-3.421427e+00,-7.675803e-01
2.478950e+00,1.251694e+01,6.512071e+00,-4.808103e+00,-5.687906e+00,-1.225058e+00
-1.731701e+01,3.800291e+01,2.657708e+01,-4.977323e+00,-6.149275e+00,-7.544125e-01
-2.338498e+01,1.453981e+01,1.890516e+01,-2.392215e+00,-3.003058e+00,6.252100e-01
-8.087882e-02,4.201097e+00,1.824382e+01,-1.417681e+00,2.945965e+00,1.692913e+00
9.739442e+00,1.137366e+01,1.261174e+01,-8.880670e-01,3.525956e+00,1.419815e+00
8.873552e+00,6.628632e+00,1.140140e+01,1.742849e+00,2.090327e+00,6.632266e-01
6.391126e+00,2.269036e+00,7.704165e+00,3.036164e+00,1.167352e+00,2.754520e-01
1.290682e+00,3.609264e-01,8.323051e+00,4.189341e+00,6.950010e-01,-3.222827e-01
3.000000e-02,7.449520e-01,9.992500e+00,4.914906e+00,1.063652e+00,-6.276233e-01
1.222374e+00,-3.801844e-01,9.252665e+00,6.188294e+00,1.736540e+00,-6.004910e-01
2.577902e+00,-2.547284e-01,9.707178e+00,6.866938e+00,1.970118e+00,-5.605953e-01
5.842579e+00,-2.059718e-01,1.389541e+01,7.859518e+00,1.391962e+00,-5.343466e-01
5.174434e+00,1.345577e+00,1.467312e+01,8.244631e+00,6.039021e-01,-5.851865e-01
-3.482656e+00,2.925495e+00,1.007391e+01,7.711891e+00,-2.666005e-01,-7.321182e-01
-1.008600e+01,3.479291e+00,8.607490e+00,5.608001e+00,5.160949e-01,-7.435043e-01
-1.159578e+01,-1.111701e+01,7.730034e+00,1.805954e+00,4.056441e+00,1.865212e-01
2.836011e+00,-1.247431e+01,8.640180e+00,-4.693884e-01,5.062891e+00,1.016283e+00
2.675136e+01,3.941000e+01,-1.431495e+01,-2.161866e+00,3.726692e+00,8.723870e-01
1.461181e+00,8.513448e+00,7.514236e+00,-1.833507e+00,-1.677440e-01,-2.137857e+00
8.144359e+00,-5.766674e+00,1.637668e+01,-3.696981e+00,1.723405e+00,7.674330e-01
6.420000e+00,1.336398e+01,1.116309e+01,-3.226647e+00,1.184037e+00,1.570922e-01
-3.438180e+00,1.680529e+01,1.194174e+01,-1.872521e+00,-7.467426e-01,-6.654123e-01
-5.139262e+00,8.977281e+00,9.894417e+00,-1.406350e+00,-1.639078e-01,-2.692907e-01
2.479637e+00,9.340880e+00,7.095868e+00,-1.004385e+00,8.344283e-01,7.323311e-02
2.763214e+00,1.193309e+01,6.588717e+00,-9.065109e-01,7.481521e-01,4.287495e-02
1.848209e+00,9.196115e+00,2.919438e+00,-6.105194e-01,-2.531558e-02,2.465863e-02
1.239307e+00,8.874139e+00,2.331597e+00,-5.860195e-01,-2.106472e-01,-1.873511e-01
1.256707e+00,9.281776e+00,8.116768e-01,-8.138621e-01,-3.885165e-01,-2.383537e-01
1.961859e-01,8.150841e+00,-5.217635e-02,-1.000593e+00,-6.921980e-01,-2.908133e-01
-1.265002e+00,5.636084e+00,-5.573902e-01,-1.411532e+00,-1.088131e+00,-4.273598e-01
-6.511657e-01,6.626420e+00,9.102570e-01,-1.762776e+00,-1.260737e+00,-4.656273e-01
1.263687e+00,6.939369e+00,2.465323e+00,-2.110469e+00,-1.369427e+00,-4.813799e-01
9.522570e-01,6.840060e+00,2.349208e+00,-2.350187e+00,-1.431719e+00,-4.186807e-01
8.738961e-01,8.360613e+00,3.097003e+00,-2.724972e+00,-1.302962e+00,-2.105590e-01
2.443303e+00,8.275163e+00,3.329720e+00,-2.937900e+00,-1.301794e+00,-1.575502e-01
3.011079e+00,1.027073e+01,2.004813e+00,-3.403369e+00,-1.634451e+00,-2.451617e-02
6.509835e+00,1.245535e+01,-1.686800e-01,-3.831549e+00,-1.842157e+00,-6.831457e-02
7.440554e+00,1.868465e+01,-9.612387e-01,-4.722772e+00,-2.970423e+00,-2.778041e-01
-6.608277e-01,1.725357e+01,7.158026e+00,-5.027917e+00,-4.504980e+00,-5.030444e-01
-1.506156e+01,2.828049e+01,2.234033e+01,-4.751104e+00,-4.055874e+00,-5.764596e-02
-1.469971e+01,1.218142e+01,2.155035e+01,-2.786429e+00,-1.376792e+00,5.952113e-01
-7.580648e-01,1.409968e-01,2.032786e+01,-1.133370e+00,2.783477e+00,1.510562e+00
7.912808e+00,1.212788e+01,1.195487e+01,-2.278236e-01,3.089399e+00,1.688384e+00
5.457668e+00,3.635010e+00,1.275779e+01,2.234595e+00,2.457666e+00,7.566281e-01
6.569392e+00,9.456469e-01,9.231470e+00,3.534564e+00,2.114940e+00,5.548152e-01
5.815716e+00,-5.458323e-01,8.501006e+00,4.727671e+00,1.279640e+00,-2.485072e-01
4.445432e+00,-5.590868e-02,8.492294e+00,5.460651e+00,1.009178e+00,-6.540089e-01
4.664015e+00,8.050190e-01,8.461904e+00,6.344082e+00,9.020734e-01,-1.012719e+00
5.463626e+00,3.774038e-01,1.020243e+01,7.170223e+00,5.298347e-01,-1.210031e+00
5.150265e+00,5.813866e-01,1.182366e+01,7.917672e+00,2.357962e-02,-1.471029e+00
5.122358e+00,1.030951e+00,1.134585e+01,8.181047e+00,-1.630293e-01,-1.502505e+00
-9.873249e-01,7.302342e+00,1.027227e+01,7.299692e+00,-9.095980e-01,-8.239135e-01
-6.664478e+00,8.724289e+00,1.066552e+01,6.119170e+00,-6.801456e-01,-3.267999e-01
-9.259740e+00,-6.055563e+00,4.257271e+00,3.771553e+00,1.791820e+00,7.492729e-01
2.606943e+00,-1.107600e+01,1.852967e+00,1.172342e+00,3.518063e+00,9.832260e-01
1.281858e+01,2.327154e-01,7.081824e+00,-3.218745e+00,2.021439e+00,7.062312e-01
1.582474e+01,3.240934e+01,-1.356208e+00,-3.510109e+00,8.655677e-02,1.767965e-01
-5.007687e+00,7.049724e+00,5.438213e+00,-1.492062e+00,-3.545821e+00,-2.081842e+00
-7.724752e+00,-3.221186e+00,1.093525e+01,-2.913837e+00,-2.675543e+00,-1.360892e+00
-1.146635e+00,3.717609e+00,1.538295e+01,-3.223141e+00,4.117695e-01,1.694239e-01
-4.980530e+00,1.842140e+01,1.255139e+01,-2.741323e+00,9.203207e-02,-2.456689e-01
-2.465922e+00,8.595701e+00,7.051368e+00,-1.445292e+00,5.912866e-01,3.223100e-01
1.151223e+00,8.130798e+00,4.744202e+00,-1.432220e+00,1.012926e+00,4.560044e-01
2.603764e+00,1.072574e+01,5.140556e+00,-1.201757e+00,7.816896e-01,2.051848e-01
1.138803e+00,9.637632e+00,4.365865e+00,-1.126670e+00,2.092303e-01,6.221912e-02
-1.039728e+00,8.387161e+00,3.755895e+00,-9.943367e-01,-3.307844e-01,-5.784705e-02
-2.718763e+00,8.414003e+00,4.044236e+00,-9.353845e-01,-1.384707e-01,-1.051231e-02
-3.706506e-01,8.879745e+00,3.328158e+00,-8.997884e-01,3.984116e-01,1.394709e-01
2.288096e+00,7.997198e+00,1.974521e+00,-9.456754e-01,4.705351e-01,6.809886e-02
2.591722e+00,8.055861e+00,1.324453e+00,-1.293806e+00,-2.172299e-01,-1.760599e-01
9.293439e-01,7.808710e+00,3.072919e+00,-1.457367e+00,-5.693412e-01,-3.035650e-01
6.683867e-01,8.287383e+00,4.724624e+00,-1.646964e+00,-6.599788e-01,-2.890553e-01
1.927165e+00,7.469425e+00,2.114941e+00,-1.749839e+00,-6.695830e-01,-2.295442e-01
1.571707e+00,7.770927e+00,6.179512e-01,-2.190805e+00,-9.846511e-01,-1.749354e-01
2.021817e+00,9.290612e+00,1.475157e+00,-2.679559e+00,-1.264772e+00,-1.781551e-01
-9.368957e-01,1.032085e+01,3.343922e+00,-3.213491e+00,-1.568804e+00,-7.818499e-02
2.958002e+00,1.099833e+01,1.966211e+00,-3.532768e+00,-1.273363e+00,1.653393e-01
9.929199e+00,2.056032e+01,-4.689020e+00,-4.483590e+00,-1.855473e+00,3.900550e-01
3.433189e+00,2.071025e+01,3.291776e+00,-4.852747e+00,-3.406386e+00,1.723281e-02
-8.244328e+00,1.894599e+01,1.975026e+01,-4.563920e+00,-4.562023e+00,-5.140698e-01
-1.466829e+01,2.181783e+01,2.107685e+01,-3.272392e+00,-2.645130e+00,-4.376894e-01
-9.753652e-01,8.274917e-01,1.883976e+01,-1.437678e+00,9.400057e-01,6.899785e-01
6.369538e+00,9.958607e+00,1.108152e+01,-1.065899e+00,2.075035e+00,7.990670e-01
4.571512e+00,6.795551e+00,1.292221e+01,1.539682e+00,1.844873e+00,-2.170315e-01
5.079815e+00,3.066836e+00,9.383672e+00,2.744053e+00,1.837175e+00,-2.165017e-01
3.873928e+00,1.544227e+00,8.943092e+00,4.149456e+00,1.688245e+00,-6.908373e-01
3.075854e+00,1.169073e+00,9.652635e+00,4.876846e+00,1.699893e+00,-7.659774e-01
2.635754e+00,4.854736e-01,8.483965e+00,6.021928e+00,1.804947e+00,-6.587375e-01
4.030638e+00,1.033709e+00,9.288534e+00,6.702796e+00,1.781096e+00,-4.818522e-01
6.856978e+00,1.366792e+00,1.233377e+01,7.661215e+00,1.139134e+00,-3.264317e-01
7.218909e+00,2.325610e+00,1.106564e+01,7.920448e+00,5.529822e-01,-2.323535e-01
2.737580e+00,5.006948e+00,1.075960e+01,7.506686e+00,-6.149016e-01,-1.828152e-01
-3.662120e+00,5.527758e+00,9.979737e+00,6.242346e+00,-1.106009e+00,-3.442825e-01
-9.634414e+00,-5.687504e+00,4.334986e+00,3.785743e+00,8.898469e-01,8.565708e-02
-4.794928e+00,-8.747240e+00,3.705672e+00,1.359970e+00,2.385333e+00,5.377037e-01
8.214733e+00,1.582864e+01,-2.829178e+00,-3.315278e+00,2.405032e+00,7.146375e-01
1.702240e+01,3.698910e+01,4.329051e-01,-3.146536e+00,1.650403e+00,1.040372e+00
-2.672945e+00,-4.355275e+00,1.365838e+01,-3.105507e+00,-4.427173e-01,-1.194192e+00
5.388313e+00,-7.449297e+00,1.400462e+01,-2.792494e+00,-2.358252e-02,-5.817828e-01
-6.234509e-01,1.968081e+01,1.402301e+01,-2.743905e+00,-3.862379e-01,-1.913725e-01
-7.516511e+00,2.208694e+01,1.101128e+01,-1.749666e+00,-1.207980e-01,-4.237297e-02
-2.832816e+00,4.855212e+00,6.904640e+00,-1.115847e+00,2.249316e+00,6.919943e-01
5.442103e+00,9.166314e+00,6.058597e+00,-9.504516e-01,2.525869e+00,7.495334e-01
7.430446e+00,1.061663e+01,4.736658e+00,-7.966667e-01,6.537776e-01,1.795535e-01
3.044212e+00,8.272959e+00,3.828282e+00,-7.864449e-01,-2.881039e-01,-3.800890e-02
-6.055067e-01,9.640268e+00,2.802008e+00,-7.809839e-01,-7.081984e-01,-2.443393e-01
-2.756110e-02,1.028783e+01,2.121973e+00,-8.053762e-01,-4.684334e-01,-2.510843e-01
-2.129974e-01,8.404668e+00,1.010000e+00,-9.573045e-01,-5.629652e-01,-2.932807e-01
-1.615452e+00,7.668642e+00,1.379173e+00,-1.150209e+00,-6.388889e-01,-2.995252e-01
-1.655348e+00,8.082712e+00,2.996766e+00,-1.405953e+00,-3.775079e-01,-2.182563e-01
9.152245e-01,8.053499e+00,3.053499e+00,-1.499880e+00,-2.252894e-01,-1.742240e-01
3.186506e+00,8.076709e+00,2.939797e+00,-1.714484e+00,-5.556357e-01,-2.400065e-01
1.584667e+00,7.473271e+00,1.555417e+00,-1.949807e+00,-9.447593e-01,-2.709205e-01
1.213197e+00,7.996048e+00,1.506112e+00,-2.478252e+00,-1.209754e+00,-2.059855e-01
1.555055e+00,9.150887e+00,1.617894e+00,-2.909873e+00,-1.380652e+00,-1.380025e-01
2.039506e+00,1.003253e+01,1.892917e+00,-3.395233e+00,-1.582203e+00,1.091364e-03
6.156156e+00,1.035980e+01,-7.403873e-01,-3.736891e+00,-1.596240e+00,1.045285e-01
7.438193e+00,2.045445e+01,-3.421907e+00,-4.723047e+00,-3.298083e+00,5.319242e-02
-5.307916e+00,2.337267e+01,1.288916e+01,-5.007773e+00,-5.159086e+00,-4.778563e-02
-1.821501e+01,2.506463e+01,2.067455e+01,-4.157545e+00,-3.192475e+00,3.996891e-01
-1.492535e+01,8.218576e+00,2.289224e+01,-2.401866e+00,-5.868154e-01,9.625691e-01
1.023422e+01,1.057312e+01,1.525974e+01,-1.473787e+00,3.372013e+00,1.566655e+00
1.249265e+01,1.178344e+01,1.357918e+01,4.480864e-02,3.042749e+00,1.305283e+00
7.912287e+00,2.651050e+00,1.114429e+01,2.908384e+00,1.332959e+00,2.225702e-02
4.967072e+00,2.695152e-01,8.709570e+00,3.806681e+00,8.656689e-01,-1.691715e-01
1.969391e+00,-5.232836e-01,1.000555e+01,5.248327e+00,9.266767e-01,-7.280086e-01
2.079130e+00,-1.186087e+00,9.091306e+00,6.200854e+00,1.400005e+00,-7.116463e-01
4.473123e+00,-1.766061e+00,1.014112e+01,7.200395e+00,1.656319e+00,-6.730328e-01
5.867689e+00,-1.470157e+00,1.120254e+01,7.970789e+00,1.482767e+00,-6.002423e-01
6.558084e+00,2.331460e-01,1.217658e+01,8.651668e+00,5.776683e-01,-5.396455e-01
4.404717e+00,4.816998e+00,1.162446e+01,8.419967e+00,-8.761774e-02,-4.687490e-01
-4.013186e+00,6.283477e+00,8.943198e+00,7.135927e+00,-8.103127e-01,-4.380788e-01
-1.115025e+01,2.124018e+00,5.609874e+00,5.533413e+00,-2.876811e-01,-3.045989e-01
-3.923819e+00,-9.507838e+00,-2.724816e+00,2.030937e+00,2.580420e+00,2.727194e-01
7.355864e+00,-6.582282e+00,-5.569989e-01,-4.227547e-01,2.830996e+00,5.481488e-01
7.422347e+00,5.421992e+00,5.201035e+00,-3.842118e+00,6.483281e-01,1.813977e-02
1.513513e+01,3.941000e+01,-1.038778e+01,-3.248903e+00,-5.192171e-01,-2.691852e-01
-1.505966e+01,1.699316e+00,1.006286e+01,-1.720710e+00,-2.607155e+00,-2.232427e+00
-1.298620e+01,-5.790014e+00,1.458450e+01,-3.382916e+00,-2.661865e-01,-4.038911e-01
6.512023e-01,1.706784e+01,1.897759e+01,-3.154070e+00,3.345986e+00,8.170264e-01
6.852795e+00,1.974841e+01,1.285264e+01,-2.080084e+00,2.738813e+00,4.178822e-01
7.899107e+00,3.120000e+00,7.313881e+00,-1.311590e+00,8.531440e-01,6.659924e-02
3.674569e+00,1.082427e+01,5.885727e+00,-1.376347e+00,1.805853e-01,-2.101656e-02
2.768079e-01,1.225722e+01,5.935113e+00,-9.864428e-01,-7.623058e-01,-4.311545e-01
-8.778800e-01,1.015911e+01,4.440734e+00,-8.195101e-01,-1.132616e+00,-3.051119e-01
-3.338433e+00,8.812264e+00,2.762680e+00,-6.706540e-01,-5.372003e-01,-2.001326e-01
-2.208919e-01,1.001390e+01,9.261300e-01,-6.657981e-01,-5.469894e-02,-9.632273e-02
2.039547e+00,8.740408e+00,-8.847010e-01,-8.523619e-01,-1.232348e-01,-1.896755e-01
7.926383e-01,6.219878e+00,-5.616073e-01,-1.121130e+00,-5.597788e-01,-3.456317e-01
-2.724921e+00,6.562208e+00,1.393691e+00,-1.631069e+00,-1.046140e+00,-4.523985e-01
-1.372243e+00,7.523319e+00,2.607385e+00,-1.812937e+00,-8.238911e-01,-3.972533e-01
2.578026e+00,7.447171e+00,2.844803e+00,-2.004887e+00,-8.034741e-01,-3.846992e-01
2.669068e+00,7.301381e+00,1.526799e+00,-2.259189e+00,-1.093465e+00,-3.736091e-01
3.927774e-01,8.400691e+00,2.052498e+00,-2.725608e+00,-1.416265e+00,-3.121268e-01
1.641587e+00,1.044092e+01,3.029336e+00,-3.015391e+00,-1.436705e+00,-2.501366e-01
2.287461e+00,9.931316e+00,3.315788e+00,-3.366985e+00,-1.575693e+00,-7.426884e-02
5.784479e+00,1.012325e+01,2.049011e+00,-3.640460e+00,-1.427046e+00,7.521603e-02
1.447817e+01,2.015959e+01,-5.769926e+00,-4.716011e+00,-2.994181e+00,1.365509e-01
1.670725e+00,2.134083e+01,6.268023e+00,-5.001987e+00,-5.442700e+00,-3.049129e-01
-2.008065e+01,2.754280e+01,2.288039e+01,-4.765251e+00,-4.831349e+00,-3.492528e-01
-1.887611e+01,1.641160e+01,2.055996e+01,-2.731147e+00,-1.094083e+00,6.563219e-01
6.595451e+00,3.516130e+00,1.940971e+01,-1.123724e+00,3.883612e+00,1.361637e+00
1.428639e+01,1.114902e+01,1.118211e+01,-3.895729e-01,3.779190e+00,1.224003e+00
1.020512e+01,4.539378e+00,1.130897e+01,1.946631e+00,1.495838e+00,1.005668e-02
6.603450e+00,1.547486e+00,8.843278e+00,3.270257e+00,9.823745e-02,-5.436603e-01
1.765366e+00,-9.885785e-01,8.657237e+00,4.572318e+00,-3.544437e-01,-1.318243e+00
-9.040125e-01,3.446940e-01,8.794673e+00,5.178094e+00,-8.282961e-02,-1.515211e+00
5.998314e-01,5.615966e-01,9.219748e+00,6.421318e+00,9.726694e-01,-1.312548e+00
1.992420e+00,3.796539e-01,1.029346e+01,7.217985e+00,1.613028e+00,-1.104480e+00
4.138440e+00,2.082143e+00,1.321388e+01,8.131753e+00,1.787435e+00,-6.465524e-01
5.393804e+00,4.643783e+00,1.212438e+01,8.556088e+00,1.759076e+00,-3.403394e-01
2.110044e-01,7.576035e+00,8.820404e+00,7.998995e+00,1.191076e+00,2.289770e-01
-1.119975e+01,4.846799e+00,8.050728e+00,6.437926e+00,1.256509e+00,6.676813e-01
-2.289267e+00,-9.733725e+00,3.899313e-01,3.583688e+00,4.318537e+00,1.253322e+00
6.612646e+00,-1.117180e+01,-2.552491e+00,7.030435e-01,4.358018e+00,1.078965e+00
1.197651e+01,-3.454085e-01,7.352624e+00,-3.476468e+00,1.356345e+00,3.200211e-02
1.232809e+01,2.181027e+01,-1.754406e-01,-4.341523e+00,-9.107821e-01,-8.630694e-01
-1.139348e+01,7.853608e+00,1.250382e+01,-1.491010e+00,-3.558518e+00,-2.520512e+00
-1.266530e+01,-7.802508e+00,1.434577e+01,-3.477891e+00,-1.187922e+00,-1.102275e+00
3.035861e+00,1.166484e+01,1.549570e+01,-3.322243e+00,2.535790e+00,7.674740e-01
1.125208e+00,1.956053e+01,1.179233e+01,-2.314682e+00,1.704375e+00,-4.273855e-03
3.352445e+00,6.752900e+00,7.960826e+00,-1.346368e+00,7.668543e-01,-8.726646e-03
3.189925e+00,8.282074e+00,5.145397e+00,-1.333970e+00,4.701751e-01,-1.139704e-02
2.316299e+00,1.120604e+01,5.766562e+00,-1.028925e+00,-2.789740e-02,-3.031637e-01
1.988848e+00,1.057009e+01,4.477135e+00,-9.777235e-01,-3.586459e-01,-2.570058e-01
-1.324004e+00,9.034200e+00,3.200199e+00,-8.334839e-01,-8.219032e-01,-3.319104e-01
-1.461772e+00,9.321139e+00,2.813924e+00,-7.851512e-01,-6.133310e-01,-3.102521e-01
-8.653548e-01,9.236292e+00,1.574434e+00,-7.631716e-01,-3.497320e-01,-2.820360e-01
-5.472057e-04,8.097307e+00,4.547768e-01,-9.109970e-01,-3.515174e-01,-2.960551e-01
-1.337742e+00,6.417118e+00,5.759089e-01,-1.320770e+00,-5.507337e-01,-3.698851e-01
-2.637103e+00,7.164483e+00,1.675725e+00,-1.614900e+00,-3.916827e-01,-2.520285e-01
1.001311e+00,7.769492e+00,3.868075e+00,-1.820982e+00,-6.820776e-02,-2.188889e-01
2.501756e+00,7.762333e+00,3.696422e+00,-1.915170e+00,-1.356655e-01,-2.339616e-01
3.433942e+00,7.528461e+00,2.866358e+00,-2.215360e+00,-5.046542e-01,-1.826398e-01
3.791877e+00,9.333459e+00,2.283887e+00,-2.520941e+00,-8.151328e-01,-1.090998e-01
1.590140e+00,1.023560e+01,2.306549e+00,-3.162476e+00,-1.520619e+00,-7.830678e-02
1.974701e+00,1.092382e+01,2.519666e+00,-3.507642e+00,-1.625836e+00,4.002049e-02
7.277559e+00,1.737436e+01,-2.930529e+00,-4.099940e+00,-2.001768e+00,1.176334e-01
5.960014e+00,2.389819e+01,-3.384739e+00,-4.792943e+00,-3.046449e+00,1.401626e-01
-7.459156e+00,1.599725e+01,1.523499e+01,-4.886812e+00,-4.739765e+00,-2.093269e-01
-1.055329e+01,2.688582e+01,2.014997e+01,-4.637242e+00,-3.155961e+00,8.130190e-02
-2.210473e+00,4.529294e+00,1.989880e+01,-1.969960e+00,-3.457947e-01,5.969709e-01
6.451317e+00,3.236634e+00,1.482622e+01,-1.424646e+00,1.816938e+00,9.253805e-01
6.440966e+00,9.254788e+00,1.028909e+01,1.616048e-01,1.519497e+00,1.229251e-01
2.823461e+00,5.577271e+00,1.160622e+01,1.785838e+00,1.155652e+00,-6.211872e-01
2.960037e+00,9.601097e-01,7.780073e+00,3.535215e+00,1.529763e+00,-8.503372e-01
2.694465e+00,1.331697e+00,8.967363e+00,4.236217e+00,1.661331e+00,-1.051706e+00
3.177951e+00,1.139028e+00,9.005399e+00,5.642892e+00,1.826986e+00,-9.380155e-01
3.659938e+00,5.178055e-01,8.945486e+00,6.460767e+00,1.806141e+00,-8.650698e-01
5.262544e+00,7.373618e-01,1.059945e+01,7.336480e+00,1.358248e+00,-7.333101e-01
5.959753e+00,1.507933e+00,1.288072e+01,7.980546e+00,8.238479e-01,-6.885216e-01
6.628710e+00,4.413740e+00,1.144503e+01,8.482829e+00,-8.644371e-02,-5.728391e-01
9.742962e-01,5.554785e+00,1.069798e+01,8.199778e+00,-5.052471e-01,-7.793892e-01
-1.254879e+01,2.743589e+00,7.280982e+00,6.094077e+00,-5.384120e-01,-7.766571e-01
-1.468892e+01,-7.244189e+00,6.992231e+00,3.761403e+00,1.983051e+00,5.885467e-02
6.197341e+00,-1.017261e+01,2.130423e+00,-8.811906e-01,4.134945e+00,1.113643e+00
1.220727e+01,-3.464487e+00,7.937929e+00,-3.168980e+00,3.185279e+00,9.487266e-01
1.491766e+01,3.344555e+01,4.403135e-01,-5.216760e+00,3.095925e-01,-3.184469e-01
2.067295e+01,3.449824e+01,-1.026307e-01,-2.264945e-01,-1.391935e+00,-7.962998e-02
-2.094084e+01,-5.911501e+00,1.354819e+01,-3.700161e+00,-2.317085e+00,-1.337844e+00
-4.472666e+00,4.374166e+00,1.991975e+01,-4.114724e+00,1.677218e+00,5.015755e-01
-1.775194e+00,8.619494e+00,1.049176e+01,-2.620361e+00,2.091930e+00,8.317714e-01
8.398761e+00,1.112876e+01,1.208119e+01,-2.045754e+00,1.686530e+00,2.522859e-01
6.103397e-01,8.743609e+00,9.449766e+00,-1.446024e+00,-2.438310e-01,1.609559e-01
1.739851e+00,1.047164e+01,7.405610e+00,-1.274693e+00,-9.407653e-02,1.617274e-01
2.016653e+00,1.101338e+01,5.859362e+00,-9.851421e-01,-9.852295e-02,1.062796e-01
8.261209e-01,1.013008e+01,5.425038e+00,-8.044422e-01,-2.207415e-01,4.781836e-02
2.473380e-01,8.246196e+00,3.589621e+00,-6.376057e-01,-3.864953e-01,-6.311528e-02
-1.411474e+00,8.181140e+00,2.535680e+00,-6.236099e-01,-5.599569e-01,-1.038721e-01
-1.642843e+00,7.492646e+00,8.575965e-01,-7.605097e-01,-5.634285e-01,-1.786986e-01
-1.653903e-01,6.437242e+00,-1.463788e-01,-1.029076e+00,-5.594909e-01,-2.031483e-01
1.390486e+00,6.459946e+00,9.329736e-02,-1.605294e+00,-9.343011e-01,-2.807327e-01
3.609126e-01,6.868514e+00,5.683442e-01,-1.854602e+00,-1.155848e+00,-3.146745e-01
5.995310e-01,7.584902e+00,2.919546e-01,-2.373378e+00,-1.234493e+00,-3.125489e-01
2.682211e+00,8.434502e+00,1.003981e-01,-2.880379e+00,-1.205325e+00,-2.153897e-01
4.977076e+00,7.542415e+00,6.069321e-01,-3.631424e+00,-1.583986e+00,-5.823025e-02
7.924989e+00,1.174235e+01,-2.017418e+00,-4.116675e+00,-1.782443e+00,1.093219e-01
8.308497e+00,1.733528e+01,-1.260196e+00,-5.117930e+00,-2.764079e+00,-1.390411e-01
6.453402e-01,2.102442e+01,8.610731e+00,-5.663077e+00,-4.659826e+00,-5.412508e-01
-1.864863e+01,3.140344e+01,2.575273e+01,-5.178836e+00,-4.352357e+00,7.746451e-02
-1.698147e+01,1.366753e+01,2.259077e+01,-2.953003e+00,-1.232795e+00,1.109157e+00
5.339471e+00,3.263310e+00,2.077603e+01,-1.195823e+00,2.834902e+00,1.655949e+00
1.230841e+01,1.011194e+01,1.227040e+01,8.779830e-02,2.892628e+00,1.495144e+00
4.414957e+00,1.948651e+00,1.223756e+01,2.971965e+00,1.680930e+00,1.262265e-01
4.150895e+00,-1.936415e+00,8.184331e+00,4.110197e+00,1.584931e+00,1.501728e-02
3.609170e+00,-1.524037e+00,9.687332e+00,5.403038e+00,1.643071e+00,-5.798844e-01
4.275025e+00,-1.042309e+00,1.012409e+01,6.476677e+00,1.632646e+00,-5.073238e-01
5.337424e+00,-3.780000e+00,1.043978e+01,7.644908e+00,1.381067e+00,-5.421206e-01
7.400579e+00,-1.880136e+00,1.040763e+01,8.012141e+00,1.085791e+00,-5.942985e-01
4.797529e+00,-6.270027e-01,1.204635e+01,8.544327e+00,-2.750515e-01,-8.129564e-01
5.895042e-01,2.312849e+00,1.163002e+01,8.185017e+00,-9.093401e-01,-8.762065e-01
-7.451710e+00,6.949873e+00,8.978987e+00,6.522341e+00,-4.554661e-01,-8.262732e-01
-1.214887e+01,-1.364863e+00,5.420787e+00,4.824160e+00,1.027435e+00,-8.302469e-01
-3.942479e-01,-9.526605e+00,-1.935006e+00,1.258401e+00,3.132052e+00,3.234854e-01
4.729775e+00,-5.746740e+00,1.316029e+00,-1.023687e+00,2.790702e+00,6.506132e-01
8.864913e+00,3.067103e+01,3.116257e+00,-4.209946e+00,1.276628e+00,2.018564e-02
2.748479e+01,3.940383e+01,-1.509206e+01,-1.427398e+00,1.361336e+00,1.009766e+00
-1.758850e+01,-1.668830e+01,1.316731e+01,-1.802610e+00,-1.030771e+00,-1.504099e+00
-1.189432e+01,-1.049972e-01,1.824403e+01,-4.197635e+00,2.255968e+00,-2.796080e-02
1.222308e+01,1.373541e+01,7.243414e+00,-2.719881e+00,7.914045e-01,1.465992e-01
-1.673186e+00,4.121806e+00,1.035186e+01,-2.180740e+00,-9.398416e-01,-9.291166e-01
-3.363979e+00,1.200122e+01,8.991814e+00,-2.027359e+00,-6.761951e-01,-1.979551e-02
-1.502248e+00,9.473469e+00,7.606531e+00,-1.615031e+00,-2.668934e-01,-1.005628e-01
4.741736e+00,9.519436e+00,5.701838e+00,-1.447040e+00,-6.855168e-02,2.664256e-02
3.032772e+00,8.229336e+00,5.604135e+00,-1.227171e+00,-7.618296e-01,-1.505214e-01
2.982806e-01,7.525265e+00,4.657751e+00,-1.181494e+00,-1.268412e+00,-3.489378e-01
-2.445699e+00,6.473745e+00,4.672789e+00,-1.131761e+00,-1.268221e+00,-3.047346e-01
-3.137810e+00,6.165673e+00,4.649533e+00,-1.108675e+00,-6.129117e-01,-1.043497e-01
-1.842520e+00,7.084106e+00,4.116626e+00,-1.131125e+00,-2.246138e-01,-1.005644e-02
-9.995072e-01,8.434502e+00,5.025823e+00,-1.189046e+00,1.027636e-01,4.571266e-02
-4.094256e-01,7.964661e+00,5.984073e+00,-1.136540e+00,2.544927e-01,1.284508e-02
2.053554e+00,7.922033e+00,4.098895e+00,-1.187348e+00,7.984858e-02,-5.270201e-02
1.868643e+00,6.913496e+00,5.235036e-01,-1.291508e+00,-2.192612e-01,-8.751638e-02
2.017820e+00,7.328919e+00,2.477801e-01,-1.830715e+00,-5.442005e-01,-1.175956e-01
2.749831e+00,1.029577e+01,3.747979e-01,-2.467654e+00,-7.693118e-01,-7.211943e-02
3.853980e+00,1.154659e+01,1.292346e+00,-3.103817e+00,-1.175032e+00,-7.610499e-02
1.485491e+01,1.194581e+01,-2.983480e+00,-3.669423e+00,-1.351669e+00,-5.694139e-02
1.115550e+01,1.872169e+01,-4.089538e-01,-5.010148e+00,-3.840729e+00,-3.926417e-01
-3.628938e+00,2.019355e+01,1.428900e+01,-5.287223e+00,-6.796177e+00,-9.967058e-01
-2.442498e+01,2.680116e+01,2.480115e+01,-4.738396e+00,-4.862691e+00,-2.581828e-01
-1.975182e+01,1.173781e+01,2.064770e+01,-2.697438e+00,-1.386924e+00,9.963173e-01
4.747973e+00,3.243329e+00,1.776866e+01,-1.477339e+00,3.281245e+00,1.462187e+00
9.875990e+00,9.784579e+00,1.279695e+01,-5.086793e-01,3.430384e+00,1.319729e+00
6.545899e+00,4.702771e+00,1.281495e+01,2.261159e+00,2.145214e+00,3.505106e-01
5.429776e+00,-6.350750e-02,8.409627e+00,3.629686e+00,1.742854e+00,1.884814e-01
1.704595e+00,4.901348e-01,1.040432e+01,4.789356e+00,1.378557e+00,-2.467541e-01
1.801402e+00,5.734031e-01,1.074083e+01,5.759480e+00,1.534840e+00,-3.852469e-01
3.524864e+00,-1.143158e+00,9.692230e+00,7.178622e+00,1.781644e+00,-5.091832e-01
6.581938e+00,-1.725147e+00,1.110148e+01,7.767969e+00,1.513595e+00,-5.496754e-01
7.974500e+00,-3.230014e-02,1.182330e+01,8.352620e+00,3.422952e-01,-8.157764e-01
5.506234e+00,1.930660e+00,1.285567e+01,8.505003e+00,-2.792215e-01,-1.025376e+00
-3.352095e+00,4.673014e+00,8.846547e+00,7.546457e+00,-6.372514e-01,-1.464592e+00
-1.067551e+01,5.782625e+00,7.499880e+00,5.913323e+00,-1.978099e-01,-1.116363e+00
-9.168023e+00,-9.342714e+00,4.511441e+00,2.971798e+00,2.431383e+00,2.379018e-01
2.587483e+00,-1.083722e+01,2.147417e+00,-3.109365e-01,3.992883e+00,7.240545e-01
1.085993e+01,-1.313534e+00,6.201262e+00,-4.032862e+00,2.718143e+00,5.970305e-01
2.651600e+01,3.937989e+01,-1.356782e+01,-3.899898e+00,1.670485e+00,5.449596e-01
-1.959080e+01,-1.740897e+01,1.266023e+01,-8.951520e-01,-1.657091e+00,-2.106784e+00
-1.199884e+01,-9.487866e+00,1.962575e+01,-4.004448e+00,1.216147e+00,-3.271029e-01
1.261978e+01,2.081226e+01,1.023935e+01,-2.630388e+00,1.604212e+00,5.856198e-01
7.755641e-02,8.465951e+00,1.321120e+01,-1.627127e+00,1.167082e-02,-1.025412e+00
-1.993882e+00,1.051866e+01,8.301350e+00,-1.469805e+00,-5.598660e-01,-4.978772e-02
-2.147153e+00,9.745585e+00,7.445294e+00,-9.957656e-01,-1.287247e-02,-1.445668e-01
5.516368e+00,1.153637e+01,3.679605e+00,-8.633377e-01,1.923640e-01,4.259306e-03
3.643299e+00,9.834995e+00,3.019185e+00,-7.661023e-01,-6.065058e-01,-2.205679e-01
-2.094066e+00,8.820144e+00,2.410636e+00,-7.563506e-01,-1.264933e+00,-3.920594e-01
-2.663589e+00,7.459129e+00,1.339642e+00,-8.148925e-01,-1.076396e+00,-3.755645e-01
-3.198832e-01,7.140584e+00,1.563037e-01,-1.084450e+00,-7.569253e-01,-2.964895e-01
-4.319496e-01,6.802712e+00,2.639838e-01,-1.361663e+00,-9.323018e-01,-3.710567e-01
-2.488122e+00,6.963943e+00,3.141126e+00,-1.688216e+00,-1.113595e+00,-4.929221e-01
-1.870134e+00,7.329054e+00,4.534393e+00,-1.748002e+00,-9.249820e-01,-4.698233e-01
1.714878e+00,7.501444e+00,2.144781e+00,-1.946651e+00,-8.076039e-01,-4.266463e-01
2.142555e+00,7.398925e+00,1.635965e-01,-2.237694e+00,-1.004278e+00,-3.841264e-01
1.827016e+00,9.943005e+00,1.101482e+00,-2.829825e+00,-1.276584e+00,-3.466746e-01
6.779691e-01,1.021705e+01,2.128046e+00,-3.299507e+00,-1.460835e+00,-2.283374e-01
9.052702e+00,1.163222e+01,-3.124547e-01,-3.876168e+00,-1.213107e+00,1.183540e-02
1.619742e+01,1.433947e+01,-4.983048e+00,-4.499211e+00,-1.915707e+00,-1.885291e-01
8.408244e-01,1.650995e+01,9.415686e+00,-5.131973e+00,-4.978046e+00,-1.061196e+00
-1.458685e+01,3.044175e+01,2.622425e+01,-5.577395e+00,-6.434645e+00,-1.259636e+00
-1.900062e+01,1.486204e+01,2.198061e+01,-2.851196e+00,-2.770565e+00,2.607146e-01
-5.045808e+00,-5.366407e-02,2.460926e+01,-1.192213e+00,6.063811e-01,1.067842e+00
1.015280e+01,1.215130e+01,1.328676e+01,-6.551949e-01,3.104825e+00,1.227165e+00
7.720428e+00,9.145396e+00,1.502717e+01,1.515891e+00,2.164850e+00,5.695965e-01
4.522407e+00,1.428203e+00,9.793510e+00,3.817727e+00,1.805192e+00,2.099952e-01
3.067433e+00,-2.014082e+00,7.935995e+00,4.840432e+00,1.665874e+00,3.241958e-02
2.627371e+00,-5.301731e-01,9.106516e+00,5.712134e+00,1.745384e+00,-2.059830e-01
3.314576e+00,3.861479e-01,8.504607e+00,6.501188e+00,1.824598e+00,-6.950180e-02
6.495560e+00,-1.757490e+00,1.026309e+01,7.481250e+00,1.476710e+00,-1.793129e-01
7.872999e+00,-3.467580e-01,1.118962e+01,7.896624e+00,7.156675e-01,-2.406206e-01
5.894533e+00,2.385214e+00,1.233928e+01,8.261012e+00,-6.332037e-01,-7.122943e-01
-8.426526e-01,3.410019e+00,1.164520e+01,7.783202e+00,-1.062577e+00,-1.037222e+00
-1.317032e+01,3.607443e+00,7.611897e+00,5.852447e+00,-7.436838e-02,-8.553616e-01
-1.452550e+01,-3.706497e+00,5.423655e+00,4.076976e+00,1.755556e+00,-2.053865e-01
5.270809e+00,-8.714437e+00,8.497402e-01,8.342161e-01,4.012866e+00,8.811388e-01
8.571074e+00,-5.325549e+00,3.836453e+00,-2.358910e+00,3.386807e+00,9.325071e-01
2.322080e+01,3.760883e+01,-9.001748e+00,-3.459367e+00,1.124049e+00,3.592714e-01
3.444950e+00,1.049723e+01,3.329816e+00,-8.614947e-01,-1.987798e+00,-1.264827e+00
-6.636321e+00,-5.450544e+00,1.697170e+01,-3.799193e+00,-8.166921e-01,-8.095676e-01
7.784720e-01,1.051824e+01,2.124455e+01,-3.787566e+00,1.849500e+00,7.872122e-01
9.694111e-01,1.314189e+01,1.112131e+01,-1.546479e+00,1.370286e+00,-9.759661e-02
1.898013e+00,8.136727e+00,9.276028e+00,-1.216213e+00,1.157256e+00,2.105879e-01
4.583877e+00,1.026869e+01,4.616130e+00,-9.087254e-01,1.164925e+00,2.606010e-01
6.402298e+00,1.206908e+01,3.810015e+00,-7.418840e-01,5.303316e-01,1.299288e-02
2.653537e-01,9.411945e+00,2.018185e+00,-6.993113e-01,-8.934821e-01,-3.036811e-01
-2.433783e+00,9.150782e+00,1.491195e+00,-6.951172e-01,-1.094136e+00,-3.537134e-01
-2.339950e+00,8.728799e+00,3.759844e-02,-8.557517e-01,-5.956111e-01,-2.083926e-01
-2.394090e-01,7.893219e+00,-5.788180e-01,-1.045298e+00,-3.647357e-01,-1.952727e-01
-1.624844e+00,6.523988e+00,-8.338587e-02,-1.453234e+00,-6.121365e-01,-2.832277e-01
-3.817878e+00,7.421294e+00,2.583249e+00,-1.764610e+00,-7.842076e-01,-3.706620e-01
-1.176642e+00,8.478587e+00,6.334325e+00,-1.800913e+00,-1.907334e-01,-2.829860e-01
3.212915e+00,9.146987e+00,6.227020e+00,-1.766268e+00,6.345051e-02,-2.311111e-01
4.331451e+00,8.610215e+00,3.110376e+00,-1.786277e+00,-3.554416e-01,-2.185608e-01
3.150155e+00,8.560551e+00,2.668251e+00,-2.003105e+00,-7.695141e-01,-1.747198e-01
3.251866e+00,1.118116e+01,-1.664079e+00,-2.686604e+00,-1.316365e+00,-1.374242e-01
1.744057e+00,1.089775e+01,9.498259e-01,-3.058840e+00,-1.700305e+00,-1.956706e-01
8.905638e+00,1.231470e+01,5.458445e-01,-3.622894e+00,-1.864173e+00,-4.750364e-02
1.241582e+01,1.424568e+01,-3.711111e+00,-4.111594e+00,-2.376234e+00,-9.216075e-02
-2.895877e+00,1.446772e+01,4.817584e+00,-4.840539e+00,-4.913373e+00,-5.386206e-01
-1.010323e+01,1.863835e+01,1.540181e+01,-5.328617e+00,-5.185806e+00,-5.115204e-01
-1.719077e+01,2.427280e+01,2.131046e+01,-3.859780e+00,-2.098975e+00,3.730979e-01
-4.645610e+00,2.895887e+00,2.148162e+01,-1.922045e+00,4.312623e-01,1.174707e+00
1.036430e+01,9.916077e+00,1.170015e+01,-1.427648e+00,2.928002e+00,1.245522e+00
8.396905e+00,1.015724e+01,1.213738e+01,1.689096e-01,2.253291e+00,7.084917e-01
4.427097e+00,2.303264e+00,9.700052e+00,2.711112e+00,1.541911e+00,2.161263e-02
3.385448e+00,7.397602e-01,8.073805e+00,3.333150e+00,1.455835e+00,-1.257758e-01
1.571615e+00,9.596154e-01,9.425538e+00,5.138852e+00,1.694329e+00,-5.559962e-01
1.911659e+00,8.161136e-01,8.368794e+00,5.598624e+00,1.804139e+00,-5.116940e-01
4.206584e+00,-9.220049e-02,9.217196e+00,6.906677e+00,1.800071e+00,-4.211647e-01
5.311092e+00,-6.536317e-01,9.855316e+00,7.324993e+00,1.558193e+00,-3.633248e-01
7.650399e+00,6.878312e-01,1.371988e+01,8.257854e+00,2.248159e-02,-3.462630e-01
6.943943e+00,1.202700e+00,1.334617e+01,8.382394e+00,-2.791823e-01,-4.126844e-01
-6.620480e-01,1.275902e+00,1.224834e+01,6.772603e+00,-1.404610e+00,-6.766097e-01
-1.577351e+01,4.654406e+00,1.131686e+01,5.903186e+00,-9.552058e-01,-5.381858e-01
-1.152462e+01,-1.441878e+01,6.652032e+00,7.213871e-01,4.227024e+00,1.264347e+00
8.534585e-01,-1.602078e+01,8.577779e+00,-1.310652e+00,4.930648e+00,1.438308e+00
2.901336e+01,3.941000e+01,-1.302027e+01,-1.986736e+00,3.126643e+00,1.647888e+00
7.329029e+00,2.346034e+00,2.064701e+00,-8.308611e-01,1.046648e+00,8.116413e-01
-9.267530e+00,-9.297928e+00,1.399870e+01,-2.761428e+00,-2.126888e+00,-1.801209e+00
-5.567308e-01,4.868761e+00,1.655775e+01,-3.403063e+00,-1.590157e-01,3.765765e-02
-9.649058e+00,1.744334e+01,1.202165e+01,-1.990108e+00,6.270781e-02,-3.929216e-01
-6.394580e+00,9.277730e+00,9.868685e+00,-1.321367e+00,7.949204e-01,2.470773e-01
2.856812e+00,8.788858e+00,6.194425e+00,-7.851244e-01,2.168109e+00,5.601520e-01
9.414828e+00,1.214871e+01,5.037283e+00,-7.294948e-01,1.869740e+00,4.598612e-01
7.287486e+00,9.956536e+00,2.548394e+00,-7.174123e-01,-4.003926e-01,-2.430616e-01
2.135133e+00,9.355064e+00,2.623199e+00,-7.392120e-01,-1.401772e+00,-5.435626e-01
-3.064111e+00,1.035974e+01,1.739922e+00,-7.630518e-01,-1.356474e+00,-5.132756e-01
-4.036976e+00,9.494157e+00,-1.664725e-02,-7.993441e-01,-1.202232e+00,-4.670030e-01
-2.013874e+00,6.113153e+00,-9.436938e-01,-1.273779e+00,-7.220661e-01,-3.326990e-01
-2.150745e+00,6.282202e+00,5.990965e-01,-1.506308e+00,-7.472672e-01,-3.709707e-01
-1.329679e+00,7.730575e+00,3.088259e+00,-1.857014e+00,-5.679750e-01,-2.891935e-01
1.050812e+00,7.820630e+00,4.149370e+00,-1.895896e+00,-5.294740e-01,-2.872324e-01
4.365035e+00,8.778361e+00,9.406804e-01,-2.226533e+00,-6.638942e-01,-1.098605e-01
4.540707e+00,8.424950e+00,-6.271159e-01,-2.707417e+00,-1.183671e+00,-1.207411e-01
2.943565e+00,9.555971e+00,-8.194522e-01,-3.488533e+00,-1.816855e+00,-1.363555e-01
3.328211e+00,1.060521e+01,1.231170e+00,-3.805098e+00,-1.936664e+00,-5.411864e-02
1.084255e+01,1.109746e+01,-1.913529e+00,-4.651518e+00,-2.652036e+00,-2.967925e-02
8.614614e+00,1.636719e+01,-3.354547e+00,-5.126468e+00,-4.464965e+00,-3.378822e-01
-1.109640e+01,2.765124e+01,2.078982e+01,-5.582653e+00,-5.433980e+00,-4.524898e-01
-1.811898e+01,3.467105e+01,2.507255e+01,-4.883514e+00,-4.088463e+00,3.101446e-02
-8.872058e+00,3.016628e+00,2.520070e+01,-1.416276e+00,2.425277e+00,1.713532e+00
1.052662e+01,7.535546e+00,1.578139e+01,-1.077455e+00,3.351650e+00,1.519099e+00
1.109197e+01,1.197112e+01,1.350400e+01,1.749852e+00,1.926252e+00,3.432465e-01
5.189470e+00,3.517764e+00,1.193434e+01,2.981284e+00,1.340770e+00,-8.910218e-03
3.085657e+00,-1.684554e+00,7.614711e+00,4.549094e+00,1.086430e+00,-3.005965e-01
2.524123e+00,-2.032939e+00,8.114579e+00,5.390398e+00,1.343504e+00,-6.924930e-01
4.472319e+00,-1.161737e+00,6.789799e+00,6.321140e+00,1.519615e+00,-7.203054e-01
6.727799e+00,-8.340689e-01,7.743560e+00,6.964632e+00,1.156971e+00,-9.822420e-01
7.037253e+00,-1.298397e+00,9.380909e+00,7.854258e+00,1.847038e-01,-1.147677e+00
4.672189e+00,5.471698e-01,1.194804e+01,8.189338e+00,-5.506728e-02,-1.210530e+00
-1.486364e+00,2.844021e+00,1.341024e+01,8.059914e+00,-1.660516e-01,-9.750650e-01
-7.901557e+00,9.291366e+00,1.313555e+01,7.204446e+00,3.325510e-01,-2.784309e-01
-1.324345e+01,1.698483e+00,9.799450e+00,4.814394e+00,3.487672e+00,1.036061e+00
5.695115e-01,-1.324428e+01,1.096314e+00,2.675709e+00,4.835306e+00,1.320320e+00
1.562400e+01,-5.680649e+00,3.543031e+00,-2.486968e+00,3.170817e+00,6.360965e-01
1.245431e+01,1.727980e+00,6.677611e+00,-4.859075e+00,-6.139544e-02,-7.092031e-01
2.958095e+01,3.935803e+01,-7.051165e+00,-5.847524e-01,-2.668409e+00,-1.088034e+00
-1.891693e+01,-1.152530e+01,6.534751e+00,-2.995593e+00,-3.063591e+00,-2.626340e+00
-1.744169e+00,-4.201967e-01,1.755328e+01,-3.968006e+00,2.383637e+00,1.082000e+00
9.715961e-01,1.752648e+01,1.311484e+01,-2.463484e+00,2.504806e+00,4.389462e-01
4.763212e+00,1.218823e+01,1.050352e+01,-1.447585e+00,1.264211e+00,1.743330e-01
4.740626e+00,7.811108e+00,8.061056e+00,-1.217184e+00,5.816656e-01,1.184093e-01
2.591779e+00,1.031542e+01,5.689283e+00,-1.000163e+00,2.877971e-01,-9.089487e-02
4.208858e+00,1.272446e+01,5.069969e+00,-9.006994e-01,-1.804489e-01,-2.001967e-01
-3.321366e-01,9.793155e+00,3.315379e+00,-7.255080e-01,-8.670994e-01,-3.551815e-01
-1.516782e+00,8.773715e+00,2.376847e+00,-7.197632e-01,-6.501266e-01,-2.974774e-01
-1.079155e+00,8.642500e+00,6.828712e-01,-9.017709e-01,-2.790112e-01,-2.374012e-01
4.406504e-01,7.531409e+00,2.167860e-04,-1.151298e+00,-4.420075e-01,-2.695195e-01
-2.962178e-01,6.321362e+00,9.308792e-01,-1.531798e+00,-7.987620e-01,-4.059875e-01
-8.368683e-01,7.462517e+00,2.514179e+00,-1.725299e+00,-8.681725e-01,-4.079168e-01
7.652561e-01,8.411316e+00,4.794468e+00,-1.801243e+00,-8.794782e-01,-4.258810e-01
2.301312e+00,8.236099e+00,3.216755e+00,-1.867778e+00,-9.450794e-01,-3.546031e-01
1.576424e+00,8.056278e+00,1.037562e+00,-2.219806e+00,-1.023160e+00,-1.320007e-01
2.536525e+00,9.567021e+00,-2.361706e-02,-2.697475e+00,-1.161861e+00,-3.620334e-02
9.181128e-01,1.082106e+01,4.741012e-01,-3.300392e+00,-1.629715e+00,-1.678701e-02
1.805967e+00,1.072042e+01,1.152304e+00,-3.725857e+00,-1.616833e+00,1.560143e-01
1.004603e+01,1.396467e+01,-3.216895e+00,-4.361792e+00,-2.389643e+00,1.189087e-01
4.194719e+00,2.045841e+01,-6.489958e-01,-4.843424e+00,-4.134697e+00,-7.509456e-02
-7.671231e+00,2.404380e+01,1.631432e+01,-4.744799e+00,-4.074435e+00,-1.307601e-01
-1.320960e+01,3.079950e+01,1.998986e+01,-2.951086e+00,-1.907973e+00,1.008879e-01
-1.710961e+00,8.585640e-01,2.419318e+01,-1.447098e+00,1.906548e+00,8.392581e-01
7.772165e+00,9.118032e+00,1.325266e+01,-9.301049e-01,2.434940e+00,6.908900e-01
6.601545e+00,8.909071e+00,1.346126e+01,1.674205e+00,1.595466e+00,-2.408041e-01
4.689169e+00,2.848185e+00,1.016395e+01,3.208716e+00,1.238783e+00,-5.185928e-01
3.764053e+00,-7.004812e-01,8.412553e+00,4.387128e+00,1.109103e+00,-1.101813e+00
2.368878e+00,3.559761e-01,8.343150e+00,5.177590e+00,1.144254e+00,-1.223420e+00
1.763649e+00,6.102898e-02,8.453290e+00,6.223350e+00,1.453198e+00,-1.251397e+00
3.212679e+00,-7.008932e-01,8.714410e+00,6.950448e+00,1.599969e+00,-1.237248e+00
5.015020e+00,-4.548940e-01,1.143206e+01,7.812612e+00,1.237543e+00,-1.136847e+00
5.118244e+00,1.433511e+00,1.148377e+01,8.155438e+00,8.655199e-01,-9.221310e-01
5.432273e-01,3.821120e+00,1.103000e+01,7.769254e+00,2.225253e-01,-6.256093e-01
-6.590268e+00,7.050047e+00,1.158373e+01,6.703007e+00,1.593741e-01,3.815162e-02
-1.228121e+01,-5.265448e+00,7.043189e+00,3.576161e+00,3.962481e+00,1.226781e+00
-2.204055e+00,-1.211622e+01,6.148901e+00,6.964141e-01,5.649792e+00,1.325713e+00
1.242359e+01,-3.174758e+00,7.215173e+00,-2.794774e+00,4.199979e+00,1.315727e+00
8.693658e+00,2.166487e+00,1.390092e+01,-4.466202e+00,1.568225e+00,-1.106488e-01
1.076508e+01,3.270934e+01,-8.190040e+00,-1.475591e+00,-4.788745e-03,2.251028e-01
2.510660e+01,3.922298e+01,9.767111e+00,1.422236e-01,-2.036086e+00,-1.665479e+00
-1.562223e+01,-1.025415e+01,1.239321e+01,-3.290471e+00,1.483244e+00,-3.241155e-01
4.732186e+00,1.343330e+01,9.571977e+00,-3.022373e+00,2.883236e+00,9.732110e-01
1.470877e+00,1.294902e+01,9.651626e+00,-1.453105e+00,-6.846417e-01,-8.380324e-01
-2.205498e+00,1.211520e+01,9.627031e+00,-1.397849e+00,-9.153043e-01,-2.207080e-01
-1.483179e+00,1.085209e+01,7.349014e+00,-7.416352e-01,1.260607e+00,2.940173e-01
5.920933e+00,1.303191e+01,5.459869e+00,-4.920692e-01,1.925947e+00,4.202968e-01
1.039162e+01,1.000940e+01,8.399458e-01,-5.354218e-01,-1.692787e-01,-2.494513e-01
1.586705e+00,7.993883e+00,7.632569e-02,-7.292181e-01,-1.360870e+00,-5.420208e-01
-5.340106e+00,6.261994e+00,1.327017e+00,-9.462173e-01,-1.316904e+00,-6.675393e-01
-4.084542e+00,5.891386e+00,6.618313e-01,-1.228604e+00,-7.135317e-01,-4.214746e-01
9.001702e-02,6.559862e+00,-1.026477e+00,-1.678410e+00,-8.579094e-01,-5.358006e-01
1.568468e-02,6.350534e+00,6.726975e-02,-1.893643e+00,-1.090076e+00,-6.187960e-01
3.494214e-01,7.135576e+00,2.807884e+00,-2.246627e+00,-1.047901e+00,-6.058603e-01
1.499733e+00,7.493271e+00,2.494450e+00,-2.474844e+00,-1.015238e+00,-5.648406e-01
1.890000e+00,7.490573e+00,1.632254e+00,-2.968977e+00,-1.208567e+00,-3.839213e-01
2.400425e+00,8.357026e+00,1.895981e+00,-3.330611e+00,-1.446247e+00,-3.483941e-01
4.320375e+00,9.048386e+00,3.203208e+00,-3.771340e+00,-1.723187e+00,-2.107915e-01
9.217505e+00,1.099447e+01,1.169891e+00,-4.208759e+00,-1.948131e+00,-1.058229e-01
1.921941e+01,1.390569e+01,-4.923296e+00,-5.354869e+00,-3.987956e+00,-6.746009e-01
3.581883e-01,1.758775e+01,6.692237e+00,-5.902786e+00,-6.698313e+00,-1.114003e+00
-2.561304e+01,3.672473e+01,2.958801e+01,-5.737119e+00,-5.442699e+00,-6.083232e-01
-2.842953e+01,1.229219e+01,2.343375e+01,-2.936734e+00,-1.797785e-01,1.678503e+00
-2.675905e+00,4.117990e+00,2.867132e+01,-1.917007e+00,5.557912e+00,2.414559e+00
1.411477e+01,1.056000e+01,1.758682e+01,-1.096203e-01,4.812582e+00,1.882590e+00
1.323431e+01,1.127508e-01,1.123547e+01,1.728604e+00,2.191241e+00,8.592843e-01
8.499753e+00,3.334003e-01,9.065018e+00,2.794701e+00,3.980010e-01,4.142397e-01
2.832971e+00,1.498000e+00,9.695429e+00,4.304834e+00,-2.277461e-01,-5.196810e-01
1.847533e+00,1.923782e+00,9.221590e+00,5.007447e+00,1.994039e-02,-6.744420e-01
3.868567e+00,-1.087664e+00,7.655486e+00,6.017335e+00,2.379442e-01,-9.634785e-01
4.475820e+00,-1.639077e+00,6.893247e+00,6.430269e+00,1.830397e-01,-1.094212e+00
2.033066e+00,-3.106086e+00,7.886070e+00,6.792521e+00,5.032701e-01,-1.027138e+00
1.629971e+00,-2.642958e+00,9.436510e+00,6.964093e+00,9.772076e-01,-6.614119e-01
2.123177e+00,-1.904282e+00,9.761769e+00,6.918459e+00,1.422298e+00,-2.711727e-01
1.874042e+00,-1.679420e+00,1.011162e+01,6.619879e+00,1.462001e+00,1.367003e-03
4.014776e+00,4.511361e+00,7.843325e+00,5.701783e+00,8.652408e-01,7.547525e-01
4.745588e+00,6.538403e+00,6.370733e+00,5.065903e+00,2.590667e-01,6.593790e-01
9.294179e-01,1.800450e+00,1.010942e+00,3.125945e+00,-1.071340e-01,1.929333e-01
-4.520646e-01,-6.945339e-01,-1.738054e-01,1.047723e+00,1.333434e-02,4.446396e-03
-1.197398e+00,7.183774e-01,-3.316368e-01,-1.660934e+00,-1.451140e-01,-7.541850e-03
-4.307890e+00,1.216608e+00,3.510134e+00,-2.991895e+00,7.520575e-02,-2.563328e-02
1.755987e+01,3.428401e+01,1.380519e+01,-6.307763e-01,5.511162e-01,2.166966e-01
-2.385535e+01,-1.414978e+01,3.796321e+00,-3.811878e+00,-3.875569e-01,-3.632069e-01
4.353982e+00,-1.199872e+01,2.799285e+01,-4.632615e+00,4.372629e+00,5.135694e-01
5.009843e+00,1.754646e+01,1.935713e+01,-2.915742e+00,2.602417e+00,-3.132058e-02
4.547411e+00,1.199245e+01,8.926455e+00,-1.464486e+00,1.949095e-01,-1.847343e-02
-4.188208e-01,2.993351e+00,7.267839e+00,-1.405828e+00,-7.136800e-02,-1.681964e-01
-1.597623e-01,9.381844e+00,4.822842e+00,-1.064671e+00,8.419634e-01,-1.935098e-01
1.603459e+00,1.298989e+01,6.222796e+00,-9.017724e-01,3.774412e-01,-4.111280e-01
-2.701963e-02,8.695309e+00,3.042415e+00,-5.453008e-01,-1.267713e+00,-3.882343e-01
-3.944973e+00,7.320591e+00,2.523580e+00,-5.840596e-01,-7.223272e-01,-3.257549e-01
-4.582346e-01,1.126989e+01,1.962827e+00,-6.065052e-01,3.805436e-01,-7.404487e-02
4.674714e-01,9.499374e+00,2.255872e+00,-6.090793e-01,3.563881e-01,-1.850651e-01
4.486464e-01,7.454859e+00,1.010099e+00,-9.227475e-01,-2.071422e-01,-2.969566e-01
-1.072049e+00,8.030452e+00,2.075973e+00,-1.094476e+00,-5.764343e-01,-4.836164e-01
-2.654947e+00,9.441060e+00,5.532550e+00,-1.177833e+00,-3.294838e-01,-2.983647e-01
3.368767e+00,9.832715e+00,5.296392e+00,-1.123797e+00,-1.639309e-01,-2.234387e-01
6.522739e+00,9.317821e+00,1.937812e+00,-1.309578e+00,-1.057603e+00,-2.555379e-01
3.365439e+00,8.330420e+00,8.343745e-01,-1.593445e+00,-1.847721e+00,-3.838384e-01
-1.121626e+00,1.036388e+01,-2.136687e+00,-2.312270e+00,-1.888199e+00,-1.581211e-01
-6.475428e-01,1.105615e+01,-3.864824e+00,-2.763591e+00,-1.894489e+00,-5.443567e-02
9.422758e-01,9.831857e+00,7.319704e-01,-3.455962e+00,-1.867013e+00,1.126586e-01
6.297198e+00,1.195902e+01,6.691576e-01,-3.869737e+00,-1.798380e+00,2.358482e-01
9.017112e+00,1.428682e+01,-1.980722e+00,-4.393545e+00,-3.208373e+00,-1.004564e-01
-1.699839e+00,1.560824e+01,1.835914e+00,-4.705878e+00,-4.757724e+00,-3.771864e-01
-9.615591e+00,2.468466e+01,1.668074e+01,-4.810526e+00,-3.474966e+00,-2.135308e-01
-1.347357e+01,2.956941e+01,1.916432e+01,-2.870000e+00,-1.501520e+00,-1.150133e-01
-3.093679e+00,2.835591e+00,1.932016e+01,-1.506060e+00,2.279246e+00,5.184385e-01
9.300312e+00,1.291163e+01,9.900359e+00,-7.941370e-01,2.468495e+00,3.106830e-01
6.517728e+00,6.399317e+00,1.097667e+01,1.507180e+00,1.479868e+00,-4.419307e-01
4.403667e+00,3.408308e+00,9.063278e+00,2.773910e+00,9.885755e-01,-7.957464e-01
1.895441e+00,2.889863e+00,7.528547e+00,3.870929e+00,1.340018e+00,-1.283279e+00
8.747342e-01,3.341698e+00,8.582043e+00,4.682544e+00,1.686373e+00,-1.210981e+00
1.927030e+00,4.317145e+00,8.921188e+00,5.575498e+00,2.207962e+00,-9.093939e-01
3.721234e+00,4.640000e+00,9.646694e+00,6.368126e+00,2.292864e+00,-6.585928e-01
5.901032e+00,4.800516e+00,1.107662e+01,7.224357e+00,1.699283e+00,-2.860815e-01
7.562979e+00,5.922979e+00,1.302521e+01,7.565608e+00,1.050665e+00,-1.317384e-01
6.547356e+00,5.796612e+00,1.270197e+01,7.674809e+00,-6.654512e-02,-2.533091e-01
2.234281e+00,3.109739e+00,1.145881e+01,6.924714e+00,-6.882139e-01,-4.924433e-01
-8.477470e+00,-8.344650e-01,7.071070e+00,4.006570e+00,4.381436e-01,-3.226830e-01
-1.114039e+01,-9.764047e+00,6.545009e+00,9.475822e-01,2.325583e+00,5.340479e-01
9.520963e-01,-1.568276e+00,9.714497e+00,-3.318574e+00,3.369294e+00,1.258992e+00
1.316817e+01,3.941000e+01,-1.581251e+01,-2.201784e+00,3.171973e+00,1.416738e+00
-4.166893e+00,-7.873333e+00,8.295386e+00,-3.349776e+00,-3.209035e-02,-1.375705e+00
-2.023553e+00,-9.127151e+00,1.484874e+01,-3.594457e+00,1.256703e+00,6.022839e-01
-3.603907e+00,1.581584e+01,1.772009e+01,-2.648393e+00,1.218365e+00,-7.815749e-02
6.143937e+00,2.177171e+01,1.069496e+01,-1.443603e+00,1.136850e+00,1.536719e-01
2.097087e+00,4.591218e+00,6.429435e+00,-1.278364e+00,9.859393e-01,2.308149e-01
2.682606e+00,8.948419e+00,5.211118e+00,-1.063897e+00,9.904845e-01,6.952640e-02
2.664430e+00,1.223740e+01,3.640952e+00,-9.236617e-01,-5.863144e-01,-2.681490e-01
-1.422786e+00,8.948111e+00,2.334984e+00,-8.721117e-01,-1.012320e+00,-3.859913e-01
-2.041757e+00,1.070833e+01,1.655362e+00,-9.668212e-01,-2.266370e-01,-1.942163e-01
-1.317182e+00,1.084406e+01,9.442264e-01,-1.011344e+00,-4.602410e-02,-1.929107e-01
2.657010e+00,6.785787e+00,-7.781276e-01,-1.344279e+00,-2.230194e-01,-3.496353e-01
1.000506e+00,6.588869e+00,-2.055601e-01,-1.704774e+00,-9.268890e-01,-4.271213e-01
-1.957204e+00,6.524582e+00,3.991529e+00,-1.899246e+00,-1.029538e+00,-4.666152e-01
4.681314e-01,8.857240e+00,5.483061e+00,-1.943380e+00,-7.625293e-01,-2.981494e-01
3.508077e+00,1.041833e+01,1.694882e+00,-2.038447e+00,-7.162945e-01,-1.400971e-01
2.818919e+00,8.782095e+00,-1.479267e+00,-2.410385e+00,-1.150737e+00,-8.906693e-02
1.611061e+00,1.087684e+01,-2.078389e+00,-3.167989e+00,-1.688595e+00,-7.194140e-02
1.040313e+00,1.079375e+01,-1.458124e+00,-3.553377e+00,-1.817692e+00,6.970680e-02
6.696881e+00,1.262009e+01,-2.437961e+00,-4.110117e+00,-1.956619e+00,1.903306e-01
3.514306e+00,1.739761e+01,-1.193827e+00,-4.721885e+00,-3.124069e+00,7.956046e-02
-2.084668e+00,2.219129e+01,1.079907e+01,-4.873101e+00,-3.222128e+00,-1.631412e-01
-9.606695e+00,3.054176e+01,1.646449e+01,-3.815462e+00,-2.629611e+00,-4.079162e-01
-3.840879e+00,7.481412e+00,1.870392e+01,-1.684535e+00,1.012837e+00,1.974217e-01
6.903563e+00,1.296417e+01,1.092321e+01,-1.060582e+00,1.714753e+00,1.946002e-01
4.633207e+00,8.076156e+00,1.286308e+01,1.181099e+00,1.208486e+00,-5.576728e-01
2.960651e+00,4.675593e+00,1.020036e+01,2.743052e+00,1.266902e+00,-9.480616e-01
3.130415e+00,2.750632e+00,9.223949e+00,4.393424e+00,1.576838e+00,-1.376447e+00
3.301256e+00,1.577436e+00,9.462007e+00,5.263924e+00,1.605728e+00,-1.218530e+00
3.854898e+00,2.083506e+00,8.912346e+00,6.119166e+00,1.580444e+00,-8.104721e-01
4.635240e+00,2.979232e+00,1.001284e+01,6.953182e+00,1.360533e+00,-5.249196e-01
3.674344e+00,3.023484e+00,1.247853e+01,8.013919e+00,8.943357e-01,-2.354802e-01
3.821426e+00,4.855178e+00,1.476866e+01,8.401121e+00,8.711147e-01,4.505383e-03
3.739402e+00,9.998971e+00,1.142964e+01,8.082981e+00,7.469748e-01,3.867391e-01
9.904088e-02,3.683139e+00,8.112429e+00,6.727998e+00,5.578838e-01,1.560461e-01
-5.918666e+00,-9.091032e+00,6.846945e+00,2.911714e+00,1.510875e+00,-3.179122e-02
-2.211303e+00,-1.274770e+01,1.590635e+00,-1.742327e-01,1.565598e+00,4.592059e-01
4.829274e+00,-5.380958e-01,1.051574e+01,-4.544315e+00,5.251219e-01,-2.119775e-01
2.731117e+01,3.717540e+01,-4.050825e+00,-1.527642e+00,6.271055e-01,1.369897e+00
-1.103532e+01,-9.478000e+00,8.476661e+00,-3.373777e+00,-2.404921e+00,-1.904571e+00
-1.006420e+01,-5.340394e+00,1.714879e+01,-4.163187e+00,3.868307e-01,6.417748e-01
-4.958586e+00,2.480771e+01,1.393085e+01,-2.754936e+00,1.432085e+00,1.111111e-02
2.753562e+00,1.716971e+01,7.827479e+00,-1.213926e+00,1.261079e+00,4.357701e-01
2.841153e+00,4.871894e+00,5.652479e+00,-1.417114e+00,1.000585e+00,4.279502e-01
3.555749e+00,1.091707e+01,4.449543e+00,-1.231899e+00,9.981320e-01,3.705635e-01
4.873990e+00,1.212406e+01,3.710000e+00,-1.148209e+00,-2.941222e-01,-7.329650e-03
1.271788e-01,9.006725e+00,2.549795e+00,-1.020617e+00,-9.506585e-01,-2.457197e-01
-2.115886e+00,9.313674e+00,2.036210e+00,-1.064399e+00,-4.061555e-01,-7.577787e-02
-1.088022e+00,9.743275e+00,1.184660e+00,-1.166931e+00,-1.597392e-01,-1.375313e-02
6.708223e-01,8.577213e+00,1.237229e+00,-1.387840e+00,-3.464278e-01,-1.774576e-01
-1.903524e-01,8.198104e+00,1.958493e+00,-1.588712e+00,-7.458709e-01,-2.571716e-01
-7.760317e-02,7.998806e+00,4.424082e+00,-1.674862e+00,-7.173926e-01,-2.235586e-01
2.022939e+00,8.659029e+00,5.531694e+00,-1.700660e+00,-5.436196e-01,-1.192179e-01
2.776039e+00,9.918497e+00,1.024778e+00,-1.859435e+00,-6.099448e-01,8.353346e-02
2.343707e+00,9.319776e+00,-1.961253e+00,-2.270469e+00,-9.064076e-01,1.744731e-01
2.936966e+00,1.112927e+01,-3.630897e+00,-3.135376e+00,-1.600275e+00,1.156346e-01
2.592705e+00,9.798518e+00,-1.196495e+00,-3.601889e+00,-1.815363e+00,2.694772e-01
5.753906e+00,1.512392e+01,-2.882211e+00,-4.051321e+00,-2.040148e+00,4.858190e-01
2.702142e+00,1.746826e+01,-1.847040e+00,-4.536769e+00,-3.068741e+00,2.716239e-01
-5.231979e+00,2.082659e+01,1.359814e+01,-4.769148e+00,-2.968082e+00,1.640259e-01
-6.671009e+00,2.632291e+01,1.613973e+01,-3.361912e+00,-2.019070e+00,4.751994e-02
-3.046629e+00,4.786689e+00,2.016476e+01,-1.761722e+00,3.511133e-01,5.994466e-01
5.860044e+00,1.054227e+01,1.171642e+01,-1.323376e+00,1.537632e+00,4.916989e-01
6.161851e+00,1.016298e+01,1.130188e+01,1.325555e+00,7.794098e-01,-2.707264e-01
3.223265e+00,4.771496e+00,1.043524e+01,2.371548e+00,6.557101e-01,-4.120228e-01
2.593475e+00,2.012890e+00,8.845479e+00,3.635757e+00,1.040162e+00,-7.322663e-01
2.286763e+00,1.789152e+00,9.334219e+00,4.522178e+00,1.460510e+00,-1.040538e+00
1.752155e+00,2.020000e+00,9.486207e+00,5.809413e+00,1.770297e+00,-1.023333e+00
2.862675e+00,2.127448e+00,9.940871e+00,6.421794e+00,1.884934e+00,-1.012359e+00
4.386005e+00,3.041367e+00,1.028886e+01,7.449592e+00,1.629791e+00,-8.824653e-01
5.609809e+00,3.988284e+00,1.128886e+01,7.786028e+00,1.148254e+00,-6.501547e-01
6.505584e+00,9.977530e+00,1.305000e+01,7.760916e+00,2.706242e-01,-5.433659e-01
3.673623e+00,9.917231e+00,8.672295e+00,7.498301e+00,-2.920397e-01,-7.563819e-01
-1.150682e+01,4.255017e+00,6.810732e+00,5.975403e+00,5.118708e-01,-2.134016e-01
-8.087561e+00,-3.566585e+00,1.657935e+00,3.900983e+00,3.041255e+00,2.238714e-01
4.100369e+00,-6.903354e+00,-1.196819e+00,1.458553e-01,3.294891e+00,5.269390e-01
5.714461e+00,-3.989847e+00,3.748537e+00,-2.881769e+00,1.953455e+00,4.749422e-01
7.404272e+00,2.906824e+01,2.729971e+00,-3.138147e+00,1.027651e+00,4.173993e-01
2.030092e+01,3.394792e+01,-9.663871e-01,-2.267215e+00,1.661344e-01,5.593155e-02
-5.761817e+00,-2.058330e+00,1.185295e+01,-3.790804e+00,-2.686238e-02,-2.421246e-01
-2.317045e+00,6.208238e-01,1.259444e+01,-2.946313e+00,1.498288e+00,4.926923e-01
-4.016248e+00,1.639136e+01,1.537258e+01,-2.354150e+00,1.394252e+00,-2.069257e-01
1.292689e+00,1.524335e+01,1.095922e+01,-1.599478e+00,1.682900e+00,2.663951e-01
4.312693e+00,4.100677e+00,4.134534e+00,-1.062978e+00,1.375842e+00,3.690251e-01
5.484359e+00,9.009607e+00,4.052436e+00,-1.078261e+00,1.080447e+00,1.859199e-01
3.172174e+00,1.204831e+01,3.434890e+00,-8.860097e-01,-1.150635e-03,-1.401578e-01
2.427852e+00,8.969531e+00,1.452500e+00,-8.908292e-01,-5.943776e-01,-2.163478e-01
-3.331235e+00,9.569535e+00,2.655260e+00,-8.916771e-01,-7.808695e-01,-3.011922e-01
-2.730331e+00,9.681686e+00,2.926628e+00,-9.333955e-01,-5.214134e-02,-1.187645e-01
1.547813e+00,8.942688e+00,4.026880e-01,-1.071658e+00,2.674898e-01,-8.875662e-02
2.248200e+00,7.949676e+00,2.942601e-01,-1.282599e+00,-6.171251e-02,-1.652701e-01
-1.005467e+00,7.374415e+00,2.715614e+00,-1.571743e+00,-5.127742e-01,-3.161002e-01
-1.462074e+00,9.178054e+00,5.264879e+00,-1.628194e+00,-3.161239e-01,-1.981861e-01
1.299264e+00,1.021732e+01,7.268454e+00,-1.418963e+00,-4.710304e-02,-7.827218e-02
3.153406e+00,1.088422e+01,4.662751e+00,-1.357602e+00,-1.616816e-01,4.146220e-02
2.259685e+00,9.564010e+00,1.195899e+00,-1.611299e+00,-3.306326e-01,1.590714e-01
2.747680e+00,1.152995e+01,-4.232784e-01,-1.909770e+00,-5.511907e-01,2.174593e-01
8.870166e-01,1.265340e+01,-2.974214e+00,-2.615590e+00,-1.393252e+00,2.178749e-01
-4.554925e-02,1.190780e+01,-2.384971e+00,-2.969682e+00,-1.474194e+00,3.287301e-01
3.482570e+00,1.349377e+01,-3.331370e+00,-3.587856e+00,-1.639817e+00,5.252683e-01
4.392185e+00,1.171457e+01,-3.702563e+00,-3.946334e+00,-2.071302e+00,2.920894e-01
-1.041111e+00,1.771583e+01,7.985365e+00,-4.635414e+00,-3.527304e+00,1.515114e-01
-5.726907e+00,2.670331e+01,1.249400e+01,-4.181414e+00,-2.913535e+00,-3.481358e-02
-1.184542e+01,1.658634e+01,1.794257e+01,-1.711997e+00,-5.056083e-01,2.047152e-01
-2.138168e+00,7.705638e+00,1.383645e+01,-1.864315e+00,1.853195e+00,4.752641e-01
7.500332e+00,1.224182e+01,1.232538e+01,-1.141421e-01,2.298881e+00,2.780951e-01
7.430750e+00,8.161638e+00,1.144381e+01,1.640618e+00,1.862729e+00,-1.891008e-01
6.346580e+00,3.770474e+00,7.638542e+00,3.413090e+00,1.385233e+00,-9.397168e-01
6.089458e+00,3.054978e+00,8.557375e+00,4.166929e+00,1.277719e+00,-1.110697e+00
5.191134e+00,4.446960e+00,8.623774e+00,5.095359e+00,8.834362e-01,-1.048038e+00
3.318125e+00,4.784284e+00,9.839546e+00,5.973760e+00,5.998097e-01,-8.322083e-01
1.460141e+00,3.613802e+00,1.154184e+01,7.167885e+00,6.130823e-01,-4.183795e-01
1.510628e+00,3.404513e+00,1.181166e+01,7.629543e+00,8.242423e-01,-6.353184e-02
5.438978e+00,6.153682e+00,1.501011e+01,8.178944e+00,8.014750e-01,3.572072e-01
4.715038e+00,6.646339e+00,1.178113e+01,7.919601e+00,3.996196e-01,2.815770e-01
-3.798940e+00,2.986211e+00,6.784935e+00,5.683968e+00,2.787750e-01,-5.641262e-02
-1.279227e+01,-5.892769e+00,5.808892e+00,3.121539e+00,1.740230e+00,-3.946732e-02
-2.444606e+00,-9.819333e+00,6.799116e+00,-5.355330e-01,3.308849e+00,6.155013e-01
2.777430e+00,-2.402493e+00,6.446912e+00,-3.146089e+00,2.920812e+00,5.661270e-01
3.481575e+01,3.868026e+01,-2.668468e+00,-2.854855e+00,1.582533e+00,9.051347e-01
-3.213331e-01,-2.132785e+00,1.115978e+01,-3.728480e+00,-1.331014e+00,-2.141581e+00
-2.567596e+00,-5.989744e+00,1.532509e+01,-4.098493e+00,-2.099008e-01,-3.563366e-01
-5.977205e+00,1.790963e+01,1.802509e+01,-3.186828e+00,-2.858692e-01,-5.549654e-01
-5.523098e+00,1.329348e+01,9.629749e+00,-1.219101e+00,4.535564e-01,3.244138e-01
-5.673564e+00,4.091246e+00,7.519187e+00,-1.101091e+00,1.820267e+00,6.977049e-01
7.965323e+00,1.112978e+01,6.060073e+00,-8.367766e-01,3.332758e+00,9.970445e-01
1.393563e+01,1.204964e+01,3.624325e+00,-7.965389e-01,1.911129e+00,4.057369e-01
8.107735e+00,8.219601e+00,1.943480e+00,-8.732659e-01,-6.447561e-01,-4.378297e-01
3.195683e-01,1.075102e+01,3.054842e+00,-9.396673e-01,-1.018263e+00,-5.210578e-01
-4.690499e+00,1.011678e+01,3.075112e+00,-8.275258e-01,-5.550438e-01,-4.738182e-01
-4.062328e+00,8.762723e+00,2.399076e+00,-8.661185e-01,8.400288e-02,-2.487204e-01
-8.953761e-01,6.268894e+00,1.380000e+00,-1.073579e+00,3.604400e-01,-1.422685e-01
-7.521506e-01,6.770093e+00,3.016995e+00,-1.233747e+00,2.558356e-01,-1.123616e-01
-2.100000e-01,8.542194e+00,5.157674e+00,-1.321000e+00,1.564713e-01,-1.072779e-01
1.125557e+00,9.210193e+00,5.935869e+00,-1.249159e+00,8.816353e-02,-1.273746e-01
2.527402e+00,9.499147e+00,3.259291e+00,-1.291715e+00,-1.982799e-02,-1.077959e-02
2.654167e+00,9.100344e+00,1.982890e+00,-1.422782e+00,-8.560855e-02,3.903374e-02
3.968586e+00,1.027476e+01,-2.219335e-01,-1.830629e+00,-4.265644e-01,2.705719e-02
3.251903e+00,1.138304e+01,-8.465893e-01,-2.280027e+00,-1.128188e+00,-3.106488e-02
1.341388e+00,1.220877e+01,-1.189716e+00,-2.806494e+00,-1.750490e+00,-6.731787e-02
2.951613e+00,1.311159e+01,-2.777438e+00,-3.142306e+00,-1.965072e+00,1.461703e-02
3.375407e+00,1.069378e+01,-2.343276e+00,-3.641082e+00,-2.298309e+00,-4.312063e-02
1.135461e+00,1.296836e+01,1.070860e+00,-4.323153e+00,-3.266603e+00,9.651371e-02
-2.683137e+00,2.309115e+01,1.017493e+01,-3.766348e+00,-2.794438e+00,-5.853084e-02
-1.063622e+01,1.891536e+01,1.730052e+01,-2.489664e+00,-2.078196e+00,-4.079712e-02
-4.758116e+00,1.143478e+01,1.435055e+01,-1.937219e+00,6.688098e-01,6.284381e-01
-2.768215e-01,1.500841e+01,1.338528e+01,-7.173279e-01,2.394411e+00,9.890359e-01
4.613359e+00,8.207344e+00,1.228438e+01,1.741674e+00,2.908307e+00,8.195505e-01
7.192887e+00,5.314107e+00,1.020172e+01,2.874026e+00,2.620482e+00,4.465823e-01
8.761937e+00,3.246920e+00,9.294360e+00,3.913594e+00,1.624272e+00,3.873693e-02
5.779393e+00,3.587678e+00,9.150766e+00,4.771568e+00,6.798489e-01,-1.831449e-01
1.623860e+00,3.180088e+00,9.583859e+00,5.995332e+00,3.822106e-01,-8.338166e-02
3.001910e-01,1.721075e+00,1.053085e+01,6.675444e+00,6.388869e-01,1.049808e-01
9.775602e-01,1.853154e+00,1.334151e+01,7.588744e+00,1.251256e+00,4.146860e-01
2.076741e+00,1.814613e+00,1.437064e+01,8.149075e+00,1.628864e+00,7.602261e-01
2.937996e+00,1.405670e+00,1.168079e+01,7.591566e+00,1.257292e+00,1.290128e+00
-2.330939e+00,3.049866e+00,1.027891e+01,6.421543e+00,1.058710e+00,1.357725e+00
-1.032095e+01,-4.015101e+00,6.071656e+00,3.615265e+00,2.185995e+00,1.177305e+00
-7.913970e+00,-6.731671e+00,5.968667e+00,5.680964e-01,3.704918e+00,9.278844e-01
6.672721e+00,2.710839e+00,6.621232e+00,-2.628003e+00,2.701934e+00,4.194261e-02
2.163517e+01,3.342145e+01,-1.290363e+01,-1.707008e+00,1.990999e+00,5.963616e-01
-5.762488e+00,-8.884390e-01,1.322556e+01,-2.857649e+00,-2.721481e+00,-2.982126e+00
-9.058266e-01,-6.349553e+00,1.283191e+01,-3.136973e+00,-8.313564e-01,-1.449574e+00
-3.579732e+00,9.233225e+00,1.717919e+01,-2.964473e+00,-7.692108e-01,-8.430700e-01
-9.745623e+00,2.269372e+01,1.352135e+01,-2.016937e+00,-5.635233e-01,-6.019178e-01
-6.270460e+00,4.932404e+00,5.513955e+00,-7.224231e-01,2.221017e+00,5.681608e-01
-1.150423e+00,5.657769e+00,5.439413e+00,-7.897491e-01,3.098829e+00,7.510048e-01
1.044124e+01,1.302959e+01,2.458986e+00,-6.238423e-01,2.691731e+00,6.063338e-01
9.881847e+00,8.461626e+00,6.721720e-02,-5.735434e-01,7.980401e-01,-6.261279e-02
3.429852e+00,7.798651e+00,8.315907e-01,-8.667712e-01,-1.027189e+00,-7.372878e-01
-1.265319e+00,9.015299e+00,2.071134e+00,-9.996396e-01,-9.851944e-01,-7.453053e-01
-1.538804e+00,8.715265e+00,1.030486e+00,-1.198818e+00,-5.616155e-01,-5.869340e-01
-9.700930e-01,7.830561e+00,6.650316e-01,-1.427236e+00,-3.447822e-01,-4.840800e-01
-5.761753e-01,7.187973e+00,2.808665e+00,-1.742808e+00,-2.090882e-01,-3.638391e-01
7.271852e-01,9.046116e+00,5.747059e+00,-1.802096e+00,-5.603739e-02,-2.781082e-01
2.745172e+00,9.913964e+00,6.280955e+00,-1.718776e+00,-2.516229e-02,-1.897046e-01
3.538746e+00,9.609586e+00,4.724242e+00,-1.638676e+00,-2.703950e-01,-1.680575e-01
-5.843184e-01,9.503838e+00,3.440181e+00,-1.575301e+00,-5.452087e-01,-1.877236e-01
2.557292e+00,1.017319e+01,-6.615127e-01,-1.862829e+00,-5.559079e-01,-1.294905e-01
2.805150e+00,8.610269e+00,-1.044389e+00,-2.486721e+00,-1.172647e+00,-1.962110e-01
3.512685e+00,1.088297e+01,1.346195e-01,-3.119042e+00,-1.486486e+00,-1.075343e-01
7.959818e+00,1.334954e+01,-2.397542e+00,-3.874047e+00,-2.095078e+00,-1.530706e-01
7.594429e+00,1.688554e+01,-3.527859e+00,-4.255574e+00,-2.931834e+00,-1.933395e-01
-6.822751e+00,1.844896e+01,1.200137e+01,-4.720033e+00,-4.396552e+00,-1.891828e-01
-1.107917e+01,2.532385e+01,1.784597e+01,-4.376418e+00,-3.207217e+00,1.408665e-01
-1.441669e+01,1.274146e+01,1.812426e+01,-1.734211e+00,2.991683e-01,1.294155e+00
1.065534e+00,5.544009e+00,1.527798e+01,-1.585534e+00,2.202821e+00,1.560968e+00
4.598763e+00,1.068256e+01,1.282995e+01,8.634399e-02,1.860482e+00,1.293136e+00
2.510535e+00,5.572986e+00,1.262397e+01,1.875857e+00,1.318876e+00,9.815970e-01
1.586649e+00,1.557082e+00,8.606838e+00,3.527133e+00,1.135550e+00,8.676863e-01
1.317888e+00,4.954815e-01,9.050514e+00,4.372944e+00,1.176707e+00,5.878817e-01
6.027883e-01,-2.440876e-02,8.911387e+00,5.298544e+00,1.215225e+00,4.657255e-01
3.735743e-01,7.342972e-01,8.896506e+00,6.079903e+00,1.201338e+00,4.007961e-01
8.450122e-01,2.335876e-01,1.026234e+01,7.131223e+00,1.153298e+00,3.150623e-01
2.387469e+00,5.805778e-01,1.191540e+01,7.769517e+00,1.174807e+00,2.413112e-01
3.647095e+00,3.633550e+00,1.543014e+01,8.452266e+00,8.774765e-01,6.200896e-02
-1.368825e+00,8.015940e+00,1.197657e+01,8.277227e+00,7.636289e-01,6.367529e-02
-1.222949e+01,7.037463e+00,1.038112e+01,6.583687e+00,2.688089e+00,4.229518e-01
-1.093716e+01,-6.646606e+00,5.565584e+00,4.437028e+00,5.282328e+00,1.014474e+00
8.309117e+00,-7.419166e+00,3.082713e+00,1.204788e+00,6.171063e+00,1.227316e+00
1.621382e+01,-3.343447e+00,1.441777e+00,-1.985483e+00,3.500267e+00,5.712304e-01
2.297750e+01,3.417400e+01,-5.296364e+00,-2.182314e+00,6.530115e-01,2.752066e-01
1.002327e+01,1.224898e+01,1.914566e+00,-1.668088e+00,-2.874906e+00,-1.866418e+00
-9.225278e+00,-5.132190e+00,1.369823e+01,-3.449511e+00,-2.646831e+00,-1.648590e+00
-1.344881e+01,5.722833e+00,1.922796e+01,-3.928413e+00,-8.057422e-01,-4.911912e-01
-1.094790e+01,2.200183e+01,1.465259e+01,-2.024258e+00,1.190237e+00,-1.457853e-01
-2.397952e+00,6.473535e+00,6.287962e+00,-9.080860e-01,2.361230e+00,8.108342e-01
7.104662e+00,9.127470e+00,5.843914e+00,-1.291437e+00,2.986995e+00,8.711552e-01
9.098613e+00,1.164694e+01,4.598589e+00,-9.880875e-01,2.182878e+00,4.139186e-01
8.040821e+00,9.616650e+00,2.645636e+00,-9.243387e-01,1.738942e-01,-1.377125e-01
2.881752e+00,8.173531e+00,2.675557e+00,-9.553301e-01,-9.022702e-01,-5.065001e-01
-3.250631e+00,8.539984e+00,3.227744e+00,-9.091606e-01,-6.387293e-01,-5.085612e-01
-1.628381e+00,9.399332e+00,2.507796e+00,-9.807089e-01,9.184002e-02,-2.959229e-01
1.272173e+00,7.599183e+00,3.152339e-01,-1.205687e+00,9.914668e-02,-2.920962e-01
-2.858288e-01,6.827289e+00,1.484925e+00,-1.442104e+00,-1.208851e-01,-3.417561e-01
-4.838257e-01,8.923501e+00,5.559172e+00,-1.602023e+00,1.475899e-01,-1.586819e-01
2.623564e+00,9.129319e+00,6.087277e+00,-1.574273e+00,3.401614e-01,-1.010252e-01
5.068535e+00,8.897768e+00,4.945756e+00,-1.634507e+00,-2.438238e-01,-7.001400e-02
3.437724e+00,9.473803e+00,3.859626e+00,-1.779408e+00,-6.372096e-01,-5.952723e-02
2.659312e+00,1.039492e+01,1.007653e+00,-2.135037e+00,-1.008063e+00,1.837923e-02
1.510137e+00,1.000964e+01,9.655406e-01,-2.571059e+00,-1.385535e+00,6.257027e-02
5.395157e-01,1.092957e+01,2.433118e+00,-3.060743e+00,-1.569321e+00,2.416060e-01
3.646944e+00,1.085353e+01,7.255452e-01,-3.352476e+00,-1.661760e+00,2.941185e-01
6.743517e+00,1.539817e+01,-4.792181e+00,-3.944895e+00,-2.536216e+00,2.055724e-01
1.610405e+00,1.822126e+01,-1.483522e+00,-4.434678e+00,-4.248105e+00,1.855590e-02
-1.150610e+01,1.913408e+01,1.474605e+01,-4.452025e+00,-3.813111e+00,2.631785e-02
-1.864721e+01,2.358986e+01,1.845352e+01,-2.960036e+00,-8.880560e-01,6.230607e-01
-9.389115e-01,4.216702e+00,1.866194e+01,-1.123746e+00,3.105356e+00,1.501243e+00
1.014963e+01,1.120336e+01,1.227223e+01,-6.691253e-01,3.758212e+00,1.346941e+00
1.094234e+01,8.172337e+00,1.373772e+01,1.770255e+00,2.074772e+00,4.499354e-01
6.033974e+00,4.533342e+00,1.118002e+01,3.085798e+00,1.155750e+00,-1.146918e-01
1.527619e+00,2.929272e+00,1.060625e+01,4.214494e+00,9.889055e-01,-6.160354e-01
1.261106e+00,4.139081e+00,1.050117e+01,5.237348e+00,1.427060e+00,-7.286625e-01
3.365145e+00,3.611250e+00,1.056807e+01,6.525400e+00,1.977714e+00,-6.057960e-01
8.116659e+00,2.816214e+00,9.806135e+00,7.087420e+00,1.667751e+00,-4.448226e-01
6.886075e+00,3.514972e+00,1.211953e+01,7.629621e+00,6.231425e-01,-5.500377e-01
4.749628e+00,4.516698e+00,1.363135e+01,7.962143e+00,1.964230e-01,-6.200818e-01
-9.633510e-01,3.050390e+00,1.237608e+01,7.752341e+00,8.469955e-01,-5.009187e-01
-5.301493e+00,4.247066e+00,1.006356e+01,6.777474e+00,1.532869e+00,6.120814e-02
-3.870662e+00,-3.256170e+00,5.334421e+00,4.578357e+00,2.835416e+00,9.078048e-01
-1.181936e+00,-8.946172e+00,4.051847e+00,1.568912e+00,3.370088e+00,1.007164e+00
8.286984e+00,-1.747356e+00,2.265837e+00,-2.549250e+00,2.351855e+00,5.749019e-01
2.080403e+01,3.422639e+01,-1.868457e+00,-3.405452e+00,1.147470e+00,7.761342e-01
-7.064414e+00,-1.630542e+00,1.226637e+01,-3.902954e+00,-2.955504e+00,-2.527926e+00
-2.228742e+00,-1.075661e+01,1.269108e+01,-3.423093e+00,-1.151900e+00,-8.232817e-01
-5.347877e+00,5.540390e+00,1.705235e+01,-2.989157e+00,1.088737e-01,-1.706226e-01
-7.462792e+00,2.703034e+01,1.421058e+01,-2.077326e+00,1.042912e+00,2.354401e-01
-3.561632e-02,3.329154e+00,6.693000e+00,-8.533547e-01,2.834298e+00,8.482997e-01
9.893897e+00,7.184057e+00,4.337741e+00,-9.353645e-01,2.980713e+00,7.415248e-01
1.422073e+01,1.233618e+01,2.765446e+00,-8.728907e-01,-2.335135e-01,-2.647420e-01
1.792616e+00,8.854339e+00,3.255048e+00,-8.915381e-01,-1.744493e+00,-6.957178e-01
-5.547901e+00,9.759776e+00,3.101148e+00,-9.133855e-01,-1.703512e+00,-5.752756e-01
-6.465036e+00,9.680656e+00,2.706762e+00,-8.432852e-01,-4.934228e-01,-2.648500e-01
-2.841479e+00,9.083482e+00,9.847921e-01,-8.994059e-01,8.068648e-01,7.433200e-02
9.951991e-01,8.618244e+00,2.481078e-01,-1.139116e+00,8.337511e-01,3.956366e-02
7.899676e-02,7.274061e+00,2.717466e+00,-1.397462e+00,2.789940e-01,-1.332711e-01
1.895792e-01,7.277042e+00,5.147965e+00,-1.570149e+00,1.999976e-01,-1.313059e-01
1.820049e+00,9.186413e+00,5.904571e+00,-1.567022e+00,1.974187e-01,2.144905e-02
2.096141e+00,9.035604e+00,4.182079e+00,-1.613928e+00,1.651235e-01,1.432103e-01
3.862938e+00,9.095590e+00,-8.598247e-01,-1.956683e+00,1.279237e-02,2.303394e-01
4.660844e+00,1.020583e+01,-1.763344e+00,-2.487875e+00,-5.672238e-01,1.083886e-01
1.003308e+00,1.016200e+01,9.310313e-01,-3.241174e+00,-1.529779e+00,-2.532584e-03
3.262637e+00,1.130501e+01,1.143565e+00,-3.576298e+00,-1.535427e+00,1.296727e-01
7.221366e+00,1.616874e+01,-4.522126e+00,-4.168933e+00,-2.392965e+00,1.580827e-01
-5.994425e-01,1.670516e+01,1.988113e+00,-4.597050e+00,-4.321525e+00,8.693770e-02
-1.195007e+01,2.486280e+01,1.611814e+01,-4.577909e+00,-3.246195e+00,5.812506e-02
-1.494985e+01,2.273985e+01,1.820729e+01,-2.441103e+00,-6.527464e-01,6.936549e-01
1.977085e+00,3.002750e+00,1.899582e+01,-1.193616e+00,2.609309e+00,1.160293e+00
1.128609e+01,1.276604e+01,1.039721e+01,-5.912964e-01,2.848141e+00,9.301982e-01
1.004442e+01,8.380019e+00,1.137265e+01,1.974769e+00,1.417412e+00,-1.573655e-01
6.107106e+00,3.209327e+00,8.238929e+00,3.158430e+00,7.893257e-01,-5.694205e-01
4.601205e+00,1.748860e+00,8.240293e+00,4.251456e+00,8.208446e-01,-1.058569e+00
4.912547e+00,1.246397e+00,8.200058e+00,5.171370e+00,1.112304e+00,-1.220408e+00
4.631566e+00,2.680816e+00,8.729251e+00,6.154850e+00,1.064040e+00,-1.034015e+00
4.684761e+00,3.865300e+00,1.075569e+01,6.988534e+00,7.925911e-01,-7.249565e-01
4.016591e+00,3.105682e+00,1.369000e+01,7.878705e+00,4.106797e-01,-1.493457e-01
3.853988e+00,5.220248e+00,1.231889e+01,8.171782e+00,8.220090e-02,5.175639e-01
1.291662e+00,4.753529e+00,1.218869e+01,7.367989e+00,-2.929658e-01,7.600633e-01
-5.787281e+00,9.817950e-01,8.266667e+00,5.400899e+00,2.957149e-01,4.923349e-01
-1.030590e+01,-8.589631e+00,5.969963e+00,2.219464e+00,2.048121e+00,5.950081e-01
3.030272e-01,-9.601804e+00,5.736198e+00,-1.122926e+00,2.837276e+00,9.343275e-01
1.082173e+01,2.511965e+01,-2.075400e+00,-2.898346e+00,1.550849e+00,2.289854e-01
2.950690e+01,3.577984e+01,-1.201489e+00,-1.555857e+00,-4.218989e-01,-2.855989e-01
-1.208080e+01,-4.857051e+00,1.540691e+01,-3.134223e+00,-2.195246e+00,-1.914845e+00
-8.297399e+00,1.541141e+00,1.407115e+01,-3.355916e+00,2.433715e-01,-4.250816e-02
-7.202271e+00,1.697327e+01,1.342542e+01,-2.145406e+00,1.656059e+00,1.682048e-01
7.303446e-01,1.297735e+01,7.678337e+00,-1.201107e+00,2.531001e+00,5.496679e-01
5.594661e+00,7.541514e+00,5.839163e+00,-1.143961e+00,2.228507e+00,4.804074e-01
6.621389e+00,1.081232e+01,4.579512e+00,-1.028535e+00,1.426043e+00,1.885299e-01
4.994232e+00,9.795653e+00,3.447330e+00,-9.608518e-01,-2.821839e-01,-3.414243e-01
-3.300570e-01,9.198257e+00,2.983557e+00,-9.634422e-01,-6.475916e-01,-4.796659e-01
-2.062323e+00,8.951031e+00,2.846943e+00,-9.406304e-01,-1.362607e-01,-4.039347e-01
-1.591127e-01,8.589857e+00,2.427024e+00,-9.830014e-01,2.382427e-01,-2.846946e-01
3.158125e+00,8.542304e+00,1.536286e+00,-1.251833e+00,-6.292705e-02,-3.351875e-01
2.356631e+00,9.483446e+00,1.829603e+00,-1.435836e+00,-6.318439e-01,-5.199715e-01
-1.278728e+00,7.966201e+00,4.163878e+00,-1.579136e+00,-9.435674e-01,-5.802455e-01
-1.037104e+00,8.097783e+00,5.027919e+00,-1.616990e+00,-6.406900e-01,-3.852137e-01
2.640743e-01,9.527569e+00,4.498051e+00,-1.628156e+00,-2.227562e-01,-1.340666e-01
1.996947e+00,8.805389e+00,7.431028e-01,-1.844595e+00,-2.279248e-01,-3.249917e-02
3.415569e+00,1.021635e+01,1.739861e-01,-2.382041e+00,-7.883848e-01,-1.303334e-01
1.751992e+00,1.019522e+01,1.052346e+00,-2.842409e+00,-1.418867e+00,-1.736304e-01
3.149977e+00,1.206229e+01,1.441717e+00,-3.430505e+00,-1.727497e+00,-1.766213e-02
5.167301e+00,1.846789e+01,-5.210459e+00,-3.913858e+00,-2.204206e+00,1.152431e-01
9.801232e-01,1.416539e+01,3.575283e+00,-4.385762e+00,-3.634350e+00,-8.676474e-03
-3.707510e+00,1.663840e+01,1.229847e+01,-4.744582e+00,-3.428574e+00,-3.631435e-01
-7.446556e+00,2.563108e+01,1.579118e+01,-2.864111e+00,-1.566812e+00,-4.500169e-01
-2.520565e+00,7.173699e+00,1.708878e+01,-9.277789e-01,3.800022e-01,-2.421440e-01
7.190058e+00,1.021449e+01,7.810975e+00,-3.159046e-01,1.179001e+00,-4.860546e-01
4.478252e+00,8.586135e+00,1.158889e+01,1.033290e+00,9.899224e-01,-9.053399e-01
3.179768e+00,4.581053e+00,9.057539e+00,2.884159e+00,1.080129e+00,-1.222898e+00
3.722412e+00,2.701381e+00,8.374675e+00,3.985767e+00,1.336355e+00,-1.346304e+00
3.843566e+00,2.556434e+00,8.954709e+00,5.229921e+00,1.457263e+00,-1.302783e+00
3.314693e+00,3.425921e+00,9.682776e+00,6.008202e+00,1.413603e+00,-1.124116e+00
3.915704e+00,3.227932e+00,1.188455e+01,7.121988e+00,1.260915e+00,-8.384039e-01
5.306846e+00,3.003587e+00,1.426808e+01,7.864774e+00,8.885590e-01,-5.210022e-01
6.981340e+00,6.143863e+00,1.285139e+01,8.290308e+00,4.011830e-02,-1.263233e-01
4.442105e+00,4.723209e+00,1.010529e+01,7.689748e+00,-7.721595e-01,-4.837671e-01
-1.269594e+01,-5.053127e+00,6.839061e+00,5.067881e+00,-6.931845e-01,-8.822566e-01
-1.072052e+01,-1.084204e+01,7.353161e+00,2.302548e+00,1.229291e+00,-4.437236e-01
1.082769e+00,-9.892146e+00,7.521223e+00,-2.325180e+00,3.731795e+00,1.112882e+00
1.618504e+01,3.740989e+01,-7.242686e+00,-2.816421e+00,3.094392e+00,1.165703e+00
1.006062e+01,8.863965e+00,3.304658e+00,-1.635355e+00,-3.180794e-01,-1.088886e+00
-5.319727e+00,-8.359361e+00,1.176813e+01,-3.677923e+00,-9.691541e-01,-6.019514e-01
-6.750126e+00,1.014749e+01,1.675388e+01,-3.637284e+00,3.615833e-01,-2.924946e-01
1.530669e+00,1.917593e+01,1.264146e+01,-2.326244e+00,2.345346e-01,-1.230482e-01
-1.199730e+00,4.419738e+00,8.537588e+00,-1.597188e+00,1.893973e-01,3.184163e-02
-6.784919e-01,1.010934e+01,7.361698e+00,-1.454982e+00,9.424354e-01,3.500558e-01
7.627335e+00,1.312732e+01,5.719603e+00,-1.109199e+00,6.275512e-01,1.193558e-01
3.778545e+00,9.168472e+00,3.421718e+00,-1.016474e+00,-6.278440e-01,-1.933618e-01
-2.007787e+00,1.000725e+01,2.999017e+00,-9.831414e-01,-1.150813e+00,-2.470611e-01
-2.196662e+00,1.066942e+01,2.381574e+00,-1.023856e+00,-7.791011e-01,-1.694554e-01
-1.049644e+00,8.114659e+00,6.204488e-01,-1.231424e+00,-3.403159e-01,-4.650318e-02
2.116497e+00,7.227580e+00,-2.687833e-02,-1.511499e+00,-5.571963e-01,-1.350172e-01
-2.110727e-01,7.041599e+00,2.049579e+00,-1.777513e+00,-1.209165e+00,-3.402272e-01
-1.466156e+00,7.269803e+00,3.848469e+00,-1.920498e+00,-1.134301e+00,-2.733135e-01
-1.997922e+00,8.045652e+00,4.447922e+00,-1.977693e+00,-5.326448e-01,1.315014e-02
2.686688e+00,9.435371e+00,1.262134e+00,-2.245525e+00,-1.940116e-01,2.560380e-01
5.092605e+00,9.139285e+00,3.902939e-01,-2.696537e+00,-7.069552e-01,1.851016e-01
5.223810e+00,1.154915e+01,4.053577e-01,-3.277882e+00,-1.274399e+00,2.036477e-01
3.316672e+00,1.792257e+01,-2.572037e+00,-3.921503e+00,-2.133202e+00,2.181327e-01
1.927113e+00,2.000482e+01,-1.700730e+00,-4.303848e+00,-2.830299e+00,1.573298e-01
-5.783690e+00,1.815067e+01,1.270245e+01,-4.603662e+00,-3.682320e+00,-7.316842e-03
-6.938952e+00,2.205722e+01,1.601228e+01,-3.933662e+00,-2.116024e+00,1.594047e-01
-8.573594e+00,1.131626e+01,1.780232e+01,-1.275405e+00,-1.299842e-01,1.529271e-01
4.288765e+00,7.188490e+00,9.301824e+00,-8.188801e-01,1.529664e+00,3.891905e-01
4.143541e+00,9.023504e+00,1.059851e+01,1.028289e+00,1.222406e+00,-4.433657e-02
2.079008e+00,4.791515e+00,1.041313e+01,2.517198e+00,1.052480e+00,-5.126521e-01
2.400435e+00,2.743540e+00,8.386025e+00,4.053897e+00,1.410393e+00,-6.391909e-01
2.598136e+00,2.528122e+00,9.330632e+00,5.012664e+00,1.660366e+00,-7.636668e-01
3.311854e+00,1.841109e+00,9.477655e+00,5.997513e+00,1.756502e+00,-6.862129e-01
4.563439e+00,2.500159e+00,1.035073e+01,6.737883e+00,1.715562e+00,-6.737118e-01
5.139759e+00,3.792530e+00,1.393337e+01,7.918350e+00,1.342443e+00,-6.652116e-01
6.037513e+00,5.013737e+00,1.462641e+01,8.381952e+00,1.098185e+00,-5.772830e-01
7.106689e-01,9.000700e+00,1.011616e+01,7.799530e+00,6.525746e-01,-3.067179e-01
-8.227426e+00,3.008242e+00,8.269934e+00,6.345014e+00,4.241936e-01,-5.299940e-02
-1.043288e+01,-1.168366e+01,4.428671e+00,2.774371e+00,3.698219e+00,5.965616e-01
4.698392e+00,-1.198752e+01,3.443489e+00,-8.815904e-01,4.102837e+00,1.065470e+00
2.292310e+01,3.461556e+01,-4.745552e+00,-3.501549e+00,1.491753e+00,2.113288e-01
2.664049e+01,2.984458e+01,1.152201e+00,-2.906400e+00,-1.853236e+00,-7.618336e-01
-1.452690e+01,-4.857893e+00,2.135638e+01,-4.562692e+00,-3.630925e+00,-1.971789e+00
-1.217705e+01,1.322897e+00,2.125725e+01,-3.765257e+00,-8.459613e-01,2.363252e-01
-7.921193e+00,1.629523e+01,1.410698e+01,-1.605830e+00,1.926140e+00,3.184855e-01
2.892984e+00,1.567674e+01,1.181726e+01,-1.034935e+00,3.448872e+00,9.257329e-01
1.269411e+01,6.355243e+00,3.478042e+00,-6.601540e-01,1.986327e+00,5.050128e-01
1.204705e+01,1.039063e+01,3.284034e+00,-7.224286e-01,-1.531111e-01,-1.408810e-01
-1.748406e+00,1.080107e+01,3.395348e+00,-6.622079e-01,-2.070858e+00,-5.740628e-01
-2.335394e+00,9.358150e+00,2.651830e+00,-7.004431e-01,-1.933879e+00,-6.882031e-01
-3.095832e+00,9.153216e+00,2.536611e-03,-9.252528e-01,-8.532853e-01,-6.334849e-02
6.077253e-01,7.379720e+00,-1.000827e+00,-1.133793e+00,-7.027680e-01,-1.954087e-01
-2.388841e+00,6.270517e+00,1.597034e+00,-1.483803e+00,-1.205408e+00,-3.351228e-01
-4.212138e+00,6.986212e+00,3.794835e+00,-1.660332e+00,-1.105457e+00,-3.337131e-01
-2.586429e-01,9.422104e+00,4.471380e+00,-1.704638e+00,-2.339828e-01,-7.886932e-02
3.499141e+00,9.546176e+00,2.192065e+00,-1.753809e+00,-1.265117e-01,-4.025982e-02
2.288980e+00,9.270549e+00,8.793855e-01,-1.957648e+00,-6.242213e-01,-1.134825e-01
1.189345e+00,9.037860e+00,-6.754144e-01,-2.387851e+00,-9.060401e-01,-1.335149e-01
2.596041e+00,1.058812e+01,-7.709202e-01,-3.024736e+00,-1.089990e+00,-5.982463e-02
3.875411e+00,1.101884e+01,2.988721e-01,-3.537561e+00,-9.747977e-01,5.851603e-02
1.154218e+01,1.739438e+01,-2.003721e+00,-4.137633e+00,-1.307882e+00,2.757071e-01
6.090416e+00,2.068358e+01,-3.308370e-01,-4.427314e+00,-2.683316e+00,4.498205e-02
-8.280648e+00,1.803179e+01,1.373109e+01,-4.775800e+00,-3.937874e+00,-1.939983e-01
-1.355670e+01,2.767745e+01,2.015205e+01,-4.000761e+00,-2.717944e+00,3.165428e-01
-7.248982e+00,4.613011e+00,2.193440e+01,-1.187537e+00,3.381550e-01,9.684709e-01
6.484696e-01,9.841982e+00,1.029563e+01,-7.803936e-01,1.499592e+00,1.075825e+00
-1.141913e+00,8.731156e+00,1.246140e+01,1.692505e+00,1.000615e+00,7.463582e-01
-2.221728e+00,2.580274e+00,1.121906e+01,3.214566e+00,1.097447e+00,8.015675e-01
-9.312670e-01,1.256725e+00,1.006891e+01,4.698410e+00,1.566692e+00,9.006106e-01
5.854584e-01,7.838449e-01,1.013474e+01,5.579216e+00,1.845608e+00,9.494362e-01
2.477738e+00,1.345032e-01,9.948330e+00,6.389434e+00,1.890097e+00,9.785796e-01
3.286331e+00,9.598748e-01,1.064127e+01,6.972741e+00,1.690192e+00,7.551702e-01
4.432833e+00,2.378070e+00,1.333142e+01,7.849546e+00,1.333728e+00,3.541902e-01
5.273785e+00,5.246066e+00,1.425196e+01,8.290303e+00,1.027300e+00,1.216634e-01
4.101272e+00,4.699727e+00,8.521046e+00,7.919332e+00,4.972697e-01,-2.329565e-01
-1.983581e+00,6.028185e+00,7.322353e+00,6.283206e+00,-3.241559e-01,-2.747018e-01
-9.619577e+00,-4.779867e+00,5.967084e+00,3.474935e+00,3.818881e-01,-5.264430e-01
-2.382783e+00,-1.001019e+01,1.282641e+00,3.525739e-01,1.436402e+00,-2.899182e-01
6.014442e+00,-5.798808e+00,7.319079e+00,-3.213379e+00,6.065657e-01,-4.806067e-01
2.670268e+01,3.938454e+01,-6.869449e+00,-2.854446e+00,2.185754e-01,2.845923e-01
-1.153209e+01,-3.749433e+00,3.500937e+00,-2.187607e+00,-1.109593e+00,-1.868204e+00
-6.121372e+00,-1.722692e+00,1.211652e+01,-3.360127e+00,1.722682e+00,1.158957e+00
-6.127788e+00,1.724832e+01,1.557309e+01,-2.818906e+00,2.685881e+00,5.618741e-03
8.058133e+00,2.195065e+01,1.035078e+01,-1.737799e+00,2.121898e+00,5.085567e-02
5.295139e+00,-6.563172e-01,4.199804e+00,-1.061971e+00,1.245231e-01,-4.895773e-01
-1.283693e+00,1.119368e+01,4.501153e+00,-1.375879e+00,3.425067e-01,3.878823e-02
-1.746953e+00,1.312513e+01,3.984674e+00,-9.748280e-01,1.115443e+00,-4.573465e-02
2.751898e+00,9.468530e+00,2.729023e+00,-9.058606e-01,6.993035e-01,-5.600634e-02
3.580415e-02,7.273134e+00,2.282534e+00,-8.177526e-01,3.619490e-03,-3.354340e-01
1.859680e+00,9.944230e+00,1.527626e+00,-1.030032e+00,1.414482e-01,-1.904092e-01
3.560416e+00,8.726544e+00,-1.084534e+00,-1.243721e+00,-2.631479e-01,-4.191250e-01
-1.141467e+00,6.971771e+00,2.595420e-01,-1.623538e+00,-8.879927e-01,-5.023940e-01
-1.574371e+00,9.454519e+00,4.790645e+00,-1.835422e+00,-6.483585e-01,-3.884590e-01
1.456337e+00,1.010978e+01,5.488341e+00,-1.838598e+00,-3.433809e-01,-2.307227e-01
2.443161e+00,9.722074e+00,2.836823e+00,-1.853140e+00,-4.776560e-01,-1.459451e-01
2.509191e+00,8.598823e+00,1.730661e+00,-2.055813e+00,-7.028589e-01,-5.509009e-02
9.116587e-01,1.069227e+01,-2.328471e+00,-2.681017e+00,-1.204285e+00,2.135879e-02
-6.146337e-01,8.852430e+00,9.406690e-02,-3.091260e+00,-1.292572e+00,2.993278e-02
7.682466e+00,1.000402e+01,1.151722e+00,-3.625203e+00,-1.115491e+00,3.905607e-01
1.261411e+01,1.096569e+01,-2.647889e+00,-4.023280e+00,-1.741145e+00,3.354357e-01
-1.817458e+00,1.613388e+01,2.572549e+00,-4.688710e+00,-4.533797e+00,-3.326036e-01
-7.086198e+00,1.621011e+01,1.293704e+01,-4.924397e+00,-4.483873e+00,-3.653673e-01
-1.286656e+01,2.744545e+01,1.787257e+01,-3.059207e+00,-1.869481e+00,-7.060822e-02
-4.393968e+00,3.495022e+00,1.951696e+01,-1.372007e+00,-2.992227e-02,3.080363e-01
7.518190e+00,1.045610e+01,1.125068e+01,-1.082340e+00,2.128092e+00,2.501372e-01
7.824161e+00,1.211888e+01,1.180043e+01,9.321245e-01,1.527676e+00,-2.293027e-01
4.203130e+00,3.806785e+00,9.886081e+00,2.744910e+00,1.106130e+00,-5.446930e-01
4.052684e+00,2.786817e+00,8.182423e+00,3.660102e+00,1.157029e+00,-6.714235e-01
2.537063e+00,1.940522e+00,9.317154e+00,4.911152e+00,1.546561e+00,-1.108075e+00
1.992564e+00,2.588596e+00,8.820580e+00,5.797050e+00,1.719448e+00,-1.013017e+00
3.299441e+00,2.810097e+00,1.082919e+01,6.742278e+00,1.832420e+00,-9.514755e-01
4.916470e+00,2.703091e+00,1.159820e+01,7.595086e+00,1.705944e+00,-7.305223e-01
8.857083e+00,6.863608e+00,1.344452e+01,8.152985e+00,8.084389e-01,-3.022053e-01
9.086145e+00,1.104099e+01,1.041420e+01,8.075427e+00,-2.353064e-01,-4.210173e-01
-2.056821e+00,2.129409e+00,4.785376e+00,7.121253e+00,-7.085598e-01,-1.524311e+00
-1.800412e+01,3.978844e-01,1.036881e+01,4.899188e+00,-2.528604e-03,-1.045636e+00
-3.769474e+00,-1.168658e+01,-2.880521e-01,1.212115e+00,3.415097e+00,8.387863e-01
3.019191e+00,-1.115325e+01,6.157729e+00,-2.267378e+00,3.293363e+00,7.801252e-01
2.418512e+01,3.940400e+01,-2.727048e+00,-3.864942e+00,1.673156e+00,9.091487e-01
2.112780e+01,2.551013e+01,3.291699e+00,-1.806435e+00,-1.228845e+00,-7.211027e-01
-1.308712e+01,-5.804265e+00,1.582632e+01,-3.765923e+00,-1.931890e+00,-4.338760e-01
-7.541113e+00,3.318867e+00,1.513787e+01,-3.042069e+00,7.480249e-01,8.295281e-01
-1.872340e+00,2.099448e+01,1.331620e+01,-2.055559e+00,2.367522e+00,4.301211e-01
7.271520e+00,9.888250e+00,6.910427e+00,-1.268780e+00,2.805281e+00,9.844236e-01
7.925100e+00,7.281214e+00,3.108879e+00,-1.368113e+00,1.655823e+00,3.904499e-01
5.131984e+00,1.201933e+01,3.969590e+00,-1.161649e+00,3.114318e-01,-5.365468e-02
1.261684e-01,9.708011e+00,3.791025e+00,-1.111619e+00,-9.502779e-01,-4.053199e-01
-4.669526e+00,8.027115e+00,3.442955e+00,-1.087913e+00,-9.779512e-01,-3.134032e-01
-1.678591e+00,9.949534e+00,2.408004e+00,-1.091111e+00,1.187781e-01,-4.509141e-02
1.509659e+00,9.675037e+00,1.444883e+00,-1.150831e+00,2.532697e-01,-2.372206e-02
3.376730e+00,7.761608e+00,6.244351e-03,-1.450624e+00,-4.001753e-01,-2.097211e-01
-9.955766e-01,6.802814e+00,1.285314e+00,-1.736234e+00,-1.132981e+00,-4.040170e-01
-3.178803e+00,6.982432e+00,3.339086e+00,-1.977093e+00,-9.329013e-01,-3.287692e-01
6.112195e-01,7.682878e+00,5.938195e+00,-1.967277e+00,-5.668406e-01,-2.619856e-01
2.707527e+00,9.212890e+00,5.929275e+00,-1.955838e+00,-5.676251e-01,-1.913597e-01
1.520890e+00,9.574918e+00,5.262244e+00,-1.893333e+00,-7.300718e-01,-1.732974e-01
-6.736818e-02,9.470866e+00,4.277317e+00,-1.965789e+00,-6.812092e-01,3.269128e-03
1.719574e+00,9.830341e+00,2.300000e-01,-2.265591e+00,-7.378130e-01,1.532522e-01
2.754570e+00,1.083030e+01,8.694965e-01,-2.850634e+00,-1.265221e+00,1.434522e-01
6.470439e+00,1.204578e+01,8.302102e-02,-3.216352e+00,-1.635993e+00,8.659595e-02
3.798739e+00,1.519738e+01,-2.719296e+00,-3.891776e+00,-2.828288e+00,-2.179386e-02
9.285913e-01,1.619149e+01,-2.395909e+00,-4.486927e+00,-3.512031e+00,-1.823639e-01
-4.135418e+00,1.991775e+01,1.392032e+01,-4.937128e+00,-3.832372e+00,-1.699460e-01
-1.105003e+01,2.230312e+01,1.853585e+01,-4.075579e+00,-2.534739e+00,-4.053024e-01
-7.335990e+00,6.428912e+00,2.193496e+01,-1.666008e+00,2.891279e-01,3.071534e-01
3.883563e+00,1.222558e+01,1.210316e+01,-1.112073e+00,1.986241e+00,4.168417e-01
3.384575e+00,6.265209e+00,1.425580e+01,1.403635e+00,2.193614e+00,-6.414872e-02
4.126893e+00,3.209939e+00,1.227937e+01,2.794162e+00,2.529102e+00,-1.953098e-01
6.391705e+00,3.925620e+00,9.322442e+00,4.285674e+00,2.384499e+00,-5.954275e-01
6.279831e+00,2.707884e+00,1.012987e+01,5.592656e+00,2.016938e+00,-9.847306e-01
7.526282e+00,5.576496e-01,8.968847e+00,6.666293e+00,1.602637e+00,-1.326779e+00
8.208606e+00,3.220008e+00,8.683421e+00,7.214230e+00,8.612894e-01,-1.274731e+00
5.585580e+00,6.315108e+00,9.921384e+00,7.560344e+00,3.240395e-02,-1.274547e+00
2.796229e+00,7.225490e+00,9.660653e+00,7.701392e+00,-4.251563e-01,-1.139830e+00
1.106521e-01,8.472843e+00,8.610903e+00,7.647917e+00,-5.208025e-03,-6.045344e-01
2.322883e-01,6.857801e+00,6.742767e+00,7.193434e+00,6.458123e-01,-1.695836e-01
-1.285843e+00,4.166601e+00,6.903740e+00,6.039612e+00,1.199617e+00,4.493581e-01
1.374450e+00,-2.820977e+00,1.468125e-01,4.417467e+00,1.706262e+00,7.504652e-01
4.373309e+00,-5.801787e+00,6.638478e-01,7.448219e-01,7.487332e-01,6.601503e-01
4.028359e+00,-4.482995e+00,6.264270e+00,-2.215517e+00,-6.028326e-01,2.703521e-01
1.975861e+00,4.058797e+00,1.633733e+01,-4.583133e+00,-1.632638e+00,-5.764770e-01
2.225737e+01,3.925703e+01,-1.320969e+01,-1.412317e+00,-1.771812e+00,2.982897e-01
-1.927048e+01,-7.348915e+00,1.138759e+01,-2.284055e+00,-2.357664e+00,-1.430449e+00
-7.062597e+00,-5.775379e+00,7.568153e+00,-2.988666e+00,1.828834e+00,1.491849e+00
-7.232349e+00,1.917818e+01,1.868735e+01,-3.231635e+00,3.642907e+00,4.908503e-01
1.616344e+01,2.193053e+01,9.933099e+00,-2.213424e+00,3.665175e+00,1.071256e+00
1.252529e+01,-1.677521e-01,4.105635e+00,-1.912107e+00,-1.140428e-01,-2.931687e-01
-8.262760e-01,9.713047e+00,8.447455e+00,-1.910012e+00,-1.466212e+00,-4.554803e-01
-2.838588e+00,1.462045e+01,6.691770e+00,-1.515064e+00,-1.191971e+00,-5.587785e-01
-1.974599e+00,7.509003e+00,4.403826e+00,-1.049688e+00,-1.307869e+00,-5.196354e-01
-3.477935e+00,9.145361e+00,2.795429e+00,-1.047832e+00,-6.426371e-01,-8.220233e-02
-3.182245e-01,1.034885e+01,1.575653e+00,-1.026913e+00,-6.167185e-02,4.669489e-02
1.859815e+00,9.285572e+00,4.229941e-01,-1.143823e+00,-9.653372e-02,-1.572596e-01
3.187726e+00,6.234643e+00,-1.139158e+00,-1.480979e+00,-5.318014e-01,-3.225966e-01
-2.569972e-01,7.277473e+00,-9.313069e-01,-2.037589e+00,-1.120232e+00,-4.039462e-01
-2.900564e+00,8.150282e+00,6.753659e-01,-2.474160e+00,-1.257224e+00,-4.039874e-01
-1.817592e+00,7.849699e+00,2.338607e+00,-2.978525e+00,-7.541135e-01,-1.771408e-01
7.052088e-01,6.672396e+00,3.251787e+00,-3.155279e+00,-5.365414e-01,-1.544298e-01
2.614913e+00,5.781826e+00,9.229492e+00,-3.033992e+00,-7.202213e-01,-3.671535e-01
3.693679e+00,2.448441e+00,9.402249e+00,-2.849312e+00,-8.742673e-01,-5.071799e-01
1.606770e+00,4.381404e+00,1.058188e+01,-2.659846e+00,-1.283531e+00,-4.414132e-01
-1.697302e-01,3.783218e+00,1.374776e+01,-2.225506e+00,-1.253450e+00,-4.119712e-01
-2.205960e-02,5.111032e+00,1.500326e+01,-1.572522e+00,-8.712673e-01,-1.095339e-01
7.687599e-01,8.752204e+00,1.508784e+01,-1.003119e+00,-6.356844e-01,6.201021e-02
1.816835e+00,1.385704e+01,1.445235e+01,-1.744270e-01,-6.237601e-01,3.792305e-01
4.436597e+00,1.389818e+01,1.120709e+01,4.571375e-01,-5.880797e-01,5.930223e-01
3.856406e+00,1.447052e+01,4.987793e+00,8.664641e-01,-1.666506e+00,4.723181e-01
-1.161017e+00,1.153923e+01,9.324134e-01,7.478665e-01,-2.863566e+00,-3.983384e-02
-9.726872e-01,1.167754e+01,-7.725531e-02,-5.477638e-02,-2.688134e+00,-3.103028e-01
-7.755347e-01,1.107390e+01,-1.371512e+00,-5.937335e-01,-2.531180e+00,-4.173565e-01
-4.129233e+00,7.426058e+00,3.234678e+00,-1.447745e+00,-2.726106e+00,-5.766164e-01
-7.893369e+00,8.770023e+00,8.622229e+00,-2.194346e+00,-1.940220e+00,-7.644741e-01
-6.066195e+00,1.489131e+01,1.104700e+01,-2.194137e+00,4.990531e-01,-3.754022e-01
5.729624e-01,1.380739e+01,6.637327e+00,-1.254531e+00,2.215151e+00,-1.017901e-01
7.619619e+00,8.373587e+00,8.293741e+00,-3.784953e-01,2.461849e+00,-5.837468e-01
1.203422e+01,9.618794e+00,8.021549e+00,-7.313314e-02,1.983820e+00,-9.577416e-01
1.283251e+01,9.370452e+00,7.791048e+00,6.576430e-01,1.771282e-01,-1.437178e+00
8.296651e+00,5.171330e+00,7.042708e+00,1.291142e+00,-9.627954e-01,-2.040084e+00
5.301723e+00,5.862620e+00,7.155305e+00,1.951329e+00,-9.553642e-01,-2.353781e+00
4.238501e+00,6.360999e+00,7.520500e+00,2.314371e+00,-6.196515e-01,-2.455761e+00
4.178865e+00,6.439079e+00,7.321135e+00,3.091584e+00,2.047450e-01,-2.336948e+00
4.368734e+00,6.507134e+00,7.453267e+00,3.597821e+00,6.808408e-01,-2.155997e+00
4.843062e+00,5.861836e+00,7.833538e+00,4.164706e+00,9.838055e-01,-1.907913e+00
5.744181e+00,5.490000e+00,7.324089e+00,4.562567e+00,1.037928e+00,-1.702800e+00
7.090687e+00,5.794404e+00,6.772875e+00,4.985401e+00,5.448026e-01,-1.437952e+00
6.869208e+00,5.777499e+00,6.320131e+00,5.061804e+00,-2.880679e-01,-1.387929e+00
4.287572e+00,5.766636e+00,5.702220e+00,4.874086e+00,-1.308228e+00,-1.359259e+00
1.438998e+00,4.900250e+00,4.626159e+00,4.592822e+00,-1.850026e+00,-1.333045e+00
-1.722149e+00,4.192915e+00,3.988220e+00,3.498457e+00,-2.032428e+00,-1.226343e+00
2.325707e+00,-2.566514e+00,6.004991e-01,2.050884e+00,-1.268720e+00,-7.617142e-01
-3.106069e+00,4.134025e-01,1.799845e+00,2.819599e-01,-1.492389e+00,-5.542397e-01
-1.091258e+01,5.681115e+00,5.004259e+00,-1.664716e+00,-1.272386e+00,-7.150534e-02
-5.697537e+00,2.082060e+01,9.707190e+00,-3.302931e+00,1.685186e+00,1.764549e+00
2.721219e+00,2.790512e+00,1.638106e+01,-2.957463e+00,3.274704e+00,1.445298e+00
1.134705e+01,-3.353281e+00,1.271553e+01,-1.996191e+00,2.621873e+00,1.019680e+00
1.498616e+01,1.865974e+01,8.981617e+00,-1.838771e+00,1.050844e+00,7.018682e-01
-2.355150e+00,9.130198e+00,6.629510e+00,-1.027327e+00,-1.440299e+00,-4.456089e-01
-6.560538e+00,3.999489e+00,5.156725e+00,-9.153113e-01,-9.953093e-01,1.553698e-02
-3.861832e+00,1.213476e+01,4.592196e+00,-6.852393e-01,6.808489e-02,1.415322e-01
-2.128904e+00,9.737205e+00,2.523054e+00,-4.368838e-01,1.587711e-01,3.120180e-01
1.569011e-02,8.237110e+00,-5.078696e-01,-4.677636e-01,2.183611e-01,3.849793e-01
9.381260e-01,9.344293e+00,-1.069766e+00,-6.433624e-01,1.715274e-02,2.837124e-01
-2.566652e+00,7.998583e+00,4.645293e-01,-9.916932e-01,-9.218317e-01,-6.606054e-02
-3.382743e+00,7.963334e+00,9.786259e-01,-1.207364e+00,-9.145886e-01,5.358070e-02
-1.894814e+00,8.870682e+00,2.846447e+00,-1.407114e+00,-4.818089e-01,1.860812e-01
-5.972246e-01,8.542357e+00,4.882566e+00,-1.428661e+00,-2.621461e-01,2.595063e-01
2.243710e+00,9.677450e+00,5.883780e+00,-1.398527e+00,-1.733185e-01,2.340673e-01
3.526285e+00,9.986285e+00,5.995688e+00,-1.323065e+00,-4.974449e-01,1.060816e-01
6.745682e-01,1.038781e+01,6.401187e+00,-1.224436e+00,-9.259801e-01,5.559811e-03
4.078430e-01,1.046537e+01,4.371649e+00,-1.205622e+00,-9.232901e-01,9.268749e-02
2.516097e+00,7.942990e+00,-1.653890e+00,-1.554981e+00,-9.464579e-01,2.647514e-01
4.385317e+00,9.179159e+00,-1.829946e+00,-2.110954e+00,-1.461895e+00,1.892897e-01
2.411065e+00,1.124264e+01,1.091624e+00,-2.832663e+00,-2.633183e+00,-1.160244e-01
-1.480149e+00,1.083605e+01,3.511193e+00,-3.167980e+00,-2.905058e+00,-1.028733e-01
1.764306e+00,1.263812e+01,-2.318596e+00,-3.411126e+00,-2.173999e+00,3.484457e-01
3.366507e+00,1.818478e+01,-2.772975e+00,-3.667371e+00,-2.518492e+00,3.566857e-01
-1.609936e+00,1.376809e+01,7.917687e+00,-3.915698e+00,-3.293311e+00,-8.703869e-02
-8.558334e+00,2.430636e+01,1.772482e+01,-3.832225e+00,-2.589691e+00,-6.504814e-01
-2.501743e+00,1.127004e+01,1.567723e+01,-1.870603e+00,4.443708e-03,-2.355558e-01
5.116460e+00,9.658138e+00,1.053410e+01,-1.594659e+00,1.351757e+00,-8.568117e-02
5.203416e+00,8.771291e+00,1.140514e+01,1.006626e-01,1.262023e+00,-6.712842e-01
3.751296e+00,5.631984e+00,8.868752e+00,1.296608e+00,1.201705e+00,-1.141572e+00
2.431190e+00,4.289186e+00,8.354822e+00,2.418320e+00,1.303635e+00,-1.556919e+00
3.096290e+00,4.179142e+00,7.596569e+00,3.350209e+00,1.630169e+00,-1.658510e+00
5.511148e+00,4.798591e+00,7.197313e+00,4.449930e+00,2.049989e+00,-1.552985e+00
7.752273e+00,5.260993e+00,7.450427e+00,5.123574e+00,1.771217e+00,-1.465750e+00
6.852542e+00,4.781162e+00,8.395432e+00,5.663572e+00,8.808288e-01,-1.463701e+00
4.979353e+00,4.928369e+00,8.600000e+00,5.941578e+00,2.856992e-01,-1.327692e+00
3.523107e+00,5.856111e+00,8.846131e+00,6.328487e+00,-1.467568e-01,-9.874328e-01
3.838234e+00,6.375354e+00,9.427323e+00,6.583796e+00,-2.625716e-01,-8.344579e-01
2.405997e+00,6.762246e+00,5.755150e+00,6.396987e+00,-5.317685e-01,-6.101158e-01
-1.840286e-01,4.135112e+00,2.568192e+00,5.549899e+00,-6.758369e-01,-4.862994e-01
-3.736982e+00,-7.088124e-01,1.297913e-01,3.185904e+00,-1.313585e-01,-1.773040e-01
-5.460720e+00,-3.086085e+00,-2.861026e-01,1.153079e+00,4.610716e-01,1.511529e-01
4.734472e-01,-1.397429e+00,4.144360e+00,-1.483171e+00,1.275082e+00,6.436251e-01
5.026880e+00,-3.540947e-02,1.096483e+01,-3.298549e+00,1.210775e+00,5.809468e-01
1.194696e+01,3.172147e+01,-5.199258e+00,-3.202054e+00,3.475743e-01,6.176682e-01
-1.797069e+00,2.217531e+01,9.730146e+00,7.364993e-02,-9.236304e-01,-2.203221e-01
-7.883914e+00,-2.746359e+00,7.362098e+00,-2.112508e+00,5.082412e-01,3.737919e-01
5.351371e+00,1.630819e+01,1.052917e+01,-2.780293e+00,2.850084e+00,1.169823e+00
8.324981e+00,1.369234e+01,6.162159e+00,-2.044041e+00,1.056379e+00,1.694371e-01
8.794768e-01,4.508913e+00,5.126297e+00,-1.880459e+00,-4.367781e-01,-2.478995e-02
-2.629148e+00,1.148604e+01,4.707620e+00,-1.681849e+00,-2.091245e-03,1.671325e-01
-3.753354e-01,1.063656e+01,4.178709e+00,-1.506657e+00,5.256305e-01,2.295893e-01
2.390305e+00,7.894595e+00,3.591954e+00,-1.450176e+00,4.037681e-01,1.887042e-01
1.913115e+00,9.232982e+00,4.539473e+00,-1.463554e+00,-7.771419e-02,4.237583e-02
2.140099e-01,8.639577e+00,4.928887e+00,-1.369858e+00,-5.811889e-01,-8.596247e-02
-5.539703e-01,8.768323e+00,4.572590e+00,-1.274689e+00,-6.858641e-01,-1.179020e-01
-5.270282e-01,9.267429e+00,4.333427e+00,-1.174484e+00,-6.371779e-01,-1.745565e-01
-8.386685e-01,8.820376e+00,4.555836e+00,-1.142601e+00,-5.825786e-01,-1.753912e-01
-8.543699e-01,7.873841e+00,4.812319e+00,-1.155137e+00,-3.718655e-01,-8.207162e-02
-1.177269e+00,7.811529e+00,5.300973e+00,-1.144734e+00,-1.755653e-01,6.873453e-03
-8.454138e-01,8.098530e+00,5.741792e+00,-1.100511e+00,6.599600e-02,7.471903e-02
1.469193e+00,8.504897e+00,5.157392e+00,-1.052707e+00,7.075033e-02,6.537516e-02
3.618051e+00,7.128352e+00,1.723920e+00,-1.105984e+00,-3.969343e-01,-3.133868e-02
3.352617e+00,7.210159e+00,6.988329e-01,-1.384961e+00,-9.817155e-01,-1.307705e-01
9.368947e-01,9.362737e+00,6.483158e-01,-1.942480e+00,-1.670584e+00,-2.994143e-01
5.815188e-02,1.091930e+01,1.355896e+00,-2.364259e+00,-1.904271e+00,-2.683412e-01
1.731337e+00,1.140316e+01,1.357359e+00,-2.795633e+00,-1.916396e+00,-1.410467e-01
2.808286e+00,1.352890e+01,-1.582920e+00,-3.140453e+00,-2.121351e+00,-1.777021e-02
1.852861e+00,1.571960e+01,-2.098585e+00,-3.859860e+00,-2.582565e+00,-4.255282e-02
2.242898e-01,1.540737e+01,5.597511e+00,-4.355555e+00,-3.671557e+00,-2.590633e-01
-4.860148e+00,2.395474e+01,1.681098e+01,-4.242872e+00,-3.253331e+00,-9.256627e-01
-7.499114e+00,1.399898e+01,1.925689e+01,-2.617566e+00,-2.246470e+00,-1.026839e+00
-1.849229e-01,7.162923e+00,1.275364e+01,-1.695841e+00,5.789210e-01,-4.065406e-01
2.931983e+00,1.126434e+01,1.252447e+01,-4.272212e-01,1.528740e+00,-5.232591e-01
3.404305e+00,6.204903e+00,1.083924e+01,1.470830e+00,2.133690e+00,-8.115386e-01
4.641253e+00,4.634336e+00,9.543383e+00,2.546580e+00,2.394953e+00,-9.818120e-01
5.089486e+00,4.203140e+00,9.277889e+00,4.028919e+00,2.253883e+00,-1.118283e+00
5.323312e+00,3.609773e+00,7.985422e+00,4.906562e+00,2.002270e+00,-1.006908e+00
6.562999e+00,4.210688e+00,7.787749e+00,5.755264e+00,1.630024e+00,-8.423068e-01
5.995778e+00,2.916998e+00,9.445395e+00,6.375312e+00,1.077743e+00,-8.007733e-01
4.154295e+00,3.773701e+00,1.108838e+01,6.925294e+00,4.522301e-01,-5.941567e-01
3.359909e+00,3.630000e+00,1.043129e+01,7.166518e+00,3.731659e-01,-3.495107e-01
1.568987e-01,3.795875e+00,9.044184e+00,6.913345e+00,2.746260e-01,3.384682e-02
-4.044919e+00,3.683640e+00,7.746270e+00,5.956205e+00,4.318931e-01,4.153364e-01
-5.955063e+00,-3.496580e+00,4.908020e+00,3.361119e+00,2.056817e+00,8.612324e-01
-1.193799e+00,-7.973643e+00,5.325800e+00,6.370815e-01,2.979041e+00,1.064031e+00
8.977140e+00,9.134078e+00,6.574621e+00,-2.745432e+00,2.256764e+00,7.910805e-01
2.520614e+01,3.819641e+01,-9.840587e+00,-3.088785e+00,1.084748e+00,5.809465e-01
-5.425089e+00,-2.120213e-01,9.516827e+00,-2.433331e+00,-2.732229e+00,-2.141383e+00
-1.914728e+00,-4.385998e+00,1.158838e+01,-2.913475e+00,-1.218190e+00,-9.174752e-01
-2.799152e+00,1.498162e+01,1.213164e+01,-2.798713e+00,-9.952695e-02,1.334326e-01
-6.511543e+00,1.761057e+01,9.327517e+00,-2.248668e+00,2.252225e-01,-1.807203e-01
-1.906877e+00,6.883157e+00,6.044105e+00,-1.336975e+00,1.004546e+00,3.662872e-01
2.152887e+00,9.303454e+00,4.265857e+00,-1.161872e+00,1.366306e+00,4.833739e-01
1.780386e+00,1.051140e+01,5.814824e+00,-9.503813e-01,5.100110e-01,1.180439e-01
1.325929e+00,8.753006e+00,4.617801e+00,-8.587315e-01,2.139042e-01,1.253527e-01
1.595028e+00,9.556449e+00,4.025346e+00,-8.600059e-01,1.071440e-01,7.481284e-02
1.781585e+00,9.244462e+00,3.302094e+00,-8.531090e-01,-2.320348e-02,2.929910e-02
3.139493e+00,9.020203e+00,2.215557e+00,-9.167190e-01,-4.086311e-01,-1.837919e-01
2.166796e+00,8.571518e+00,2.401602e+00,-1.033045e+00,-8.959730e-01,-3.263787e-01
-9.479827e-01,7.243569e+00,2.666545e+00,-1.234984e+00,-1.190135e+00,-3.930780e-01
-1.901465e+00,8.039195e+00,3.362327e+00,-1.389051e+00,-1.157141e+00,-3.496806e-01
2.678504e-01,8.538073e+00,3.818834e+00,-1.440659e+00,-8.438427e-01,-2.943368e-01
1.027952e+00,9.274097e+00,4.200069e+00,-1.486141e+00,-8.844009e-01,-2.982485e-01
-2.706217e+00,7.652636e+00,3.338899e+00,-1.507256e+00,-9.256115e-01,-2.921905e-01
-2.534991e+00,8.390337e+00,3.045572e+00,-1.669724e+00,-5.352655e-01,-2.738704e-02
3.012194e+00,1.052508e+01,2.191091e+00,-2.021244e+00,-1.712115e-01,1.530534e-01
5.110000e+00,1.127797e+01,6.833566e-01,-2.397838e+00,-7.564513e-01,8.331540e-02
5.775353e+00,1.123217e+01,3.343659e-01,-2.858037e+00,-1.555862e+00,-9.631194e-02
5.413427e+00,1.284144e+01,-9.368099e-01,-3.245953e+00,-2.140827e+00,-1.214917e-01
-6.590770e-01,1.511467e+01,-3.676232e-01,-3.865987e+00,-3.025855e+00,-1.503430e-01
-4.845893e+00,1.474642e+01,6.146310e+00,-4.358744e+00,-3.449086e+00,-1.646483e-01
-7.635945e+00,2.631012e+01,1.688293e+01,-4.047055e+00,-2.336028e+00,-8.207431e-02
-7.785510e+00,8.612119e+00,1.952391e+01,-2.220075e+00,-9.939705e-01,1.398638e-01
2.697590e+00,6.995975e+00,1.350958e+01,-1.490297e+00,1.872357e+00,6.133738e-01
5.930185e+00,1.179003e+01,1.151069e+01,-1.424513e-01,2.085050e+00,5.732994e-01
4.186739e+00,4.592379e+00,1.012670e+01,1.706871e+00,1.706878e+00,-5.787075e-02
4.325815e+00,3.208170e+00,8.791754e+00,2.707597e+00,1.509336e+00,-3.374954e-01
3.828020e+00,2.253979e+00,8.958017e+00,4.073863e+00,1.184121e+00,-7.906390e-01
3.343017e+00,3.023579e+00,8.378362e+00,4.872043e+00,9.565321e-01,-7.225834e-01
3.683338e+00,2.310785e+00,8.645175e+00,5.807190e+00,7.517124e-01,-7.215163e-01
3.535920e+00,1.920445e+00,9.571089e+00,6.434614e+00,4.986208e-01,-7.443083e-01
1.957844e+00,3.504158e+00,1.140544e+01,6.961897e+00,4.081021e-01,-7.835060e-01
1.708636e+00,4.048864e+00,1.136568e+01,7.344498e+00,6.290636e-01,-6.843383e-01
-4.377065e-02,4.937159e+00,9.998599e+00,7.281409e+00,8.670073e-01,-1.837967e-01
-2.275226e+00,6.722644e+00,8.340173e+00,6.317748e+00,9.709020e-01,3.811186e-01
-2.855688e+00,-4.522776e-01,4.629118e+00,4.516294e+00,1.654008e+00,7.653803e-01
-1.073936e+00,-6.886977e+00,1.759635e+00,2.750123e+00,2.208337e+00,7.501925e-01
6.705079e+00,-4.272089e+00,4.431201e+00,-1.162601e+00,2.002858e+00,3.776511e-01
6.036356e+00,8.141275e+00,7.172683e+00,-3.397239e+00,3.609111e-01,-1.514371e-01
2.298197e+01,3.899329e+01,-1.761993e+00,-2.174497e+00,-4.922405e-01,8.425993e-02
-1.146003e+01,-9.447627e+00,7.280879e+00,-1.887537e+00,-2.524055e+00,-1.918232e+00
-9.879032e-01,-2.057342e+00,1.175629e+01,-3.295858e+00,5.612193e-01,3.334844e-01
-9.669827e-01,1.413737e+01,1.304254e+01,-3.149432e+00,8.793986e-01,2.944797e-01
4.329422e-01,1.127308e+01,8.022108e+00,-1.927321e+00,4.047006e-01,-3.501661e-01
-1.381216e-01,6.313534e+00,5.448304e+00,-1.473753e+00,-5.309795e-02,4.193554e-02
-1.624473e+00,1.020092e+01,5.547855e+00,-1.255435e+00,1.826198e-01,8.268569e-03
2.009070e+00,1.141578e+01,5.371445e+00,-1.206354e+00,4.207636e-01,1.220695e-01
2.481257e+00,8.454503e+00,3.589587e+00,-1.081412e+00,-9.314579e-02,5.802166e-03
1.233463e+00,9.811527e+00,3.216556e+00,-1.093115e+00,-4.617411e-01,-4.884529e-02
-1.959078e+00,9.374335e+00,3.316679e+00,-9.875190e-01,-6.908699e-01,-1.639020e-01
-2.576902e+00,8.581263e+00,2.873789e+00,-9.955101e-01,-4.681187e-01,-1.602269e-01
-6.284056e-01,7.901488e+00,2.369141e+00,-1.099677e+00,-1.353343e-01,-1.125864e-01
1.360131e+00,8.310322e+00,2.483216e+00,-1.247542e+00,-6.510443e-02,-7.716722e-02
1.382473e+00,8.424096e+00,3.761106e+00,-1.358810e+00,-3.163826e-01,-2.489556e-01
4.711869e-01,8.446731e+00,4.631743e+00,-1.402748e+00,-4.747584e-01,-3.158343e-01
-1.066571e+00,8.101053e+00,3.944941e+00,-1.425737e+00,-4.269002e-01,-2.334987e-01
1.598418e+00,8.259089e+00,1.384877e+00,-1.553882e+00,-1.525969e-01,-6.419488e-02
4.779145e+00,1.039165e+01,-9.508223e-01,-2.146038e+00,-4.268758e-01,-3.056915e-02
3.481536e+00,1.126879e+01,4.424562e-01,-2.663805e+00,-1.213945e+00,-2.078559e-01
5.035133e+00,1.225845e+01,1.379406e+00,-3.196529e+00,-1.616109e+00,-1.172894e-01
8.430436e+00,1.399237e+01,-1.460934e+00,-3.502965e+00,-1.761900e+00,-5.330854e-02
4.452586e+00,1.533344e+01,-1.572025e+00,-4.083231e+00,-3.309831e+00,-1.337577e-01
-4.013699e+00,1.737036e+01,9.544085e+00,-4.670943e+00,-4.454887e+00,-4.704770e-01
-9.706344e+00,2.687116e+01,1.838278e+01,-4.218639e+00,-3.199363e+00,-2.860142e-01
-9.414037e+00,8.526788e+00,1.974806e+01,-2.130751e+00,-1.487150e+00,2.249870e-02
4.520267e+00,8.563168e+00,1.102193e+01,-1.497297e+00,1.642488e+00,5.691734e-01
5.480625e+00,1.171537e+01,1.125144e+01,-1.924207e-01,1.752174e+00,4.859027e-01
3.327129e+00,5.384052e+00,1.060603e+01,1.801215e+00,1.611135e+00,2.128277e-02
4.167495e+00,2.800012e+00,8.754065e+00,3.006713e+00,1.692054e+00,-1.271352e-01
4.379052e+00,1.903560e+00,8.859213e+00,4.310639e+00,1.650289e+00,-6.789102e-01
3.698160e+00,2.432040e+00,8.771940e+00,5.173374e+00,1.344859e+00,-7.135360e-01
3.780447e+00,1.432023e+00,9.180401e+00,6.165227e+00,1.051220e+00,-8.053585e-01
4.088166e+00,7.870689e-01,1.038989e+01,6.920662e+00,7.417040e-01,-8.936804e-01
5.288101e+00,3.139727e+00,1.353279e+01,7.672974e+00,2.454965e-01,-1.002663e+00
4.331820e+00,4.390097e+00,1.239921e+01,8.021459e+00,-1.475397e-01,-1.068175e+00
-3.472170e+00,6.153056e+00,9.254527e+00,7.404612e+00,-3.692802e-01,-1.040795e+00
-1.095173e+01,5.092922e+00,8.021156e+00,6.120149e+00,-1.229608e-01,-6.139957e-01
-6.193777e+00,-6.593769e+00,3.886228e+00,3.397741e+00,2.342840e+00,3.980472e-01
3.899517e-01,-1.016435e+01,1.402979e+00,4.653112e-01,3.470061e+00,5.629367e-01
9.120869e+00,-4.409124e+00,9.637384e+00,-3.236249e+00,2.017946e+00,3.926112e-01
8.538584e+00,1.818955e+01,7.053051e+00,-4.845452e+00,2.522349e-01,-3.974429e-01
-4.794921e-01,1.169937e+01,1.188726e+00,-5.435430e-01,-4.071711e-01,4.518863e-01
-2.355351e+01,-1.006273e+01,1.184346e+01,-2.412502e+00,-1.348335e+00,-1.762664e+00
5.173105e+00,7.429648e+00,1.236885e+01,-3.348396e+00,3.933854e+00,1.617690e+00
1.086146e+01,1.909115e+01,6.150152e+00,-2.311696e+00,2.608310e+00,4.886010e-01
1.231296e+00,6.330028e+00,8.039442e+00,-1.546659e+00,-5.909286e-01,-5.518737e-01
-5.608653e+00,7.407425e+00,6.682896e+00,-1.505218e+00,-1.128901e+00,-3.274073e-01
-1.060986e+00,1.182838e+01,6.596011e+00,-1.293944e+00,3.539086e-01,-2.956970e-04
2.896510e+00,1.017349e+01,5.115716e+00,-1.082492e+00,6.136030e-01,8.287016e-02
4.119617e+00,9.312555e+00,3.468212e+00,-1.042179e+00,-5.447072e-02,-6.948289e-02
2.876294e+00,1.047529e+01,3.310000e+00,-1.013741e+00,-5.789764e-01,-1.980865e-01
-1.181300e+00,9.385961e+00,3.039528e+00,-9.605068e-01,-1.034070e+00,-3.423146e-01
-5.129204e-01,7.883087e+00,1.947080e+00,-1.078922e+00,-9.345832e-01,-3.223533e-01
-6.540988e-01,7.712798e+00,2.070189e+00,-1.333023e+00,-9.605326e-01,-2.779153e-01
-7.635677e-01,7.713945e+00,3.650296e+00,-1.433984e+00,-9.639306e-01,-3.089476e-01
-1.232014e+00,8.991439e+00,5.557722e+00,-1.468984e+00,-8.653500e-01,-2.672253e-01
-1.354960e+00,8.424833e+00,4.909798e+00,-1.416322e+00,-6.055825e-01,-1.803649e-01
-7.469123e-01,6.577268e+00,2.566366e+00,-1.524578e+00,-2.122336e-01,1.172789e-01
3.279423e+00,1.052650e+01,6.213739e-01,-1.780841e+00,-3.326013e-02,2.245909e-01
4.928324e+00,1.142903e+01,-8.618089e-01,-2.378701e+00,-8.440125e-01,6.289758e-03
4.028008e+00,1.153787e+01,-4.078869e-01,-2.911804e+00,-1.725604e+00,-1.713532e-01
5.375443e+00,1.259057e+01,2.122888e-01,-3.456516e+00,-2.299246e+00,-1.571832e-01
3.169771e+00,1.569981e+01,-1.253829e+00,-3.760781e+00,-2.764044e+00,-4.716594e-02
-1.738850e+00,1.814899e+01,8.213082e+00,-4.493794e+00,-3.939157e+00,1.246812e-01
-8.799422e+00,2.512251e+01,1.583887e+01,-4.336335e+00,-3.114556e+00,-8.529528e-02
-9.632486e+00,1.040185e+01,2.057081e+01,-2.325124e+00,-1.074329e+00,2.086234e-01
-1.561431e+00,4.596936e+00,1.603608e+01,-1.532277e+00,1.547307e+00,8.975698e-01
6.122091e+00,1.178535e+01,1.263911e+01,-2.127237e-01,2.649438e+00,9.325124e-01
6.524439e+00,6.637820e+00,1.149768e+01,1.408232e+00,2.196676e+00,4.395297e-01
6.776667e+00,2.918485e+00,8.922121e+00,2.756197e+00,1.414816e+00,-1.960180e-02
4.993103e+00,2.939690e+00,8.789193e+00,3.630856e+00,7.712001e-01,-4.947269e-01
3.090981e+00,2.737449e+00,8.773383e+00,4.848644e+00,1.616630e-01,-7.613708e-01
2.100091e+00,2.084024e+00,8.466157e+00,5.548611e+00,8.230328e-02,-9.063661e-01
1.367836e+00,6.593839e-01,1.014886e+01,6.436809e+00,2.873909e-01,-1.078522e+00
1.557501e+00,1.609844e+00,1.145729e+01,6.846576e+00,6.530759e-01,-1.124979e+00
1.884338e+00,4.078605e+00,1.241249e+01,7.490276e+00,1.294679e+00,-8.419000e-01
-8.908253e-01,3.032260e+00,1.100462e+01,7.583318e+00,1.647482e+00,-4.816324e-01
-7.196905e+00,5.955574e+00,1.092446e+01,6.407925e+00,1.970052e+00,8.599379e-01
-4.600059e+00,1.203630e+00,8.906781e+00,5.189493e+00,3.366010e+00,1.534048e+00
1.089405e+01,-5.142602e+00,2.008141e+00,2.613724e+00,3.863081e+00,1.210828e+00
1.536980e+01,-5.186914e+00,2.404577e+00,1.115385e-01,2.099563e+00,1.113882e-01
3.171843e+00,-6.057224e-02,8.092770e+00,-3.270742e+00,-2.783460e+00,-1.784181e+00
7.296413e+00,3.941000e+01,-4.130646e+00,-2.565338e+00,-2.793756e+00,-9.206040e-01
-1.280219e+01,-4.759947e+00,6.712835e+00,-1.298936e+00,-1.356911e+00,-1.344090e+00
2.356919e+00,-4.407431e+00,9.801926e+00,-3.117864e+00,2.895972e+00,1.239618e+00
6.820366e+00,2.099504e+01,1.157775e+01,-3.273675e+00,2.064461e+00,3.507868e-01
4.381236e+00,1.410187e+01,7.111455e+00,-1.907853e+00,-1.234042e+00,-7.264953e-01
-5.522811e+00,5.551563e+00,6.008585e+00,-1.682863e+00,-2.204464e+00,-5.999836e-01
-1.311299e+01,1.157502e+01,7.836608e+00,-1.389987e+00,-3.762602e-01,-3.214960e-02
-7.116052e-01,1.086834e+01,5.900726e+00,-1.020503e+00,2.105119e+00,7.057192e-01
4.764263e+00,8.562689e+00,4.320999e+00,-7.743476e-01,2.250256e+00,6.674433e-01
4.122193e+00,8.434046e+00,3.642764e+00,-7.623218e-01,1.360592e+00,3.619080e-01
2.608575e+00,9.162824e+00,3.513407e+00,-7.174780e-01,5.317688e-01,8.556741e-03
3.660864e+00,9.398499e+00,1.820402e+00,-8.031171e-01,2.218630e-01,-1.549031e-01
3.369348e+00,8.833455e+00,8.215683e-01,-1.071620e+00,-4.587970e-01,-3.803063e-01
-1.880508e+00,9.136589e+00,3.320508e+00,-1.323087e+00,-8.812667e-01,-4.481253e-01
-1.058915e+00,9.771740e+00,4.265759e+00,-1.422099e+00,-6.679275e-01,-3.803212e-01
1.432726e+00,9.279079e+00,4.519797e+00,-1.449165e+00,-6.337803e-01,-3.335456e-01
2.375705e+00,9.074287e+00,2.391194e+00,-1.615699e+00,-8.291630e-01,-2.193923e-01
2.607953e+00,8.515352e+00,-1.279180e+00,-1.979811e+00,-1.062152e+00,-1.272117e-01
1.901231e+00,1.066037e+01,-2.588092e+00,-2.670944e+00,-1.503674e+00,-9.789707e-02
-3.106027e-01,1.103810e+01,8.462902e-01,-3.393426e+00,-1.811538e+00,-7.660633e-02
2.201881e+00,1.124175e+01,1.897026e+00,-3.675295e+00,-1.700763e+00,6.599173e-02
8.329746e+00,1.656111e+01,-3.870467e+00,-4.197426e+00,-2.628944e+00,1.171343e-01
2.632990e+00,1.576282e+01,1.057081e+00,-4.472251e+00,-3.996491e+00,-2.129252e-01
-6.684149e+00,2.241663e+01,1.590414e+01,-4.308503e+00,-3.288163e+00,-2.775233e-01
-1.240401e+01,2.444517e+01,1.850553e+01,-2.899250e+00,-1.927483e+00,-2.057241e-01
-1.785628e+00,2.663347e+00,1.615796e+01,-1.589979e+00,1.493376e+00,6.725539e-01
4.145995e+00,9.861990e+00,1.106175e+01,-1.032138e+00,2.230988e+00,6.707900e-01
4.849645e+00,8.467946e+00,1.287683e+01,1.429235e+00,2.017283e+00,1.612570e-01
5.088410e+00,4.999961e+00,1.001356e+01,2.542734e+00,1.737770e+00,1.948078e-02
4.402535e+00,2.940466e+00,8.955349e+00,3.689912e+00,1.408742e+00,-2.632878e-01
3.303254e+00,2.874364e+00,8.974171e+00,4.537341e+00,1.238835e+00,-2.062674e-01
1.946885e+00,2.825423e+00,8.732942e+00,5.755067e+00,1.190779e+00,-1.069279e-01
2.231895e+00,1.883441e+00,9.260150e+00,6.410493e+00,1.202184e+00,-1.571251e-02
3.418845e+00,1.847496e+00,1.090243e+01,6.982003e+00,1.061376e+00,9.653366e-02
4.437406e+00,3.318704e+00,1.213184e+01,7.389599e+00,7.019283e-01,8.347740e-02
5.194247e+00,3.764933e+00,1.181763e+01,7.615576e+00,7.996291e-02,-4.681363e-01
2.395241e+00,2.964602e+00,9.212425e+00,6.767539e+00,-3.321581e-01,-9.311473e-01
-4.907878e+00,3.442224e+00,8.076465e+00,4.718394e+00,-3.636374e-01,-1.022539e+00
-5.802572e+00,1.722832e-01,6.373537e+00,3.021589e+00,-2.022197e-02,-5.958421e-01
-6.912586e+00,-7.609285e+00,4.359305e+00,-3.278699e-01,1.298991e+00,-1.703525e-01
-2.789572e+00,-8.731075e+00,7.166217e+00,-2.830372e+00,2.093195e+00,2.943573e-01
1.587297e+01,3.431795e+01,-1.135595e+00,-1.639447e+00,2.769150e+00,1.552254e+00
1.861970e+01,2.178727e+01,-7.690532e-01,-9.482278e-01,-2.249909e-01,-1.253308e+00
-3.198480e+00,-4.923046e+00,1.167974e+01,-3.543785e+00,6.127506e-01,4.376144e-01
1.894935e+00,9.173168e+00,1.303878e+01,-3.277186e+00,1.041510e+00,3.933911e-01
-7.192237e-01,1.759227e+01,1.055024e+01,-1.893788e+00,-3.769136e-01,-6.840215e-01
-1.254264e+00,6.091582e+00,7.100569e+00,-1.447773e+00,-4.582609e-01,1.769064e-02
-4.168463e+00,8.428952e+00,5.001054e+00,-1.234016e+00,1.030719e+00,1.580893e-01
2.088579e+00,1.232090e+01,5.078196e+00,-1.106132e+00,1.458380e+00,2.816964e-01
7.784085e+00,8.241373e+00,1.679824e+00,-1.003724e+00,-1.329830e-01,-1.872503e-01
2.426831e+00,7.002967e+00,2.813971e+00,-1.130546e+00,-1.229972e+00,-4.625021e-01
-1.711501e+00,1.028534e+01,3.387508e+00,-1.149947e+00,-1.292967e+00,-4.253611e-01
-2.336426e+00,9.707560e+00,3.020013e+00,-1.132696e+00,-1.053451e+00,-3.704038e-01
-8.260990e-01,8.750789e+00,1.349420e+00,-1.247377e+00,-8.201043e-01,-2.692540e-01
-2.633114e+00,8.020136e+00,1.340709e+00,-1.392884e+00,-8.626972e-01,-3.339271e-01
-4.334182e+00,7.858058e+00,3.445969e+00,-1.568451e+00,-1.768624e-01,-1.287594e-01
-1.013764e+00,9.499262e+00,4.881391e+00,-1.522523e+00,2.496238e-01,-3.510370e-02
3.335477e+00,9.435589e+00,4.939429e+00,-1.512424e+00,8.493132e-02,-8.293695e-02
5.142200e+00,8.299436e+00,2.098335e+00,-1.716876e+00,-4.202184e-01,-8.823354e-02
4.062648e+00,9.000882e+00,-4.457266e-01,-2.219533e+00,-1.084290e+00,-1.113645e-01
1.472835e+00,1.063294e+01,-1.460534e+00,-2.692642e+00,-1.478907e+00,-1.683109e-01
-1.127910e+00,1.080916e+01,2.242805e+00,-3.367996e+00,-1.483436e+00,-1.566056e-02
3.075026e+00,1.145297e+01,1.929349e+00,-3.695812e+00,-1.144772e+00,1.616375e-01
1.150122e+01,1.540775e+01,-4.337158e+00,-4.216002e+00,-2.394280e+00,-1.070636e-01
7.594149e-01,1.522136e+01,2.671151e+00,-4.514195e+00,-4.393096e+00,-4.747752e-01
-7.213093e+00,2.045491e+01,1.428447e+01,-4.611869e+00,-4.234205e+00,-4.217101e-01
-1.600575e+01,2.950973e+01,1.989878e+01,-2.587109e+00,-1.916397e+00,4.983566e-02
-3.290134e+00,2.387364e+00,2.077146e+01,-1.560824e+00,2.064969e+00,1.073797e+00
5.391248e+00,1.136416e+01,1.274192e+01,-8.874876e-01,2.845089e+00,1.127598e+00
5.823919e+00,8.106666e+00,1.334515e+01,1.609908e+00,2.448017e+00,4.759727e-01
5.654865e+00,3.236819e+00,9.220080e+00,2.890483e+00,2.202611e+00,1.054462e-01
5.796480e+00,1.557035e+00,8.608002e+00,3.933363e+00,1.808732e+00,-4.696395e-01
4.794630e+00,2.597711e+00,8.375030e+00,4.767219e+00,1.457655e+00,-6.082375e-01
3.687882e+00,1.489657e+00,8.847882e+00,6.098551e+00,1.013927e+00,-6.605153e-01
4.066615e+00,9.116826e-01,9.258492e+00,6.820643e+00,7.327043e-01,-6.092878e-01
4.330887e+00,6.863146e-01,1.239812e+01,7.542596e+00,3.616405e-01,-5.792515e-01
4.474828e+00,2.612680e+00,1.419502e+01,7.999252e+00,-3.821817e-02,-4.349090e-01
4.425472e+00,3.737736e+00,1.406856e+01,8.015763e+00,-3.640505e-01,-4.915770e-01
-1.867856e+00,3.696111e+00,1.047193e+01,6.697980e+00,-3.305559e-01,-3.943013e-01
-1.356128e+01,-5.280973e+00,6.586325e+00,3.541235e+00,1.868356e+00,5.799744e-02
-6.640609e+00,-1.216878e+01,4.577984e+00,6.947701e-01,3.207015e+00,7.195137e-01
1.026395e-01,2.060458e+01,-2.546964e+00,-3.822568e+00,3.015245e+00,5.944296e-01
1.733574e+01,2.858537e+01,7.069030e+00,-3.457312e+00,4.566938e-01,-6.123422e-01
1.914970e+00,-1.123509e+01,1.615434e+01,-3.328664e+00,-5.944738e-01,-3.603052e-01
-1.372530e+00,-5.103859e+00,1.871095e+01,-3.065496e+00,4.437776e-01,2.020368e-01
-2.707741e+00,2.528124e+01,1.380481e+01,-1.876290e+00,1.304230e+00,-2.152586e-01
3.772622e+00,1.259003e+01,6.436530e+00,-1.238203e+00,1.547001e+00,2.671599e-01
3.482729e+00,2.722494e+00,3.747271e+00,-1.077263e+00,2.208526e-01,-2.627431e-01
2.184697e+00,1.297438e+01,5.287557e+00,-9.756201e-01,-5.906442e-01,-4.332864e-01
-2.243909e+00,9.788493e+00,3.496539e+00,-8.257159e-01,-5.567942e-01,-2.674137e-01
-1.189770e+00,9.857059e+00,2.517340e+00,-9.176058e-01,-6.064861e-02,-4.539110e-02
2.657526e+00,9.745577e+00,1.515436e+00,-1.023421e+00,-3.629568e-01,-2.358072e-01
1.827234e+00,8.636923e+00,1.939296e+00,-1.172033e+00,-1.083738e+00,-4.614375e-01
-1.729064e+00,7.397252e+00,3.515523e+00,-1.306029e+00,-1.685313e+00,-6.260159e-01
-3.895209e+00,6.940982e+00,4.614275e+00,-1.295307e+00,-1.336189e+00,-4.494612e-01
-1.776303e+00,6.811712e+00,4.724218e+00,-1.313119e+00,-5.729088e-01,-1.658163e-01
4.869851e-01,7.719953e+00,4.675416e+00,-1.303243e+00,-3.040447e-01,-7.222222e-02
2.412654e+00,9.263543e+00,3.953835e+00,-1.328938e+00,-6.653842e-01,-2.452746e-01
1.469403e+00,7.921503e+00,2.948335e+00,-1.517493e+00,-1.045922e+00,-3.086475e-01
-1.771416e+00,7.136573e+00,1.789180e+00,-1.850838e+00,-8.710989e-01,-7.104686e-02
4.511219e-01,9.461301e+00,1.438699e+00,-2.122820e+00,-5.185306e-01,9.090024e-02
7.112207e+00,9.718061e+00,-1.659006e+00,-2.736854e+00,-8.676576e-01,3.863561e-02
9.420887e+00,9.443392e+00,-1.491468e+00,-3.286106e+00,-1.644881e+00,-1.197262e-01
8.854906e+00,1.551441e+01,-2.330675e+00,-4.184498e+00,-3.484195e+00,-3.401103e-01
2.586882e+00,1.613486e+01,1.321117e+00,-4.637123e+00,-4.791953e+00,-4.270246e-01
-1.221950e+01,2.543587e+01,1.816517e+01,-4.532559e+00,-4.116360e+00,-1.522269e-01
-1.992559e+01,2.112330e+01,2.124507e+01,-3.089553e+00,-2.037383e+00,1.605903e-01
-2.825658e-01,2.369080e+00,1.958078e+01,-1.519792e+00,3.157293e+00,1.709264e+00
7.934736e+00,9.383178e+00,1.223173e+01,-5.692562e-01,3.330033e+00,1.320429e+00
8.608286e+00,6.391216e+00,1.249494e+01,1.442267e+00,1.980936e+00,5.488987e-01
7.098261e+00,2.842744e+00,8.638731e+00,2.689495e+00,9.967116e-01,2.385786e-01
4.108216e+00,1.230544e+00,8.617847e+00,3.989414e+00,2.760338e-01,-4.933898e-01
1.849328e+00,8.166227e-01,9.334727e+00,4.957720e+00,1.935362e-01,-7.067850e-01
2.279037e+00,1.985924e+00,8.595924e+00,6.058620e+00,5.644709e-01,-8.159404e-01
3.179674e+00,1.889107e+00,9.506909e+00,6.648166e+00,6.762822e-01,-9.414798e-01
2.974094e+00,1.465866e+00,1.079591e+01,7.122010e+00,8.502356e-01,-1.107026e+00
2.362225e+00,2.872496e+00,1.115961e+01,7.068441e+00,9.911384e-01,-8.024434e-01
1.542373e+00,5.930634e+00,1.000570e+01,6.833903e+00,6.777473e-01,-3.154873e-01
-9.731089e-01,5.601716e+00,7.714767e+00,6.248706e+00,4.068271e-01,-1.194260e-02
-4.378954e+00,2.587930e+00,4.381077e+00,4.141324e+00,9.106853e-01,5.874297e-01
-3.616660e+00,-5.709328e-01,2.368787e+00,2.362274e+00,1.754300e+00,6.207832e-01
2.665892e+00,-8.229686e-01,2.327815e+00,-1.041257e-01,2.096430e+00,5.248820e-01
5.625379e+00,4.916076e-01,2.699443e+00,-1.706829e+00,1.339213e+00,1.540962e-01
4.624253e+00,2.548931e+01,-2.789843e+00,-2.676601e+00,1.431302e-01,9.856079e-02
2.041387e-01,2.428568e+01,7.774001e+00,-2.433085e+00,-8.030184e-01,-7.086125e-01
-4.439701e+00,-2.066511e+00,1.375715e+01,-2.751874e+00,1.267858e+00,2.972472e-03
1.903026e+00,1.921165e+00,1.330036e+01,-2.432738e+00,2.140566e+00,4.368580e-01
2.958020e+00,1.890140e+01,1.090161e+01,-1.796202e+00,1.390724e+00,6.033586e-02
-6.304629e-01,1.022898e+01,5.605194e+00,-1.128876e+00,1.231225e+00,1.986865e-01
3.111844e+00,6.370528e+00,4.200744e+00,-1.105419e+00,1.534388e+00,2.404881e-01
6.454356e+00,1.135016e+01,3.771671e+00,-1.085482e+00,9.388512e-01,-2.039483e-02
1.621434e+00,8.460506e+00,4.420675e+00,-9.565060e-01,-5.763852e-01,-3.986346e-01
2.925199e-01,8.979114e+00,3.118685e+00,-9.372475e-01,-7.970909e-01,-3.778615e-01
-9.307887e-01,9.483387e+00,2.318322e+00,-9.279734e-01,-6.278677e-01,-3.989321e-01
-1.326990e-02,9.299662e+00,2.340000e+00,-9.950518e-01,-4.403001e-01,-3.324902e-01
1.878139e-01,8.448226e+00,2.934678e+00,-1.090697e+00,-4.936208e-01,-3.861415e-01
-1.075851e+00,8.527209e+00,4.077230e+00,-1.089498e+00,-5.483874e-01,-3.852508e-01
-1.824728e+00,8.658696e+00,4.889511e+00,-1.099820e+00,-2.696912e-01,-3.013320e-01
4.886704e-01,9.472123e+00,5.067257e+00,-1.096038e+00,-1.329840e-01,-2.314983e-01
3.998397e+00,9.767522e+00,5.257522e+00,-1.065196e+00,-5.387372e-01,-3.224390e-01
2.362037e+00,8.708553e+00,4.084804e+00,-1.128636e+00,-9.639584e-01,-3.675122e-01
6.215076e-02,8.306752e+00,1.523984e+00,-1.445348e+00,-1.036171e+00,-2.216472e-01
2.254325e+00,9.122959e+00,-6.397015e-01,-1.839861e+00,-9.782180e-01,-8.216522e-02
1.379570e+00,1.076725e+01,-1.142602e+00,-2.559485e+00,-1.568798e+00,-1.304603e-01
1.385363e+00,1.058082e+01,9.090748e-01,-3.021866e+00,-1.793339e+00,-1.131135e-01
6.467471e+00,1.153673e+01,2.365047e+00,-3.476659e+00,-1.976239e+00,-7.723184e-02
8.670397e+00,1.304390e+01,-1.960919e+00,-3.839914e+00,-2.988649e+00,-2.448576e-01
-2.719245e+00,1.512403e+01,3.275660e+00,-4.268444e+00,-4.398818e+00,-5.195710e-01
-8.790455e+00,1.717678e+01,1.234521e+01,-4.582553e+00,-3.839309e+00,-2.805452e-01
-9.801297e+00,2.363790e+01,1.638546e+01,-2.820304e+00,-1.242107e+00,2.700144e-01
-4.890230e+00,6.749386e+00,1.769967e+01,-1.144924e+00,4.774334e-01,4.033598e-01
8.214724e+00,6.709819e+00,9.479439e+00,-9.786040e-01,2.191412e+00,3.164323e-01
8.465085e+00,1.063380e+01,9.814429e+00,6.495844e-01,1.220692e+00,-2.409801e-01
2.748130e+00,3.820163e+00,9.028185e+00,2.268700e+00,7.122196e-01,-5.937953e-01
2.429034e+00,3.387598e+00,8.585718e+00,3.092777e+00,9.361311e-01,-7.399078e-01
2.184422e+00,3.002481e+00,9.371502e+00,4.300594e+00,1.402974e+00,-9.001781e-01
3.114762e+00,2.793448e+00,8.674753e+00,4.988623e+00,1.565470e+00,-8.018958e-01
5.087419e+00,2.323174e+00,8.643117e+00,6.189050e+00,1.253831e+00,-8.952540e-01
5.640432e+00,7.171550e-01,1.074785e+01,6.797259e+00,7.482597e-01,-9.784007e-01
4.963607e+00,2.650073e+00,1.217353e+01,7.344112e+00,1.852043e-01,-9.283543e-01
3.813036e+00,1.826223e+00,1.212443e+01,7.502536e+00,3.330657e-02,-9.531317e-01
-3.331521e+00,4.547750e+00,9.390733e+00,6.377679e+00,2.882282e-01,-5.288325e-01
-8.156970e+00,5.817693e+00,8.826078e+00,5.052966e+00,1.584633e+00,1.940159e-02
-5.379702e+00,-4.325251e+00,3.477172e+00,2.543299e+00,3.595039e+00,9.549532e-01
1.359385e+00,-7.447574e+00,2.844380e+00,2.376248e-01,4.216594e+00,1.035346e+00
7.255010e+00,3.465760e+00,5.352188e+00,-2.957269e+00,2.962749e+00,8.519304e-01
1.694157e+01,3.888925e+01,-3.159607e+00,-1.451629e+00,2.371471e+00,1.208932e+00
2.406673e+00,-7.525027e+00,4.238573e+00,-1.817932e+00,-2.904976e+00,-2.455870e+00
-7.193970e+00,-5.792494e+00,1.397161e+01,-3.967033e+00,-2.735720e+00,-1.345010e+00
-5.262581e+00,1.752898e+01,1.720521e+01,-2.901699e+00,-8.556019e-01,-5.272651e-03
-8.387642e+00,1.069736e+01,9.474935e+00,-1.281827e+00,-1.880474e-01,-5.595093e-02
-2.558194e+00,9.594635e+00,7.746970e+00,-1.045502e+00,1.444301e+00,7.177101e-01
1.959041e+00,9.758796e+00,3.486564e+00,-7.007454e-01,2.073668e+00,8.124743e-01
7.441269e+00,1.067621e+01,2.490591e+00,-7.537789e-01,8.212130e-01,3.944239e-01
5.204320e+00,8.400114e+00,2.224760e+00,-8.246577e-01,-1.991820e-01,1.155239e-01
1.028733e-01,9.178087e+00,2.933217e+00,-8.910132e-01,-6.646116e-01,-4.982689e-03
-4.797687e-01,8.469493e+00,2.738709e+00,-8.900578e-01,-4.584626e-01,-1.104970e-02
-2.389511e-01,8.249770e+00,1.714425e+00,-9.864669e-01,-2.677778e-01,-4.851026e-03
-1.161762e-01,8.230532e+00,1.617115e+00,-1.092860e+00,-2.758155e-01,-7.012998e-02
4.261422e-01,8.848140e+00,2.759300e+00,-1.273083e+00,-1.654404e-01,-1.975683e-02
9.353357e-01,8.568004e+00,3.829620e+00,-1.318386e+00,-6.100637e-02,3.361840e-02
1.353653e+00,8.865719e+00,4.850000e+00,-1.362806e+00,7.257109e-02,1.833749e-01
1.915238e+00,1.039921e+01,4.670609e+00,-1.337106e+00,2.897272e-02,2.475215e-01
7.670586e-01,9.407012e+00,6.818119e-01,-1.441360e+00,-5.538862e-02,3.107912e-01
2.573907e+00,9.560211e+00,-1.007969e+00,-1.822999e+00,-1.365278e-01,3.718827e-01
6.264051e+00,9.304301e+00,-1.020917e+00,-2.630479e+00,-8.779313e-01,2.229404e-01
5.483113e+00,1.060461e+01,1.269480e+00,-3.138595e+00,-1.437135e+00,2.222808e-01
1.422916e+00,1.590666e+01,-2.496278e-01,-3.736005e+00,-1.973819e+00,6.440949e-01
-4.432901e-01,1.981701e+01,-1.992554e+00,-4.011896e+00,-1.934177e+00,8.387144e-01
-4.918022e+00,1.722177e+01,1.071387e+01,-4.190597e+00,-2.350039e+00,8.720957e-01
-7.977886e+00,2.146699e+01,1.709628e+01,-3.870804e+00,-1.611888e+00,9.236774e-01
-9.788722e+00,1.314524e+01,1.768108e+01,-1.277098e+00,5.809220e-01,1.542688e+00
-1.897078e+00,1.012750e-01,1.548032e+01,-9.237795e-01,2.105218e+00,2.083816e+00
6.759109e-01,1.044136e+01,1.149747e+01,3.677002e-01,2.138116e+00,2.358622e+00
-2.549044e+00,4.323300e+00,1.371235e+01,1.836234e+00,2.109289e+00,1.697112e+00
5.210342e-01,1.025204e+00,9.859729e+00,3.310758e+00,2.286633e+00,1.656480e+00
1.519357e+00,1.469890e+00,9.170298e+00,4.188230e+00,1.976058e+00,1.489725e+00
1.697631e+00,-4.379890e-01,8.649155e+00,5.223641e+00,1.351402e+00,1.446953e+00
2.221478e+00,7.020622e-01,8.228795e+00,5.876483e+00,8.680073e-01,1.345364e+00
2.214868e+00,6.544355e-01,9.498265e+00,7.014786e+00,1.561181e-01,9.110041e-01
2.644358e-01,1.267125e+00,1.235200e+01,7.509918e+00,2.401106e-01,6.154268e-01
-1.705719e+00,1.255679e+00,1.358532e+01,7.705529e+00,1.406652e+00,5.330842e-01
-4.492251e+00,3.781279e+00,1.206209e+01,7.072781e+00,2.348171e+00,7.908061e-01
-1.014802e+01,6.111428e+00,1.275182e+01,5.722130e+00,4.182004e+00,1.821188e+00
-2.426797e+00,1.433588e+00,8.484630e+00,4.443479e+00,5.429669e+00,2.244043e+00
7.396062e+00,-1.894457e+00,2.607827e+00,2.151460e+00,5.267444e+00,1.261791e+00
1.389161e+01,2.949975e-01,-1.527259e+00,1.618750e-02,3.564143e+00,1.821208e-01
1.611087e+01,1.874094e+01,-2.636387e+00,-2.105208e+00,1.156612e+00,-1.469921e-01
1.858323e+01,2.136837e+01,-4.551631e+00,-2.803823e+00,-3.177314e-01,-8.072887e-01
-2.510641e-01,6.098920e+00,8.979297e+00,-3.759248e+00,-1.267979e+00,-1.529936e+00
-2.372573e+00,-1.042593e+00,1.374352e+01,-2.968117e+00,-2.353534e-01,-1.387466e+00
4.178424e-01,9.306100e+00,1.024234e+01,-2.007543e+00,-2.248934e-01,-3.300170e-01
-7.856297e+00,1.561115e+01,9.447556e+00,-1.276504e+00,6.631447e-02,-4.272628e-01
-6.736710e+00,8.441928e+00,5.838514e+00,-7.440788e-01,2.360772e+00,6.021375e-01
2.259866e+00,8.645908e+00,5.562315e+00,-6.269080e-01,3.687000e+00,8.409089e-01
1.404996e+01,8.530000e+00,3.518496e+00,-6.868139e-01,2.018409e+00,3.303308e-01
8.809247e+00,7.824859e+00,3.639784e+00,-7.886825e-01,1.093014e-01,-2.074439e-01
3.089593e+00,9.086560e+00,4.014699e+00,-8.710011e-01,-1.002418e+00,-5.097200e-01
4.185757e-01,9.313343e+00,4.246395e+00,-8.364644e-01,-9.768004e-01,-6.203036e-01
1.317163e+00,9.002369e+00,3.406612e+00,-9.145979e-01,-5.036611e-01,-4.000208e-01
1.015608e+00,8.186782e+00,3.539739e+00,-9.271845e-01,-4.897865e-01,-3.633651e-01
-4.013279e-02,8.579397e+00,3.964218e+00,-1.020127e+00,-3.846284e-01,-1.950659e-01
-1.887711e+00,9.139515e+00,5.079279e+00,-9.706335e-01,-1.207264e-01,-8.376119e-02
-1.704226e-01,9.103626e+00,5.188428e+00,-9.295059e-01,5.528904e-01,1.835236e-01
2.052914e+00,9.347552e+00,5.232797e+00,-9.019584e-01,6.008712e-01,2.576819e-01
2.510000e+00,9.500125e+00,4.266227e+00,-9.477905e-01,3.811828e-01,3.210140e-01
2.031253e+00,1.003546e+01,1.764863e+00,-1.112087e+00,2.039509e-01,3.849531e-01
2.087559e+00,8.541621e+00,-7.315353e-01,-1.670375e+00,2.536168e-01,5.758146e-01
5.342194e+00,9.901191e+00,-3.195910e+00,-2.195707e+00,1.856845e-01,6.965350e-01
8.258702e+00,1.112129e+01,-4.577738e+00,-3.209161e+00,-7.056564e-01,4.692869e-01
8.429840e+00,1.392000e+01,-3.928880e+00,-3.915689e+00,-1.989362e+00,2.727462e-01
-3.269634e+00,1.837023e+01,6.332993e+00,-4.601385e+00,-3.722058e+00,1.607795e-01
-1.132422e+01,2.171112e+01,1.680215e+01,-4.584875e+00,-3.723244e+00,2.845428e-01
-1.498284e+01,2.036804e+01,1.932709e+01,-2.126900e+00,-1.236190e-01,1.782164e+00
-8.292203e+00,2.121840e+00,2.123989e+01,-8.786159e-01,2.164748e+00,2.308886e+00
4.909939e+00,8.269246e+00,1.216470e+01,-3.070473e-01,3.497643e+00,2.485772e+00
4.665963e+00,8.244334e+00,1.219807e+01,1.288362e+00,2.725894e+00,2.174952e+00
2.738124e+00,2.743989e+00,9.783536e+00,2.879884e+00,1.486032e+00,1.860547e+00
3.893133e-01,4.004327e-01,9.588697e+00,3.751840e+00,7.943255e-01,1.648068e+00
-2.625039e+00,3.574362e-02,9.414360e+00,5.029427e+00,6.524069e-01,1.508276e+00
-3.438366e+00,8.813261e-01,1.037387e+01,5.996302e+00,7.888288e-01,1.608209e+00
-3.963945e+00,-2.109759e+00,1.327765e+01,7.078816e+00,1.216134e+00,1.448975e+00
-5.019549e+00,-2.640225e+00,1.535815e+01,7.668154e+00,1.803156e+00,1.328147e+00
-8.824825e+00,-3.007099e-02,2.038097e+01,8.478483e+00,3.548466e+00,1.634482e+00
-1.234149e+01,4.331481e+00,1.785342e+01,8.359530e+00,5.292346e+00,2.285742e+00
-3.778601e+00,-6.346424e-01,1.551702e+01,6.758890e+00,7.704735e+00,2.844069e+00
7.334238e+00,-3.370592e+00,1.012690e+01,4.706048e+00,7.654661e+00,2.452271e+00
2.748622e+01,-2.857587e+01,5.626417e+00,-6.795838e-01,4.143020e+00,-1.502629e-01
2.205232e+01,2.285638e+01,4.225822e+00,-4.265255e+00,3.213256e-02,-1.043330e+00
-4.771669e+00,4.265335e+00,8.614971e+00,-1.885705e+00,-1.847283e+00,-2.399621e+00
-4.516333e+00,-1.093207e+01,8.842105e+00,-2.714957e+00,-2.621043e-01,-8.853366e-01
-8.397674e-01,5.144254e+00,1.107291e+01,-1.689009e+00,-1.477094e-02,-8.847151e-01
-2.244798e+00,1.755338e+01,1.337469e+01,-1.321085e+00,-3.183146e-01,-5.456100e-01
-4.551669e+00,6.345296e+00,7.403511e+00,-3.172453e-01,5.267131e-01,1.674319e-01
-8.162779e-01,7.039346e+00,6.860164e+00,-1.527115e-01,1.384712e+00,4.248706e-01
5.835525e+00,9.727700e+00,4.441416e+00,1.057134e-01,1.940247e+00,6.782225e-01
7.098617e+00,9.381037e+00,3.521431e+00,1.184875e-01,1.401094e+00,4.894126e-01
7.007529e+00,6.758391e+00,2.351280e+00,-5.931980e-03,3.939608e-01,-3.351497e-03
4.425845e+00,7.448760e+00,2.530633e+00,-1.170357e-01,-3.056580e-01,-2.064544e-01
8.804954e-01,7.935816e+00,1.738652e+00,-3.779532e-01,-5.710943e-01,-1.867454e-01
-3.526122e-01,8.463367e+00,1.694598e+00,-5.467121e-01,-4.932620e-01,-7.941194e-02
-2.562732e+00,8.159863e+00,3.247512e+00,-7.100536e-01,-4.204530e-02,1.802332e-01
-2.660182e+00,7.359776e+00,4.538633e+00,-7.470584e-01,3.474967e-01,3.502747e-01
-2.230258e+00,6.632823e+00,4.736671e+00,-7.452180e-01,7.570348e-01,5.467692e-01
-2.866222e+00,7.510132e+00,5.644474e+00,-7.120922e-01,1.080903e+00,8.327671e-01
-5.010217e-02,9.164453e+00,3.791093e+00,-6.840956e-01,1.917615e+00,1.287445e+00
1.543750e+00,9.157961e+00,3.278586e+00,-8.189068e-01,2.098977e+00,1.353318e+00
4.181717e+00,8.377084e+00,3.038283e+00,-1.152865e+00,1.728050e+00,1.390066e+00
4.201839e+00,9.330075e+00,3.037548e+00,-1.398876e+00,1.250688e+00,1.373028e+00
3.835154e+00,9.599641e+00,2.633538e+00,-1.796100e+00,5.807861e-01,1.490632e+00
4.714928e+00,1.044596e+01,3.923629e-01,-2.331063e+00,4.835741e-02,1.852850e+00
1.050753e+01,2.452181e+01,7.022416e+00,-3.115273e+00,-1.447280e+00,2.828151e+00
-8.098052e+00,1.899101e+01,1.652786e+01,-2.133197e+00,-2.845418e+00,2.749395e+00
-2.775895e+01,1.235464e+01,1.760636e+01,-2.354537e-02,7.423405e-01,4.973366e+00
-2.325187e+01,-2.435632e+00,1.933783e+01,1.453468e+00,4.650069e+00,6.251624e+00
-8.642087e+00,-1.566783e+01,2.421540e+01,5.781155e-01,8.429081e+00,7.137362e+00
4.927882e+00,-2.301915e+00,1.570506e+01,3.224270e-01,8.226986e+00,7.359628e+00
1.656881e+01,5.665590e+00,8.692100e+00,9.349741e-01,5.935959e+00,5.900409e+00
1.500693e+01,2.663428e+00,5.096382e+00,1.332137e+00,2.695532e+00,4.707941e+00
4.427606e+00,6.441669e+00,6.969594e+00,1.839651e+00,-8.742681e-01,3.059379e+00
3.744580e-02,9.405949e+00,8.937597e+00,2.413517e+00,-1.472318e+00,2.540031e+00
-6.246446e+00,8.410352e+00,9.572061e+00,3.570687e+00,-7.830488e-01,1.908514e+00
-9.445643e+00,4.872406e+00,9.129453e+00,4.084782e+00,8.340504e-01,1.831051e+00
-3.402430e+00,4.537962e+00,9.449958e+00,4.563749e+00,3.305960e+00,2.032785e+00
2.032230e+00,4.726987e+00,9.761410e+00,4.909337e+00,3.942636e+00,2.128642e+00
1.100732e+01,3.729637e+00,8.045559e+00,5.285012e+00,3.036320e+00,1.899923e+00
1.114308e+01,3.295140e+00,7.926899e+00,5.511781e+00,1.406959e+00,1.230525e+00
4.175082e+00,3.353272e+00,8.927527e+00,5.526509e+00,-7.919692e-01,-1.941801e-01
-6.886518e-01,2.583394e+00,8.853394e+00,4.875429e+00,-5.943130e-01,-7.436890e-01
-2.680788e+00,-2.240294e+00,7.998177e+00,3.227958e+00,-9.879167e-02,-1.462483e+00
-1.094086e+00,-3.483553e+00,5.937593e+00,1.721531e+00,-6.282498e-02,-1.535499e+00
-3.494361e-01,3.304576e+00,8.901773e-01,-1.644808e+00,7.378425e-01,7.020599e-01
-4.818152e+00,3.149064e+01,6.008486e+00,-3.653547e+00,6.536135e-01,5.094337e-01
-5.183737e+00,2.396049e+00,1.811446e+01,-1.349958e+00,2.671838e+00,-7.049013e-02
4.896650e+00,-1.143362e+00,9.233198e+00,-1.065347e+00,3.378244e+00,8.849074e-01
1.156252e+01,1.880034e+01,7.173612e+00,-7.511909e-01,1.618575e+00,3.762516e-01
7.297193e+00,1.341620e+01,3.337265e+00,-2.245896e-01,3.439949e-01,-3.514267e-01
1.492637e-01,6.563482e+00,4.602378e+00,-4.605903e-01,-1.760414e-02,-4.769531e-01
-2.144226e-01,1.020005e+01,4.217461e+00,-5.314408e-01,8.954828e-02,-4.332600e-01
-9.293474e-01,9.914582e+00,3.288114e+00,-4.263469e-01,-2.137528e-02,-3.336373e-01
-1.291143e+00,7.886974e+00,3.141201e+00,-4.843372e-01,2.039538e-01,-2.213872e-01
2.704557e+00,8.452602e+00,2.120000e+00,-6.426751e-01,3.858285e-01,-2.038151e-01
3.005122e+00,9.080989e+00,2.069435e+00,-7.840117e-01,2.310324e-02,-3.121175e-01
4.890338e-02,7.918613e+00,3.062595e+00,-9.685946e-01,-6.090522e-01,-5.030425e-01
-1.280429e+00,8.235598e+00,3.814853e+00,-1.086199e+00,-5.549090e-01,-4.423304e-01
8.419284e-01,8.199148e+00,4.331839e+00,-1.155283e+00,-2.225842e-01,-3.472670e-01
2.251796e+00,8.606534e+00,4.634015e+00,-1.213687e+00,-2.066314e-01,-3.302725e-01
-6.749307e-01,8.418078e+00,5.265181e+00,-1.260503e+00,-5.161417e-01,-3.390147e-01
-9.592968e-01,7.577940e+00,4.591257e+00,-1.331805e+00,-3.484535e-01,-2.188964e-01
2.587148e+00,7.633081e+00,2.447625e+00,-1.678603e+00,-3.974516e-01,-1.229020e-01
3.659508e+00,8.696918e+00,1.450339e+00,-1.990528e+00,-8.244587e-01,-2.058051e-01
1.900980e+00,9.323559e+00,2.172670e+00,-2.692782e+00,-1.620720e+00,-3.054375e-01
2.635166e+00,1.041497e+01,2.231105e+00,-3.180788e+00,-1.807527e+00,-2.119735e-01
5.000649e+00,2.066243e+01,-1.605904e+00,-4.080665e+00,-2.243966e+00,-1.071466e-01
4.444469e+00,2.053663e+01,1.054959e+00,-4.456486e+00,-3.107813e+00,-1.874791e-01
-6.576252e-01,1.742075e+01,1.295850e+01,-4.043352e+00,-3.611181e+00,-7.486626e-01
-5.946042e+00,1.237401e+01,1.785419e+01,-3.206947e+00,-2.460783e+00,-1.343827e+00
2.364853e+00,3.833086e+00,1.750636e+01,-1.900939e+00,-8.597026e-02,-1.048620e+00
7.822165e+00,5.914612e+00,1.026908e+01,-1.166567e+00,1.129538e+00,-9.689138e-01
6.606543e+00,6.093794e+00,7.126893e+00,8.845866e-01,9.837641e-01,-2.080478e+00
5.304647e+00,4.403849e+00,8.437585e+00,1.880673e+00,1.176466e+00,-2.156910e+00
4.326000e+00,3.766965e+00,7.466571e+00,2.996829e+00,1.577772e+00,-2.270007e+00
3.970325e+00,3.432625e+00,8.479941e+00,3.825903e+00,1.906687e+00,-2.298042e+00
7.546238e+00,4.245989e+00,8.398309e+00,5.202493e+00,2.069894e+00,-1.815858e+00
1.042918e+01,3.928767e+00,8.333973e+00,6.022258e+00,1.165809e+00,-1.512500e+00
1.116657e+01,2.162035e+00,1.246264e+01,6.817637e+00,-8.904684e-01,-1.418412e+00
8.717081e+00,1.538007e+00,1.099308e+01,7.165896e+00,-2.155807e+00,-1.602068e+00
3.219155e+00,-5.555602e-01,1.271465e+01,6.869568e+00,-2.846843e+00,-2.247535e+00
-8.197454e+00,3.176438e+00,9.783390e+00,5.536311e+00,-2.653246e+00,-1.954031e+00
-7.466636e+00,-1.498924e+00,4.971089e+00,3.066204e+00,3.313272e-01,-5.203517e-01
1.044081e+00,-1.059514e+01,7.804202e-01,1.081102e+00,1.034985e+00,5.589773e-02
8.721339e+00,4.450361e+00,8.232387e+00,-2.787948e+00,7.140880e-01,6.790023e-01
1.336794e+01,3.536969e+01,-1.052993e+01,-7.588252e-01,-1.047924e+00,-4.716779e-02
-2.045407e+01,5.561445e-01,6.252077e+00,-1.452686e+00,-1.741443e+00,-1.238265e+00
-2.217573e+00,-6.034902e+00,7.462347e+00,-2.235587e+00,1.225317e+00,6.200625e-01
6.511861e+00,1.404901e+01,1.061866e+01,-2.091463e+00,2.854880e+00,6.131617e-01
9.111345e+00,1.844758e+01,9.195413e+00,-1.395312e+00,1.138777e+00,1.479921e-01
3.088605e+00,5.796639e+00,3.829106e+00,-1.146153e+00,-9.530555e-01,-4.423870e-01
-3.863245e+00,9.596536e+00,4.269913e+00,-1.057564e+00,-1.657280e+00,-4.791593e-01
-7.853689e+00,1.190437e+01,5.264561e+00,-1.000583e+00,-5.110878e-01,-1.498621e-01
-1.664533e+00,8.718971e+00,3.231651e+00,-8.509426e-01,1.732077e-01,4.209654e-02
2.514057e+00,7.742172e+00,1.816905e+00,-9.334016e-01,-4.360632e-02,-5.138907e-02
2.595056e+00,8.228313e+00,2.110315e+00,-1.006640e+00,-5.287288e-01,-2.569729e-01
-4.841758e-01,9.263300e+00,2.496991e+00,-1.212664e+00,-1.284908e+00,-5.442745e-01
-2.281130e+00,8.492176e+00,3.040164e+00,-1.330097e+00,-1.286100e+00,-5.645638e-01
-1.615104e+00,7.785122e+00,3.415478e+00,-1.452524e+00,-1.017073e+00,-5.138672e-01
-3.634272e-01,8.186756e+00,4.429909e+00,-1.528023e+00,-9.416705e-01,-4.835314e-01
1.778649e+00,8.195006e+00,4.042914e+00,-1.634547e+00,-1.023549e+00,-5.451818e-01
1.799096e+00,7.735124e+00,3.214740e+00,-1.815749e+00,-1.307530e+00,-5.741768e-01
-5.771809e-01,7.626320e+00,3.503264e+00,-2.179879e+00,-1.474367e+00,-4.346097e-01
-1.201853e+00,1.012951e+01,3.259137e+00,-2.459290e+00,-1.441497e+00,-3.154585e-01
5.685928e-01,9.730906e+00,2.177188e+00,-2.916188e+00,-1.193591e+00,-1.750424e-01
5.646800e+00,1.069199e+01,1.243577e+00,-3.330302e+00,-1.350371e+00,-1.731729e-01
1.599298e+01,2.211645e+01,-1.560403e+00,-4.293700e+00,-2.778507e+00,-5.304700e-01
9.144095e+00,1.651575e+01,3.919156e+00,-4.511876e+00,-4.711142e+00,-1.431284e+00
-3.814067e+00,1.447037e+01,2.001251e+01,-4.171663e+00,-5.611509e+00,-2.219477e+00
-8.899578e+00,1.651047e+01,2.223424e+01,-3.134797e+00,-4.255118e+00,-2.263197e+00
-7.047797e+00,2.737541e+00,1.809459e+01,-1.134840e+00,-6.009927e-01,-1.050419e+00
1.918477e+00,8.344016e+00,9.438089e+00,-6.925811e-01,8.335548e-01,-8.305126e-01
1.028787e+00,7.118965e+00,1.186189e+01,1.948166e+00,2.082847e+00,-1.143538e+00
3.248687e+00,2.782671e+00,1.073859e+01,3.292066e+00,2.665150e+00,-6.808450e-01
3.030649e+00,8.569976e-01,9.713995e+00,4.564593e+00,2.536356e+00,-6.449776e-01
8.156699e-01,2.246102e-01,1.098866e+01,5.266825e+00,2.530871e+00,-4.428636e-01
2.486823e+00,-5.300000e-01,9.582576e+00,6.420676e+00,2.563635e+00,6.836263e-02
5.799597e+00,-1.606611e+00,9.949126e+00,6.926503e+00,2.100259e+00,1.152005e-01
7.587705e+00,-2.359733e-01,1.024847e+01,7.183780e+00,8.172663e-01,1.264853e-01
6.128944e+00,2.043535e+00,9.623459e+00,7.051921e+00,-2.676442e-01,-1.844431e-02
-1.596727e+00,8.415909e+00,8.903971e+00,5.742323e+00,-1.550168e+00,-2.212004e-01
-7.218211e+00,6.015924e+00,6.747891e+00,4.701142e+00,-9.167291e-01,-9.064785e-02
-7.455841e+00,-1.047690e+00,2.743262e+00,2.745884e+00,1.442400e+00,3.044426e-01
1.567698e+00,-3.779534e+00,-1.079322e+00,1.005025e+00,2.375218e+00,3.127965e-01
1.065854e+01,1.749617e+00,1.625203e+00,-2.266838e+00,7.213958e-01,1.769883e-01
9.240933e+00,1.215352e+01,9.727771e-01,-3.073738e+00,-8.043300e-01,-4.370652e-01
-3.727758e+00,1.521103e+01,6.882727e+00,-2.946844e-01,-2.165933e+00,-1.005969e+00
-1.932457e+01,-3.611240e+00,1.073916e+01,-2.375508e+00,-1.473074e+00,-9.981407e-01
-2.766876e+00,3.886541e+00,1.574234e+01,-2.755270e+00,3.225614e+00,1.270056e+00
5.614170e+00,1.443589e+01,1.017441e+01,-1.848252e+00,2.931772e+00,8.044846e-01
7.882337e+00,7.874033e+00,6.508914e+00,-1.136192e+00,9.352986e-01,2.380548e-01
2.927810e+00,6.688727e+00,4.473303e+00,-1.085035e+00,-1.972540e-01,-8.652781e-02
-2.081637e+00,1.146249e+01,4.297026e+00,-9.461243e-01,-4.569396e-01,-1.460789e-01
-1.133224e+00,1.096572e+01,3.803114e+00,-8.843147e-01,-1.921520e-01,-6.820993e-02
-3.446537e-02,8.268315e+00,2.249846e+00,-7.833333e-01,-2.944736e-01,-1.005658e-01
-5.452821e-01,9.123612e+00,2.306388e+00,-8.102860e-01,-3.624420e-01,-1.325962e-01
-1.907958e+00,9.371047e+00,1.293089e+00,-8.601259e-01,-3.919596e-01,-1.700216e-01
-1.858327e+00,8.647452e+00,7.782506e-01,-9.808466e-01,-2.215022e-01,-1.509450e-01
-9.697216e-01,7.310070e+00,9.204594e-01,-1.325260e+00,6.828845e-02,-6.181629e-02
8.612363e-01,8.120750e+00,2.719147e+00,-1.562935e+00,2.417318e-01,6.094385e-03
2.265449e+00,8.892275e+00,4.528861e+00,-1.805665e+00,2.750024e-02,-5.717690e-02
2.109089e+00,8.638177e+00,5.227426e+00,-1.837219e+00,-2.866718e-01,-1.710276e-01
1.044684e+00,7.693202e+00,4.225213e+00,-1.941014e+00,-6.557657e-01,-2.098771e-01
6.098908e-01,8.012935e+00,3.743948e+00,-2.082914e+00,-7.211193e-01,-1.040488e-01
2.271253e+00,9.125498e+00,2.889000e+00,-2.437885e+00,-8.537425e-01,-6.087766e-02
1.462410e+00,8.641897e+00,3.429487e+00,-2.729105e+00,-1.185106e+00,-6.133878e-02
2.767054e+00,1.127558e+01,1.781995e+00,-3.255306e+00,-1.569938e+00,-1.356461e-02
3.856952e+00,1.567133e+01,-1.522413e+00,-3.856614e+00,-2.088110e+00,7.124164e-02
3.032980e+00,1.909504e+01,5.058095e-01,-4.362961e+00,-3.119186e+00,-2.809794e-01
-6.170029e-01,1.814434e+01,1.056008e+01,-4.515124e+00,-3.819473e+00,-4.439492e-01
-2.858418e+00,1.720050e+01,1.822394e+01,-3.531061e+00,-2.510765e+00,-5.772010e-01
-3.514050e+00,1.226533e+01,1.659419e+01,-1.920769e+00,-1.286683e+00,-5.764079e-01
5.116295e+00,2.114685e+00,1.095724e+01,-9.570507e-01,5.619572e-01,-4.661683e-01
6.373748e+00,6.869858e+00,6.374856e+00,-1.652336e-01,6.956631e-01,-7.117007e-01
4.718211e-01,3.711111e+00,9.506374e+00,1.611827e+00,8.480088e-01,-1.288740e+00
1.258510e+00,1.003938e+00,7.326571e+00,2.667951e+00,1.521392e+00,-1.093399e+00
2.328500e+00,2.289501e+00,7.293303e+00,3.885217e+00,2.123015e+00,-9.912879e-01
2.062191e+00,1.911514e+00,8.175458e+00,4.763772e+00,2.236082e+00,-7.879963e-01
4.069452e+00,3.064880e+00,8.381921e+00,5.717233e+00,2.181715e+00,-4.772176e-01
5.680452e+00,2.443692e+00,9.046494e+00,6.407828e+00,1.766483e+00,-3.253332e-01
7.980415e+00,3.166872e+00,1.166166e+01,7.368589e+00,3.087753e-01,-1.760424e-01
7.999504e+00,3.586543e+00,1.228481e+01,7.753329e+00,-6.362553e-01,-3.679860e-01
2.498848e+00,4.713695e+00,9.906804e+00,7.218859e+00,-1.705239e+00,-7.151757e-01
-1.052744e+01,6.894931e+00,8.305723e+00,5.933587e+00,-1.779996e+00,-7.685122e-01
-1.342670e+01,-5.487731e+00,3.936000e+00,2.705939e+00,1.833687e+00,4.070323e-01
-6.203198e+00,-1.042331e+01,3.817610e+00,-1.311764e-02,3.711484e+00,9.654279e-01
1.151266e+01,8.792036e+00,1.079280e+01,-3.413384e+00,3.474128e+00,1.166426e+00
3.873017e+01,3.917737e+01,-1.003830e+01,-1.926518e+00,2.161180e+00,1.091037e+00
-6.988767e+00,-8.932212e+00,5.701419e+00,-2.131548e+00,-3.268731e+00,-2.692263e+00
-8.233830e+00,-1.163706e+00,1.476708e+01,-3.341745e+00,-6.841505e-01,-2.643231e-01
-5.160407e+00,1.590350e+01,8.978060e+00,-2.082331e+00,8.515107e-01,3.748520e-01
-1.256508e+00,1.436142e+01,9.281474e+00,-1.316137e+00,1.142256e+00,2.077620e-02
1.683485e+00,6.768576e+00,3.358949e+00,-8.383702e-01,1.069378e+00,4.053768e-01
4.288389e+00,9.694659e+00,1.941921e+00,-8.596811e-01,7.383560e-01,2.511843e-01
2.458911e+00,1.063517e+01,1.594582e+00,-9.015312e-01,-3.854120e-01,-1.514344e-01
-1.356917e+00,8.641540e+00,1.556155e+00,-9.567908e-01,-8.172846e-01,-2.709466e-01
-2.149561e+00,8.435591e+00,1.093277e+00,-1.111561e+00,-4.545220e-01,-1.549199e-01
-1.932618e+00,8.085848e+00,6.906190e-01,-1.254690e+00,-2.042931e-01,-1.123728e-01
1.504538e-01,7.472130e+00,2.742605e-01,-1.556964e+00,-1.873452e-01,-2.517726e-01
-5.452661e-01,8.555570e+00,2.036728e+00,-1.729377e+00,-3.304063e-01,-3.034326e-01
-2.812229e-01,7.407135e+00,4.916407e+00,-1.867716e+00,-1.550418e-01,-2.268864e-01
3.213486e+00,8.508092e+00,5.034540e+00,-1.992033e+00,-6.731755e-02,-1.178044e-01
3.661518e+00,8.139187e+00,2.810092e+00,-2.155899e+00,-5.736366e-01,-1.397046e-01
3.427578e+00,8.146870e+00,1.339686e+00,-2.458580e+00,-9.526560e-01,-1.522724e-01
2.336978e+00,9.412282e+00,1.937558e+00,-2.957001e+00,-1.523894e+00,-2.390561e-01
6.882348e-01,9.894315e+00,3.610589e+00,-3.273427e+00,-1.794644e+00,-1.824921e-01
2.246206e+00,1.294210e+01,-3.045016e-01,-3.957163e+00,-1.901936e+00,2.136528e-01
2.655734e+00,2.151927e+01,-1.106688e+00,-4.372252e+00,-2.163781e+00,2.795614e-01
-9.480942e-01,1.778906e+01,1.073470e+01,-4.698779e+00,-3.125823e+00,-1.707260e-01
-4.552719e+00,1.786354e+01,1.803227e+01,-4.488719e+00,-3.275193e+00,-3.316324e-01
-4.578385e+00,1.720754e+01,1.738432e+01,-2.144161e+00,-1.373964e+00,-1.912960e-01
-8.487684e-01,4.341624e+00,1.705630e+01,-9.814372e-01,-2.235729e-02,-7.276541e-02
6.059955e+00,6.556541e+00,8.194514e+00,-4.170416e-01,6.967745e-01,-1.878108e-02
1.501664e+00,8.760410e+00,1.012512e+01,7.260355e-01,5.329116e-01,-3.708540e-01
9.843668e-01,1.121604e+00,8.809816e+00,3.010346e+00,1.194731e+00,-5.029254e-01
1.814432e+00,-1.144400e-01,7.635564e+00,3.780052e+00,1.608402e+00,-3.803108e-01
1.840960e+00,4.894401e-01,7.920000e+00,4.933026e+00,1.913076e+00,-3.370347e-01
1.665518e+00,6.003615e-01,8.136241e+00,5.603211e+00,2.017726e+00,-2.047312e-01
3.184068e+00,1.143143e+00,9.351591e+00,6.621751e+00,1.928621e+00,-1.042299e-01
5.151709e+00,1.570485e+00,1.109489e+01,7.336434e+00,1.467545e+00,-3.183463e-02
6.993677e+00,3.362122e+00,1.366024e+01,8.170532e+00,4.624964e-01,-3.055571e-02
5.446932e+00,3.762935e+00,1.078700e+01,8.135327e+00,-2.327725e-01,-1.901726e-01
-7.518341e+00,9.233876e+00,8.377545e+00,6.344525e+00,-5.561980e-01,-2.795743e-01
-1.639518e+01,1.390975e+00,6.937232e+00,4.608504e+00,1.837206e+00,7.618262e-02
9.939600e-01,-9.850046e+00,1.311661e+00,9.070345e-01,5.065335e+00,1.053903e+00
1.137045e+01,-5.310631e+00,2.138136e+00,-1.457165e+00,4.529421e+00,1.227982e+00
1.039475e+01,3.416779e+00,1.408328e+01,-4.990068e+00,7.913378e-01,-5.571600e-01
9.468232e+00,1.995350e+01,1.278718e+01,-3.839363e+00,-7.446297e-01,-8.392614e-01
-1.292477e+01,2.812648e+00,8.683629e+00,1.884986e-01,-3.342918e+00,-2.761574e+00
-1.732754e+01,-7.415128e+00,1.349491e+01,-2.452575e+00,-1.013576e+00,-1.488473e+00
3.994500e+00,1.566139e+01,1.145173e+01,-2.129266e+00,4.092562e+00,1.431737e+00
1.306626e+01,1.639132e+01,5.970869e+00,-1.104607e+00,2.448352e+00,3.631780e-02
1.191549e+00,7.436228e+00,6.460302e+00,-1.027579e+00,-4.767000e-01,-3.434920e-01
-2.748155e+00,8.729009e+00,5.821509e+00,-7.907511e-01,-5.826759e-01,-2.889201e-01
1.955399e+00,1.345382e+01,2.842350e+00,-6.404953e-01,3.940023e-01,-1.037514e-01
4.299134e+00,1.006837e+01,1.894094e-01,-7.179935e-01,1.193118e-01,-1.417627e-01
7.386809e-01,8.059938e+00,3.263298e-01,-9.542165e-01,-6.694709e-01,-3.399866e-01
-8.386473e-01,7.930155e+00,7.183366e-01,-1.115936e+00,-8.640318e-01,-4.143761e-01
-1.602844e+00,5.836988e+00,-1.701686e-01,-1.470460e+00,-1.060661e+00,-4.640422e-01
-1.200744e+00,6.619804e+00,2.622270e-02,-1.739579e+00,-1.047231e+00,-4.663875e-01
-1.328438e+00,7.567994e+00,2.975692e+00,-1.940742e+00,-7.958419e-01,-4.140859e-01
1.226403e+00,8.249438e+00,3.920674e+00,-2.059531e+00,-5.208794e-01,-3.195332e-01
1.830498e+00,8.687692e+00,2.708143e+00,-2.267969e+00,-5.035599e-01,-1.827811e-01
2.060509e+00,7.882896e+00,9.448139e-01,-2.505060e+00,-6.270627e-01,-1.235314e-01
2.565207e+00,7.343351e+00,1.597836e+00,-2.968817e+00,-9.287005e-01,-1.780464e-01
4.355734e+00,8.677911e+00,3.390583e+00,-3.305745e+00,-1.157791e+00,-1.400897e-01
9.837189e+00,1.117262e+01,-1.711703e+00,-3.903334e+00,-1.770022e+00,6.259993e-02
7.071711e+00,2.195213e+01,-2.651535e+00,-4.494424e+00,-2.939647e+00,1.125171e-01
-4.725770e+00,1.991932e+01,1.192510e+01,-4.837449e+00,-4.790842e+00,-2.870927e-01
-1.282670e+01,2.088078e+01,1.937760e+01,-4.487782e+00,-3.447429e+00,-3.627252e-01
-5.099299e+00,1.183656e+01,1.870480e+01,-2.338476e+00,-2.281645e-01,3.272226e-01
1.551797e+00,5.431792e+00,1.709021e+01,-1.244901e+00,1.647202e+00,5.410854e-01
9.081308e+00,9.806278e+00,9.404828e+00,-2.875132e-01,1.643826e+00,1.237711e-01
4.773150e+00,7.149036e+00,1.150779e+01,1.583167e+00,8.832823e-01,-7.274032e-01
3.631186e+00,1.279541e+00,8.706683e+00,3.346048e+00,9.916643e-01,-8.019401e-01
3.366122e+00,8.192406e-03,7.551166e+00,4.089698e+00,1.133423e+00,-8.387384e-01
1.866203e+00,-3.837135e-01,8.084937e+00,5.364190e+00,1.372602e+00,-8.337666e-01
2.138007e+00,-2.076339e-01,8.173449e+00,6.046461e+00,1.589035e+00,-6.503512e-01
3.870796e+00,3.341914e-01,9.979111e+00,7.138535e+00,1.596998e+00,-4.806556e-01
5.980594e+00,9.088539e-01,1.270418e+01,7.679689e+00,1.397915e+00,-3.899012e-01
8.215274e+00,3.404946e+00,1.151823e+01,8.212695e+00,5.034747e-01,-2.556077e-01
7.291529e+00,7.262328e+00,1.045537e+01,7.643848e+00,-6.413161e-01,-3.038117e-01
-1.011504e+01,5.380794e+00,6.847004e+00,5.642413e+00,-1.154184e+00,-9.671008e-01
-1.285900e+01,-6.307849e+00,3.109841e+00,4.205633e+00,2.928703e-01,-5.445635e-01
9.318373e-01,-1.048704e+01,-1.663474e+00,3.870335e-02,2.662685e+00,6.668268e-01
7.986310e+00,-4.261897e+00,4.299918e+00,-3.136246e+00,1.931107e+00,4.570610e-01
2.550585e+01,3.612840e+01,-4.334179e+00,-2.517821e+00,5.190260e-01,1.078099e+00
1.634768e+00,3.104872e+00,3.746744e+00,-2.801491e-01,-1.624466e+00,-7.626640e-01
-1.299221e+01,-2.387397e+00,1.483127e+01,-3.341816e+00,-2.829796e-01,-5.259441e-02
-4.154669e+00,7.834649e+00,1.587067e+01,-2.892195e+00,1.658251e+00,7.213629e-01
1.737100e+00,1.621063e+01,7.766247e+00,-1.536790e+00,1.565095e+00,-7.364410e-02
2.969685e+00,5.891150e+00,5.752792e+00,-1.080586e+00,1.046588e+00,2.266667e-01
1.896209e+00,1.007956e+01,3.096319e+00,-1.147830e+00,7.207484e-01,1.468769e-01
1.973657e+00,1.215041e+01,2.700692e+00,-9.484754e-01,4.210846e-01,-7.166242e-02
1.455000e-01,9.615263e+00,3.061184e+00,-8.366667e-01,-2.575148e-01,-2.196098e-01
-1.060348e+00,8.839277e+00,2.916481e+00,-7.814234e-01,-4.758759e-01,-2.895939e-01
-1.430937e+00,8.764849e+00,2.401104e+00,-7.307546e-01,-2.052354e-01,-2.199688e-01
8.812769e-01,9.505961e+00,1.121663e+00,-8.429097e-01,-6.813034e-02,-1.761729e-01
1.355224e+00,7.229322e+00,-1.445807e+00,-1.194471e+00,-6.066578e-01,-3.821543e-01
-7.642449e-01,6.735106e+00,-4.550602e-01,-1.529610e+00,-8.737327e-01,-4.461341e-01
-1.595685e+00,9.061492e+00,3.743498e+00,-1.825174e+00,-4.894990e-01,-2.637815e-01
9.555116e-01,8.531605e+00,3.676194e+00,-1.910911e+00,-2.211271e-01,-1.800080e-01
3.171786e+00,9.062946e+00,2.500447e+00,-2.124102e+00,-5.089491e-01,-1.929375e-01
3.544215e+00,8.592644e+00,1.477554e+00,-2.354441e+00,-9.405182e-01,-2.999174e-01
9.557730e-01,9.121078e+00,3.086492e+00,-2.852979e+00,-1.539647e+00,-3.947372e-01
-4.655765e-02,9.592418e+00,4.261148e+00,-3.121151e+00,-1.646413e+00,-3.277967e-01
6.090539e+00,8.862739e+00,2.236033e+00,-3.490325e+00,-1.275132e+00,-9.276438e-02
1.193209e+01,1.298991e+01,-1.751394e+00,-3.927593e+00,-1.600522e+00,-9.075970e-02
6.510007e+00,2.114677e+01,1.544686e+00,-4.872842e+00,-4.208838e+00,-5.738769e-01
-4.938534e+00,2.195291e+01,1.259740e+01,-4.892766e+00,-5.924837e+00,-7.198623e-01
-1.824825e+01,1.964642e+01,2.152402e+01,-3.560525e+00,-3.338797e+00,-2.181147e-01
-1.402709e+01,1.019837e+01,2.014101e+01,-2.340560e+00,-1.104519e+00,4.529667e-01
5.257308e+00,6.386520e+00,1.364077e+01,-1.084020e+00,2.572309e+00,1.115884e+00
8.547580e+00,9.980332e+00,9.751439e+00,3.674078e-01,2.199854e+00,6.539734e-01
6.037621e+00,2.065328e+00,8.064712e+00,2.392139e+00,1.296359e+00,-1.693644e-01
4.652317e+00,3.642807e-01,6.721614e+00,3.134678e+00,9.584381e-01,-2.232997e-01
1.248590e+00,1.725480e+00,8.277607e+00,4.380918e+00,8.314083e-01,-2.748711e-01
5.272753e-01,1.600109e+00,8.791213e+00,5.255911e+00,1.209473e+00,-1.362075e-01
1.573066e+00,-1.919383e-02,9.196453e+00,6.242302e+00,1.763664e+00,6.004403e-02
3.782459e+00,2.238797e-02,1.109017e+01,6.869603e+00,1.888546e+00,2.056778e-01
5.928856e+00,7.152060e-01,1.327981e+01,7.928629e+00,1.252799e+00,5.030545e-01
6.590978e+00,6.437607e-01,1.209744e+01,8.142189e+00,5.295324e-01,5.440409e-01
-5.341757e+00,6.347376e+00,1.016331e+01,6.742908e+00,-4.396557e-01,5.945018e-01
-1.465914e+01,3.074685e+00,9.834687e+00,5.108887e+00,2.407281e-01,4.491262e-01
-7.348750e+00,-1.088739e+01,4.953763e+00,1.078216e+00,4.230472e+00,1.178736e+00
7.682744e+00,6.700895e+00,3.019311e+00,-1.589180e+00,4.572270e+00,9.523408e-01
3.054267e+01,3.073114e+01,-4.045812e+00,-1.583144e+00,2.139853e+00,1.000057e+00
2.506095e+00,-4.444749e+00,5.873874e+00,-1.991925e+00,-2.452226e+00,-2.379828e+00
-5.935026e+00,3.481691e+00,1.623328e+01,-3.645101e+00,-1.404010e+00,-1.359376e+00
-9.060737e+00,9.873130e+00,1.395387e+01,-2.748360e+00,-6.358654e-01,-7.694618e-02
-1.099893e+01,1.206654e+01,9.412412e+00,-1.363365e+00,1.937232e+00,1.140571e-01
-1.608217e+00,9.077395e+00,8.173598e+00,-1.147266e+00,3.304427e+00,8.603624e-01
8.749126e+00,9.381921e+00,4.287304e+00,-8.247849e-01,3.295973e+00,7.273571e-01
1.034100e+01,1.026236e+01,4.355614e+00,-9.199086e-01,2.225774e+00,3.193137e-01
3.787789e+00,8.193648e+00,4.738699e+00,-8.802551e-01,6.035403e-02,-3.199305e-01
1.958072e+00,8.792436e+00,5.101117e+00,-8.896859e-01,-2.695799e-01,-4.377974e-01
8.748557e-01,9.118736e+00,3.935277e+00,-8.126196e-01,-1.710768e-01,-5.377949e-01
6.342715e-01,8.745635e+00,3.404111e+00,-8.411317e-01,-1.688889e-01,-5.432490e-01
5.326076e-01,8.736720e+00,3.698409e+00,-9.776861e-01,-2.576645e-01,-5.729018e-01
8.255398e-01,8.400071e+00,4.334567e+00,-1.062633e+00,-3.416054e-01,-5.714461e-01
1.827187e+00,7.949063e+00,4.281563e+00,-1.166809e+00,-4.377602e-01,-5.363453e-01
1.977824e+00,7.889715e+00,2.041965e+00,-1.319553e+00,-5.637547e-01,-4.783690e-01
2.242840e+00,7.566328e+00,-1.070661e+00,-1.844849e+00,-8.549179e-01,-3.829134e-01
8.105819e-01,8.973051e+00,-1.073225e+00,-2.320103e+00,-1.149569e+00,-4.598900e-01
-1.057765e+00,8.799888e+00,1.913241e+00,-2.916810e+00,-1.381591e+00,-3.861992e-01
1.395091e+00,8.866725e+00,2.062068e+00,-3.328608e+00,-1.103522e+00,-8.943285e-02
1.719644e+01,1.382098e+01,-4.215646e+00,-3.919561e+00,-1.429085e+00,-1.186921e-01
1.236732e+01,1.828037e+01,-2.154109e+00,-4.679631e+00,-3.247882e+00,-4.151376e-01
-8.849449e+00,1.598055e+01,1.560042e+01,-5.031061e+00,-6.402889e+00,-1.219452e+00
-1.713214e+01,2.928269e+01,2.413149e+01,-4.625083e+00,-4.597584e+00,-5.858506e-01
-7.566101e+00,5.244158e+00,1.888312e+01,-1.607463e+00,8.854850e-03,8.066014e-01
4.084146e+00,2.134082e+00,1.808975e+01,-1.086611e+00,2.443948e+00,9.792917e-01
1.118201e+01,1.017615e+01,1.008424e+01,4.661463e-01,2.151458e+00,2.521431e-01
7.922405e+00,6.447690e+00,1.034498e+01,1.999720e+00,1.320861e+00,-4.711356e-01
4.183184e+00,2.665707e-01,7.276290e+00,3.521691e+00,9.382487e-01,-5.519083e-01
2.175531e+00,1.748694e-01,8.046433e+00,4.253430e+00,9.899414e-01,-6.887879e-01
1.924709e+00,4.037796e-02,9.389438e+00,5.670726e+00,1.505417e+00,-6.941610e-01
2.747267e+00,2.790395e-01,8.990555e+00,6.329345e+00,1.718516e+00,-5.717866e-01
6.275641e+00,1.635654e-01,1.153960e+01,7.423173e+00,1.412897e+00,-5.041236e-01
7.317381e+00,9.547820e-01,1.233711e+01,7.964800e+00,8.075463e-01,-4.829305e-01
6.741591e+00,2.381994e+00,1.274038e+01,8.141783e+00,-7.291709e-01,-7.282069e-01
6.373552e-01,9.920841e+00,1.041636e+01,7.346893e+00,-1.491219e+00,-8.145520e-01
-1.594900e+01,1.513579e+00,6.959054e+00,5.658478e+00,-6.422078e-01,-1.287631e+00
-6.674254e+00,-8.008615e+00,3.929290e-01,3.958963e+00,1.581664e+00,-5.293529e-01
5.713720e+00,-9.363644e+00,-2.675298e+00,-9.541701e-01,1.807747e+00,3.062139e-01
5.110681e+00,-4.918574e+00,2.036226e+00,-3.285245e+00,7.397566e-01,-1.398766e-01
8.785720e+00,3.679052e+01,6.071254e-01,-2.954857e+00,3.227275e-01,4.378263e-01
-2.256084e+01,-7.294674e+00,5.772925e+00,-2.725880e-01,-7.918683e-01,-1.463179e+00
4.569325e+00,-3.506974e+00,1.618485e+01,-3.468363e+00,3.263432e+00,1.078923e+00
8.626108e+00,9.388259e+00,1.535258e+01,-2.850351e+00,3.387512e+00,8.449593e-01
8.566072e+00,1.338525e+01,7.099944e+00,-1.733729e+00,-3.583028e-01,-4.950542e-01
2.162437e+00,5.699995e+00,6.994609e+00,-1.612624e+00,-1.439605e+00,-7.006714e-01
-5.449274e+00,1.144178e+01,4.796091e+00,-1.453644e+00,-7.933265e-01,-1.713289e-01
-2.420111e+00,1.191005e+01,4.496034e+00,-1.258987e+00,-6.654533e-02,-1.695627e-01
1.492987e+00,7.819552e+00,3.233074e+00,-1.099609e+00,1.965163e-01,2.663857e-02
2.166148e+00,8.014222e+00,3.239111e+00,-1.124485e+00,-5.093417e-02,-3.823793e-02
2.928921e-01,8.713265e+00,2.922975e+00,-1.131751e+00,-4.698738e-01,-1.790573e-01
-7.462373e-02,8.925403e+00,2.344651e+00,-1.195514e+00,-5.397249e-01,-2.506216e-01
-2.800198e-01,8.492506e+00,2.262528e+00,-1.390314e+00,-5.343637e-01,-3.052624e-01
-6.269434e-01,8.451370e+00,2.924743e+00,-1.515176e+00,-5.247276e-01,-2.672642e-01
1.248203e+00,8.089102e+00,4.122058e+00,-1.619418e+00,-4.583066e-01,-2.525347e-01
1.407216e+00,8.581068e+00,4.306357e+00,-1.680307e+00,-5.899858e-01,-2.561696e-01
-2.862283e-01,8.104485e+00,3.824485e+00,-1.725443e+00,-7.436010e-01,-2.559606e-01
2.747238e-01,8.361271e+00,2.548729e+00,-1.924600e+00,-7.317548e-01,-1.475610e-01
8.148553e-01,9.006641e+00,2.427160e+00,-2.401941e+00,-9.066654e-01,-7.836646e-02
-4.789554e-01,9.111719e+00,3.346420e+00,-2.672876e+00,-1.012945e+00,3.713293e-02
7.490313e+00,1.154410e+01,8.388119e-01,-3.123538e+00,-1.019911e+00,1.330658e-01
1.069265e+01,1.464363e+01,-3.549817e+00,-3.523291e+00,-1.578902e+00,1.121160e-01
3.098904e+00,1.595585e+01,2.952334e-01,-4.407895e+00,-4.230685e+00,-4.344385e-01
-8.126415e+00,1.610131e+01,1.391444e+01,-4.705992e+00,-5.069007e+00,-4.961682e-01
-1.169603e+01,2.238356e+01,1.825456e+01,-4.000835e+00,-2.650230e+00,-6.703640e-02
-8.641346e+00,7.568125e+00,1.774441e+01,-1.900586e+00,-7.979541e-01,3.117120e-01
8.605368e+00,6.972493e+00,1.039915e+01,-1.246561e+00,2.211813e+00,6.191149e-01
8.173711e+00,8.748191e+00,1.054983e+01,-1.623867e-01,1.853162e+00,3.086860e-01
4.496225e+00,4.233103e+00,1.016225e+01,2.307671e+00,9.470849e-01,-5.666972e-01
4.066565e+00,1.005956e+00,7.551433e+00,3.243103e+00,9.708297e-01,-5.715812e-01
2.484917e+00,1.355142e+00,8.119936e+00,4.281911e+00,1.230019e+00,-7.890165e-01
1.874005e+00,2.455995e+00,8.217103e+00,5.001030e+00,1.467101e+00,-6.200055e-01
2.749554e+00,1.661967e+00,1.015803e+01,6.409693e+00,1.824338e+00,-3.693362e-01
4.078974e+00,9.891606e-01,1.105770e+01,7.102284e+00,1.674193e+00,-1.016179e-01
8.111386e+00,2.938697e+00,1.422765e+01,7.932502e+00,8.610048e-01,3.334640e-01
8.729277e+00,4.922295e+00,1.213784e+01,8.289784e+00,-1.913261e-01,4.998935e-01
1.863588e-01,3.639986e+00,1.003159e+01,7.237421e+00,-1.635180e+00,-4.156097e-01
-1.249105e+01,4.064201e+00,9.119738e+00,5.410782e+00,-9.520744e-01,-5.717988e-01
-8.540113e+00,-1.007079e+01,5.774983e+00,2.381566e+00,2.309132e+00,2.796146e-01
2.738708e+00,-8.958656e+00,4.196632e+00,-4.156348e-01,3.929611e+00,1.089156e+00
2.181292e+01,3.748398e+01,-6.527837e+00,-3.082491e+00,2.303979e+00,7.915596e-01
1.400224e+01,1.903725e+01,3.865670e+00,-1.164630e+00,-8.676738e-01,-5.659877e-01
-1.652570e+01,-6.175794e+00,1.619634e+01,-3.346396e+00,-2.844337e+00,-1.820199e+00
-5.458896e+00,7.567969e+00,1.718631e+01,-3.516058e+00,-1.406430e-01,-1.617956e-01
-4.499223e+00,1.593269e+01,9.790562e+00,-1.629563e+00,1.446424e+00,4.475326e-03
-5.379571e-01,1.006097e+01,9.217544e+00,-1.030051e+00,2.063056e+00,4.709690e-01
7.395940e+00,9.390414e+00,2.093567e+00,-9.155920e-01,2.042846e+00,5.530216e-01
6.686966e+00,1.042361e+01,2.755183e+00,-7.861852e-01,7.467993e-01,4.619191e-02
2.379144e-01,9.901198e+00,3.340179e+00,-9.147433e-01,-9.415369e-01,-3.943916e-01
-2.432142e+00,9.585117e+00,3.352843e+00,-8.893930e-01,-9.020395e-01,-3.351331e-01
4.968855e-01,8.973307e+00,1.854826e+00,-8.883012e-01,-2.112012e-01,-1.769798e-01
2.182042e+00,9.227548e+00,9.128484e-01,-1.014401e+00,-2.521466e-01,-1.653162e-01
1.037973e+00,8.050042e+00,2.310714e-01,-1.255439e+00,-7.326264e-01,-3.642536e-01
-2.357570e+00,7.319763e+00,1.286305e+00,-1.488186e+00,-1.022014e+00,-4.265215e-01
-2.233684e+00,8.486356e+00,3.376225e+00,-1.795442e+00,-5.516343e-01,-2.063570e-01
-3.685555e-01,8.747656e+00,4.124922e+00,-1.807390e+00,-2.142271e-01,-1.552300e-01
1.140968e+00,8.068647e+00,3.188647e+00,-1.869042e+00,-2.742906e-01,-1.568293e-01
2.094585e+00,7.444973e+00,2.364155e+00,-1.997747e+00,-4.075344e-01,-1.323312e-01
5.119651e+00,8.846097e+00,1.123554e+00,-2.582134e+00,-8.958598e-01,-1.494988e-01
2.836703e+00,8.395047e+00,2.080732e+00,-2.938697e+00,-1.386316e+00,-2.039683e-01
5.090904e+00,1.011517e+01,8.967836e-01,-3.501535e+00,-1.420479e+00,3.420500e-02
1.021834e+01,1.281343e+01,-3.089573e+00,-3.904817e+00,-1.454137e+00,6.777778e-02
5.762153e+00,1.989530e+01,1.146992e-01,-4.822353e+00,-3.838067e+00,-2.807189e-01
-5.015719e+00,2.271740e+01,1.144660e+01,-4.961190e+00,-5.318225e+00,-3.438712e-01
-1.731573e+01,2.304022e+01,2.037894e+01,-4.103781e+00,-3.132232e+00,4.129968e-01
-9.691957e+00,9.505489e+00,1.891721e+01,-2.115494e+00,-3.125403e-01,1.184543e+00
9.596840e+00,4.175002e+00,1.347775e+01,-5.738476e-01,3.130188e+00,1.396356e+00
1.320454e+01,8.672511e+00,9.387881e+00,2.961511e-01,2.475439e+00,1.095226e+00
4.986196e+00,3.153274e+00,8.852323e+00,2.257581e+00,7.821391e-01,-1.228447e-01
3.106731e+00,1.740136e+00,7.079258e+00,3.421161e+00,3.860774e-01,-3.027370e-01
8.717248e-02,-8.482571e-03,8.410422e+00,4.528404e+00,6.799894e-01,-6.083399e-01
5.083355e-01,4.522832e-01,8.847675e+00,5.233767e+00,1.236664e+00,-5.786535e-01
2.017406e+00,1.628036e+00,9.874342e+00,6.411583e+00,1.843554e+00,-2.268696e-01
3.253972e+00,1.977933e+00,1.132251e+01,7.089805e+00,1.895609e+00,-1.111403e-01
5.221446e+00,2.143206e+00,1.338049e+01,8.003208e+00,1.452347e+00,1.698298e-01
4.431636e+00,1.626903e+00,1.264423e+01,8.231873e+00,9.178935e-01,2.884818e-01
-3.070736e+00,6.853042e+00,1.007297e+01,6.534169e+00,1.048146e-01,7.220645e-01
-1.169679e+01,-1.967163e+00,7.233212e+00,5.012586e+00,9.763716e-01,4.174889e-01
-7.844647e-01,-1.255429e+01,4.771281e+00,1.424344e+00,3.631312e+00,8.946492e-01
8.078556e+00,-6.363591e+00,7.184412e+00,-1.900743e+00,3.579325e+00,7.064896e-01
3.590218e+01,3.921101e+01,-9.903698e+00,-2.260517e+00,1.682617e+00,6.718914e-01
-6.857094e+00,-7.624332e+00,7.483716e+00,-8.767385e-01,-2.220642e+00,-1.617505e+00
-1.929898e+01,1.094238e-01,1.701200e+01,-4.013756e+00,-1.391387e+00,-1.305153e+00
-1.364323e+00,1.371300e+01,1.595328e+01,-3.336146e+00,1.088831e+00,4.352511e-01
-4.678994e+00,8.248680e+00,8.779050e+00,-1.323285e+00,1.653860e+00,5.956201e-02
2.313293e+00,1.043131e+01,9.201918e+00,-1.304282e+00,2.321734e+00,3.049844e-01
6.849112e+00,8.825983e+00,2.424746e+00,-9.150218e-01,1.564567e+00,2.370630e-01
4.279502e+00,9.641938e+00,3.894555e+00,-9.372775e-01,4.621726e-01,-2.116699e-01
1.414921e-01,9.558361e+00,4.180473e+00,-9.107653e-01,-3.910581e-01,-3.811700e-01
-1.323572e+00,8.300716e+00,4.158575e+00,-8.940712e-01,-2.704751e-01,-3.778202e-01
1.205488e+00,8.469085e+00,3.533634e+00,-8.508229e-01,4.069314e-02,-3.274521e-01
1.264801e+00,8.453145e+00,3.214294e+00,-8.703522e-01,-5.975447e-02,-3.825595e-01
8.279712e-01,8.591449e+00,2.950869e+00,-1.033037e+00,-4.324598e-01,-5.303732e-01
-7.619675e-01,8.262494e+00,3.783867e+00,-1.134499e+00,-5.424169e-01,-5.150609e-01
7.399616e-01,8.280909e+00,4.572529e+00,-1.200082e+00,-3.167975e-01,-4.051635e-01
1.984504e+00,8.435143e+00,3.618672e+00,-1.264339e+00,-2.959718e-01,-3.566796e-01
1.882375e+00,7.141666e+00,1.556724e+00,-1.549124e+00,-4.944349e-01,-2.464176e-01
2.962282e+00,9.131642e+00,1.321401e+00,-1.882976e+00,-6.653160e-01,-2.002858e-01
5.817968e-01,9.847744e+00,2.265195e+00,-2.382746e+00,-1.316797e+00,-3.165751e-01
-2.640970e-01,9.849273e+00,2.610000e+00,-2.719183e+00,-1.470951e+00,-2.013130e-01
5.115767e+00,1.277975e+01,-1.267285e-01,-3.293411e+00,-1.477958e+00,7.339185e-02
8.501190e+00,1.941762e+01,-4.626903e+00,-3.812350e+00,-1.993298e+00,1.057275e-01
-1.664323e+00,1.432955e+01,8.852158e+00,-4.299109e+00,-3.992249e+00,-3.721193e-01
-4.394245e+00,1.596595e+01,1.443673e+01,-4.450810e+00,-3.789939e+00,-4.762741e-01
-8.563845e+00,1.814176e+01,1.707184e+01,-3.295469e+00,-1.985497e+00,-2.956122e-01
-2.260422e+00,4.489039e+00,1.668505e+01,-1.495377e+00,-4.512877e-02,2.347004e-01
5.902440e+00,6.963085e+00,9.248401e+00,-9.968083e-01,1.499472e+00,2.716425e-01
3.990105e+00,9.148590e+00,1.006690e+01,5.248785e-02,1.297031e+00,-2.415028e-02
3.024378e+00,3.462345e+00,8.267464e+00,2.247925e+00,1.277043e+00,-4.418793e-01
3.527790e+00,2.015460e+00,7.145328e+00,3.155622e+00,1.410790e+00,-4.972735e-01
3.355629e+00,1.224365e+00,8.148125e+00,4.298214e+00,1.422207e+00,-7.161757e-01
2.661181e+00,1.767902e+00,8.107638e+00,4.891703e+00,1.308641e+00,-6.872783e-01
2.559629e+00,2.022407e+00,8.907276e+00,6.076930e+00,1.111988e+00,-6.974734e-01
3.568687e+00,2.215402e+00,1.049102e+01,6.745580e+00,9.818805e-01,-6.817124e-01
6.638449e+00,3.818794e+00,1.412500e+01,7.670679e+00,6.235819e-01,-6.411858e-01
6.317549e+00,4.888467e+00,1.159698e+01,8.075760e+00,1.109426e-01,-7.722387e-01
-1.707867e+00,6.918073e+00,8.729130e+00,6.802026e+00,-8.617563e-01,-8.934278e-01
-1.351505e+01,3.681570e+00,8.752102e+00,5.409866e+00,-6.391670e-01,-5.134200e-01
-6.837632e+00,-1.043953e+01,2.809018e+00,2.653011e+00,2.845660e+00,7.007879e-01
3.332134e+00,-9.277791e+00,3.428481e+00,-1.195676e-01,4.053943e+00,9.952571e-01
1.502560e+01,3.299325e+01,2.573150e+00,-3.688922e+00,2.716388e+00,9.036221e-01
3.842760e+01,3.932233e+01,-9.889620e+00,-1.030379e+00,1.551047e+00,1.290905e+00
-7.250097e+00,-5.944635e+00,1.049861e+01,-2.411351e+00,-3.023627e+00,-1.876378e+00
-5.555301e+00,5.214293e+00,1.497945e+01,-3.194420e+00,-1.647693e+00,-7.753593e-01
-6.143431e+00,1.976111e+01,1.279959e+01,-2.619258e+00,-4.475285e-01,-2.682558e-01
-5.924956e+00,7.626813e+00,6.651965e+00,-1.534239e+00,1.114105e-01,-1.885084e-01
-6.351292e-01,1.094875e+01,5.149657e+00,-1.392225e+00,1.320650e+00,4.890244e-01
2.092562e+00,1.203695e+01,3.722270e+00,-1.116034e+00,1.595856e+00,5.669062e-01
3.549369e+00,8.672501e+00,3.216874e+00,-1.035322e+00,6.240213e-01,9.622341e-02
9.961587e-01,8.817448e+00,3.271758e+00,-1.040773e+00,-5.422332e-03,-4.157057e-02
-2.361622e+00,9.611500e+00,3.923625e+00,-9.500336e-01,-1.469579e-01,-1.096866e-01
-1.191709e+00,9.216388e+00,3.539519e+00,-8.715481e-01,2.134929e-01,-3.588331e-02
3.126147e+00,8.225892e+00,1.209235e+00,-9.250749e-01,3.048313e-01,-4.421825e-02
3.867389e+00,7.884361e+00,7.352221e-01,-1.130903e+00,-7.340691e-02,-1.650027e-01
-6.355540e-01,8.653165e+00,3.035586e+00,-1.483849e+00,-5.840139e-01,-2.780848e-01
8.664611e-02,8.695883e+00,4.568159e+00,-1.582409e+00,-4.071920e-01,-2.047684e-01
2.284065e+00,8.459075e+00,3.241668e+00,-1.689688e+00,-2.316638e-01,-1.125692e-01
2.541376e+00,8.772336e+00,2.176885e+00,-1.794749e+00,-4.769977e-01,-1.057496e-01
1.196823e+00,8.684358e+00,1.998004e+00,-2.164740e+00,-1.008915e+00,-2.258382e-01
3.340843e-01,9.027788e+00,2.609294e+00,-2.486434e+00,-1.239995e+00,-2.014958e-01
1.867775e+00,1.011033e+01,3.783216e+00,-2.837733e+00,-1.124021e+00,-1.472971e-02
6.123289e+00,1.214653e+01,8.020072e-01,-3.065030e+00,-1.024817e+00,1.121091e-01
7.023102e+00,1.983410e+01,-3.694997e+00,-3.914222e+00,-2.110982e+00,2.226383e-01
3.711692e+00,1.733452e+01,-1.962869e+00,-4.232335e+00,-3.133815e+00,-9.473814e-02
-6.517203e+00,1.764110e+01,1.583098e+01,-4.474011e+00,-3.979500e+00,-3.630926e-01
-7.872864e+00,2.303240e+01,1.762975e+01,-3.908849e+00,-2.599238e+00,-3.990158e-01
-5.524417e+00,4.314689e+00,1.811075e+01,-1.248896e+00,-2.998219e-01,-2.570153e-02
4.073830e+00,4.999120e+00,1.198741e+01,-9.939547e-01,1.455067e+00,4.027004e-01
5.145969e+00,9.313194e+00,1.072764e+01,7.014833e-01,1.710236e+00,2.340115e-01
3.788147e+00,5.281057e+00,1.125605e+01,2.166126e+00,1.514677e+00,-7.294021e-02
4.404501e+00,8.765023e-01,7.593498e+00,3.752111e+00,1.600560e+00,6.732015e-02
3.813834e+00,2.873598e-01,8.199699e+00,4.441044e+00,1.561541e+00,-1.306774e-01
2.233740e+00,6.135230e-01,8.307480e+00,5.479913e+00,1.588191e+00,7.286871e-03
2.708912e+00,9.681355e-01,9.048257e+00,6.151566e+00,1.624389e+00,1.612467e-01
5.551224e+00,6.309888e-01,1.220776e+01,7.240757e+00,1.293274e+00,3.205294e-01
6.719987e+00,8.752108e-01,1.344668e+01,7.766079e+00,7.050232e-01,3.045246e-01
3.627010e+00,1.168266e+00,1.115709e+01,7.269258e+00,-4.974365e-01,-8.538763e-02
-4.920730e+00,6.279669e+00,9.981887e+00,5.822204e+00,-1.187723e+00,-3.132510e-02
-1.910021e+01,-7.790713e+00,7.102756e+00,2.669675e+00,8.119831e-01,-6.231715e-02
-3.836678e+00,-9.245877e+00,6.585133e+00,5.100120e-01,3.065310e+00,7.475212e-01
3.479631e+01,3.548712e+01,-5.342190e+00,-2.516476e+00,4.272657e+00,1.262136e+00
3.105513e+01,3.315754e+01,-2.978574e-01,-1.653160e+00,2.425948e+00,1.450892e+00
-8.714207e+00,-1.268957e+00,1.563886e+01,-3.300651e+00,-2.269622e+00,-1.786844e+00
-1.846070e+00,8.006325e+00,1.372800e+01,-3.220349e+00,-9.586969e-01,-5.285173e-01
-5.448510e+00,1.307846e+01,7.184451e+00,-1.622796e+00,-1.367670e+00,-3.970281e-01
-1.038149e+01,1.269294e+01,9.788454e+00,-1.383717e+00,-3.683198e-01,-4.774196e-01
-1.505026e+00,7.132461e+00,4.011888e+00,-7.874768e-01,1.451421e+00,4.949381e-01
9.798503e-01,9.858462e+00,3.730522e+00,-8.749270e-01,1.551481e+00,2.865548e-01
3.361948e+00,9.904883e+00,3.470727e+00,-8.861891e-01,8.056514e-01,1.517141e-01
4.216020e-01,8.960036e+00,3.992918e+00,-8.933353e-01,3.310420e-01,2.110151e-02
9.117629e-01,8.655450e+00,3.702531e+00,-8.864747e-01,3.348581e-01,-1.683294e-02
2.487228e+00,8.590396e+00,2.663485e+00,-9.207745e-01,3.243369e-01,-6.143526e-02
2.907520e+00,7.800743e+00,1.837084e+00,-1.143960e+00,-2.275319e-01,-3.196120e-01
2.609589e-01,8.232551e+00,2.821018e+00,-1.326762e+00,-6.097515e-01,-3.525695e-01
-4.954871e-01,7.299739e+00,5.362901e+00,-1.414484e+00,-4.514348e-01,-2.959017e-01
6.578058e-01,8.500942e+00,5.576863e+00,-1.475383e+00,-2.355450e-01,-1.532127e-01
1.790229e+00,8.366201e+00,3.449962e+00,-1.523403e+00,-2.657780e-01,-4.256694e-02
2.213971e+00,7.411552e+00,1.629675e+00,-1.655574e+00,-3.892377e-01,-5.234409e-04
3.986753e+00,9.331438e+00,2.557739e-01,-2.174652e+00,-7.360134e-01,-1.339489e-02
3.182003e+00,9.619016e+00,1.177407e+00,-2.549363e+00,-1.139013e+00,-6.334464e-02
1.817364e+00,1.161269e+01,9.082561e-01,-3.154347e+00,-1.480974e+00,2.637496e-01
3.750587e+00,1.919898e+01,-2.864196e+00,-3.588894e+00,-1.587140e+00,6.045007e-01
1.339501e+00,1.603658e+01,2.331673e+00,-4.040640e+00,-2.485296e+00,2.367817e-01
-1.634774e+00,1.745400e+01,1.358268e+01,-4.329202e+00,-3.267293e+00,-8.751521e-02
-4.234608e+00,1.980392e+01,1.645448e+01,-3.105022e+00,-2.337851e+00,-1.345595e-01
-4.028474e+00,1.188825e+01,1.561812e+01,-1.524842e+00,-1.534182e+00,-1.012857e-01
2.066031e+00,5.574351e+00,1.129095e+01,-8.152841e-01,3.158907e-01,-7.170214e-02
6.847114e-01,9.414800e+00,1.124244e+01,3.252524e-01,7.826727e-01,-5.438207e-03
-5.594548e-01,4.810521e+00,1.081967e+01,2.281689e+00,1.467737e+00,-7.944327e-02
8.214399e-01,1.624691e+00,9.438089e+00,3.478449e+00,2.103448e+00,2.434362e-02
3.372251e+00,-4.983923e-01,9.006463e+00,4.853758e+00,2.683180e+00,8.015332e-02
3.727683e+00,-1.633885e-01,8.799464e+00,5.440333e+00,2.576682e+00,1.527449e-01
5.469925e+00,5.344254e-01,9.749970e+00,6.616747e+00,2.008116e+00,2.087004e-01
7.287025e+00,3.674057e-01,1.157959e+01,7.341138e+00,1.460576e+00,1.067954e-01
6.747751e+00,2.001729e+00,1.208842e+01,8.075208e+00,3.669405e-01,-2.321629e-01
3.924073e+00,4.678745e+00,1.040473e+01,7.934125e+00,-1.379007e-02,-3.704319e-01
-1.136398e+01,9.300787e+00,9.387615e+00,5.968207e+00,-7.201315e-02,-5.374000e-01
-1.699443e+01,9.888854e-02,7.104836e+00,4.671725e+00,1.490630e+00,-1.860798e-01
5.019255e+00,-9.179206e+00,-1.498680e+00,1.272021e+00,4.627498e+00,8.831389e-01
1.493558e+01,-2.925080e+00,2.555323e+00,-1.419611e+00,3.864326e+00,8.582600e-01
3.675999e+01,3.718060e+01,-9.115053e+00,-3.304609e+00,4.624258e-01,4.950871e-02
9.850667e+00,1.551566e+01,5.205518e+00,-9.706287e-01,-2.288034e+00,-9.611788e-01
-1.572164e+01,-3.014947e-01,1.551127e+01,-3.173082e+00,-2.968180e+00,-1.534684e+00
-9.336742e+00,1.229692e+01,1.916775e+01,-3.732138e+00,2.122718e-01,5.145111e-03
2.345496e-01,1.207863e+01,6.028177e+00,-1.393076e+00,1.764749e+00,3.339403e-02
3.303478e+00,8.300628e+00,6.004120e+00,-1.083890e+00,1.563832e+00,2.465533e-01
2.254735e+00,1.070931e+01,1.988612e+00,-1.123592e+00,7.937159e-01,1.301441e-01
6.160890e-01,1.028735e+01,3.195308e+00,-9.604056e-01,2.575988e-01,-2.846804e-02
-1.350426e+00,9.650515e+00,3.756868e+00,-9.667431e-01,4.807375e-02,-1.145411e-01
-8.022551e-01,9.696661e+00,3.862186e+00,-9.160908e-01,2.918741e-01,1.351719e-02
3.123526e+00,8.441177e+00,2.243531e+00,-8.800779e-01,3.200603e-01,-4.629922e-02
2.908149e+00,7.986861e+00,1.021053e+00,-9.741832e-01,-2.870249e-02,-1.570991e-01
-1.320105e+00,7.723574e+00,1.352859e+00,-1.405695e+00,-8.087582e-01,-4.746271e-01
-2.921893e+00,8.001942e+00,2.860265e+00,-1.521401e+00,-5.674288e-01,-3.833036e-01
1.263616e+00,8.674631e+00,4.937306e+00,-1.553835e+00,-1.511053e-01,-2.442532e-01
2.943616e+00,8.921261e+00,4.141678e+00,-1.646302e+00,-2.183507e-01,-2.144444e-01
2.556650e+00,7.737869e+00,9.277663e-01,-1.990574e+00,-6.820911e-01,-2.032798e-01
2.591040e+00,8.341190e+00,9.981688e-01,-2.408215e+00,-9.805933e-01,-2.088436e-01
-1.356136e+00,1.033956e+01,3.922782e+00,-2.823787e+00,-1.348280e+00,-2.141537e-01
-1.769060e+00,9.365833e+00,4.614504e+00,-3.047482e+00,-1.182670e+00,-1.407018e-02
6.139538e+00,1.316187e+01,3.451952e-01,-3.369451e+00,-1.007446e+00,3.077618e-01
1.033743e+01,1.956735e+01,-3.709115e+00,-4.193832e+00,-2.046090e+00,2.633686e-01
3.687042e+00,1.473686e+01,4.564602e+00,-4.395934e+00,-4.938038e+00,-6.803492e-01
-2.151220e+00,1.601117e+01,1.611211e+01,-4.221433e+00,-4.671942e+00,-9.713039e-01
-9.111712e+00,1.848920e+01,1.787928e+01,-1.892499e+00,-2.636000e+00,-8.545284e-01
-6.290539e+00,4.323471e+00,1.753274e+01,-1.073927e+00,-5.491139e-01,-4.696965e-01
4.191265e+00,9.833853e+00,9.489037e+00,-9.950105e-02,9.621343e-01,-5.211393e-01
1.995880e+00,8.714603e+00,1.093361e+01,1.113859e+00,1.127001e+00,-8.401359e-01
1.273480e+00,3.889437e+00,9.927926e+00,3.147348e+00,2.012980e+00,-5.884159e-01
3.183797e+00,1.273369e+00,8.353770e+00,4.003342e+00,2.433511e+00,-5.561011e-01
3.229338e+00,2.157478e-01,9.266490e+00,5.347354e+00,2.555899e+00,-5.405583e-01
3.003801e+00,-8.678032e-03,9.021075e+00,5.903203e+00,2.525629e+00,-4.163070e-01
4.859402e+00,9.922263e-01,1.069449e+01,7.176272e+00,2.143278e+00,-2.732331e-01
6.476292e+00,1.265452e+00,1.332720e+01,7.895458e+00,1.443103e+00,-1.610505e-01
7.728556e+00,3.073230e+00,1.113454e+01,8.220266e+00,4.205933e-01,-2.249040e-01
4.823733e+00,5.937437e+00,9.526540e+00,7.379881e+00,-4.552550e-01,-4.494153e-01
-1.371428e+01,1.594314e+00,5.637247e+00,4.432057e+00,1.829227e-01,-8.791444e-01
-1.855287e+01,-5.897959e+00,6.344866e+00,2.255051e+00,2.793031e+00,8.234781e-02
6.740840e+00,-1.007079e+01,2.871403e+00,-2.119489e+00,3.949316e+00,1.107473e+00
1.271652e+01,9.976954e-01,9.190054e+00,-4.376954e+00,2.531979e+00,4.146153e-01
3.569470e+01,3.941000e+01,-1.238926e+01,2.074158e-01,-1.322434e-01,7.263593e-01
-7.041809e+00,-6.595872e+00,4.759438e+00,-1.304605e+00,-4.553836e+00,-3.350923e+00
-1.149433e+01,8.696366e+00,2.019432e+01,-3.527399e+00,6.706058e-01,2.312045e-01
-7.355201e+00,2.025550e+01,1.244612e+01,-2.137905e+00,2.136300e+00,7.649293e-01
4.923771e+00,8.422181e+00,9.787129e+00,-1.262066e+00,1.896382e+00,4.969305e-01
5.239405e+00,8.493188e+00,5.805232e+00,-1.051022e+00,1.240104e+00,3.968133e-01
4.100132e+00,1.104540e+01,3.844401e+00,-9.264511e-01,3.411669e-03,-1.359673e-02
1.557398e+00,1.125658e+01,4.071237e+00,-8.554338e-01,-4.584866e-01,-2.206369e-01
3.357917e-01,9.736192e+00,1.972545e+00,-8.427915e-01,-5.941253e-01,-1.909551e-01
5.544506e-01,9.488901e+00,1.080110e+00,-8.929039e-01,-6.369190e-01,-2.034689e-01
-1.186012e+00,7.684108e+00,6.093454e-01,-1.085804e+00,-7.470340e-01,-2.976217e-01
-1.671600e+00,6.342659e+00,2.348708e-01,-1.243844e+00,-7.544164e-01,-3.469500e-01
-2.576141e+00,6.851019e+00,8.676761e-01,-1.634539e+00,-5.720768e-01,-3.210830e-01
-1.901585e+00,6.979975e+00,3.119851e+00,-1.747091e+00,-3.390751e-01,-2.722476e-01
2.292799e+00,8.434477e+00,3.605372e+00,-1.895222e+00,-2.147795e-01,-2.297372e-01
2.966675e+00,7.615622e+00,2.172031e+00,-2.045771e+00,-4.722974e-01,-2.555295e-01
3.382770e+00,7.979201e+00,2.052488e+00,-2.575472e+00,-1.056121e+00,-2.559022e-01
2.199360e+00,1.009875e+01,3.226155e+00,-2.835442e+00,-1.395296e+00,-2.829886e-01
-9.044323e-01,9.659633e+00,4.432910e+00,-3.039415e+00,-1.221681e+00,-2.532562e-02
6.475125e+00,9.354315e+00,2.150648e+00,-3.252955e+00,-9.382275e-01,1.425252e-01
2.241685e+01,1.882484e+01,-5.923018e+00,-4.638090e+00,-3.066400e+00,8.159161e-02
1.166931e+01,2.121192e+01,-1.543430e+00,-4.734645e+00,-6.148987e+00,-7.463903e-01
-1.723783e+01,2.156011e+01,2.357058e+01,-4.519392e+00,-4.863604e+00,-3.295373e-01
-1.772580e+01,1.965014e+01,2.138342e+01,-3.400567e+00,-2.316938e+00,7.540639e-01
-5.045417e+00,6.296043e+00,1.761309e+01,-1.194784e+00,2.602896e+00,1.495987e+00
8.532072e+00,3.073053e+00,1.555420e+01,-8.427209e-01,2.744250e+00,1.214458e+00
8.727450e+00,7.404672e+00,8.835389e+00,1.021769e+00,1.047998e+00,8.965385e-02
5.629312e+00,4.896173e+00,9.164727e+00,2.323469e+00,2.254074e-01,-3.707122e-01
1.798450e+00,-4.332258e-01,6.517640e+00,3.790273e+00,4.686617e-01,-8.104629e-01
4.986277e-01,-5.820898e-01,7.416286e+00,4.299696e+00,9.120462e-01,-1.050734e+00
1.000277e+00,1.077998e+00,8.887125e+00,5.543925e+00,1.678451e+00,-1.022990e+00
1.724049e+00,6.333710e-01,8.646572e+00,6.205322e+00,1.940233e+00,-9.958165e-01
3.950782e+00,1.677935e+00,1.162564e+01,7.192807e+00,2.001975e+00,-8.789206e-01
5.926305e+00,1.887169e+00,1.379442e+01,7.850269e+00,1.745665e+00,-7.152639e-01
8.717812e+00,5.828898e+00,1.100703e+01,7.917604e+00,2.933985e-01,-2.988805e-01
3.760966e+00,7.360152e+00,1.051172e+01,7.104267e+00,-7.924904e-01,-5.525923e-01
-1.756002e+01,-2.720840e+00,6.256282e+00,4.174367e+00,9.935360e-01,-2.490369e-01
-1.570050e+01,-9.352179e+00,3.307028e+00,1.923869e+00,3.509143e+00,6.320536e-01
7.949540e+00,-7.774062e+00,5.571263e+00,-2.805416e+00,4.860780e+00,1.289050e+00
1.476376e+01,2.266899e+01,3.792033e+00,-2.644130e+00,3.652324e+00,1.411966e+00
7.950833e+00,-5.023013e-01,3.685918e+00,-1.331377e+00,-2.202050e+00,-2.287233e+00
-2.512240e+00,-5.251690e+00,9.543720e+00,-2.927695e+00,-2.262066e+00,-1.402105e+00
-6.575496e+00,1.295399e+01,1.340259e+01,-2.747520e+00,-1.184914e+00,-3.552520e-01
-9.439130e+00,1.725713e+01,1.098764e+01,-2.025489e+00,-3.944899e-01,-4.182656e-01
-3.951335e+00,6.321391e+00,5.774727e+00,-1.049183e+00,1.641011e+00,4.649012e-01
-1.070337e+00,7.112262e+00,5.892959e+00,-1.054420e+00,2.084193e+00,6.108189e-01
6.626716e+00,1.145658e+01,2.970173e+00,-7.688956e-01,1.302103e+00,2.693208e-01
5.064401e+00,8.824727e+00,3.182526e+00,-8.351745e-01,2.470129e-01,-6.948839e-02
1.260219e+00,9.080584e+00,3.446484e+00,-8.019418e-01,-7.004703e-01,-3.622157e-01
-8.724683e-01,9.585152e+00,3.342684e+00,-7.942393e-01,-6.859637e-01,-3.729908e-01
-1.632240e+00,8.766318e+00,3.148795e-01,-8.691320e-01,-4.334358e-01,-2.896393e-01
-2.090924e+00,7.619186e+00,1.041537e-01,-1.010938e+00,-2.704066e-01,-2.540340e-01
-1.805225e+00,7.882388e+00,1.392931e+00,-1.347962e+00,1.985947e-01,-9.684528e-02
1.022182e+00,8.584972e+00,3.398596e+00,-1.460323e+00,4.222571e-01,-3.614848e-02
4.438407e+00,9.099621e+00,4.092428e+00,-1.642558e+00,-5.096638e-02,-1.553462e-01
3.813227e+00,8.824807e+00,3.141673e+00,-1.761557e+00,-5.329005e-01,-2.297493e-01
1.599797e+00,7.313353e+00,1.799289e+00,-2.171164e+00,-1.001122e+00,-2.153284e-01
1.391752e+00,9.828040e+00,2.201319e+00,-2.511875e+00,-1.215097e+00,-1.789789e-01
-1.727371e+00,9.677762e+00,5.089326e+00,-2.724239e+00,-1.335017e+00,-1.360765e-01
7.046455e-01,8.859395e+00,4.405626e+00,-2.894311e+00,-1.053823e+00,1.259715e-01
8.343495e+00,1.198898e+01,-1.070150e-02,-3.435805e+00,-1.554836e+00,1.966512e-01
9.528566e+00,1.797035e+01,-2.766804e+00,-3.890848e+00,-2.385171e+00,9.025080e-02
-7.765079e-01,1.652217e+01,4.007780e+00,-4.495547e+00,-4.978192e+00,-2.061779e-01
-8.479003e+00,1.917866e+01,1.494182e+01,-4.383979e+00,-4.404076e+00,-2.520528e-01
-1.401735e+01,2.150135e+01,1.826653e+01,-2.552746e+00,-1.184340e+00,5.608795e-01
-5.835731e+00,4.724979e+00,1.759187e+01,-1.359554e+00,1.280016e+00,9.825343e-01
8.946419e+00,8.998027e+00,9.815341e+00,-8.915453e-01,2.539191e+00,1.029489e+00
7.185803e+00,1.069972e+01,9.667938e+00,5.420588e-01,1.906173e+00,4.617340e-01
4.062119e+00,3.375551e+00,8.609936e+00,2.617020e+00,1.551120e+00,5.778637e-02
3.927533e+00,1.695361e+00,7.345132e+00,3.323092e+00,1.524254e+00,-2.789996e-02
2.724332e+00,2.764271e+00,8.487983e+00,4.479932e+00,1.530559e+00,-7.226811e-02
2.164327e+00,2.352293e+00,9.108226e+00,5.457835e+00,1.568136e+00,1.174778e-01
2.308167e+00,1.088738e+00,9.648667e+00,6.636195e+00,1.553058e+00,4.021312e-01
3.507936e+00,8.077523e-01,1.080573e+01,7.194804e+00,1.383332e+00,5.759212e-01
6.645234e+00,1.604464e+00,1.347569e+01,8.119182e+00,4.352605e-01,7.632851e-01
7.376697e+00,8.926238e-01,1.303484e+01,8.218495e+00,-2.684672e-01,4.513660e-01
-4.921186e+00,1.411456e+00,1.062629e+01,6.256881e+00,-8.134899e-01,6.834402e-02
-1.455657e+01,8.587168e-01,9.975739e+00,4.301100e+00,8.812325e-01,2.538078e-01
-5.510537e+00,-9.653960e+00,6.940738e+00,2.531279e-02,4.033394e+00,1.067391e+00
5.215494e+00,-2.972153e+00,6.760962e+00,-2.234559e+00,3.684457e+00,6.699542e-01
3.514326e+01,3.888600e+01,-3.472138e+00,-8.304195e-01,1.181856e+00,4.526828e-01
1.666512e+00,-1.330920e+00,5.745597e+00,-1.420812e+00,-2.395221e+00,-2.507120e+00
-1.303668e+00,-1.554040e+00,9.635289e+00,-2.832641e+00,-7.905650e-01,-4.500731e-01
-8.077726e+00,1.412964e+01,1.537479e+01,-2.797154e+00,-6.110986e-01,-4.588584e-01
-8.724805e+00,1.280321e+01,7.325132e+00,-1.181137e+00,1.337191e+00,1.596128e-01
-2.497064e+00,4.205079e+00,5.233644e+00,-1.071145e+00,2.360888e+00,6.773798e-01
6.422244e+00,1.114992e+01,3.728552e+00,-1.125405e+00,2.267750e+00,4.892962e-01
6.953192e+00,1.082711e+01,3.441337e+00,-9.980174e-01,1.297576e+00,1.609896e-01
3.949670e+00,8.247544e+00,3.630709e+00,-1.054110e+00,-2.652417e-01,-2.786818e-01
1.676597e+00,8.315474e+00,3.056056e+00,-1.055499e+00,-5.573490e-01,-3.895837e-01
-3.956955e-01,9.052738e+00,2.710439e+00,-1.126639e+00,-2.976025e-01,-3.846722e-01
8.853871e-01,8.725826e+00,2.050244e+00,-1.207036e+00,-2.860048e-01,-3.704864e-01
-9.995480e-01,8.005047e+00,2.242335e+00,-1.402827e+00,-4.886446e-01,-4.042001e-01
-1.715853e+00,8.128298e+00,3.580420e+00,-1.470564e+00,-2.403108e-01,-3.308556e-01
8.898104e-01,8.878256e+00,5.425596e+00,-1.531618e+00,8.504842e-02,-1.398468e-01
3.270717e+00,8.730545e+00,5.042179e+00,-1.543030e+00,-6.191734e-02,-1.622221e-01
2.411924e+00,7.732870e+00,2.659841e+00,-1.740037e+00,-6.081128e-01,-1.725027e-01
2.435754e+00,7.746257e+00,2.050745e+00,-2.032655e+00,-9.003383e-01,-1.597511e-01
2.006645e+00,1.020930e+01,1.609790e+00,-2.612958e+00,-1.456554e+00,-2.113742e-01
-3.985542e-01,9.313504e+00,2.759644e+00,-2.843850e+00,-1.570616e+00,-1.109695e-01
4.059260e+00,1.143495e+01,5.587285e-01,-3.434667e+00,-1.358709e+00,2.512609e-01
7.662522e+00,1.673549e+01,-2.665398e+00,-4.058621e+00,-2.040383e+00,3.202897e-01
-2.621377e-02,1.767996e+01,3.521363e+00,-4.620591e+00,-4.589782e+00,-6.015806e-02
-5.384737e+00,1.656416e+01,1.211663e+01,-4.596478e+00,-4.261321e+00,-4.521072e-02
-1.348631e+01,2.258122e+01,1.980031e+01,-2.765123e+00,-1.133531e+00,4.950887e-01
-7.013627e+00,7.480557e+00,1.902017e+01,-1.554628e+00,8.506925e-01,9.346750e-01
8.683309e+00,9.057807e+00,1.065982e+01,-7.711312e-01,2.472029e+00,1.151005e+00
7.306745e+00,9.932366e+00,1.034097e+01,9.412711e-01,1.921467e+00,4.694182e-01
4.319188e+00,1.912301e+00,1.028298e+01,2.975757e+00,1.465458e+00,6.861576e-03
4.389677e+00,8.316342e-01,7.578215e+00,3.660773e+00,1.463565e+00,-7.296524e-02
2.518087e+00,3.347257e-01,8.785640e+00,5.056611e+00,1.628716e+00,-3.822395e-01
2.055411e+00,-2.155206e-01,8.275137e+00,5.886485e+00,1.852468e+00,-3.023000e-01
3.259956e+00,1.599559e-01,9.617436e+00,6.923160e+00,1.940483e+00,-1.098805e-02
4.704389e+00,9.996750e-01,1.085907e+01,7.572168e+00,1.703325e+00,3.814940e-01
5.331830e+00,1.868123e+00,1.224950e+01,8.317754e+00,7.672860e-01,8.817282e-01
2.011586e+00,1.857921e+00,1.092728e+01,8.027327e+00,5.381528e-01,1.060767e+00
-1.377358e+01,7.620289e+00,1.020185e+01,5.980366e+00,2.159732e+00,1.860764e+00
-8.531821e+00,-6.882033e-01,1.234919e+01,4.608477e+00,4.906161e+00,2.421231e+00
1.503794e+01,-4.909485e+00,-1.494855e+00,9.480013e-01,4.783234e+00,1.689181e+00
2.347342e+01,-2.072718e+00,-2.362423e+00,-1.294445e+00,1.573194e+00,1.516289e-01
8.372956e+00,2.086568e+01,8.461737e-02,-3.541786e+00,-3.371204e+00,-2.015241e+00
1.207402e+01,3.771554e+01,-2.550520e+00,-1.894717e+00,-4.381102e+00,-1.919384e+00
-1.886955e+01,-2.720162e+00,1.207384e+01,-3.045420e+00,-1.410235e+00,-1.223339e+00
1.676480e+00,6.126789e+00,1.260978e+01,-3.379949e+00,1.596295e+00,3.891940e-02
-1.462716e+00,1.580358e+01,6.700842e+00,-2.467853e+00,1.552169e+00,3.501348e-01
-1.744757e+00,9.036610e+00,4.842975e+00,-1.794695e+00,1.139770e+00,-6.493909e-02
3.350846e+00,7.520441e+00,6.730118e+00,-1.732195e+00,-2.586060e-02,-1.642954e-01
-2.129666e+00,7.481507e+00,7.127522e+00,-1.579627e+00,-2.788397e-01,-5.444130e-02
-2.175832e+00,1.011711e+01,7.390858e+00,-1.326670e+00,5.465178e-01,2.510198e-01
1.439564e+00,9.212213e+00,6.673053e+00,-1.073603e+00,1.021996e+00,3.489445e-01
5.505013e+00,7.767622e+00,4.644910e+00,-9.625566e-01,1.028839e+00,2.366469e-01
7.054869e+00,8.914973e+00,4.214953e+00,-9.772539e-01,3.249870e-01,-1.192645e-02
1.552304e+00,7.476254e+00,3.433862e+00,-1.107116e+00,-7.634042e-01,-3.485267e-01
-1.667556e+00,8.644104e+00,3.662379e+00,-1.220995e+00,-8.502902e-01,-3.228578e-01
-3.840886e+00,8.472149e+00,4.142912e+00,-1.278132e+00,-1.925406e-01,-4.603784e-02
-8.023415e-01,7.638862e+00,4.498655e+00,-1.365318e+00,3.261714e-01,1.651045e-01
3.233082e+00,6.753736e+00,2.540654e+00,-1.622969e+00,1.163989e-01,2.350864e-01
3.574101e+00,6.959749e+00,7.248544e-01,-1.934394e+00,-2.975921e-01,2.406682e-01
1.972187e+00,9.405182e+00,-2.853448e-01,-2.606018e+00,-8.603964e-01,1.896190e-01
1.750601e+00,9.084135e+00,4.990973e-01,-3.076514e+00,-1.009964e+00,9.513445e-02
6.845976e+00,1.355996e+01,-1.041980e+00,-4.250422e+00,-1.707432e+00,1.816991e-01
1.206747e+01,3.102590e+01,8.488132e-01,-4.739814e+00,-3.130335e+00,4.885762e-01
-1.098214e+01,1.486950e+01,1.957861e+01,-3.568762e+00,-4.443260e+00,2.449364e-01
-1.340495e+01,1.421726e+01,1.944524e+01,-2.442959e+00,-1.939470e+00,8.087122e-01
-4.666514e+00,3.757960e-01,1.970575e+01,-9.407408e-01,1.526738e+00,1.693978e+00
2.848500e+00,4.578310e+00,1.141897e+01,-6.387343e-02,2.474479e+00,2.041980e+00
4.814965e+00,6.479371e+00,9.632502e+00,2.056231e+00,2.179435e+00,1.287992e+00
5.054323e+00,1.686988e+00,8.774935e+00,2.915739e+00,1.792561e+00,9.888448e-01
4.497745e+00,1.711638e+00,8.109024e+00,4.361565e+00,1.028160e+00,7.118576e-01
3.216743e+00,2.417367e+00,9.480052e+00,5.302972e+00,7.968304e-01,4.954214e-01
2.356792e+00,3.868369e-01,1.137983e+01,6.606943e+00,9.255034e-01,2.288253e-01
1.938679e+00,8.601970e-01,1.141148e+01,7.107882e+00,9.313645e-01,1.285098e-01
2.233703e+00,2.176181e+00,1.250758e+01,7.916737e+00,1.533166e+00,1.694118e-02
1.902061e+00,2.882788e+00,1.185609e+01,7.633849e+00,1.613995e+00,4.195994e-01
-1.506661e+00,4.821597e+00,1.058556e+01,6.027027e+00,2.020496e+00,8.713098e-01
-4.130900e+00,-1.360055e+00,6.728861e+00,4.931651e+00,2.515043e+00,6.616884e-01
-9.704216e-02,-7.114131e-01,2.069370e+00,1.904265e+00,3.482891e+00,6.670961e-01
8.708317e+00,-2.830442e+00,9.375185e-01,-1.030889e-01,2.773366e+00,4.824357e-01
1.370118e+01,-4.445706e+00,1.510111e+00,-3.573583e+00,-1.165533e-01,-5.332931e-01
-5.705341e+00,2.522395e+01,3.380958e+00,-3.391166e+00,-1.327419e+00,-9.546992e-01
-1.085013e+01,1.975099e+01,8.030800e+00,-2.234490e+00,9.638214e-01,-4.553433e-02
-7.785970e-01,1.122953e+01,1.163064e+01,-2.067624e+00,2.861220e+00,3.177776e-01
8.770282e+00,5.413453e+00,4.552616e+00,-1.846967e+00,2.124174e+00,5.019065e-01
6.720938e+00,1.058848e+01,7.493748e+00,-1.679066e+00,2.755806e-01,-3.894917e-02
-2.613628e+00,9.100836e+00,1.033968e+01,-1.004668e+00,-1.318484e+00,-1.574108e-01
-5.631937e+00,8.866127e+00,9.455991e+00,-6.015237e-01,-4.296296e-01,1.925283e-01
3.906196e-01,9.054790e+00,7.048679e+00,-4.470831e-02,1.300259e+00,6.641740e-01
3.793752e+00,9.026841e+00,5.398979e+00,6.727043e-02,1.537363e+00,7.275241e-01
6.282857e+00,8.580797e+00,3.600299e+00,1.345424e-01,7.784387e-01,5.470283e-01
4.233902e+00,7.898406e+00,3.283944e+00,9.291163e-02,1.835282e-01,3.837125e-01
4.006581e-01,8.575630e+00,3.143907e+00,2.110893e-03,4.316743e-02,3.906207e-01
-1.336198e+00,8.730738e+00,3.558301e+00,-4.019563e-02,3.358062e-01,5.141452e-01
-7.009456e-01,7.968983e+00,4.683002e+00,-5.149450e-02,1.027203e+00,7.868797e-01
1.025137e+00,7.666115e+00,4.530642e+00,-7.275925e-02,1.224637e+00,8.876765e-01
4.237943e+00,8.124794e+00,4.068631e+00,-8.200908e-02,8.810064e-01,8.284480e-01
3.764199e+00,8.418079e+00,4.070357e+00,-1.076949e-01,5.142174e-01,7.468324e-01
2.323365e+00,8.728290e+00,4.072538e+00,-1.421757e-01,2.210435e-01,7.026066e-01
1.926194e+00,8.784332e+00,4.242308e+00,-1.660366e-01,2.370464e-01,7.628664e-01
2.293960e+00,8.560702e+00,3.944636e+00,-2.276672e-01,3.085219e-01,8.840976e-01
2.308925e+00,8.765229e+00,3.597386e+00,-2.796967e-01,2.981188e-01,9.604731e-01
1.078168e+00,9.256295e+00,3.215936e+00,-3.911460e-01,3.114567e-01,1.153202e+00
6.411948e-01,9.530164e+00,2.490572e+00,-5.344414e-01,3.863553e-01,1.350694e+00
-8.164630e-01,1.184292e+01,-2.001547e-01,-9.439264e-01,1.453812e-01,1.812006e+00
-3.971666e+00,1.318247e+01,-1.375658e+00,-1.191270e+00,8.438998e-02,2.042863e+00
-5.596816e+00,1.333673e+01,6.084498e-01,-1.442535e+00,9.263922e-01,2.262217e+00
-4.781249e+00,1.268742e+01,2.496650e+00,-1.440159e+00,1.651052e+00,2.355158e+00
-3.535991e+00,1.046338e+01,9.621239e+00,-1.453936e+00,2.575883e+00,2.349933e+00
-1.273037e+00,5.706796e+00,1.470669e+01,-1.676403e+00,2.949827e+00,2.429194e+00
-1.585490e+00,1.065740e+01,1.195769e+01,-2.032686e+00,3.132636e+00,2.504848e+00
-2.044946e+00,1.074169e+01,1.219054e+01,-1.168809e+00,3.492493e+00,2.348597e+00
2.985804e+00,8.049896e+00,9.579533e+00,2.613412e-01,3.627954e+00,2.089826e+00
5.003791e+00,7.364283e+00,9.195482e+00,1.138209e+00,3.065617e+00,1.694602e+00
6.317147e+00,5.741525e+00,7.772891e+00,2.277496e+00,1.698827e+00,1.219593e+00
3.768531e+00,5.109542e+00,7.860687e+00,3.034986e+00,7.539033e-01,9.126249e-01
5.900425e-02,3.907071e+00,9.391021e+00,4.229191e+00,3.670219e-01,4.979538e-01
-1.119014e+00,3.268610e+00,1.002377e+01,4.848127e+00,8.012823e-01,3.722521e-01
-2.899228e-01,3.410294e+00,1.189941e+01,5.774874e+00,1.832883e+00,2.251983e-01
5.753907e-01,2.813848e+00,1.204960e+01,6.212071e+00,2.426353e+00,2.139945e-01
9.007117e-01,2.912687e+00,1.269147e+01,6.130673e+00,2.830440e+00,5.736644e-01
-3.361602e+00,2.714497e+00,9.664726e+00,5.195342e+00,3.018259e+00,7.207734e-01
1.054876e+00,-1.307853e+01,1.011246e+01,1.140765e+00,3.616191e+00,1.530534e+00
1.450469e+00,-1.154211e+01,1.218619e+01,-2.646164e+00,3.554535e+00,9.869331e-01
1.554059e+01,2.987686e+01,3.882210e+00,-1.542570e+00,1.266239e+00,2.348944e-01
2.131372e+00,1.463418e+00,1.064925e+01,-1.331532e+00,-7.506001e-01,-1.484358e+00
6.904245e-01,1.169002e+01,6.599858e+00,-1.729681e+00,-4.632195e-01,-1.363403e-01
-8.868189e+00,8.271604e+00,1.101205e+01,-1.246829e+00,1.764296e-01,-3.857678e-01
5.310116e-02,9.738830e+00,8.348311e+00,-8.814067e-01,1.895084e+00,3.683054e-01
4.522076e+00,6.767489e+00,7.052679e+00,-7.108914e-01,1.551585e+00,2.868131e-01
3.782747e+00,9.555096e+00,7.238036e+00,-6.102852e-01,5.931622e-01,1.802684e-01
4.002896e+00,8.897009e+00,7.037807e+00,-4.641826e-01,1.371595e-01,2.123432e-02
4.605319e+00,8.763828e+00,5.427450e+00,-3.951624e-01,-3.503770e-01,-1.649060e-01
4.024571e+00,9.933202e+00,4.260000e+00,-2.983804e-01,-6.680529e-01,-3.523873e-01
4.724544e-01,8.490592e+00,3.860818e+00,-3.075400e-01,-1.018039e+00,-5.578091e-01
-1.006828e+00,8.044272e+00,3.761886e+00,-4.043812e-01,-1.051087e+00,-4.806405e-01
-2.975235e+00,6.955235e+00,3.890713e+00,-5.489737e-01,-6.462301e-01,-2.364971e-01
-2.204726e+00,7.015822e+00,4.106102e+00,-6.305706e-01,-2.560310e-01,-9.752253e-02
-1.956864e+00,6.221636e+00,4.518466e+00,-6.904960e-01,1.637748e-01,-5.442653e-03
-1.602489e+00,6.227554e+00,4.603927e+00,-7.900960e-01,3.355369e-01,4.503844e-02
-1.836275e+00,6.893934e+00,5.759530e+00,-8.218075e-01,6.031414e-01,1.442373e-01
-1.097143e+00,8.068083e+00,6.065695e+00,-8.340153e-01,8.554604e-01,2.346788e-01
2.007942e+00,8.391149e+00,5.293485e+00,-8.203804e-01,1.185181e+00,2.802556e-01
3.154607e+00,9.183033e+00,5.117416e+00,-8.581498e-01,9.914153e-01,2.859809e-01
2.748298e+00,9.651232e+00,5.020622e+00,-9.875049e-01,6.393877e-01,2.588006e-01
3.525408e+00,9.945785e+00,3.944215e+00,-1.117918e+00,3.745078e-01,2.120016e-01
4.023657e+00,1.078716e+01,2.967955e+00,-1.454301e+00,-4.322517e-01,7.012096e-02
4.186588e+00,1.147727e+01,2.070166e+00,-1.722098e+00,-9.913046e-01,-1.875780e-02
5.715755e+00,1.148123e+01,-1.773837e+00,-2.310033e+00,-1.736580e+00,-1.200140e-01
5.122068e+00,1.276918e+01,-2.743538e+00,-2.691356e+00,-2.216890e+00,-2.382440e-01
1.018365e+00,1.404004e+01,1.587041e+00,-3.624043e+00,-3.069551e+00,-6.119127e-01
-3.152293e+00,1.965567e+01,8.957914e+00,-4.070638e+00,-3.182027e+00,-6.257772e-01
-9.928231e+00,2.198595e+01,1.500433e+01,-2.461106e+00,-1.770759e+00,1.953015e-01
-9.435978e+00,1.158184e+01,1.645402e+01,-1.172797e+00,3.969493e-02,6.467915e-01
7.878821e-01,9.102810e+00,1.271240e+01,-1.030580e+00,2.117062e+00,6.992805e-01
3.938900e+00,1.099561e+01,1.143295e+01,2.131793e-01,2.143769e+00,6.333670e-01
5.734487e+00,5.822351e+00,8.705045e+00,2.080978e+00,1.134882e+00,6.242000e-01
4.680381e+00,4.328000e+00,7.659848e+00,3.079617e+00,3.041669e-01,3.150182e-01
2.485398e+00,1.741100e+00,7.887649e+00,4.188658e+00,-1.732872e-01,-1.172494e-01
1.883410e+00,1.901390e+00,7.800387e+00,4.780310e+00,-2.523356e-01,-2.048838e-01
1.077517e+00,1.793351e+00,8.477485e+00,5.835518e+00,-1.794191e-01,-5.074837e-01
2.989890e-02,9.542816e-01,9.595682e+00,6.402425e+00,1.122055e-01,-7.278971e-01
7.775031e-01,1.263337e+00,1.293729e+01,7.077634e+00,7.995181e-01,-7.509399e-01
2.220061e+00,3.296349e+00,1.225817e+01,7.300354e+00,9.922999e-01,-5.569484e-01
1.100361e+00,2.037556e+00,9.735202e+00,6.219228e+00,8.448777e-01,-3.151118e-01
-1.381599e+00,7.601822e-01,7.635251e+00,4.447451e+00,7.446094e-01,-3.491099e-01
-4.459825e+00,-1.031868e+01,5.239405e+00,5.264189e-01,1.508275e+00,2.667671e-02
1.930088e+00,1.495448e+00,1.868083e+00,-2.520083e+00,1.863625e+00,4.183115e-01
2.113747e+01,3.282629e+01,2.474764e+00,-3.377696e+00,1.446046e+00,1.117407e+00
-1.331462e+00,-1.848022e+00,1.251670e+01,-2.675250e+00,-7.512322e-03,-1.776708e+00
7.833969e+00,-4.749704e+00,1.351687e+01,-3.100171e+00,6.901445e-01,-2.537167e-01
6.473152e+00,1.401612e+01,1.298966e+01,-3.019238e+00,-5.668262e-01,2.705181e-01
-1.089241e+01,1.422924e+01,9.487276e+00,-1.164665e+00,-7.290552e-01,-5.557175e-01
-8.803189e+00,5.939677e+00,9.294401e+00,-9.581927e-01,1.083958e+00,2.493530e-01
2.529327e+00,9.667537e+00,7.174034e+00,-5.725341e-01,2.366292e+00,7.017309e-01
9.343308e+00,1.186762e+01,5.482754e+00,-4.224194e-01,1.677820e+00,5.091876e-01
5.458762e+00,8.030346e+00,2.645780e+00,-3.722151e-01,1.599432e-02,-3.213028e-03
3.549353e+00,8.272897e+00,2.604052e+00,-4.821905e-01,-8.050273e-01,-3.075014e-01
-1.547672e+00,1.087592e+01,3.332179e+00,-5.769769e-01,-1.167271e+00,-4.760857e-01
-3.771979e+00,8.819823e+00,2.321272e+00,-6.435697e-01,-9.138170e-01,-4.086074e-01
-2.027655e+00,8.616331e+00,2.513463e+00,-8.851505e-01,-3.534379e-01,-2.130153e-01
1.853810e-01,8.841704e+00,3.296682e+00,-9.468283e-01,-2.035781e-01,-1.739061e-01
2.611881e+00,7.497431e+00,3.485183e+00,-1.123337e+00,-4.484859e-01,-1.699713e-01
2.017891e+00,7.804530e+00,2.810158e+00,-1.339168e+00,-6.662325e-01,-1.109783e-01
1.266981e+00,9.395029e+00,-9.044186e-01,-1.798908e+00,-7.562246e-01,3.467844e-02
2.901813e+00,1.045382e+01,-2.868906e+00,-2.237911e+00,-9.157587e-01,3.314808e-02
3.938218e+00,1.066931e+01,-1.743660e+00,-3.053578e+00,-1.417257e+00,-8.120961e-03
5.120487e+00,1.154236e+01,-2.952360e-01,-3.537918e+00,-1.659229e+00,1.198887e-01
7.632308e+00,1.779955e+01,-5.291931e+00,-4.353052e+00,-3.140243e+00,2.916296e-01
-3.337896e-01,1.708165e+01,4.430707e+00,-4.749736e+00,-4.539609e+00,-2.005485e-01
-1.567442e+01,2.749795e+01,1.992636e+01,-4.330657e+00,-3.030194e+00,-7.089814e-03
-1.458809e+01,1.107624e+01,2.228752e+01,-2.447113e+00,-4.142144e-01,7.489853e-01
-9.038593e-01,5.131240e+00,1.827663e+01,-1.946703e+00,3.431578e+00,1.475899e+00
5.847695e+00,1.218395e+01,1.471962e+01,-5.848836e-01,3.647228e+00,1.471149e+00
7.834433e+00,5.196638e+00,1.068701e+01,1.912576e+00,2.188799e+00,1.120479e+00
6.769494e+00,3.075492e+00,8.820706e+00,3.082932e+00,1.103873e+00,7.896988e-01
3.518316e+00,-8.153364e-01,8.201349e+00,4.344467e+00,3.998728e-01,-5.863397e-02
2.284446e+00,-1.108891e+00,7.171112e+00,4.925077e+00,3.429012e-01,-3.014382e-01
2.506146e+00,4.702365e-01,7.441798e+00,5.722837e+00,3.210987e-01,-5.223654e-01
2.298302e+00,7.069812e-01,8.437169e+00,6.439064e+00,2.511111e-01,-7.383012e-01
2.097788e+00,1.032278e+00,1.183391e+01,7.434123e+00,4.885897e-01,-9.653681e-01
2.756128e+00,1.962732e+00,1.282521e+01,7.777435e+00,7.383500e-01,-9.628757e-01
3.348174e+00,3.089352e+00,1.039199e+01,7.191785e+00,8.462763e-01,-5.594037e-01
-1.687143e+00,6.634414e+00,9.722662e+00,5.928582e+00,1.615468e-01,-2.506498e-01
-7.965805e+00,-4.928257e+00,5.207933e+00,3.145992e+00,9.734128e-01,2.487543e-01
-1.370228e+00,-1.142886e+01,2.678661e+00,2.363719e-01,2.032299e+00,6.138770e-01
1.008956e+01,2.283044e+01,-4.985039e-01,-3.456064e+00,1.975413e+00,5.525340e-01
2.056857e+01,2.832261e+01,-2.831946e+00,-2.316688e+00,1.101912e+00,1.254730e+00
-7.762873e+00,-6.196428e+00,1.512568e+01,-3.093441e+00,-1.423397e+00,-1.572681e+00
3.172160e+00,-1.901072e+00,1.468496e+01,-3.355251e+00,2.128233e-01,-2.274299e-01
1.067701e+00,1.677788e+01,1.084187e+01,-2.326273e+00,-6.101853e-01,-2.849444e-01
-6.957416e+00,1.287669e+01,7.939828e+00,-1.604688e+00,-5.340544e-01,-3.791471e-01
-2.788913e+00,8.454516e+00,6.712745e+00,-1.303577e+00,1.161019e+00,5.127489e-01
1.369500e+00,9.815735e+00,4.949822e+00,-9.837967e-01,1.315788e+00,4.546765e-01
4.397717e+00,1.041189e+01,5.283873e+00,-9.994963e-01,2.544947e-01,1.230482e-01
3.373219e+00,8.812378e+00,4.657622e+00,-8.641793e-01,-2.739208e-01,-1.456556e-02
9.301024e-01,1.033617e+01,4.280990e+00,-7.185953e-01,-7.217790e-01,-2.049476e-01
-1.255078e+00,1.020814e+01,4.020581e+00,-5.970035e-01,-7.441026e-01,-2.369080e-01
-2.107029e+00,8.173180e+00,1.413305e+00,-7.256406e-01,-5.302275e-01,-1.887230e-01
-2.121119e+00,8.159182e+00,1.613242e+00,-8.474705e-01,-4.527111e-01,-1.364329e-01
-1.288504e+00,8.805430e+00,3.921326e+00,-9.840817e-01,-1.416959e-01,-7.148798e-02
3.243095e+00,8.608053e+00,3.904986e+00,-1.062168e+00,-1.052393e-01,-3.700020e-02
3.049189e+00,8.832320e+00,9.083855e-01,-1.353242e+00,-6.268722e-01,5.235797e-02
2.792583e-01,8.440170e+00,-9.990348e-01,-1.661903e+00,-8.195281e-01,1.535723e-01
2.813622e+00,1.053467e+01,-2.273356e+00,-2.358970e+00,-9.845056e-01,1.337125e-01
3.235075e+00,1.108250e+01,-1.561355e+00,-2.918406e+00,-1.497380e+00,5.554143e-02
1.514160e+00,1.171092e+01,1.531505e+00,-3.511879e+00,-1.745789e+00,2.359620e-01
4.148432e+00,1.423817e+01,-1.715251e+00,-3.767988e+00,-1.840274e+00,2.860456e-01
-7.998465e-01,1.426786e+01,1.966179e+00,-4.242391e+00,-3.431099e+00,-1.170784e-01
-3.561436e-01,1.519726e+01,9.194221e+00,-4.407891e+00,-3.585900e+00,-2.880176e-01
-7.285320e+00,2.420188e+01,1.801413e+01,-3.146321e+00,-2.436545e+00,-6.759544e-01
-6.531534e+00,1.213095e+01,1.849552e+01,-1.596108e+00,-7.068847e-01,-4.229640e-01
3.718096e+00,7.619419e+00,1.119619e+01,-1.207366e+00,1.304504e+00,-2.834613e-01
3.457130e+00,9.851217e+00,1.180878e+01,1.267461e-02,1.480074e+00,-4.990810e-01
2.335096e+00,4.524713e+00,9.139121e+00,2.160023e+00,2.009382e+00,-1.110954e+00
3.235250e+00,2.613565e+00,9.254746e+00,3.245425e+00,2.462898e+00,-1.426425e+00
5.462602e+00,3.298680e+00,7.560855e+00,4.537127e+00,2.397430e+00,-1.425645e+00
6.088561e+00,3.150726e+00,8.108354e+00,5.215163e+00,2.204246e+00,-1.364062e+00
7.883187e+00,3.358433e+00,8.570856e+00,6.286094e+00,1.427444e+00,-1.219610e+00
8.172440e+00,2.344857e+00,1.108086e+01,6.834094e+00,6.603525e-01,-1.278751e+00
8.550540e+00,4.627567e+00,1.022027e+01,7.137727e+00,-3.104954e-01,-1.140207e+00
8.315684e+00,4.027342e+00,1.119211e+01,7.013515e+00,-9.492867e-01,-1.232596e+00
-1.482257e+00,1.449514e+00,8.489514e+00,5.393861e+00,-1.816252e+00,-1.228416e+00
-8.050605e+00,-2.766826e+00,6.893562e+00,3.112506e+00,-5.148561e-01,-6.187115e-01
-1.919748e+00,-7.890245e+00,6.612295e+00,-1.092157e+00,1.679306e+00,8.253949e-01
4.152845e+00,2.106479e+01,-1.140629e+00,-2.890972e+00,2.054730e+00,1.256425e+00
7.352216e-01,1.254270e+01,5.307806e+00,-2.416285e+00,3.137435e-01,7.621878e-02
-4.828950e+00,-2.879409e+00,1.299915e+01,-3.316960e+00,1.376482e-01,-5.165584e-01
5.656827e+00,3.245340e+00,1.248530e+01,-2.755922e+00,-6.731886e-01,1.991889e-01
-4.201061e+00,1.542808e+01,1.050984e+01,-2.058247e+00,-1.339583e+00,-4.036323e-02
-8.216948e+00,1.178825e+01,8.874988e+00,-1.359323e+00,1.680882e-01,3.507291e-01
-2.506122e+00,6.243378e+00,5.684917e+00,-1.023966e+00,1.598135e+00,7.501057e-01
7.150015e+00,1.079954e+01,4.940077e+00,-9.434877e-01,1.107895e+00,4.217234e-01
5.109517e+00,1.065361e+01,4.233855e+00,-8.781576e-01,2.315354e-01,2.065633e-01
-1.778749e-01,8.674229e+00,3.613251e+00,-7.633678e-01,-8.869427e-01,-1.155762e-01
-2.568634e+00,9.157626e+00,3.345252e+00,-7.893882e-01,-7.931687e-01,-5.742112e-02
-1.586013e+00,8.719493e+00,3.026935e+00,-7.892360e-01,-3.478825e-01,6.128427e-03
-1.137274e-01,8.351784e+00,2.480862e+00,-8.582497e-01,-2.584666e-01,1.577435e-02
1.229392e-01,8.484756e+00,2.884404e+00,-1.072932e+00,-5.603840e-01,-8.623953e-02
-4.661629e-01,8.124022e+00,3.735587e+00,-1.168834e+00,-6.188278e-01,-7.540592e-02
1.248714e+00,7.207714e+00,2.976381e+00,-1.388200e+00,-5.726236e-01,8.271233e-02
1.125556e+00,7.163335e+00,1.940925e+00,-1.578159e+00,-5.923880e-01,1.436650e-01
2.880483e+00,9.249400e+00,1.473404e+00,-2.079957e+00,-8.480689e-01,1.247633e-01
3.723503e+00,9.612117e+00,1.307591e+00,-2.474883e+00,-1.401512e+00,2.616374e-02
6.893599e-01,1.189957e+01,1.988672e+00,-3.111095e+00,-1.974964e+00,3.319247e-02
1.663353e+00,1.413219e+01,6.597527e-01,-3.437064e+00,-1.928029e+00,9.729005e-02
5.918115e+00,2.271433e+01,-2.298562e+00,-4.281657e+00,-2.293470e+00,1.496525e-01
2.500587e+00,1.648850e+01,7.028032e+00,-4.342840e+00,-3.436861e+00,-2.806296e-01
-2.172054e+00,1.467193e+01,1.777988e+01,-3.505723e+00,-2.972540e+00,-1.344055e+00
-4.107168e+00,1.344162e+01,1.933753e+01,-2.588333e+00,-2.135682e+00,-1.598468e+00
5.486362e+00,4.299502e+00,1.129285e+01,-1.084605e+00,1.970883e-02,-1.219669e+00
6.664884e+00,7.258486e+00,6.817269e+00,-8.554263e-02,2.696953e-01,-1.831881e+00
-1.714201e-01,3.505720e+00,8.511499e+00,1.503965e+00,7.783542e-01,-2.374743e+00
1.128129e+00,4.436137e+00,6.627694e+00,2.269203e+00,1.670571e+00,-2.231359e+00
4.057803e+00,3.291869e+00,7.472873e+00,3.584739e+00,2.830838e+00,-2.314103e+00
7.381654e+00,4.233751e+00,7.196176e+00,4.351186e+00,3.158190e+00,-2.023271e+00
1.345594e+01,4.569096e+00,7.247420e+00,5.515707e+00,1.823673e+00,-1.762569e+00
1.430809e+01,3.418659e+00,7.818034e+00,6.028922e+00,6.027516e-02,-1.749382e+00
1.144236e+01,2.237609e+00,1.002721e+01,6.287559e+00,-2.324307e+00,-2.105593e+00
6.737427e+00,3.607910e+00,1.093550e+01,6.257902e+00,-3.180087e+00,-2.445952e+00
4.859893e-01,2.884197e+00,1.076038e+01,5.683847e+00,-3.653367e+00,-2.682922e+00
-5.054895e+00,3.517868e+00,6.424534e+00,4.380800e+00,-3.154843e+00,-1.879210e+00
-7.232768e+00,-6.487001e+00,1.281225e+00,1.408723e+00,-1.279400e+00,-3.825915e-01
-5.582378e+00,-4.865025e+00,5.155813e+00,-6.258454e-01,2.161886e-01,5.704075e-01
3.971757e+00,1.100797e+01,7.456451e+00,-2.399141e+00,1.807031e+00,1.708601e+00
1.460048e+01,3.933622e+01,-5.644451e+00,-6.602060e-01,1.214867e+00,1.083535e+00
-1.559961e+00,-3.711951e+00,4.622696e-01,-9.494550e-02,-2.475707e+00,-5.912711e-01
-2.768584e+01,-4.356951e+00,9.055777e+00,-3.334475e+00,-6.366800e-01,-2.414024e-01
1.118756e+01,1.391266e+01,8.615594e+00,-1.908871e+00,2.987098e+00,1.268446e+00
7.725251e+00,3.158383e+00,4.564227e+00,-1.643656e+00,1.952415e+00,2.560103e-01
8.038679e+00,1.225217e+01,5.768456e+00,-2.011681e+00,3.589761e-02,2.360564e-01
1.240817e+00,9.628438e+00,3.773160e+00,-1.545045e+00,-1.814727e+00,-5.761749e-01
-6.765841e+00,7.817918e+00,7.812757e+00,-1.478461e+00,-1.820624e+00,-4.344956e-01
-6.560707e+00,9.894409e+00,7.493127e+00,-1.323296e+00,-6.976531e-01,-4.280510e-02
5.643602e-02,8.099042e+00,4.370961e+00,-1.019014e+00,2.395805e-01,2.209410e-01
2.044228e+00,7.448378e+00,3.143355e+00,-1.040123e+00,-1.888651e-02,2.053091e-01
2.267820e+00,8.276332e+00,2.814671e+00,-1.244746e+00,-8.862875e-01,-1.057683e-01
-9.317591e-03,8.016800e+00,3.829558e+00,-1.356395e+00,-1.288837e+00,-2.645730e-01
-1.478133e+00,7.398356e+00,5.199467e+00,-1.503368e+00,-1.480974e+00,-2.856921e-01
-1.230661e+00,7.247005e+00,5.420762e+00,-1.550669e+00,-1.331281e+00,-1.918980e-01
1.379316e+00,7.224589e+00,4.509247e+00,-1.644451e+00,-1.223311e+00,-1.576735e-01
1.029459e+00,6.831446e+00,4.676556e+00,-1.718660e+00,-1.444170e+00,-2.436734e-01
-6.599224e-01,6.283359e+00,5.557890e+00,-1.914877e+00,-1.751545e+00,-2.283619e-01
2.622256e-01,6.841489e+00,5.697880e+00,-2.079704e+00,-1.600518e+00,-5.155744e-02
-2.281742e-01,7.160004e+00,5.746365e+00,-2.316973e+00,-1.392562e+00,2.552363e-01
-1.760052e-01,7.017939e+00,5.481705e+00,-2.493224e+00,-1.190493e+00,5.346803e-01
2.472817e+00,8.749711e+00,3.094390e+00,-2.997122e+00,-1.206746e+00,6.873053e-01
5.266412e+00,9.325204e+00,1.988701e-01,-3.397172e+00,-1.447728e+00,6.247572e-01
4.043300e+00,1.504976e+01,-3.620333e-02,-4.826587e+00,-2.709547e+00,3.359411e-01
-1.862907e+00,2.639922e+01,7.845725e+00,-5.593452e+00,-3.611375e+00,2.403231e-01
-8.687780e+00,1.387321e+01,1.649323e+01,-4.986145e+00,-3.151505e+00,3.481163e-01
-8.815189e+00,1.239899e+01,2.015047e+01,-4.516842e+00,-1.603958e+00,4.431883e-01
2.425001e+00,1.036829e+01,1.966707e+01,-1.933406e+00,1.443170e+00,7.488171e-02
9.709440e+00,1.359102e+01,1.422832e+01,4.626511e-01,2.235930e+00,-4.755032e-01
5.763254e+00,3.488851e+00,1.346144e+01,3.551437e+00,1.854804e+00,-1.505332e+00
5.207369e+00,3.558943e+00,1.196520e+01,4.979077e+00,2.033920e+00,-1.494821e+00
3.630529e+00,1.774932e+00,1.356493e+01,6.979872e+00,3.052811e+00,-1.753368e+00
4.615717e+00,1.610000e+00,1.433986e+01,7.925616e+00,3.617115e+00,-1.550888e+00
9.568424e+00,2.974824e+00,1.488235e+01,9.093155e+00,3.379820e+00,-7.437618e-01
1.330458e+01,3.252650e+00,1.604078e+01,9.801337e+00,2.035572e+00,-9.430041e-02
1.576871e+01,5.677821e+00,1.140010e+01,9.525706e+00,-1.154271e+00,-6.733884e-02
2.167104e+00,-1.537528e+00,8.393450e+00,8.710830e+00,-2.195641e+00,-8.788406e-01
-1.999704e+01,-9.426904e+00,6.129637e+00,4.765563e+00,-7.396308e-02,-8.129930e-01
-1.397581e+01,-1.516652e+01,5.139427e+00,1.794469e+00,3.088061e+00,6.976352e-01
8.003653e+00,-1.388827e+00,4.701311e+00,-2.365021e+00,4.271120e+00,1.633826e+00
3.404049e+01,3.904576e+01,-3.775134e-01,-3.095589e+00,2.993844e+00,1.153350e+00
-6.526864e+00,-7.236306e+00,1.709461e+01,-4.039385e+00,-1.993878e+00,-2.240793e+00
2.360087e+00,-1.050266e+01,2.134495e+01,-4.342262e+00,-1.059530e-01,-6.924389e-01
-2.348497e+00,1.772532e+01,1.268439e+01,-2.448429e+00,-2.014965e-01,7.744903e-01
-1.301597e+01,1.409436e+01,1.619270e+01,-1.576561e+00,3.546505e-01,-4.533103e-01
2.929535e+00,8.416524e+00,6.768736e+00,-8.421032e-01,2.020294e+00,7.786420e-01
8.946468e+00,7.299546e+00,6.224128e+00,-7.551366e-01,1.482027e+00,2.451527e-01
8.654872e+00,1.349810e+01,4.693579e+00,-8.160919e-01,-8.185663e-01,-2.618659e-02
5.447709e-01,1.022239e+01,4.162094e+00,-6.741388e-01,-1.794728e+00,-4.690323e-01
-3.934804e+00,8.925273e+00,3.130545e+00,-6.767807e-01,-1.454976e+00,-4.075948e-01
-3.819203e+00,8.181091e+00,2.673658e+00,-6.775294e-01,-1.039029e+00,-3.099809e-01
-8.038691e-01,7.017564e+00,1.169076e+00,-9.231673e-01,-6.751520e-01,-1.539911e-01
-2.088194e-01,6.650464e+00,1.920464e+00,-1.117903e+00,-7.853610e-01,-2.345883e-01
-2.068302e+00,7.135283e+00,3.435943e+00,-1.280269e+00,-8.489896e-01,-2.623992e-01
-5.550187e-01,6.160696e+00,2.791404e+00,-1.393190e+00,-5.827646e-01,-1.799215e-01
3.341770e+00,8.440211e+00,7.944666e-01,-1.815522e+00,-5.238493e-01,-3.444444e-02
4.657094e+00,9.673528e+00,7.334964e-01,-2.175928e+00,-8.923014e-01,-6.476151e-02
1.481784e+00,1.009520e+01,2.636299e+00,-2.681316e+00,-1.363720e+00,-5.478072e-03
4.576292e+00,1.115717e+01,1.541091e+00,-2.950886e+00,-1.268450e+00,1.523598e-01
7.894242e+00,1.291962e+01,-2.473987e+00,-3.537636e+00,-1.935917e+00,1.616368e-01
3.292858e+00,1.693660e+01,-1.141234e+00,-3.962317e+00,-3.029813e+00,-6.344527e-02
-8.615222e+00,1.892392e+01,1.252212e+01,-4.558388e+00,-3.692185e+00,-9.973299e-02
-8.928992e+00,2.465754e+01,1.693502e+01,-4.183933e+00,-2.572567e+00,3.042134e-01
-8.121597e+00,1.365603e+01,1.614464e+01,-1.333812e+00,-3.170336e-01,4.928498e-01
3.377659e+00,3.721731e+00,1.423451e+01,-6.000811e-01,1.392857e+00,6.014712e-01
7.449116e+00,9.287060e+00,8.454811e+00,9.987815e-01,1.007733e+00,1.941582e-01
3.439872e+00,4.679547e+00,1.032825e+01,2.376116e+00,5.096591e-01,-3.384986e-01
1.730896e+00,2.377714e+00,8.067623e+00,3.733663e+00,5.764617e-01,-5.697090e-01
2.066935e+00,1.965436e+00,8.462887e+00,4.707574e+00,9.892644e-01,-8.787239e-01
2.914257e+00,1.693153e+00,9.284257e+00,5.844663e+00,1.393684e+00,-1.018445e+00
4.217983e+00,2.503346e+00,9.942903e+00,6.334639e+00,1.455688e+00,-1.031725e+00
5.012242e+00,3.238448e+00,1.201802e+01,7.454029e+00,1.145503e+00,-1.127761e+00
5.219971e+00,5.205350e+00,1.263602e+01,7.896245e+00,7.600273e-01,-1.057667e+00
3.245775e+00,8.887069e+00,1.019664e+01,7.489681e+00,3.632669e-01,-9.133823e-01
-4.176579e+00,4.133155e+00,6.584235e+00,6.441060e+00,1.584983e-02,-8.336210e-01
-1.537463e+01,-4.998648e+00,8.612611e+00,3.259003e+00,2.309219e+00,-3.138131e-01
2.128553e+00,-9.856749e+00,1.576038e+00,2.944525e-01,3.808370e+00,6.453705e-01
1.520497e+01,1.693335e+01,4.532909e-01,-2.919006e+00,2.688198e+00,6.867994e-01
3.566691e+01,3.243866e+01,-4.727919e+00,-2.325784e+00,1.896336e+00,1.147226e+00
-1.710776e+00,-1.621588e+00,1.362425e+01,-3.597936e+00,-1.760893e+00,-1.150090e+00
-1.083793e+01,3.188466e-02,1.770555e+01,-3.703326e+00,-1.359855e+00,-7.353306e-01
-3.222399e+00,2.073784e+01,1.385248e+01,-2.184624e+00,4.751706e-01,3.576122e-01
-2.054612e-01,9.596382e+00,7.114053e+00,-1.121470e+00,1.091061e+00,2.484271e-01
-6.559109e-01,6.957775e+00,6.755721e+00,-1.142853e+00,1.856225e+00,6.464896e-01
5.684333e+00,1.160838e+01,4.655674e+00,-9.221447e-01,2.132727e+00,6.549736e-01
5.056290e+00,9.698675e+00,3.744277e+00,-8.721972e-01,-4.817823e-02,-9.053870e-02
1.609528e+00,8.702071e+00,4.041167e+00,-8.464426e-01,-7.098839e-01,-2.166217e-01
3.651163e-01,1.074685e+01,2.654884e+00,-8.308498e-01,-5.819161e-01,-1.793059e-01
1.171462e+00,1.007219e+01,5.434130e-01,-8.824000e-01,-6.394761e-01,-1.969083e-01
-1.245920e+00,8.021058e+00,-4.299457e-01,-1.187787e+00,-9.756683e-01,-2.797744e-01
-3.970573e+00,6.928814e+00,8.575518e-01,-1.400842e+00,-8.973688e-01,-2.254171e-01
-2.427143e-01,8.374501e+00,4.245429e+00,-1.677288e+00,-1.497372e-01,3.007167e-02
2.670128e+00,8.981614e+00,4.964085e+00,-1.731074e+00,3.633934e-02,1.228047e-01
2.362319e+00,8.081101e+00,1.920846e+00,-1.928326e+00,-3.135279e-01,2.334972e-01
8.722736e-01,8.536184e+00,4.277324e-02,-2.166798e+00,-4.313300e-01,2.912029e-01
4.230205e+00,9.237888e+00,-4.943102e-01,-2.788915e+00,-7.018720e-01,2.286532e-01
3.601992e+00,8.843984e+00,2.649900e-01,-3.280156e+00,-1.237560e+00,2.363482e-01
7.530000e+00,1.360981e+01,-1.725554e+00,-3.952722e+00,-1.792623e+00,3.582991e-01
4.651262e+00,1.913463e+01,-2.619262e+00,-4.337245e+00,-2.662710e+00,3.331875e-01
-7.938565e+00,1.754856e+01,1.185356e+01,-4.652689e+00,-4.241872e+00,3.262321e-02
-1.191673e+01,2.706731e+01,1.832314e+01,-4.329893e+00,-2.475291e+00,3.581998e-01
-5.065682e+00,6.954108e+00,1.855685e+01,-1.251855e+00,1.035310e+00,9.165994e-01
4.341840e+00,4.445280e+00,1.623986e+01,-8.517219e-01,2.535460e+00,9.119110e-01
1.046765e+01,1.032891e+01,9.815843e+00,1.019346e+00,1.818151e+00,3.218835e-01
7.416606e+00,5.603990e+00,1.023630e+01,2.351638e+00,1.035631e+00,-3.317730e-01
4.445668e+00,2.010200e+00,7.428326e+00,3.839864e+00,5.040159e-01,-6.578074e-01
3.962811e+00,1.518278e+00,7.270579e+00,4.642109e+00,8.595271e-01,-9.746146e-01
4.677450e+00,1.195737e+00,8.424697e+00,5.703739e+00,1.267712e+00,-1.162507e+00
4.834106e+00,2.691623e+00,9.403942e+00,6.229014e+00,1.270962e+00,-1.083997e+00
3.860000e+00,3.818780e+00,1.244451e+01,7.477428e+00,8.522203e-01,-6.418294e-01
3.658423e+00,5.045346e+00,1.378257e+01,7.934258e+00,6.194317e-01,-2.033637e-01
3.009758e+00,8.605054e+00,1.134768e+01,7.925453e+00,2.284790e-01,7.862025e-01
6.999303e-01,2.371418e+00,6.947525e+00,6.813354e+00,4.450333e-01,2.971847e-01
-9.842047e+00,-2.901524e+00,9.703221e+00,3.424963e+00,1.338640e+00,3.946227e-02
-3.527055e+00,-7.216310e+00,1.671965e+00,9.944547e-01,1.977013e+00,5.599981e-01
4.817273e+00,-4.966615e+00,8.479944e+00,-3.196671e+00,1.025741e+00,-6.491905e-02
3.146459e+00,2.027188e+01,5.797852e+00,-4.160542e+00,4.240002e-02,-2.780741e-01
9.862557e-01,8.603055e+00,5.154805e+00,-5.904660e-01,-1.839370e+00,-1.744229e+00
-1.134550e+01,-6.168000e+00,1.101619e+01,-2.301571e+00,-1.310334e+00,-1.147726e+00
-1.153930e+01,1.454821e+01,1.717796e+01,-3.271258e+00,1.650599e+00,5.173404e-01
-2.968473e+00,2.223078e+01,1.377424e+01,-2.314053e+00,2.539375e+00,-3.015165e-02
8.859030e+00,1.222149e+00,4.888612e+00,-1.071514e+00,1.358681e+00,2.979700e-01
4.343405e+00,9.679883e+00,4.399883e+00,-1.490157e+00,7.539256e-01,5.196011e-02
-1.218970e-01,1.181016e+01,3.650034e+00,-1.194888e+00,1.928706e-01,-1.358894e-01
-1.113366e+00,9.232538e+00,4.453909e+00,-1.205665e+00,-8.457422e-02,-2.419590e-01
-2.138320e+00,7.722570e+00,3.622657e+00,-1.063867e+00,2.786997e-01,-6.332780e-02
1.400211e+00,9.115181e+00,2.881443e+00,-1.130598e+00,7.194187e-01,1.366549e-01
5.449066e+00,9.399982e+00,1.410907e+00,-1.254927e+00,2.563149e-01,-9.988410e-02
2.734223e+00,9.460837e+00,2.333100e+00,-1.463478e+00,-7.148059e-01,-4.161197e-01
-1.812646e+00,8.784929e+00,4.379040e+00,-1.618192e+00,-1.077826e+00,-4.867979e-01
-8.335964e-02,8.729628e+00,4.746525e+00,-1.678324e+00,-5.871306e-01,-2.294430e-01
1.969092e+00,7.823108e+00,9.085538e-01,-1.896013e+00,-3.938973e-01,4.788152e-02
1.851286e+00,8.162902e+00,-4.280414e+00,-2.256705e+00,-5.941216e-01,1.031740e-01
2.214418e+00,8.444856e+00,-3.336747e+00,-3.201388e+00,-1.089653e+00,-2.621197e-02
5.791180e+00,1.007510e+01,3.237255e-02,-4.007766e+00,-1.309868e+00,2.733554e-02
1.456178e+01,1.569338e+01,-4.487744e+00,-5.009692e+00,-2.421300e+00,1.614866e-01
3.272372e+00,2.335275e+01,7.232566e+00,-5.166774e+00,-4.701949e+00,3.899105e-02
-1.821107e+01,1.746248e+01,1.949525e+01,-4.377224e+00,-4.928051e+00,-7.335451e-01
-1.679845e+01,1.854087e+01,1.874884e+01,-3.007669e+00,-1.571919e+00,2.093262e-01
1.033215e+00,3.630889e+00,1.885194e+01,-8.909070e-01,2.074194e+00,8.093089e-01
8.774136e+00,9.071721e+00,1.013276e+01,-1.601109e-01,2.598592e+00,5.203528e-01
8.418542e+00,6.875648e+00,1.112141e+01,2.116781e+00,1.807633e+00,-4.062636e-01
7.218085e+00,3.864338e+00,9.715093e+00,3.459159e+00,1.163686e+00,-6.399142e-01
4.605245e+00,1.908852e+00,8.814755e+00,4.860884e+00,8.070283e-01,-1.326408e+00
3.569029e+00,1.367876e+00,9.988282e+00,5.618781e+00,8.557266e-01,-1.649625e+00
3.112932e+00,2.121662e+00,9.765962e+00,6.506621e+00,1.087243e+00,-1.764535e+00
4.312184e+00,2.795119e+00,1.080102e+01,7.316218e+00,1.190691e+00,-1.809091e+00
7.376958e+00,4.715524e+00,1.141465e+01,7.877843e+00,3.383966e-01,-1.449733e+00
9.137109e+00,1.220069e+01,7.456844e+00,7.789862e+00,-5.914787e-01,-1.219490e+00
-7.656846e+00,3.486964e+00,7.274736e+00,6.466719e+00,-1.984516e+00,-1.869955e+00
-1.203504e+01,-5.536057e+00,2.793023e+00,5.000125e+00,-6.823070e-01,-1.296250e+00
-3.326135e+00,-1.245901e+01,-1.965264e+00,3.263869e-01,2.265434e+00,1.401127e-01
4.896072e+00,-5.188008e+00,8.214476e+00,-2.583121e+00,2.318325e+00,6.039772e-01
1.115840e+01,3.808172e+01,-8.837105e-01,-2.567762e+00,1.574473e+00,9.107966e-01
-9.244170e+00,7.847888e+00,7.867676e+00,-2.363702e+00,-1.485032e-01,-9.852673e-01
6.057418e+00,-5.061874e+00,1.597047e+01,-3.399076e+00,1.675787e+00,7.585195e-01
1.274278e+00,3.443425e+00,1.403430e+01,-3.087618e+00,1.433996e+00,2.931768e-01
3.685045e+00,2.270153e+01,9.845047e+00,-2.209639e+00,4.312579e-03,1.463135e-01
-2.485476e+00,3.735512e+00,6.273777e+00,-1.362556e+00,-6.408870e-01,-2.777762e-01
-2.531943e+00,9.065529e+00,5.944078e+00,-1.410832e+00,2.818441e-01,3.553977e-01
9.521676e-01,1.195501e+01,5.626260e+00,-1.111536e+00,4.306189e-01,2.209717e-01
1.675788e+00,8.237907e+00,3.482377e+00,-1.021131e+00,-1.440004e-01,1.828484e-01
1.540989e+00,7.850466e+00,3.319651e+00,-9.327017e-01,-4.860019e-01,-9.829167e-03
5.745520e-01,1.019570e+01,2.329068e+00,-9.480820e-01,-6.380026e-01,-9.697090e-02
3.260124e-01,9.434564e+00,8.384660e-01,-1.006805e+00,-7.937040e-01,-1.640953e-01
-2.022426e-01,8.114848e+00,2.669248e-01,-1.287239e+00,-1.183519e+00,-2.998957e-01
-3.850479e+00,8.009887e+00,1.604254e+00,-1.508013e+00,-1.063924e+00,-1.886478e-01
-6.916508e-01,8.399087e+00,3.867340e+00,-1.710626e+00,-4.325868e-01,-1.496350e-02
1.414007e+00,8.748162e+00,4.195527e+00,-1.795356e+00,-2.430028e-01,8.254849e-02
3.735710e+00,8.985075e+00,7.290649e-01,-2.186502e+00,-5.035501e-01,2.498509e-01
2.677905e+00,9.677696e+00,-5.712138e-01,-2.653549e+00,-1.001688e+00,1.840555e-01
7.364344e-01,1.070078e+01,1.889385e+00,-3.310885e+00,-1.380152e+00,1.995716e-01
4.580660e+00,1.196020e+01,2.801927e+00,-3.612328e+00,-1.242555e+00,2.373070e-01
1.125022e+01,1.991896e+01,-4.808721e+00,-4.330430e+00,-2.205521e+00,9.236397e-02
3.809476e+00,1.819172e+01,9.894483e-01,-4.703912e+00,-4.387381e+00,-4.737664e-01
-1.029288e+01,1.839639e+01,1.918441e+01,-4.551738e+00,-5.278938e+00,-7.283570e-01
-1.436998e+01,2.403319e+01,1.846635e+01,-3.586788e+00,-2.857538e+00,-3.345197e-01
6.828732e-01,1.001825e+00,1.789378e+01,-5.369456e-01,1.194787e+00,3.743833e-01
7.398048e+00,6.573081e+00,1.198116e+01,-3.626641e-01,2.526123e+00,2.773708e-01
8.099752e+00,7.230494e+00,9.514248e+00,2.061377e+00,1.661723e+00,-5.745052e-01
5.542670e+00,4.156596e+00,9.002360e+00,3.168106e+00,1.162575e+00,-8.139003e-01
3.325486e+00,1.377496e+00,6.865008e+00,4.346034e+00,1.344804e+00,-1.175159e+00
3.600000e+00,1.053713e+00,8.232143e+00,4.967286e+00,1.670031e+00,-1.417678e+00
4.132380e+00,3.817432e+00,9.597826e+00,5.941268e+00,1.955332e+00,-1.303084e+00
4.856040e+00,4.687418e+00,1.048053e+01,6.801422e+00,1.867513e+00,-1.062851e+00
6.621356e+00,5.005864e+00,1.329396e+01,7.867403e+00,1.120785e+00,-5.380734e-01
6.915620e+00,8.721010e+00,1.246203e+01,8.101844e+00,3.227241e-01,-9.742717e-02
4.210160e+00,8.273725e+00,1.034498e+01,7.722719e+00,-5.098504e-01,-4.591389e-01
-9.050769e+00,1.353720e+00,3.652565e+00,6.010244e+00,-4.020006e-01,-7.669275e-01
-3.830393e+00,-1.233938e+01,-3.734482e+00,2.876516e+00,2.050284e+00,-1.887580e-01
-1.086735e-01,-1.165179e+01,3.933112e-01,-7.892625e-01,2.755374e+00,7.122417e-01
1.011279e+01,3.786480e+01,-2.349335e+00,-3.165915e+00,2.092234e+00,6.642341e-01
3.597326e+00,7.827037e+00,5.669191e+00,-3.104884e+00,7.093753e-01,-9.230916e-02
6.028040e+00,-3.684546e+00,1.312927e+01,-3.855135e+00,-2.750654e-01,-4.741137e-01
-6.248998e+00,8.681033e-01,1.334314e+01,-3.236885e+00,-1.091276e+00,-4.555795e-01
-1.215951e+01,2.375987e+01,1.392912e+01,-2.243531e+00,-2.059556e-01,-3.613356e-01
-4.966577e+00,8.797779e+00,8.347088e+00,-1.359117e+00,1.411528e+00,5.488277e-01
4.246269e+00,7.039920e+00,4.349118e+00,-1.278948e+00,2.874106e+00,9.856955e-01
1.045388e+01,1.259003e+01,3.914755e+00,-1.223005e+00,2.237033e+00,6.535252e-01
6.020475e+00,8.707188e+00,3.417316e+00,-1.226300e+00,-4.906726e-01,-1.330302e-01
-7.372037e-01,8.130988e+00,4.746448e+00,-1.251422e+00,-1.079619e+00,-2.967013e-01
-1.154674e+00,1.060187e+01,3.477337e+00,-1.235856e+00,-5.168974e-01,-1.604658e-01
1.396685e+00,1.090679e+01,2.388569e+00,-1.229682e+00,-2.770714e-01,-1.148214e-01
1.191908e+00,7.828144e+00,9.990462e-01,-1.363344e+00,-6.713968e-01,-2.106930e-01
-1.827086e+00,8.010931e+00,2.059477e+00,-1.542349e+00,-9.885551e-01,-2.616349e-01
-2.622744e+00,7.391769e+00,3.686779e+00,-1.664735e+00,-7.510773e-01,-2.328981e-01
-5.033408e-01,8.404135e+00,5.085745e+00,-1.716238e+00,-3.331732e-01,-9.821057e-02
3.318255e+00,9.051649e+00,1.448495e+00,-1.882299e+00,-7.733590e-02,7.578610e-02
4.203578e+00,8.631683e+00,-3.247365e-01,-2.140254e+00,-3.546730e-01,6.600540e-02
4.107154e+00,9.068845e+00,-7.380160e-03,-2.761042e+00,-1.112736e+00,-1.958664e-02
3.073592e+00,9.804960e+00,-2.582159e-01,-3.220517e+00,-1.641652e+00,2.596146e-02
6.540596e+00,1.209288e+01,-3.114437e+00,-3.981155e+00,-2.180434e+00,6.350644e-02
4.133397e+00,1.567417e+01,-4.988217e-01,-4.413309e+00,-3.226375e+00,-1.760730e-01
-6.413868e+00,2.510080e+01,1.599248e+01,-4.886051e+00,-4.382136e+00,-4.301519e-01
-1.091472e+01,2.612695e+01,1.741970e+01,-3.624331e+00,-2.918486e+00,1.441575e-01
-2.656973e+00,4.078160e+00,2.105524e+01,-1.108512e+00,3.117150e-01,6.010239e-01
1.033561e+01,9.493800e+00,1.047425e+01,-7.848048e-01,1.860345e+00,4.205644e-01
8.097559e+00,9.627556e+00,1.146703e+01,1.582073e+00,1.038812e+00,-3.942583e-01
4.374732e+00,3.985052e+00,9.980563e+00,2.912525e+00,7.093458e-01,-8.825666e-01
3.396933e+00,1.088521e+00,8.038013e+00,4.274747e+00,7.271681e-01,-1.211749e+00
3.214671e+00,4.666441e-01,8.985396e+00,5.146153e+00,1.004916e+00,-1.534444e+00
3.566637e+00,2.149736e+00,9.580451e+00,6.219185e+00,1.186372e+00,-1.368258e+00
4.703318e+00,2.261376e+00,1.065223e+01,6.834024e+00,1.189807e+00,-1.310442e+00
4.407949e+00,3.089849e+00,1.266904e+01,7.845698e+00,9.381919e-01,-1.099212e+00
4.328095e+00,5.875711e+00,1.103334e+01,8.110475e+00,7.864266e-01,-7.296211e-01
9.866049e-01,9.549623e+00,9.551699e+00,7.345072e+00,1.414375e-01,-1.974029e-01
-6.910495e+00,2.316600e+00,4.728185e+00,6.249033e+00,2.655497e-01,-3.403130e-01
-6.368920e+00,-9.241810e+00,-9.108523e-01,3.197942e+00,2.543949e+00,-7.275457e-02
4.964581e+00,-8.238837e+00,1.280575e-01,-4.160960e-01,3.046256e+00,8.485398e-01
4.614004e+00,7.939055e+00,6.432544e+00,-3.971180e+00,1.030138e+00,-7.401029e-02
2.198688e+01,3.940156e+01,-2.185204e+00,-1.860615e+00,9.757403e-01,9.817381e-01
-6.891148e+00,-6.647426e+00,1.127137e+01,-2.578082e+00,-8.434047e-01,-1.375258e+00
-1.395713e+00,-9.859536e-01,1.222534e+01,-3.237678e+00,8.581310e-01,3.796138e-01
-3.727622e+00,2.015173e+01,1.332295e+01,-2.945867e+00,8.594459e-01,-1.961827e-01
9.855053e-01,9.671184e+00,6.663718e+00,-1.942869e+00,5.976034e-01,-9.947749e-02
-5.332323e-01,6.506471e+00,5.333009e+00,-1.592252e+00,4.928080e-01,1.565197e-01
-1.035287e+00,1.144429e+01,4.930048e+00,-1.474189e+00,8.854034e-01,2.792843e-01
3.544017e+00,1.002191e+01,3.808347e+00,-1.328270e+00,5.038607e-01,1.376136e-01
2.049826e+00,8.116027e+00,3.443406e+00,-1.303547e+00,-6.984431e-02,-1.372526e-02
7.131654e-01,1.139060e+01,3.247606e+00,-1.355056e+00,-2.276917e-01,-3.094743e-02
2.737751e-02,1.014067e+01,3.177835e+00,-1.251538e+00,-2.470936e-01,-1.546366e-01
5.379650e-01,8.838601e+00,2.410343e+00,-1.315092e+00,-2.404965e-01,-2.145023e-01
-2.749724e-01,8.819214e+00,2.491414e+00,-1.429064e+00,-4.029044e-01,-2.140351e-01
3.045574e-02,7.649296e+00,3.951243e+00,-1.587535e+00,-4.434874e-01,-2.024422e-01
4.632841e-02,7.433164e+00,4.382701e+00,-1.673803e+00,-3.075717e-01,-4.793684e-02
8.406079e-01,8.421743e+00,3.508965e+00,-1.805232e+00,4.792726e-02,2.026806e-01
3.426328e+00,8.753937e+00,-1.266960e+00,-1.991740e+00,1.468534e-02,2.591873e-01
5.047800e+00,9.069801e+00,-2.211201e+00,-2.686631e+00,-7.165485e-01,3.071017e-02
4.192984e+00,8.737920e+00,-1.298608e+00,-3.293796e+00,-1.411665e+00,-9.192045e-02
9.864398e+00,1.452985e+01,-3.781277e+00,-4.077992e+00,-1.997193e+00,-6.917092e-02
7.572636e+00,1.616267e+01,-1.834724e+00,-4.503723e+00,-3.094112e+00,-2.456185e-01
-8.276733e+00,2.492085e+01,1.750391e+01,-4.903399e+00,-5.227131e+00,-5.347384e-01
-1.614442e+01,2.425606e+01,1.766552e+01,-3.521738e+00,-3.217849e+00,1.417860e-01
-2.511360e+00,3.581500e+00,1.971748e+01,-9.478275e-01,7.838334e-01,9.215731e-01
7.225995e+00,9.835529e+00,1.173704e+01,-6.448179e-01,2.674148e+00,8.899493e-01
9.499327e+00,7.319480e+00,1.068607e+01,1.852031e+00,2.207600e+00,2.115599e-01
8.338084e+00,4.038128e+00,8.979264e+00,3.201125e+00,1.364588e+00,-3.224669e-01
4.884690e+00,1.271801e+00,7.568049e+00,4.379385e+00,4.638275e-01,-7.331596e-01
2.702314e+00,1.427144e+00,8.690838e+00,5.041766e+00,4.301980e-01,-1.154294e+00
1.634844e+00,2.760859e+00,1.006560e+01,6.229085e+00,8.140953e-01,-1.175098e+00
2.246106e+00,3.654953e+00,1.091337e+01,6.886107e+00,1.145801e+00,-1.112395e+00
5.187475e+00,4.520276e+00,1.379302e+01,7.878350e+00,1.396254e+00,-7.716711e-01
7.254391e+00,1.049009e+01,1.018453e+01,8.090085e+00,8.341741e-01,-1.594759e-01
1.790492e+00,6.833440e+00,9.627691e+00,7.369610e+00,-3.245085e-01,-4.056220e-01
-1.167966e+01,-1.064812e+00,5.152997e+00,6.127697e+00,-1.076612e-01,-4.224540e-01
-5.258880e+00,-9.609108e+00,1.533132e+00,2.591383e+00,2.734236e+00,1.678068e-01
3.664840e+00,-9.432017e+00,1.865959e+00,-8.882935e-01,3.124035e+00,9.175790e-01
1.048914e+01,3.218359e+01,-2.956158e+00,-3.271014e+00,1.571123e+00,1.865782e-01
1.692079e+00,8.941538e+00,7.923692e+00,-2.890563e+00,9.855142e-01,5.190273e-01
6.327486e-02,-7.180627e+00,1.356667e+01,-3.636818e+00,-7.148345e-01,-7.753836e-01
-7.749343e+00,5.497408e+00,1.738087e+01,-3.685487e+00,-5.674132e-01,-3.604162e-01
-4.511416e+00,1.908103e+01,1.209073e+01,-2.158357e+00,-1.473594e-02,-4.235187e-02
-3.663112e+00,6.975936e+00,7.784469e+00,-1.280972e+00,9.562670e-01,3.541595e-01
2.457788e+00,1.025172e+01,5.631879e+00,-1.256167e+00,2.037889e+00,7.514048e-01
7.474624e+00,1.163054e+01,4.810000e+00,-9.816087e-01,1.702010e+00,5.443406e-01
3.986906e+00,9.443191e+00,3.987107e+00,-8.495128e-01,-9.087629e-02,4.736856e-02
1.931164e-01,9.611460e+00,4.432758e+00,-7.427326e-01,-3.214977e-01,-2.358193e-02
-2.829963e-01,1.089153e+01,2.018422e+00,-6.799214e-01,4.412747e-02,-1.544716e-02
3.980241e-01,9.605113e+00,7.156020e-01,-7.277583e-01,8.311681e-02,-8.237975e-02
4.937655e-01,5.932934e+00,-6.421406e-01,-1.109695e+00,-3.071039e-01,-2.105966e-01
-8.985946e-01,6.508009e+00,1.089810e+00,-1.406321e+00,-4.666371e-01,-1.679605e-01
-6.138265e-01,7.585111e+00,3.122132e+00,-1.735008e+00,-2.770129e-01,-1.500660e-01
1.352432e+00,8.226496e+00,4.075499e+00,-1.841491e+00,-1.365345e-01,-6.670729e-02
4.079446e+00,8.325850e+00,2.582636e+00,-2.018580e+00,-3.316079e-01,-2.984741e-03
4.593487e+00,8.640717e+00,1.937356e+00,-2.281525e+00,-8.097770e-01,-4.487784e-02
5.599353e-01,9.865833e+00,1.956346e+00,-2.739678e+00,-1.523665e+00,-3.566753e-02
-9.777762e-01,1.106537e+01,2.397428e+00,-2.977555e+00,-1.474289e+00,1.509262e-01
7.911515e+00,1.102902e+01,-6.674801e-01,-3.346488e+00,-1.054264e+00,3.214562e-01
1.300629e+01,1.585484e+01,-5.275806e+00,-4.021351e+00,-2.112840e+00,8.741330e-02
-6.672983e+00,1.713857e+01,9.707271e+00,-4.635783e+00,-5.438769e+00,-5.043118e-01
-1.187386e+01,2.741691e+01,1.763020e+01,-4.630749e+00,-5.125327e+00,-3.051578e-01
-1.914393e+01,1.256640e+01,1.897618e+01,-2.112058e+00,-1.650842e+00,6.153374e-01
-5.020220e+00,4.846814e+00,1.857218e+01,-8.132968e-01,2.127006e+00,1.372653e+00
1.042037e+01,1.335641e+01,1.233621e+01,5.418115e-01,3.032199e+00,9.120273e-01
9.474617e+00,6.430759e+00,1.185674e+01,2.345703e+00,2.115653e+00,3.118879e-01
5.134974e+00,2.498581e+00,8.390294e+00,3.842237e+00,9.495014e-01,-2.335584e-01
2.764879e+00,2.620796e+00,9.516989e+00,4.640201e+00,8.361052e-01,-7.586688e-01
1.784407e+00,1.769257e+00,1.348475e+01,5.866248e+00,1.349290e+00,-1.105090e+00
3.431445e+00,3.662889e+00,1.182728e+01,6.790843e+00,1.578722e+00,-9.531958e-01
4.690542e+00,3.304694e+00,1.200336e+01,8.150290e+00,1.289887e+00,-8.438970e-01
9.697289e+00,4.370056e+00,1.247853e+01,8.127921e+00,5.308876e-01,-4.663891e-01
1.224660e+00,5.563424e+00,8.777617e+00,7.216555e+00,-1.175866e+00,-1.110188e+00
-1.214720e+01,6.009319e-01,6.862351e+00,6.249851e+00,-5.223967e-01,-1.667156e+00
-1.330047e+01,-1.535640e+00,7.932874e+00,3.707886e+00,3.807498e+00,-1.781256e-01
-3.066557e+00,-3.277253e+00,5.563190e+00,1.887752e+00,5.701602e+00,1.248044e+00
7.916398e+00,-1.363741e+00,6.240199e+00,-6.351005e-01,5.133688e+00,1.718003e+00
1.458628e+01,2.514867e+00,8.683506e+00,-2.042488e+00,3.732495e+00,9.253977e-01
1.056436e+01,4.786421e+00,1.182256e+01,-2.476668e+00,-4.971200e-01,-9.231205e-01
-1.762037e+00,2.358884e+01,-6.491182e+00,-1.360146e+00,-2.249489e+00,-1.506667e+00
-2.374434e+01,1.461267e+01,1.063064e+01,-2.314833e+00,-6.457196e-01,-3.431290e-01
-1.018207e+01,-1.048007e+01,1.401812e+01,-3.147335e+00,3.660451e+00,-1.772095e-01
1.510763e+01,8.636319e+00,6.292674e+00,-2.086791e+00,2.783432e+00,1.455231e-02
1.034692e+01,1.807941e+01,1.081430e+01,-1.750434e+00,7.114852e-02,-6.657316e-01
-9.011232e+00,6.239257e+00,6.035973e+00,-1.435417e+00,-1.847142e+00,-7.944411e-01
-8.960902e+00,7.612072e+00,5.975892e+00,-1.328573e+00,-1.638125e-01,5.053678e-02
3.937061e+00,1.203089e+01,4.808211e+00,-1.094236e+00,1.438451e+00,3.852660e-01
7.408052e+00,1.056878e+01,3.591705e+00,-1.079601e+00,9.547120e-01,2.135588e-01
3.359617e+00,6.925724e+00,3.294875e+00,-1.039125e+00,-3.270810e-01,-2.215467e-01
-2.092419e-01,7.837083e+00,3.433718e+00,-1.062279e+00,-8.883556e-01,-3.450680e-01
-3.211411e+00,8.911748e+00,3.946043e+00,-1.105356e+00,-8.424619e-01,-3.409284e-01
-2.348761e+00,9.078245e+00,4.147720e+00,-1.112636e+00,-3.152917e-01,-1.986139e-01
1.029808e+00,8.330847e+00,4.468354e+00,-1.123184e+00,9.270294e-02,-7.169400e-02
1.019736e+00,7.267942e+00,5.311558e+00,-1.105868e+00,7.432246e-03,-2.666667e-02
-2.984719e-01,8.490335e+00,6.093752e+00,-1.059539e+00,-1.519436e-01,-7.870665e-03
-1.046096e+00,9.034144e+00,5.471232e+00,-9.821216e-01,-5.366251e-02,3.191246e-02
1.369438e+00,7.949499e+00,1.936654e+00,-9.995430e-01,3.799088e-01,2.416246e-01
4.374349e+00,7.715790e+00,1.298078e+00,-1.174663e+00,4.331708e-01,2.650489e-01
6.371096e+00,1.056895e+01,1.999825e+00,-1.604332e+00,-2.894224e-01,2.467037e-02
4.668480e+00,1.091928e+01,1.566630e+00,-1.900612e+00,-1.161978e+00,-1.487475e-01
1.774263e+00,1.167304e+01,-4.279458e-01,-2.290330e+00,-1.756029e+00,4.055627e-02
3.066263e+00,1.301953e+01,-2.692347e+00,-2.653478e+00,-1.749302e+00,2.246454e-01
1.197560e+00,1.219598e+01,1.219771e+00,-3.279094e+00,-2.149608e+00,1.224925e-01
-1.199553e+00,1.694442e+01,7.708930e+00,-3.778677e+00,-2.866423e+00,8.566475e-02
-7.554640e+00,2.134685e+01,1.413437e+01,-2.913945e+00,-2.456525e+00,2.496104e-01
-8.867718e+00,1.076143e+01,1.408998e+01,-1.716980e+00,-1.378576e+00,7.179426e-01
-1.122085e+00,7.053966e+00,1.158557e+01,-9.755221e-01,8.380485e-01,9.786899e-01
4.221500e-01,1.174709e+01,1.016310e+01,-3.276336e-01,1.574780e+00,1.134729e+00
-1.807455e-01,6.941503e+00,1.073224e+01,1.993947e+00,1.622604e+00,1.195029e+00
2.904752e-01,4.065083e+00,9.495478e+00,3.074210e+00,1.654818e+00,1.250659e+00
1.524366e+00,2.080663e+00,9.564971e+00,4.141271e+00,1.773017e+00,1.131674e+00
1.924450e+00,2.074218e+00,1.015254e+01,4.868294e+00,1.715602e+00,9.928883e-01
1.074407e+00,3.611864e+00,1.070336e+01,5.878693e+00,1.448996e+00,7.649140e-01
5.045233e-01,3.435981e+00,1.148271e+01,6.513579e+00,1.470873e+00,5.688618e-01
3.333237e+00,4.454967e+00,1.247000e+01,7.226841e+00,1.863637e+00,2.790082e-01
5.664441e+00,7.095253e+00,1.113388e+01,7.417412e+00,1.878125e+00,2.164141e-01
2.852633e+00,7.013580e+00,8.264372e+00,6.864511e+00,1.249961e+00,-4.880087e-01
-7.078845e+00,2.140670e+00,4.937759e+00,5.950858e+00,1.173544e+00,-7.386752e-01
-4.505719e+00,-1.979303e+00,1.550831e-01,3.639926e+00,2.510643e+00,2.679379e-03
-3.586888e-01,-5.429877e+00,-1.882860e+00,1.326144e+00,3.140586e+00,3.775547e-01
4.886905e+00,2.118005e+00,3.396083e+00,-1.954354e+00,2.271602e+00,1.263570e-01
1.876496e+01,2.398419e+01,-2.039101e-01,-2.644498e+00,1.675396e+00,1.869674e-01
9.857981e+00,9.033584e+00,5.171161e+00,-2.032476e+00,-6.859295e-02,-3.654634e-01
-4.804830e+00,1.487706e+00,1.254043e+01,-2.848272e+00,-2.564568e+00,-1.602871e+00
-1.341586e+01,1.394603e+01,1.732132e+01,-3.162071e+00,-1.130316e+00,-5.763889e-01
-8.171211e+00,1.802953e+01,1.242273e+01,-2.307425e+00,1.759047e-01,-3.008570e-01
1.595783e+00,5.672310e+00,4.349223e+00,-1.088197e+00,1.608981e+00,5.481329e-01
1.809049e+00,9.021896e+00,4.119177e+00,-1.260179e+00,1.942799e+00,6.437302e-01
5.047582e+00,1.056870e+01,3.222038e+00,-1.019903e+00,1.541036e+00,4.278180e-01
4.405312e+00,8.247425e+00,3.052593e+00,-1.070380e+00,7.158935e-01,1.670095e-01
1.213909e+00,8.420187e+00,3.350249e+00,-1.125290e+00,3.955241e-02,4.230046e-02
1.253453e+00,9.113605e+00,3.340000e+00,-1.162644e+00,5.375553e-02,5.064370e-02
2.046959e+00,7.923674e+00,3.171654e+00,-1.140627e+00,-3.075177e-02,-7.389298e-02
1.610525e+00,8.264875e+00,3.197094e+00,-1.174103e+00,-2.033646e-01,-1.619153e-01
-1.574842e+00,8.033941e+00,4.340905e+00,-1.153333e+00,-3.097732e-01,-2.189936e-01
-2.064828e+00,9.160198e+00,5.260649e+00,-1.175533e+00,1.922757e-02,-7.135339e-02
1.211289e+00,9.144114e+00,5.671753e+00,-1.085613e+00,6.854853e-01,1.505636e-01
2.937350e+00,9.015062e+00,5.175694e+00,-1.062835e+00,7.839369e-01,2.222222e-01
3.300339e+00,8.825875e+00,4.048946e+00,-1.090943e+00,4.634432e-01,1.830017e-01
3.085295e+00,9.113298e+00,3.544917e+00,-1.217109e+00,1.136460e-01,1.879433e-01
2.923168e+00,9.842940e+00,3.253168e+00,-1.481956e+00,-2.815815e-01,1.485208e-01
2.383426e+00,9.913760e+00,2.742284e+00,-1.699489e+00,-5.947184e-01,1.498827e-01
1.505423e-01,1.059274e+01,2.174895e+00,-2.000004e+00,-8.873850e-01,2.892362e-01
1.678620e+00,1.184873e+01,8.265940e-01,-2.324886e+00,-8.154975e-01,5.601214e-01
9.502654e+00,1.663000e+01,-2.690779e+00,-2.981275e+00,-1.266226e+00,3.301261e-01
7.842044e+00,1.545483e+01,-7.627168e-01,-3.423065e+00,-2.833547e+00,-1.548424e-01
-8.850850e+00,1.702601e+01,1.345383e+01,-3.718230e+00,-4.609262e+00,-7.340936e-01
-1.788120e+01,2.360534e+01,1.848167e+01,-3.434869e+00,-3.556687e+00,-6.617226e-01
-9.700410e+00,1.600784e+00,1.781728e+01,-1.645178e+00,1.352109e+00,1.332380e+00
8.419787e-01,8.217787e+00,1.422868e+01,-1.579434e+00,3.440034e+00,1.902030e+00
7.412366e+00,5.525993e+00,1.141748e+01,-4.824936e-02,3.197543e+00,1.562248e+00
5.688336e+00,2.516061e+00,9.233518e+00,8.609872e-01,2.020530e+00,1.432415e+00
1.510999e+00,3.557115e+00,8.194771e+00,2.074812e+00,1.042192e+00,1.243881e+00
-9.230528e-01,3.221401e+00,8.433594e+00,2.825766e+00,9.328076e-01,1.125724e+00
-1.327113e+00,1.692576e+00,7.875151e+00,3.909414e+00,1.359699e+00,1.016614e+00
3.504409e-01,1.285542e+00,8.538265e+00,4.638417e+00,1.896929e+00,1.057457e+00
4.527992e+00,-1.702958e-01,8.307930e+00,5.369940e+00,1.805507e+00,1.022494e+00
3.553169e+00,-1.433496e+00,8.026988e+00,5.593908e+00,1.441433e+00,8.904768e-01
1.075873e+00,-1.712399e+00,9.648914e+00,5.706053e+00,9.398967e-01,4.810959e-01
-1.056807e+00,-1.546423e+00,1.001369e+01,5.420490e+00,7.186458e-01,2.587168e-01
-8.997298e-01,9.316244e-01,1.003139e+01,4.411953e+00,1.234652e+00,3.118354e-02
4.527868e+00,1.811836e+00,7.452399e+00,3.630056e+00,1.286591e+00,1.083466e-01
5.322243e+00,4.513140e-01,6.192329e+00,1.850965e+00,1.181048e-01,-3.849622e-01
8.828503e-01,9.627804e-01,7.736952e+00,4.450602e-01,-7.480019e-01,-9.644354e-01
-2.138244e+00,1.236262e+01,2.220663e+00,-6.235211e-01,-7.012676e-01,-8.682003e-01
7.881490e+00,2.852850e+01,-4.929568e-01,-8.348688e-02,6.876034e-01,8.462998e-01
-1.005436e+01,9.586412e+00,7.926248e+00,-2.416301e+00,1.836012e+00,-1.734956e-01
6.542832e+00,-1.988016e-01,6.999722e+00,-1.773937e+00,5.044402e+00,9.461903e-01
1.958197e+01,8.817648e+00,4.760104e+00,-1.690471e+00,1.379652e+00,7.755168e-02
3.345790e+00,1.456122e+01,7.251572e+00,-1.520326e+00,-1.616527e+00,-1.028537e+00
-1.250619e+01,8.415160e+00,6.969858e+00,-1.326850e+00,-3.514360e+00,-1.270443e+00
-1.522131e+01,9.348350e+00,7.497341e+00,-1.257045e+00,-1.341283e+00,-4.700424e-01
-1.371826e+00,9.968345e+00,6.389339e+00,-8.879441e-01,1.778522e+00,4.233475e-01
5.673243e+00,9.336930e+00,4.914628e+00,-7.385931e-01,2.095707e+00,5.666387e-01
7.519749e+00,7.599014e+00,4.047376e+00,-6.825199e-01,7.531505e-01,2.206412e-01
3.714189e+00,8.406466e+00,4.272292e+00,-7.674006e-01,-5.022118e-01,-2.545565e-01
-8.751004e-01,8.922155e+00,4.425881e+00,-8.191880e-01,-9.920680e-01,-4.295385e-01
-1.831326e+00,8.390060e+00,4.172712e+00,-8.457897e-01,-7.050602e-01,-3.208925e-01
5.956923e-01,7.784048e+00,4.323948e+00,-8.892358e-01,-1.879296e-01,-9.602078e-02
1.828820e+00,8.598791e+00,4.857191e+00,-9.473068e-01,-1.397791e-01,-5.161886e-02
1.376882e+00,9.021050e+00,4.012451e+00,-1.009100e+00,-3.679700e-01,-4.413301e-02
7.604338e-01,8.118916e+00,2.532538e+00,-1.094755e+00,-4.360336e-01,3.655869e-02
2.908308e+00,9.284763e+00,7.144655e-01,-1.409404e+00,-4.701143e-01,1.089883e-01
3.802846e+00,1.003064e+01,-1.160722e+00,-1.802846e+00,-8.258575e-01,-2.109056e-04
4.649757e+00,9.892329e+00,-1.231757e+00,-2.681611e+00,-1.545256e+00,-7.500619e-02
6.787764e+00,1.204902e+01,-1.216391e+00,-3.023120e+00,-1.792853e+00,1.053696e-03
4.181722e+00,1.787410e+01,-2.562132e+00,-3.918522e+00,-3.093847e+00,-1.404188e-01
-5.204420e+00,1.446543e+01,9.562317e+00,-4.239026e+00,-3.586042e+00,-5.112935e-01
-1.516894e+01,2.532513e+01,2.031934e+01,-3.880041e+00,-1.498417e+00,2.450734e-01
-1.270779e+01,1.255751e+01,1.875592e+01,-2.923602e+00,-9.144329e-02,8.046203e-01
3.942124e+00,3.355646e+00,1.565722e+01,-2.298740e+00,3.306206e+00,1.605024e+00
7.748560e+00,8.326891e+00,1.339872e+01,-1.759407e+00,3.028810e+00,1.454732e+00
7.819777e+00,6.021275e+00,9.232032e+00,2.887797e-01,1.024131e+00,8.525933e-01
3.948829e+00,2.284232e+00,8.577550e+00,1.178963e+00,2.158363e-01,4.151490e-01
9.742050e-01,2.353816e+00,6.848719e+00,2.447675e+00,4.653909e-02,2.731433e-02
3.967849e-01,1.679992e+00,7.061249e+00,3.121713e+00,1.581594e-01,1.092453e-02
5.073313e-01,6.633730e-01,6.577976e+00,4.467596e+00,5.481258e-01,3.598699e-02
1.404048e+00,-2.445979e-01,7.186770e+00,4.956321e+00,7.246544e-01,7.355737e-02
2.830125e+00,-4.628461e-01,8.242567e+00,6.052085e+00,9.078814e-01,1.622740e-01
4.599933e+00,-1.372837e+00,1.011997e+01,6.604553e+00,7.267769e-01,1.037867e-01
5.149065e+00,-1.567599e+00,1.134197e+01,7.103787e+00,-5.603401e-02,-6.978273e-02
2.311953e+00,-5.699676e-01,1.138604e+01,6.913683e+00,-7.043587e-01,-1.979039e-01
-4.911654e+00,3.256532e+00,1.151142e+01,5.599115e+00,-2.907110e-01,-1.537173e-01
-3.275955e+00,7.593615e-01,7.879171e+00,3.838447e+00,7.218110e-01,2.346588e-01
-1.679173e+00,-6.805514e+00,2.931729e+00,-4.588222e-02,1.396921e+00,2.595782e-01
3.071288e+00,8.170964e+00,4.980829e-01,-2.815331e+00,1.569264e+00,5.161777e-01
9.200207e+00,3.273584e+01,-1.794301e-01,-2.378059e+00,-4.788694e-02,-3.348708e-01
-3.830456e+00,1.019850e+01,4.381664e+00,-2.163374e+00,-6.241614e-01,-1.345855e+00
6.835436e-01,-3.471887e+00,1.289595e+01,-1.818031e+00,3.225754e-01,-5.722280e-01
2.803401e+00,3.400639e+00,1.008991e+01,-1.881818e+00,3.161094e-01,2.523313e-02
-3.414707e+00,1.705321e+01,8.912640e+00,-1.078790e+00,6.671794e-01,-1.308373e-01
-3.880240e+00,9.912426e+00,7.220860e+00,-8.172204e-01,1.856829e+00,3.461887e-01
6.495450e+00,7.936363e+00,5.812122e+00,-6.168164e-01,2.002572e+00,2.766634e-01
9.249305e+00,8.994448e+00,5.640285e+00,-6.157830e-01,4.936344e-01,-1.046256e-01
2.240134e+00,9.588369e+00,5.751048e+00,-5.136747e-01,-8.884622e-01,-4.729063e-01
8.848656e-01,9.227829e+00,4.234866e+00,-4.269722e-01,-9.668599e-01,-5.178326e-01
-7.279487e-01,9.422650e+00,3.023506e+00,-4.424234e-01,-9.635434e-01,-4.652407e-01
-5.157469e-01,8.857170e+00,2.490000e+00,-4.879757e-01,-8.243748e-01,-4.335954e-01
-1.301391e+00,8.576447e+00,2.671868e+00,-5.825955e-01,-7.611063e-01,-3.696267e-01
-2.053054e+00,8.711271e+00,3.221527e+00,-6.276090e-01,-6.334784e-01,-3.032587e-01
-1.731705e+00,8.534809e+00,3.269059e+00,-7.097142e-01,-3.458781e-01,-2.087229e-01
-2.039929e-01,8.020758e+00,2.848189e+00,-7.786623e-01,-2.129964e-01,-2.153580e-01
2.434827e+00,8.316457e+00,2.658997e+00,-1.062925e+00,-4.396982e-01,-1.808532e-01
1.868132e+00,8.510554e+00,2.905398e+00,-1.175355e+00,-6.082239e-01,-2.315210e-01
-1.514035e+00,8.518356e+00,4.036513e+00,-1.400431e+00,-3.822068e-01,-4.929239e-02
4.893353e-01,8.934730e+00,3.300913e+00,-1.589522e+00,-1.586270e-01,8.212897e-02
4.177203e+00,9.413547e+00,5.927968e-01,-2.034275e+00,-4.967540e-01,1.223424e-01
3.648798e+00,1.027377e+01,2.874315e-01,-2.577789e+00,-1.174883e+00,-2.217438e-02
4.545177e+00,1.108737e+01,1.608761e+00,-3.224991e+00,-1.742139e+00,-2.704891e-01
8.983079e+00,1.052963e+01,1.962251e+00,-3.681316e+00,-2.245469e+00,-4.347456e-01
9.784941e+00,2.046980e+01,-1.784019e+00,-4.617395e+00,-4.481596e+00,-5.966325e-02
-6.251243e+00,2.135138e+01,1.257748e+01,-4.568532e+00,-5.476087e+00,-4.072527e-01
-2.610086e+01,1.805436e+01,2.194319e+01,-3.941812e+00,-2.602981e+00,1.906658e-01
-1.443826e+01,8.215761e+00,2.020835e+01,-2.197802e+00,2.142187e+00,1.920785e+00
3.750036e+00,3.084240e-01,1.849568e+01,-1.660358e+00,4.787670e+00,2.101063e+00
1.332610e+01,7.373429e+00,9.023350e+00,-8.243294e-01,3.475981e+00,1.540333e+00
1.011318e+01,4.320309e+00,8.512617e+00,6.106117e-01,6.102401e-01,5.805483e-01
5.755952e+00,3.020004e+00,8.141998e+00,1.517145e+00,-8.277521e-01,1.003025e-01
-6.359221e-01,2.995637e+00,8.683430e+00,2.961097e+00,-8.637645e-01,-3.517983e-01
-4.417269e+00,5.605680e-01,8.383547e+00,3.769037e+00,-1.958623e-01,-4.156692e-01
-4.272761e+00,-9.851446e-01,8.353839e+00,4.874589e+00,1.334139e+00,-3.358845e-01
-1.247403e+00,-5.196211e-01,9.024157e+00,5.645777e+00,2.153672e+00,-1.399535e-01
3.689217e+00,-8.241639e-01,1.178416e+01,6.707302e+00,2.182938e+00,-1.060363e-02
6.818567e+00,-1.680900e+00,1.250432e+01,7.140527e+00,1.759459e+00,-5.283414e-03
6.482893e+00,-2.322583e+00,1.072672e+01,7.220342e+00,1.643121e-01,-1.362807e-01
1.516076e+00,1.438673e-01,1.106992e+01,6.411023e+00,-8.357871e-01,-4.698600e-01
-4.359134e+00,4.199877e+00,1.016304e+01,4.218492e+00,-2.183537e-01,-5.654146e-01
-1.150048e+00,-2.037240e+00,6.713198e+00,2.104851e+00,4.646179e-01,-3.264299e-01
4.718192e+00,-7.758084e+00,5.986304e+00,-1.818211e+00,5.214695e-01,-2.899877e-01
6.760959e+00,1.518025e+01,7.195328e-01,-2.102790e+00,-2.743854e-01,3.064334e-01
-1.796206e+00,3.597971e+01,2.747161e+00,-1.534711e+00,6.743828e-02,-2.787019e-01
-9.318037e+00,2.442911e+00,9.115346e+00,-1.973126e+00,1.865413e+00,7.787725e-02
7.239076e+00,4.763376e+00,3.894175e+00,-1.973376e+00,2.656750e+00,8.155984e-01
7.149729e+00,8.788018e+00,5.455373e+00,-1.905710e+00,7.894416e-01,2.105748e-02
-1.546142e+00,1.136488e+01,6.475257e+00,-1.582433e+00,-1.622284e+00,-4.827643e-01
-7.848108e+00,8.392706e+00,7.165341e+00,-1.451859e+00,-1.346317e+00,-2.578255e-01
-2.695655e+00,1.077336e+01,7.286935e+00,-1.137808e+00,7.028033e-01,4.481082e-01
3.124464e+00,1.018520e+01,6.411180e+00,-9.238133e-01,9.614811e-01,4.970758e-01
5.604192e+00,7.333492e+00,5.386358e+00,-8.082955e-01,-1.202835e-01,1.483938e-01
3.390863e+00,7.158696e+00,5.299131e+00,-7.915409e-01,-7.722792e-01,-4.584758e-02
-2.042491e+00,8.469840e+00,5.753482e+00,-7.279222e-01,-1.183112e+00,-1.288889e-01
-3.053715e+00,8.309915e+00,5.671535e+00,-6.121111e-01,-7.402961e-01,-4.860488e-02
-1.716097e+00,7.958378e+00,4.502558e+00,-5.707174e-01,-1.100969e-01,1.430798e-01
1.445894e-01,7.302787e+00,3.447049e+00,-5.845246e-01,9.482671e-02,1.248900e-01
1.198503e+00,7.677116e+00,2.892211e+00,-7.205017e-01,1.067911e-01,1.307352e-01
1.413825e+00,7.883461e+00,2.338871e+00,-8.750886e-01,3.422508e-02,8.666201e-02
4.776158e-01,7.871059e+00,1.952914e+00,-1.224095e+00,-1.277083e-01,1.017358e-01
5.205970e-01,7.902483e+00,2.046303e+00,-1.476027e+00,-1.405853e-01,1.468428e-01
2.951847e+00,9.422509e+00,1.281080e+00,-1.844990e+00,-3.248021e-01,1.680432e-01
3.909052e+00,1.046895e+01,2.967346e-01,-2.288806e+00,-7.547185e-01,2.085153e-01
4.683300e+00,1.321228e+01,-1.004744e+00,-3.001753e+00,-1.253593e+00,4.236925e-01
1.178329e+01,1.681229e+01,-4.970872e-01,-3.508989e+00,-1.749547e+00,1.107852e-01
5.625581e-01,1.255539e+01,5.505734e+00,-4.269312e+00,-4.284707e+00,-8.541540e-01
-6.905287e+00,1.721197e+01,1.442211e+01,-4.760509e+00,-4.172270e+00,-7.700058e-01
-1.834743e+01,2.066627e+01,2.075426e+01,-3.236564e+00,-7.172897e-01,1.937014e-01
-4.312818e+00,4.400302e+00,1.838894e+01,-2.707418e+00,1.886905e+00,1.466927e+00
8.940480e+00,9.883906e+00,1.272384e+01,-1.912128e+00,2.896427e+00,9.441647e-01
9.415416e+00,8.542799e+00,1.072181e+01,-4.469891e-01,1.690902e+00,5.313780e-01
4.716656e+00,2.757012e+00,7.965061e+00,1.003356e+00,4.488313e-01,2.660856e-01
1.537633e+00,3.376973e+00,6.830263e+00,1.998665e+00,2.562363e-01,1.546510e-02
-8.591224e-01,2.212730e+00,7.560032e+00,3.414776e+00,7.148995e-01,-1.611183e-01
-6.251641e-01,2.562296e-01,7.191033e+00,4.334802e+00,1.346740e+00,-1.827431e-01
2.281098e+00,-1.148224e-01,7.682127e+00,5.440946e+00,1.671409e+00,-1.156553e-01
4.188324e+00,-4.797216e-01,7.955554e+00,5.951673e+00,1.557167e+00,-7.677263e-02
7.619751e+00,-9.408001e-01,9.322051e+00,6.706724e+00,6.719186e-01,-1.190138e-01
7.955451e+00,-9.021142e-01,1.031093e+01,7.008321e+00,-5.677634e-01,-4.094880e-01
3.493765e+00,-2.641281e+00,1.230939e+01,6.670745e+00,-1.917282e+00,-1.158403e+00
-4.467506e+00,-4.102324e-02,1.104054e+01,5.870854e+00,-1.778752e+00,-1.176340e+00
-7.067301e+00,1.931060e+00,8.806879e+00,3.200078e+00,1.190716e-01,-5.189737e-01
-5.309002e+00,-6.269918e+00,6.078562e+00,5.001307e-01,1.340396e+00,6.460915e-02
5.442574e+00,6.150865e+00,6.233199e-01,-3.075522e+00,2.166210e+00,1.252767e+00
1.566056e+01,3.885818e+01,-1.323135e+00,-2.932024e+00,1.130620e+00,9.225268e-01
-2.295120e+00,-2.056608e+00,1.317622e+01,-2.017981e+00,1.576414e-01,-1.179332e+00
5.375608e+00,-5.840574e+00,1.399979e+01,-2.491743e+00,5.714336e-01,3.859484e-01
-2.929695e+00,1.012062e+01,1.016636e+01,-1.393930e+00,-6.089501e-01,-4.057392e-01
-5.407825e+00,1.679390e+01,9.799556e+00,-1.159393e+00,-2.845014e-01,-1.489575e-01
-5.737777e+00,7.874813e+00,5.326667e+00,-6.247869e-01,5.697712e-01,1.859435e-01
-8.991358e-02,9.002911e+00,5.889597e+00,-7.022980e-01,1.169523e+00,4.635254e-01
3.915243e+00,1.058498e+01,4.916352e+00,-5.700882e-01,8.057568e-01,3.399802e-01
3.526107e+00,9.365778e+00,4.249760e+00,-5.666419e-01,4.328225e-02,1.819193e-01
2.117414e+00,8.660503e+00,3.652952e+00,-6.323135e-01,-4.764778e-01,9.790023e-03
1.688308e+00,8.758510e+00,3.257875e+00,-7.222064e-01,-6.699604e-01,-8.498218e-02
1.493401e-01,7.969340e+00,3.331777e+00,-8.173981e-01,-8.271224e-01,-1.551661e-01
-1.588132e+00,7.053470e+00,3.882331e+00,-8.940924e-01,-7.592800e-01,-1.025117e-01
-2.059671e+00,6.580000e+00,4.823905e+00,-9.421797e-01,-2.932249e-01,7.526388e-02
-1.282102e+00,6.655458e+00,5.091213e+00,-9.588052e-01,8.832867e-02,1.539716e-01
1.035413e+00,7.378287e+00,4.601437e+00,-9.891666e-01,2.370372e-01,1.723766e-01
1.377151e+00,7.330706e+00,4.279990e+00,-1.043078e+00,1.033960e-01,1.164149e-01
1.931079e+00,7.827441e+00,3.745539e+00,-1.224346e+00,-1.875544e-01,-5.947217e-03
1.016341e+00,8.088751e+00,3.511965e+00,-1.421503e+00,-4.685457e-01,-4.986928e-02
2.760867e+00,9.091749e+00,1.484615e+00,-1.726260e+00,-4.713556e-01,3.021449e-02
4.160534e+00,1.051778e+01,-8.863589e-02,-2.172386e+00,-6.531608e-01,5.568789e-02
7.974307e+00,1.268135e+01,-1.440000e+00,-2.945916e+00,-1.582961e+00,-9.939139e-02
1.025320e+01,1.714656e+01,-3.700844e+00,-3.473430e+00,-2.304742e+00,-1.110323e-01
-1.172531e+00,1.669031e+01,5.654874e+00,-4.127839e+00,-4.087538e+00,-7.435179e-01
-8.540697e+00,2.340170e+01,1.966540e+01,-4.344974e+00,-3.577095e+00,-5.960339e-01
-9.868931e+00,1.332015e+01,1.887126e+01,-1.864402e+00,-6.020512e-01,2.001072e-01
-3.253980e+00,-2.462615e+00,2.042282e+01,-1.494555e+00,1.560159e+00,7.058332e-01
8.886825e+00,8.067866e+00,1.096798e+01,-7.186545e-01,2.137207e+00,3.543602e-01
8.719494e+00,7.864923e+00,1.064747e+01,6.485301e-01,1.065156e+00,-2.414958e-01
4.525993e+00,2.448233e+00,8.584243e+00,2.178339e+00,1.294731e-01,-6.688680e-01
3.081799e+00,8.466322e-01,7.214665e+00,2.750967e+00,1.365939e-01,-9.764695e-01
5.113835e+00,1.129143e+00,6.361857e+00,3.975068e+00,2.427262e-01,-1.257515e+00
6.322162e+00,2.795477e-01,6.268802e+00,4.790044e+00,-5.905637e-03,-1.622605e+00
7.063090e+00,-3.282143e+00,7.445475e+00,5.565056e+00,-7.678239e-01,-2.136554e+00
5.239769e+00,-2.905617e+00,7.877865e+00,5.771002e+00,-9.762208e-01,-2.262829e+00
3.267883e+00,-2.304742e+00,1.078086e+01,5.795199e+00,-7.682590e-01,-2.135372e+00
3.177814e+00,5.928763e-01,1.012642e+01,5.381104e+00,-7.341771e-01,-1.950901e+00
4.447940e+00,3.178912e+00,9.682310e+00,4.118051e+00,-9.861579e-01,-1.800277e+00
6.295864e+00,2.584404e+00,7.411111e+00,2.873987e+00,-1.542941e+00,-1.815673e+00
7.783924e+00,-2.958847e-01,4.217256e+00,4.885905e-01,-3.377506e+00,-1.920582e+00
2.436428e+00,5.043412e+00,4.623890e+00,-6.113982e-01,-4.265550e+00,-1.564910e+00
-8.837557e+00,1.476784e+01,3.509559e+00,-1.102126e+00,-3.970154e+00,-5.014424e-01
-2.458630e+01,1.549342e+01,6.462270e+00,-5.031532e-01,-1.371896e+00,1.464005e-01
-1.128718e+01,1.897921e+01,9.839474e+00,-3.569071e-01,5.885447e+00,2.348936e+00
9.147397e+00,1.299045e+01,7.146141e+00,-3.901475e-01,6.852722e+00,2.109157e+00
1.917897e+01,4.388526e+00,2.496696e-01,-9.734281e-01,3.427420e+00,1.242883e+00
8.072305e+00,1.020309e+01,4.528269e+00,-1.067850e+00,-4.444743e-01,7.303909e-02
-5.740878e+00,1.441214e+01,7.580232e+00,-8.887893e-01,-1.892037e+00,-4.029737e-01
-1.192390e+01,1.037165e+01,5.474828e+00,-5.260188e-01,-7.832097e-01,1.021784e-02
-2.434564e+00,8.754956e+00,4.068818e+00,-3.380702e-01,1.245144e+00,6.291926e-01
4.890786e+00,8.946481e+00,2.452751e+00,-3.293024e-01,1.102234e+00,5.541471e-01
7.293278e+00,7.678043e+00,7.799746e-01,-5.004149e-01,-5.466656e-01,1.101739e-01
1.271960e+00,7.457739e+00,1.913400e+00,-6.860972e-01,-1.638007e+00,-2.305417e-01
-3.306737e+00,8.045864e+00,2.584831e+00,-8.783877e-01,-1.054560e+00,-2.008097e-01
-2.348547e+00,8.165898e+00,2.773521e+00,-9.889713e-01,-3.168711e-01,3.177051e-02
3.360979e+00,8.554322e+00,2.225019e+00,-1.181380e+00,-6.438928e-02,1.142818e-01
5.279798e+00,9.432285e+00,2.271650e+00,-1.234985e+00,-4.956651e-01,-2.270682e-02
1.917819e+00,8.803569e+00,5.455921e+00,-1.224473e+00,-1.311756e+00,-3.358840e-01
3.403433e-01,8.139142e+00,5.997768e+00,-1.236001e+00,-1.390373e+00,-2.961576e-01
1.312839e+00,8.118997e+00,4.385126e+00,-1.289997e+00,-1.341779e+00,-1.086017e-01
-1.747262e+00,8.037780e+00,3.766752e+00,-1.313839e+00,-1.487849e+00,-1.374001e-01
-2.339763e+00,7.411659e+00,3.864266e+00,-1.471232e+00,-1.046694e+00,1.670705e-01
-1.619943e+00,8.272098e+00,4.484983e+00,-1.554915e+00,-7.581742e-01,3.120919e-01
2.147149e+00,9.797935e+00,5.229719e+00,-1.777803e+00,-4.100065e-01,4.511025e-01
7.384313e+00,1.143092e+01,4.699042e+00,-1.974509e+00,-6.882268e-01,2.749349e-01
9.047233e+00,1.235730e+01,5.549139e+00,-2.175347e+00,-1.766511e+00,-2.170736e-01
8.357836e+00,1.214879e+01,7.509727e+00,-2.144298e+00,-2.434189e+00,-6.167054e-01
4.508569e+00,1.012821e+01,1.052232e+01,-1.848666e+00,-3.251251e+00,-1.209317e+00
2.096812e+00,8.830662e+00,1.095185e+01,-1.447538e+00,-3.286071e+00,-1.514942e+00
-8.092532e-01,4.830106e+00,1.003522e+01,-8.361514e-01,-2.416103e+00,-1.902216e+00
2.659097e+00,2.825276e+00,9.028341e+00,-6.323210e-01,-1.714741e+00,-2.173342e+00
6.661272e+00,1.776894e+00,8.023366e+00,-4.426555e-01,-1.625549e+00,-3.007312e+00
8.886371e+00,2.168840e+00,7.355744e+00,-2.308594e-01,-2.328079e+00,-3.614613e+00
8.352516e+00,4.567424e-01,7.492841e+00,3.498737e-01,-3.899680e+00,-4.437169e+00
6.037370e+00,-1.143263e+00,8.007616e+00,5.359043e-01,-4.548774e+00,-4.691028e+00
3.872306e+00,-1.387931e+00,8.294353e+00,5.657134e-01,-4.880089e+00,-4.970638e+00
4.023500e+00,-3.372884e-01,8.083026e+00,4.762545e-01,-4.762804e+00,-4.930756e+00
3.689198e+00,1.737916e+00,7.665533e+00,2.612007e-01,-4.490598e+00,-4.582473e+00
2.225303e+00,2.845548e+00,7.879951e+00,2.103934e-01,-4.211754e+00,-4.351746e+00
1.295928e+00,5.749134e+00,7.461208e+00,1.824197e-01,-3.481894e+00,-3.484150e+00
-6.594617e-02,7.616906e+00,7.475201e+00,2.253575e-01,-2.946038e+00,-2.522312e+00
-5.806422e+00,8.262036e+00,6.408956e+00,-8.318001e-02,-1.869302e+00,-1.616002e+00
-1.065284e+01,1.152943e+01,7.116559e+00,-3.231504e-01,-8.187025e-01,-1.452743e+00
-5.815679e+00,1.328521e+01,3.756032e+00,1.212388e-01,6.291984e-01,-7.590087e-01
1.053404e+00,1.186614e+01,1.638683e+00,2.179867e-01,6.065888e-01,-4.068750e-01
3.622870e+00,9.250323e+00,1.725094e+00,-1.294989e-01,-8.955201e-01,-6.462969e-01
2.465307e-01,7.808838e+00,2.985466e+00,-2.900579e-01,-1.370942e+00,-5.461850e-01
-3.309815e+00,9.119768e+00,6.769841e+00,-1.588252e-01,-4.490138e-01,-1.795019e-01
-1.218206e+00,8.548738e+00,6.090947e+00,1.083250e-01,4.131890e-01,-5.385586e-02
2.257331e+00,8.689862e+00,5.616585e+00,6.040033e-01,1.063647e+00,-1.209435e-01
4.742283e+00,6.978583e+00,5.399423e+00,6.894243e-01,8.785759e-01,-3.733838e-01
4.928580e+00,8.701644e+00,6.008733e+00,3.937646e-01,8.836126e-02,-5.636885e-01
2.003713e+00,9.069783e+00,6.130665e+00,3.646864e-01,-6.123922e-01,-6.769461e-01
-4.703632e+00,8.922688e+00,4.765835e+00,4.680379e-01,-3.715445e-01,-5.671483e-01
-3.775038e+00,8.280498e+00,3.391180e+00,5.688125e-01,1.517724e-01,-4.160150e-01
-2.902713e+00,6.948140e+00,1.935738e+00,4.534205e-01,4.212990e-01,-2.824673e-01
-2.481001e+00,8.252215e+00,1.461913e+00,3.353252e-01,4.730737e-01,-2.376938e-01
-2.342981e+00,1.040935e+01,1.839736e+00,2.794476e-01,4.063909e-01,-2.504186e-01
-1.659206e+00,8.847899e+00,1.939475e+00,1.331324e-01,5.005063e-01,-1.692987e-01
1.497411e+00,9.940273e+00,1.443501e+00,-2.505932e-01,4.558442e-01,-3.876795e-02
3.124934e+00,9.975328e+00,1.461389e+00,-4.443839e-01,8.174261e-02,-1.528778e-01
1.848578e+00,9.811704e+00,2.905412e+00,-7.468646e-01,-7.375246e-01,-4.101510e-01
-1.682993e-01,9.040850e+00,4.127400e+00,-7.887200e-01,-1.014480e+00,-5.225332e-01
-1.099266e+00,8.510521e+00,4.389266e+00,-8.509055e-01,-9.942782e-01,-5.688473e-01
-6.605567e-01,8.308009e+00,4.735032e+00,-8.407700e-01,-8.761647e-01,-5.617008e-01
8.636855e-02,7.858531e+00,4.932276e+00,-8.656961e-01,-8.917391e-01,-5.884892e-01
-1.959238e-01,8.296668e+00,4.710372e+00,-9.073110e-01,-9.827524e-01,-5.904109e-01
4.836883e-02,7.757221e+00,4.528731e+00,-1.043534e+00,-9.757701e-01,-5.886744e-01
2.166108e-01,7.839136e+00,4.503356e+00,-1.128543e+00,-1.025102e+00,-5.931118e-01
-9.466358e-01,8.414766e+00,4.622337e+00,-1.212567e+00,-9.781103e-01,-5.735038e-01
-2.169161e-01,7.984519e+00,3.930786e+00,-1.265473e+00,-8.695063e-01,-5.826749e-01
5.241747e-01,7.451511e+00,3.280000e+00,-1.524323e+00,-9.638870e-01,-6.273990e-01
5.508328e-01,7.802918e+00,4.333058e+00,-1.705735e+00,-1.071827e+00,-6.403739e-01
-4.627827e-01,8.588420e+00,4.394069e+00,-1.920306e+00,-1.149584e+00,-5.536153e-01
6.886660e-01,9.889177e+00,3.304728e+00,-2.179336e+00,-1.062885e+00,-3.912576e-01
7.366579e+00,1.350139e+01,-2.243606e+00,-3.002723e+00,-1.450021e+00,-4.065498e-01
1.200256e+01,1.308197e+01,2.053819e-01,-3.583407e+00,-2.181038e+00,-6.583932e-01
9.223414e+00,1.622095e+01,1.238069e+01,-4.773680e+00,-4.260677e+00,-1.314957e+00
-2.716837e+00,2.033357e+01,1.619892e+01,-4.245606e+00,-5.164010e+00,-2.001701e+00
-1.709614e+01,4.901940e+00,1.980648e+01,-2.105758e+00,-2.227918e+00,-1.498366e+00
-6.512803e+00,9.654949e-02,1.536749e+01,-2.247600e+00,5.937538e-01,-2.916080e-01
6.979060e+00,1.226655e+01,1.156868e+01,-9.558941e-01,2.057011e+00,-4.378319e-01
6.917704e+00,5.629349e+00,1.029360e+01,5.152950e-01,1.352341e+00,-9.525392e-01
5.116806e+00,1.782215e+00,8.927705e+00,1.756992e+00,4.295181e-01,-1.097255e+00
2.152131e+00,2.928002e+00,8.371998e+00,2.410070e+00,1.408237e-01,-1.094754e+00
-7.747592e-01,8.423796e-01,8.104136e+00,3.693838e+00,3.552117e-01,-9.993419e-01
-5.634282e-01,1.052792e+00,7.859069e+00,4.577015e+00,8.908712e-01,-8.071565e-01
1.557564e+00,2.800358e-01,9.098213e+00,5.704246e+00,1.134251e+00,-5.133077e-01
4.097774e+00,2.806640e-01,9.345820e+00,6.201631e+00,1.028832e+00,-3.635804e-01
4.712837e+00,-1.188666e+00,1.115350e+01,6.854685e+00,2.795258e-01,-2.569993e-01
2.653157e+00,-1.660527e+00,1.106383e+01,6.851034e+00,-6.175051e-01,-3.232358e-01
-5.820444e+00,-1.453599e-01,1.120536e+01,5.542861e+00,-3.763352e-01,-7.427364e-02
-7.910447e+00,-4.485457e-01,1.108496e+01,4.141527e+00,7.415847e-01,3.920230e-01
-1.809135e+00,-8.375489e+00,9.251483e+00,1.082864e+00,2.484487e+00,1.221411e+00
2.823931e+00,-3.550236e+00,6.677997e+00,-1.827893e+00,2.775134e+00,1.072285e+00
1.411540e+01,3.652023e+01,-4.200562e-01,-1.591179e+00,8.359669e-01,-3.604926e-01
1.678325e+00,1.594305e+01,1.163819e+00,-9.189168e-01,-1.583516e+00,-1.266145e+00
-4.360265e+00,-2.873323e+00,8.448562e+00,-1.723653e+00,-3.809240e-01,-1.990045e-01
-4.395289e+00,5.321371e+00,9.543054e+00,-1.624574e+00,1.152193e+00,1.783090e-01
3.092677e+00,1.601111e+01,9.073593e+00,-9.400485e-01,1.459900e+00,1.932216e-01
2.335678e+00,7.131766e+00,3.984280e+00,-6.492737e-01,7.826890e-01,9.785477e-02
1.605352e+00,1.127470e+01,4.583706e+00,-6.805719e-01,6.715253e-02,-1.065524e-01
1.201157e+00,1.146728e+01,4.683917e+00,-5.807550e-01,-3.597504e-01,-2.513369e-01
1.235122e-02,8.560335e+00,3.600422e+00,-5.513476e-01,-4.948857e-01,-2.569896e-01
1.080673e+00,9.781102e+00,2.937645e+00,-6.446038e-01,-4.932045e-01,-1.997535e-01
7.146572e-01,9.200544e+00,2.849480e+00,-7.158578e-01,-8.927431e-01,-3.997025e-01
-8.156802e-01,8.145281e+00,2.525655e+00,-8.453573e-01,-1.138650e+00,-4.419731e-01
-3.045469e+00,8.328916e+00,3.434188e+00,-9.804885e-01,-1.074735e+00,-3.841118e-01
-3.800643e+00,7.893087e+00,3.947950e+00,-1.020927e+00,-7.996349e-01,-2.904982e-01
-5.395285e-01,7.380862e+00,4.325688e+00,-1.040955e+00,-1.887211e-01,-1.286757e-01
2.471067e+00,8.101431e+00,4.125618e+00,-1.105146e+00,-1.424585e-01,-1.252876e-01
2.216110e+00,8.946047e+00,4.339461e+00,-1.213773e+00,-8.317326e-01,-3.459954e-01
-1.993869e+00,8.510323e+00,4.089356e+00,-1.241777e+00,-9.318412e-01,-3.301879e-01
-2.482592e-01,8.234858e+00,2.123198e+00,-1.460572e+00,-3.988539e-01,-6.737783e-02
1.749544e+00,8.497486e+00,1.638033e+00,-1.759031e+00,-2.896934e-01,4.777778e-02
7.376033e+00,1.069154e+01,-1.002116e+00,-2.380417e+00,-8.566056e-01,-5.235994e-02
6.784467e+00,9.432230e+00,-4.724554e-01,-2.901627e+00,-1.733897e+00,-2.748324e-01
8.411187e+00,9.285958e+00,-3.433130e-01,-3.730662e+00,-2.474129e+00,-4.776468e-01
7.739541e+00,9.732746e+00,-8.922361e-01,-4.517460e+00,-3.363955e+00,-5.249680e-01
-6.095626e+00,2.431986e+01,1.703064e+01,-5.514743e+00,-4.928805e+00,-5.859193e-01
-2.397417e+01,3.537137e+01,2.738299e+01,-5.187030e+00,-4.089861e+00,-5.864794e-01
-1.636847e+01,6.945973e+00,2.127146e+01,-2.308836e+00,2.182723e+00,2.380633e+00
3.649415e+00,1.624935e+00,2.144770e+01,-1.865471e+00,4.517244e+00,2.616173e+00
1.220216e+01,9.936836e+00,1.181618e+01,-8.519860e-01,3.968671e+00,2.206558e+00
1.086953e+01,5.107926e+00,1.019657e+01,6.694477e-01,1.960583e+00,1.350194e+00
4.980124e+00,2.216748e+00,8.437191e+00,1.908164e+00,-3.429382e-02,5.904657e-01
1.459131e+00,3.217447e+00,9.064988e+00,2.649154e+00,-2.784007e-01,2.220804e-01
1.859653e-01,1.938792e+00,9.842408e+00,4.114605e+00,4.120994e-03,1.409091e-01
7.882443e-01,6.513554e-01,9.016027e+00,5.138442e+00,3.338853e-01,9.672331e-02
1.566267e+00,-7.175148e-01,8.586251e+00,6.308271e+00,4.406027e-01,1.131193e-01
2.323342e+00,-2.171505e+00,9.905995e+00,6.828751e+00,3.585512e-01,5.763817e-02
4.175972e+00,-3.382111e+00,1.253026e+01,7.642439e+00,6.347084e-02,-1.556573e-01
3.207390e+00,-4.395234e+00,1.285429e+01,8.058526e+00,-5.637195e-01,-3.344219e-01
-2.527725e+00,-3.928119e+00,1.295083e+01,7.387440e+00,-1.224944e+00,-4.312093e-01
-7.476669e+00,2.756215e+00,1.230799e+01,5.824481e+00,-4.860115e-01,-2.014327e-01
-5.438462e+00,-2.406743e+00,9.461866e+00,2.802418e+00,1.314479e+00,4.715870e-01
-7.395036e-01,-1.005701e+01,6.773296e+00,-1.367888e-02,2.126256e+00,6.962107e-01
8.379019e+00,8.197445e+00,5.782501e+00,-2.936480e+00,1.702706e+00,1.116015e-01
7.985796e+00,3.429577e+01,-9.014425e+00,-1.967647e+00,2.566200e-01,-5.051423e-01
-1.028999e+01,9.885638e+00,2.515183e+00,-6.581110e-01,-7.167744e-01,-9.728666e-01
-4.268394e+00,-4.670544e+00,7.961167e+00,-1.682876e+00,1.806627e+00,1.064448e-01
8.088199e+00,3.406592e+00,8.251470e+00,-2.181453e+00,3.152189e+00,8.097221e-01
1.057588e+01,1.918956e+01,6.526030e+00,-1.671819e+00,1.965780e+00,2.142399e-01
2.284761e+00,6.745267e+00,3.577001e+00,-8.585152e-01,-8.535246e-01,-5.829883e-01
-3.790880e+00,5.075824e+00,4.353764e+00,-9.030883e-01,-1.576645e+00,-7.743171e-01
-4.323335e+00,1.230809e+01,5.554305e+00,-9.673440e-01,1.436483e-02,-2.558603e-01
1.826041e+00,1.017459e+01,3.626364e+00,-8.041685e-01,3.910588e-01,-1.008046e-01
4.176371e+00,8.478494e+00,2.573766e+00,-8.588417e-01,5.447634e-02,-1.317150e-01
3.158556e+00,9.188013e+00,2.467939e+00,-9.637189e-01,-6.514720e-01,-3.184300e-01
-1.994468e-01,8.440073e+00,1.768118e+00,-1.072063e+00,-1.325782e+00,-6.825531e-01
-6.297766e-01,9.645272e+00,2.897619e+00,-1.143842e+00,-1.347447e+00,-8.505939e-01
-4.464460e+00,7.805544e+00,4.153863e+00,-1.260468e+00,-1.100185e+00,-5.952843e-01
-5.995189e+00,7.404076e+00,5.284365e+00,-1.242134e+00,-4.721993e-01,-3.274182e-01
-1.724287e+00,7.964285e+00,5.581429e+00,-1.145812e+00,5.899732e-01,-2.426176e-02
4.406910e+00,8.907210e+00,5.066459e+00,-1.103726e+00,5.974203e-01,-7.538992e-02
5.234104e+00,8.672163e+00,4.017560e+00,-1.217911e+00,-4.170242e-01,-2.618208e-01
3.161590e+00,8.196094e+00,3.305678e+00,-1.388330e+00,-1.164805e+00,-4.317039e-01
-6.014140e-01,8.487496e+00,1.490767e+00,-1.743757e+00,-1.258028e+00,-3.531376e-01
2.609333e+00,7.735843e+00,-8.387839e-01,-2.146402e+00,-1.117237e+00,-2.744733e-01
4.511440e+00,9.679924e+00,8.504917e-02,-2.845676e+00,-1.508146e+00,-1.728087e-01
5.306741e+00,9.704326e+00,7.488338e-01,-3.361716e+00,-1.807699e+00,-2.255280e-01
5.071031e+00,1.384404e+01,-3.768631e-01,-4.241467e+00,-2.541353e+00,-1.123530e-01
1.138522e+00,1.788965e+01,3.010611e+00,-4.784517e+00,-2.983468e+00,-7.183564e-02
-1.217712e+01,2.259002e+01,1.988246e+01,-5.425320e+00,-2.818140e+00,5.794310e-02
-9.583216e+00,2.143812e+01,2.039644e+01,-4.377609e+00,-6.298847e-01,8.646458e-01
1.702527e+00,1.427914e+00,2.029408e+01,-2.082467e+00,1.929596e+00,1.238505e+00
6.944393e+00,2.902657e+00,1.351860e+01,-1.803661e+00,2.407855e+00,1.130318e+00
7.015907e+00,6.163320e+00,1.145541e+01,1.305731e-01,7.983854e-01,4.676337e-01
2.734240e+00,3.160285e+00,1.112191e+01,1.076383e+00,1.398621e-01,1.428644e-01
6.124566e-03,2.564967e+00,9.231180e+00,2.503905e+00,1.510881e-01,-9.364462e-02
-3.474302e-01,1.083129e+00,9.203855e+00,3.699097e+00,5.658176e-01,-2.240515e-01
8.940743e-01,-3.234446e-01,7.723445e+00,4.898756e+00,1.121313e+00,-8.831501e-02
2.395104e+00,6.353557e-01,7.705816e+00,5.450639e+00,1.175724e+00,-4.850170e-02
3.227267e+00,-1.111086e+00,8.678723e+00,6.519350e+00,7.971059e-01,-8.000000e-02
3.858615e+00,-1.506947e+00,1.024557e+01,7.067302e+00,4.724482e-01,-7.635056e-02
3.849274e+00,-1.689553e+00,1.093840e+01,7.541247e+00,8.556490e-02,-6.250191e-02
-3.800136e-01,-2.460979e-01,1.156940e+01,7.571632e+00,-4.025790e-01,3.976185e-02
-9.068578e+00,2.735150e+00,1.248792e+01,6.502011e+00,3.726424e-01,4.102027e-01
-7.150034e+00,1.907376e+00,1.200692e+01,5.178598e+00,2.055141e+00,1.121312e+00
5.684896e+00,-6.802842e+00,3.562217e+00,2.335210e+00,2.979177e+00,1.690992e+00
9.275726e+00,-6.526415e+00,4.477244e+00,-6.937727e-01,2.247740e+00,5.768328e-01
4.383387e+00,5.428947e+00,9.094600e+00,-2.799035e+00,-2.208768e-01,-7.356475e-01
4.510448e+00,3.247291e+01,-1.134994e+01,-1.572551e+00,-7.824270e-01,-6.981040e-01
-1.957061e+00,2.163197e+01,5.684944e+00,-6.307763e-01,-8.446756e-01,-6.647625e-01
-1.254667e+01,-5.152211e+00,8.112052e+00,-2.098755e+00,8.830365e-01,-4.651162e-01
7.556708e+00,1.315516e+01,9.442345e+00,-2.541708e+00,3.344254e+00,7.766250e-01
9.883121e+00,1.324400e+01,5.271651e+00,-1.305125e+00,1.077930e+00,-9.123092e-02
-1.049823e+00,1.091342e+01,6.476467e+00,-1.095451e+00,-1.736400e+00,-8.235729e-01
-8.489660e+00,7.965954e+00,4.012539e+00,-9.155714e-01,-1.383042e+00,-5.585994e-01
-3.241843e+00,1.122206e+01,4.008256e+00,-9.064283e-01,6.596841e-01,3.128472e-02
1.268655e+00,1.011612e+01,3.499890e+00,-8.133333e-01,1.424549e+00,2.694638e-01
4.630251e+00,7.909374e+00,3.009070e+00,-8.716536e-01,6.142360e-01,2.463232e-02
1.054436e+00,7.422056e+00,3.942912e+00,-8.663216e-01,5.382683e-02,-1.718796e-01
2.802916e-01,7.455940e+00,3.022412e+00,-9.159356e-01,-1.303662e-01,-2.971214e-01
1.893523e+00,8.555777e+00,2.105069e+00,-1.078042e+00,-5.894622e-02,-3.211398e-01
-1.806896e-01,8.204169e+00,2.794705e+00,-1.294069e+00,-1.839649e-01,-3.510879e-01
-1.473413e+00,7.973871e+00,4.011042e+00,-1.350747e+00,-1.006326e-01,-3.486397e-01
4.818162e-01,8.526753e+00,5.006753e+00,-1.408080e+00,1.698436e-01,-2.851438e-01
3.256714e+00,8.495938e+00,4.551095e+00,-1.434624e+00,1.569226e-01,-3.257545e-01
3.135915e+00,8.133912e+00,3.963203e+00,-1.568168e+00,-4.317121e-01,-3.820702e-01
3.128092e-01,7.797526e+00,3.868323e+00,-1.697480e+00,-6.213095e-01,-3.799207e-01
2.078191e+00,8.972307e+00,2.482349e+00,-2.109086e+00,-8.243464e-01,-3.493067e-01
2.440831e+00,9.825176e+00,3.097428e+00,-2.357935e+00,-1.089670e+00,-3.709253e-01
3.069641e+00,1.012261e+01,2.586575e+00,-2.790955e+00,-1.433161e+00,-3.501889e-01
6.448531e+00,9.800000e+00,-3.397854e-01,-3.163606e+00,-1.632311e+00,-3.694394e-01
6.312626e+00,1.558217e+01,-1.671916e+00,-4.050561e+00,-2.635069e+00,-5.485013e-01
-9.817163e-02,1.588621e+01,3.313008e+00,-4.717716e+00,-3.801035e+00,-9.376683e-01
-1.733528e+01,2.871115e+01,2.332431e+01,-5.454819e+00,-3.972703e+00,-7.668322e-01
-1.532132e+01,2.138558e+01,2.169899e+01,-3.988197e+00,-1.390520e+00,4.894823e-01
-3.629046e+00,2.484235e-01,2.425440e+01,-1.919586e+00,2.634945e+00,1.346527e+00
9.650759e+00,5.315437e+00,1.288507e+01,-1.736500e+00,3.323767e+00,1.364235e+00
7.269624e+00,3.902704e+00,1.092464e+01,1.800454e-01,1.644280e+00,6.172811e-01
3.783430e+00,2.943022e+00,8.857309e+00,1.280156e+00,6.466395e-01,1.120891e-01
7.506537e-01,1.939593e+00,8.207923e+00,2.819157e+00,5.359278e-01,-1.088565e-01
4.074231e-01,1.064677e+00,8.440589e+00,3.975321e+00,9.234071e-01,-1.817844e-01
2.082487e+00,-3.723199e-01,7.062430e+00,5.242372e+00,1.414248e+00,2.209439e-02
3.785627e+00,-1.096759e+00,7.544030e+00,5.954947e+00,1.354034e+00,4.983746e-02
5.363514e+00,-1.861554e+00,8.684427e+00,6.751305e+00,8.288134e-01,-5.118656e-03
5.849416e+00,-1.058629e+00,1.063672e+01,7.370583e+00,5.849703e-02,-1.206236e-01
5.097224e+00,-1.142472e+00,1.408350e+01,8.244111e+00,-1.042901e+00,-5.129883e-01
2.126871e+00,-1.099114e+00,1.258695e+01,8.237996e+00,-1.513351e+00,-7.081496e-01
-8.419833e+00,6.486635e+00,1.224216e+01,7.052643e+00,-1.148517e+00,-7.836974e-01
-9.703736e+00,5.068701e+00,9.132244e+00,5.046783e+00,6.185271e-01,7.784346e-02
-3.766230e+00,-8.848167e+00,2.526820e+00,1.861170e+00,2.504834e+00,1.127047e+00
3.552611e+00,-1.072258e+01,2.475509e+00,-1.733586e+00,3.252027e+00,1.008601e+00
1.659470e+01,3.792510e+01,-8.646604e+00,-3.590505e+00,2.269092e+00,8.266894e-01
2.412779e+01,2.731471e+01,-1.207255e+01,2.875125e-01,4.138750e-01,4.205762e-01
-1.492233e+01,-1.090421e+01,8.326421e+00,-2.861437e+00,-2.276995e+00,-1.535927e+00
-4.902909e+00,8.210388e+00,1.686047e+01,-3.532098e+00,5.239826e-01,-9.277558e-02
-3.997249e+00,1.317251e+01,1.080015e+01,-2.073288e+00,8.969283e-01,-1.120105e-01
-1.219405e+00,1.211026e+01,1.026473e+01,-1.349384e+00,1.239418e+00,3.573523e-01
5.987618e-01,7.469363e+00,4.517457e+00,-7.554322e-01,1.776158e+00,5.115439e-01
4.664600e+00,1.036584e+01,3.887500e+00,-7.031184e-01,1.786648e+00,4.264913e-01
6.516446e+00,1.026151e+01,2.551112e+00,-6.840972e-01,6.541371e-01,-7.172168e-03
7.669865e-01,8.223505e+00,2.977133e+00,-6.639654e-01,-5.595240e-01,-3.933519e-01
-2.959529e+00,9.642022e+00,3.126648e+00,-6.231891e-01,-5.925807e-01,-4.185050e-01
-3.449472e+00,9.023918e+00,1.643106e+00,-5.333932e-01,-9.007670e-02,-3.292076e-01
9.376035e-01,7.447732e+00,-1.643067e+00,-7.560801e-01,3.558648e-01,-2.031500e-01
1.541923e+00,7.131965e+00,-1.360237e+00,-1.140879e+00,1.342574e-01,-2.851050e-01
-9.911812e-01,8.471597e+00,1.650067e+00,-1.603423e+00,-1.136889e-01,-3.491891e-01
9.202444e-01,8.321158e+00,3.190733e+00,-1.762016e+00,-1.946047e-02,-3.656059e-01
2.660793e+00,8.170558e+00,3.497296e+00,-1.980563e+00,-1.532239e-01,-3.460046e-01
3.375872e+00,7.946789e+00,3.365015e+00,-2.154242e+00,-5.728509e-01,-4.655049e-01
2.573685e+00,8.150625e+00,3.814332e+00,-2.463201e+00,-1.410915e+00,-6.407355e-01
-4.660027e-01,7.806962e+00,4.388973e+00,-2.684413e+00,-1.804878e+00,-6.807917e-01
-1.619100e+00,7.970990e+00,5.592612e+00,-2.942985e+00,-1.724353e+00,-4.424162e-01
2.912456e+00,9.466435e+00,4.328026e+00,-3.139877e+00,-1.343128e+00,-1.766523e-01
1.160612e+01,9.087847e+00,-4.966427e-01,-3.692182e+00,-1.887265e+00,-3.136433e-01
1.086159e+01,1.738699e+01,-2.101518e+00,-4.610734e+00,-3.198051e+00,-4.917630e-01
-3.385986e+00,2.146272e+01,1.075289e+01,-5.306546e+00,-5.424285e+00,-9.238744e-01
-1.305899e+01,2.164501e+01,2.025113e+01,-5.127667e+00,-5.785719e+00,-3.980172e-01
-1.735564e+01,1.678292e+01,1.981807e+01,-3.257904e+00,-1.504708e+00,5.473303e-01
-2.608599e+00,3.988993e+00,1.964272e+01,-1.555078e+00,1.785030e+00,8.938145e-01
1.153765e+01,1.029495e+01,8.374202e+00,-5.593958e-01,2.775181e+00,8.987591e-01
8.826284e+00,8.442864e+00,8.180463e+00,1.516471e+00,2.086954e+00,-7.416675e-02
4.886067e+00,5.830125e-01,8.761464e+00,3.494163e+00,1.121515e+00,-6.859215e-01
3.734250e+00,9.473449e-01,7.059114e+00,4.357911e+00,9.405644e-01,-6.855683e-01
1.237278e+00,-1.116691e-01,1.003663e+01,5.414703e+00,1.070325e+00,-1.003856e+00
1.004970e+00,-5.538739e-01,9.812371e+00,6.266363e+00,1.517386e+00,-8.696512e-01
3.398151e+00,1.324666e+00,1.110314e+01,7.302793e+00,1.791976e+00,-6.174080e-01
5.170700e+00,1.649439e+00,1.446514e+01,8.111287e+00,1.503799e+00,-4.752421e-01
7.946473e+00,4.118024e+00,1.192608e+01,8.892224e+00,7.473162e-01,-3.164351e-01
6.570928e+00,7.435401e+00,1.140076e+01,8.420026e+00,-1.618053e-01,-1.582887e-01
-6.815656e+00,4.304952e+00,6.228820e+00,6.004224e+00,-6.256778e-01,-6.945453e-01
-1.862898e+01,-9.552930e+00,6.891224e+00,3.247916e+00,1.740833e+00,-1.877587e-01
3.293755e+00,-1.278506e+01,3.714551e+00,-1.349086e+00,4.327806e+00,1.337158e+00
1.134930e+01,2.050974e+00,8.476035e+00,-4.252738e+00,3.299018e+00,9.177614e-01
3.353961e+01,3.319863e+01,-2.181096e+00,8.841174e-02,-1.876687e-01,-6.237444e-03
-8.893759e+00,-1.064064e+01,8.127376e+00,-1.351555e+00,-3.700337e+00,-3.189059e+00
-1.574535e+01,8.134656e+00,1.821835e+01,-3.513855e+00,-1.079143e+00,-4.267634e-01
-4.913972e+00,2.425167e+01,1.299574e+01,-2.731805e+00,2.011472e+00,9.452095e-01
4.175791e+00,3.916406e+00,8.019694e+00,-1.269831e+00,2.853313e+00,6.236084e-01
8.202703e+00,7.603975e+00,5.266661e+00,-1.386200e+00,2.199271e+00,7.644368e-01
8.002136e+00,1.092088e+01,3.202027e+00,-1.177833e+00,1.422123e-01,-2.868933e-02
9.582174e-01,1.013196e+01,3.443106e+00,-1.247004e+00,-9.916894e-01,-3.492811e-01
-1.771494e+00,9.411392e+00,2.874668e+00,-1.239076e+00,-1.042108e+00,-3.844593e-01
-6.735644e-01,9.261997e+00,1.597864e+00,-1.267694e+00,-5.492132e-01,-2.114504e-01
6.470621e-01,7.055295e+00,4.931762e-01,-1.429013e+00,-4.269066e-01,-2.832889e-01
-6.237776e-01,7.161663e+00,6.541884e-01,-1.664359e+00,-6.392703e-01,-3.354243e-01
-2.402309e+00,7.436921e+00,2.304099e+00,-1.918162e+00,-5.371024e-01,-3.440944e-01
-9.791843e-01,7.988239e+00,5.400870e+00,-1.967579e+00,-2.272257e-01,-2.905746e-01
2.065279e+00,7.887200e+00,5.838801e+00,-1.993850e+00,1.182499e-04,-1.740067e-01
2.396669e+00,6.951665e+00,3.859703e+00,-2.071861e+00,-1.878988e-01,-5.869055e-02
4.172405e+00,1.033799e+01,1.737793e+00,-2.478688e+00,-5.116478e-01,7.689037e-02
4.120681e+00,1.015935e+01,1.526078e+00,-2.788858e+00,-9.073045e-01,-5.391297e-02
3.615927e+00,1.163312e+01,-3.224879e-01,-3.402879e+00,-1.467824e+00,-1.282807e-02
5.775064e+00,1.761596e+01,-1.834720e+00,-4.053689e+00,-1.914706e+00,4.463481e-02
5.812855e+00,2.365167e+01,-7.717618e-01,-4.718926e+00,-3.415531e+00,-1.893023e-01
-7.847722e+00,1.772682e+01,1.734096e+01,-4.495716e+00,-4.598514e+00,-3.963297e-01
-1.006725e+01,1.930221e+01,1.818551e+01,-3.371925e+00,-2.359547e+00,-5.590704e-02
-7.518215e+00,9.138272e+00,1.838318e+01,-1.197623e+00,-2.436290e-01,1.129331e-01
5.981578e+00,7.775625e+00,9.427456e+00,-9.872697e-02,1.673822e+00,2.550099e-01
5.800040e+00,7.644110e+00,9.680074e+00,1.475197e+00,1.488390e+00,-2.480521e-01
4.030930e+00,2.996295e+00,9.644199e+00,3.514334e+00,1.138134e+00,-6.488865e-01
3.393747e+00,7.119550e-01,8.213941e+00,4.418271e+00,1.088093e+00,-6.670766e-01
2.294512e+00,6.749201e-01,9.691776e+00,5.583692e+00,1.299676e+00,-8.731687e-01
2.261894e+00,6.547512e-01,1.023584e+01,6.298543e+00,1.456767e+00,-7.998681e-01
4.274137e+00,6.384121e-01,1.217802e+01,7.281466e+00,1.555512e+00,-7.641822e-01
5.519032e+00,2.377579e+00,1.257453e+01,7.991543e+00,1.213265e+00,-6.928518e-01
6.134428e+00,4.032407e+00,1.203873e+01,8.101321e+00,4.301106e-01,-5.136390e-01
-9.541461e-02,1.064844e+01,9.462422e+00,7.270344e+00,-3.033635e-01,-3.359070e-01
-1.597756e+01,-1.305730e+00,5.211759e+00,5.545712e+00,6.932923e-01,-3.446148e-01
-8.260278e+00,-9.204151e+00,3.250823e+00,3.272844e+00,3.608893e+00,3.555963e-01
1.004061e+01,-5.430090e+00,-1.435331e+00,-9.439038e-01,3.916024e+00,1.297086e+00
8.310724e+00,-1.701971e+00,6.213711e+00,-3.120020e+00,1.980718e+00,4.843611e-01
1.724621e+01,3.619545e+01,-2.526604e+00,-4.238575e+00,1.628627e-01,4.035773e-02
8.601886e+00,1.940223e+01,5.386635e+00,3.249337e-01,-1.255062e+00,-6.564945e-01
-1.934194e+01,-5.661812e+00,9.952824e+00,-2.557614e+00,-1.819057e+00,-7.289750e-01
-1.432477e+01,1.174888e+01,1.786452e+01,-3.437989e+00,1.916381e+00,1.617525e-01
9.585923e+00,1.090099e+01,5.312311e+00,-1.783561e+00,3.663829e+00,1.147841e+00
1.199514e+01,4.977493e+00,6.051871e+00,-1.721967e+00,2.578620e+00,2.007122e-01
9.284944e+00,1.097077e+01,3.286315e+00,-1.525253e+00,-2.138754e-01,-2.838915e-01
1.183889e+00,9.540059e+00,3.876160e+00,-1.470653e+00,-1.754528e+00,-8.238358e-01
-4.415468e+00,1.053122e+01,3.988345e+00,-1.483384e+00,-1.758529e+00,-6.639928e-01
-4.267654e+00,1.021474e+01,3.902444e+00,-1.407687e+00,-8.219221e-01,-3.714722e-01
2.692814e-01,7.371826e+00,2.970359e+00,-1.309911e+00,-5.582473e-02,-1.882283e-01
1.520968e+00,6.362172e+00,3.178548e+00,-1.359286e+00,-1.383893e-01,-2.211248e-01
-1.111820e+00,7.198356e+00,4.537058e+00,-1.453839e+00,-5.071390e-01,-3.362291e-01
-2.770114e+00,7.371161e+00,5.796594e+00,-1.470360e+00,-5.264361e-01,-3.480536e-01
-2.208607e+00,7.529491e+00,6.680102e+00,-1.374930e+00,1.936270e-01,-6.453201e-02
6.738877e-01,7.529722e+00,6.317223e+00,-1.261494e+00,6.213380e-01,3.295975e-02
3.341408e+00,8.179971e+00,4.567393e+00,-1.242138e+00,5.236347e-01,4.025358e-02
2.911478e+00,7.755691e+00,3.645691e+00,-1.295938e+00,-6.967754e-02,-8.593314e-02
1.739894e+00,8.984582e+00,2.625926e+00,-1.585531e+00,-5.747791e-01,-1.550096e-01
-1.228673e-01,1.016081e+01,2.587609e+00,-1.856078e+00,-7.994651e-01,-1.316942e-01
2.790621e-01,9.975035e+00,3.557842e+00,-2.154807e+00,-7.716238e-01,-2.703384e-02
5.457481e+00,1.140580e+01,1.637715e+00,-2.464188e+00,-7.267891e-01,7.845039e-02
1.169173e+01,1.430425e+01,-3.587395e+00,-3.234659e+00,-1.748559e+00,2.606020e-03
6.764284e+00,1.775107e+01,-1.952358e+00,-3.933235e+00,-3.455096e+00,-4.333923e-01
-6.132173e+00,1.430677e+01,1.434449e+01,-4.364523e+00,-4.890011e+00,-9.931873e-01
-5.894758e+00,2.078200e+01,1.750265e+01,-4.124040e+00,-3.897337e+00,-8.766323e-01
-5.051997e+00,1.120837e+01,1.514599e+01,-2.052249e+00,-1.720969e+00,-7.410120e-01
1.655704e+00,3.520720e+00,1.330892e+01,-1.202222e+00,-1.175679e-01,-7.096298e-01
4.054288e+00,8.393053e+00,8.256168e+00,-6.178689e-02,3.020430e-01,-1.129979e+00
6.364431e-01,5.443727e+00,9.542497e+00,1.560725e+00,4.129440e-01,-1.563683e+00
1.314365e+00,2.971341e+00,7.898659e+00,3.118545e+00,1.405999e+00,-1.268488e+00
2.253816e+00,2.968552e+00,8.336068e+00,3.960321e+00,1.905822e+00,-1.202712e+00
1.619939e+00,2.146598e+00,9.679990e+00,5.078904e+00,2.193069e+00,-1.096898e+00
2.515753e+00,3.403969e+00,1.014882e+01,5.928685e+00,2.486325e+00,-8.033392e-01
4.725545e+00,3.590680e+00,1.160223e+01,7.151723e+00,2.353998e+00,-4.804860e-01
8.318911e+00,4.644131e+00,1.260335e+01,7.685187e+00,1.892734e+00,-2.648045e-01
7.233192e+00,9.196738e+00,8.644461e+00,7.738287e+00,3.562170e-01,9.343484e-02
9.556087e-01,5.514329e+00,5.894329e+00,6.941811e+00,-6.031129e-01,-4.329862e-01
-1.339729e+01,-6.562134e-01,7.775810e+00,4.378138e+00,7.805090e-01,-2.814249e-01
-4.252758e+00,-1.090577e+01,-1.850770e-01,2.081441e+00,2.966584e+00,3.716496e-01
6.420139e+00,4.071464e+00,2.806446e+00,-2.075065e+00,3.292340e+00,1.087439e+00
2.841045e+01,3.889329e+01,-3.516789e+00,-2.568691e+00,2.540819e+00,1.006580e+00
1.693838e+00,-5.664737e+00,4.375044e+00,-2.415089e+00,-1.525714e+00,-1.595038e+00
-1.778358e+00,-1.845904e+00,1.013771e+01,-3.196279e+00,-1.556652e+00,-5.803266e-01
-9.968393e+00,1.613540e+01,1.629246e+01,-3.340713e+00,-6.858411e-01,-2.895090e-01
-4.373749e+00,1.158968e+01,9.102726e+00,-2.150674e+00,7.625353e-01,7.679908e-02
-1.046123e-01,5.552962e+00,6.656281e+00,-1.488030e+00,2.139112e+00,6.089127e-01
6.065277e+00,1.035385e+01,5.210603e+00,-1.409092e+00,2.234770e+00,5.991586e-01
7.141054e+00,1.007714e+01,2.711215e+00,-1.215662e+00,8.425783e-01,1.181914e-01
1.491018e+00,8.981281e+00,3.659903e+00,-1.249754e+00,-7.191904e-01,-2.730152e-01
-4.790771e+00,8.640330e+00,4.300275e+00,-1.221502e+00,-8.306273e-01,-2.294837e-01
-3.820788e+00,9.152143e+00,4.473729e+00,-1.134703e+00,5.149325e-02,4.977578e-03
1.857250e+00,8.814597e+00,3.232560e+00,-1.037740e+00,8.712326e-01,1.225799e-01
4.444381e+00,8.936741e+00,1.885844e+00,-1.148004e+00,5.193423e-01,-1.385585e-02
4.849096e-01,7.908961e+00,2.561039e+00,-1.382903e+00,-4.340852e-01,-2.495576e-01
-1.810491e+00,7.643343e+00,4.246717e+00,-1.506739e+00,-5.016600e-01,-2.783990e-01
-6.556076e-01,7.396912e+00,5.309348e+00,-1.565555e+00,-3.671466e-02,-7.890804e-02
2.183938e+00,7.031969e+00,3.614781e+00,-1.651443e+00,2.241459e-01,9.550609e-02
3.076448e+00,8.479517e+00,1.429724e+00,-2.012134e+00,-1.572479e-01,1.600831e-01
1.625365e+00,9.008293e+00,6.382928e-01,-2.383680e+00,-6.083736e-01,9.036244e-02
-7.383650e-01,1.025347e+01,2.408287e+00,-3.010286e+00,-9.812038e-01,1.526950e-01
4.850428e+00,1.052063e+01,2.048847e+00,-3.297826e+00,-9.174447e-01,1.783059e-01
1.405861e+01,1.657647e+01,-5.067092e+00,-4.251029e+00,-1.613185e+00,1.538061e-01
3.855118e+00,1.961978e+01,5.350525e+00,-4.561322e+00,-4.057554e+00,-2.616165e-01
-7.889683e+00,1.687620e+01,1.683215e+01,-4.219583e+00,-5.041323e+00,-6.382141e-01
-9.915430e+00,2.168320e+01,1.697472e+01,-3.499682e+00,-3.231223e+00,-5.900127e-01
-2.642835e+00,2.710357e+00,1.813368e+01,-1.096355e+00,-3.367323e-02,-1.318053e-01
3.770328e+00,8.590454e+00,9.123346e+00,-5.502369e-01,1.377413e+00,-3.255525e-02
5.744567e+00,7.328067e+00,9.444152e+00,1.678824e+00,1.483969e+00,-8.422496e-01
6.374588e+00,2.489376e+00,8.105251e+00,3.231550e+00,1.378388e+00,-1.185126e+00
7.956016e+00,1.039255e+00,7.321072e+00,4.483096e+00,1.153519e+00,-1.318164e+00
6.660424e+00,1.075504e+00,8.859576e+00,5.341609e+00,7.465725e-01,-1.717730e+00
2.716681e+00,2.050849e+00,1.110781e+01,6.349059e+00,4.540419e-01,-1.968572e+00
2.096136e+00,3.283556e+00,1.300610e+01,7.243571e+00,5.826522e-01,-1.914655e+00
3.412904e+00,8.966668e+00,1.188570e+01,8.044774e+00,6.076516e-01,-1.196495e+00
2.288617e+00,8.393619e+00,1.064322e+01,8.013772e+00,3.246468e-01,-6.585593e-01
-8.318365e+00,5.462713e-02,5.101376e+00,6.380646e+00,7.638855e-01,-9.236455e-01
-1.106535e+01,-4.600840e+00,8.456491e+00,4.330074e+00,2.720653e+00,-2.308656e-01
6.561683e+00,-9.638517e+00,-3.245151e+00,1.088687e+00,4.561307e+00,1.233587e+00
7.090271e+00,-4.174100e+00,2.895980e+00,-2.117426e+00,3.018320e+00,5.998017e-01
1.561781e+01,3.398917e+01,6.895850e-01,-2.998575e+00,1.183914e+00,6.511198e-01
3.423635e+00,1.403890e+01,2.442047e+00,-1.139295e+00,-8.917497e-01,-5.364399e-01
-2.986945e+01,3.483552e+00,2.041306e+01,-3.412064e+00,-2.610532e+00,-1.241008e+00
-3.680084e+00,1.094769e+01,2.173882e+01,-3.743189e+00,1.920414e+00,1.232484e-01
1.404260e+00,6.468935e+00,8.048854e+00,-1.797791e+00,2.558643e+00,7.364460e-01
4.913881e+00,9.310891e+00,9.620691e+00,-1.703325e+00,2.329011e+00,3.866310e-01
8.633336e+00,1.009072e+01,4.094862e+00,-1.347015e+00,7.475522e-01,1.750158e-01
1.691769e+00,9.564410e+00,4.883406e+00,-1.276771e+00,-8.024330e-01,-4.450481e-01
-2.363558e+00,1.090603e+01,4.503454e+00,-1.130344e+00,-9.975147e-01,-3.894669e-01
-1.190617e+00,9.253473e+00,3.463678e+00,-9.868820e-01,-6.442130e-01,-3.019633e-01
1.347045e+00,7.207008e+00,1.851487e+00,-1.036689e+00,-6.181187e-01,-3.109717e-01
-1.672562e+00,7.471934e+00,2.729176e+00,-1.161542e+00,-9.723194e-01,-5.035897e-01
-3.643168e+00,7.916008e+00,3.305412e+00,-1.327481e+00,-7.918308e-01,-3.518326e-01
-1.991394e+00,6.853115e+00,4.200024e+00,-1.373056e+00,-1.019826e-01,-1.584706e-01
3.303898e+00,7.897797e+00,4.334068e+00,-1.462172e+00,3.267971e-01,-1.111111e-02
3.847753e+00,7.892697e+00,3.320293e+00,-1.609832e+00,-3.601713e-02,-6.652120e-02
1.517190e+00,8.314248e+00,1.877778e+00,-1.950569e+00,-7.897115e-01,-1.004024e-01
2.333314e-02,9.164133e+00,1.353333e+00,-2.260807e+00,-9.614278e-01,-7.937717e-02
-5.558511e-01,8.120788e+00,2.186928e+00,-2.668234e+00,-9.120441e-01,1.000005e-01
4.725838e+00,9.622263e+00,1.189880e+00,-3.092519e+00,-6.000662e-01,3.527090e-01
1.421574e+01,1.721090e+01,-4.468823e+00,-4.028191e+00,-1.404453e+00,3.445764e-01
6.837787e+00,2.084094e+01,-9.372613e-02,-4.647566e+00,-3.580193e+00,-1.526192e-01
-1.094645e+01,1.841626e+01,1.924714e+01,-4.682156e+00,-5.432918e+00,-5.801162e-01
-1.139849e+01,2.126735e+01,1.856676e+01,-4.042973e+00,-3.383717e+00,2.864708e-02
-6.928685e+00,7.863254e+00,1.713860e+01,-1.239974e+00,-6.001567e-02,5.772376e-01
5.030925e+00,4.207698e+00,1.165958e+01,-6.279088e-01,1.668623e+00,5.803404e-01
6.990880e+00,8.357794e+00,9.163899e+00,8.589845e-01,1.543966e+00,-2.598449e-02
5.145335e+00,5.288709e+00,9.799108e+00,2.873551e+00,9.633932e-01,-7.880501e-01
4.576591e+00,7.082499e-01,7.669079e+00,4.104430e+00,8.546768e-01,-9.120732e-01
3.444348e+00,1.735318e+00,8.839567e+00,4.903443e+00,9.274998e-01,-1.166565e+00
2.347700e+00,1.132567e+00,1.034925e+01,5.870279e+00,1.082334e+00,-1.267231e+00
2.431132e+00,2.580706e+00,1.077165e+01,6.704130e+00,1.374562e+00,-1.173534e+00
3.536222e+00,3.451759e+00,1.344911e+01,7.573565e+00,1.409617e+00,-1.070432e+00
6.272195e+00,6.425515e+00,1.300763e+01,8.229991e+00,1.171913e+00,-6.706677e-01
6.533527e+00,1.051182e+01,9.315712e+00,7.858655e+00,1.491656e-01,-6.154285e-01
-9.213555e+00,3.049898e+00,4.303444e+00,6.220810e+00,-2.649551e-01,-1.174364e+00
-1.168249e+01,-6.961593e+00,-3.472361e+00,4.095176e+00,1.747416e+00,-6.621248e-01
1.997564e-01,-1.280312e+01,-5.513298e+00,-1.405547e-01,3.127583e+00,7.034784e-01
5.398000e+00,1.760748e+01,5.717772e+00,-3.502864e+00,2.329281e+00,7.662189e-01
1.515179e+01,3.577834e+01,-5.599735e-01,-1.856242e+00,1.830504e+00,6.795143e-01
-3.017402e+00,-1.000371e+01,9.450549e+00,-3.508905e+00,3.369286e-01,-3.784705e-01
-7.940515e+00,1.157478e+00,2.154776e+01,-3.633159e+00,1.217500e+00,1.541007e-01
5.785245e+00,1.603713e+01,1.265837e+01,-2.138910e+00,1.578227e+00,5.282508e-01
8.231952e-01,1.212464e+01,1.178010e+01,-1.487188e+00,1.292458e+00,1.837376e-01
3.650195e+00,8.729639e+00,5.472712e+00,-1.183305e+00,1.085337e+00,2.853463e-01
4.956587e+00,9.719493e+00,4.711419e+00,-9.867267e-01,3.661952e-01,-3.782470e-02
1.857749e+00,1.098303e+01,4.556586e+00,-8.669010e-01,-5.128099e-01,-2.491812e-01
-7.075253e-01,9.420746e+00,3.888271e+00,-7.902798e-01,-5.806140e-01,-2.628003e-01
-8.516427e-01,9.813804e+00,2.738257e+00,-7.379869e-01,-3.640500e-01,-2.356991e-01
-1.031804e+00,8.897216e+00,1.607216e+00,-8.055647e-01,-2.844076e-01,-2.779991e-01
-1.249252e-01,6.449239e+00,5.328580e-03,-1.065031e+00,-2.659376e-01,-3.185856e-01
-1.099310e+00,6.754017e+00,9.391492e-01,-1.388064e+00,-3.270433e-01,-1.866936e-01
-4.734461e-01,6.904345e+00,2.921871e+00,-1.639638e+00,-1.361539e-01,-1.551710e-01
1.125069e+00,8.587375e+00,3.914931e+00,-1.799388e+00,-7.317604e-02,-8.618550e-02
2.159353e+00,7.168738e+00,2.026149e+00,-2.008465e+00,-2.872395e-01,-8.052280e-02
2.007787e+00,7.152254e+00,2.313443e+00,-2.298469e+00,-5.501156e-01,-5.774610e-02
2.110936e+00,8.649549e+00,2.619695e+00,-2.723328e+00,-1.108644e+00,-1.226642e-01
-9.177606e-01,9.294668e+00,3.834241e+00,-2.977175e+00,-1.359645e+00,-3.403861e-02
1.146706e+00,1.106304e+01,3.232433e+00,-3.335259e+00,-1.059804e+00,2.540611e-01
9.178609e+00,1.665507e+01,-3.842785e+00,-4.022989e+00,-1.590780e+00,2.719680e-01
2.465253e+00,1.825241e+01,4.082500e+00,-4.448751e+00,-4.106762e+00,-3.608744e-01
-1.696412e+00,1.533629e+01,1.336811e+01,-4.346707e+00,-4.586678e+00,-6.162974e-01
-8.899664e+00,2.001399e+01,1.697721e+01,-2.919153e+00,-2.323713e+00,-7.915875e-01
-5.490977e+00,1.133894e+01,1.498598e+01,-1.409233e+00,-5.821799e-02,-4.030885e-01
6.646512e+00,7.441057e+00,8.599468e+00,-6.825827e-01,1.013286e+00,-8.356144e-01
6.201760e+00,9.159960e+00,8.388378e+00,1.017142e+00,6.895210e-01,-1.585034e+00
3.351647e+00,4.478690e+00,8.688690e+00,2.706041e+00,9.489447e-01,-1.529794e+00
3.264230e+00,3.384060e+00,7.635726e+00,3.680191e+00,1.459831e+00,-1.549703e+00
3.757176e+00,3.107908e+00,9.018370e+00,4.848393e+00,1.968587e+00,-1.529916e+00
4.152875e+00,2.830109e+00,1.051470e+01,5.791154e+00,2.098699e+00,-1.321029e+00
4.878038e+00,3.928508e+00,1.093505e+01,7.071872e+00,1.829897e+00,-9.310966e-01
5.548564e+00,3.526427e+00,1.414499e+01,7.948501e+00,1.389099e+00,-4.879965e-01
7.471321e+00,8.253859e+00,1.073403e+01,8.304503e+00,5.064422e-01,1.972012e-01
5.125020e+00,7.422110e+00,9.652259e+00,7.890228e+00,7.799457e-03,-1.211835e-01
-1.027183e+01,3.502322e-02,4.305687e+00,4.937955e+00,7.907710e-01,-3.732757e-01
-1.229372e+01,-9.629077e+00,3.124767e+00,2.333733e+00,3.343874e+00,5.467230e-01
1.911989e+00,-1.090094e+01,8.326031e-01,-1.881178e+00,3.911109e+00,1.305575e+00
8.060248e+00,1.402051e+01,3.858778e+00,-4.077638e+00,2.899358e+00,6.869048e-01
2.341149e+01,2.624134e+01,1.115534e-01,-8.601446e-01,-8.380870e-01,-1.099363e+00
-4.807995e+00,-1.016163e+01,8.120301e+00,-2.531232e+00,-2.829898e+00,-1.870740e+00
-1.383173e+01,3.392146e+00,1.769243e+01,-3.566229e+00,-8.039366e-01,-2.484023e-01
-7.807697e+00,2.063144e+01,1.390749e+01,-2.876128e+00,1.294432e+00,2.858734e-01
-1.886334e+00,6.866414e+00,7.585258e+00,-1.643032e+00,2.363883e+00,6.155637e-01
7.601918e+00,7.475512e+00,5.280642e+00,-1.820052e+00,1.958609e+00,5.704730e-01
7.426603e+00,1.101143e+01,4.869822e+00,-1.528843e+00,1.944560e-01,-7.550397e-02
3.028547e+00,9.425599e+00,5.334724e+00,-1.495374e+00,-1.038790e+00,-3.814370e-01
-2.563791e+00,8.725010e+00,5.273368e+00,-1.354748e+00,-8.676053e-01,-2.702330e-01
-9.897973e-01,9.183694e+00,3.852832e+00,-1.310636e+00,-2.252111e-01,-1.627510e-01
1.676729e+00,8.676542e+00,3.016596e+00,-1.343428e+00,-2.220089e-01,-2.041888e-01
1.688081e+00,6.931232e+00,2.822254e+00,-1.451797e+00,-5.897817e-01,-3.121022e-01
-9.386116e-01,7.419253e+00,3.518612e+00,-1.615470e+00,-7.620343e-01,-3.647344e-01
-1.791118e+00,7.632363e+00,5.104424e+00,-1.655194e+00,-6.185721e-01,-3.366398e-01
7.542845e-02,7.994448e+00,5.210614e+00,-1.684780e+00,-2.989976e-01,-2.025530e-01
1.113826e+00,7.712700e+00,3.215893e+00,-1.834672e+00,-4.096536e-01,-1.039091e-01
2.490707e+00,7.872185e+00,1.148731e+00,-2.329018e+00,-7.204074e-01,-5.619145e-02
2.117753e+00,8.975108e+00,1.243231e+00,-2.808011e+00,-1.091228e+00,-4.799903e-02
2.772790e+00,1.165166e+01,-3.755690e-01,-3.389005e+00,-1.173830e+00,8.357500e-02
5.422774e+00,1.536688e+01,-1.277755e+00,-3.978975e+00,-1.425603e+00,7.956305e-02
8.386310e+00,2.466400e+01,1.606047e+00,-4.495221e+00,-3.181101e+00,-2.728111e-01
-4.443707e+00,1.838327e+01,1.612217e+01,-4.240188e+00,-4.572509e+00,-4.980945e-01
-1.116241e+01,1.987796e+01,1.792101e+01,-2.648503e+00,-2.530610e+00,-1.476795e-01
-8.970483e+00,5.111337e+00,1.952672e+01,-5.598938e-01,-2.022118e-01,-9.270543e-03
4.889379e+00,8.205359e+00,8.548774e+00,5.055071e-01,1.858359e+00,2.342291e-01
7.046978e+00,9.382798e+00,8.595291e+00,2.299833e+00,1.651154e+00,-4.874579e-01
5.505304e+00,3.078866e+00,8.251684e+00,3.909220e+00,1.060609e+00,-7.870963e-01
4.675972e+00,9.667891e-01,7.000901e+00,4.710177e+00,8.397553e-01,-9.831130e-01
2.898223e+00,1.310253e+00,8.606609e+00,5.645045e+00,8.443791e-01,-1.258366e+00
2.396469e+00,1.802237e+00,9.597653e+00,6.308677e+00,9.360505e-01,-1.233364e+00
3.222922e+00,3.478732e+00,1.105444e+01,7.315662e+00,9.951663e-01,-1.143874e+00
4.292556e+00,4.359730e+00,1.304868e+01,7.906855e+00,8.203137e-01,-9.945744e-01
5.369725e+00,8.977868e+00,9.580132e+00,7.811689e+00,9.239893e-02,-4.984422e-01
-1.038916e+00,9.823299e+00,8.509166e+00,6.806298e+00,-4.332754e-01,-4.192368e-01
-1.345693e+01,-3.326436e+00,5.795488e+00,4.531719e+00,1.705994e+00,-3.663021e-01
-8.691795e+00,-9.793283e+00,-1.200244e+00,1.257050e+00,3.953726e+00,4.523791e-01
8.539222e+00,-5.883267e+00,3.956847e+00,-2.487195e+00,3.140601e+00,7.139779e-01
6.975350e+00,1.363331e+01,4.861279e+00,-3.642133e+00,1.712370e+00,3.430942e-01
1.242289e+01,1.966581e+01,2.982922e+00,-1.744877e+00,-5.536308e-01,-1.372390e+00
-3.656276e+00,-5.000482e+00,9.756966e+00,-3.372505e+00,-2.108418e-01,-1.490851e-01
-9.744670e+00,9.793666e+00,1.592457e+01,-3.556158e+00,2.383925e-01,-1.158325e-01
-4.110109e+00,2.038239e+01,1.298648e+01,-2.711871e+00,6.950094e-01,-3.724922e-01
2.070851e+00,4.766249e+00,7.248787e+00,-1.738238e+00,6.771859e-01,1.987036e-01
-2.312276e+00,8.297361e+00,7.323333e+00,-1.710401e+00,1.080814e+00,4.055698e-01
5.160667e+00,1.238154e+01,5.851122e+00,-1.326067e+00,1.344677e+00,3.420959e-01
4.731495e+00,8.720464e+00,4.788273e+00,-1.201093e+00,2.735643e-01,-5.528714e-02
6.173794e-01,8.736772e+00,4.499384e+00,-1.158164e+00,-3.443608e-01,-1.021386e-01
-3.208307e-01,1.005447e+01,4.336864e+00,-1.067033e+00,-1.933482e-01,-1.767619e-01
7.151655e-03,9.651524e+00,2.712649e+00,-1.071217e+00,-5.084491e-03,-1.652472e-01
9.960284e-01,8.694234e+00,1.863185e+00,-1.164555e+00,-1.544840e-01,-2.230451e-01
8.364205e-01,7.541339e+00,2.127998e+00,-1.394439e+00,-5.689855e-01,-3.436926e-01
-2.223579e-01,7.482235e+00,2.748197e+00,-1.612893e+00,-6.997497e-01,-3.099098e-01
-9.000000e-02,7.187996e+00,2.644249e+00,-1.862932e+00,-6.413743e-01,-2.026960e-01
3.167610e-01,7.418057e+00,2.127228e+00,-2.141562e+00,-4.987041e-01,-7.342066e-02
3.493457e+00,9.201310e+00,1.081572e+00,-2.591802e+00,-7.795319e-01,-7.104898e-02
2.235980e+00,1.000908e+01,2.024556e+00,-3.009936e+00,-1.281067e+00,-1.266565e-01
5.443525e+00,1.088956e+01,1.748236e+00,-3.613959e+00,-1.658537e+00,-1.316072e-01
1.649715e+01,1.506733e+01,-6.048053e+00,-4.729208e+00,-2.958844e+00,-1.980760e-01
-2.318263e+00,1.889385e+01,1.102855e+01,-4.545774e+00,-6.417128e+00,-8.233936e-01
-1.388032e+01,1.561091e+01,1.856249e+01,-4.383169e+00,-5.573708e+00,-6.237144e-01
-2.024323e+01,1.987970e+01,1.930210e+01,-2.064741e+00,-8.506615e-01,4.764128e-01
-4.010594e+00,3.831348e+00,1.750212e+01,-8.711772e-01,2.754020e+00,1.146612e+00
9.482537e+00,1.200779e+01,9.088883e+00,5.016269e-01,3.374063e+00,6.023244e-01
1.153245e+01,8.005837e+00,9.627899e+00,2.502263e+00,2.438609e+00,-2.732914e-01
9.452480e+00,1.392381e+00,6.697685e+00,4.019890e+00,6.780622e-01,-8.889539e-01
6.271386e+00,1.493919e+00,7.506287e+00,4.791913e+00,-7.354133e-02,-1.482789e+00
9.600702e-01,1.042907e+00,9.973916e+00,5.627984e+00,-6.332100e-02,-1.881510e+00
-7.902587e-01,3.243363e+00,1.030440e+01,6.327587e+00,5.784690e-01,-1.822594e+00
2.429744e-01,3.906046e+00,1.198134e+01,7.525752e+00,1.660306e+00,-1.611330e+00
4.280844e+00,5.525292e+00,1.344415e+01,8.051728e+00,1.584154e+00,-9.876544e-01
8.011411e+00,1.373414e+01,1.029721e+01,7.886893e+00,4.134828e-01,-2.499247e-01
1.502509e+00,5.119636e+00,5.718008e+00,7.139853e+00,-3.475121e-01,-9.015742e-01
-1.516433e+01,-7.723968e+00,3.474068e+00,3.776141e+00,1.706986e+00,-6.363066e-01
-3.342104e+00,-1.199541e+01,-1.904227e+00,1.108406e-01,3.306104e+00,6.402587e-01
1.832265e+00,1.128194e+01,7.429396e+00,-3.643723e+00,2.659404e+00,5.974256e-01
1.715854e+01,3.940961e+01,-2.818875e+00,-2.640424e+00,2.644381e+00,1.285963e+00
2.174798e-01,-7.967614e+00,7.416761e+00,-2.883940e+00,6.785433e-01,-9.194690e-01
3.308455e+00,-6.306330e+00,1.336490e+01,-3.501802e+00,8.960225e-01,3.307876e-01
-6.796978e-01,1.770094e+01,1.474552e+01,-2.782069e+00,4.578216e-01,-2.728092e-01
1.075412e+00,1.282697e+01,9.156268e+00,-1.733201e+00,-3.552325e-01,-1.341820e-01
-4.243190e+00,5.781984e+00,6.676475e+00,-1.531936e+00,5.013541e-01,3.169681e-01
8.251864e-01,1.086197e+01,5.007354e+00,-1.272983e+00,1.534399e+00,5.029985e-01
5.584135e+00,1.054238e+01,2.737675e+00,-1.166390e+00,2.306913e-01,4.223486e-02
2.561186e+00,8.080060e+00,2.463269e+00,-1.163637e+00,-7.006399e-01,-1.839493e-01
-8.420169e-01,9.797983e+00,2.811608e+00,-1.134764e+00,-9.124657e-01,-3.160730e-01
-3.309924e+00,8.915089e+00,1.886625e+00,-1.212188e+00,-6.050089e-01,-2.604796e-01
-1.490312e+00,7.316836e+00,9.837710e-01,-1.448700e+00,-2.213037e-01,-1.536650e-01
-2.820933e-01,6.665071e+00,1.271532e+00,-1.673278e+00,-1.585321e-01,-1.551611e-01
4.946994e-01,7.412024e+00,4.154073e+00,-1.908531e+00,-1.794138e-01,-1.209885e-01
1.390513e+00,8.009086e+00,5.666736e+00,-2.005699e+00,-2.275870e-01,-9.058128e-02
2.811774e+00,8.138733e+00,2.064480e+00,-2.190833e+00,-4.835044e-01,8.120057e-04
3.584160e+00,9.302738e+00,-1.964599e-01,-2.542677e+00,-7.630399e-01,5.443794e-02
2.918537e+00,9.700406e+00,5.503880e-01,-3.233347e+00,-1.284867e+00,8.291373e-02
1.886873e+00,1.141369e+01,1.272761e+00,-3.701142e+00,-1.558875e+00,2.620876e-01
2.872962e+00,2.508308e+01,-3.336955e+00,-4.450392e+00,-2.057883e+00,6.359470e-01
1.674910e+00,2.546229e+01,-2.282094e-01,-4.670186e+00,-2.973628e+00,1.462256e-01
-2.599193e+00,1.702775e+01,1.513293e+01,-4.342190e+00,-2.596209e+00,-2.439575e-01
-3.841827e+00,2.502432e+01,1.791502e+01,-2.399025e+00,-1.402627e+00,-6.563766e-01
3.259240e+00,5.387995e+00,1.353162e+01,-1.069667e+00,-8.112971e-02,-6.039843e-01
4.257902e+00,1.154398e+01,9.295412e+00,-2.969019e-01,2.776327e-01,-5.937927e-01
-2.421195e+00,8.164079e+00,1.468478e+01,2.252398e+00,1.112010e+00,-9.156639e-01
3.410437e-01,4.084339e+00,1.174857e+01,3.749940e+00,2.326965e+00,-6.243693e-01
3.303167e+00,3.165897e+00,1.258137e+01,5.033752e+00,3.037751e+00,-7.095813e-01
3.968022e+00,4.172711e+00,9.112308e+00,5.970817e+00,3.004263e+00,-4.665067e-01
4.200625e+00,3.309166e+00,1.168240e+01,7.318953e+00,2.392417e+00,-7.158443e-04
6.268063e+00,1.896592e+00,1.266497e+01,7.980984e+00,1.668802e+00,3.049683e-01
9.333484e+00,4.821799e+00,1.153921e+01,8.197141e+00,3.097762e-01,6.624410e-01
6.811024e+00,3.497096e+00,8.116967e+00,7.863836e+00,-8.401035e-01,2.380030e-01
-5.321061e+00,-3.409335e-02,5.732913e+00,5.763434e+00,-1.025426e+00,-4.183939e-01
-1.304469e+01,-8.415217e-01,7.871742e+00,3.663623e+00,1.081990e+00,1.764381e-01
-6.962113e-01,-2.669124e+00,4.054806e+00,8.942012e-01,3.065906e+00,1.388648e+00
1.048345e+01,-3.230900e-01,5.260286e+00,-1.176519e+00,2.845304e+00,1.009716e+00
1.082497e+01,-1.050920e+00,3.447027e+00,-2.965471e+00,-4.963993e-01,-6.891300e-01
6.121971e-01,1.978316e+01,1.149078e+01,-5.532885e+00,-2.566639e+00,1.444788e-01
-3.046264e+01,8.462024e+00,1.631142e+01,-3.007106e+00,-1.116203e-01,-1.137512e+00
6.570979e+00,-9.747726e+00,1.229641e+01,-2.265792e+00,3.481520e+00,1.500619e+00
3.253142e+00,-6.719256e-01,1.297500e+01,-1.987958e+00,3.808369e+00,9.720204e-01
6.107323e+00,1.601134e+01,1.384431e+01,-1.561181e+00,3.877862e+00,1.198668e+00
1.119450e+01,1.324115e+01,2.465952e+00,-5.779745e-01,1.380443e+00,2.376914e-01
5.953676e+00,9.551261e+00,3.714228e+00,-5.597580e-01,4.039142e-01,-4.568114e-01
2.762563e+00,1.023831e+01,4.388546e+00,-4.872988e-01,-9.154770e-01,-9.675878e-01
-2.994430e+00,7.658086e+00,4.288538e+00,-4.877702e-01,-9.377236e-01,-8.451541e-01
-6.243978e-02,1.012306e+01,2.384165e+00,-6.334737e-01,-2.776528e-01,-5.290243e-01
2.793984e+00,1.176754e+01,1.217421e+00,-7.361487e-01,-2.670530e-01,-5.092857e-01
2.058889e+00,8.434203e+00,1.925523e+00,-9.134053e-01,-9.748707e-01,-7.901562e-01
-8.275400e-01,7.667486e+00,3.856274e+00,-1.096614e+00,-1.371339e+00,-8.011177e-01
-2.026989e+00,7.439319e+00,4.998431e+00,-1.192647e+00,-1.329052e+00,-6.673707e-01
-2.942427e+00,8.678272e+00,5.799437e+00,-1.068760e+00,-9.957006e-01,-4.798390e-01
-5.718429e-01,8.390887e+00,5.430102e+00,-9.202053e-01,-4.186711e-01,-2.850344e-01
1.304244e+00,8.072088e+00,4.434187e+00,-9.036804e-01,-3.481062e-01,-2.459026e-01
8.968638e-01,7.980917e+00,4.102367e+00,-9.785628e-01,-5.445774e-01,-2.884265e-01
-1.327666e-01,8.261569e+00,4.311495e+00,-1.032343e+00,-6.978726e-01,-3.737954e-01
-7.394354e-01,8.163813e+00,3.826946e+00,-1.174149e+00,-7.366570e-01,-3.116618e-01
2.845461e-01,7.380000e+00,2.953074e+00,-1.341693e+00,-6.657507e-01,-1.906453e-01
1.094269e+00,8.546352e+00,2.494741e+00,-1.678536e+00,-6.498650e-01,-4.902888e-02
2.223324e+00,9.616160e+00,1.215845e+00,-1.996310e+00,-7.394706e-01,1.490990e-02
3.751321e+00,1.034628e+01,2.409992e-01,-2.479266e+00,-1.113596e+00,-1.868262e-02
3.741274e+00,1.043699e+01,-4.317355e-01,-2.877893e+00,-1.470187e+00,-5.582223e-02
7.169291e+00,9.455498e+00,-1.076419e+00,-3.493606e+00,-1.743132e+00,-1.762885e-01
8.128689e+00,7.267378e+00,-1.768689e+00,-4.152408e+00,-2.201579e+00,-5.205780e-01
1.471468e+00,1.083786e+01,8.586467e+00,-5.404799e+00,-4.074081e+00,-1.150231e+00
-9.666538e+00,3.133683e+01,2.188559e+01,-5.606146e+00,-5.009305e+00,-1.608324e+00
-2.476147e+01,4.424617e+00,1.962302e+01,-2.615342e+00,-1.527691e+00,9.091002e-01
-4.577528e+00,6.113536e+00,2.052479e+01,-2.425530e+00,2.923210e+00,2.337752e+00
5.115256e+00,1.086429e+01,1.767380e+01,-1.550694e-01,4.081989e+00,1.745341e+00
9.145743e+00,6.428416e+00,1.231445e+01,1.529754e+00,3.171550e+00,1.944130e+00
6.695239e+00,1.870755e+00,9.721049e+00,2.822506e+00,1.679650e+00,1.554587e+00
4.789732e+00,3.870663e+00,1.079689e+01,3.740068e+00,9.554866e-01,1.187118e+00
1.209260e+00,3.280335e+00,1.157402e+01,5.475523e+00,8.970840e-01,8.379132e-01
2.168557e+00,5.215693e-01,1.099597e+01,6.462559e+00,1.250824e+00,6.939873e-01
5.097096e+00,-1.941895e+00,1.116789e+01,7.378161e+00,1.150961e+00,5.999289e-01
6.963838e+00,-3.295305e+00,1.214491e+01,7.924674e+00,4.368858e-01,3.477109e-01
6.897888e+00,-4.383682e+00,1.450357e+01,8.470668e+00,-1.120948e+00,-3.486590e-01
2.897393e+00,-5.854249e+00,1.467426e+01,8.117390e+00,-2.159932e+00,-9.379996e-01
-1.148441e+01,-6.907343e-01,1.298502e+01,5.533139e+00,-1.524160e+00,-9.945321e-01
-1.246745e+01,-5.346933e+00,1.179841e+01,2.979625e+00,5.307897e-01,-2.009256e-01
-1.083366e+00,-1.238365e+01,1.038652e+01,-1.178488e+00,2.652728e+00,8.474750e-01
7.196946e+00,1.332425e+01,-4.910611e+00,-2.964665e+00,2.476570e+00,9.155754e-01
-8.211685e+00,1.210340e+01,8.715928e+00,-1.851512e+00,-3.974920e-02,-9.383778e-01
-1.010277e+00,-1.662293e+01,1.226632e+01,-2.048273e+00,9.450383e-01,-3.953029e-01
7.964710e+00,5.633534e+00,9.597885e+00,-2.106551e+00,2.166960e+00,8.140153e-01
2.705711e+00,1.749816e+01,1.307287e+01,-1.415916e+00,1.358951e+00,-5.071408e-01
2.224365e+00,1.024019e+01,5.594319e+00,-9.385738e-01,3.963966e-01,1.460105e-01
-7.040912e-01,2.234522e+00,5.234941e+00,-7.753989e-01,1.510328e-01,-3.192729e-01
4.081625e+00,1.495910e+01,5.274265e+00,-8.625904e-01,1.120941e-01,-1.794361e-01
2.435412e+00,1.200993e+01,3.897129e+00,-6.268154e-01,-5.390571e-01,-3.797918e-01
6.041245e-01,8.053082e+00,2.544457e+00,-6.690090e-01,-8.278978e-01,-4.379279e-01
-6.619596e-01,8.830898e+00,2.066738e+00,-7.473414e-01,-9.957588e-01,-4.787465e-01
-1.322672e+00,8.743129e+00,1.162061e+00,-9.625527e-01,-1.276260e+00,-5.414633e-01
-2.193429e+00,7.330755e+00,9.564149e-01,-1.125885e+00,-1.352904e+00,-6.501269e-01
-2.958536e+00,7.057239e+00,3.039679e+00,-1.407461e+00,-1.115760e+00,-5.004097e-01
-3.589249e-01,7.822850e+00,4.340117e+00,-1.451159e+00,-7.791347e-01,-3.993983e-01
2.388389e+00,8.341005e+00,3.660987e+00,-1.555012e+00,-7.243061e-01,-3.018446e-01
1.734487e+00,7.664529e+00,2.449057e+00,-1.682696e+00,-9.557357e-01,-2.588589e-01
3.323730e+00,9.044249e+00,3.599566e-01,-2.147222e+00,-1.235198e+00,-2.224611e-01
4.810152e+00,1.037068e+01,-1.205247e+00,-2.606906e+00,-1.700164e+00,-2.454786e-01
1.963991e+00,1.090300e+01,2.966991e-01,-3.122982e+00,-2.127082e+00,-1.921026e-01
2.931709e+00,1.193769e+01,-8.708425e-01,-3.477493e+00,-2.120733e+00,-5.044946e-02
2.042447e+00,1.576751e+01,-7.019690e-01,-4.364943e+00,-2.829215e+00,-2.526716e-02
-2.415313e+00,1.968112e+01,8.669701e+00,-4.898652e+00,-3.268421e+00,-2.707412e-01
-7.381261e+00,2.492890e+01,1.799937e+01,-3.935393e+00,-2.121945e+00,-2.468039e-01
-9.228945e+00,1.402921e+01,1.954725e+01,-2.176917e+00,-1.645804e-01,2.017852e-01
2.478382e+00,7.405830e+00,1.413738e+01,-1.703672e+00,2.015246e+00,5.147597e-01
5.159817e+00,9.037179e+00,1.239525e+01,-4.951797e-01,2.111149e+00,3.694285e-01
4.891945e+00,6.215769e+00,1.021632e+01,1.552417e+00,1.630966e+00,7.774956e-02
4.421268e+00,2.924244e+00,8.421285e+00,2.725861e+00,1.321859e+00,-1.547983e-01
2.794042e+00,1.413179e+00,7.318961e+00,3.696051e+00,1.233835e+00,-4.777137e-01
2.528624e+00,1.774430e+00,7.358489e+00,4.479911e+00,1.180610e+00,-4.936674e-01
2.884113e+00,9.749092e-01,8.015685e+00,5.639959e+00,1.088683e+00,-5.644444e-01
3.562210e+00,4.915837e-01,8.672395e+00,6.326260e+00,8.653586e-01,-5.153348e-01
4.130826e+00,8.988387e-01,1.178453e+01,7.082698e+00,3.664444e-01,-4.379259e-01
3.810297e+00,5.842145e-01,1.185481e+01,7.523892e+00,7.260060e-02,-3.673721e-01
-1.231149e-01,4.412367e-01,1.181924e+01,7.192912e+00,-3.645721e-01,-2.073062e-01
-5.420735e+00,3.480916e+00,1.167562e+01,5.818636e+00,4.247282e-02,9.578045e-02
-8.270601e+00,-4.705646e+00,7.998456e+00,3.414481e+00,1.946102e+00,8.423656e-01
-1.785694e+00,-9.608942e+00,7.559987e+00,7.413881e-01,3.153268e+00,1.293867e+00
5.273252e+00,1.300207e+00,1.113699e+01,-3.023448e+00,2.951878e+00,4.457862e-01
1.028029e+01,3.138459e+01,-4.425655e+00,-2.130034e+00,1.653541e+00,3.499924e-01
-2.923748e+00,8.360113e+00,6.388965e+00,-1.031464e+00,-4.847323e-01,-6.970556e-01
-1.068406e+01,-7.735717e+00,9.185459e+00,-2.680970e+00,-8.406876e-02,-1.236472e+00
5.735937e+00,1.061134e+01,7.159839e+00,-2.383600e+00,2.190065e+00,6.935033e-01
6.667721e+00,1.472784e+01,6.733860e+00,-1.517741e+00,5.589076e-01,-5.874920e-01
-3.032516e+00,8.784520e+00,5.894012e+00,-1.280566e+00,-1.420174e+00,-6.593300e-01
-7.037893e+00,6.848624e+00,5.113857e+00,-1.168040e+00,-1.001411e+00,-4.219363e-01
3.324792e+00,1.405092e+01,4.398723e+00,-1.118127e+00,4.887969e-01,-5.071377e-02
5.033258e+00,1.156373e+01,3.724302e+00,-9.154250e-01,-2.226726e-02,-1.895721e-01
5.113341e-01,8.268641e+00,3.774566e+00,-8.958366e-01,-9.205265e-01,-4.264669e-01
-2.683337e+00,8.837329e+00,3.778650e+00,-8.974462e-01,-1.156886e+00,-4.655556e-01
-2.488551e+00,8.291487e+00,2.679236e+00,-9.413314e-01,-7.622741e-01,-3.940835e-01
-3.535733e-01,7.570153e+00,1.547453e+00,-1.060781e+00,-6.144593e-01,-3.792455e-01
-2.210741e-01,7.758647e+00,3.391912e+00,-1.254164e+00,-6.437711e-01,-3.393601e-01
-2.631998e-01,7.671201e+00,4.271600e+00,-1.320050e+00,-6.076217e-01,-3.445531e-01
8.888087e-01,8.891769e+00,2.702401e+00,-1.451051e+00,-5.106178e-01,-2.049142e-01
2.186125e+00,7.842166e+00,-4.652953e-01,-1.695296e+00,-6.208434e-01,-1.395812e-01
4.980273e+00,8.529984e+00,-2.860746e+00,-2.326931e+00,-1.114205e+00,-2.650026e-01
4.445962e+00,9.487733e+00,-1.712317e+00,-2.916549e+00,-1.762089e+00,-3.714965e-01
4.470688e+00,1.186025e+01,2.258202e-01,-3.635861e+00,-1.920936e+00,-2.159974e-01
7.240719e+00,1.249713e+01,-2.040491e+00,-4.108841e+00,-2.181052e+00,-3.134654e-01
1.727883e+00,1.408557e+01,3.351312e+00,-4.807480e+00,-3.556014e+00,-6.140042e-01
-7.394081e+00,2.955320e+01,1.831609e+01,-5.292540e+00,-4.224353e+00,-7.870090e-01
-1.275029e+01,2.078533e+01,2.051516e+01,-2.835080e+00,-2.190077e+00,3.114966e-01
-9.045931e+00,5.794643e+00,2.109246e+01,-1.652397e+00,8.285122e-01,9.388637e-01
6.496925e+00,6.857428e+00,1.232423e+01,-1.076474e+00,2.573823e+00,9.127416e-01
6.990939e+00,8.338871e+00,1.150916e+01,2.954585e-01,2.136176e+00,7.758212e-01
3.859433e+00,5.077968e+00,9.121053e+00,2.062537e+00,1.320636e+00,3.767465e-01
2.504044e+00,1.861294e+00,8.504809e+00,3.242787e+00,1.196278e+00,5.717870e-02
1.605578e+00,1.675623e+00,8.025538e+00,4.209678e+00,1.349189e+00,-5.858942e-02
2.679162e+00,2.033058e+00,7.518335e+00,4.891494e+00,1.396447e+00,2.780610e-03
3.630045e+00,-3.093197e-01,8.063008e+00,5.959021e+00,1.009297e+00,-2.081274e-01
3.162688e+00,-7.934319e-01,9.277889e+00,6.497531e+00,5.208345e-01,-3.774817e-01
2.118066e+00,1.579128e-02,1.261457e+01,7.168284e+00,2.706856e-01,-5.466444e-01
1.082521e+00,4.872034e-02,1.217768e+01,7.486399e+00,2.274884e-01,-5.509306e-01
-3.784723e+00,3.628553e+00,1.173537e+01,6.790507e+00,2.471879e-01,-3.425784e-01
-4.519932e+00,6.094747e+00,1.090823e+01,5.493083e+00,1.077614e+00,-3.681816e-02
-2.711475e-01,-4.600898e+00,4.246748e+00,2.456573e+00,1.835709e+00,2.807078e-01
3.337486e+00,-7.706975e+00,3.869991e+00,-5.175750e-01,1.646366e+00,2.974572e-04
6.548476e+00,4.409122e+00,8.397028e+00,-3.657083e+00,3.317652e-01,-2.328935e-01
1.333095e+01,3.941000e+01,-7.096526e+00,-3.025620e+00,-1.013561e-01,4.940684e-01
-9.067936e+00,1.849006e+00,7.033310e+00,-1.644332e+00,-1.705956e-01,-6.611199e-01
-4.440439e+00,-6.502357e+00,1.224397e+01,-2.861765e+00,2.349581e+00,5.031151e-01
7.425277e+00,1.420222e+01,1.320889e+01,-2.574816e+00,1.852831e+00,7.004674e-01
1.998791e+00,1.679750e+01,8.503532e+00,-1.702583e+00,1.742638e-01,4.691926e-02
-4.851600e+00,7.879313e+00,7.620335e+00,-7.902343e-01,-1.409371e-01,-2.606587e-02
-4.657832e+00,7.990919e+00,5.933286e+00,-6.268914e-01,1.153009e+00,3.753323e-01
3.525882e+00,1.212289e+01,4.638299e+00,-4.778882e-01,1.850262e+00,5.931332e-01
7.342319e+00,9.606438e+00,1.626138e+00,-3.586632e-01,1.280369e+00,3.919252e-01
4.873605e+00,8.460013e+00,1.447916e+00,-5.429802e-01,-3.735610e-01,-2.904812e-01
2.000675e+00,9.900187e+00,1.510974e+00,-7.423310e-01,-1.105125e+00,-4.630637e-01
-2.352458e+00,8.827777e+00,-8.158276e-02,-1.051841e+00,-1.240685e+00,-4.566261e-01
-3.113702e+00,7.417311e+00,5.853777e-01,-1.262588e+00,-9.770440e-01,-3.872221e-01
-1.515264e+00,8.708583e+00,3.304490e+00,-1.572263e+00,-5.564895e-01,-2.092699e-01
1.035412e+00,8.121085e+00,4.628279e+00,-1.559201e+00,-2.484434e-01,-1.750692e-01
3.629947e+00,8.827498e+00,3.284839e+00,-1.771568e+00,-4.390493e-01,-6.294024e-02
2.258747e+00,8.762567e+00,1.005339e+00,-2.031888e+00,-7.537910e-01,-5.206282e-02
1.418465e+00,9.284388e+00,-1.519324e+00,-2.581230e+00,-1.047439e+00,-6.389476e-02
2.730070e+00,9.840035e+00,-1.305739e-01,-3.082365e+00,-1.255844e+00,-6.019339e-02
7.032390e+00,1.113444e+01,1.746188e-01,-3.809707e+00,-1.507080e+00,3.405249e-02
8.380717e+00,1.412621e+01,-2.758356e+00,-4.341754e+00,-2.276754e+00,-3.665486e-02
-4.903403e-01,1.852053e+01,4.925380e+00,-4.945499e+00,-4.247543e+00,-4.797988e-01
-6.898616e+00,2.281862e+01,1.559612e+01,-5.028413e+00,-4.112468e+00,-4.676346e-01
-1.010441e+01,2.195646e+01,1.882093e+01,-3.047651e+00,-1.297686e+00,2.185294e-01
-1.334195e+00,3.556287e+00,2.102284e+01,-1.465994e+00,6.988887e-01,4.144853e-01
1.028291e+01,7.282879e+00,9.139256e+00,-1.112657e+00,2.206780e+00,2.964563e-01
6.375317e+00,9.696528e+00,1.009071e+01,3.264285e-01,1.389247e+00,-3.443387e-01
1.594452e+00,4.468309e+00,9.426598e+00,1.992537e+00,1.308760e+00,-6.825112e-01
2.543111e+00,2.428627e+00,8.475918e+00,3.064218e+00,1.736866e+00,-7.054432e-01
2.950266e+00,2.569628e+00,8.961144e+00,4.440831e+00,1.988679e+00,-7.314628e-01
3.896571e+00,1.557611e+00,8.625144e+00,5.321863e+00,1.926123e+00,-5.714670e-01
5.244912e+00,-3.061042e-01,9.031508e+00,6.330367e+00,1.439931e+00,-5.630809e-01
5.932386e+00,-1.240000e+00,1.151368e+01,6.945468e+00,7.944759e-01,-6.305759e-01
6.032594e+00,-7.544455e-01,1.213988e+01,7.691572e+00,-2.046101e-01,-6.897007e-01
5.185346e+00,-1.515998e+00,1.294171e+01,7.710768e+00,-9.044508e-01,-8.255032e-01
-5.401682e+00,1.565681e+00,1.126429e+01,6.104616e+00,-1.234350e+00,-7.328527e-01
-1.030692e+01,-1.301886e+00,1.051346e+01,4.081102e+00,-5.515095e-02,-3.203903e-01
-3.419880e+00,-1.296735e+01,9.187935e+00,5.163897e-02,2.674710e+00,9.034886e-01
4.745631e+00,-7.231030e+00,1.241180e+01,-2.562594e+00,3.201280e+00,9.914765e-01
2.593367e+01,3.941000e+01,-1.413638e+01,-1.612616e+00,2.052274e+00,1.236441e+00
-1.259050e+00,9.553541e+00,3.414960e+00,-2.435476e-01,-8.261844e-01,-3.991245e-01
-1.201865e+01,-8.732550e+00,1.098147e+01,-3.271519e+00,2.312783e-01,-2.547776e-01
2.510742e+00,8.454671e+00,1.261857e+01,-3.082256e+00,1.234463e+00,5.603570e-01
4.227484e-02,1.394544e+01,8.120256e+00,-1.544261e+00,-3.883320e-01,-4.011994e-01
-3.209377e+00,1.176809e+01,8.806550e+00,-1.490158e+00,-6.652752e-01,-1.174487e-01
-4.279207e+00,7.035234e+00,5.014970e+00,-1.096136e+00,7.397676e-01,4.730603e-01
3.885688e+00,1.231855e+01,5.330006e+00,-1.138889e+00,1.311604e+00,5.288254e-01
5.928072e+00,8.767670e+00,2.815511e+00,-9.614199e-01,4.083800e-01,2.111674e-01
3.573258e+00,8.008427e+00,2.563071e+00,-1.034835e+00,-5.663212e-01,-9.290538e-02
-3.003734e+00,8.870629e+00,3.224560e+00,-1.018402e+00,-1.030963e+00,-3.028500e-01
-4.297352e+00,8.310000e+00,3.272456e+00,-1.076937e+00,-6.734463e-01,-2.519415e-01
-2.054263e+00,7.524574e+00,2.817674e+00,-1.178490e+00,-8.350156e-02,-1.872659e-01
1.263580e+00,8.191168e+00,3.895257e+00,-1.287602e+00,5.538015e-02,-1.447719e-01
3.273245e+00,8.007152e+00,4.096156e+00,-1.411108e+00,-1.670271e-01,-1.632915e-01
2.521393e+00,8.087706e+00,2.062864e+00,-1.633741e+00,-4.078059e-01,-1.370850e-01
2.733149e+00,9.393384e+00,-1.090000e+00,-2.150560e+00,-5.124864e-01,-6.546448e-02
4.556242e+00,9.850828e+00,-6.435923e-01,-2.584399e+00,-7.725927e-01,-1.204712e-01
4.241037e+00,1.161091e+01,9.381101e-02,-3.464745e+00,-1.543138e+00,-5.928096e-02
6.972825e+00,1.398400e+01,-2.154542e+00,-3.953800e+00,-1.898438e+00,-2.487820e-03
3.022773e+00,1.888268e+01,1.330162e+00,-4.517875e+00,-2.988601e+00,-1.083265e-01
-4.834414e+00,1.965887e+01,1.274897e+01,-4.990097e+00,-3.880000e+00,-7.126056e-01
-7.617737e+00,2.601253e+01,1.983193e+01,-3.768239e+00,-2.387567e+00,-1.955476e-01
-8.151196e+00,1.218907e+01,2.052986e+01,-1.776319e+00,-6.611739e-01,1.092709e-01
4.023130e+00,6.966895e+00,1.178793e+01,-1.449947e+00,1.187043e+00,4.288960e-01
2.952800e+00,8.616741e+00,1.256333e+01,4.122913e-03,1.021541e+00,3.183897e-01
1.254841e+00,3.980234e+00,1.048784e+01,1.779550e+00,1.091804e+00,1.811211e-01
2.217028e+00,2.445294e+00,8.651459e+00,2.788248e+00,1.384473e+00,1.874418e-01
2.046574e+00,8.134257e-01,8.411389e+00,3.948599e+00,1.534267e+00,-4.908132e-02
2.226373e+00,1.524219e+00,7.806058e+00,4.607023e+00,1.531329e+00,1.148085e-01
2.828168e+00,1.733664e+00,8.161555e+00,5.659777e+00,1.282690e+00,5.465475e-02
3.340650e+00,-7.212056e-02,9.110048e+00,6.277148e+00,9.866312e-01,-2.301648e-02
3.980000e+00,2.710715e-01,1.185792e+01,7.004173e+00,5.019599e-01,-1.188934e-01
3.840128e+00,2.895874e-01,1.263735e+01,7.425790e+00,1.838826e-01,-2.512170e-01
-1.231089e+00,-2.947993e-01,1.142086e+01,7.363888e+00,-9.517252e-02,-3.511755e-01
-5.628059e+00,2.132778e+00,1.139578e+01,6.330177e+00,3.770991e-01,-7.823682e-02
-5.866171e+00,-1.127633e+00,8.533282e+00,3.868339e+00,2.032883e+00,6.209065e-01
-1.596564e+00,-7.876677e+00,3.946386e+00,1.432987e+00,2.716397e+00,7.941285e-01
6.600496e+00,9.647615e+00,2.590326e+00,-2.626726e+00,2.461909e+00,2.642270e-01
2.030501e+01,3.935746e+01,-1.456404e+01,-2.750695e+00,1.609355e+00,7.584204e-01
-1.016301e+01,-5.791096e+00,1.122137e+01,-2.112796e+00,-1.115931e+00,-1.942095e+00
-4.026370e+00,-8.410156e+00,1.222797e+01,-2.879280e+00,9.335686e-01,-3.331541e-01
4.238022e+00,1.218984e+01,1.456668e+01,-2.592104e+00,7.697373e-01,1.810245e-01
-1.871297e+00,2.162704e+01,1.063963e+01,-1.751819e+00,1.923896e-01,-5.352467e-01
-4.812177e+00,5.008230e+00,6.862112e+00,-6.530301e-01,8.122137e-01,6.990015e-02
5.658216e-01,7.484125e+00,3.710321e+00,-5.256717e-01,1.624603e+00,2.564630e-01
5.429597e+00,1.277601e+01,3.052785e+00,-4.238685e-01,8.276260e-01,1.202036e-02
3.734032e+00,8.855505e+00,1.147597e+00,-3.875946e-01,2.856737e-02,-2.647522e-01
1.843102e+00,8.834554e+00,8.241767e-01,-6.940005e-01,-6.504578e-01,-4.426056e-01
1.230000e+00,9.755102e+00,8.202033e-01,-8.899708e-01,-9.315519e-01,-4.855556e-01
-2.690356e-01,8.310161e+00,6.631625e-02,-1.228760e+00,-1.241727e+00,-5.484413e-01
-3.411367e+00,8.137132e+00,1.549966e+00,-1.395571e+00,-1.379976e+00,-5.366657e-01
-5.747091e+00,8.268247e+00,4.453957e+00,-1.480720e+00,-7.880488e-01,-4.301299e-01
-3.742389e+00,8.904482e+00,4.723734e+00,-1.456663e+00,-7.534282e-02,-1.538534e-01
1.602097e+00,9.235040e+00,5.457586e+00,-1.341203e+00,2.643898e-01,-8.562307e-02
4.532290e+00,9.755225e+00,3.198826e+00,-1.379911e+00,7.213366e-02,-3.364442e-02
3.468123e+00,8.242563e+00,-3.080380e+00,-1.857847e+00,-6.782511e-01,-1.392928e-01
2.107451e+00,8.735035e+00,-3.212452e+00,-2.427975e+00,-1.197390e+00,-2.461856e-01
2.749093e+00,1.123000e+01,-1.081806e-01,-3.247497e+00,-1.591835e+00,-2.633508e-01
4.148663e+00,1.148077e+01,4.128752e-01,-3.683767e+00,-1.719300e+00,-1.975038e-01
1.003690e+01,1.239516e+01,-2.313226e+00,-4.251804e+00,-2.225784e+00,-3.732942e-01
4.939106e+00,1.318355e+01,-2.886914e-01,-4.579836e+00,-3.575661e+00,-7.415213e-01
-1.087544e+01,2.921617e+01,2.058320e+01,-5.285232e+00,-4.130966e+00,-7.441102e-01
-1.330289e+01,3.072017e+01,2.197150e+01,-3.931281e+00,-2.566766e+00,2.482648e-01
-4.759250e+00,2.551388e+00,2.272349e+01,-1.638432e+00,8.995846e-01,1.096249e+00
7.188377e+00,8.299543e+00,1.152072e+01,-1.637841e+00,2.527156e+00,1.157770e+00
6.326203e+00,6.773642e+00,1.169680e+01,5.243582e-01,1.658203e+00,6.298895e-01
3.309944e+00,5.502897e+00,9.686691e+00,1.522820e+00,1.134704e+00,3.681034e-01
1.075863e+00,2.989401e+00,9.454193e+00,2.888196e+00,1.102275e+00,-4.072974e-02
6.984109e-01,3.632545e+00,8.652509e+00,3.547738e+00,1.330934e+00,-1.387369e-01
2.711600e+00,3.149901e+00,8.325380e+00,4.723936e+00,1.671272e+00,-4.573687e-04
3.742748e+00,1.154427e+00,8.386221e+00,5.360935e+00,1.446899e+00,-1.260506e-01
3.920705e+00,1.141378e-01,9.181164e+00,5.972579e+00,8.054038e-01,-2.389663e-01
3.546276e+00,1.175855e-02,1.095465e+01,6.451707e+00,3.661145e-01,-3.870754e-01
2.286779e+00,-1.956905e+00,1.211000e+01,7.137880e+00,-2.956397e-01,-5.553934e-01
1.855172e-01,-2.861541e+00,1.167433e+01,7.008781e+00,-7.721077e-01,-4.896184e-01
-7.459659e+00,5.718393e-01,1.206116e+01,5.717676e+00,-4.397589e-01,-2.207884e-01
-4.321251e+00,-2.354613e+00,1.057615e+01,4.149213e+00,7.904277e-01,2.720752e-01
-4.796152e-01,-9.920500e+00,8.678155e+00,1.835601e-01,1.704391e+00,5.203407e-01
2.753965e+00,-5.779187e+00,6.553652e+00,-2.951639e+00,1.540776e+00,3.186365e-01
2.644082e+00,3.161374e+01,1.079719e+01,-3.173774e+00,6.493117e-01,1.360965e+00
-5.411751e+00,-6.955151e+00,7.107518e+00,-1.743362e+00,-2.422452e-01,-8.424610e-01
3.860899e+00,-1.037284e+01,1.108013e+01,-2.496602e+00,1.537377e+00,2.636901e-01
8.380722e+00,1.365812e+01,1.421957e+01,-2.729655e+00,1.332117e+00,3.779418e-01
-2.273201e+00,2.013734e+01,1.069606e+01,-1.754293e+00,-1.586446e-01,1.191113e-01
-3.766136e+00,4.986563e+00,7.898806e+00,-9.449642e-01,4.830787e-01,-6.856828e-02
4.245916e+00,9.076395e+00,7.129439e+00,-7.425235e-01,1.329486e+00,1.728347e-01
5.714844e+00,1.109956e+01,7.213750e+00,-5.488814e-01,6.160463e-01,-4.632139e-02
3.300429e+00,9.444884e+00,3.984806e+00,-3.301659e-01,-4.135082e-01,-3.002407e-01
2.175209e+00,9.710654e+00,2.775176e+00,-3.791024e-01,-8.989466e-01,-4.493919e-01
-1.098212e+00,9.011345e+00,3.237987e+00,-4.773149e-01,-1.219534e+00,-9.353353e-01
-2.904582e+00,9.664467e+00,3.416330e+00,-5.338351e-01,-1.444001e+00,-6.864830e-01
-7.059685e+00,8.646119e+00,4.369650e+00,-6.121977e-01,-9.609292e-01,-3.385151e-01
-5.338899e+00,8.036175e+00,3.988215e+00,-6.169652e-01,-1.649454e-01,-5.464460e-02
5.682420e-01,7.838472e+00,3.258321e+00,-6.396348e-01,7.636676e-01,9.753638e-02
6.938130e+00,9.337696e+00,2.062445e+00,-7.865692e-01,4.392606e-01,1.458442e-03
3.734417e+00,7.550075e+00,5.687925e-01,-1.106350e+00,-8.118586e-01,-3.380313e-01
-9.490340e-01,7.317058e+00,-1.309366e+00,-1.520571e+00,-1.103682e+00,-2.986568e-01
2.564483e-01,1.074762e+01,-2.512822e+00,-2.321305e+00,-7.942686e-01,-5.153067e-02
3.408461e+00,1.126412e+01,-1.933345e+00,-2.847435e+00,-8.664362e-01,-1.080457e-01
5.843470e+00,1.184081e+01,6.306955e-01,-3.755509e+00,-1.476492e+00,-6.298150e-02
5.110163e+00,1.572571e+01,-1.378114e+00,-4.110762e+00,-1.825025e+00,9.232833e-02
4.379094e-01,1.699735e+01,5.960061e+00,-4.544112e+00,-2.606826e+00,2.462622e-02
-1.690568e+00,2.061485e+01,1.326933e+01,-4.922936e+00,-3.289642e+00,-2.481211e-01
-9.010296e+00,2.580539e+01,2.014358e+01,-3.404254e+00,-1.696041e+00,-1.767863e-01
-7.485954e+00,7.597156e+00,2.187590e+01,-1.650247e+00,3.775277e-01,4.293631e-01
6.284377e+00,1.077012e+01,1.177751e+01,-1.833718e+00,2.231888e+00,9.283252e-01
4.500294e+00,9.601557e+00,1.331097e+01,-2.600079e-01,1.903663e+00,6.251161e-01
3.489896e+00,2.254110e+00,9.492969e+00,2.015559e+00,1.401623e+00,-1.656424e-01
3.528364e+00,1.541761e+00,8.066096e+00,2.947710e+00,1.102483e+00,-5.011741e-01
1.962385e+00,2.239644e+00,7.713577e+00,4.192072e+00,8.201368e-01,-5.070465e-01
2.616864e+00,5.970275e-01,7.504560e+00,4.913989e+00,7.558086e-01,-4.818355e-01
4.109378e+00,-5.843731e-01,7.514077e+00,5.935872e+00,3.504454e-01,-5.888067e-01
4.060348e+00,-1.304929e-01,9.218826e+00,6.485983e+00,-1.067981e-01,-7.355884e-01
1.206899e+00,-2.801276e-01,1.207450e+01,7.163843e+00,-4.225538e-01,-9.240884e-01
-5.038564e-01,-1.112684e+00,1.036846e+01,7.460407e+00,-3.470608e-01,-9.173079e-01
-5.340285e+00,-9.797785e-01,1.128005e+01,6.642291e+00,2.344612e-01,-4.758820e-01
-6.066403e+00,7.564312e-01,1.157018e+01,5.015712e+00,1.476603e+00,2.467271e-01
-1.651571e+00,-9.996197e+00,7.259499e+00,2.139117e+00,2.347288e+00,8.917699e-01
2.225023e+00,-1.063085e+01,5.926722e+00,-9.685595e-01,2.517091e+00,8.515570e-01
2.452763e+01,3.845179e+01,6.777027e+00,-4.403448e+00,2.396490e+00,1.936229e+00
3.049750e+00,4.524905e+00,4.331829e+00,-2.321276e+00,-7.278300e-01,-1.448342e+00
8.410843e+00,-1.299705e+01,1.498537e+01,-2.679340e+00,-5.471712e-01,-7.963897e-01
5.958143e+00,1.553014e+01,1.476919e+01,-3.099950e+00,-7.956661e-01,-1.078546e-01
-1.300275e+01,2.253468e+01,1.488923e+01,-1.619436e+00,-1.573634e+00,-6.954002e-01
-7.283110e+00,7.913995e+00,1.038592e+01,-9.175573e-01,6.128640e-01,1.958195e-01
2.605947e+00,8.256073e+00,7.948649e+00,-4.823104e-01,1.553451e+00,4.745178e-01
4.116613e+00,1.320489e+01,7.311497e+00,-3.922365e-01,1.154764e+00,2.401133e-01
1.251043e+00,9.831790e+00,3.897014e+00,1.097895e-04,-4.110407e-01,7.613534e-02
-2.247018e+00,9.959435e+00,2.557609e+00,-4.336902e-02,-6.089395e-01,-2.554517e-02
-3.917066e+00,8.670698e+00,2.698776e+00,-3.250386e-02,-8.015750e-02,-3.143181e-01
-5.952549e-01,7.550116e+00,-7.923834e-02,-1.694498e-01,1.562208e-01,-1.100398e-03
1.326442e-01,5.793232e+00,-3.831583e-01,-7.381450e-01,3.705790e-02,2.707928e-02
4.751125e-01,5.267617e+00,6.830932e-02,-1.076529e+00,-1.925933e-01,-6.100384e-02
-7.886234e-02,8.444021e+00,3.034628e+00,-1.374548e+00,-4.533763e-01,-3.055469e-01
4.302035e-01,9.810425e+00,5.218835e+00,-1.391960e+00,-5.863762e-01,-3.521232e-01
2.855564e+00,8.671779e+00,2.419560e+00,-1.519626e+00,-5.288591e-01,-2.729372e-01
1.993078e+00,6.072018e+00,-1.189404e-01,-1.835329e+00,-5.777440e-01,-6.159357e-02
3.201617e+00,1.130048e+01,-8.333515e-01,-2.440629e+00,-6.345300e-01,5.005775e-02
4.296825e+00,1.273489e+01,-2.873020e-01,-2.873105e+00,-9.528087e-01,-3.106026e-02
2.295126e+00,1.328978e+01,6.100000e-01,-3.529312e+00,-1.586524e+00,1.734572e-01
8.710367e+00,1.777822e+01,-1.008209e+00,-3.900260e+00,-1.523585e+00,2.477053e-01
2.665794e+00,1.335702e+01,6.145312e+00,-4.393345e+00,-3.399256e+00,-6.119239e-01
-8.291327e-01,2.164310e+01,1.504925e+01,-4.659792e+00,-4.104403e+00,-7.267808e-01
-1.160832e+01,1.854186e+01,1.864886e+01,-2.704587e+00,-2.930132e+00,-8.093883e-01
-8.637954e+00,3.204623e+00,1.963105e+01,-1.707537e+00,-4.946103e-01,2.593720e-01
9.415262e-01,1.363255e+01,1.257806e+01,-1.451795e+00,1.690001e+00,6.762508e-01
4.636097e-01,8.065397e+00,1.278174e+01,2.470237e-01,1.994795e+00,4.233591e-01
2.734569e+00,4.414869e+00,9.757751e+00,2.235854e+00,2.554576e+00,6.780773e-01
4.967609e+00,2.440996e+00,8.372490e+00,3.079063e+00,2.394138e+00,4.641026e-01
3.826696e+00,3.673854e+00,8.279174e+00,4.168017e+00,1.755670e+00,2.126530e-01
3.944192e+00,3.480397e+00,8.354085e+00,4.905897e+00,1.352435e+00,2.151974e-01
4.518291e+00,1.732954e+00,8.325801e+00,5.689126e+00,7.339035e-01,4.511885e-02
3.843071e+00,1.704760e+00,9.392169e+00,6.141638e+00,2.524902e-01,-1.539038e-01
2.774001e+00,1.284235e+00,1.096023e+01,6.676832e+00,-3.447619e-02,-4.284952e-01
1.404141e+00,8.450668e-01,1.163898e+01,6.927937e+00,-8.411477e-02,-5.236467e-01
-1.616195e+00,1.063533e+00,1.081915e+01,6.555635e+00,-2.669261e-03,-3.584727e-01
-3.305276e+00,2.122276e+00,1.059707e+01,5.793824e+00,2.120584e-01,-2.136861e-01
-3.220460e+00,-3.526784e+00,7.051462e+00,2.909111e+00,9.962554e-01,2.771232e-01
-2.228372e+00,-1.001433e+01,6.621398e+00,2.073393e-01,1.371809e+00,2.960912e-01
4.553916e+00,1.699417e+01,-1.172388e+00,-3.142686e+00,1.362573e+00,6.313599e-02
2.150961e+01,3.918893e+01,-2.461581e+00,-2.871255e+00,1.520476e+00,1.048327e+00
-9.348305e+00,-7.064410e+00,8.419390e+00,-2.179333e+00,-5.514911e-01,-1.333247e+00
-2.292385e+00,-5.245811e+00,1.012057e+01,-2.884946e+00,1.630773e+00,1.383172e-01
3.663588e+00,1.295720e+01,1.442642e+01,-2.644196e+00,9.355487e-01,-4.898336e-03
-3.886101e+00,1.787327e+01,1.062420e+01,-1.971540e+00,-2.068833e-01,-2.853812e-01
-3.343645e+00,5.047354e+00,8.099572e+00,-1.099015e+00,5.842941e-01,2.315777e-01
-2.089000e+00,7.121482e+00,8.411072e+00,-9.450814e-01,1.694815e+00,5.815704e-01
5.524476e+00,1.153698e+01,7.601741e+00,-6.258719e-01,2.326655e+00,4.936348e-01
7.461490e+00,1.027380e+01,5.249319e+00,-4.484273e-01,1.488972e+00,3.474938e-01
5.764909e+00,8.709008e+00,1.612743e+00,-4.189336e-01,-4.694052e-01,-2.486001e-01
5.214988e-02,8.850887e+00,1.846835e+00,-4.850234e-01,-1.059583e+00,-5.283355e-01
-2.517731e+00,8.424204e+00,1.744770e-01,-7.325680e-01,-1.081507e+00,-4.635844e-01
-1.243909e+00,7.467187e+00,-3.937512e-01,-9.830408e-01,-8.306195e-01,-3.941088e-01
-1.679982e+00,8.865321e+00,1.560606e+00,-1.391168e+00,-7.706032e-01,-3.215470e-01
-1.031547e+00,9.273459e+00,3.346970e+00,-1.431280e+00,-6.597042e-01,-3.492271e-01
8.377989e-01,8.138659e+00,3.738786e+00,-1.517736e+00,-4.399007e-01,-2.551397e-01
1.763827e+00,7.981605e+00,2.097036e+00,-1.708585e+00,-4.227644e-01,-1.255685e-01
2.945303e+00,9.450395e+00,8.609379e-01,-2.231871e+00,-7.286762e-01,-4.315789e-02
4.138152e+00,1.058769e+01,-7.460026e-01,-2.703657e+00,-1.119959e+00,-1.177590e-01
6.249997e+00,1.235797e+01,3.074989e-01,-3.557838e+00,-1.751784e+00,-1.664789e-01
9.978355e+00,1.522672e+01,-1.691333e+00,-4.074572e+00,-2.210234e+00,-2.824961e-01
3.862572e+00,1.737117e+01,-2.152447e-01,-4.534173e+00,-4.012435e+00,-3.203465e-01
-7.501564e+00,2.153498e+01,1.658119e+01,-4.771154e+00,-4.839109e+00,-4.755808e-01
-1.423122e+01,2.139924e+01,1.925945e+01,-3.531868e+00,-2.296206e+00,2.395985e-01
-1.145023e+01,8.469063e+00,2.002416e+01,-1.515597e+00,2.734622e-01,7.084497e-01
7.174846e+00,6.100012e+00,1.140400e+01,-1.184104e+00,2.680423e+00,1.006807e+00
5.944641e+00,8.563000e+00,1.027842e+01,-1.422887e-01,2.346233e+00,8.133742e-01
3.952229e+00,4.506721e+00,9.254486e+00,1.868108e+00,1.453327e+00,1.266342e-01
3.578424e+00,2.249094e+00,7.626625e+00,2.957565e+00,1.176381e+00,-6.105067e-02
1.153380e+00,2.024331e+00,8.226497e+00,4.017106e+00,1.058284e+00,-5.213585e-01
1.258831e+00,3.184507e+00,8.184416e+00,4.558710e+00,1.170462e+00,-4.737150e-01
2.363301e+00,2.067465e+00,8.745909e+00,5.723080e+00,1.230688e+00,-6.219486e-01
3.887662e+00,1.378000e+00,9.291997e+00,6.309494e+00,9.855467e-01,-7.129577e-01
4.717768e+00,1.701704e+00,1.295184e+01,7.052410e+00,3.299418e-01,-9.860678e-01
3.673764e+00,1.212422e+00,1.277902e+01,7.522604e+00,-1.562655e-01,-1.191424e+00
-5.826754e-02,1.795549e+00,1.102975e+01,7.020420e+00,-6.983257e-01,-1.180996e+00
-4.170257e+00,3.731716e+00,1.026868e+01,5.745629e+00,-7.337831e-01,-1.048555e+00
-8.465808e+00,-5.338426e+00,7.278472e+00,3.167937e+00,6.961710e-01,-4.281889e-01
-5.100641e+00,-1.137809e+01,7.520204e+00,3.008049e-01,1.992405e+00,3.132997e-01
7.945575e+00,-2.556199e+00,1.377331e+01,-2.921184e+00,2.815556e+00,4.481638e-01
9.458887e+00,2.151291e+01,5.151250e+00,-3.685531e+00,1.762962e+00,1.694340e-01
9.770244e+00,2.962858e+01,5.796957e+00,1.903318e+00,1.597996e-01,1.018059e+00
-1.900539e+01,-1.220810e+01,6.654458e+00,-6.844485e-01,-1.667501e+00,-1.526803e+00
7.965554e+00,1.473115e+01,1.784025e+01,-2.905078e+00,4.823516e+00,1.490683e+00
1.635226e+01,1.486550e+01,5.959058e+00,-1.064326e+00,2.080985e+00,6.929248e-01
-2.318628e+00,6.978299e+00,9.839119e+00,-9.654844e-01,-1.379200e+00,-4.204350e-01
-1.819836e+00,1.258205e+01,4.130000e+00,-6.839214e-01,-8.368846e-01,-1.563533e-01
-1.712126e+00,1.060264e+01,-8.410443e-01,-4.515697e-01,-1.471150e-01,-1.475346e-01
6.900000e-01,9.548453e+00,-3.509227e+00,-6.529159e-01,2.213633e-01,1.254496e-01
-1.102441e+00,6.963714e+00,-3.016549e+00,-1.155710e+00,-4.102368e-01,-1.484427e-01
-2.477525e+00,6.700000e+00,-1.458365e+00,-1.611817e+00,-5.488501e-01,-1.608261e-01
-7.893852e-01,7.480922e+00,8.111271e-01,-1.993003e+00,-5.719744e-01,-2.279091e-01
-4.404678e-01,8.823549e+00,2.629298e+00,-2.140688e+00,-6.967710e-01,-3.100533e-01
6.515918e-01,8.810139e+00,7.053276e+00,-2.074527e+00,-6.118458e-01,-3.794306e-01
9.939761e-01,9.636231e+00,7.701127e+00,-1.979731e+00,-5.419532e-01,-2.457076e-01
1.990000e+00,1.050901e+01,4.283038e+00,-1.815720e+00,-4.547736e-01,-5.702894e-02
2.602264e+00,9.547411e+00,-6.155361e-01,-1.890789e+00,-5.481446e-01,2.788342e-02
5.717199e+00,1.031860e+01,-4.163200e+00,-2.610258e+00,-1.209207e+00,-6.059437e-02
4.011594e+00,1.051000e+01,-1.871340e+00,-3.206142e+00,-1.910971e+00,-1.847815e-01
6.145602e-01,1.264858e+01,1.631197e+00,-3.653380e+00,-2.061419e+00,9.859562e-02
2.355320e+00,1.510882e+01,-2.847896e-01,-3.881774e+00,-1.855099e+00,3.677733e-01
2.213370e-01,1.242974e+01,5.432633e+00,-4.599803e+00,-2.373531e+00,-3.069350e-01
3.585689e-01,2.009454e+01,1.370925e+01,-5.048434e+00,-2.781664e+00,-4.614875e-01
-6.727981e+00,1.530109e+01,1.863635e+01,-3.039183e+00,-2.527324e+00,-5.871792e-01
-3.031006e+00,4.158427e+00,1.847090e+01,-2.054159e+00,-1.416853e+00,-1.719039e-01
7.196773e-01,1.172408e+01,1.150672e+01,-1.299240e+00,7.010922e-01,1.737100e-01
-1.340046e+00,8.873661e+00,1.250937e+01,3.817677e-01,1.238541e+00,-1.822285e-02
2.022213e+00,3.861558e+00,9.070584e+00,1.985730e+00,2.132498e+00,1.734081e-01
4.107417e+00,9.578583e-01,8.170949e+00,3.033111e+00,2.388886e+00,7.312846e-02
3.811414e+00,1.217401e+00,7.296520e+00,4.203531e+00,1.989308e+00,4.899712e-02
3.533313e+00,1.938222e+00,7.386566e+00,4.935785e+00,1.677863e+00,7.509953e-02
4.498260e+00,8.793704e-01,8.488741e+00,5.926141e+00,1.188361e+00,-7.215845e-02
5.137216e+00,1.095848e+00,8.793453e+00,6.482642e+00,7.126183e-01,-1.097304e-01
5.850964e+00,2.535306e+00,1.203179e+01,7.400503e+00,-2.500558e-01,-3.239039e-01
4.369520e+00,2.097969e+00,1.167988e+01,7.792279e+00,-8.687746e-01,-6.039330e-01
-3.470746e+00,4.585107e+00,9.950430e+00,7.232430e+00,-1.327040e+00,-7.698441e-01
-8.448049e+00,5.785451e+00,1.008465e+01,5.924504e+00,-9.588030e-01,-6.705187e-01
-9.047711e+00,-9.069480e+00,4.689345e+00,2.695574e+00,1.406268e+00,2.285946e-01
-4.164974e+00,-1.224573e+01,4.250254e+00,-3.741767e-01,2.667823e+00,7.257240e-01
1.121156e+01,1.491470e+01,6.214904e+00,-3.969314e+00,2.333342e+00,5.651493e-01
2.812972e+01,3.867903e+01,-2.830242e+00,-2.453150e+00,1.421322e+00,8.997523e-01
-1.742506e+01,-1.333902e+01,1.121649e+01,-2.569519e+00,-2.371310e+00,-2.326665e+00
1.158656e+00,-4.786419e+00,1.162660e+01,-3.532565e+00,1.435604e+00,7.797470e-01
4.330649e+00,1.906313e+01,7.902158e+00,-2.639393e+00,1.414815e+00,3.270376e-01
3.781612e-01,1.204944e+01,8.800667e+00,-1.773159e+00,4.522503e-01,-4.045053e-01
-1.047744e+00,5.875518e+00,5.669073e+00,-1.297451e+00,-1.266798e-01,4.832113e-02
1.053905e-01,8.727221e+00,5.000768e+00,-1.121860e+00,7.036087e-03,2.465744e-02
2.852606e+00,1.123973e+01,4.038830e+00,-1.151283e+00,1.617450e-01,4.246475e-02
2.366118e+00,8.923382e+00,3.558063e+00,-9.593840e-01,-1.476675e-01,1.680119e-02
4.088555e-01,9.449401e+00,3.441812e+00,-9.175928e-01,-6.573438e-01,-1.037353e-01
-1.237409e+00,9.416798e+00,3.444347e+00,-8.877176e-01,-7.320859e-01,-7.337142e-02
-1.605556e+00,8.094889e+00,2.543555e+00,-8.948793e-01,-4.830763e-01,-8.118733e-02
-1.682172e+00,8.319898e+00,2.083354e+00,-9.950716e-01,-3.793110e-01,-6.022968e-02
-2.521839e+00,7.160451e+00,3.759627e+00,-1.110296e+00,-2.616941e-01,-1.641809e-01
-2.101674e+00,7.799271e+00,4.884850e+00,-1.178850e+00,3.212097e-02,-3.033548e-02
3.817871e+00,8.690109e+00,4.598483e+00,-1.158296e+00,2.942287e-01,6.216122e-02
3.351021e+00,7.977101e+00,2.542505e+00,-1.243294e+00,9.684798e-02,7.030912e-02
1.183990e+00,8.678997e+00,7.073518e-01,-1.693919e+00,-4.236728e-01,1.441629e-01
3.269718e+00,1.126173e+01,-1.100317e+00,-2.105693e+00,-5.861572e-01,1.256687e-01
2.390488e+00,1.103350e+01,1.293048e+00,-2.749827e+00,-1.250634e+00,4.563532e-03
2.852419e+00,1.262464e+01,2.326387e+00,-3.253231e+00,-1.551595e+00,8.575265e-02
5.778076e+00,1.933599e+01,-3.895259e+00,-3.750739e+00,-1.957046e+00,2.074546e-01
1.265304e-01,1.328197e+01,2.816419e+00,-4.006898e+00,-2.684804e+00,-3.612982e-02
-2.628519e+00,1.853781e+01,1.309372e+01,-4.534597e+00,-3.522469e+00,-2.972454e-01
-8.236885e+00,2.481469e+01,1.825254e+01,-3.674944e+00,-2.611774e+00,-3.852041e-01
-2.264168e+00,1.127645e+00,1.780933e+01,-1.477725e+00,-3.651240e-01,2.880291e-01
3.136856e+00,6.715481e+00,1.074731e+01,-1.459888e+00,1.281617e+00,5.769524e-01
2.815753e+00,8.143427e+00,1.097873e+01,4.310689e-01,1.722319e+00,2.096007e-01
2.131296e+00,5.363670e+00,9.701413e+00,1.654121e+00,1.750746e+00,1.736560e-02
3.129184e+00,2.500816e+00,8.330519e+00,2.959487e+00,1.902229e+00,-1.423118e-01
3.015182e+00,2.141787e+00,8.231251e+00,3.702027e+00,1.867428e+00,-3.115374e-01
2.845800e+00,2.281169e+00,8.351212e+00,4.974164e+00,1.579825e+00,-2.881288e-01
3.515889e+00,2.635805e+00,8.314490e+00,5.683258e+00,1.377825e+00,-3.237586e-01
4.569329e+00,1.202517e+00,1.004993e+01,6.635068e+00,7.388257e-01,-4.286299e-01
4.159842e+00,2.671278e+00,1.241109e+01,7.115934e+00,2.425106e-01,-5.668692e-01
3.633555e+00,3.498911e+00,1.216697e+01,7.771399e+00,-2.109764e-01,-7.018300e-01
-3.744719e-01,4.373871e+00,1.082428e+01,7.356151e+00,-3.918599e-01,-6.270029e-01
-1.126726e+01,2.248456e+00,8.943296e+00,5.564545e+00,2.451585e-01,-8.015848e-02
-9.492963e+00,-5.880588e+00,5.777010e+00,3.940688e+00,1.791623e+00,4.068639e-01
2.619566e+00,-1.027341e+01,5.470022e+00,-7.107665e-01,3.778347e+00,1.059440e+00
8.159140e+00,5.523255e+00,6.877063e+00,-3.695140e+00,3.001318e+00,7.776753e-01
1.254631e+01,2.252014e+01,1.377381e+00,-2.611269e+00,1.513671e+00,1.252809e+00
-4.491138e+00,-5.351915e+00,7.618807e+00,-1.716907e+00,-1.492437e+00,-1.410103e+00
3.525854e+00,-2.015334e+00,1.150498e+01,-2.882873e+00,-1.992643e-01,-3.448738e-01
2.537299e+00,8.131354e+00,1.342269e+01,-3.053762e+00,-3.903989e-01,-1.822173e-01
-6.977183e+00,1.504763e+01,9.463090e+00,-1.938306e+00,-9.977086e-01,-5.464095e-01
-7.941839e+00,7.727357e+00,7.651276e+00,-1.327590e+00,-2.599538e-01,-4.110697e-03
6.931575e-01,1.073682e+01,5.131247e+00,-1.038729e+00,1.118277e+00,3.126598e-01
2.750410e+00,1.124338e+01,5.130763e+00,-9.035625e-01,1.222676e+00,2.563560e-01
3.223485e+00,8.575901e+00,3.268178e+00,-7.539703e-01,3.960758e-01,1.221930e-01
1.753839e+00,8.672054e+00,3.229524e+00,-7.562738e-01,-1.980091e-01,-5.933705e-02
-2.253178e+00,1.001256e+01,3.461512e+00,-7.355054e-01,-2.845733e-01,-6.718987e-02
-1.632936e+00,9.212801e+00,2.963880e+00,-6.992029e-01,1.009899e-01,-6.164468e-03
1.243448e-01,8.747324e+00,1.997062e+00,-7.677972e-01,4.668870e-01,5.582767e-02
8.313082e-01,8.358224e+00,2.833739e+00,-8.722386e-01,5.364928e-01,4.893588e-02
3.357031e+00,9.262549e+00,4.052988e+00,-1.111801e+00,2.926076e-01,-9.217839e-02
3.477029e+00,8.961519e+00,4.439683e+00,-1.214451e+00,-1.407315e-01,-1.959402e-01
3.011852e+00,7.692815e+00,2.543235e+00,-1.390316e+00,-7.348726e-01,-2.998116e-01
4.637405e-01,7.548921e+00,3.115459e-01,-1.635761e+00,-1.101570e+00,-2.947780e-01
2.829652e+00,1.006848e+01,-2.752640e+00,-2.382808e+00,-1.247168e+00,-1.788126e-01
3.720350e+00,1.078729e+01,-2.623355e+00,-2.955615e+00,-1.450128e+00,-2.242478e-01
5.300456e+00,1.381110e+01,1.589440e+00,-3.665081e+00,-1.682622e+00,-9.781427e-02
6.494929e+00,2.196968e+01,-4.357316e+00,-4.097021e+00,-1.895607e+00,1.621255e-01
-8.890843e-01,1.362990e+01,7.553952e+00,-4.483451e+00,-3.379678e+00,-4.982535e-01
-4.819375e+00,2.138389e+01,1.877557e+01,-4.651637e+00,-3.830368e+00,-6.527360e-01
-7.753917e+00,1.601852e+01,1.797155e+01,-2.528120e+00,-2.062052e+00,-5.754409e-01
-4.112777e+00,1.957140e+00,1.871716e+01,-1.241138e+00,2.979427e-01,-1.379145e-01
3.896449e+00,1.124542e+01,1.014672e+01,-9.830034e-01,9.132076e-01,-7.898390e-02
1.190539e+00,9.885790e+00,1.157689e+01,1.433315e+00,1.078398e+00,-3.678146e-01
1.044709e+00,3.341043e+00,9.570286e+00,2.611936e+00,1.509633e+00,-1.113061e-01
2.559988e+00,6.441875e-01,8.409988e+00,3.981171e+00,2.049248e+00,-1.067538e-01
2.417250e+00,3.859373e-01,7.990563e+00,4.658854e+00,2.218028e+00,-2.723971e-01
2.569465e+00,2.125228e+00,7.774046e+00,5.227326e+00,2.173436e+00,-1.677087e-01
4.573892e+00,1.856379e+00,8.023498e+00,6.381007e+00,1.823435e+00,-1.342758e-01
6.287823e+00,1.152802e+00,8.651255e+00,7.149020e+00,1.007825e+00,-1.660503e-01
8.478104e+00,4.499146e+00,9.683107e+00,7.374614e+00,2.428271e-02,-3.362134e-01
5.649672e+00,6.782312e+00,9.891262e+00,7.518214e+00,-9.836561e-01,-8.759221e-01
-5.892545e+00,5.747028e+00,7.136347e+00,6.545541e+00,-9.837708e-01,-1.211877e+00
-1.568999e+01,6.579992e+00,6.744996e+00,5.216575e+00,9.571024e-01,-3.415433e-02
-2.996845e+00,-5.996387e+00,-1.201539e+00,4.273189e+00,3.240909e+00,7.483793e-01
5.582982e+00,-8.182597e+00,-3.026298e+00,4.759600e-01,4.207262e+00,1.042387e+00
1.157141e+01,-1.295099e+00,3.026613e+00,-3.539035e+00,1.378212e+00,2.624617e-01
1.387722e+01,3.531051e+01,-5.222492e+00,-2.110689e+00,-7.480402e-02,2.238018e-01
-9.309395e+00,-2.492489e+00,6.617741e+00,-2.534901e+00,-2.840401e+00,-2.234234e+00
-7.218137e+00,-3.791929e-01,1.201584e+01,-3.760141e+00,-8.081040e-01,-3.689631e-01
-2.476109e+00,8.689212e+00,1.655274e+01,-2.913886e+00,1.238910e+00,3.579140e-01
-2.484643e+00,1.457390e+01,1.316196e+01,-1.891885e+00,1.420719e+00,1.055563e-01
2.299524e+00,9.971664e+00,7.151188e+00,-1.082797e+00,1.810465e+00,4.578758e-01
5.643872e+00,7.479393e+00,2.328158e+00,-9.961123e-01,1.402167e+00,3.123089e-01
4.110592e+00,1.048091e+01,1.944067e+00,-9.229804e-01,-9.942309e-02,-2.872572e-01
7.195661e-01,1.031091e+01,2.844724e+00,-9.145435e-01,-6.355051e-01,-4.404418e-01
-1.917989e+00,8.971933e+00,1.306112e+00,-8.094325e-01,-5.505346e-01,-3.651387e-01
-2.412090e+00,9.558469e+00,7.950552e-01,-8.356835e-01,-2.380101e-01,-2.514235e-01
-4.618366e-01,9.705233e+00,5.350039e-01,-9.131464e-01,3.554346e-01,-1.195269e-01
1.945352e+00,8.656238e+00,-2.784102e-01,-1.099328e+00,1.311593e-01,-1.770133e-01
1.184863e+00,7.851514e+00,9.282618e-01,-1.382945e+00,-3.176798e-01,-2.748349e-01
4.169860e-01,8.877783e+00,2.367220e+00,-1.597955e+00,-5.820450e-01,-2.741830e-01
-1.351682e+00,8.741963e+00,3.647850e+00,-1.716483e+00,-4.439726e-01,-1.602103e-01
-9.557903e-01,8.994888e+00,4.376744e+00,-1.743333e+00,-1.838849e-01,-9.233789e-03
2.356029e+00,9.933944e+00,4.531831e+00,-1.798115e+00,-8.331925e-02,1.163513e-01
3.557438e+00,8.994944e+00,1.673708e+00,-1.958448e+00,-3.860534e-01,9.887433e-02
2.141302e+00,9.994857e+00,-5.473510e-01,-2.596187e+00,-1.042925e+00,6.097991e-02
1.034908e+00,1.040863e+01,-1.536901e-01,-2.976391e+00,-1.358027e+00,1.489390e-02
2.327519e+00,1.111512e+01,1.692199e+00,-3.589080e+00,-1.452715e+00,8.390906e-02
4.154405e+00,1.158997e+01,2.807124e+00,-3.844383e+00,-1.559075e+00,1.033136e-01
3.706829e+00,1.869848e+01,-3.411414e+00,-4.491327e+00,-2.330746e+00,3.373028e-01
1.099501e+00,1.818317e+01,-7.098659e-01,-4.754387e+00,-3.376995e+00,-1.195307e-01
-6.855476e+00,2.132237e+01,1.563233e+01,-4.342014e+00,-2.829593e+00,-1.141296e-01
-8.923510e+00,2.709223e+01,1.762048e+01,-2.519595e+00,-1.302222e+00,-1.544341e-01
-4.453816e-01,2.039579e+00,1.871762e+01,-1.567920e+00,1.820871e+00,4.981624e-01
6.359204e+00,1.400472e+01,1.093505e+01,-9.745027e-01,1.959578e+00,5.323814e-01
2.471918e+00,8.913449e+00,1.340056e+01,2.373598e+00,1.751947e+00,-4.177984e-01
2.471314e+00,3.801322e+00,1.019587e+01,3.709731e+00,2.119065e+00,-4.554622e-01
4.835829e+00,1.385714e+00,1.061988e+01,5.002375e+00,2.248002e+00,-5.775603e-01
5.488352e+00,2.054562e+00,8.656808e+00,5.722062e+00,2.175607e+00,-3.913313e-01
5.777516e+00,1.478846e+00,9.710659e+00,6.993072e+00,1.541437e+00,-1.527987e-01
6.273344e+00,9.066889e-01,9.951059e+00,7.539618e+00,8.292274e-01,-4.706531e-02
5.747729e+00,3.133437e+00,1.248387e+01,8.082531e+00,-1.317905e-02,9.293211e-02
5.355028e+00,4.703998e+00,1.310892e+01,8.470932e+00,-5.487104e-01,1.171042e-01
-1.215654e+00,3.758972e+00,8.938529e+00,7.832477e+00,-9.559095e-01,-6.453327e-02
-7.363633e+00,5.243115e+00,6.833637e+00,6.146935e+00,-7.462553e-03,3.890330e-01
-7.573944e+00,-5.432125e+00,4.677875e+00,3.856220e+00,2.674918e+00,6.416717e-01
-8.463202e-01,-1.048594e+01,-2.718931e+00,1.179643e+00,3.165556e+00,9.096286e-01
8.018417e+00,-3.966265e+00,5.297154e+00,-3.501232e+00,1.660779e+00,2.673607e-01
8.352956e+00,1.085932e+00,1.004821e+01,-5.134886e+00,-7.766291e-02,-6.381204e-01
2.808325e+01,3.650758e+01,8.947911e-01,-1.340377e+00,-1.556796e+00,-2.395403e-01
-1.389733e+01,-8.959280e+00,7.234268e+00,-2.593162e+00,-3.994835e+00,-2.961132e+00
-2.365415e+00,-2.153866e+00,1.311878e+01,-3.560578e+00,1.432461e+00,7.852602e-01
-1.883723e-01,1.287382e+01,1.562443e+01,-2.921038e+00,9.043616e-01,-2.992282e-03
-1.231272e+00,1.355840e+01,9.928850e+00,-1.758823e+00,6.985788e-01,-1.065244e-01
-2.674622e-01,6.540342e+00,6.891215e+00,-1.246977e+00,6.317588e-01,2.541478e-01
3.958624e+00,9.673478e+00,2.928047e+00,-1.023546e+00,7.067167e-01,1.609826e-02
4.219203e+00,1.213824e+01,3.800853e+00,-1.002618e+00,-5.436674e-03,-1.688358e-01
2.157114e+00,9.213177e+00,2.098971e+00,-8.521652e-01,-8.780629e-01,-3.553459e-01
-2.979773e+00,9.297086e+00,2.378717e+00,-8.113743e-01,-1.083027e+00,-4.817398e-01
-4.941902e+00,1.022991e+01,3.348040e+00,-7.284182e-01,-2.885072e-01,-1.955551e-01
-4.040634e+00,9.216773e+00,2.290048e+00,-6.777533e-01,2.414633e-01,-4.586167e-02
1.477048e+00,8.147321e+00,6.829519e-02,-9.632053e-01,8.338801e-01,1.509728e-01
2.853406e+00,7.906172e+00,8.167942e-01,-1.182564e+00,4.849514e-01,-2.654657e-02
7.453950e-01,8.953617e+00,3.739848e+00,-1.440220e+00,-5.329556e-02,-1.737674e-01
-6.818745e-01,9.602783e+00,4.311990e+00,-1.524224e+00,-1.165609e-01,-1.387143e-01
2.577058e+00,8.665396e+00,2.205122e+00,-1.666495e+00,1.991485e-02,-3.222250e-02
5.061464e+00,8.088468e+00,7.610898e-01,-1.981069e+00,-4.103167e-01,-4.543974e-02
3.292756e+00,9.632688e+00,-9.096424e-01,-2.600557e+00,-1.317627e+00,-2.027464e-01
1.050423e+00,1.058335e+01,-1.277193e-02,-3.071483e+00,-1.737399e+00,-1.793248e-01
1.468554e+00,1.120067e+01,2.087526e+00,-3.546599e+00,-1.415623e+00,1.187773e-01
9.694874e+00,1.193739e+01,9.273221e-01,-3.799295e+00,-1.512533e+00,5.861381e-02
1.073310e+01,1.347771e+01,-3.093209e+00,-4.398547e+00,-3.984766e+00,-6.114077e-01
-1.186239e+00,1.118364e+01,4.079649e+00,-4.771543e+00,-5.488149e+00,-1.019086e+00
-1.411850e+01,3.048045e+01,2.075875e+01,-4.717731e+00,-4.454758e+00,-2.966855e-01
-1.848143e+01,2.819573e+01,2.072679e+01,-2.270905e+00,-1.814214e+00,5.024673e-01
-1.239469e+00,1.459310e+00,1.936791e+01,-1.634049e+00,2.656775e+00,1.165045e+00
9.676275e+00,1.270225e+01,1.186460e+01,-2.696380e-01,2.495522e+00,9.845203e-01
5.166957e+00,5.812387e+00,1.199335e+01,2.136529e+00,1.640230e+00,3.134376e-01
3.581634e+00,3.168871e+00,9.431439e+00,3.360637e+00,1.325585e+00,1.762409e-01
1.519778e+00,3.011300e-01,8.635284e+00,4.594242e+00,1.484845e+00,-4.391825e-01
1.137305e+00,8.090533e-01,9.659126e+00,5.213839e+00,1.706675e+00,-5.495467e-01
2.539891e+00,1.445054e+00,9.180000e+00,6.545037e+00,1.957920e+00,-5.366574e-01
4.840740e+00,7.695393e-01,9.780370e+00,7.216406e+00,1.667156e+00,-6.058674e-01
6.667068e+00,1.640377e+00,1.322687e+01,8.082635e+00,6.803203e-01,-7.616477e-01
6.602164e+00,3.820523e+00,1.389912e+01,8.386483e+00,4.366945e-02,-9.287449e-01
3.418387e+00,8.592917e+00,1.259397e+01,7.766799e+00,-6.077874e-01,-1.492111e+00
-5.106241e+00,5.907665e+00,8.003448e+00,6.371785e+00,-4.420600e-01,-1.580768e+00
-1.426876e+01,-4.575130e+00,8.729195e+00,3.354935e+00,1.951173e+00,-4.284308e-01
-1.307614e+00,-1.393024e+01,1.354071e-01,3.332534e-01,3.469509e+00,4.091399e-01
8.445118e+00,-4.933329e+00,9.487312e+00,-4.624465e+00,2.536870e+00,4.835937e-01
1.072696e+01,2.664167e+01,7.874901e+00,-3.327975e+00,1.889617e+00,1.272463e+00
-5.598123e+00,-6.861266e+00,4.164943e+00,-5.198589e-01,-1.470983e+00,-1.878471e+00
-1.253095e+01,-9.211173e+00,1.258451e+01,-3.126703e+00,-4.162576e-01,-4.634453e-01
-3.789951e+00,1.430953e+01,1.561408e+01,-2.690706e+00,2.080896e+00,4.118009e-01
4.367349e+00,1.863835e+01,8.574363e+00,-1.684495e+00,1.070566e+00,-1.475265e-01
-8.564619e-01,4.800157e+00,5.292188e+00,-1.520484e+00,3.716845e-01,1.292766e-01
-3.036692e+00,9.404413e+00,5.102362e+00,-1.340662e+00,1.085776e+00,3.027319e-01
3.715295e+00,1.118000e+01,3.963528e+00,-1.173663e+00,8.281973e-01,7.638959e-02
3.004036e+00,8.974729e+00,3.495321e+00,-1.152398e+00,2.028076e-01,-4.883029e-02
9.692847e-01,9.407400e+00,3.587400e+00,-1.090337e+00,-4.301231e-01,-2.475665e-01
-2.191903e-01,9.594459e+00,3.473615e+00,-1.074389e+00,-4.214821e-01,-2.752062e-01
4.349907e-01,8.435784e+00,2.045784e+00,-1.127962e+00,-2.547283e-01,-2.370592e-01
8.112817e-01,7.917322e+00,1.314873e+00,-1.238213e+00,-3.764651e-01,-2.464148e-01
-3.885933e-01,7.867520e+00,2.144833e+00,-1.516683e+00,-7.959367e-01,-3.311090e-01
-4.547857e-01,7.868331e+00,3.135921e+00,-1.592427e+00,-7.972925e-01,-3.334355e-01
1.200888e+00,8.815132e+00,1.758584e+00,-1.752948e+00,-8.154457e-01,-2.823516e-01
1.630008e+00,8.330854e+00,-8.824430e-01,-1.971397e+00,-9.066070e-01,-2.333991e-01
2.009305e+00,8.591782e+00,2.838958e-01,-2.703680e+00,-1.301623e+00,-2.722706e-01
1.083852e+00,9.644993e+00,2.266843e+00,-3.076947e+00,-1.534731e+00,-2.214795e-01
3.118194e+00,9.170564e+00,3.537426e+00,-3.339572e+00,-1.280790e+00,6.679641e-02
8.705493e+00,1.319197e+01,-2.085854e+00,-3.650418e+00,-1.499359e+00,1.862786e-01
5.334829e+00,1.699595e+01,-1.635372e+00,-4.411863e+00,-3.458918e+00,-3.080877e-01
-2.157303e+00,1.431498e+01,7.676281e+00,-4.889553e+00,-4.398209e+00,-5.652314e-01
-7.427565e+00,2.619598e+01,1.835115e+01,-4.202091e+00,-2.881757e+00,-4.569813e-01
-9.066947e+00,1.919143e+01,1.869816e+01,-2.501472e+00,-1.719047e+00,-3.275454e-01
2.519436e+00,2.015931e+00,1.647233e+01,-1.374050e+00,1.218840e+00,9.480621e-02
8.625262e+00,9.493197e+00,9.550233e+00,-4.684390e-01,1.206366e+00,-1.230453e-01
2.325827e+00,6.044596e+00,1.148770e+01,1.821880e+00,9.059253e-01,-8.729820e-01
2.053519e+00,3.113353e+00,9.590895e+00,2.809059e+00,1.207997e+00,-8.249532e-01
2.671378e+00,8.728445e-01,8.563843e+00,4.322349e+00,1.804361e+00,-1.075537e+00
2.400591e+00,9.839578e-01,9.003085e+00,5.085437e+00,1.918132e+00,-9.914880e-01
2.612819e+00,2.393607e+00,8.884916e+00,6.146879e+00,1.882126e+00,-8.037585e-01
3.952748e+00,1.482794e+00,1.013479e+01,6.852108e+00,1.706762e+00,-7.373080e-01
6.199400e+00,1.390108e+00,1.226875e+01,7.780875e+00,9.055018e-01,-5.126863e-01
7.892230e+00,3.412591e+00,1.227511e+01,7.915689e+00,2.051510e-01,-5.379623e-01
2.643614e+00,4.033113e+00,8.374912e+00,6.707144e+00,-9.681690e-01,-9.441675e-01
-8.625823e+00,2.529118e+00,8.361906e+00,5.200179e+00,-1.073346e+00,-8.844962e-01
-1.540469e+01,-6.915495e+00,4.937747e+00,1.006302e+00,2.460256e+00,3.631436e-01
-9.157137e+00,-1.061737e+01,5.973423e+00,-3.060415e+00,3.883065e+00,1.121166e+00
2.158440e+01,3.026492e+01,5.432423e+00,-3.692954e+00,4.441063e+00,2.437600e+00
1.310567e+01,4.461662e+00,6.403122e+00,-2.304043e+00,1.337338e+00,-4.912993e-01
9.454652e+00,-1.193474e+01,9.627347e+00,-2.162272e+00,-1.586398e+00,-9.815092e-01
-9.518438e-01,8.434443e+00,1.375756e+01,-2.657697e+00,-1.971803e+00,-6.332271e-01
-1.697676e+01,1.779562e+01,1.146469e+01,-1.285579e+00,-4.791366e-01,-2.083289e-01
-8.101532e+00,1.945642e+00,6.863334e+00,-1.093471e+00,1.960680e+00,8.411148e-01
5.642196e+00,1.074926e+01,7.022330e+00,-8.908791e-01,2.712416e+00,8.227998e-01
7.844592e+00,1.159532e+01,5.202253e+00,-7.191537e-01,1.687214e+00,5.703693e-01
4.375523e+00,8.581024e+00,3.586369e+00,-6.554108e-01,-1.115212e-01,3.322148e-02
2.537296e+00,1.001493e+01,4.017239e+00,-6.958818e-01,-4.805130e-01,-6.283308e-02
6.901153e-01,1.025773e+01,3.944593e+00,-6.537839e-01,-6.197895e-01,-1.584685e-01
2.251918e-01,8.831109e+00,3.434637e+00,-6.555891e-01,-6.684741e-01,-1.743174e-01
-1.003381e+00,7.865923e+00,3.017554e+00,-7.270216e-01,-8.120939e-01,-1.911684e-01
-1.619826e+00,7.666783e+00,2.726087e+00,-8.320304e-01,-7.917846e-01,-1.706075e-01
5.504011e-01,7.561259e+00,1.992281e+00,-1.047226e+00,-8.522608e-01,-2.243448e-01
-3.492180e-01,7.570884e+00,2.728334e+00,-1.141220e+00,-9.451581e-01,-2.116178e-01
-1.088392e+00,7.056849e+00,3.601190e+00,-1.314092e+00,-7.585131e-01,-1.787867e-01
-1.379515e-01,8.006981e+00,2.280701e+00,-1.447069e+00,-5.108400e-01,-1.594968e-02
8.772948e-01,7.860334e+00,5.696049e-01,-1.829395e+00,-3.718533e-01,1.590053e-01
2.383261e+00,9.315181e+00,-2.772705e-01,-2.127898e+00,-4.819392e-01,1.649829e-01
4.365856e+00,9.771825e+00,-5.718252e-01,-2.821390e+00,-1.278379e+00,-1.224201e-02
4.732285e+00,9.737349e+00,-3.289395e-01,-3.331354e+00,-1.783676e+00,-6.164073e-03
6.820566e+00,1.628750e+01,-3.573703e+00,-4.134801e+00,-2.975388e+00,8.375898e-03
-1.110299e+00,1.877242e+01,4.934228e+00,-4.419760e+00,-4.153243e+00,1.304102e-02
-1.149860e+01,2.758428e+01,1.773418e+01,-4.086951e+00,-3.141470e+00,-7.919279e-02
-1.469155e+01,2.268791e+01,1.991890e+01,-2.484054e+00,-1.082718e+00,4.361890e-01
8.344467e-01,3.379813e+00,1.858035e+01,-1.182929e+00,2.559190e+00,9.497481e-01
5.748339e+00,7.840318e+00,1.308481e+01,-9.221306e-01,2.889768e+00,7.664037e-01
7.125984e+00,7.655086e+00,1.233152e+01,1.416475e+00,1.948329e+00,1.788954e-01
6.751141e+00,5.783106e+00,9.347988e+00,2.459926e+00,1.262535e+00,2.878957e-02
2.530396e+00,1.875666e+00,9.165133e+00,3.759755e+00,8.410862e-01,-6.228578e-01
1.504462e+00,1.997920e+00,9.375671e+00,4.299869e+00,9.622185e-01,-6.736188e-01
1.766734e+00,2.228129e+00,9.030624e+00,5.445501e+00,1.307470e+00,-6.386658e-01
2.170699e+00,1.743910e+00,9.447851e+00,6.165432e+00,1.414434e+00,-6.992141e-01
3.991878e+00,-8.885482e-01,1.210271e+01,6.992148e+00,1.584110e+00,-6.161758e-01
5.815796e+00,-1.453146e+00,1.151956e+01,7.073910e+00,1.369288e+00,-3.640336e-01
2.509802e+00,1.916028e+00,1.034984e+01,6.144823e+00,-1.958667e-01,-5.008621e-02
-2.133509e+00,3.490927e+00,1.156977e+01,5.054053e+00,-5.297566e-01,-2.680424e-02
-4.414821e+00,-4.739970e+00,6.796908e+00,2.944804e+00,5.769160e-01,3.778656e-01
-1.222231e+00,-5.610823e+00,6.291032e+00,8.215999e-01,1.512856e+00,4.409268e-01
2.939763e+00,8.189622e+00,3.338938e-01,-2.268822e+00,1.550955e+00,4.481599e-01
1.316075e+01,3.939325e+01,-6.233326e+00,-1.936878e+00,1.395040e+00,1.136814e+00
-3.837647e+00,-1.102720e+00,9.020095e+00,-2.468723e+00,7.168208e-01,-6.560896e-01
7.193270e+00,-2.076154e+00,1.011861e+01,-2.391667e+00,1.795296e+00,-1.847934e-01
8.175046e+00,8.614099e+00,1.106524e+01,-2.138096e+00,-1.088727e+00,-6.162301e-01
-4.139032e+00,1.727529e+01,8.984712e+00,-1.802258e+00,-1.965705e+00,-8.878779e-01
-1.326860e+01,8.285911e+00,7.110328e+00,-9.260124e-01,2.960710e-01,3.431562e-02
-6.629005e+00,6.989711e+00,6.524767e+00,-8.029810e-01,2.049063e+00,6.338309e-01
5.790692e+00,1.153005e+01,4.593212e+00,-5.058906e-01,2.681676e+00,7.651135e-01
8.207260e+00,9.153807e+00,2.931397e+00,-4.898757e-01,1.674446e+00,4.460138e-01
5.816300e+00,8.963196e+00,1.811110e+00,-6.993158e-01,4.868758e-04,-1.344598e-01
1.196792e+00,9.578561e+00,2.370668e+00,-7.537873e-01,-8.668601e-01,-4.090099e-01
-2.293380e+00,8.667723e+00,2.429039e+00,-9.398924e-01,-1.033306e+00,-4.695147e-01
-2.831248e+00,8.014411e+00,2.756028e+00,-1.039532e+00,-6.915018e-01,-3.271022e-01
5.711551e-01,1.017828e+01,3.846514e+00,-1.174334e+00,-2.623354e-01,-1.562199e-01
1.455835e+00,9.924330e+00,4.540860e+00,-1.151941e+00,-3.689921e-01,-2.214813e-01
2.428226e+00,8.942607e+00,4.160995e+00,-1.280206e+00,-8.026351e-01,-1.988889e-01
-2.079709e-01,9.866423e+00,3.632601e+00,-1.326035e+00,-9.642326e-01,-1.977758e-01
-1.802277e+00,9.179217e+00,1.454729e+00,-1.596099e+00,-5.497349e-01,5.926523e-02
-2.314866e-01,8.934819e+00,3.379354e-01,-1.870466e+00,-4.094258e-01,1.194474e-01
4.665146e+00,1.021222e+01,1.093523e-01,-2.533163e+00,-1.032829e+00,-6.398891e-02
3.959530e+00,9.860871e+00,1.926218e+00,-2.936479e+00,-1.706457e+00,-2.189057e-01
3.494037e+00,1.020901e+01,2.335767e+00,-3.493478e+00,-2.203478e+00,-9.107690e-02
3.860004e+00,1.571043e+01,-2.984742e+00,-3.825867e+00,-2.507084e+00,2.062397e-01
3.450619e-01,1.746667e+01,5.832679e+00,-4.202730e+00,-3.614920e+00,-1.774225e-01
-3.267454e+00,1.819600e+01,1.246584e+01,-4.154290e+00,-3.323556e+00,-4.594020e-01
-7.498411e+00,2.001376e+01,1.734684e+01,-2.076759e+00,-1.110027e+00,-3.458516e-01
-4.585647e+00,5.892204e+00,2.003999e+01,-1.285727e+00,5.041921e-01,-6.422579e-02
5.578309e+00,1.230358e+01,1.026904e+01,-8.796245e-01,1.530453e+00,6.844358e-02
4.989374e+00,9.107507e+00,1.241384e+01,6.741859e-01,1.285396e+00,-4.553089e-01
4.036285e+00,3.914741e+00,1.007897e+01,2.614237e+00,8.006997e-01,-6.611196e-01
2.807286e+00,1.951790e+00,8.938960e+00,3.387680e+00,7.573416e-01,-8.861991e-01
9.944230e-01,2.504778e+00,8.723890e+00,4.465378e+00,9.007879e-01,-8.470398e-01
1.187507e+00,2.235617e+00,8.717456e+00,5.160263e+00,1.138199e+00,-7.956025e-01
2.388001e+00,1.533229e+00,9.880006e+00,6.350553e+00,1.256611e+00,-7.289970e-01
2.570444e+00,1.429526e+00,1.132113e+01,6.809218e+00,1.221712e+00,-6.745828e-01
3.260408e+00,2.850068e+00,1.112240e+01,7.340209e+00,1.182956e+00,-5.247593e-01
3.069316e+00,2.135514e+00,9.085732e+00,7.216978e+00,1.050429e+00,-4.541528e-01
-1.711952e+00,6.256729e+00,8.050363e+00,5.891543e+00,7.628961e-01,-8.945028e-02
-2.574656e+00,4.943635e+00,6.894181e+00,4.931844e+00,1.007204e+00,-1.013098e-02
-3.197951e-01,-2.765781e+00,3.226789e+00,2.183823e+00,1.224707e+00,-1.362191e-02
1.946325e+00,-5.231146e+00,1.033285e+00,1.911797e-02,1.066050e+00,-2.995461e-01
1.218395e+00,3.036589e+00,6.113159e+00,-2.935692e+00,1.458288e-01,-4.671212e-01
5.319205e+00,3.361667e+01,-1.605250e+00,-3.145015e+00,2.395796e-01,4.906060e-02
-8.978474e+00,-1.245734e+00,1.587877e+00,-1.329549e+00,2.322014e-01,-7.767755e-01
-3.657972e+00,-6.379354e+00,6.719062e+00,-2.927958e+00,2.067405e+00,4.935846e-01
7.717143e+00,1.198923e+01,1.139922e+01,-2.882130e+00,1.809198e+00,3.905519e-01
3.374028e+00,1.356965e+01,8.011482e+00,-2.092699e+00,-3.442043e-01,-4.796939e-01
-3.050916e+00,7.939583e+00,5.975421e+00,-1.421086e+00,-1.198093e+00,-4.444098e-01
-5.788599e+00,9.182397e+00,4.467900e+00,-1.292425e+00,-3.993187e-01,-1.151615e-01
-2.132707e+00,1.049463e+01,4.332705e+00,-1.008419e+00,1.262454e+00,2.839737e-01
3.335195e+00,1.088227e+01,3.200600e+00,-9.423953e-01,1.478835e+00,3.737648e-01
5.175052e+00,7.964163e+00,1.752698e+00,-8.435216e-01,-5.066124e-01,-2.952815e-01
-1.697373e+00,8.130750e+00,3.242828e+00,-9.429390e-01,-1.123071e+00,-4.155677e-01
-3.821869e+00,9.498121e+00,2.972028e+00,-9.620998e-01,-3.313058e-01,-1.886445e-01
-2.160334e-01,9.143804e+00,1.776677e+00,-1.022584e+00,1.371098e-01,-6.679614e-02
1.020068e+00,7.840000e+00,1.899932e+00,-1.208067e+00,1.233954e-02,-1.174685e-01
2.125094e-01,8.038909e+00,2.608036e+00,-1.396955e+00,-1.550052e-01,-1.433375e-01
8.544870e-02,9.058235e+00,4.843405e+00,-1.529054e+00,-2.345066e-01,-1.306778e-01
2.285074e+00,9.572918e+00,5.806469e+00,-1.499873e+00,-2.220317e-01,-9.133340e-02
2.539259e+00,8.982853e+00,3.309233e+00,-1.543680e+00,-4.860292e-01,-4.216125e-02
1.170396e+00,8.610132e+00,1.644290e+00,-1.709571e+00,-7.290179e-01,-2.533621e-02
3.321789e+00,9.461028e+00,-1.126944e+00,-2.261866e+00,-9.811201e-01,-6.200180e-02
3.840372e+00,1.050793e+01,-3.164478e-01,-2.828526e+00,-1.497702e+00,-1.587514e-01
6.776263e+00,1.151124e+01,9.671937e-01,-3.469282e+00,-1.839526e+00,-1.392465e-01
8.320138e+00,1.451535e+01,-1.688650e+00,-3.894775e+00,-2.206851e+00,-6.618430e-02
5.906140e-01,1.918032e+01,1.397181e+00,-4.494125e+00,-3.586122e+00,2.115702e-02
-7.080775e+00,1.780909e+01,1.009353e+01,-4.660382e+00,-3.931212e+00,-3.559769e-02
-1.636399e+01,2.228478e+01,2.008865e+01,-3.507823e+00,-1.078801e+00,1.476901e+00
-1.380892e+01,1.301597e+01,1.847264e+01,-1.965054e+00,7.968677e-01,2.045536e+00
2.294569e+00,1.149104e+00,1.474039e+01,-1.155393e+00,3.587519e+00,2.722495e+00
5.994246e+00,8.825065e+00,9.449396e+00,-4.000129e-02,2.915115e+00,2.961538e+00
3.111125e+00,2.992312e+00,1.079191e+01,1.820763e+00,1.416652e+00,2.702266e+00
2.619503e+00,1.198509e+00,9.406437e+00,2.987958e+00,4.902148e-01,2.834850e+00
2.758580e-01,6.527521e-01,9.266758e+00,4.370699e+00,-1.947651e-01,2.828136e+00
-6.158094e-01,4.846523e-01,9.341514e+00,5.083265e+00,-2.998627e-01,2.858473e+00
-1.580684e+00,-9.381463e-01,9.769146e+00,6.307159e+00,-1.698796e-01,2.745891e+00
-1.110913e+00,-2.128909e+00,1.010109e+01,6.836219e+00,1.402530e-01,2.642355e+00
1.143969e+00,-1.538402e+00,1.208861e+01,7.448870e+00,7.380608e-01,2.376525e+00
1.822252e+00,-4.332885e-01,1.206347e+01,7.642139e+00,9.485470e-01,2.221819e+00
-1.070955e+00,-9.131960e-03,1.257461e+01,6.960155e+00,1.660908e+00,1.739318e+00
-4.739475e+00,4.591287e+00,1.160497e+01,5.444672e+00,2.775291e+00,1.809562e+00
-7.210721e+00,1.574556e+00,9.248233e+00,3.539570e+00,4.679065e+00,1.367593e+00
-1.692973e+00,-5.577405e+00,3.148332e+00,2.139648e+00,5.434538e+00,1.269147e+00
8.232622e+00,2.137288e+01,1.658348e+00,-2.902552e+00,4.376884e+00,-3.964545e-01
2.226578e+01,3.859763e+01,-7.982790e+00,-1.182396e+00,1.932605e+00,-9.256485e-01
2.842807e+00,1.309960e+00,1.035712e+01,-1.422305e+00,-1.762528e+00,-2.850127e+00
-3.805690e+00,-1.884384e+00,8.005053e+00,-1.618621e+00,-1.440406e+00,-1.907439e+00
-9.760908e+00,8.095424e+00,1.070517e+01,-7.943914e-01,7.646452e-01,-6.831402e-01
-6.395102e+00,1.746385e+01,1.067379e+01,-2.527237e-01,2.300387e+00,-3.534232e-01
7.994994e+00,7.132506e+00,4.666074e+00,4.840674e-01,3.210165e+00,1.724763e-01
1.224227e+01,5.514515e+00,2.775547e+00,3.199424e-01,2.475877e+00,-4.306831e-02
1.301721e+01,1.111412e+01,3.168981e+00,1.457253e-01,-5.402947e-01,-1.062110e+00
6.275466e+00,6.928166e+00,4.558367e+00,1.290329e-01,-2.130325e+00,-1.455746e+00
-4.743084e+00,7.536847e+00,4.325691e+00,-1.165504e-01,-2.427845e+00,-1.246353e+00
-5.633562e+00,8.897540e+00,4.273028e+00,-9.184161e-02,-1.424858e+00,-9.939618e-01
-2.437468e+00,8.566017e+00,3.258697e+00,-3.556850e-02,-7.522091e-02,-5.362581e-01
-7.842222e-01,7.832690e+00,2.359225e+00,-8.785625e-02,1.923296e-01,-4.079265e-01
1.521165e+00,9.762534e+00,2.607873e+00,-1.843690e-01,9.898007e-02,-4.396331e-01
-1.991042e-01,8.286936e+00,3.355233e+00,-1.862046e-01,-1.585668e-01,-5.620115e-01
-1.198025e+00,9.017083e+00,3.912985e+00,-1.860032e-01,-7.163779e-02,-5.739821e-01
-6.040574e-01,8.533225e+00,4.401196e+00,-1.777267e-01,2.102511e-01,-4.499020e-01
2.912624e+00,9.114914e+00,4.186670e+00,-1.496977e-01,3.489858e-01,-3.661359e-01
3.100207e+00,8.940117e+00,3.750376e+00,-1.638266e-01,5.363332e-02,-4.411249e-01
1.689906e-01,8.499512e+00,4.510601e+00,-1.415777e-01,-6.010430e-01,-6.097795e-01
-1.226634e+00,7.962029e+00,4.973556e+00,-1.300000e-01,-5.906388e-01,-5.606692e-01
-1.194213e+00,1.060023e+01,3.633427e+00,-3.647679e-02,-2.879937e-01,-4.079774e-01
-1.034711e+00,8.828385e+00,3.411884e+00,-1.056784e-02,-1.839851e-01,-3.927409e-01
9.500791e-01,8.402253e+00,3.211425e+00,-1.053808e-01,-6.935706e-02,-3.206723e-01
2.164312e+00,8.600588e+00,3.122157e+00,-1.840646e-01,-1.670581e-01,-2.846543e-01
1.036660e-01,8.398580e+00,3.933495e+00,-2.770148e-01,-5.353398e-01,-3.446767e-01
-5.932151e-01,8.548445e+00,4.387880e+00,-2.911111e-01,-5.376653e-01,-3.208466e-01
-7.718746e-01,9.614742e+00,4.578529e+00,-2.658053e-01,-3.543073e-01,-2.132710e-01
-1.319207e+00,8.671814e+00,4.577366e+00,-2.260458e-01,-1.955266e-01,-1.695598e-01
-8.837945e-01,8.813931e+00,4.777466e+00,-1.851136e-01,-7.195708e-03,-1.057983e-01
-9.126514e-01,8.180311e+00,4.889705e+00,-1.309498e-01,1.225294e-01,-4.786164e-02
-3.026077e-01,8.959456e+00,4.233968e+00,-1.088775e-01,2.418141e-01,1.877550e-02
-7.120029e-01,8.427605e+00,3.896720e+00,-8.580994e-02,2.258099e-01,-1.835700e-02
-9.680284e-01,8.402086e+00,3.681870e+00,-1.713692e-01,3.142520e-01,2.515311e-02
-3.480119e-01,8.490000e+00,3.550000e+00,-2.311898e-01,3.787618e-01,3.482231e-02
-8.084868e-01,8.596974e+00,4.409004e+00,-2.765449e-01,2.974052e-01,-2.520417e-02
-3.410618e-01,8.362908e+00,4.684990e+00,-2.394893e-01,3.169655e-01,-1.966589e-02
4.029698e-01,8.170000e+00,5.108278e+00,-2.041247e-01,4.107534e-01,1.274769e-02
4.037956e-01,8.288874e+00,5.001022e+00,-1.926099e-01,3.972482e-01,3.937001e-02
-1.307829e-01,9.275548e+00,5.317026e+00,-1.654209e-01,2.825624e-01,3.586905e-02
-7.660794e-01,8.938313e+00,5.585844e+00,-1.101964e-01,2.694939e-01,1.909977e-02
6.205666e-02,8.691994e+00,5.169969e+00,-4.398836e-02,3.999851e-01,7.934498e-02
4.043617e-01,8.775865e+00,4.925262e+00,-2.756689e-02,3.995924e-01,1.010828e-01
1.341722e+00,8.436074e+00,4.197408e+00,-4.082122e-02,2.369294e-01,9.531412e-02
1.059194e+00,8.824349e+00,4.727263e+00,-4.125106e-02,7.068495e-02,4.724980e-02
-1.370478e+00,8.790641e+00,4.932080e+00,4.740274e-02,-3.860014e-02,1.144301e-02
-2.345877e+00,8.401567e+00,4.708675e+00,8.762260e-02,3.749585e-02,1.964226e-02
-2.252422e+00,8.230000e+00,4.954671e+00,1.247668e-01,3.949663e-01,1.164759e-01
-1.452009e+00,8.909444e+00,4.705502e+00,1.394056e-01,5.789346e-01,2.008368e-01
4.487703e-01,8.548218e+00,5.094109e+00,1.946014e-01,6.288097e-01,2.168833e-01
5.378009e-01,9.820332e+00,3.982416e+00,1.487588e-01,5.299366e-01,2.646585e-01
-1.197136e-01,1.138115e+01,2.333341e+00,-5.502892e-03,3.970508e-01,3.388064e-01
-5.648308e-02,1.189230e+01,2.089562e+00,-1.867915e-01,4.011961e-01,4.405363e-01
-5.078143e-01,1.086780e+01,3.300012e+00,-3.491186e-01,5.611089e-01,6.958140e-01
-1.111301e+00,8.956403e+00,4.990801e+00,-3.834999e-01,7.803876e-01,8.679673e-01
-2.320322e+00,6.751507e+00,6.834694e+00,-4.392243e-01,1.401705e+00,1.573263e+00
-3.416820e+00,4.620943e+00,8.374750e+00,-4.035011e-01,1.863847e+00,2.082501e+00
-8.286950e-01,3.373475e+00,8.560669e+00,-2.647422e-01,2.989996e+00,2.953350e+00
1.086100e+00,3.947529e+00,7.818842e+00,-1.411584e-01,3.253819e+00,3.169512e+00
3.618872e+00,3.603164e+00,6.695246e+00,1.482018e-01,2.862409e+00,2.724033e+00
4.473725e+00,4.502984e+00,6.245534e+00,3.455497e-01,2.314559e+00,2.356609e+00
7.753282e-01,6.290400e+00,5.765068e+00,1.012360e+00,1.254632e+00,1.490822e+00
-1.329396e+00,6.067543e+00,6.258470e+00,1.410309e+00,1.210239e+00,9.997354e-01
8.183365e-01,6.402155e+00,5.929877e+00,1.431077e+00,1.396193e+00,4.222107e-01
1.103560e+00,7.813293e+00,5.589341e+00,1.174334e+00,1.254841e+00,2.973716e-01
1.302878e+00,1.153103e+01,9.152386e-01,1.102280e+00,1.046645e+00,2.724829e-01
2.115043e-01,1.947328e+01,-1.649834e+00,9.094473e-01,1.037866e+00,4.469456e-01
-1.437532e+00,1.524951e+01,7.525280e-01,1.202940e+00,1.847480e+00,7.925515e-01
6.539380e-01,2.242647e+00,3.975125e+00,1.234057e+00,2.525707e+00,6.614720e-01
1.307531e+01,8.820431e+00,3.027436e+00,3.744621e-01,2.315161e+00,6.532896e-01
1.121475e+01,1.052044e+01,2.771920e+00,3.969651e-01,6.507542e-01,1.828382e-01
3.633904e-02,8.699765e+00,2.291341e+00,2.885731e-01,-1.420041e+00,-5.438804e-01
-5.148640e+00,9.298206e+00,3.133478e+00,2.236374e-01,-1.268701e+00,-4.958712e-01
-5.976265e+00,9.995758e+00,2.942905e+00,2.268669e-01,5.488798e-01,4.006369e-02
-2.370637e+00,8.784097e+00,2.989060e+00,2.754481e-01,1.378479e+00,3.638646e-01
4.101114e+00,9.523179e+00,2.557592e+00,3.009447e-01,1.783614e+00,5.511735e-01
6.447447e+00,9.208530e+00,1.758291e+00,2.694276e-01,1.313995e+00,3.647919e-01
5.002427e+00,8.928801e+00,1.436395e+00,5.282164e-02,-3.017642e-01,-1.721345e-01
5.400022e-01,9.237719e+00,2.307324e+00,-2.331041e-02,-7.871584e-01,-2.982367e-01
-3.208611e+00,9.205179e+00,3.624821e+00,-4.342757e-03,-5.322816e-01,-2.316188e-01
-2.208384e+00,9.384029e+00,3.641846e+00,-3.546111e-02,3.590882e-02,-3.200336e-02
1.467844e+00,9.190434e+00,2.810518e+00,-2.548026e-03,4.879324e-01,1.461571e-01
2.083911e+00,9.270869e+00,2.730000e+00,-1.179201e-02,2.904178e-01,9.814299e-02
1.129398e+00,9.912427e+00,3.090850e+00,1.547962e-02,-9.727998e-02,-2.205348e-02
3.386445e-02,8.430865e+00,3.050784e+00,4.021314e-02,-1.980139e-01,-8.486959e-02
7.311550e-01,9.340082e+00,2.509340e+00,-7.946282e-02,-8.403324e-02,-5.543305e-03
7.734453e-01,9.297334e+00,2.447555e+00,-9.880654e-02,-6.634332e-02,2.363307e-03
2.193093e-01,9.117621e+00,2.899335e+00,-1.191207e-01,-9.578736e-02,2.125637e-03
1.112518e-02,9.299642e+00,3.064732e+00,-1.439144e-01,-1.001198e-01,-4.102936e-04
5.259171e-01,9.181307e+00,2.910817e+00,-1.303222e-01,-4.148904e-03,2.602222e-02
9.686016e-01,9.057622e+00,3.024895e+00,-1.212065e-01,2.502626e-02,3.773010e-02
5.808094e-01,8.913823e+00,3.302279e+00,-1.375672e-01,5.310874e-02,5.426196e-02
5.649449e-01,9.211798e+00,3.515674e+00,-1.425204e-01,9.287205e-02,6.658511e-02
6.701595e-01,9.229442e+00,3.510000e+00,-1.011114e-01,9.523824e-02,6.825400e-02
7.148397e-01,9.184840e+00,3.415609e+00,-7.511832e-02,8.000451e-02,6.644354e-02
7.027231e-01,9.214085e+00,3.240892e+00,-5.771141e-02,8.452408e-02,6.671976e-02
6.033120e-01,9.127484e+00,3.052054e+00,-4.834445e-02,9.983611e-02,7.305000e-02
5.831125e-01,9.082296e+00,2.993826e+00,-6.185241e-02,1.367602e-01,7.342600e-02
1.088443e+00,9.050778e+00,3.134611e+00,-6.887635e-02,1.342689e-01,6.601709e-02
1.317775e+00,9.120187e+00,3.378337e+00,-8.009792e-02,5.342270e-02,3.507023e-02
1.096420e+00,9.168679e+00,3.441321e+00,-7.295597e-02,-2.658123e-02,4.317031e-03
5.067151e-01,9.085523e+00,3.368808e+00,-4.527848e-02,-3.139006e-02,-4.791960e-03
6.224163e-01,9.139312e+00,3.376208e+00,-4.047148e-02,2.066160e-02,9.853827e-03
8.618875e-01,9.041708e+00,3.359371e+00,-2.820682e-02,4.584711e-02,1.222222e-02
1.018522e+00,9.195682e+00,3.332898e+00,-2.832762e-02,1.854537e-02,3.860305e-03
6.556530e-01,9.131157e+00,3.287537e+00,-2.210206e-02,-2.658656e-02,-1.436434e-02
7.250942e-01,9.094825e+00,3.269892e+00,-1.990035e-02,-5.860490e-03,-1.353563e-02
8.037876e-01,9.108758e+00,3.290000e+00,-3.240392e-02,-1.666667e-02,-1.147451e-02
7.995548e-01,9.063442e+00,3.290445e+00,-3.354515e-02,-2.206244e-02,-2.005203e-02
7.979182e-01,9.180632e+00,3.282082e+00,-4.456753e-02,-4.629409e-02,-2.357951e-02
6.462442e-01,9.125535e+00,3.325535e+00,-4.200040e-02,-6.111012e-02,-2.822193e-02
4.810360e-01,9.091416e+00,3.408774e+00,-2.467581e-02,-3.494430e-02,-2.026849e-02
7.125260e-01,9.030000e+00,3.363684e+00,-2.278974e-02,-7.186339e-03,-1.814017e-02
1.497392e+00,9.033651e+00,3.190522e+00,-3.484885e-02,-8.985084e-02,-5.083433e-02
1.112058e+00,9.143971e+00,3.262563e+00,-4.697265e-02,-1.729309e-01,-8.061196e-02
1.669826e-01,8.997208e+00,3.282566e+00,-3.901741e-02,-2.365755e-01,-1.009370e-01
4.958916e-02,9.014942e+00,3.260706e+00,-5.224285e-02,-1.812186e-01,-6.756717e-02
6.860799e-01,9.071880e+00,3.255360e+00,-6.361005e-02,-5.475285e-02,-7.469372e-03
7.238134e-01,9.277257e+00,3.449396e+00,-6.458292e-02,-6.430597e-02,-1.128503e-02
9.216297e-01,9.051160e+00,3.792090e+00,3.104572e-03,-7.469888e-02,-7.175537e-03
8.825412e-01,9.049393e+00,3.978066e+00,1.445944e-02,-9.488481e-02,-8.888889e-03
9.397255e-01,9.295444e+00,3.802553e+00,3.722572e-02,-1.258386e-01,7.731773e-03
8.332559e-01,9.370000e+00,3.799977e+00,8.235815e-02,-1.669481e-01,1.225620e-02
6.409455e-01,9.129922e+00,3.615434e+00,1.290753e-01,-2.335197e-01,9.937878e-03
4.654135e-01,8.833719e+00,3.360165e+00,1.280717e-01,-2.338997e-01,1.373116e-02
2.900000e-01,9.115409e+00,2.875133e+00,8.747460e-02,-1.524973e-01,4.185498e-02
4.042502e-01,9.099572e+00,2.923608e+00,7.220447e-02,-1.030061e-01,4.848808e-02
7.287739e-01,8.875789e+00,2.989035e+00,3.699928e-02,-7.397204e-02,3.976380e-02
8.369257e-01,8.956926e+00,3.098480e+00,2.017787e-02,-7.000000e-02,3.311156e-02
1.285100e+00,8.772210e+00,3.958655e+00,7.070237e-02,2.273696e-02,6.882194e-03
1.724375e+00,8.806250e+00,4.041696e+00,1.190959e-01,2.945000e-02,-8.239815e-03
6.982637e-01,9.506467e+00,4.058479e+00,2.184176e-01,-1.032739e-01,-6.578927e-02
-9.702776e-02,9.673199e+00,3.715315e+00,2.870822e-01,-7.468075e-02,-5.758795e-02
7.500508e-01,9.387245e+00,3.378163e+00,3.473772e-01,6.776363e-02,-2.855980e-02
1.495343e+00,9.116768e+00,3.169742e+00,3.233524e-01,9.823136e-02,-1.337902e-03
2.816428e+00,9.087861e+00,2.361429e+00,1.770633e-01,-1.778046e-01,-8.681675e-02
2.796573e+00,8.725017e+00,2.673874e+00,3.754232e-02,-3.767058e-01,-1.762647e-01
2.509587e+00,9.000733e+00,3.197537e+00,-2.582496e-01,-7.430715e-01,-3.563288e-01
1.013481e+00,9.691581e+00,4.028490e+00,-3.331636e-01,-8.930998e-01,-4.453051e-01
3.791473e+00,9.495235e+00,2.838098e+00,-2.762633e-01,-9.532245e-01,-5.360332e-01
6.878185e+00,8.898677e+00,2.335784e+00,-3.651970e-01,-1.343209e+00,-7.759695e-01
1.263439e+01,8.357240e+00,1.637290e+00,-6.249967e-01,-3.038853e+00,-1.501729e+00
1.019477e+01,7.942251e+00,2.876289e+00,-7.875320e-01,-4.529925e+00,-2.010649e+00
3.985002e-01,7.480003e+00,5.329380e+00,-1.135932e+00,-5.797739e+00,-2.440915e+00
-4.890518e+00,9.218310e+00,6.142316e+00,-1.255616e+00,-5.340277e+00,-2.212208e+00
-5.808193e+00,9.280890e+00,5.236237e+00,-1.008404e+00,-3.094617e+00,-1.416955e+00
-2.761289e+00,9.152453e+00,4.458295e+00,-7.543291e-01,-1.841280e+00,-9.700085e-01
4.155376e+00,8.635057e+00,3.806743e+00,-3.194785e-01,-1.101615e+00,-7.345112e-01
5.228058e+00,7.811156e+00,3.695533e+00,-1.109644e-01,-1.504869e+00,-8.558530e-01
3.339879e+00,7.151871e+00,4.650382e+00,1.483728e-01,-2.347757e+00,-1.074699e+00
2.742606e+00,6.629085e+00,5.175493e+00,2.552722e-01,-2.721509e+00,-1.134730e+00
2.818517e+00,4.883709e+00,5.531480e+00,2.883469e-01,-3.307108e+00,-1.273682e+00
3.314677e+00,3.854489e+00,5.980834e+00,9.268106e-02,-3.784665e+00,-1.286667e+00
-3.427977e+00,1.717324e+00,8.087595e+00,-7.221207e-01,-4.241156e+00,-1.456390e+00
-1.094994e+01,6.223274e+00,8.041596e+00,-1.259483e+00,-3.507670e+00,-1.484412e+00
-1.249145e+01,1.590940e+01,3.511093e+00,-7.178529e-01,-1.242621e+00,-8.550025e-01
-6.846334e+00,1.279317e+01,2.300074e+00,-2.246167e-01,4.143867e-01,-1.514076e-01
9.585724e-01,9.001710e+00,6.511241e+00,-3.204171e-01,1.867208e+00,3.005648e-01
4.394853e+00,4.384274e+00,7.397863e+00,-2.869341e-01,1.958384e+00,1.388639e-01
6.832995e+00,9.233847e+00,6.689811e+00,-6.168659e-01,6.963561e-01,-1.772610e-01
3.740757e+00,9.469516e+00,6.125320e+00,-5.222445e-01,-2.451956e-01,-5.247267e-01
-1.693990e+00,8.712708e+00,6.453751e+00,-3.917506e-01,-7.076853e-01,-6.239630e-01
-3.345081e+00,9.119213e+00,6.843045e+00,-3.037991e-01,-3.533113e-01,-4.853188e-01
-1.324426e+00,9.181317e+00,5.615286e+00,-4.726651e-02,2.587774e-01,-2.044609e-01
-6.334739e-01,8.637417e+00,5.158122e+00,2.392728e-02,2.719113e-01,-1.271559e-01
-3.825372e-01,8.305493e+00,5.410000e+00,6.762758e-02,1.096689e-01,-6.539002e-02
5.421547e-01,8.681563e+00,4.918992e+00,6.629629e-02,4.629667e-02,-4.407412e-02
1.146638e+00,8.288652e+00,3.781348e+00,5.158114e-02,-1.393413e-01,-1.163373e-01
3.362625e-01,8.191961e+00,3.847800e+00,-4.593017e-04,-3.003164e-01,-1.668652e-01
-1.045126e+00,8.542037e+00,3.638981e+00,-9.577346e-02,-3.774223e-01,-1.997706e-01
-1.635398e+00,8.720287e+00,3.789857e+00,-1.252100e-01,-2.835297e-01,-1.504390e-01
-1.256712e+00,8.474966e+00,3.663138e+00,-2.066699e-01,5.321446e-02,-3.999677e-02
3.606465e-03,8.712342e+00,3.636877e+00,-2.599836e-01,1.401742e-01,-1.404645e-02
1.284515e+00,8.284810e+00,3.497679e+00,-3.854036e-01,4.236245e-02,-5.939575e-02
9.062431e-01,8.624360e+00,3.890750e+00,-4.925676e-01,-1.975784e-01,-1.291835e-01
-6.430137e-01,8.802795e+00,5.032795e+00,-5.642038e-01,-3.818556e-01,-1.916037e-01
1.438620e-01,8.675285e+00,4.936951e+00,-5.781650e-01,-3.220399e-01,-1.595314e-01
7.337700e-01,8.314740e+00,4.621418e+00,-6.823565e-01,-3.675274e-01,-1.579853e-01
5.282778e-01,8.140000e+00,4.659837e+00,-7.594431e-01,-4.672209e-01,-1.610372e-01
1.297911e+00,8.309791e+00,4.421045e+00,-9.507422e-01,-5.775933e-01,-1.563757e-01
2.408710e+00,8.712903e+00,3.703271e+00,-1.156235e+00,-7.612363e-01,-1.746439e-01
3.280315e+00,8.455902e+00,2.678825e+00,-1.511814e+00,-1.226348e+00,-2.739067e-01
3.732635e+00,9.013552e+00,2.423639e+00,-1.812354e+00,-1.588113e+00,-3.612116e-01
3.333223e+00,8.318981e+00,3.467376e+00,-2.278503e+00,-2.162586e+00,-5.585369e-01
4.215551e+00,9.273024e+00,4.119110e+00,-2.536672e+00,-2.404892e+00,-5.562769e-01
7.066186e+00,1.653804e+01,-6.272418e-01,-3.375640e+00,-3.004124e+00,-2.890607e-01
2.108947e+00,1.538752e+01,3.852869e+00,-3.581310e+00,-3.974372e+00,-4.089433e-01
-8.101679e+00,1.544661e+01,1.382352e+01,-3.528485e+00,-3.725958e+00,-4.246446e-01
-1.015618e+01,1.188148e+01,1.639534e+01,-2.868812e+00,-1.981050e+00,-5.165844e-01
6.435878e-01,4.738598e+00,1.415763e+01,-1.952220e+00,7.167366e-01,-4.686247e-02
7.399052e+00,5.084497e+00,1.013677e+01,-1.549545e+00,1.366967e+00,-3.258095e-01
6.274225e+00,6.899493e+00,7.968130e+00,-1.281107e-01,3.941300e-01,-1.319866e+00
4.212181e+00,4.552186e+00,8.574442e+00,1.020974e+00,-3.866132e-01,-1.863201e+00
8.801490e-01,3.654157e+00,8.334462e+00,2.191288e+00,-3.292194e-01,-1.926262e+00
2.819842e-01,4.092439e+00,8.589528e+00,2.784810e+00,1.173707e-01,-1.836509e+00
-1.604260e-02,4.307505e+00,8.631568e+00,3.795981e+00,1.099598e+00,-1.583094e+00
1.977096e+00,4.620615e+00,8.463104e+00,4.312336e+00,1.424040e+00,-1.484336e+00
4.219921e+00,4.044182e+00,9.716006e+00,5.215472e+00,1.585926e+00,-1.385885e+00
6.104542e+00,4.777967e+00,9.610928e+00,5.624647e+00,1.381077e+00,-1.161986e+00
6.982857e+00,3.708775e+00,8.909767e+00,5.991736e+00,3.826196e-01,-1.250199e+00
5.402905e+00,3.568314e+00,7.779886e+00,5.758219e+00,-2.047245e-01,-1.299839e+00
-1.833023e+00,4.455996e+00,6.369212e+00,4.462222e+00,-8.046543e-01,-9.831810e-01
-7.803378e+00,8.808527e-01,5.486967e+00,3.147289e+00,-3.137836e-01,-3.399311e-01
-5.885085e+00,-8.002580e+00,5.992670e+00,-5.941266e-01,2.068199e+00,1.110795e+00
2.074977e-01,9.009350e+00,2.330033e+00,-3.004490e+00,3.196445e+00,1.490201e+00
7.023649e+00,2.104624e+01,4.569085e+00,-2.006345e+00,2.869584e+00,1.379671e+00
3.169293e+00,5.971326e+00,4.544701e+00,-8.044516e-01,1.624626e+00,4.286479e-01
4.543910e+00,-3.012516e+00,1.107667e+01,-1.250572e+00,2.120397e-01,-1.238273e-01
6.522824e+00,1.796783e+01,6.445152e+00,-1.557673e+00,-2.124853e-01,2.484410e-01
-5.218246e+00,1.107147e+01,6.621751e+00,-5.703016e-01,-5.774836e-01,-3.662811e-01
-4.475787e+00,7.116434e+00,6.485027e+00,-4.984813e-01,7.647520e-01,1.618841e-01
2.033729e+00,9.115525e+00,3.785145e+00,-3.488199e-01,1.288325e+00,3.791081e-01
1.535920e+00,9.926471e+00,2.938295e+00,-3.247332e-01,7.651420e-01,2.597833e-01
2.679751e-01,8.903165e+00,2.332912e+00,-3.606624e-01,1.547810e-01,1.013592e-01
1.209826e-01,9.120983e+00,2.386781e+00,-4.637775e-01,2.250870e-01,1.147692e-01
1.487850e+00,8.834943e+00,2.010528e+00,-6.740073e-01,1.972235e-01,1.063892e-01
1.638150e+00,8.502557e+00,1.246300e+00,-8.103130e-01,-1.279783e-01,1.315839e-02
-1.993523e+00,9.288270e+00,1.775897e+00,-1.042529e+00,-4.999267e-01,-5.884508e-02
-2.184771e+00,8.654110e+00,3.497515e+00,-1.134743e+00,-2.961744e-01,9.675790e-03
4.706182e-01,8.228022e+00,5.098417e+00,-1.189947e+00,8.042377e-02,9.737235e-02
1.529464e+00,8.275406e+00,5.117565e+00,-1.201351e+00,6.798554e-02,1.058549e-01
1.353968e+00,8.233968e+00,5.732189e+00,-1.170356e+00,-2.066348e-01,-8.370740e-04
9.552501e-01,8.430850e+00,5.952340e+00,-1.180662e+00,-3.432663e-01,-1.799030e-02
-2.286095e-02,8.400000e+00,5.218762e+00,-1.191412e+00,-4.039533e-01,-1.955654e-02
-6.561505e-02,8.761957e+00,4.734952e+00,-1.255243e+00,-3.466055e-01,4.109762e-02
1.993173e+00,9.412011e+00,3.578924e+00,-1.516899e+00,-2.273946e-01,1.261681e-01
5.812219e+00,9.734678e+00,1.212459e+00,-1.795597e+00,-4.904223e-01,2.254738e-02
7.526558e+00,9.475000e+00,-2.279999e+00,-2.541210e+00,-1.824247e+00,-4.787235e-01
4.087175e+00,9.723777e+00,-3.018783e+00,-3.174114e+00,-2.749432e+00,-7.228237e-01
-1.300074e+00,1.810238e+01,3.829682e+00,-4.147351e+00,-3.454867e+00,-6.305166e-01
-1.175648e+00,1.956388e+01,1.190806e+01,-4.227411e+00,-3.591441e+00,-2.994534e-01
-2.881871e+00,1.131679e+01,1.499624e+01,-3.076300e+00,-2.877153e+00,-6.033235e-01
-2.784243e+00,9.829700e+00,1.502683e+01,-2.353491e+00,-1.869755e+00,-7.671631e-01
2.776061e+00,2.287455e+00,1.111873e+01,-1.196053e+00,6.878627e-02,-6.614681e-01
3.869757e+00,7.306271e+00,6.284723e+00,-8.539969e-01,4.229849e-01,-6.939936e-01
-1.996645e+00,6.020438e+00,9.855430e+00,1.080363e+00,6.641334e-01,-9.692811e-01
-1.531106e+00,4.344946e+00,8.105857e+00,1.959761e+00,1.479480e+00,-7.447587e-01
2.300727e+00,4.795080e+00,8.920161e+00,3.217187e+00,2.752629e+00,-6.144248e-01
7.480440e+00,5.426575e+00,8.537760e+00,3.725371e+00,2.778818e+00,-4.570541e-01
9.024197e+00,3.965225e+00,7.225329e+00,4.590489e+00,1.191209e+00,-6.045694e-01
5.486555e+00,2.553033e+00,8.206272e+00,4.956908e+00,2.588076e-01,-1.004753e+00
1.338238e+00,3.947556e+00,1.002660e+01,5.440629e+00,3.247010e-01,-1.062736e+00
1.833613e+00,3.307986e+00,1.010296e+01,5.697168e+00,6.258537e-01,-1.009673e+00
2.870948e+00,3.859808e+00,8.512087e+00,5.594456e+00,7.022725e-01,-7.990345e-01
2.410931e+00,5.530416e+00,7.818372e+00,5.122908e+00,2.629540e-01,-7.274928e-01
1.928863e+00,3.705743e+00,4.772447e+00,3.827777e+00,-2.926003e-01,-6.063794e-01
1.888375e-01,1.120813e+00,3.253519e+00,2.819567e+00,-4.554135e-01,-5.528857e-01
-5.461963e+00,7.998716e-01,3.731193e+00,3.206719e-01,9.484140e-02,-7.904892e-02
-3.245638e+00,1.404229e+00,5.562958e+00,-1.140257e+00,1.062466e+00,4.767338e-01
3.206994e+00,1.854995e+01,2.054270e+00,-1.958769e+00,1.759151e+00,7.186952e-01
-1.179286e+00,2.574242e+01,4.959625e-01,-9.034812e-01,1.343647e+00,4.692022e-01
1.091668e+00,3.158650e+00,4.800318e+00,-8.710871e-01,1.949029e+00,3.215513e-01
7.086864e+00,2.525836e+00,5.633110e+00,-1.412672e+00,2.231633e+00,4.554548e-01
6.403357e+00,1.190912e+01,5.025743e+00,-1.458282e+00,5.372242e-01,-4.012140e-02
-1.306811e+00,9.625420e+00,4.695382e+00,-1.229507e+00,-3.234844e-01,-3.960505e-01
-5.559657e+00,9.655570e+00,3.975878e+00,-1.028959e+00,-2.197132e-01,-2.040148e-01
-3.511768e+00,1.026046e+01,2.862259e+00,-9.093678e-01,4.999661e-01,3.810130e-02
2.142858e-01,9.350377e+00,2.752245e+00,-8.287241e-01,1.005012e+00,2.075084e-01
2.288152e+00,1.031226e+01,2.563962e+00,-8.449712e-01,8.941958e-01,2.144232e-01
3.162464e+00,8.592432e+00,2.237600e+00,-8.826072e-01,-1.801966e-01,-1.146796e-01
2.048130e+00,9.099582e+00,2.415560e+00,-9.895776e-01,-7.639705e-01,-2.679449e-01
-4.621188e-01,9.034964e+00,2.671024e+00,-1.088270e+00,-1.126393e+00,-3.575513e-01
-1.525616e+00,8.463014e+00,3.182260e+00,-1.164104e+00,-1.091307e+00,-3.278504e-01
-1.009575e+00,8.797553e+00,3.098404e+00,-1.264347e+00,-7.583484e-01,-2.101959e-01
-1.512777e-01,8.535370e+00,3.260269e+00,-1.327121e+00,-5.966484e-01,-1.677686e-01
8.171802e-01,8.046980e+00,4.327720e+00,-1.481302e+00,-6.595367e-01,-1.704091e-01
7.628407e-01,8.364671e+00,5.478539e+00,-1.510563e+00,-7.120029e-01,-1.843348e-01
1.149356e+00,8.763397e+00,5.219810e+00,-1.529872e+00,-7.809400e-01,-1.944444e-01
1.943071e-01,7.960007e+00,5.172385e+00,-1.503976e+00,-8.359670e-01,-1.799406e-01
-2.379653e+00,7.857094e+00,5.772285e+00,-1.364477e+00,-7.475040e-01,-1.074825e-01
-1.028297e+00,7.697765e+00,4.486857e+00,-1.448318e+00,-5.468972e-01,-1.635660e-02
1.109898e+00,8.744034e+00,4.060678e+00,-1.684337e+00,-5.053074e-01,1.050223e-01
3.103931e+00,9.234852e+00,3.103602e+00,-1.924590e+00,-7.003694e-01,5.201280e-02
4.564795e+00,9.873595e+00,1.134413e+00,-2.437236e+00,-1.414728e+00,-1.368552e-01
5.593650e+00,1.152917e+01,-5.745013e-01,-2.840904e+00,-1.854228e+00,-2.131938e-01
4.228756e+00,1.570642e+01,-2.393561e+00,-3.561453e+00,-2.943260e+00,-3.262618e-01
1.484824e-01,1.682248e+01,2.146658e+00,-4.034861e+00,-3.942675e+00,-3.221431e-01
-1.080525e+01,2.114116e+01,1.645197e+01,-3.875668e+00,-3.437070e+00,-1.171868e-01
-1.176581e+01,1.554851e+01,1.715038e+01,-2.984660e+00,-1.913197e+00,2.348763e-01
6.211227e-01,2.815937e+00,1.597965e+01,-1.198480e+00,1.781806e+00,8.547513e-01
7.886229e+00,5.974055e+00,1.014873e+01,-1.038521e+00,2.380867e+00,7.313551e-01
6.745868e+00,6.902122e+00,1.026535e+01,1.023778e+00,1.225633e+00,-2.831344e-02
4.444493e+00,3.687080e+00,8.620412e+00,1.865442e+00,7.553420e-01,-1.826966e-01
3.278941e+00,3.425560e+00,7.394155e+00,3.239559e+00,8.144006e-01,-3.429106e-01
3.365374e+00,3.150637e+00,8.445873e+00,4.100431e+00,1.056617e+00,-3.878692e-01
3.541065e+00,2.815532e+00,8.108707e+00,5.144807e+00,1.171898e+00,-3.695710e-01
3.911634e+00,2.092399e+00,9.209507e+00,5.836812e+00,1.126753e+00,-3.471139e-01
5.195764e+00,8.747197e-01,1.158549e+01,6.826903e+00,6.926582e-01,-1.886194e-01
5.251286e+00,8.442239e-01,1.205172e+01,7.226756e+00,2.899347e-01,-1.135053e-01
2.812695e+00,-4.859783e-01,1.175341e+01,7.113072e+00,-4.598493e-01,-1.362549e-01
-4.313295e+00,2.901156e+00,8.934717e+00,6.171923e+00,-6.412018e-01,-1.661102e-02
-1.006944e+01,-4.714301e+00,8.095671e+00,2.469527e+00,9.079316e-01,3.955926e-01
-7.621321e+00,-1.371322e+01,9.291596e+00,-1.343203e+00,2.230990e+00,9.382470e-01
1.652282e+01,3.868457e+01,9.361852e+00,-4.190257e+00,3.845532e+00,1.800516e+00
9.486673e+00,8.328788e+00,9.492976e+00,-1.769303e+00,1.624238e+00,-1.135218e-01
7.510674e+00,-8.901839e+00,1.170322e+01,-1.618469e+00,-6.125951e-01,-1.035506e+00
5.170126e+00,1.167626e+01,1.355846e+01,-2.434319e+00,-9.764552e-01,-1.083071e-01
-8.176231e+00,1.406918e+01,8.502486e+00,-8.289402e-01,-5.412787e-01,-5.355214e-01
-6.879391e+00,7.526985e+00,8.116703e+00,-6.070147e-01,1.164644e+00,-8.303462e-02
6.619183e+00,9.387515e+00,4.390257e+00,-3.202469e-01,1.405618e+00,3.946325e-01
4.220695e+00,9.647240e+00,3.622760e+00,-2.303577e-01,3.478403e-01,-3.059396e-02
2.057519e+00,1.039782e+01,2.016550e+00,-3.393598e-01,-8.284954e-01,-3.045761e-01
-2.401890e+00,9.362153e+00,2.410000e+00,-4.011583e-01,-8.969659e-01,-3.661651e-01
-6.274159e-01,9.084798e+00,1.787270e+00,-5.930658e-01,-3.576718e-01,-1.140922e-01
1.423550e-01,8.569993e+00,1.828246e+00,-7.020011e-01,-2.751042e-01,-1.267763e-01
-2.580812e+00,7.951859e+00,2.579686e+00,-8.874818e-01,-4.626890e-01,-2.440301e-01
-4.175407e+00,7.320000e+00,3.288927e+00,-9.760495e-01,-3.065961e-01,-2.898062e-01
-1.527844e+00,7.995152e+00,4.571230e+00,-1.074524e+00,4.226024e-01,-2.784417e-02
2.214566e+00,8.622006e+00,5.177610e+00,-1.080000e+00,6.563695e-01,3.148939e-02
3.463200e+00,8.495420e+00,4.538728e+00,-1.119032e+00,2.619784e-01,-5.588575e-02
1.963330e+00,8.375172e+00,3.617469e+00,-1.210402e+00,-6.676460e-02,-8.585852e-02
2.447851e+00,8.518057e+00,1.648192e+00,-1.510689e+00,-2.096961e-01,-1.312732e-02
4.164385e+00,9.563180e+00,1.994280e-01,-1.828905e+00,-4.320162e-01,-3.400437e-02
3.583757e+00,1.024080e+01,1.715189e-01,-2.512030e+00,-1.304568e+00,-2.551116e-01
1.797689e+00,1.028297e+01,1.861762e+00,-2.888833e+00,-1.667296e+00,-3.003304e-01
5.101433e+00,1.376533e+01,-2.563354e+00,-3.454553e+00,-2.005720e+00,-1.602578e-01
5.338941e+00,1.648508e+01,-3.518245e+00,-3.830095e+00,-2.565733e+00,-1.253481e-01
-2.125746e+00,1.666556e+01,9.746552e+00,-4.407721e+00,-4.063292e+00,-3.939869e-01
-5.944835e+00,2.217861e+01,1.506058e+01,-4.263421e+00,-3.395418e+00,-4.980640e-01
-9.530888e+00,1.175650e+01,1.848274e+01,-1.985165e+00,-8.810206e-01,-3.164403e-02
-5.168873e-01,4.352528e+00,1.432377e+01,-1.663792e+00,7.775634e-01,1.986157e-01
4.256781e+00,1.100446e+01,1.274578e+01,-3.903886e-01,1.950824e+00,3.142965e-01
3.641210e+00,8.065724e+00,1.282013e+01,1.253108e+00,1.933464e+00,6.120530e-02
4.801297e+00,2.402294e+00,9.033329e+00,3.064252e+00,1.986833e+00,-1.283198e-01
5.000300e+00,2.406348e+00,8.659281e+00,3.802031e+00,1.926228e+00,-2.744330e-01
5.264583e+00,2.096137e+00,8.106856e+00,5.062927e+00,1.637791e+00,-2.967889e-01
5.828229e+00,2.060981e+00,8.121757e+00,5.713975e+00,1.322836e+00,-2.848236e-01
5.110852e+00,1.337322e+00,1.072169e+01,6.670323e+00,5.625392e-01,-2.727463e-01
4.044404e+00,1.654334e+00,1.189488e+01,7.019692e+00,2.580126e-01,-2.407733e-01
2.858962e+00,1.541217e+00,1.163390e+01,7.500036e+00,2.123047e-01,-1.332404e-01
9.472969e-01,2.248922e+00,1.067083e+01,7.164751e+00,1.743338e-01,1.219255e-02
-2.445051e+00,3.846093e+00,8.052731e+00,5.592161e+00,4.006093e-01,2.677634e-01
-1.052128e+00,-2.256268e+00,4.248860e+00,4.284201e+00,8.645763e-01,2.688815e-01
1.374008e+00,-7.075283e+00,2.937297e+00,6.657024e-01,8.244782e-01,3.575222e-02
3.860004e+00,-3.234985e+00,4.840503e+00,-1.736002e+00,2.929882e-01,-1.686088e-01
1.877745e+01,3.921892e+01,-9.900838e+00,-1.555249e+00,-1.896155e-01,4.146882e-01
-1.532233e+01,-1.511586e+00,6.411519e+00,-1.912793e+00,-1.631239e+00,-1.195482e+00
-3.189795e-01,-1.282821e-01,1.316794e+01,-3.137752e+00,1.558039e+00,1.706120e-01
3.630068e+00,1.191761e+00,1.041403e+01,-2.366828e+00,1.590614e+00,4.469957e-01
-4.513541e+00,2.347379e+01,1.288119e+01,-2.347377e+00,2.798336e-01,-4.438234e-01
-3.404039e+00,1.083661e+01,7.319453e+00,-1.515137e+00,8.922385e-01,3.737974e-01
4.792956e+00,5.382361e+00,4.006776e+00,-1.391972e+00,2.033655e+00,5.421104e-01
5.895801e+00,1.185216e+01,4.676286e+00,-1.387348e+00,1.489150e+00,3.292580e-01
2.056577e+00,9.206500e+00,4.609943e+00,-1.167697e+00,1.375718e-01,-6.977800e-02
2.283041e+00,8.273421e+00,3.247620e+00,-1.160408e+00,-4.545571e-01,-1.639679e-01
-1.468344e+00,9.101894e+00,3.352150e+00,-1.181142e+00,-8.709970e-01,-3.190063e-01
-1.842108e+00,9.420000e+00,3.214340e+00,-1.235825e+00,-4.663836e-01,-2.339526e-01
2.863692e-01,8.318780e+00,2.469732e+00,-1.331230e+00,-3.568945e-01,-1.891836e-01
1.728803e-01,7.425269e+00,2.986117e+00,-1.417942e+00,-5.300329e-01,-2.713953e-01
1.876655e+00,9.762489e+00,3.437259e+00,-1.666446e+00,-5.078190e-01,-1.918444e-01
3.414751e+00,9.646772e+00,3.137612e+00,-1.733108e+00,-6.777208e-01,-2.824746e-01
4.315523e-01,7.258859e+00,1.470388e+00,-1.975337e+00,-1.195494e+00,-2.860522e-01
5.506571e-01,7.293178e+00,1.400785e+00,-2.287308e+00,-1.304624e+00,-2.194276e-01
3.852335e+00,9.431401e+00,1.092575e+00,-3.029022e+00,-1.353742e+00,-1.244759e-01
3.779593e+00,1.072647e+01,-2.310846e-01,-3.520887e+00,-1.690596e+00,-7.993906e-02
4.607944e+00,1.865267e+01,-4.840344e-01,-4.379015e+00,-2.211156e+00,8.690450e-02
5.393146e+00,2.600313e+01,1.123018e+00,-4.768706e+00,-2.692931e+00,1.805188e-01
-7.829572e+00,1.724479e+01,1.707422e+01,-4.430039e+00,-4.317004e+00,-8.798896e-02
-9.945502e+00,1.812120e+01,1.749061e+01,-3.538663e+00,-2.761008e+00,1.584031e-01
-4.030276e+00,2.409574e+00,2.062656e+01,-9.873786e-01,5.510244e-01,3.318969e-01
5.660107e+00,8.438673e+00,8.983079e+00,-2.360630e-01,1.505331e+00,5.319824e-01
3.788278e+00,4.295843e+00,1.071394e+01,2.189828e+00,1.362291e+00,-5.231767e-02
3.107693e+00,2.040651e-01,9.842911e+00,3.603768e+00,1.274936e+00,-3.868733e-01
3.640772e+00,1.977262e+00,9.687683e+00,4.921593e+00,1.414264e+00,-4.247964e-01
2.744141e+00,2.299862e+00,1.084370e+01,5.875799e+00,1.441585e+00,-5.177045e-01
1.933040e+00,7.515056e-02,1.286874e+01,7.078801e+00,1.886272e+00,-5.533289e-01
3.270591e+00,1.400582e+00,1.240417e+01,7.594069e+00,2.081015e+00,-4.608228e-01
5.006356e+00,2.503783e+00,1.099807e+01,7.995810e+00,1.694800e+00,-1.159702e-01
6.372568e+00,6.372260e+00,8.948463e+00,7.163237e+00,1.049468e+00,1.766197e-01
-2.734108e+00,-1.056150e+00,3.510084e+00,5.254884e+00,-1.328209e-01,-4.146728e-01
-9.034798e+00,-5.777023e+00,2.708826e+00,3.669669e+00,3.350422e-01,-5.008159e-01
-2.249351e+00,-6.962082e+00,1.757334e+00,2.402944e-02,2.531847e+00,5.710631e-01
4.996788e+00,-1.176297e+00,1.099144e+01,-2.218291e+00,2.944507e+00,8.977518e-01
3.085880e+01,3.510309e+01,-4.881361e+00,-9.865426e-01,2.549110e+00,1.724015e+00
2.728147e+00,2.192422e-01,6.357407e+00,-1.562892e+00,-2.605043e+00,-1.306917e+00
-9.045431e+00,2.742198e+00,1.041970e+01,-4.530306e+00,-2.595707e+00,-1.581637e+00
-3.410830e+00,1.097748e+01,8.862118e+00,-3.803790e+00,-1.579704e+00,-9.655187e-03
-1.005428e+01,4.973623e+00,1.584747e+01,-2.591986e+00,-9.098603e-01,-1.637834e-01
-8.681019e+00,1.079084e+01,1.638586e+01,-2.168357e+00,3.324958e-01,8.663309e-01
5.045454e+00,8.625783e+00,8.237752e+00,-8.282225e-01,2.894156e+00,1.586436e+00
9.092858e+00,9.450359e+00,7.264284e+00,-6.922874e-01,2.598027e+00,1.346432e+00
8.060748e+00,7.912178e+00,5.057965e+00,-5.007522e-01,9.340311e-01,8.838450e-01
4.804988e+00,7.883724e+00,4.499408e+00,-4.473673e-01,1.599586e-01,6.338410e-01
1.819915e-01,8.230434e+00,3.888449e+00,-4.320077e-01,-4.685884e-01,3.499762e-01
-1.985432e+00,9.158855e+00,3.846291e+00,-4.473786e-01,-2.268981e-01,4.256430e-01
-1.138025e+00,8.438041e+00,4.458513e+00,-4.529092e-01,5.980011e-01,6.108387e-01
1.182188e-02,7.805422e+00,4.570356e+00,-4.726087e-01,9.997889e-01,7.657139e-01
4.014699e+00,8.537350e+00,4.009897e+00,-5.788743e-01,1.184759e+00,9.040046e-01
4.843242e+00,9.107001e+00,4.079903e+00,-6.526692e-01,6.744010e-01,7.527168e-01
1.761540e+00,8.941743e+00,3.780521e+00,-8.658137e-01,-1.604414e-01,6.339659e-01
4.446111e-02,9.161475e+00,3.169433e+00,-9.946271e-01,-1.970118e-01,7.285199e-01
7.608187e-01,9.490505e+00,2.147572e+00,-1.311762e+00,3.183811e-01,1.065143e+00
2.619423e+00,9.526717e+00,1.209107e+00,-1.593517e+00,4.809937e-01,1.264273e+00
5.521812e+00,1.343404e+01,-2.884547e+00,-2.314472e+00,-2.562548e-01,1.458413e+00
3.873202e+00,1.678166e+01,-2.939611e+00,-2.726130e+00,-1.057744e+00,1.590959e+00
-2.393826e+00,1.674464e+01,2.140672e+00,-2.992468e+00,-2.184019e+00,1.328448e+00
-8.161451e+00,1.637931e+01,1.086417e+01,-2.629135e+00,-1.640376e+00,1.127167e+00
-7.406794e+00,1.499130e+01,1.416344e+01,-1.346102e+00,2.999949e-01,1.958504e+00
-6.148067e+00,5.616219e+00,1.329588e+01,-3.509159e-01,1.484530e+00,2.314096e+00
-5.570674e+00,7.958318e+00,1.297852e+01,-1.150346e-01,3.083814e+00,2.652787e+00
-1.516123e+00,1.062458e+01,1.245386e+01,1.061795e+00,3.864917e+00,2.921499e+00
2.848904e+00,4.829299e+00,9.999656e+00,3.023067e+00,3.749611e+00,2.307258e+00
5.750550e+00,2.949483e+00,8.519300e+00,3.572458e+00,3.205417e+00,1.955701e+00
7.027253e+00,4.122293e+00,8.430453e+00,4.404937e+00,1.241275e+00,1.440228e+00
4.768049e+00,5.151709e+00,8.497486e+00,4.883735e+00,-1.374130e-01,9.546338e-01
-5.721364e-01,6.597187e+00,1.037019e+01,5.705493e+00,-9.098318e-01,6.096531e-02
-3.897820e+00,6.084502e+00,1.165787e+01,6.112261e+00,-4.913526e-01,-4.820566e-01
-4.051050e+00,7.093822e+00,1.213437e+01,6.402463e+00,1.320002e+00,-1.062090e+00
-2.155227e+00,8.899247e+00,1.171848e+01,6.311254e+00,2.456898e+00,-9.274715e-01
3.271114e+00,2.443756e+00,7.509105e+00,5.772501e+00,2.830005e+00,-6.599244e-01
5.739777e+00,2.649442e-01,4.878150e+00,4.665552e+00,1.773894e+00,-2.883710e-01
-5.398396e+00,-6.481574e+00,4.385923e+00,1.793905e+00,4.893366e-01,-4.558812e-01
-5.345992e+00,-3.542905e+00,3.692257e+00,-5.882673e-01,1.496670e+00,-4.323748e-01
1.147321e+01,1.904829e+01,5.164099e+00,-2.588942e+00,4.063175e+00,1.554820e+00
8.491813e+00,1.105458e+01,8.634020e+00,-3.104343e+00,3.523559e+00,1.192365e+00
8.918121e-01,2.567324e-01,1.381706e+01,-3.107538e+00,1.812188e+00,-5.617320e-01
4.583155e+00,5.210866e+00,1.126787e+01,-2.664293e+00,1.275396e+00,-8.291568e-02
3.513590e+00,1.518093e+01,7.571112e+00,-1.585742e+00,-4.045080e-01,-7.017896e-01
-7.458487e+00,7.723368e+00,6.600584e+00,-1.202482e+00,-8.368079e-01,-7.748743e-01
-6.945611e+00,8.556115e+00,6.385888e+00,-1.013530e+00,1.385246e+00,1.786295e-01
4.518131e+00,1.097290e+01,4.704163e+00,-7.891624e-01,2.205980e+00,2.826111e-01
5.137665e+00,8.364653e+00,3.906987e+00,-7.182265e-01,9.787914e-01,-5.667029e-02
5.019009e+00,9.049532e+00,3.845425e+00,-7.523012e-01,3.747268e-01,-2.042922e-01
2.307617e+00,1.053241e+01,4.080342e+00,-7.600000e-01,-6.759222e-01,-6.100524e-01
-9.404316e-01,1.098462e+01,3.817033e+00,-7.713685e-01,-9.252352e-01,-6.466720e-01
-1.114812e+00,8.992846e+00,2.965027e+00,-8.442642e-01,-6.596661e-01,-5.591254e-01
-1.487816e+00,8.553156e+00,3.295606e+00,-9.597365e-01,-5.621233e-01,-4.222738e-01
9.413600e-01,8.612643e+00,4.063926e+00,-1.075676e+00,-3.339224e-01,-2.538422e-01
1.720508e+00,8.910175e+00,3.511752e+00,-1.156559e+00,-3.716653e-01,-2.005880e-01
2.419518e+00,7.607312e+00,-3.116570e-01,-1.539594e+00,-6.595220e-01,-1.909438e-01
3.224604e+00,9.068280e+00,-5.437438e-01,-1.872956e+00,-8.740983e-01,-2.178388e-01
2.500710e+00,9.136292e+00,2.167657e-01,-2.457625e+00,-1.286895e+00,-2.647289e-01
4.126209e+00,9.440171e+00,5.482397e-01,-2.796532e+00,-1.376311e+00,-2.031095e-01
9.120285e+00,1.187989e+01,-3.029199e+00,-3.395129e+00,-1.946771e+00,-1.939370e-01
4.349331e+00,1.321821e+01,-1.155817e+00,-3.844035e+00,-3.291214e+00,-2.855740e-01
-7.398506e+00,1.964435e+01,1.210506e+01,-4.390629e+00,-4.030226e+00,-4.556146e-01
-1.029118e+01,2.294544e+01,1.643682e+01,-3.980129e+00,-3.013024e+00,-7.673072e-03
-6.344521e+00,1.026586e+01,1.557205e+01,-1.611919e+00,-1.655945e-01,5.579239e-01
2.702264e+00,3.939263e+00,1.432187e+01,-8.567819e-01,1.555268e+00,6.251992e-01
8.017168e+00,9.030045e+00,9.615796e+00,2.819816e-01,1.417222e+00,1.930778e-01
5.824112e+00,6.232096e+00,9.929820e+00,1.537483e+00,7.493506e-01,-2.086506e-01
1.877092e+00,4.175506e+00,8.989251e+00,3.136952e+00,-3.262873e-02,-3.598342e-01
-4.139189e-01,2.402616e+00,9.303465e+00,4.080255e+00,2.434963e-01,-5.311433e-01
-2.329783e-01,2.091148e+00,1.028352e+01,5.232006e+00,1.205248e+00,-6.783808e-01
1.085626e+00,3.075230e+00,1.068887e+01,5.927701e+00,1.625358e+00,-6.063202e-01
4.146015e+00,4.194917e+00,1.193923e+01,7.063100e+00,1.785372e+00,-4.983555e-01
5.923169e+00,5.049247e+00,1.241032e+01,7.762714e+00,1.482523e+00,-3.871189e-01
4.833987e+00,1.037188e+01,9.397992e+00,7.564835e+00,4.254042e-01,-4.126167e-01
-2.878914e+00,6.324572e+00,5.278743e+00,6.940311e+00,1.544859e-01,-8.733322e-01
-8.672907e+00,-2.704473e-01,4.162650e+00,5.020489e+00,1.123135e+00,-6.411484e-01
3.882787e-01,-3.546792e+00,-2.467913e+00,3.246528e+00,2.773082e+00,-3.628733e-02
7.640528e+00,-4.296226e+00,-1.301168e+00,-5.853539e-01,1.343816e+00,-2.668819e-01
5.015280e+00,-1.261372e+00,5.957824e+00,-2.405735e+00,5.878319e-02,-5.770646e-01
1.946008e+00,1.815061e+01,7.390139e+00,-4.358194e+00,-1.199765e+00,-1.088734e+00
1.210467e+01,3.712997e+01,-3.135673e+00,-1.452348e+00,-2.610433e-01,2.235384e-01
-1.049224e+01,-2.951948e+00,1.025500e+01,-1.740420e+00,1.556361e+00,-1.325919e-01
5.531461e-01,5.491175e+00,1.203815e+01,-2.441538e+00,3.920804e+00,1.260205e+00
1.251778e+01,1.848567e+01,6.757341e+00,-2.034753e+00,3.410879e+00,5.782804e-01
1.662067e+01,9.949159e+00,3.177339e+00,-1.413543e+00,3.361048e-01,-6.069561e-01
-5.012352e+00,7.921477e+00,4.971568e+00,-1.609912e+00,-2.645892e+00,-9.988645e-01
-1.129685e+01,1.325972e+01,5.267529e+00,-1.531856e+00,-1.835931e+00,-6.807241e-01
-1.273172e+00,9.056249e+00,2.709423e+00,-1.181324e+00,3.121288e-01,-1.711210e-01
-1.370864e-01,7.918597e+00,2.533930e+00,-1.171191e+00,4.941402e-01,-3.686491e-02
2.109415e+00,9.472742e+00,2.869022e+00,-1.209163e+00,1.157724e-01,-1.212035e-01
1.268910e+00,9.739680e+00,2.901584e+00,-1.229203e+00,-3.007631e-01,-2.370024e-01
9.125280e-01,9.712955e+00,2.525931e+00,-1.243738e+00,-5.657976e-01,-4.126531e-01
-1.301422e-01,9.713910e+00,2.484787e+00,-1.332083e+00,-7.905118e-01,-4.869271e-01
-1.859831e+00,9.036027e+00,4.590016e+00,-1.437866e+00,-7.578584e-01,-3.969020e-01
-8.899520e-01,8.546103e+00,5.333380e+00,-1.426053e+00,-5.071093e-01,-2.891387e-01
1.530429e+00,8.743386e+00,4.237758e+00,-1.438317e+00,-2.549630e-01,-1.152425e-01
3.575817e-01,7.847893e+00,2.878205e+00,-1.499611e+00,-3.721022e-01,-7.120237e-02
2.331467e+00,8.562303e+00,1.748507e+00,-1.777727e+00,-4.345823e-01,-4.521791e-03
3.738724e+00,9.318368e+00,1.050638e+00,-2.016370e+00,-7.344114e-01,-1.060314e-01
2.023982e+00,9.482086e+00,2.673175e+00,-2.452122e+00,-1.536101e+00,-2.884110e-01
3.247843e+00,1.004084e+01,2.037897e+00,-2.694800e+00,-1.689064e+00,-2.466246e-01
5.708307e+00,1.407298e+01,-2.479197e+00,-3.206353e+00,-2.209995e+00,-1.200446e-01
2.461446e+00,1.365915e+01,-1.031399e+00,-3.469265e+00,-2.749896e+00,-2.108681e-01
-5.581769e+00,1.933306e+01,1.080775e+01,-4.077271e+00,-3.745431e+00,-2.184846e-01
-1.152013e+01,2.285300e+01,1.636617e+01,-3.710872e+00,-3.012561e+00,9.637480e-02
-6.989832e+00,9.563863e+00,1.592615e+01,-1.396576e+00,6.250863e-02,7.746583e-01
2.824579e+00,2.584283e+00,1.480358e+01,-5.602213e-01,1.732882e+00,8.555924e-01
8.210336e+00,8.984379e+00,9.192129e+00,3.902221e-01,1.987565e+00,5.182271e-01
6.290061e+00,6.996748e+00,9.369422e+00,1.540104e+00,1.368563e+00,1.544587e-01
4.286798e+00,3.536460e+00,7.862135e+00,3.380527e+00,5.435448e-01,-1.113738e-01
3.014602e+00,1.887800e+00,8.250801e+00,4.044150e+00,4.384391e-01,-2.396207e-01
2.540000e+00,2.631836e+00,9.032855e+00,5.090371e+00,5.889934e-01,-1.008641e-01
2.710341e+00,2.920024e+00,9.462209e+00,5.836223e+00,6.489456e-01,-2.062264e-02
3.190000e+00,4.121711e+00,1.147136e+01,7.054997e+00,5.277480e-01,1.207573e-01
3.097543e+00,4.283474e+00,1.348248e+01,7.516134e+00,4.873583e-01,1.325186e-01
1.667655e+00,5.467628e+00,9.964683e+00,7.612372e+00,6.950354e-01,2.954238e-01
-4.670000e+00,5.972469e+00,8.892439e+00,6.751515e+00,7.473991e-01,5.069655e-01
-9.826886e+00,-2.544854e+00,4.528275e+00,4.026068e+00,2.148456e+00,8.729085e-01
-3.785771e+00,-7.609597e+00,2.886220e+00,2.389507e+00,3.017619e+00,8.156434e-01
9.965792e+00,-5.542356e+00,2.889036e+00,-2.551803e+00,1.593765e+00,6.423332e-02
2.446361e+01,3.226870e+01,-2.601664e+00,-2.032433e+00,2.567340e-01,1.748520e-01
2.270185e+00,7.300577e+00,5.836956e+00,-1.679567e+00,-3.661103e+00,-2.402600e+00
-1.597009e+01,3.854220e-01,1.291624e+01,-2.761836e+00,-3.807293e+00,-2.280667e+00
-1.483337e+01,1.133008e+01,1.365131e+01,-2.513917e+00,1.029922e+00,-2.865000e-02
-7.884219e+00,1.556790e+01,1.147379e+01,-1.880834e+00,2.597692e+00,1.295595e-01
5.550029e+00,6.338285e+00,5.237991e+00,-1.110584e+00,2.585124e+00,6.952681e-01
7.655989e+00,7.915386e+00,3.905574e+00,-1.321232e+00,1.803543e+00,3.594365e-01
4.838296e+00,1.045248e+01,3.266082e+00,-1.130019e+00,4.331325e-01,-1.816937e-01
1.450949e+00,9.328966e+00,3.927299e+00,-1.192828e+00,-7.179376e-02,-2.534849e-01
-1.523522e+00,8.688699e+00,3.652036e+00,-1.138522e+00,6.666704e-02,-2.466457e-01
-2.375737e-01,8.324224e+00,3.611539e+00,-1.186658e+00,4.655465e-01,-1.502439e-01
4.567197e+00,9.213932e+00,2.052594e+00,-1.281202e+00,-1.521850e-01,-3.772028e-01
1.496119e+00,8.337182e+00,2.533378e+00,-1.401174e+00,-7.561614e-01,-4.886211e-01
-2.456183e+00,8.592324e+00,4.295401e+00,-1.481078e+00,-7.467972e-01,-4.978757e-01
-2.062778e+00,9.102004e+00,4.631064e+00,-1.509969e+00,-2.854510e-01,-2.577895e-01
2.347918e+00,9.373903e+00,5.544015e+00,-1.466347e+00,3.652330e-02,-1.111546e-01
2.134783e+00,9.283822e+00,5.030671e+00,-1.475273e+00,-1.111561e-01,-4.902375e-02
1.273371e+00,8.140353e+00,3.128925e+00,-1.690061e+00,-2.574307e-01,3.719989e-02
2.055492e+00,9.431771e+00,1.707961e+00,-1.966471e+00,-4.374674e-01,2.988517e-02
6.101594e-01,9.255986e+00,2.036145e+00,-2.433602e+00,-8.169961e-01,1.011448e-01
2.408206e+00,9.700722e+00,1.972701e+00,-2.742346e+00,-8.474127e-01,1.383132e-01
1.157373e+01,1.245470e+01,-2.620532e+00,-3.444301e+00,-1.842082e+00,-4.838474e-02
1.098863e+01,1.491834e+01,-3.321950e+00,-3.895574e+00,-3.202648e+00,-3.981394e-01
-5.509519e+00,1.501922e+01,1.110307e+01,-4.434448e+00,-5.287689e+00,-6.933333e-01
-1.163462e+01,2.383945e+01,1.818371e+01,-4.118469e+00,-3.899835e+00,-1.890984e-01
-1.337535e+01,1.222245e+01,1.502979e+01,-1.216141e+00,-1.456024e-01,1.029587e+00
-4.859291e+00,2.268526e+00,1.688719e+01,-5.726581e-01,1.934119e+00,1.269349e+00
8.509378e+00,8.603716e+00,1.015778e+01,2.591217e-01,2.557474e+00,1.046982e+00
8.386468e+00,9.007338e+00,9.993065e+00,1.805488e+00,1.677160e+00,4.993173e-01
4.572737e+00,2.845523e+00,8.691980e+00,3.383932e+00,6.794006e-01,1.516447e-01
2.638810e+00,1.921794e+00,8.134028e+00,4.052445e+00,5.559142e-01,-6.637231e-03
1.062666e+00,1.855343e-01,9.605399e+00,5.291137e+00,9.625103e-01,-4.927462e-01
1.294789e+00,8.075077e-01,9.785598e+00,5.992874e+00,1.273374e+00,-5.026940e-01
3.172444e+00,2.414040e+00,1.181413e+01,7.099483e+00,1.336273e+00,-6.412748e-01
4.820513e+00,4.185851e+00,1.410088e+01,7.709869e+00,1.135319e+00,-6.433819e-01
4.916608e+00,7.805176e+00,1.253777e+01,8.184641e+00,3.925545e-01,-6.202053e-01
1.337319e+00,9.762052e+00,9.300369e+00,7.435648e+00,1.536465e-01,-8.801415e-01
-1.206532e+01,1.022977e+00,4.364493e+00,4.928103e+00,1.054519e+00,-7.332010e-01
-1.026193e+01,-6.292179e+00,4.620194e+00,3.124906e+00,2.888028e+00,-3.517184e-01
4.751564e+00,-9.743443e+00,-1.259561e+00,-1.592594e+00,2.554070e+00,2.294326e-01
5.289025e+00,1.331217e+01,3.777700e+00,-3.505652e+00,1.338615e+00,-1.274929e-01
2.328820e+01,3.374590e+01,-8.789071e-01,-1.204563e+00,1.146500e-01,-6.224344e-01
-6.254635e+00,-6.578627e+00,6.549019e+00,-2.721746e+00,-2.393135e-01,-6.386193e-01
-4.348236e+00,4.549725e+00,8.547733e+00,-2.828524e+00,1.113217e+00,3.218542e-01
-9.083614e+00,1.495706e+01,1.207233e+01,-2.778780e+00,9.652623e-01,-5.876990e-01
6.076267e+00,1.077977e+01,5.370778e+00,-1.635446e+00,9.282475e-01,7.474212e-02
3.337223e+00,3.855760e+00,4.993546e+00,-1.890681e+00,5.055206e-01,-1.913359e-02
-1.256240e+00,1.097420e+01,6.830881e+00,-1.639217e+00,6.543317e-01,-6.843094e-02
2.379234e+00,1.114703e+01,5.785072e+00,-1.430584e+00,7.193169e-01,-1.008740e-01
1.472481e+00,8.640925e+00,4.809199e+00,-1.251309e+00,-2.298618e-01,-2.619562e-01
-1.857579e-01,7.837728e+00,4.979500e+00,-1.167310e+00,-1.281529e-01,-2.255132e-01
2.173326e+00,1.035334e+01,4.208667e+00,-1.085795e+00,-3.061667e-01,-3.180437e-01
8.325844e-01,8.910338e+00,3.716520e+00,-1.048922e+00,-6.541951e-01,-3.989219e-01
-7.046789e-01,9.010575e+00,3.264362e+00,-1.186520e+00,-8.914022e-01,-3.870353e-01
-9.014430e-01,8.724329e+00,3.122559e+00,-1.231367e+00,-6.775888e-01,-3.306357e-01
2.110264e-01,8.371485e+00,3.613035e+00,-1.391535e+00,-4.083793e-01,-1.524439e-01
4.015714e-01,8.187257e+00,2.920120e+00,-1.527006e+00,-3.777121e-01,-7.528726e-02
-4.572057e-01,7.172304e+00,2.333358e+00,-1.835729e+00,-3.231350e-01,6.843632e-02
1.800784e+00,9.108851e+00,1.756919e+00,-2.188874e+00,-3.307183e-01,1.240862e-01
3.402292e+00,8.916619e+00,7.217088e-01,-2.721034e+00,-8.869642e-01,7.543933e-02
3.105122e+00,9.817765e+00,8.806097e-01,-3.102192e+00,-1.135372e+00,1.134879e-01
7.938118e+00,1.758415e+01,-2.511175e+00,-3.933615e+00,-1.893414e+00,3.566663e-02
7.217985e+00,1.939476e+01,-1.361524e+00,-4.278095e+00,-3.207639e+00,-4.315363e-01
-4.197561e+00,1.527285e+01,1.505545e+01,-4.192817e+00,-4.072756e+00,-7.298455e-01
-4.560830e+00,2.100492e+01,1.741389e+01,-3.394682e+00,-2.638520e+00,-4.066019e-01
-4.937842e+00,1.249939e+01,1.435128e+01,-1.079956e+00,-5.446852e-01,-3.101752e-01
2.485969e+00,1.886300e+00,1.326944e+01,-6.295814e-01,5.549054e-01,-5.186298e-01
5.414417e+00,8.501226e+00,7.742704e+00,9.351728e-01,4.556094e-01,-1.066322e+00
2.531346e+00,5.974595e+00,8.909822e+00,2.090380e+00,4.081075e-01,-1.321282e+00
1.602638e+00,2.112901e+00,7.654040e+00,3.576686e+00,1.105622e+00,-1.114837e+00
1.773810e+00,1.641406e+00,7.845216e+00,4.252960e+00,1.553260e+00,-1.187819e+00
2.465710e+00,2.581424e+00,9.390470e+00,5.280179e+00,1.963947e+00,-1.055497e+00
3.061870e+00,2.966629e+00,9.944845e+00,6.125765e+00,2.048072e+00,-9.017378e-01
5.443161e+00,3.988896e+00,1.222273e+01,7.327667e+00,1.571889e+00,-6.780403e-01
7.054172e+00,5.369914e+00,1.317251e+01,7.763942e+00,1.009271e+00,-4.563017e-01
8.555872e+00,1.017100e+01,1.105247e+01,7.567194e+00,-5.856025e-01,-4.624414e-01
-6.509642e-01,5.764703e+00,5.441007e+00,6.246575e+00,-1.070564e+00,-1.070640e+00
-1.622580e+01,-5.553323e+00,9.360938e+00,3.269218e+00,1.400235e+00,-8.156904e-01
-4.631680e+00,-9.448751e+00,-1.564343e+00,8.980976e-01,3.120179e+00,4.876748e-01
5.421089e+00,-4.218195e+00,6.154642e+00,-3.412680e+00,2.524105e+00,3.557809e-01
1.377209e+01,3.575607e+01,-1.563241e-01,-1.780040e+00,2.081549e+00,1.309378e+00
1.135388e+00,-3.291772e+00,2.454630e+00,-1.959062e+00,-9.382758e-01,-1.334674e+00
-1.252472e+00,3.897947e-01,9.863475e+00,-2.771393e+00,-1.862123e-01,1.235064e-01
-7.368844e+00,1.988246e+01,1.256955e+01,-2.688308e+00,4.165671e-01,-2.907327e-01
4.437686e-01,1.522316e+01,7.415996e+00,-1.398816e+00,9.899586e-01,1.330305e-01
1.222159e+00,6.391116e+00,5.321518e+00,-1.442751e+00,9.690245e-01,2.970691e-01
2.154244e-01,1.098159e+01,4.824010e+00,-1.227993e+00,1.051168e+00,2.866256e-01
5.319159e+00,1.014451e+01,2.621709e+00,-1.217390e+00,-8.302209e-02,-2.281447e-01
1.562959e+00,8.373975e+00,2.551807e+00,-1.297467e+00,-9.946441e-01,-3.588694e-01
-2.016733e+00,9.956317e+00,2.314422e+00,-1.400859e+00,-9.547603e-01,-2.922401e-01
-1.500539e+00,9.014466e+00,1.964078e+00,-1.433477e+00,-7.461865e-01,-2.337694e-01
-3.191795e-01,7.632293e+00,2.042623e+00,-1.627133e+00,-6.545224e-01,-1.682063e-01
3.113505e-01,8.178923e+00,2.527846e+00,-1.747060e+00,-7.123465e-01,-2.066667e-01
-8.289742e-01,7.812804e+00,4.505897e+00,-1.764883e+00,-5.584380e-01,-1.659905e-01
3.083175e-01,8.718696e+00,6.141777e+00,-1.745271e+00,-3.613988e-01,-9.699381e-02
4.829117e-01,9.064066e+00,4.204783e+00,-1.694436e+00,-3.077832e-01,-1.143937e-03
7.409458e-01,8.585389e+00,2.175744e+00,-1.844302e+00,-3.404457e-01,6.170541e-02
1.479218e+00,7.884972e+00,1.587542e+00,-2.276501e+00,-3.842565e-01,1.570355e-01
3.526053e+00,9.558352e+00,1.088698e+00,-2.610473e+00,-5.476694e-01,1.819254e-01
5.820155e+00,9.920803e+00,-1.390938e+00,-3.227543e+00,-1.078975e+00,9.270866e-02
6.932600e+00,1.375728e+01,-2.480000e+00,-3.806025e+00,-1.688100e+00,-5.315724e-02
5.027279e+00,1.715437e+01,2.650366e+00,-4.482652e+00,-3.450407e+00,-5.475251e-01
-2.727291e+00,1.727171e+01,1.250875e+01,-4.633771e+00,-4.325062e+00,-5.292585e-01
-1.191550e+01,2.146167e+01,1.842197e+01,-3.105310e+00,-2.651308e+00,-5.238461e-03
-1.084574e+01,7.719453e+00,1.639772e+01,-9.056040e-01,-2.609693e-01,6.122061e-01
4.536437e-01,1.023863e+00,1.296586e+01,-5.833134e-02,2.204784e+00,6.870898e-01
7.892277e+00,9.069110e+00,7.822746e+00,1.022104e+00,2.018322e+00,4.638146e-01
6.435508e+00,4.021404e+00,8.128687e+00,2.978847e+00,1.099938e+00,-1.471894e-01
5.573519e+00,1.952199e+00,6.951964e+00,3.949601e+00,6.253232e-01,-3.456658e-01
3.723647e+00,1.686784e+00,7.759139e+00,4.934214e+00,6.509986e-01,-8.982619e-01
3.786958e+00,2.370843e+00,9.824729e+00,5.538215e+00,7.807984e-01,-1.033695e+00
3.806374e+00,3.379233e+00,1.012692e+01,6.612356e+00,8.617836e-01,-1.110234e+00
4.076037e+00,4.838772e+00,1.238452e+01,7.475910e+00,7.913556e-01,-1.140174e+00
5.746471e+00,9.146791e+00,1.227311e+01,8.052176e+00,4.212167e-01,-7.611892e-01
4.662565e+00,1.177999e+01,9.440937e+00,7.739176e+00,-5.821523e-02,-6.499580e-01
-7.088747e+00,2.101042e+00,5.339273e+00,5.858112e+00,-2.994463e-01,-5.558163e-01
-1.310314e+01,-7.428125e+00,5.171586e+00,3.540398e+00,1.786232e+00,-2.502552e-01
2.374258e+00,-1.135731e+01,-1.045875e+00,-1.531915e+00,2.762730e+00,9.117901e-01
9.953529e+00,8.388958e+00,4.529161e+00,-3.642580e+00,1.610079e+00,4.989699e-01
2.402412e+01,2.928963e+01,-8.464732e-01,-1.577641e+00,-1.245800e+00,-6.126337e-01
-5.869145e+00,-2.849266e+00,6.273978e+00,-2.638282e+00,-3.644926e+00,-1.964790e+00
-1.116919e+01,3.241700e+00,1.290606e+01,-2.975115e+00,2.111175e-01,5.150896e-01
-9.634757e+00,1.619913e+01,1.300555e+01,-2.488589e+00,1.613733e+00,2.161557e-01
2.599003e+00,1.125101e+01,7.509916e+00,-1.350407e+00,2.629938e+00,8.516347e-01
7.438856e+00,5.943931e+00,4.465655e+00,-1.447031e+00,1.868875e+00,5.338614e-01
5.351823e+00,1.016867e+01,3.773432e+00,-1.339632e+00,4.309401e-01,6.356469e-02
3.128502e+00,1.034252e+01,4.034482e+00,-1.382092e+00,-2.712937e-01,-1.370655e-01
-7.019818e-01,8.646187e+00,3.901692e+00,-1.366349e+00,-6.246156e-01,-2.264714e-01
-3.695124e-01,8.939920e+00,3.488461e+00,-1.398194e+00,-3.495205e-01,-1.103081e-01
2.706155e+00,8.921278e+00,3.051629e+00,-1.426250e+00,-5.165687e-01,-1.880311e-01
2.312428e+00,8.703355e+00,2.837728e+00,-1.515300e+00,-9.015428e-01,-2.648895e-01
-1.573347e+00,8.263582e+00,3.686418e+00,-1.582509e+00,-1.108068e+00,-2.902870e-01
-2.225739e+00,7.997391e+00,4.453305e+00,-1.593028e+00,-7.269093e-01,-1.581664e-01
-5.999412e-01,8.546036e+00,5.761124e+00,-1.487624e+00,-2.923665e-01,3.200439e-02
9.436688e-01,8.453047e+00,3.574382e+00,-1.560542e+00,-1.610453e-01,1.612098e-01
2.147425e+00,8.700914e+00,1.038281e+00,-1.875436e+00,-2.849778e-01,2.663708e-01
2.559815e+00,8.552716e+00,3.401853e-01,-2.308659e+00,-5.345026e-01,2.828531e-01
2.782446e+00,9.734660e+00,6.040196e-01,-3.013817e+00,-8.007625e-01,3.497090e-01
5.660951e+00,1.181941e+01,-6.589837e-01,-3.429160e+00,-1.085474e+00,3.073659e-01
8.346268e+00,1.785164e+01,-4.248582e+00,-4.235245e+00,-2.458529e+00,2.100080e-01
-1.395618e+00,1.958483e+01,7.895699e+00,-4.459715e+00,-4.405591e+00,1.550496e-01
-1.295255e+01,2.167828e+01,1.725657e+01,-3.864159e+00,-2.681035e+00,5.705964e-01
-1.305188e+01,1.935134e+01,1.658949e+01,-2.280414e+00,-8.304194e-01,1.019559e+00
1.775288e+00,3.779516e-01,1.594386e+01,-3.359107e-01,2.325931e+00,1.316017e+00
7.651689e+00,5.920240e+00,8.167307e+00,3.204504e-01,2.604689e+00,1.150300e+00
7.598484e+00,6.655682e+00,9.480461e+00,2.723280e+00,1.145335e+00,6.211248e-02
4.649723e+00,2.779963e+00,8.451089e+00,3.554083e+00,5.625977e-01,-1.883527e-01
2.746986e+00,2.723838e+00,8.429176e+00,4.743258e+00,3.276319e-01,-5.651720e-01
2.045733e+00,2.734396e+00,1.006254e+01,5.648819e+00,5.398253e-01,-8.198835e-01
1.858871e+00,2.651187e+00,1.120966e+01,6.746550e+00,7.897344e-01,-9.210146e-01
2.005470e+00,3.718541e+00,1.270175e+01,7.326292e+00,7.853378e-01,-9.292605e-01
4.475504e+00,7.204803e+00,1.394620e+01,8.110810e+00,6.742747e-01,-7.015137e-01
6.451413e+00,1.013255e+01,1.147431e+01,7.998213e+00,1.742887e-02,-7.028777e-01
-2.851000e+00,1.462394e+00,6.118957e+00,6.045994e+00,-1.696084e-01,-1.682329e+00
-1.548555e+01,1.136915e+00,8.816453e+00,4.022766e+00,6.143632e-01,-1.569688e+00
2.164501e+00,-9.609172e+00,-1.008499e+00,6.588610e-01,2.476689e+00,6.919366e-01
2.037833e+00,-7.636452e+00,5.489539e+00,-2.558365e+00,2.079227e+00,-9.017098e-02
6.456852e+00,2.653599e+01,6.303681e+00,-3.678300e+00,1.192268e+00,7.423131e-01
2.177494e+01,2.712791e+01,-7.525517e-01,-2.299105e-01,5.858551e-01,4.879695e-01
-1.210716e+01,-3.646826e+00,8.942557e+00,-2.410560e+00,-3.417651e-01,-1.757311e-01
-7.451683e+00,7.544002e+00,1.289874e+01,-2.621207e+00,2.331608e+00,8.646563e-01
2.266882e+00,1.646556e+01,9.140140e+00,-1.611280e+00,2.953756e+00,3.423825e-01
1.419739e+01,3.396409e+00,4.389377e+00,-1.217911e+00,1.720344e+00,2.525940e-01
4.862744e+00,8.991370e+00,4.593009e+00,-1.553742e+00,-1.012147e-01,-2.383050e-03
-4.489984e-01,1.150089e+01,4.168271e+00,-1.371237e+00,-1.536787e-01,-1.506654e-01
-4.928313e-01,9.413569e+00,2.866970e+00,-1.288652e+00,-5.681855e-01,-3.503265e-01
-1.875744e+00,7.825198e+00,3.029027e+00,-1.273422e+00,-4.434851e-01,-2.171949e-01
2.300390e+00,9.805105e+00,2.444965e+00,-1.395542e+00,-8.661089e-02,-1.180668e-01
2.902837e+00,9.291649e+00,2.242843e+00,-1.428445e+00,-6.618665e-01,-2.721854e-01
-7.058705e-01,8.373375e+00,2.964890e+00,-1.481063e+00,-1.255787e+00,-5.320926e-01
-3.871964e+00,8.073771e+00,3.708622e+00,-1.520585e+00,-9.968918e-01,-4.432720e-01
7.184184e-01,8.085793e+00,4.764480e+00,-1.573308e+00,-2.116719e-01,-1.771281e-01
2.335426e+00,9.021727e+00,5.226691e+00,-1.608071e+00,-1.080304e-01,-4.856628e-02
1.538144e+00,8.298759e+00,3.050974e+00,-1.744659e+00,-4.189131e-01,2.866467e-02
1.535033e+00,7.911438e+00,1.144837e+00,-1.980118e+00,-6.206569e-01,7.491156e-02
2.250012e+00,9.371590e+00,2.961684e-01,-2.554654e+00,-9.794784e-01,1.058326e-01
4.698946e-01,9.697807e+00,1.990185e+00,-2.942268e+00,-1.152183e+00,1.463904e-01
6.488192e+00,1.205908e+01,-7.008025e-01,-3.508666e+00,-1.268708e+00,1.907992e-01
1.019202e+01,1.779494e+01,-3.862630e+00,-4.157333e+00,-2.304547e+00,-1.556502e-02
-6.295090e-01,1.505531e+01,6.783448e+00,-4.512490e+00,-4.563634e+00,-7.416441e-01
-6.809592e+00,1.789988e+01,1.757937e+01,-4.384796e+00,-4.689468e+00,-7.127383e-01
-1.255986e+01,2.108395e+01,1.668022e+01,-2.481407e+00,-2.081918e+00,-4.193482e-01
-7.009779e+00,5.134976e+00,1.751712e+01,-4.787432e-01,6.321035e-01,8.505072e-02
6.134110e+00,8.279382e+00,8.904599e+00,1.651034e-01,2.305602e+00,1.367127e-01
5.686657e+00,9.707954e+00,1.039653e+01,1.450894e+00,2.068457e+00,-1.101653e-01
3.427196e+00,3.899101e+00,9.699048e+00,3.554749e+00,1.955384e+00,-1.018758e-01
4.614503e+00,1.764629e+00,8.338800e+00,4.277098e+00,2.150770e+00,-1.887360e-01
5.392273e+00,1.738861e+00,9.322235e+00,5.502623e+00,2.114791e+00,-4.585162e-01
6.394026e+00,3.080910e+00,1.005429e+01,6.357618e+00,1.684623e+00,-4.600921e-01
8.023776e+00,2.966224e+00,1.188505e+01,7.505526e+00,5.717757e-01,-6.094763e-01
8.382734e+00,3.469526e+00,1.255917e+01,7.871848e+00,-2.581021e-01,-6.806160e-01
8.281342e+00,9.173309e+00,1.105083e+01,7.891881e+00,-1.643011e+00,-1.211176e+00
4.919884e-01,5.602799e+00,7.498263e+00,6.785380e+00,-2.158227e+00,-2.291007e+00
-2.069732e+01,3.312363e+00,1.317181e+01,3.995111e+00,-5.514827e-01,-1.612157e+00
-4.544720e+00,-1.188268e+01,-2.821052e+00,1.743066e+00,1.526529e+00,-5.852757e-02
3.283648e+00,-9.866859e+00,5.602803e+00,-3.136514e+00,2.353571e+00,1.694974e-01
8.120017e+00,1.607353e+01,9.919940e+00,-4.739901e+00,1.646525e+00,9.981238e-01
7.880346e+00,9.597702e+00,2.158001e-01,8.442143e-02,-7.231170e-01,-1.663752e+00
-1.014489e+01,-2.619668e+00,1.080849e+01,-2.362983e+00,-2.704314e-01,-2.229227e-01
-8.561560e+00,1.551349e+01,1.153068e+01,-2.769655e+00,1.715519e+00,2.779197e-01
4.222491e+00,1.503049e+01,6.750516e+00,-1.864570e+00,2.025732e+00,5.548757e-01
5.705204e+00,3.967265e+00,4.972026e+00,-1.774595e+00,3.216679e-01,2.811718e-02
4.787848e-01,9.664557e+00,6.117975e+00,-1.817478e+00,-7.750046e-02,2.815008e-01
8.101632e-01,1.077608e+01,4.869878e+00,-1.527929e+00,-9.968521e-02,5.739640e-02
6.710394e-01,9.310651e+00,4.234287e+00,-1.454416e+00,-4.192473e-01,-3.091424e-02
4.919705e-01,8.781074e+00,3.927142e+00,-1.358912e+00,-4.255865e-01,1.443826e-02
1.615239e+00,9.434181e+00,3.878413e+00,-1.331106e+00,-5.016555e-01,-3.082018e-02
-5.065816e-01,8.803789e+00,4.150947e+00,-1.261210e+00,-8.333412e-01,-1.771948e-01
-4.119836e-01,8.284213e+00,3.628180e+00,-1.257602e+00,-8.316617e-01,-2.230250e-01
6.942234e-01,8.223028e+00,3.037371e+00,-1.336123e+00,-6.490992e-01,-1.154938e-01
5.322441e-01,8.158317e+00,4.092426e+00,-1.385689e+00,-6.671027e-01,-8.701133e-02
-6.351838e-01,8.782863e+00,2.426270e+00,-1.582649e+00,-6.959503e-01,4.491229e-02
-4.249852e-01,8.461781e+00,9.803384e-01,-1.833566e+00,-6.251219e-01,1.931230e-01
2.089234e+00,8.611123e+00,9.859183e-01,-2.394659e+00,-6.999852e-01,3.140844e-01
2.038875e+00,9.052620e+00,1.478906e+00,-2.723546e+00,-8.236810e-01,4.021414e-01
4.658104e+00,1.015110e+01,1.877115e+00,-3.270050e+00,-9.556147e-01,4.683056e-01
7.621754e+00,1.567524e+01,-1.997902e+00,-3.700742e+00,-1.593955e+00,4.502859e-01
2.546945e+00,1.675293e+01,1.006932e+00,-4.344176e+00,-3.446071e+00,-8.775291e-02
-6.295653e+00,1.606679e+01,1.233778e+01,-4.493286e+00,-4.581155e+00,-1.682626e-01
-1.089947e+01,2.120378e+01,1.719683e+01,-3.091917e+00,-2.171885e+00,1.792600e-01
-6.892998e+00,5.955983e+00,1.690321e+01,-1.552437e+00,-5.003308e-01,6.202875e-01
3.616831e+00,5.496745e+00,1.097071e+01,-5.123824e-01,1.939242e+00,8.198863e-01
6.449566e+00,9.466218e+00,9.105347e+00,9.186452e-01,1.815748e+00,4.236378e-01
4.660316e+00,3.792393e+00,9.267736e+00,3.039676e+00,1.369729e+00,-9.324756e-02
4.670500e+00,1.811491e+00,7.523981e+00,3.738890e+00,1.293426e+00,-8.029352e-02
3.313509e+00,2.249622e+00,9.291155e+00,4.792043e+00,1.299480e+00,-4.682751e-01
3.024592e+00,2.426519e+00,1.059419e+01,5.715792e+00,1.452456e+00,-5.334422e-01
3.592122e+00,3.007778e+00,1.114990e+01,7.043427e+00,1.500829e+00,-4.957981e-01
4.832704e+00,2.895774e+00,1.422733e+01,7.786629e+00,1.219994e+00,-4.173803e-01
7.956639e+00,8.926659e+00,1.159710e+01,8.180541e+00,6.789176e-01,-1.560817e-01
6.534044e+00,9.225310e+00,1.069567e+01,7.722054e+00,-3.386780e-02,-5.865621e-01
-7.793590e+00,4.202631e-01,4.975212e+00,5.125580e+00,5.265161e-02,-1.082076e+00
-1.139347e+01,-4.309502e+00,3.388098e+00,3.367783e+00,1.662477e+00,-4.627413e-01
9.382559e-01,-9.122954e+00,-8.498070e-01,-6.088741e-01,2.964756e+00,7.125981e-01
5.850627e+00,7.972702e+00,3.008306e+00,-3.037065e+00,2.458747e+00,4.859755e-01
1.910537e+01,1.369691e+01,-2.968216e-02,-2.232687e+00,1.153197e+00,5.700557e-01
1.333617e+00,-2.234399e+00,8.210819e+00,-2.801487e+00,-2.029512e+00,-1.417398e+00
-9.435661e+00,5.798384e+00,1.480689e+01,-3.424617e+00,-1.572216e+00,-4.486099e-01
-1.064840e+01,1.614859e+01,1.255754e+01,-2.523691e+00,-4.904173e-01,-3.658287e-01
-2.620689e+00,6.632964e+00,6.203186e+00,-1.605071e+00,1.212177e+00,5.351433e-01
2.011555e-01,7.533313e+00,5.950489e+00,-1.680083e+00,2.079807e+00,8.244848e-01
7.334985e+00,1.008708e+01,4.569143e+00,-1.452144e+00,1.563076e+00,5.088920e-01
5.763136e+00,8.929480e+00,3.842823e+00,-1.494641e+00,4.383277e-01,1.565320e-01
-8.454228e-01,9.667922e+00,4.142095e+00,-1.490391e+00,-6.086287e-01,3.365968e-02
-3.652534e+00,8.994383e+00,5.306918e+00,-1.296152e+00,-3.665727e-01,5.242412e-03
-1.692972e+00,8.306674e+00,5.926646e+00,-1.151478e+00,5.976745e-01,3.277847e-01
2.796493e+00,8.076643e+00,4.838185e+00,-1.102992e+00,7.939953e-01,3.625428e-01
3.288922e+00,8.375337e+00,4.815381e+00,-1.093724e+00,3.392588e-01,1.946714e-01
2.045238e+00,8.543702e+00,5.450834e+00,-1.095307e+00,-1.648920e-02,1.318766e-01
-1.876259e-03,8.742921e+00,6.793646e+00,-1.042340e+00,6.667814e-02,2.317328e-01
6.730878e-01,8.106769e+00,5.188917e+00,-1.008889e+00,1.992402e-01,3.290211e-01
9.550770e-01,7.606556e+00,1.593976e+00,-1.166544e+00,3.498388e-01,5.566388e-01
2.743128e+00,8.452919e+00,5.589805e-01,-1.503936e+00,3.046754e-01,5.773817e-01
3.989311e+00,8.804855e+00,-4.922076e-02,-2.207861e+00,-3.580305e-01,3.980462e-01
3.544311e+00,9.214656e+00,4.570699e-01,-2.581861e+00,-7.774225e-01,3.488770e-01
6.612323e+00,1.736198e+01,-2.611356e+00,-3.366234e+00,-1.631846e+00,4.069748e-01
3.573953e+00,1.917252e+01,-1.076513e+00,-3.771668e+00,-2.817121e+00,2.841936e-01
-5.544845e+00,1.574318e+01,1.077027e+01,-3.861183e+00,-3.325603e+00,2.411111e-01
-8.226475e+00,2.110674e+01,1.481787e+01,-3.360132e+00,-2.245971e+00,4.203289e-01
-4.200200e+00,7.817488e+00,1.443242e+01,-8.134474e-01,2.523414e-01,8.555597e-01
1.703247e+00,1.496225e+00,1.315388e+01,-3.419284e-01,1.450176e+00,8.294256e-01
6.239157e+00,9.287770e+00,8.279307e+00,1.005705e+00,1.317629e+00,4.220738e-01
4.585141e+00,6.378592e+00,9.351178e+00,2.432416e+00,8.489549e-01,3.731752e-02
2.205621e+00,2.317542e+00,8.991644e+00,4.026496e+00,5.802438e-01,-2.223354e-01
1.616770e+00,1.847009e+00,9.130095e+00,4.728980e+00,9.170027e-01,-3.720298e-01
5.799328e-01,2.755863e+00,1.172062e+01,5.917088e+00,1.364632e+00,-4.201347e-01
8.333370e-01,3.329064e+00,1.218478e+01,6.859781e+00,1.875164e+00,-3.587815e-01
2.147531e+00,4.115088e+00,1.444403e+01,7.984238e+00,2.522799e+00,-4.848755e-02
4.917350e+00,7.057723e+00,1.064493e+01,8.030383e+00,2.736786e+00,3.545070e-01
1.576520e+00,7.295711e+00,7.903940e+00,6.959971e+00,2.330971e+00,7.394037e-01
-5.404885e+00,3.877277e+00,7.277331e+00,5.465918e+00,2.502191e+00,7.721630e-01
-2.491393e+00,-5.772831e+00,1.456223e-01,2.557377e+00,4.373960e+00,1.159120e+00
5.879305e+00,-5.620064e+00,-2.680978e+00,2.958047e-02,3.683976e+00,1.047508e+00
1.312957e+01,4.246914e+00,2.066413e+00,-2.702799e+00,8.361229e-01,-2.056024e-02
2.185055e+01,2.823469e+01,1.105309e+00,-2.859017e+00,-6.241700e-01,-1.753863e-01
-6.078607e+00,3.175692e+00,1.305998e+01,-2.578261e+00,-3.464572e+00,-2.446912e+00
-8.201596e+00,-9.513810e-02,1.452650e+01,-2.966201e+00,-1.917261e+00,-1.247232e+00
-8.992805e+00,1.476387e+01,1.525985e+01,-2.362786e+00,4.486567e-01,1.128557e-01
-5.941923e+00,1.334212e+01,7.862675e+00,-1.046729e+00,2.139342e+00,4.773564e-01
2.471456e+00,7.215905e+00,5.314525e+00,-7.591106e-01,3.243896e+00,8.576411e-01
1.028678e+01,9.902086e+00,3.152717e+00,-8.377130e-01,2.912009e+00,6.413027e-01
8.590071e+00,9.169236e+00,2.283571e+00,-8.344667e-01,3.895771e-01,-1.878919e-01
3.423152e+00,9.250445e+00,2.581642e+00,-9.586349e-01,-8.021901e-01,-4.742729e-01
-1.356374e+00,8.763626e+00,2.931775e+00,-1.047709e+00,-8.530864e-01,-4.275537e-01
9.291269e-02,8.448274e+00,2.473513e+00,-1.112951e+00,-5.598957e-01,-2.889604e-01
1.808293e+00,8.808293e+00,1.712261e+00,-1.283356e+00,-4.635159e-01,-1.835712e-01
1.392504e-01,8.946889e+00,2.449902e+00,-1.383155e+00,-6.790645e-01,-2.535541e-01
-2.218324e+00,8.218561e+00,4.433309e+00,-1.507421e+00,-3.683945e-01,-1.030580e-01
-1.341776e+00,8.228344e+00,5.835087e+00,-1.445151e+00,2.672988e-02,5.368980e-02
1.529898e+00,8.617084e+00,6.568034e+00,-1.283577e+00,5.288648e-01,1.927047e-01
1.467353e+00,8.744774e+00,6.374514e+00,-1.161985e+00,5.306555e-01,2.502303e-01
2.701080e+00,8.608494e+00,4.697840e+00,-1.128226e+00,4.959178e-01,3.231590e-01
2.856363e+00,8.884506e+00,2.078739e+00,-1.269927e+00,3.142099e-01,3.214535e-01
4.696533e+00,9.133247e+00,-6.716833e-01,-1.835539e+00,-2.377165e-01,2.076956e-01
5.576486e+00,8.751190e+00,-1.720109e+00,-2.426847e+00,-8.916318e-01,1.062552e-01
3.364485e+00,1.494472e+01,-1.934421e+00,-3.353779e+00,-1.808339e+00,2.042225e-01
2.655233e+00,1.887524e+01,-2.125633e+00,-3.795635e+00,-2.166647e+00,3.266983e-01
-3.530938e+00,1.507735e+01,6.366305e+00,-4.000966e+00,-3.233663e+00,4.511780e-01
-7.993859e+00,1.732300e+01,1.412982e+01,-3.900756e+00,-2.067331e+00,2.528032e-01
-6.279075e+00,1.618296e+01,1.506165e+01,-1.662110e+00,2.650600e-01,4.829045e-01
-4.589733e-01,2.690628e+00,1.585892e+01,-8.541734e-01,1.399607e+00,7.539768e-01
4.537425e+00,1.160806e+01,8.833801e+00,2.834245e-01,1.647007e+00,7.786168e-01
3.809882e+00,7.821693e+00,1.039052e+01,2.112819e+00,1.302975e+00,2.862573e-01
3.550561e+00,3.548509e+00,8.875144e+00,3.750838e+00,9.813475e-01,2.306357e-01
3.015294e+00,2.313774e+00,9.317158e+00,4.466328e+00,8.685884e-01,1.532200e-01
1.419557e+00,1.264667e+00,1.030402e+01,5.696554e+00,8.426162e-01,1.575037e-02
1.116358e+00,1.336657e+00,1.073550e+01,6.481228e+00,1.012113e+00,-2.772241e-02
1.606543e+00,2.731197e+00,1.414830e+01,7.676837e+00,1.269722e+00,8.170071e-02
1.996762e+00,4.506778e+00,1.246583e+01,7.949579e+00,1.597421e+00,3.174699e-01
9.224453e-01,6.064266e+00,9.642026e+00,7.274004e+00,1.903095e+00,6.089113e-01
-4.562063e+00,2.506620e+00,7.832483e+00,5.770222e+00,2.194093e+00,6.478945e-01
-7.299456e+00,-4.235559e+00,4.250474e+00,2.440385e+00,3.945716e+00,7.412179e-01
3.344232e+00,-2.705519e+00,4.722220e+00,5.582291e-01,4.162139e+00,7.750002e-01
1.465489e+01,1.648143e+01,-2.803109e+00,-2.487778e+00,2.174983e+00,3.145214e-01
1.994071e+01,2.181719e+01,5.748710e-01,-2.672892e+00,2.697146e-01,-1.112617e-01
-8.295613e-01,1.297077e-01,1.306427e+01,-2.977457e+00,-2.283654e+00,-1.872623e+00
-9.325921e+00,2.558431e+00,1.669314e+01,-3.072461e+00,-1.687384e+00,-1.545056e+00
-1.005833e+01,1.709892e+01,1.227152e+01,-1.689136e+00,2.691197e-01,-1.704892e-02
-6.516010e+00,1.189130e+01,7.815980e+00,-7.609921e-01,2.299868e+00,5.010629e-01
2.759629e+00,7.833764e+00,5.649987e+00,-6.969759e-01,3.468480e+00,9.696991e-01
1.032380e+01,1.007107e+01,3.047508e+00,-6.798575e-01,2.926143e+00,7.183180e-01
5.557564e+00,8.651714e+00,3.065696e+00,-7.184119e-01,2.131113e-01,-1.200767e-01
2.146599e+00,8.578778e+00,3.214958e+00,-7.753893e-01,-6.977736e-01,-3.702588e-01
4.718020e-01,9.065903e+00,1.726641e+00,-8.936207e-01,-5.189649e-01,-3.662294e-01
1.208440e+00,8.351995e+00,4.130940e-01,-1.058683e+00,-4.854445e-01,-3.237245e-01
-7.508670e-01,7.855295e+00,1.414777e+00,-1.388281e+00,-6.007883e-01,-3.297897e-01
-1.168146e+00,8.947088e+00,2.978769e+00,-1.575625e+00,-3.819432e-01,-2.077881e-01
1.709543e+00,9.407127e+00,5.239913e+00,-1.670962e+00,-1.312069e-01,-5.318285e-02
2.091177e+00,1.016986e+01,5.454428e+00,-1.620129e+00,-1.344045e-01,3.407263e-02
3.599773e-01,7.949789e+00,2.859367e+00,-1.640491e+00,-1.398002e-01,1.460269e-01
1.511751e+00,7.982554e+00,5.978114e-01,-1.947103e+00,-5.699016e-02,3.383686e-01
4.854853e+00,9.550554e+00,-1.805114e+00,-2.688587e+00,-4.630314e-01,2.686556e-01
5.739170e+00,9.635314e+00,-1.176910e+00,-3.186199e+00,-8.854741e-01,2.028833e-01
9.855739e+00,1.406843e+01,-3.831002e+00,-4.173934e+00,-1.636496e+00,1.555276e-04
8.517240e+00,1.525987e+01,-1.614108e+00,-4.735974e+00,-3.258277e+00,-4.826755e-01
-9.674939e+00,2.259176e+01,1.962775e+01,-4.771703e+00,-5.395821e+00,-7.036521e-01
-1.809217e+01,2.773806e+01,2.475693e+01,-3.536619e+00,-3.919218e+00,-2.054083e-01
-1.435003e+01,2.175756e+00,2.085753e+01,-8.115134e-01,1.027153e+00,1.443291e+00
2.146404e+00,8.907343e+00,1.236329e+01,3.071566e-01,3.511438e+00,1.737429e+00
8.147200e+00,6.004512e+00,1.050602e+01,3.327438e+00,3.415674e+00,1.011841e+00
9.541975e+00,1.207284e+00,8.420110e+00,4.408726e+00,2.630898e+00,6.036409e-01
5.682763e+00,1.557511e+00,8.854736e+00,5.436401e+00,1.141239e+00,2.397133e-01
2.641818e+00,2.585140e+00,1.049195e+01,6.294686e+00,6.210337e-01,-3.472912e-01
-1.197170e+00,2.531564e+00,1.388248e+01,7.499069e+00,1.443314e+00,-5.712548e-01
1.768852e+00,2.486448e+00,1.229923e+01,7.954927e+00,2.343471e+00,-4.870351e-01
8.036922e+00,4.330059e+00,9.901649e+00,8.040736e+00,2.636579e+00,-1.427010e-01
7.457543e+00,5.684393e+00,8.199624e+00,6.768963e+00,1.317827e+00,-1.382882e-01
-5.765375e+00,-2.319943e+00,4.629410e+00,4.083441e+00,-8.988536e-02,-6.573959e-01
-8.904617e+00,-6.193277e+00,2.841504e+00,2.131682e+00,7.964698e-01,-5.421763e-01
2.550368e+00,-3.886685e+00,3.161212e+00,-1.519416e+00,1.877723e+00,2.216212e-01
1.292131e+01,3.002869e+01,-4.347758e+00,-2.446615e+00,1.614837e+00,5.377208e-01
4.399138e+00,1.102315e+01,5.305414e+00,-2.298982e+00,-7.987165e-01,-1.040780e+00
-1.058700e+01,-4.380338e+00,1.259114e+01,-3.375444e+00,-9.739100e-01,-6.371984e-01
-6.242009e-01,1.684958e+01,1.332226e+01,-3.324385e+00,1.159038e+00,-1.177014e-02
5.526480e+00,1.358457e+01,9.999619e+00,-1.845880e+00,6.752093e-01,4.392272e-02
-1.228631e+00,6.423282e+00,8.327529e+00,-1.818254e+00,1.213415e+00,4.608193e-01
1.982769e+00,1.018799e+01,6.849367e+00,-1.506611e+00,1.501682e+00,4.532087e-01
5.300212e+00,7.832560e+00,4.581416e+00,-1.318220e+00,6.753749e-01,4.473295e-02
2.284971e+00,8.641057e+00,3.746231e+00,-1.258287e+00,-1.508170e-01,-9.722556e-02
-6.625849e-01,9.377007e+00,3.688867e+00,-1.196436e+00,-4.219678e-01,-1.848847e-01
6.573839e-01,7.697672e+00,1.277961e+00,-1.320752e+00,-2.032545e-01,-1.461548e-01
1.999832e+00,8.077848e+00,-8.954486e-01,-1.767962e+00,-9.630801e-02,-2.251797e-01
2.628817e+00,1.066335e+01,-2.607551e+00,-2.323008e+00,-4.254084e-01,-2.685969e-01
-6.196712e-01,1.197172e+01,-1.605060e+00,-3.114113e+00,-7.758691e-01,-2.754556e-01
2.968501e+00,1.111455e+01,6.944728e-02,-3.621504e+00,-4.855633e-01,-2.704970e-01
1.280877e+01,2.490139e+01,1.746103e+00,-4.766152e+00,-1.025208e+00,-1.143482e-01
6.943656e+00,2.642958e+01,1.056816e+01,-4.483136e+00,-3.047458e+00,-2.707290e-03
-5.197639e+00,7.682792e+00,1.744560e+01,-2.687241e+00,-2.892631e+00,-7.263689e-01
-6.885853e+00,7.837972e-01,1.987704e+01,-2.010741e+00,-1.774693e+00,-6.503616e-01
2.592005e-01,1.050021e+01,5.393833e+00,1.824126e-01,2.070293e-01,2.849749e-01
-8.760699e-02,5.962661e+00,8.650813e+00,2.690997e+00,7.655861e-01,-4.106319e-01
2.883251e+00,2.045526e+00,6.483313e+00,4.462518e+00,9.815714e-01,-2.131302e-01
4.248274e+00,9.620305e-01,7.619391e+00,5.223355e+00,8.325933e-01,-1.132961e-01
2.445190e+00,-1.001995e+00,1.020940e+01,6.384232e+00,5.658255e-01,9.455406e-02
3.089958e+00,-2.567782e-01,9.175189e+00,6.697619e+00,7.887363e-01,2.108789e-01
8.601467e+00,-1.578533e+00,8.633915e+00,6.485601e+00,6.176742e-01,-6.655374e-03
9.704120e+00,2.933311e+00,6.477452e+00,5.721431e+00,-8.851715e-02,-1.256035e-01
2.636214e+00,1.278925e+00,4.619552e+00,4.103545e+00,-2.180012e+00,-8.155548e-01
-2.376088e+00,9.685875e-01,2.313248e+00,2.609238e+00,-2.461167e+00,-9.371305e-01
-4.825657e+00,3.947819e+00,1.271095e+00,7.810832e-01,-1.137905e+00,-2.574195e-01
7.258454e-01,3.196012e+00,-2.466881e-02,2.277433e-02,-3.679910e-01,1.390840e-01
-4.723515e-01,5.445281e+00,1.391375e+00,-1.235828e+00,-1.989294e-01,3.166219e-01
-3.922743e-01,6.869035e+00,2.174966e+00,-2.074138e+00,-7.114521e-02,4.297672e-01
4.009393e+00,-2.058138e-01,4.833171e+00,-3.092439e+00,-4.810114e-02,3.594427e-01
-2.265297e+00,1.533298e+01,4.528505e+00,-4.650785e+00,-5.883279e-01,-3.611088e-01
-1.234610e+01,3.197203e+01,5.544915e-01,-2.837832e+00,6.367036e-01,-3.558508e-02
-1.092805e+01,1.030609e+01,7.221049e+00,-1.731355e+00,1.631537e+00,-4.528672e-01
1.034752e+01,3.329584e+00,1.062459e+01,-2.605066e+00,3.128342e+00,9.188598e-01
6.399266e+00,3.146595e+00,6.974085e+00,-2.341291e+00,2.113857e+00,5.236490e-01
9.366522e+00,1.262642e+01,8.037870e+00,-2.018555e+00,-5.984998e-01,-5.315766e-01
-2.301218e+00,1.085128e+01,8.343041e+00,-1.776983e+00,-2.562979e+00,-7.717031e-01
-1.268725e+01,9.132006e+00,8.121684e+00,-1.261657e+00,-1.124685e+00,-4.294899e-02
-7.599688e+00,6.023673e+00,8.496097e+00,-9.747297e-01,9.209711e-01,6.717529e-01
4.452107e+00,7.103389e+00,5.971720e+00,-8.617894e-01,2.394448e+00,1.148813e+00
6.568455e+00,7.631896e+00,5.268360e+00,-9.012977e-01,2.068701e+00,9.565429e-01
6.614127e+00,7.195228e+00,4.239906e+00,-1.169268e+00,5.125010e-01,4.578249e-01
4.019434e+00,6.756054e+00,5.502659e+00,-1.332040e+00,-3.779848e-01,9.729124e-02
1.199351e+00,7.470731e+00,4.674963e+00,-1.496536e+00,-8.251870e-01,-1.189123e-01
-1.251488e+00,6.489654e+00,4.633460e+00,-1.623239e+00,-7.623247e-01,-1.377232e-01
-6.127158e-01,3.645080e+00,6.194601e+00,-1.790297e+00,-3.890190e-01,-2.004067e-02
1.204138e-01,6.199733e+00,6.745354e+00,-1.952102e+00,-2.387065e-01,2.153732e-01
-8.104093e-01,5.516254e+00,6.749538e+00,-1.992932e+00,-1.713598e-01,2.833824e-01
2.005523e+00,3.975319e+00,6.601505e+00,-2.092381e+00,-2.242687e-03,2.916060e-01
4.322790e+00,7.945117e+00,6.767821e+00,-2.482367e+00,-1.638598e-01,4.050733e-01
4.088102e+00,1.382902e+01,6.722798e+00,-3.034822e+00,-6.897250e-01,6.516151e-01
1.063481e+00,2.098700e+01,1.403350e+01,-3.645871e+00,-1.372554e+00,9.702237e-01
-1.647143e+00,1.844573e+01,1.343449e+01,-3.523150e+00,-1.398472e+00,1.359757e+00
-2.532825e+00,7.530934e+00,1.262544e+01,-2.465108e+00,-2.323512e-01,1.350700e+00
-2.707313e+00,4.701938e-01,1.466235e+01,-1.540196e+00,7.267455e-01,1.228301e+00
7.953162e-01,2.567717e-01,1.049477e+01,2.672753e-01,1.655949e+00,1.402657e+00
5.214099e+00,8.452220e+00,5.804526e+00,1.825420e+00,1.395878e+00,1.412471e+00
3.645232e+00,4.821862e+00,6.833157e+00,4.099722e+00,2.843364e-01,2.957886e-01
2.732356e+00,2.102022e+00,7.218822e+00,5.304403e+00,-3.618178e-01,-4.806018e-02
1.871489e+00,7.699529e-01,9.361810e+00,6.437714e+00,-4.191584e-01,-3.105609e-01
1.893637e+00,2.292406e+00,1.069306e+01,7.044985e+00,-3.295971e-01,-3.006502e-01
-4.464656e-01,7.295013e-01,1.197067e+01,7.726749e+00,-2.731896e-01,-4.335846e-01
-5.118763e-01,-2.091924e+00,1.203200e+01,7.768983e+00,7.595656e-01,-4.226689e-01
-7.257568e-01,1.580219e+00,9.189560e+00,6.549107e+00,1.523569e+00,2.032665e-01
1.602738e+00,9.006754e+00,7.353526e+00,5.778036e+00,1.643225e+00,5.980662e-01
7.533589e-01,1.768488e+00,2.776658e+00,4.498231e+00,9.615442e-01,2.926783e-01
4.115090e+00,-1.168319e+00,-7.365285e-01,2.794201e+00,7.602060e-01,6.667781e-02
8.121718e+00,4.375092e-01,-1.526752e+00,6.461357e-01,-3.955583e-01,-4.557923e-01
7.016155e+00,4.273966e+00,-4.908172e-01,-3.415287e-01,-1.563310e+00,-7.164717e-01
-2.610481e+00,4.813776e+00,2.437557e+00,-1.917632e+00,-2.910644e+00,-1.156909e+00
-1.505546e+00,6.828113e+00,3.409461e+00,-2.508809e+00,-2.464082e+00,-9.417978e-01
2.884591e+00,8.319360e+00,8.203922e-01,-3.527865e+00,-2.050814e+00,-7.912379e-01
-2.087192e+01,1.882655e+01,6.681239e+00,-3.916736e+00,-1.700907e+00,-6.868777e-01
-6.701024e+00,1.961739e+01,3.530335e+00,-2.536027e+00,3.409589e+00,7.494601e-01
-1.664774e+00,6.719011e+00,1.160280e+01,-2.143140e+00,4.295856e+00,7.060368e-01
1.949645e+01,9.822534e+00,9.464239e+00,-2.267441e+00,3.046471e+00,3.540670e-01
1.161111e+01,8.093761e+00,7.070495e+00,-2.009231e+00,8.269480e-01,-1.767297e-02
1.996681e+00,8.131864e+00,9.110313e+00,-1.979173e+00,-1.821748e+00,-7.682859e-01
-4.872308e+00,6.313397e+00,9.353970e+00,-1.812354e+00,-2.309842e+00,-6.794129e-01
-4.470147e+00,8.096921e+00,6.350225e+00,-1.548458e+00,-1.125499e+00,-1.667917e-01
-1.983811e+00,8.341195e+00,4.969731e+00,-1.436467e+00,5.655107e-02,1.203415e-01
1.934604e+00,7.309793e+00,2.864774e+00,-1.400505e+00,4.059150e-01,1.398389e-01
2.620477e+00,8.443266e+00,1.668954e+00,-1.592055e+00,1.182232e-01,3.222553e-02
-4.372659e-01,5.358407e+00,3.250517e+00,-1.819506e+00,-5.574238e-01,-3.810996e-01
-3.087546e-01,5.118366e+00,4.583930e+00,-2.166350e+00,-5.026783e-01,-2.829124e-01
1.294010e+00,6.658451e+00,5.306215e+00,-2.524883e+00,-5.026322e-01,-1.988275e-01
-2.009977e-01,5.040525e+00,7.430859e+00,-2.608061e+00,-6.993132e-01,-2.480808e-01
-2.094349e+00,7.780555e+00,7.535651e+00,-2.792646e+00,-7.283839e-01,-2.295355e-01
-1.443887e+00,1.104520e+01,7.120204e+00,-3.044426e+00,-5.054729e-01,8.166206e-02
2.351922e+00,9.758472e+00,1.074706e+01,-3.408165e+00,-2.521282e-01,2.976461e-01
3.859500e+00,1.391350e+01,1.371550e+01,-3.482189e+00,-5.585496e-01,5.588615e-01
-5.978337e-02,1.537089e+01,1.100656e+01,-2.936940e+00,-9.501304e-01,7.328406e-01
1.693910e-01,1.047880e+01,1.024239e+01,-2.203375e+00,-4.190051e-01,6.492999e-01
2.173317e+00,1.027198e+01,8.386633e+00,-8.536307e-01,-1.625617e-01,1.265436e-01
1.056363e+00,-7.589830e-01,1.094546e+01,5.874340e-01,-3.289045e-01,-1.443819e-01
2.880837e+00,5.372581e+00,2.646802e+00,1.955685e+00,-6.257920e-02,-3.007309e-01
1.299483e+00,8.710522e+00,8.812015e+00,3.646790e+00,-2.029035e-01,-9.080849e-01
3.635811e+00,4.856928e+00,7.630043e+00,5.112921e+00,-1.391906e-01,-1.047172e+00
4.210470e+00,2.866514e+00,7.469770e+00,5.669337e+00,-2.684926e-01,-1.084757e+00
3.528200e+00,3.961761e+00,9.052113e+00,6.254380e+00,-4.283074e-01,-1.130288e+00
1.884743e+00,5.508347e+00,8.966904e+00,6.733062e+00,-6.557583e-01,-1.198600e+00
1.191518e+00,6.335436e+00,1.001137e+01,7.279174e+00,-2.351456e-01,-1.158684e+00
-1.780857e+00,4.637913e+00,8.690210e+00,7.120404e+00,1.107431e-01,-9.705248e-01
-1.463031e+00,6.845959e+00,5.024328e+00,5.919928e+00,6.043686e-01,-3.452921e-02
-2.279368e+00,6.677602e+00,3.873760e+00,4.745782e+00,9.142079e-01,3.747160e-01
1.472996e+00,-5.941566e+00,-2.243169e+00,2.592674e+00,1.979775e+00,4.853679e-01
2.003709e+01,-2.753739e+00,-5.886554e+00,2.146898e-01,8.977736e-01,4.138508e-01
3.873655e+00,-3.041936e+00,5.231400e+00,-2.340657e+00,-3.162313e+00,-8.873759e-01
-2.894580e+00,-8.276600e+00,1.155556e+01,-4.443332e+00,-3.811088e+00,-1.091895e+00
-3.154553e+01,3.870644e+01,1.467777e+01,-5.444966e+00,5.723002e-01,9.619462e-02
2.492842e+00,8.483677e+00,1.462586e+01,-2.300554e+00,5.154958e+00,1.507457e+00
2.148523e+01,1.591936e+01,1.562908e+01,-2.846012e+00,5.838200e+00,1.299951e+00
1.897443e+01,6.212519e+00,1.002036e+01,-1.692671e+00,1.767085e+00,1.312243e-01
1.383881e+00,1.073846e+01,1.073343e+01,-1.448380e+00,-2.527970e+00,-7.736766e-01
-1.043531e+01,1.562812e+01,8.418591e+00,-1.020389e+00,-2.748523e+00,-6.231226e-01
-7.683240e+00,1.119000e+01,5.390925e+00,-4.160994e-01,-2.752155e-01,3.540435e-02
-1.624697e+00,8.709111e+00,3.836884e+00,-3.256984e-01,1.436048e+00,6.108721e-01
8.506114e+00,6.423578e+00,9.879944e-01,-5.506792e-01,1.076705e+00,3.799559e-01
7.315441e+00,6.198407e+00,4.897404e-02,-7.314200e-01,-3.403271e-02,-4.065274e-02
-4.751511e-01,5.735994e+00,1.351251e+00,-1.243359e+00,-1.852561e+00,-6.323851e-01
-3.894333e+00,4.589704e+00,2.278097e+00,-1.470418e+00,-1.801604e+00,-7.133056e-01
-3.833410e+00,6.264051e+00,4.103673e+00,-1.885407e+00,-7.448616e-01,-2.750873e-01
-2.573629e+00,7.616731e+00,4.916546e+00,-1.993399e+00,-1.629698e-01,-5.441648e-02
3.103560e+00,9.290178e+00,2.933019e+00,-2.198020e+00,2.912289e-01,1.861331e-01
8.061052e+00,9.225865e+00,-2.402800e-01,-2.498405e+00,7.056418e-02,2.205438e-01
1.066641e+01,1.270834e+01,-3.229404e+00,-3.394040e+00,-1.445936e+00,-1.324131e-01
7.410162e+00,2.006295e+01,-1.155398e-01,-4.041783e+00,-2.841175e+00,-3.290117e-01
-4.480405e+00,2.156863e+01,1.318494e+01,-4.583174e+00,-4.618470e+00,-5.695244e-01
-5.583132e+00,2.368921e+01,1.669924e+01,-4.116394e+00,-3.922183e+00,-3.221291e-01
-1.253784e+01,1.199263e+01,1.743589e+01,-1.375596e+00,-1.217833e+00,-2.163166e-01
5.491072e-01,3.046134e+00,1.303334e+01,-5.864195e-01,8.938712e-01,1.779561e-01
5.619852e+00,9.844603e+00,9.141180e+00,5.744542e-01,1.902568e+00,6.136985e-02
4.066910e+00,6.430246e+00,1.045400e+01,2.462691e+00,1.521221e+00,-4.184565e-01
3.649951e+00,2.902942e+00,7.917868e+00,3.914310e+00,1.477876e+00,-4.267969e-01
3.858105e+00,2.622758e+00,8.486925e+00,4.535943e+00,1.513212e+00,-5.790757e-01
3.773322e+00,2.630750e+00,9.318535e+00,5.680891e+00,1.386658e+00,-6.904603e-01
3.792221e+00,3.047071e+00,1.002505e+01,6.528837e+00,1.279966e+00,-6.418453e-01
6.138460e+00,3.583554e+00,1.326931e+01,7.447525e+00,8.788368e-01,-5.727310e-01
6.654523e+00,7.436155e+00,1.080615e+01,7.638800e+00,3.837604e-01,-4.478083e-01
-1.166551e-01,4.107032e+00,7.919427e+00,7.310286e+00,-2.077912e-01,-8.650676e-01
-6.349557e+00,2.219679e+00,5.856316e+00,5.741523e+00,-1.975484e-01,-7.208232e-01
-9.590142e+00,-7.252746e+00,5.251745e+00,2.793356e+00,2.758969e+00,1.320641e-01
4.001358e+00,-7.480252e+00,8.334951e-01,6.080920e-01,3.698250e+00,9.620298e-01
2.388643e+01,3.108229e+01,-1.014366e+00,-3.173517e+00,2.213244e+00,3.949754e-01
2.059185e+01,3.410010e+01,7.163799e+00,-3.713333e+00,5.804830e-01,4.259555e-01
-9.080465e+00,-7.799559e+00,1.671012e+01,-3.972764e+00,-2.078889e+00,-1.200214e+00
-6.873564e+00,2.767747e+00,1.537573e+01,-4.038153e+00,-1.112928e+00,-5.018307e-01
-6.625891e+00,1.593743e+01,1.514287e+01,-2.539102e+00,1.392954e-01,1.044861e-01
-1.674916e+00,1.015049e+01,1.057549e+01,-1.845444e+00,1.531936e+00,4.259478e-01
6.611193e+00,8.276215e+00,7.029054e+00,-1.365102e+00,2.013031e+00,7.238364e-01
8.547947e+00,9.447651e+00,7.073880e+00,-1.275845e+00,1.240168e+00,3.775074e-01
4.031171e+00,1.016617e+01,5.229642e+00,-1.138883e+00,-3.256708e-01,7.571773e-02
1.526377e+00,8.948597e+00,4.624913e+00,-9.997078e-01,-9.489324e-01,-2.074235e-01
-7.290633e-01,7.860000e+00,3.576917e+00,-9.678451e-01,-8.103705e-01,-2.750393e-01
-1.151528e+00,7.904534e+00,3.726609e+00,-1.015381e+00,-7.222211e-01,-2.245017e-01
-7.853729e-01,6.806394e+00,3.330681e+00,-1.110228e+00,-5.885705e-01,-6.544104e-02
-7.424248e-01,6.718378e+00,3.599448e+00,-1.178912e+00,-4.745382e-01,-1.111111e-02
-7.607715e-01,7.539889e+00,5.062858e+00,-1.243120e+00,-2.456277e-01,-1.042737e-02
-1.762584e-01,7.700241e+00,4.452035e+00,-1.285769e+00,-1.195507e-01,5.683626e-02
1.897062e+00,7.748087e+00,1.526997e+00,-1.513405e+00,-8.047699e-03,2.147187e-01
4.119733e+00,8.647228e+00,1.005688e+00,-1.858162e+00,-2.261117e-01,1.792463e-01
3.431955e+00,9.294857e+00,-3.781841e-01,-2.589668e+00,-1.059137e+00,1.103690e-01
4.407253e+00,1.053762e+01,-1.901486e+00,-3.200761e+00,-1.394715e+00,1.464088e-01
6.568591e+00,1.761362e+01,-1.949191e+00,-4.089373e+00,-2.194249e+00,1.044945e-01
1.902118e+00,2.161297e+01,5.687362e+00,-4.492018e+00,-3.342374e+00,-3.440182e-02
-1.029640e+01,2.114461e+01,1.906962e+01,-4.365605e+00,-4.282833e+00,-7.684716e-02
-1.447660e+01,1.849164e+01,1.809988e+01,-3.222269e+00,-2.376289e+00,5.571614e-01
-2.712014e+00,8.281501e-01,1.938405e+01,-2.992898e-01,1.580230e+00,1.222683e+00
6.305576e+00,5.390591e+00,1.022315e+01,2.667886e-01,2.899380e+00,1.245255e+00
9.411130e+00,7.044405e+00,9.368203e+00,2.472789e+00,2.082536e+00,3.850705e-01
6.996517e+00,2.240405e+00,7.564200e+00,3.588971e+00,1.251760e+00,-1.048133e-01
4.528793e+00,1.034941e+00,7.618676e+00,4.670844e+00,5.029097e-01,-5.418485e-01
3.737386e+00,1.987241e+00,9.221762e+00,5.497610e+00,4.806611e-01,-1.017863e+00
3.311816e+00,1.862450e+00,1.040891e+01,6.621295e+00,6.261050e-01,-1.258345e+00
4.252614e+00,2.808737e+00,1.207876e+01,7.159493e+00,7.113789e-01,-1.299663e+00
6.682822e+00,7.146847e+00,1.170983e+01,7.888950e+00,4.294946e-01,-1.234245e+00
5.090320e+00,1.083595e+01,9.906025e+00,7.778439e+00,-3.023715e-01,-1.115825e+00
-6.684392e+00,4.158574e+00,6.592318e+00,6.155841e+00,-7.342581e-01,-1.393715e+00
-1.595928e+01,-4.989399e+00,8.268020e+00,4.559312e+00,5.372890e-01,-9.157131e-01
4.197897e+00,-1.001243e+01,-5.784645e-01,8.385095e-01,3.740150e+00,8.547447e-01
8.129132e+00,-5.286329e+00,3.511721e+00,-2.464199e+00,2.866891e+00,6.597230e-01
2.762855e+01,3.937297e+01,-3.130358e+00,-2.285670e+00,1.380135e+00,9.117007e-01
-3.945134e+00,-3.621063e+00,8.348123e+00,-2.468400e+00,-8.678863e-01,-1.113975e+00
-6.229774e+00,-1.034277e+00,1.595741e+01,-3.654683e+00,-1.589419e-01,-4.479570e-02
-1.696514e+00,1.345327e+01,1.587092e+01,-3.287278e+00,1.228393e+00,9.396544e-02
2.154053e+00,9.949507e+00,6.396035e+00,-1.718981e+00,8.804037e-01,1.957043e-01
3.431567e-01,6.204202e+00,7.032281e+00,-1.636167e+00,7.530850e-01,9.501910e-02
3.073591e+00,1.054855e+01,5.701984e+00,-1.432682e+00,8.527453e-01,2.885309e-01
2.281065e+00,1.023895e+01,5.348956e+00,-1.313874e+00,3.453469e-01,9.910566e-03
2.574290e-01,9.497878e+00,4.430694e+00,-1.220823e+00,-2.530408e-01,1.339280e-02
7.173869e-02,9.378130e+00,3.782435e+00,-1.127784e+00,-1.301938e-01,3.778410e-02
2.073133e+00,9.369364e+00,3.005549e+00,-1.134601e+00,-1.693269e-01,-7.866316e-02
9.444688e-01,8.745470e+00,2.519451e+00,-1.184343e+00,-5.012201e-01,-1.949018e-01
-1.629126e+00,7.733740e+00,2.750000e+00,-1.338329e+00,-7.215600e-01,-1.963069e-01
-8.499143e-01,7.571907e+00,3.475891e+00,-1.458965e+00,-4.649352e-01,-1.497281e-01
4.951922e-01,7.138084e+00,4.199484e+00,-1.603208e+00,-1.889444e-01,-9.361095e-03
1.249314e+00,6.867901e+00,3.240768e+00,-1.796419e+00,-1.887253e-01,8.370505e-02
1.467239e+00,7.803602e+00,1.621834e+00,-2.171451e+00,-4.185832e-01,1.766267e-01
3.901660e+00,8.436628e+00,1.595252e-03,-2.560088e+00,-6.694595e-01,1.412777e-01
3.648492e+00,9.535796e+00,-1.484164e+00,-3.287232e+00,-1.409478e+00,6.411754e-02
3.000152e+00,1.644437e+01,-1.890051e+00,-4.109104e+00,-2.086845e+00,1.094331e-01
-4.491134e+00,2.686838e+01,8.095040e+00,-4.779652e+00,-3.487152e+00,2.623754e-01
-6.549128e+00,1.834347e+01,1.428041e+01,-4.369074e+00,-3.632015e+00,4.567436e-01
-6.642216e+00,2.005950e+01,1.587003e+01,-2.966919e+00,-7.947968e-01,3.362460e-01
3.563070e-01,8.187661e+00,1.662563e+01,-1.163523e+00,5.958467e-01,2.761209e-01
1.108272e+01,8.723154e+00,6.673140e+00,-1.299846e-02,1.684299e+00,9.302108e-02
7.848886e+00,7.872780e+00,8.981786e+00,1.824762e+00,8.551433e-01,-7.735737e-01
3.616177e+00,2.017717e+00,9.316895e+00,3.733457e+00,2.272114e-01,-1.293534e+00
2.794628e+00,1.661663e+00,8.376291e+00,4.464367e+00,4.291269e-01,-1.344622e+00
2.761684e+00,1.639474e+00,1.131474e+01,5.785778e+00,9.323518e-01,-1.588701e+00
3.083947e+00,1.436169e+00,1.118077e+01,6.727926e+00,1.222532e+00,-1.456357e+00
4.505767e+00,2.225207e+00,1.253204e+01,7.842312e+00,1.117627e+00,-1.208323e+00
7.964634e+00,5.593278e+00,1.104403e+01,8.209781e+00,8.200496e-01,-1.009719e+00
3.185765e+00,7.843988e+00,6.861804e+00,7.756307e+00,-5.483177e-01,-8.112921e-01
-6.303303e+00,8.481132e-01,3.839962e+00,6.313615e+00,-8.891420e-01,-1.529407e+00
-1.373896e+01,-1.102182e+01,-1.991989e-01,2.829102e+00,2.423262e+00,-1.522224e-01
-5.691271e-01,-1.357942e+01,-1.262950e+00,-1.424353e-01,3.979272e+00,1.173163e+00
1.294953e+01,2.524641e+01,1.804906e+00,-3.565159e+00,3.289362e+00,8.667993e-01
2.581473e+01,3.640301e+01,3.995148e+00,-1.725311e+00,2.485007e+00,1.491798e+00
-1.004056e+01,-6.628093e+00,1.529151e+01,-3.654247e+00,-1.054689e+00,-1.030966e+00
-9.147952e+00,-2.373908e+00,2.095269e+01,-4.139907e+00,-1.976646e-01,-4.844765e-01
4.500994e+00,1.778111e+01,1.068752e+01,-2.746648e+00,1.050322e+00,8.181002e-01
-2.275593e+00,9.010663e+00,1.137922e+01,-1.906117e+00,6.745421e-01,-1.769574e-01
1.923567e+00,9.820604e+00,6.161059e+00,-1.660820e+00,1.119447e+00,5.013672e-01
4.623075e+00,9.526368e+00,6.328716e+00,-1.395746e+00,6.943498e-01,1.069067e-01
1.463143e+00,1.055292e+01,4.920448e+00,-1.314891e+00,-3.049397e-01,-6.466792e-02
1.038408e-01,9.151542e+00,4.442519e+00,-1.114517e+00,-5.664641e-01,-1.859608e-01
5.882179e-01,8.625479e+00,3.080677e+00,-1.146725e+00,-5.320718e-01,-1.989182e-01
-3.870541e-01,7.474805e+00,3.038225e+00,-1.197557e+00,-6.321018e-01,-2.665040e-01
-1.210289e+00,7.398617e+00,3.272502e+00,-1.390257e+00,-7.491783e-01,-2.733446e-01
-1.286681e+00,7.684170e+00,3.687444e+00,-1.525028e+00,-6.044001e-01,-1.609430e-01
1.229483e+00,7.171601e+00,5.058790e+00,-1.661023e+00,-2.461141e-01,-6.489099e-02
1.810365e+00,6.994381e+00,5.330183e+00,-1.745086e+00,-3.701332e-01,-6.678179e-03
3.998395e-01,6.707309e+00,3.002249e+00,-1.896463e+00,-5.825247e-01,1.210394e-01
2.752637e+00,8.072081e+00,7.710171e-01,-2.164294e+00,-5.425259e-01,3.088536e-01
4.766696e+00,9.059868e+00,-1.307485e+00,-2.725908e+00,-9.050611e-01,2.684875e-01
6.498364e+00,1.273075e+01,-1.920184e+00,-3.463600e+00,-1.564085e+00,1.645372e-01
3.980453e+00,2.237061e+01,1.243365e+00,-4.243428e+00,-3.034951e+00,-8.216767e-03
-3.800648e+00,2.237332e+01,1.116873e+01,-4.337477e+00,-4.043901e+00,-1.973941e-01
-8.798721e+00,1.989213e+01,1.760787e+01,-3.417051e+00,-2.562736e+00,2.845677e-01
-5.176693e+00,9.714117e+00,1.637023e+01,-2.036654e+00,-9.781124e-01,3.848330e-01
3.379560e+00,3.289010e+00,1.434901e+01,-2.238287e-01,1.429713e+00,2.876392e-01
9.038805e+00,8.912566e+00,7.138443e+00,6.432420e-01,1.524734e+00,-8.531171e-02
5.301787e+00,4.031953e+00,8.329831e+00,2.761682e+00,7.470900e-01,-1.233691e+00
4.578323e+00,2.202813e+00,7.199880e+00,3.930369e+00,5.111027e-01,-1.379040e+00
3.877337e+00,1.998205e+00,7.912818e+00,5.031864e+00,7.941740e-01,-1.814994e+00
3.681616e+00,1.984596e+00,9.619881e+00,5.823838e+00,1.072391e+00,-1.900300e+00
3.942014e+00,3.426143e+00,1.034413e+01,6.860830e+00,1.372740e+00,-1.754858e+00
4.812218e+00,4.155023e+00,1.311946e+01,7.521055e+00,1.414862e+00,-1.545060e+00
5.978059e+00,1.327781e+01,9.545689e+00,7.918386e+00,9.167109e-01,-5.968121e-01
3.504165e+00,9.655101e+00,8.618733e+00,7.653487e+00,4.494208e-01,-5.051568e-01
-9.925165e+00,-2.639135e+00,7.429648e+00,5.415776e+00,1.331513e+00,-5.148891e-01
3.375025e+00,-1.113231e+01,-4.996125e+00,3.442525e+00,2.787010e+00,1.407396e-01
6.511587e+00,-6.026502e+00,7.168865e-01,-1.307326e+00,2.119384e+00,6.642771e-01
9.429191e+00,2.759256e+01,3.093480e+00,-3.821675e+00,5.911391e-01,2.050400e-01
-2.073136e+00,1.475295e+01,7.118598e+00,-2.684905e+00,-2.103996e+00,-1.079192e+00
-1.341467e+01,-6.945988e+00,1.257373e+01,-3.390380e+00,-2.065068e+00,-1.316292e+00
-4.924363e+00,5.790315e+00,1.825603e+01,-3.623439e+00,1.083049e+00,4.021258e-01
2.462617e+00,1.716925e+01,1.318483e+01,-2.734199e+00,2.237511e+00,8.976855e-01
2.786931e+00,7.954791e+00,9.253965e+00,-1.641995e+00,1.653992e+00,2.880582e-01
5.794606e+00,7.985873e+00,5.703918e+00,-1.597356e+00,1.111305e+00,3.478863e-01
3.113788e+00,1.046000e+01,6.909820e+00,-1.334724e+00,-2.499961e-01,-1.527192e-01
3.537443e-01,1.094138e+01,6.206816e+00,-1.245573e+00,-7.527182e-01,-1.879490e-01
-1.443866e-01,9.347736e+00,4.222170e+00,-1.020172e+00,-6.661988e-01,-1.676645e-01
1.266646e+00,9.183354e+00,2.877515e+00,-9.895070e-01,-5.771601e-01,-1.159262e-01
-9.347743e-01,8.437923e+00,2.410273e+00,-1.036815e+00,-1.018071e+00,-2.119108e-01
-2.813701e+00,7.624426e+00,1.764022e+00,-1.155429e+00,-1.087905e+00,-1.614825e-01
-2.077299e+00,7.304092e+00,2.556907e+00,-1.361966e+00,-7.501040e-01,-8.357636e-02
-1.212561e+00,7.407105e+00,3.562964e+00,-1.499157e+00,-3.604752e-01,1.491867e-02
2.844500e+00,7.484034e+00,3.438931e+00,-1.719458e+00,-1.407344e-01,7.917248e-02
2.644213e+00,6.924414e+00,1.575290e+00,-1.890843e+00,-3.555717e-01,7.270947e-02
3.623126e+00,8.321622e+00,-1.365548e-01,-2.474834e+00,-8.330767e-01,1.310154e-01
3.313178e+00,8.518353e+00,-4.973284e-01,-2.886641e+00,-1.115700e+00,1.109902e-01
5.065664e+00,1.141550e+01,-1.854495e+00,-3.669572e+00,-1.570741e+00,1.767088e-01
8.101853e+00,1.764985e+01,-2.696944e+00,-4.534934e+00,-2.178981e+00,2.826659e-01
-4.589606e+00,2.230290e+01,1.161839e+01,-4.843105e+00,-4.679843e+00,-1.925150e-01
-1.117882e+01,2.089984e+01,1.969286e+01,-4.312691e+00,-3.851950e+00,1.396572e-01
-5.142527e+00,1.108500e+01,1.646430e+01,-2.654583e+00,-9.147511e-01,7.309686e-01
1.903546e+00,2.877368e+00,1.831270e+01,-6.999735e-01,1.153364e+00,6.555210e-01
1.099276e+01,8.396972e+00,7.412308e+00,5.165536e-01,1.745927e+00,2.977321e-01
8.108820e+00,7.490699e+00,8.272144e+00,2.243664e+00,7.579316e-01,-6.879538e-01
4.143919e+00,1.569903e+00,8.100382e+00,4.099260e+00,1.639934e-01,-1.159777e+00
2.477590e+00,8.482244e-01,7.896026e+00,4.862121e+00,3.516209e-01,-1.372766e+00
2.122679e+00,1.333795e+00,1.089647e+01,5.812022e+00,8.989835e-01,-1.615993e+00
2.293925e+00,1.914365e+00,1.120349e+01,6.630936e+00,1.311404e+00,-1.445434e+00
3.453308e+00,3.135170e+00,1.343736e+01,7.812566e+00,1.884118e+00,-1.137714e+00
5.365554e+00,4.338671e+00,1.284512e+01,8.397457e+00,2.070427e+00,-7.824133e-01
6.302691e+00,1.199508e+01,9.517811e+00,7.898064e+00,1.146895e+00,-1.378239e-01
-6.193367e+00,6.167593e+00,6.735710e+00,6.770753e+00,4.996778e-01,-4.400557e-01
-3.622759e+00,-1.002898e+01,-3.873393e+00,3.776870e+00,2.307431e+00,-1.121656e-01
3.560263e+00,-1.100421e+01,-5.612289e+00,1.010454e+00,2.505079e+00,4.546217e-01
7.011154e+00,1.140194e+00,8.450167e+00,-3.049010e+00,8.291139e-01,1.437157e-01
6.016291e+00,2.806800e+01,5.979495e+00,-4.307042e+00,-3.918849e-01,-2.340996e-01
-5.998144e-01,1.613361e+01,4.742614e+00,-1.241592e+00,-1.128835e+00,-9.690088e-01
-1.195915e+01,-2.611729e+00,1.299630e+01,-2.756021e+00,-2.642614e-01,-1.824046e-01
-6.261751e+00,1.171047e+01,1.731343e+01,-3.315365e+00,3.495468e+00,6.514574e-01
1.261944e+01,1.514144e+01,8.020660e+00,-2.302195e+00,3.925772e+00,1.478820e+00
9.325232e+00,4.955086e+00,5.960147e+00,-1.771433e+00,1.709601e+00,1.096181e-01
7.100000e+00,1.114759e+01,3.656019e+00,-2.046165e+00,3.067822e-02,7.299497e-02
1.087575e+00,1.034795e+01,5.586803e+00,-1.645636e+00,-1.432909e+00,-6.755556e-01
-3.088623e+00,1.033356e+01,4.823637e+00,-1.591974e+00,-1.318593e+00,-5.253743e-01
-1.937786e+00,7.805213e+00,3.419396e+00,-1.434754e+00,-2.587897e-01,-1.957034e-01
9.174409e-01,7.274171e+00,3.170602e+00,-1.521899e+00,2.770673e-02,-1.150642e-01
-5.634292e-01,6.460000e+00,3.735677e+00,-1.607487e+00,-3.594945e-01,-1.939427e-01
-1.821265e+00,7.062212e+00,4.397125e+00,-1.694978e+00,-5.081247e-01,-2.554779e-01
-4.746328e-01,7.970326e+00,6.062946e+00,-1.725915e+00,2.114941e-03,-6.511474e-02
2.472166e+00,7.766167e+00,6.636834e+00,-1.692913e+00,2.085409e-01,2.935457e-02
2.288902e+00,7.562583e+00,3.687968e+00,-1.747089e+00,-9.568354e-02,9.158140e-02
1.455012e+00,7.646564e+00,2.970154e+00,-1.903555e+00,-5.716799e-01,8.543039e-02
1.845876e+00,9.149179e+00,1.754635e+00,-2.374843e+00,-1.015965e+00,6.666123e-02
2.487073e+00,1.006625e+01,-7.157868e-01,-2.780620e+00,-1.251209e+00,1.339822e-01
6.904245e+00,1.511693e+01,-2.330951e+00,-3.554071e+00,-1.484567e+00,2.407850e-01
8.047601e+00,2.158871e+01,-7.876011e-01,-4.268753e+00,-2.345462e+00,5.881721e-02
-4.111946e+00,1.850194e+01,1.398264e+01,-4.419236e+00,-4.810057e+00,-5.090238e-01
-9.139354e+00,2.044841e+01,1.845117e+01,-3.950872e+00,-3.875057e+00,-4.425490e-01
-8.342219e+00,7.638464e+00,1.699133e+01,-1.766579e+00,-9.481895e-01,-5.863747e-02
2.401143e+00,5.846007e+00,1.257070e+01,-6.650261e-01,1.560580e+00,2.897330e-01
7.843017e+00,9.459699e+00,8.338405e+00,1.349712e+00,2.012440e+00,-4.302374e-01
5.449516e+00,4.162338e+00,9.997419e+00,2.765528e+00,1.644111e+00,-9.155595e-01
4.540453e+00,2.559835e+00,8.284321e+00,4.042316e+00,1.546110e+00,-7.268050e-01
3.848875e+00,2.543271e+00,9.792729e+00,5.031170e+00,1.641491e+00,-9.844621e-01
4.148599e+00,1.503008e+00,1.115165e+01,6.490739e+00,2.012912e+00,-8.471888e-01
6.069207e+00,2.133235e+00,1.255348e+01,7.277135e+00,2.025258e+00,-7.196750e-01
8.482923e+00,3.422086e+00,1.339594e+01,8.220266e+00,1.404902e+00,-4.868974e-01
9.913016e+00,9.565903e+00,1.003373e+01,8.403275e+00,2.825149e-01,-4.381794e-02
-2.227470e+00,2.604323e+00,4.778150e+00,7.192392e+00,-8.122124e-01,-1.144281e+00
-1.599534e+01,-4.093285e-01,1.054020e+01,5.271899e+00,-1.864544e-02,-1.066230e+00
1.411143e-01,-1.177899e+01,-4.969896e+00,2.484018e+00,3.043110e+00,7.701574e-01
4.079368e+00,-8.109415e+00,-1.000690e+00,-9.879245e-01,3.265069e+00,9.689217e-01
1.380095e+01,1.426757e+01,4.359694e+00,-3.020008e+00,8.424697e-01,6.546696e-01
1.831281e+01,3.354544e+01,-2.336618e-01,-1.484568e+00,-6.702002e-01,-1.407307e-01
-3.366093e+01,-5.089916e+00,1.483029e+01,-4.422290e+00,-2.313618e+00,-1.236766e+00
-1.043648e+01,2.933807e+00,1.433240e+01,-4.548244e+00,1.038363e+00,7.679028e-02
1.275324e+00,9.648548e+00,1.772994e+01,-2.462683e+00,2.322249e+00,-4.608049e-01
5.872996e+00,6.730213e+00,9.726839e+00,-2.472274e+00,2.179142e+00,-5.864405e-03
7.251231e+00,1.267544e+01,6.759225e+00,-1.940219e+00,1.486822e-01,8.791527e-03
-4.349987e-01,1.191304e+01,6.778110e+00,-1.694875e+00,-8.559438e-01,-4.543960e-01
-2.313455e-02,1.050721e+01,4.446804e+00,-1.441952e+00,-2.952057e-01,4.722596e-03
1.988812e+00,8.575594e+00,4.243501e+00,-1.403139e+00,-1.600737e-01,-1.713280e-02
1.646874e+00,5.372078e+00,5.639722e+00,-1.264887e+00,-8.243798e-01,-1.817985e-01
-7.370924e-01,4.980777e+00,5.521540e+00,-1.253073e+00,-9.337888e-01,-1.846006e-01
-1.153640e+00,5.160480e+00,4.501159e+00,-1.241703e+00,-8.726070e-01,-3.411918e-01
-7.201813e-01,5.550566e+00,3.097373e+00,-1.317085e+00,-8.634928e-01,-3.940926e-01
-5.901016e-02,6.715979e+00,3.628247e+00,-1.832431e+00,-1.047296e+00,-4.839105e-01
-1.061528e+00,7.166068e+00,4.098034e+00,-1.903824e+00,-1.080754e+00,-3.946851e-01
2.482362e-01,8.011593e+00,2.744467e+00,-2.194917e+00,-7.077331e-01,-5.321446e-02
2.151493e+00,7.743283e+00,2.492687e+00,-2.557480e+00,-5.342334e-01,-1.546299e-01
2.488831e+00,5.198243e+00,1.002187e+01,-2.687835e+00,-1.096700e+00,-4.918592e-01
3.097362e+00,5.288889e+00,1.237652e+01,-2.674123e+00,-1.288032e+00,-5.076974e-01
2.273946e+00,2.505834e+00,1.341978e+01,-2.050424e+00,-1.665821e+00,-7.459179e-01
2.164660e+00,1.222583e+00,1.241774e+01,-1.797489e+00,-1.611699e+00,-8.959880e-01
4.141426e+00,1.191146e+00,1.289591e+01,-1.217418e+00,-1.391014e+00,-1.734699e+00
5.321933e+00,2.973866e+00,1.194851e+01,-1.019719e+00,-1.467414e+00,-2.068643e+00
5.333075e+00,2.304092e+00,1.067249e+01,-3.473133e-01,-2.029973e+00,-3.079981e+00
5.391195e+00,2.810569e+00,1.003139e+01,-1.053913e-01,-2.327724e+00,-3.478440e+00
5.780000e+00,3.290387e+00,1.028626e+01,2.473365e-01,-2.738208e+00,-4.016831e+00
5.717750e+00,3.257750e+00,9.813251e+00,3.827401e-01,-2.946644e+00,-4.201866e+00
4.889194e+00,2.373244e+00,9.134780e+00,5.607487e-01,-3.649847e+00,-4.597077e+00
4.110660e+00,2.790936e+00,8.861213e+00,6.219032e-01,-3.886406e+00,-4.622109e+00
3.037759e+00,2.640955e+00,9.016979e+00,6.144444e-01,-4.013821e+00,-4.563813e+00
1.965514e+00,3.210672e+00,8.806383e+00,5.783208e-01,-3.992947e+00,-4.423557e+00
6.475137e-01,3.882113e+00,7.519378e+00,4.352426e-01,-3.662226e+00,-4.096679e+00
1.219777e+00,4.878991e+00,6.621271e+00,3.087617e-01,-3.329659e+00,-3.798999e+00
2.393682e+00,4.290856e+00,6.470086e+00,2.436732e-01,-3.073768e+00,-3.660242e+00
3.410362e+00,4.701678e+00,6.611875e+00,7.410083e-02,-3.164010e+00,-3.597293e+00
3.332756e+00,5.231181e+00,7.281057e+00,-1.579242e-02,-3.672690e+00,-3.593214e+00
1.965095e+00,4.787044e+00,7.153082e+00,-1.014543e-01,-3.895065e+00,-3.572031e+00
-7.409605e-01,4.676375e+00,8.662277e+00,-3.063662e-01,-3.807536e+00,-3.472911e+00
-4.460727e+00,9.061748e+00,8.674376e+00,8.719113e-02,-3.452782e+00,-3.224537e+00
-7.914696e+00,1.050914e+01,9.065958e+00,1.469791e+00,-1.814342e+00,-2.283626e+00
-4.326632e+00,1.084283e+01,5.148688e+00,2.034067e+00,-9.284363e-01,-1.371341e+00
-9.106896e+00,2.927291e+00,4.842591e+00,7.212889e-01,-3.137124e-01,-5.682458e-01
-4.744214e+00,1.810184e+01,3.875561e+00,-4.700305e-01,9.583731e-01,1.116111e-01
-1.803657e+00,5.141576e+00,1.763707e+00,9.670669e-01,2.690383e+00,2.666174e-01
1.947615e+00,7.079846e+00,4.902461e+00,4.573096e-01,2.669769e+00,4.052021e-01
7.785853e+00,6.572140e+00,4.102444e+00,3.560068e-01,1.892132e+00,3.508846e-02
1.101003e+01,9.784939e+00,-1.100000e-01,1.262074e-01,3.901030e-01,-4.882036e-01
-7.337321e-01,8.183815e+00,2.525804e+00,-5.549177e-02,-1.224549e+00,-1.140756e+00
-4.738912e+00,7.841049e+00,2.852629e+00,-3.138000e-01,-1.373886e+00,-1.053396e+00
-6.644780e+00,9.524376e+00,3.399798e+00,-5.013566e-01,-2.177175e-01,-5.008705e-01
-2.806841e+00,9.458162e+00,3.865478e+00,-5.101720e-01,4.166754e-01,-2.037985e-01
2.596411e+00,8.686544e+00,3.704570e+00,-6.134287e-01,1.776316e-01,-1.933846e-01
4.540615e+00,9.272879e+00,3.308407e+00,-7.073122e-01,-5.228537e-01,-3.854772e-01
1.078084e+00,8.712320e+00,3.510079e+00,-8.600863e-01,-1.350057e+00,-6.994651e-01
4.717924e-01,9.587048e+00,3.065839e+00,-9.803137e-01,-1.539494e+00,-8.324798e-01
-1.585376e+00,9.299822e+00,4.099605e+00,-9.716792e-01,-1.559417e+00,-9.906033e-01
-2.793729e+00,7.955233e+00,5.015848e+00,-1.029269e+00,-1.175782e+00,-7.635393e-01
-1.955159e+00,8.343516e+00,5.981124e+00,-1.033924e+00,-6.017030e-01,-5.376305e-01
2.523597e-01,8.598819e+00,6.292943e+00,-1.001190e+00,-3.673906e-01,-4.266667e-01
1.126144e+00,7.710539e+00,5.920180e+00,-9.890500e-01,-5.455223e-01,-4.315889e-01
7.979393e-01,7.989353e+00,6.488943e+00,-9.539929e-01,-7.254911e-01,-4.835539e-01
6.050647e-02,8.045652e+00,6.324710e+00,-9.080488e-01,-7.924893e-01,-4.708053e-01
-4.171627e-01,7.579701e+00,5.597688e+00,-8.904449e-01,-8.128905e-01,-4.526644e-01
-1.866106e+00,6.982794e+00,4.975221e+00,-1.001918e+00,-7.299120e-01,-3.215534e-01
-1.166089e+00,7.642889e+00,4.126644e+00,-1.139725e+00,-5.597081e-01,-2.679623e-01
3.549488e+00,8.926733e+00,1.243798e+00,-1.476147e+00,-7.085231e-01,-4.091561e-01
6.104136e+00,9.017386e+00,-2.621980e-01,-1.901635e+00,-1.266235e+00,-6.985504e-01
8.939188e+00,9.151279e+00,-3.194674e+00,-3.036726e+00,-2.847552e+00,-1.124250e+00
9.291670e+00,1.208326e+01,2.762437e+00,-3.513593e+00,-3.723493e+00,-1.459863e+00
4.105471e+00,1.410262e+01,1.238011e+01,-4.145038e+00,-5.120493e+00,-2.203852e+00
-6.473305e-01,1.708908e+01,1.752983e+01,-3.603247e+00,-4.962608e+00,-2.247541e+00
-5.299574e+00,8.749072e+00,1.550630e+01,-1.827258e+00,-3.076840e+00,-2.474056e+00
-2.322443e+00,2.872551e+00,1.392076e+01,-1.233994e+00,-1.223128e+00,-2.101018e+00
3.648898e+00,7.964437e+00,7.862773e+00,1.293587e-01,-3.185119e-01,-2.331983e+00
5.224196e-01,7.295335e+00,9.652224e+00,1.358870e+00,2.915392e-01,-2.276595e+00
1.599554e+00,4.745755e+00,8.451652e+00,2.630500e+00,1.379491e+00,-1.733775e+00
2.114842e+00,4.760127e+00,8.894144e+00,3.678573e+00,1.913906e+00,-1.473637e+00
2.513330e+00,4.182525e+00,9.375865e+00,5.002923e+00,2.369321e+00,-1.014172e+00
3.443862e+00,4.998317e+00,9.038823e+00,5.808343e+00,2.360885e+00,-7.073408e-01
7.800281e+00,4.327403e+00,1.025152e+01,6.787731e+00,1.485616e+00,-2.631227e-01
1.182245e+01,5.857552e+00,8.839387e+00,6.842366e+00,2.214692e-01,-1.794923e-01
2.787848e+00,4.452829e+00,6.136746e+00,6.306096e+00,-1.722736e+00,-8.591360e-01
-6.639173e+00,2.501472e+00,5.001011e+00,4.731428e+00,-1.659177e+00,-1.202320e+00
-1.281853e+01,-6.155009e+00,3.312435e+00,2.078968e+00,1.609119e+00,-3.101885e-01
-7.227411e+00,-7.332621e+00,4.902600e+00,-5.572403e-01,3.420755e+00,7.668186e-01
1.109018e+01,1.684244e+01,3.890788e+00,-2.727368e+00,4.336300e+00,2.175941e+00
1.266338e+01,1.532083e+01,6.051364e+00,-2.880886e+00,1.558790e+00,1.521100e-01
6.333767e+00,-1.065487e+00,9.091075e+00,-2.780540e+00,-1.383502e+00,-5.543971e-01
-3.674900e-01,9.303032e+00,1.000386e+01,-2.102915e+00,-2.083735e+00,-6.079803e-01
-1.060261e+01,1.358939e+01,1.065146e+01,-1.426613e+00,-1.166700e+00,-4.709981e-01
-8.892135e+00,9.257970e+00,7.543199e+00,-9.210507e-01,8.364434e-01,4.322020e-01
3.735146e+00,9.607401e+00,4.890391e+00,-8.553136e-01,1.477682e+00,5.589462e-01
8.993662e+00,1.156796e+01,3.739896e+00,-7.610621e-01,3.879545e-01,1.584485e-01
1.927479e+00,9.850656e+00,4.636044e+00,-7.044796e-01,-1.225465e+00,-3.358765e-01
-1.717206e+00,9.951441e+00,5.143681e+00,-6.916033e-01,-1.735019e+00,-4.416930e-01
-4.083445e+00,9.518927e+00,3.888789e+00,-6.169659e-01,-1.051617e+00,-2.575138e-01
-2.434008e+00,8.259283e+00,2.971575e+00,-6.844252e-01,-6.536454e-01,-9.843062e-02
-8.785439e-01,7.832029e+00,3.001861e+00,-8.310029e-01,-5.858182e-01,-6.929346e-03
-7.675803e-01,7.695100e+00,3.543829e+00,-9.052168e-01,-5.016918e-01,5.990356e-03
9.585738e-01,7.872015e+00,3.680120e+00,-1.014367e+00,-3.610704e-01,5.063642e-02
1.288029e+00,7.372559e+00,2.687977e+00,-1.135937e+00,-3.675456e-01,1.303648e-01
1.013151e+00,7.452732e+00,1.548361e+00,-1.443255e+00,-3.939976e-01,2.306369e-01
2.472459e+00,9.156488e+00,7.857285e-01,-1.787748e+00,-5.491671e-01,1.821745e-01
2.983320e+00,9.729130e+00,2.330567e-01,-2.241539e+00,-1.120390e+00,5.277949e-02
3.017483e+00,9.551609e+00,3.858046e-01,-2.546994e+00,-1.378142e+00,6.342439e-02
4.307676e+00,1.189923e+01,-1.673234e+00,-3.039098e+00,-1.866566e+00,-2.598803e-02
4.095247e+00,1.362286e+01,-1.975725e+00,-3.609174e+00,-2.715066e+00,-2.850237e-01
-1.675827e+00,1.644451e+01,8.078366e+00,-4.147237e+00,-3.602186e+00,-4.460125e-01
-5.982589e+00,2.273638e+01,1.484823e+01,-3.584830e+00,-3.030238e+00,-5.106428e-01
-7.946215e+00,1.464715e+01,1.464094e+01,-1.364910e+00,-6.131954e-01,-5.755750e-02
4.601201e-01,4.275700e+00,1.316667e+01,-1.001018e+00,7.990926e-01,1.635533e-02
5.364636e+00,8.896422e+00,9.438126e+00,1.883200e-01,1.239600e+00,-5.738621e-02
3.423705e+00,9.059899e+00,9.877816e+00,1.419479e+00,1.129859e+00,-2.834783e-01
1.080395e+00,5.519657e+00,8.580786e+00,2.856184e+00,1.661082e+00,-4.217485e-01
2.098669e+00,4.197383e+00,8.644944e+00,3.837601e+00,2.195009e+00,-4.707223e-01
4.291758e+00,4.792675e+00,9.427605e+00,4.890747e+00,2.182884e+00,-4.404935e-01
5.449715e+00,4.160256e+00,9.835994e+00,5.847494e+00,1.807362e+00,-3.420793e-01
6.451308e+00,3.705959e+00,1.113421e+01,6.889945e+00,7.906747e-01,-3.543870e-01
6.238172e+00,4.294785e+00,1.271136e+01,7.289314e+00,8.133248e-02,-4.449262e-01
2.758497e+00,4.442114e+00,1.070893e+01,7.179718e+00,-3.956600e-02,-7.004372e-01
-2.437149e+00,4.681908e+00,9.131312e+00,6.002416e+00,7.774341e-02,-6.573199e-01
-1.233785e+01,7.962491e-01,7.812794e+00,3.265856e+00,2.561212e+00,1.108598e-01
-3.654893e+00,-6.327665e+00,5.083228e+00,8.621885e-01,3.739530e+00,7.407422e-01
6.145606e+00,3.528501e+00,7.190083e+00,-2.377866e+00,3.007443e+00,5.405458e-01
2.012294e+01,2.551577e+01,-2.143199e+00,-2.333563e+00,2.382620e+00,1.435381e+00
3.560912e+00,1.687397e+00,5.800648e+00,-2.550928e+00,-1.104041e+00,-1.324036e+00
-4.833447e+00,-6.659941e-01,1.190209e+01,-3.155405e+00,-8.893616e-01,-7.813254e-01
-2.918124e+00,1.203099e+01,1.254434e+01,-2.473715e+00,3.686539e-01,1.795202e-01
-2.170216e-01,1.467463e+01,6.049971e+00,-1.492588e+00,5.007119e-01,-2.088456e-01
-2.272686e+00,6.757702e+00,6.466007e+00,-1.254571e+00,8.548088e-01,1.772955e-01
6.457675e-01,1.011721e+01,4.957513e+00,-1.146473e+00,1.010676e+00,2.389173e-01
3.535819e+00,9.645679e+00,4.082509e+00,-1.057564e+00,3.036290e-01,-8.451579e-02
2.898262e+00,9.995471e+00,4.163082e+00,-1.086449e+00,-2.741099e-01,-1.343298e-01
1.643044e+00,1.040404e+01,4.403086e+00,-1.010465e+00,-6.769128e-01,-2.935983e-01
6.778326e-01,1.124952e+01,3.853113e+00,-9.051981e-01,-8.993273e-01,-3.368191e-01
-2.281382e+00,8.631000e+00,3.576853e+00,-8.299627e-01,-8.908800e-01,-4.180448e-01
-1.887832e+00,8.725254e+00,2.940214e+00,-9.312836e-01,-7.453041e-01,-2.815483e-01
-8.101406e-01,8.680141e+00,3.077478e+00,-1.037220e+00,-4.997829e-01,-1.524660e-01
-3.122262e-01,8.227363e+00,3.793150e+00,-1.112313e+00,-3.752010e-01,-4.022974e-02
3.266356e-01,8.274908e+00,2.517408e+00,-1.210901e+00,-1.162811e-01,1.064564e-01
9.013024e-01,7.332913e+00,7.746157e-01,-1.415520e+00,1.515382e-02,2.219729e-01
3.579754e+00,9.418556e+00,-4.733515e-01,-1.911028e+00,-3.213770e-01,1.279355e-01
4.504807e+00,1.027125e+01,-6.649052e-01,-2.345814e+00,-9.880280e-01,-8.120708e-02
2.775229e+00,8.834502e+00,7.018027e-01,-2.834091e+00,-1.522565e+00,-9.145906e-02
3.548137e+00,1.110790e+01,-1.025635e+00,-3.257409e+00,-1.876197e+00,-2.979784e-02
2.395197e+00,1.273388e+01,-8.388761e-03,-3.778856e+00,-2.557111e+00,-3.485252e-01
-8.833070e-01,1.522947e+01,5.734370e+00,-4.423707e+00,-3.199139e+00,-5.296288e-01
-5.864679e+00,2.426166e+01,1.557210e+01,-3.738106e+00,-2.813641e+00,-3.459719e-01
-7.131333e+00,1.879099e+01,1.523800e+01,-1.841365e+00,-1.441072e+00,-1.090262e-01
2.105480e+00,4.206309e+00,1.308791e+01,-9.176515e-01,8.164211e-01,-9.937415e-02
6.918062e+00,7.506710e+00,9.341417e+00,-1.586167e-01,9.435187e-01,-2.750813e-01
4.127500e+00,7.133154e+00,9.346416e+00,1.703396e+00,3.495380e-01,-8.489143e-01
7.140069e-01,4.843048e+00,8.042702e+00,2.760767e+00,6.406476e-01,-9.727713e-01
8.227410e-01,3.063718e+00,8.012563e+00,4.053071e+00,1.536121e+00,-1.113126e+00
2.107960e+00,3.273088e+00,9.049093e+00,4.761265e+00,1.865383e+00,-1.038317e+00
4.268004e+00,4.529381e+00,9.864209e+00,6.037847e+00,1.748973e+00,-7.111451e-01
6.060631e+00,4.485198e+00,1.086023e+01,6.725957e+00,1.371271e+00,-5.847595e-01
6.327173e+00,4.701689e+00,1.283327e+01,7.516647e+00,5.285553e-01,-5.445592e-01
6.305291e+00,5.312913e+00,1.147296e+01,7.525057e+00,7.957668e-02,-5.335059e-01
-1.158592e+00,4.706062e+00,8.843413e+00,5.859485e+00,-6.367249e-01,-4.243334e-01
-1.102927e+01,5.346355e-01,9.374089e+00,3.863125e+00,6.742681e-01,-3.680512e-01
-9.905539e+00,-1.094453e+01,6.593611e+00,-1.756622e-01,3.756628e+00,9.991606e-01
5.862849e+00,6.352529e+00,9.297946e+00,-2.168413e+00,4.005514e+00,1.121406e+00
2.761078e+01,3.047282e+01,-3.670573e+00,-1.446021e+00,1.537449e+00,5.100695e-01
5.175029e+00,-2.019408e+00,5.372273e+00,-2.290443e+00,-1.930669e+00,-1.801996e+00
-7.625647e+00,1.290411e+00,1.303246e+01,-2.984035e+00,-1.274747e+00,-4.765506e-01
-7.732997e+00,1.377067e+01,1.239457e+01,-2.218662e+00,1.134024e-01,-8.372007e-03
-1.391684e+00,1.049142e+01,4.583186e+00,-1.123233e+00,1.135116e+00,1.518947e-01
-5.519756e-01,7.168342e+00,3.948235e+00,-1.190925e+00,1.358639e+00,4.695399e-01
3.529816e+00,1.031830e+01,2.188579e+00,-1.060950e+00,7.228787e-01,1.252015e-01
3.518181e+00,9.633853e+00,2.643688e+00,-1.220989e+00,-2.030832e-01,-1.507112e-01
5.945104e-01,9.063670e+00,3.750046e+00,-1.270096e+00,-5.627317e-01,-1.880973e-01
1.242644e+00,9.467233e+00,3.284288e+00,-1.357894e+00,-6.027710e-01,-1.931476e-01
1.861077e+00,9.361538e+00,1.929383e+00,-1.465025e+00,-9.008887e-01,-2.868123e-01
-1.170281e-01,1.000862e+01,1.801096e+00,-1.572803e+00,-1.215899e+00,-3.383989e-01
-3.019253e+00,9.288170e+00,4.435667e+00,-1.541447e+00,-1.131251e+00,-2.972650e-01
-1.143626e+00,8.719119e+00,5.626916e+00,-1.496338e+00,-6.573704e-01,-1.563548e-01
2.199688e+00,9.226062e+00,5.215779e+00,-1.428271e+00,-4.052466e-01,7.270627e-02
2.113757e+00,8.843646e+00,2.885154e+00,-1.491305e+00,-4.561285e-01,1.498119e-01
2.757599e+00,8.628726e+00,-4.382524e-01,-1.820592e+00,-7.236006e-01,1.393073e-01
3.617260e+00,1.035619e+01,-2.934872e-01,-2.256855e+00,-1.130511e+00,3.761334e-02
1.579911e+00,9.800308e+00,-2.976654e-01,-2.722230e+00,-1.330260e+00,1.982316e-01
2.691366e+00,1.042619e+01,-1.239296e+00,-3.097984e+00,-1.228374e+00,3.806452e-01
4.030000e+00,1.371496e+01,-2.459717e+00,-3.715527e+00,-1.899679e+00,1.484236e-01
1.282313e+00,1.581552e+01,2.742615e+00,-4.286443e+00,-2.865699e+00,-1.298372e-01
-8.036294e+00,2.404642e+01,1.451115e+01,-3.922722e+00,-2.861910e+00,-8.538427e-02
-7.675761e+00,1.768878e+01,1.570505e+01,-2.090686e+00,-1.373844e+00,5.621135e-01
-4.074074e-02,7.716344e+00,1.245942e+01,-1.212664e+00,9.225971e-01,6.020867e-01
3.896947e+00,1.203400e+01,9.539053e+00,-7.640348e-03,1.346705e+00,7.086078e-01
1.924282e+00,6.896011e+00,1.149133e+01,2.157569e+00,1.304869e+00,3.854378e-01
1.537025e+00,4.119703e+00,9.034589e+00,3.326857e+00,1.496722e+00,2.133191e-01
2.769204e+00,2.115446e+00,8.740573e+00,4.427398e+00,1.774282e+00,-7.988255e-02
4.423062e+00,1.991958e+00,9.189448e+00,5.281913e+00,1.754617e+00,-1.570209e-01
5.501492e+00,3.072985e+00,9.657014e+00,6.395745e+00,1.102853e+00,-2.517865e-01
5.532242e+00,3.291273e+00,1.099249e+01,7.160446e+00,5.536688e-01,-4.675560e-01
3.513313e+00,4.295113e+00,1.392490e+01,7.797455e+00,1.942372e-02,-6.871368e-01
2.192536e+00,5.919058e+00,1.279569e+01,7.872427e+00,1.362627e-01,-7.484631e-01
-2.713160e+00,6.137885e+00,1.087297e+01,6.277891e+00,3.513168e-01,-5.034366e-01
-9.084909e+00,4.905918e-01,7.469788e+00,4.651320e+00,1.173692e+00,-3.002661e-01
-2.346948e+00,-7.981464e+00,6.075279e+00,9.723696e-01,3.038370e+00,3.193071e-01
4.227032e+00,-8.163975e+00,8.111372e+00,-1.857755e+00,2.742123e+00,4.432774e-01
1.531260e+01,3.152546e+01,6.122025e-01,-1.852155e+00,9.532687e-01,7.878527e-01
1.402754e+01,1.661138e+01,-1.264285e+00,-1.022496e+00,-1.132352e+00,-6.162171e-01
-1.244131e+01,5.214780e-01,9.940394e+00,-2.731503e+00,-1.258081e+00,-6.937993e-01
-1.176842e+01,8.990964e+00,1.088280e+01,-2.699917e+00,1.075733e+00,4.707243e-01
2.780540e+00,1.512422e+01,6.016936e+00,-1.628379e+00,2.179212e+00,1.883987e-01
8.633272e+00,7.477790e+00,2.250018e+00,-1.306754e+00,1.231961e+00,1.669473e-01
2.228215e-01,9.437431e+00,3.320700e+00,-1.616856e+00,2.248705e-01,1.589732e-02
-4.552664e-02,1.124255e+01,3.271163e+00,-1.417874e+00,3.310828e-01,-7.164662e-02
1.112296e+00,9.256340e+00,3.308088e+00,-1.454061e+00,-1.772367e-01,-1.749422e-01
-1.092428e+00,8.634595e+00,3.525712e+00,-1.407376e+00,-2.693482e-01,-1.456332e-01
-1.887370e-01,9.049323e+00,3.825109e+00,-1.378895e+00,1.613824e-01,-2.855104e-02
2.269999e+00,8.932879e+00,3.026136e+00,-1.397714e+00,2.459586e-01,-5.102654e-02
3.805759e+00,8.155097e+00,2.158833e+00,-1.603283e+00,-4.634360e-01,-2.555057e-01
1.045436e+00,8.860452e+00,3.722098e+00,-1.684252e+00,-8.304994e-01,-3.417465e-01
-1.140920e+00,9.929208e+00,6.558864e+00,-1.546187e+00,-6.320639e-01,-2.974450e-01
-4.811754e-01,9.680092e+00,6.605588e+00,-1.373806e+00,-2.656607e-01,-1.722083e-01
7.719218e-01,8.450226e+00,3.808612e+00,-1.321264e+00,8.815377e-02,1.182302e-01
1.163165e+00,8.457227e+00,2.997265e+00,-1.535739e+00,6.894791e-02,2.336053e-01
3.494698e+00,1.139828e+01,9.188650e-01,-1.979242e+00,-5.099540e-01,1.214001e-01
1.669573e+00,1.059691e+01,2.630937e-01,-2.327955e+00,-1.014593e+00,5.223302e-02
3.914078e+00,1.140904e+01,1.130000e+00,-2.804610e+00,-1.185045e+00,1.151925e-01
5.020540e+00,1.413878e+01,-8.135032e-01,-3.153683e+00,-1.670109e+00,9.649278e-02
3.221270e+00,1.320714e+01,-2.486773e+00,-3.719211e+00,-2.757881e+00,-2.539250e-01
-8.391363e-01,1.112819e+01,3.538481e+00,-4.340238e+00,-3.674772e+00,-4.272565e-01
-6.055184e+00,2.511846e+01,1.488873e+01,-4.051887e+00,-3.118826e+00,-2.951377e-01
-1.095940e+01,1.668190e+01,1.577291e+01,-1.974937e+00,-1.662225e+00,-8.504585e-02
-2.462194e+00,3.184648e+00,1.630329e+01,-1.058177e+00,1.343376e+00,4.240569e-01
4.516997e+00,1.186062e+01,9.553439e+00,1.516425e-01,1.654366e+00,2.940687e-01
2.942964e+00,5.955913e+00,1.043075e+01,1.884635e+00,1.648470e+00,-9.082706e-02
3.445865e+00,4.170615e+00,8.086872e+00,3.133381e+00,1.750512e+00,-3.163401e-01
4.379889e+00,3.285301e+00,8.929287e+00,4.237755e+00,1.685554e+00,-6.463899e-01
4.664789e+00,3.742403e+00,8.872954e+00,5.093576e+00,1.423199e+00,-7.006292e-01
4.152938e+00,4.459140e+00,9.462044e+00,6.183830e+00,9.739388e-01,-7.291117e-01
3.759865e+00,4.302790e+00,1.043734e+01,6.840460e+00,7.460201e-01,-7.371608e-01
3.771065e+00,5.744112e+00,1.183856e+01,7.493193e+00,6.539805e-01,-6.538917e-01
4.572173e+00,7.956207e+00,1.251307e+01,7.848520e+00,5.415411e-01,-5.045357e-01
2.691197e+00,7.688794e+00,9.203417e+00,7.250968e+00,4.162928e-01,-5.091141e-01
-4.595697e+00,2.999855e+00,6.599938e+00,5.945662e+00,5.671461e-01,-1.261786e-01
-8.047413e+00,-4.175543e+00,4.122144e+00,3.387003e+00,2.338996e+00,2.637036e-01
-1.272865e-01,-9.394799e+00,9.040451e-01,9.473090e-02,2.988110e+00,7.655002e-01
8.509845e+00,2.116375e+00,7.079096e+00,-3.641881e+00,1.149342e+00,1.726576e-01
2.004179e+01,3.610474e+01,3.660154e-01,-2.141035e+00,6.690181e-02,2.352367e-01
-6.735815e+00,-3.561081e+00,7.072016e+00,-2.324536e+00,-2.776064e+00,-2.214926e+00
-8.051812e+00,8.457111e-01,1.135136e+01,-3.075174e+00,-6.369400e-01,-1.649438e-02
-1.041602e+01,1.129275e+01,1.252799e+01,-2.403988e+00,1.479493e+00,1.030188e-01
-9.337742e-01,1.692527e+01,9.127169e+00,-1.740131e+00,2.703229e+00,4.097760e-01
1.001189e+01,3.713017e+00,1.782451e+00,-1.249688e+00,1.920356e+00,3.260194e-01
7.263122e+00,9.328935e+00,2.131205e+00,-1.578846e+00,5.815539e-01,-4.335481e-02
1.346719e+00,1.124970e+01,3.059064e+00,-1.403310e+00,-8.781977e-01,-5.251079e-01
-1.350361e+00,9.159184e+00,3.207025e+00,-1.401988e+00,-1.035094e+00,-4.876802e-01
-3.384715e+00,8.895377e+00,3.414980e+00,-1.358625e+00,-8.229380e-01,-3.742625e-01
-2.500540e+00,9.058637e+00,3.322045e+00,-1.338655e+00,-1.957875e-01,-1.829764e-01
1.992436e+00,9.558663e+00,1.877719e+00,-1.424643e+00,3.777547e-02,-1.375659e-01
3.114225e+00,8.222464e+00,1.363311e+00,-1.610144e+00,-4.566206e-01,-2.740339e-01
6.376654e-01,8.999272e+00,2.897699e+00,-1.810766e+00,-9.557736e-01,-3.569074e-01
-1.509188e+00,9.362955e+00,5.260011e+00,-1.795631e+00,-9.399660e-01,-3.549766e-01
-1.035179e+00,9.030546e+00,5.342055e+00,-1.655487e+00,-4.224905e-01,-1.174321e-01
-5.798593e-01,8.754525e+00,4.526972e+00,-1.644920e+00,-1.808796e-01,5.275895e-02
1.673225e+00,9.256494e+00,3.025947e+00,-1.808927e+00,-1.483683e-01,1.616635e-01
3.459394e+00,1.001035e+01,2.153880e+00,-2.090569e+00,-5.631906e-01,9.388748e-02
3.334153e+00,1.096241e+01,1.558283e+00,-2.504463e+00,-1.240786e+00,-2.936252e-02
4.095397e+00,1.068200e+01,6.246130e-01,-2.727188e+00,-1.448514e+00,-3.890259e-02
4.240922e+00,1.525565e+01,-2.487378e+00,-3.306169e+00,-2.041360e+00,1.421309e-02
3.152526e+00,1.484753e+01,-2.132521e+00,-3.713684e+00,-2.680298e+00,-1.766141e-01
-3.715402e+00,1.608987e+01,8.218743e+00,-4.538337e+00,-3.598086e+00,-2.973028e-01
-6.472147e+00,2.368488e+01,1.419615e+01,-3.821528e+00,-2.811262e+00,-1.470553e-01
-1.013794e+01,1.603708e+01,1.577109e+01,-1.310067e+00,-5.441722e-01,1.678786e-01
2.048826e+00,5.475840e+00,1.285127e+01,-1.032928e+00,1.229761e+00,2.540602e-01
4.510669e+00,9.115529e+00,1.033155e+01,7.508769e-01,9.789447e-01,-1.361499e-01
2.407445e+00,5.903168e+00,1.058375e+01,2.159226e+00,8.240058e-01,-4.566821e-01
1.615928e+00,3.220503e+00,7.960058e+00,3.694660e+00,1.279290e+00,-6.320201e-01
2.263935e+00,2.355182e+00,8.916578e+00,4.573253e+00,1.653359e+00,-8.103605e-01
3.713717e+00,2.967571e+00,9.271239e+00,5.639950e+00,1.702499e+00,-6.492386e-01
4.140067e+00,3.824776e+00,9.750649e+00,6.451975e+00,1.457993e+00,-5.686516e-01
4.380273e+00,2.870114e+00,1.204110e+01,7.457122e+00,1.015475e+00,-5.539228e-01
5.246168e+00,3.628351e+00,1.405672e+01,7.912128e+00,5.891945e-01,-4.226992e-01
4.938134e+00,8.372211e+00,1.170179e+01,7.796251e+00,1.971865e-01,-3.512863e-01
-3.494629e+00,3.967449e+00,8.057855e+00,6.965414e+00,-9.826184e-02,-5.493198e-01
-1.218037e+01,-3.897991e+00,5.862810e+00,4.087246e+00,1.392697e+00,-1.446796e-01
-6.225725e+00,-9.472551e+00,7.087328e+00,1.110170e+00,3.346861e+00,4.936744e-01
8.288821e+00,-4.873822e+00,9.187080e+00,-2.928675e+00,3.099202e+00,8.045750e-01
1.377523e+01,3.150435e+01,-1.405690e+00,-2.238389e+00,1.891940e+00,8.856275e-01
5.808903e-01,-3.852601e-01,4.400586e+00,-1.170404e+00,-1.425959e+00,-1.809696e+00
-6.737088e+00,-3.161988e+00,1.027385e+01,-2.980739e+00,-5.945025e-01,-3.946414e-01
-5.822273e+00,9.256375e+00,1.212972e+01,-2.665146e+00,9.044828e-01,-2.765618e-02
-1.443260e+00,1.871887e+01,1.065102e+01,-1.942102e+00,1.293601e+00,-3.059400e-01
4.066820e+00,3.221754e+00,3.460154e+00,-1.111409e+00,5.728118e-01,2.771953e-02
1.302392e+00,7.468362e+00,3.637085e+00,-1.388637e+00,2.300911e-01,3.434245e-02
5.648637e-01,1.180749e+01,2.441326e+00,-1.185521e+00,2.767397e-01,-7.034935e-02
8.249342e-01,8.251500e+00,1.154728e+00,-1.336937e+00,-1.643557e-01,-9.054076e-02
-1.792962e+00,8.080629e+00,1.506844e+00,-1.497045e+00,-3.277422e-01,-6.916335e-02
1.194530e-01,8.866143e+00,1.140103e+00,-1.700436e+00,3.432359e-02,5.277541e-02
2.742290e+00,9.813785e+00,-5.773360e-01,-1.999075e+00,1.898914e-02,-1.428527e-02
2.290272e+00,9.042344e+00,-1.056240e+00,-2.328903e+00,-4.170477e-01,-1.880226e-01
-9.474522e-01,8.441699e+00,2.577374e+00,-2.679054e+00,-7.507961e-01,-2.318248e-01
-3.811088e-01,6.542542e+00,5.843282e+00,-2.792790e+00,-4.485743e-01,-2.281548e-01
2.341878e+00,6.194766e+00,6.747654e+00,-2.798041e+00,-3.061015e-01,-9.601377e-02
2.277437e+00,5.609553e+00,9.925127e+00,-2.522920e+00,-3.753998e-01,-1.303323e-01
1.296868e+00,2.446265e+00,1.222464e+01,-2.076111e+00,-2.894066e-01,-5.273992e-02
9.852169e-01,3.810009e+00,1.274565e+01,-1.606683e+00,-1.566913e-01,1.841123e-02
5.832978e-01,8.730533e+00,1.317632e+01,-9.198802e-01,-1.864787e-01,3.506930e-02
-6.208894e-02,1.481222e+01,1.189830e+01,-5.026901e-01,-2.050219e-01,1.255421e-01
2.477035e+00,1.581093e+01,9.089402e+00,-5.005332e-02,7.439409e-02,3.355336e-01
6.863365e+00,1.594077e+01,4.793000e+00,7.634414e-02,-1.356159e-01,2.774109e-01
7.352078e+00,1.651720e+01,8.316315e-01,-2.476907e-02,-2.218755e+00,-2.068172e-01
-3.336156e-01,7.045687e+00,2.587573e+00,-2.008997e-01,-3.087252e+00,-4.869006e-01
-1.615945e+00,1.018530e+01,3.509861e-01,-1.239246e+00,-2.525881e+00,-3.708543e-01
-4.107219e+00,1.560742e+01,3.618662e+00,-1.544114e+00,-2.360377e+00,-4.098191e-01
-5.449865e+00,1.186208e+01,2.001659e+00,-1.889653e+00,-1.032557e+00,-3.370804e-01
-6.432809e+00,9.993145e+00,9.094906e+00,-2.589739e+00,2.557447e-01,-2.814696e-01
1.915289e+00,1.414996e+01,1.187953e+01,-2.517470e+00,1.594769e+00,1.133314e-01
4.778458e+00,1.160039e+01,1.072771e+01,-2.018652e+00,1.426257e+00,2.270407e-01
6.173926e+00,9.121907e+00,1.083679e+01,-1.131703e+00,4.728765e-01,-1.158772e-01
2.225587e+00,4.427313e+00,1.186527e+01,-9.016126e-01,1.012357e-01,-3.841973e-01
1.344694e+00,7.216870e+00,1.075289e+01,-3.211156e-01,4.895509e-01,-2.349089e-01
1.435107e+00,6.634349e+00,1.055178e+01,7.116273e-01,7.719970e-01,-2.488778e-01
1.069460e+00,2.812141e+00,9.435021e+00,1.876208e+00,1.183647e+00,-2.044255e-01
2.009635e+00,3.789172e+00,8.212278e+00,2.682797e+00,1.404683e+00,-6.217188e-02
2.493720e+00,7.677740e-01,9.136403e+00,3.784031e+00,1.494206e+00,-1.225712e-01
3.272152e+00,-1.584679e+00,9.593094e+00,4.642024e+00,1.406043e+00,-6.172637e-02
5.009562e+00,-7.084941e+00,8.159125e+00,5.110535e+00,8.632767e-01,-1.204304e-01
3.326220e+00,-7.679113e+00,8.413527e+00,4.839159e+00,-1.276855e-01,-2.824702e-01
-1.021386e+00,-7.609440e+00,9.850443e+00,4.036853e+00,-8.978014e-01,-3.066768e-01
-5.643658e-01,-8.835470e+00,1.032387e+01,2.903117e+00,-5.375167e-01,-3.300837e-01
1.646096e-01,-6.146629e+00,1.113769e+01,2.400429e+00,6.955158e-02,5.364490e-02
-1.164685e+01,-7.832844e+00,1.578462e+00,1.046895e+00,-7.622152e-01,3.715417e-01
-1.941497e+00,1.260568e+01,1.205462e+01,-1.970951e+00,1.675827e+00,8.242806e-01
-2.023607e+00,-2.599055e+00,5.648276e+00,2.312481e-01,1.068300e+00,6.565855e-01
3.613071e+00,-6.718793e-01,6.443404e+00,-5.808689e-01,1.924634e+00,8.900873e-01
8.180738e+00,1.832966e+01,9.265865e+00,-1.002863e+00,1.439563e+00,1.021180e+00
1.206357e+00,5.581600e+00,4.702911e+00,2.462209e-01,3.531819e-01,1.127651e-02
1.053194e+00,5.291607e+00,4.429522e+00,-1.416013e-01,1.661906e-01,3.585284e-01
1.009107e+00,1.165341e+01,5.561671e+00,-4.775678e-02,-3.711976e-01,1.213744e-01
-1.459777e+00,9.521482e+00,4.945357e+00,1.182251e-01,-4.111658e-01,1.339625e-01
-7.379057e-01,7.960693e+00,3.091368e+00,1.485693e-01,2.661577e-01,3.168844e-01
1.962238e+00,8.367772e+00,2.017586e+00,6.462737e-02,5.622954e-01,3.305615e-01
3.635585e+00,9.115585e+00,6.645055e-01,-2.053929e-01,2.860607e-02,7.411465e-02
2.217429e+00,7.864397e+00,8.807592e-01,-4.240053e-01,-4.530006e-01,-1.996673e-01
2.949074e-02,1.002665e+01,2.873547e+00,-7.497459e-01,-7.630790e-01,-2.500817e-01
-1.880795e-01,8.763515e+00,4.601233e+00,-8.188863e-01,-7.753642e-01,-2.945536e-01
-6.849415e-01,8.400000e+00,6.238501e+00,-6.648876e-01,-4.968490e-01,-1.679601e-01
-7.995586e-02,1.025498e+01,6.683382e+00,-5.999849e-01,-3.441839e-01,-2.452684e-02
-8.300000e-01,1.112273e+01,5.382663e+00,-5.137399e-01,-2.085071e-01,1.577530e-01
-6.823918e-02,1.155909e+01,4.170114e+00,-5.860392e-01,2.165883e-01,3.970719e-01
5.029890e+00,1.307371e+01,2.646111e+00,-8.597509e-01,4.989275e-01,4.908084e-01
7.685075e+00,1.338613e+01,-8.206365e-02,-1.268814e+00,-2.094923e-01,3.959762e-01
7.723500e+00,1.630871e+01,-1.230342e+00,-1.717186e+00,-1.250701e+00,1.579975e-01
4.020738e+00,1.430202e+01,-7.380584e-01,-2.056316e+00,-2.372281e+00,-4.078031e-01
-2.244203e+00,1.120368e+01,4.790730e+00,-2.359315e+00,-3.070852e+00,-7.625986e-01
-1.131586e+01,9.167562e+00,1.005047e+01,-2.483418e+00,-2.040734e+00,-3.726565e-01
-4.196541e+00,8.907667e+00,1.367011e+01,-3.585045e+00,9.968250e-01,7.598947e-01
3.899044e+00,1.178929e+01,1.290751e+01,-3.672904e+00,2.153378e+00,1.039996e+00
7.520000e+00,8.657285e+00,1.105552e+01,-3.092632e+00,1.116067e+00,3.960216e-01
4.116989e+00,-1.268094e+01,2.403643e+01,-1.709286e+00,-8.186241e-02,-2.275143e-01
3.467444e+00,1.019432e+01,3.037332e+00,-3.284054e+00,-1.783140e-01,4.107771e-01
-4.662491e+00,9.753629e+00,1.443338e+01,-7.873808e-01,-3.593278e-01,-1.832910e-01
-3.358938e+00,2.883609e+00,6.670107e+00,4.970284e-01,7.282164e-01,4.269479e-01
-1.875218e+00,4.108689e+00,7.292494e+00,1.274217e+00,1.223177e+00,5.617879e-01
1.320639e+00,1.202474e+00,6.886435e+00,2.779883e+00,1.835937e+00,5.744308e-01
2.653658e+00,8.604818e-03,4.820320e+00,3.543030e+00,1.484160e+00,5.392153e-01
2.368428e+00,-2.066852e+00,7.566329e+00,4.542448e+00,9.465064e-01,3.841030e-01
2.512155e+00,-5.571092e+00,5.137556e+00,5.079779e+00,6.654469e-01,3.164345e-01
-2.062524e-01,-7.939605e+00,7.428586e+00,4.798301e+00,2.285229e-01,-4.423581e-02
-1.326883e+00,-6.997239e+00,8.901454e+00,4.305186e+00,3.415550e-01,-3.306476e-01
3.782862e+00,-5.338889e+00,1.098076e+01,4.154008e+00,6.033361e-01,-3.605526e-01
-5.816846e+00,2.761061e+01,3.138760e+01,1.435700e-01,-7.471646e-01,-2.006976e-01
1.331548e+00,9.850418e+00,8.728758e+00,-4.987735e-01,-2.389746e-01,5.431665e-01
-1.118442e+01,-1.239912e+01,1.721133e+00,1.115626e+00,1.244731e-01,-1.371036e-01
4.757693e+00,1.099528e+01,8.661209e+00,-6.803677e-01,2.586551e+00,1.235379e+00
1.013888e+01,2.763109e+01,1.404006e+01,-2.784416e-01,2.063621e+00,1.352961e+00
1.783237e+00,2.093905e-02,3.705611e+00,5.436829e-01,5.174716e-01,9.037871e-02
4.477461e+00,8.735245e+00,4.707314e+00,-3.613921e-02,1.167027e-01,1.685447e-01
2.971465e-01,1.118973e+01,4.930883e+00,2.249702e-01,-1.070227e+00,-1.787754e-01
-5.559076e+00,8.198727e+00,5.065169e+00,2.486215e-01,-8.829925e-01,-1.037431e-01
-2.202833e+00,7.705700e+00,2.556822e+00,2.721618e-01,4.946493e-01,2.919680e-01
-5.209535e-01,6.062818e+00,3.203951e+00,1.820914e-01,1.017557e+00,1.762851e-02
4.160059e+00,1.001049e+01,2.489682e+00,3.300400e-02,2.465227e-01,1.278400e-01
6.851850e-01,7.292495e+00,2.323457e+00,-1.580116e-01,-3.967925e-01,-2.161271e-02
-1.119066e+00,1.009260e+01,2.882716e+00,-4.375933e-01,-4.364924e-01,-5.984026e-03
-1.673674e+00,8.618210e+00,5.565624e+00,-3.928634e-01,-2.288094e-01,-4.400421e-02
1.351704e+00,9.123706e+00,5.690370e+00,-4.728461e-01,9.647040e-03,1.392896e-01
1.527505e+00,9.616276e+00,5.679149e+00,-4.082880e-01,-1.710731e-01,7.293275e-02
1.103426e+00,1.071012e+01,7.761914e+00,-2.900581e-01,-2.994806e-01,7.412800e-02
9.344962e-01,1.043181e+01,6.814431e+00,-1.700293e-01,-3.359357e-01,1.251169e-01
1.969751e+00,1.109076e+01,5.773191e+00,-3.134154e-02,-2.804108e-01,2.069895e-01
2.932680e+00,1.093449e+01,4.939773e+00,3.186364e-02,-3.472788e-01,2.203576e-01
4.591854e+00,1.048117e+01,2.441219e+00,-6.276643e-02,-8.894491e-01,8.580032e-02
4.868385e+00,1.073751e+01,4.538169e-02,-3.998746e-01,-1.647570e+00,6.500546e-02
6.283320e+00,1.146235e+01,-2.075601e+00,-1.009352e+00,-2.785296e+00,-3.717743e-01
2.265305e+00,7.078792e+00,1.334782e+00,-1.510710e+00,-3.876951e+00,-8.224147e-01
-3.791078e+00,6.969887e+00,5.509149e+00,-2.269965e+00,-4.259682e+00,-1.060354e+00
-1.002333e+01,6.339611e+00,7.319207e+00,-3.418088e+00,-3.238681e+00,-6.536207e-01
-3.164128e+00,8.636343e+00,1.148212e+01,-4.720337e+00,-6.534100e-01,3.472448e-01
8.451185e-01,1.250771e+01,1.081495e+01,-4.381657e+00,2.258797e-01,5.683402e-01
1.856088e+00,8.070545e+00,8.688369e+00,-3.552550e+00,5.512209e-01,7.432446e-01
2.715860e+00,7.741329e+00,6.584249e+00,-2.888624e+00,1.047666e+00,8.112688e-01
4.454768e+00,7.946513e+00,5.798856e+00,-1.430917e+00,1.401679e+00,7.677888e-01
4.268945e+00,7.737124e+00,4.977625e+00,-3.918656e-01,1.172031e+00,7.726947e-01
1.661130e+00,7.705565e+00,5.395747e+00,9.661474e-01,8.499094e-01,8.591591e-01
1.005171e+00,7.341671e+00,5.842037e+00,2.015810e+00,1.040143e+00,1.059949e+00
2.079031e+00,6.298383e+00,6.689233e+00,3.446782e+00,1.331604e+00,1.373319e+00
3.464717e+00,4.724647e+00,7.633098e+00,4.277920e+00,1.182859e+00,1.574232e+00
3.984145e+00,4.540461e+00,9.124410e+00,5.110048e+00,8.442052e-01,1.766404e+00
3.915533e+00,4.477310e+00,1.008431e+01,5.679935e+00,4.853554e-01,1.833710e+00
-1.429933e+00,4.218310e+00,1.172753e+01,6.194752e+00,2.652884e-01,1.818991e+00
-1.594045e+01,4.003920e+00,1.328877e+01,5.982315e+00,1.244620e+00,2.092120e+00
-2.152407e+01,-4.010050e-01,1.836851e+01,5.270863e+00,5.004440e+00,3.567728e+00
-4.524329e+00,-5.681995e+00,1.679958e+01,4.205994e+00,8.557407e+00,4.625560e+00
1.724096e+01,7.372293e-02,9.683905e+00,2.028508e+00,8.160619e+00,3.168000e+00
2.743095e+01,1.522306e+00,2.631820e+00,9.033333e-01,4.195683e+00,5.771136e-01
1.454616e+01,1.535637e+00,3.414611e+00,-4.969861e-01,-1.759160e+00,-2.200161e+00
2.051197e+01,3.563669e+01,7.272168e-01,-8.223229e-01,-3.393534e+00,-1.340753e+00
-2.220165e+01,1.365077e+01,1.029273e+01,2.501438e-01,-3.603760e+00,-3.616703e+00
-1.260088e+01,-8.535655e+00,3.958540e+00,-2.080951e-01,2.425635e+00,-3.913077e-02
4.206120e+00,1.201514e+01,7.205200e+00,-4.105800e-01,4.423996e+00,4.696077e-01
8.334617e+00,2.016033e+01,5.629877e+00,-7.011967e-02,3.234224e+00,6.652684e-01
1.901793e+00,4.314518e+00,2.704737e+00,6.426787e-01,1.069202e+00,-4.211111e-01
3.721280e+00,6.504209e+00,1.753340e+00,2.042605e-01,1.218074e+00,-1.766411e-01
5.454620e+00,1.125124e+01,2.419826e+00,-5.883673e-03,1.004989e+00,-2.487600e-01
3.316239e+00,8.898958e+00,1.672338e+00,-6.480280e-02,2.936843e-01,-5.257899e-01
-2.895676e+00,9.281304e+00,3.746477e+00,-7.335728e-02,-4.319588e-01,-5.988410e-01
-4.062029e+00,1.021274e+01,4.552680e+00,5.475461e-03,1.761060e-01,-4.382573e-01
3.865237e+00,9.801247e+00,2.498192e+00,1.207365e-02,7.028886e-01,-1.897774e-01
2.901468e+00,9.041349e+00,1.768851e+00,2.438848e-02,1.270767e-01,-3.394455e-01
-9.297438e-01,8.037319e+00,1.183581e+00,-1.143398e-01,-3.432804e-01,-3.755941e-01
-1.093892e+00,8.736896e+00,9.647293e-01,-4.014518e-01,-7.329794e-02,-2.162644e-01
8.809789e-01,9.045273e+00,3.233148e-01,-6.959523e-01,6.083549e-02,-1.294563e-01
-1.002983e-01,8.756612e+00,1.306077e+00,-8.893918e-01,2.416218e-02,-1.199471e-01
-1.092059e+00,7.706012e+00,3.727823e+00,-1.117482e+00,2.293544e-01,-3.171862e-03
1.617167e+00,8.559374e+00,3.307613e+00,-1.292720e+00,4.606425e-01,1.348630e-01
4.825168e+00,8.192028e+00,1.049776e+00,-1.541292e+00,1.402802e-01,-3.914184e-02
4.522764e+00,8.776045e+00,1.519777e-01,-2.024019e+00,-6.622460e-01,-1.988671e-01
5.519447e-01,1.163689e+01,1.531816e+00,-2.768533e+00,-1.551356e+00,-2.245853e-01
-3.855443e-01,1.439767e+01,3.578950e+00,-3.145565e+00,-1.627361e+00,8.006613e-02
-4.171913e+00,1.411009e+01,9.327870e+00,-2.601378e+00,-1.143395e+00,3.158690e-01
-4.791070e+00,8.102777e+00,1.208381e+01,-2.094729e+00,-2.588682e-01,1.050727e+00
-4.562301e+00,5.440867e+00,1.300092e+01,-1.536812e+00,9.340707e-01,2.153781e+00
-3.211998e+00,6.712690e+00,1.021209e+01,-9.843516e-01,1.747783e+00,2.855449e+00
8.292536e-01,5.238421e+00,8.056745e+00,7.652747e-01,2.703154e+00,3.609249e+00
2.795069e+00,2.431420e+00,8.176779e+00,1.494665e+00,2.739129e+00,3.530971e+00
1.928296e+00,4.739214e+00,8.340084e+00,2.249046e+00,2.140653e+00,3.581646e+00
-2.596133e+00,4.936032e+00,9.609312e+00,3.037546e+00,1.931306e+00,3.527289e+00
-6.889786e+00,3.896309e+00,1.139560e+01,3.878582e+00,2.807888e+00,3.658861e+00
-8.268860e+00,2.978290e+00,1.262142e+01,4.222278e+00,4.376859e+00,3.994242e+00
-3.712048e+00,1.737615e+00,1.338254e+01,4.161473e+00,6.657016e+00,4.418877e+00
4.458215e-01,2.338120e+00,1.237861e+01,3.712622e+00,7.783684e+00,4.347558e+00
9.087357e+00,5.730777e+00,7.855078e+00,2.900471e+00,6.837660e+00,3.498404e+00
1.292669e+01,6.145109e+00,4.309446e+00,2.408252e+00,4.702396e+00,2.140837e+00
6.132987e+00,-1.849115e+00,4.078154e+00,1.697298e+00,1.569683e+00,-2.732389e-03
3.493541e+00,5.391968e+00,8.362129e+00,-3.740055e-01,-2.600512e-01,-1.402490e+00
4.029766e+00,1.246776e+01,4.566690e+00,-3.726427e-02,-1.473191e+00,7.743648e-02
-6.010231e+00,7.121138e+00,4.206354e+00,-2.424693e-02,-9.178507e-01,-7.364330e-01
-4.214878e+00,9.883843e+00,6.323587e+00,3.656527e-02,1.195831e+00,2.496837e-01
1.162775e+00,7.734988e+00,5.227737e+00,2.671477e-01,1.617922e+00,2.850136e-01
1.005430e+00,7.896226e+00,4.352596e+00,3.232018e-01,1.393405e+00,3.065985e-01
3.302687e+00,8.535978e+00,3.172803e+00,2.925655e-01,1.535712e+00,3.515513e-01
3.239363e+00,9.182731e+00,3.827762e+00,1.375031e-01,1.090574e+00,2.539141e-01
1.970891e+00,8.055031e+00,3.441066e+00,6.289935e-02,5.750505e-01,8.329374e-02
-6.301543e-01,8.419328e+00,3.946279e+00,-5.563835e-02,3.214995e-01,4.674946e-02
-1.759730e+00,8.202399e+00,4.880762e+00,-4.886986e-02,6.582496e-01,1.903976e-01
8.595353e-01,8.726721e+00,4.591690e+00,-7.350237e-02,1.139863e+00,4.091241e-01
1.956498e+00,8.002160e+00,4.223502e+00,-9.904280e-02,1.011263e+00,3.742033e-01
1.249082e+00,8.672926e+00,4.303078e+00,-1.391651e-01,6.867912e-01,3.491287e-01
4.703358e-01,8.665247e+00,4.137293e+00,-1.624344e-01,5.462496e-01,3.406580e-01
6.309245e-03,8.565582e+00,4.336586e+00,-1.816730e-01,5.897844e-01,4.262779e-01
5.687116e-01,8.165281e+00,4.039492e+00,-2.114804e-01,6.712819e-01,4.839596e-01
2.113782e+00,8.353784e+00,3.500271e+00,-3.089662e-01,5.763052e-01,4.718541e-01
2.213412e+00,8.424635e+00,3.166259e+00,-4.518150e-01,2.460760e-01,4.255864e-01
1.090514e+00,8.260255e+00,2.848975e+00,-6.764729e-01,-1.306308e-01,3.925725e-01
8.313313e-01,8.586006e+00,2.377337e+00,-8.274329e-01,-2.590643e-01,4.039790e-01
4.516717e-01,8.897424e+00,2.774575e+00,-1.114007e+00,-3.401138e-01,4.814438e-01
-5.430511e-02,9.641612e+00,3.402928e+00,-1.343685e+00,-2.884716e-01,5.777305e-01
1.058799e+00,9.209150e+00,4.546604e+00,-1.511018e+00,-1.938934e-01,6.952335e-01
1.579036e+00,9.150726e+00,5.032351e+00,-1.677024e+00,-3.854673e-01,7.874008e-01
-2.129277e-01,1.214836e+01,7.350316e+00,-1.595401e+00,-5.439000e-01,7.970052e-01
-1.203850e+00,7.237292e+00,9.346795e+00,-1.113327e+00,-9.621600e-02,6.673124e-01
1.041160e+00,6.444952e+00,9.259936e+00,-8.956926e-01,5.747385e-01,7.849585e-01
1.259872e+00,5.390906e+00,1.038922e+01,-6.657007e-01,7.518323e-01,7.800866e-01
-1.457495e+00,9.513048e+00,7.359941e+00,1.071339e-01,9.342162e-01,1.325036e+00
-6.705571e+00,8.239206e+00,8.354729e+00,1.191705e+00,1.692614e+00,1.428128e+00
-3.688367e+00,5.847172e+00,9.658196e+00,2.114258e+00,3.699845e+00,1.904246e+00
2.720095e+00,6.216030e+00,1.024534e+01,2.716869e+00,4.526654e+00,2.163597e+00
5.742291e+00,5.018111e+00,9.703746e+00,3.263323e+00,4.055274e+00,2.297818e+00
2.176830e+00,3.436724e+00,9.746411e+00,3.592235e+00,3.547595e+00,2.113105e+00
2.150704e+00,4.422817e+00,9.281831e+00,3.850424e+00,3.841787e+00,1.968210e+00
4.210376e+00,4.627022e+00,7.759548e+00,3.837650e+00,3.904925e+00,1.786490e+00
2.248194e+00,-8.165595e+00,9.872568e+00,1.155464e+00,2.152604e+00,9.911515e-01
2.581909e+01,2.653429e+01,-5.883498e-01,-1.941782e+00,1.660935e+00,3.523525e-01
1.057612e+01,8.556216e+00,1.981181e+00,6.775377e-01,-2.651259e+00,-1.291763e+00
-1.794517e+00,7.167696e+00,4.407570e+00,-3.233752e-01,-3.530813e+00,-1.461873e+00
-1.001580e+01,7.633361e+00,7.257334e+00,-2.908813e-01,-1.898632e+00,-8.617166e-01
-5.250802e+00,8.988330e+00,4.331797e+00,-3.055230e-02,1.539508e-01,-1.523291e-01
4.310506e-01,9.319640e+00,5.037396e+00,2.933087e-01,1.044109e+00,2.876056e-02
2.511336e+00,8.647211e+00,3.998544e+00,3.127321e-01,7.773350e-01,4.179973e-02
2.879436e+00,8.203967e+00,3.861845e+00,3.552907e-01,2.322443e-01,-5.500296e-02
-1.136785e+00,8.833006e+00,3.770135e+00,3.078990e-01,-2.232021e-02,-3.747882e-02
-3.241868e+00,9.260117e+00,3.201518e+00,2.881795e-01,7.279639e-01,2.260300e-01
-1.398015e+00,9.428304e+00,2.950000e+00,2.439840e-01,1.310742e+00,4.482024e-01
1.211160e+00,9.358834e+00,3.021177e+00,1.960268e-01,1.423290e+00,5.165413e-01
1.653859e+00,8.589202e+00,3.465690e+00,1.264354e-01,1.230868e+00,4.751839e-01
1.546990e+00,9.015534e+00,4.275534e+00,5.832303e-02,9.157823e-01,4.540819e-01
1.092220e+00,8.975923e+00,4.157407e+00,8.508457e-02,7.012698e-01,4.189331e-01
7.023820e-02,9.293859e+00,4.146220e+00,1.317494e-01,6.044444e-01,4.126577e-01
-3.034441e-01,8.873539e+00,4.111378e+00,1.854230e-01,6.993539e-01,4.539085e-01
-1.329750e-01,9.189750e+00,3.804050e+00,1.956395e-01,1.005577e+00,5.778617e-01
5.884711e-01,9.142654e+00,3.176646e+00,1.711446e-01,1.153745e+00,6.146013e-01
2.619079e-01,8.379285e+00,2.799359e+00,8.812987e-02,1.183764e+00,6.560685e-01
-8.524149e-01,8.895667e+00,2.666748e+00,7.577520e-03,1.180322e+00,7.071588e-01
-5.210037e-01,8.943074e+00,2.600991e+00,-1.056582e-01,1.250103e+00,8.474025e-01
6.695541e-01,8.356706e+00,2.087349e+00,-2.449316e-01,1.308629e+00,1.016633e+00
6.828568e-01,8.763893e+00,1.130745e+00,-5.163860e-01,9.765794e-01,1.091085e+00
-2.428094e-01,9.039175e+00,5.474394e-01,-7.662313e-01,6.501915e-01,1.174410e+00
-7.774622e-02,9.170988e+00,3.435254e-01,-1.252290e+00,5.670769e-01,1.564323e+00
-3.398660e+00,1.244961e+01,9.678827e-01,-1.571893e+00,6.189074e-01,1.812329e+00
-2.130000e+00,1.207998e+01,4.341914e+00,-1.773276e+00,1.090113e+00,2.015153e+00
-3.121611e+00,1.050530e+01,7.371741e+00,-1.612846e+00,1.504833e+00,2.214310e+00
-5.523954e+00,5.943929e+00,1.193242e+01,-1.356351e+00,2.444377e+00,2.822414e+00
-4.994447e+00,9.469727e+00,9.979002e+00,-1.194223e+00,4.006171e+00,3.567533e+00
-1.232471e+01,7.472274e+00,1.479499e+01,4.684854e-01,5.475907e+00,3.495893e+00
-3.829273e+00,4.655118e+00,1.456656e+01,2.010821e+00,7.229050e+00,3.923081e+00
1.136670e+01,4.005263e+00,1.081056e+01,3.620344e+00,6.962829e+00,4.176797e+00
1.901995e+01,7.732225e+00,8.178971e+00,4.021977e+00,4.166790e+00,4.031813e+00
4.945642e+00,9.426547e+00,6.992258e+00,4.358609e+00,7.234925e-01,2.071310e+00
-1.562126e+01,6.177942e+00,1.043738e+01,4.262143e+00,7.951319e-01,1.098648e+00
-2.042010e+01,3.893629e+00,1.591767e+01,3.974979e+00,5.901529e+00,1.790111e+00
-3.824275e+00,1.831258e+00,1.730994e+01,3.805242e+00,9.780962e+00,2.788132e+00
2.352999e+01,3.403035e+00,5.821032e+00,2.972403e+00,8.417843e+00,2.863460e+00
2.849027e+01,1.854527e+00,1.436684e+00,2.033851e+00,4.156760e+00,1.768010e+00
-5.021659e-01,-9.889930e+00,1.286965e+01,-1.378455e+00,-1.594698e+00,-1.605397e+00
3.153330e+00,2.638415e+01,5.811984e+00,-1.025480e+00,-2.340153e+00,1.016770e-01
-1.100823e+01,8.055920e+00,8.382219e+00,-3.117544e-01,-5.172878e-01,-5.956188e-01
-3.792137e+00,7.077964e+00,6.549156e+00,-1.762680e-01,1.975361e+00,6.245424e-01
6.311935e+00,1.099512e+01,5.187273e+00,1.928981e-01,2.250323e+00,4.062026e-01
6.997006e+00,9.122412e+00,2.306334e+00,3.641078e-01,1.280210e+00,1.943962e-01
4.487321e+00,8.164946e+00,1.434441e+00,3.705343e-01,-1.450436e-01,-2.630664e-01
9.489736e-01,9.889389e+00,1.576735e+00,2.039230e-01,-6.049432e-01,-3.439497e-01
-1.288482e+00,8.813119e+00,9.946376e-01,4.552957e-02,-5.243671e-01,-1.868505e-01
-6.172012e-01,9.673137e+00,9.448307e-01,-8.650473e-02,-3.185484e-01,-2.970637e-02
2.174961e+00,8.903939e+00,1.830351e+00,-2.270127e-01,-3.628325e-01,3.334969e-02
2.335264e+00,9.143009e+00,2.912119e+00,-3.377134e-01,-6.614001e-01,1.871199e-02
1.566211e+00,9.016621e+00,5.375991e+00,-2.559162e-01,-1.022275e+00,-1.012277e-01
1.182084e+00,8.745094e+00,6.787178e+00,-8.004333e-02,-1.166149e+00,-1.678249e-01
1.685184e+00,9.657577e+00,7.449141e+00,3.394245e-01,-1.283851e+00,-2.349550e-01
2.230978e+00,1.062622e+01,7.541889e+00,7.459415e-01,-1.484291e+00,-3.115285e-01
2.357293e+00,1.041746e+01,6.071322e+00,1.193381e+00,-1.777674e+00,-3.320263e-01
2.486950e+00,9.919151e+00,4.486266e+00,1.433364e+00,-2.007646e+00,-3.236822e-01
2.847297e+00,8.034428e+00,2.159299e+00,1.304694e+00,-2.534149e+00,-3.466143e-01
5.372019e+00,9.239238e+00,3.969052e-01,1.001990e+00,-2.974431e+00,-4.291296e-01
9.295719e+00,8.004092e+00,8.712945e-01,4.659245e-01,-4.273030e+00,-9.897268e-01
1.377159e+01,3.650692e+00,2.344535e+00,-1.265644e-01,-5.775589e+00,-1.304336e+00
9.470311e+00,5.015376e+00,7.728379e+00,-1.285723e+00,-8.915608e+00,-2.122153e+00
3.445509e+00,3.491749e+00,9.848065e+00,-1.796633e+00,-9.838913e+00,-2.313554e+00
-6.526724e-01,5.460194e+00,1.039997e+01,-2.299716e+00,-9.401190e+00,-2.236655e+00
-1.330000e+00,7.126257e+00,9.266932e+00,-2.390106e+00,-8.546102e+00,-1.928274e+00
-2.492376e+00,7.796055e+00,7.803318e+00,-2.325220e+00,-7.130032e+00,-1.363913e+00
-3.853052e+00,6.226700e+00,8.256849e+00,-2.323797e+00,-5.988869e+00,-1.028172e+00
-1.276507e+00,9.152790e+00,8.221629e+00,-2.274673e+00,-4.574971e+00,-6.130022e-01
-8.665352e-01,8.790394e+00,8.636570e+00,-2.098217e+00,-3.995324e+00,-6.421251e-01
-2.741938e+00,8.700277e+00,9.466385e+00,-1.715756e+00,-3.585900e+00,-8.810749e-01
-3.779061e+00,8.942743e+00,9.254621e+00,-1.159746e+00,-3.149614e+00,-1.067646e+00
-4.873042e+00,9.400000e+00,8.247897e+00,-1.929895e-01,-2.650843e+00,-1.134455e+00
-5.345569e+00,7.270270e+00,7.205893e+00,3.850503e-01,-2.171574e+00,-1.244346e+00
-1.145065e+01,1.389471e+01,1.628087e+00,3.360750e-02,-9.598552e-01,-8.502737e-01
-1.022428e+01,1.619238e+01,3.917105e+00,1.657849e-01,4.823579e-01,-1.559754e-01
-1.817139e-01,5.214310e+00,-1.037472e+00,1.230312e-01,2.446654e+00,7.462727e-03
9.935153e+00,5.591982e+00,-8.369056e-01,-3.758581e-01,1.831957e+00,-8.619359e-02
5.798315e+00,1.019919e+01,2.987709e+00,-9.230172e-01,-9.499029e-01,-8.330072e-01
-2.499026e-01,8.491926e+00,6.636942e+00,-1.049705e+00,-2.019653e+00,-1.079475e+00
-5.552272e+00,8.398997e+00,1.004539e+01,-8.513919e-01,-1.868151e+00,-8.862450e-01
-5.340121e+00,9.633999e+00,9.184831e+00,-4.819269e-01,-1.084015e+00,-5.167734e-01
-6.276963e-01,8.646551e+00,5.371659e+00,3.613804e-02,3.545053e-01,-2.508526e-02
3.096393e+00,8.506498e+00,3.327103e+00,7.917813e-02,5.980464e-01,3.012396e-02
3.735540e+00,8.417529e+00,2.755085e+00,-2.236138e-03,-1.073405e-01,-2.116236e-01
2.199377e+00,8.190447e+00,3.062476e+00,-1.254774e-01,-7.445814e-01,-4.490169e-01
-1.534402e+00,8.185283e+00,3.156856e+00,-3.126861e-01,-9.409269e-01,-4.872846e-01
-2.783716e+00,8.661399e+00,2.284054e+00,-4.519694e-01,-6.953092e-01,-3.506023e-01
-8.367745e-01,8.268447e+00,2.462017e+00,-6.327288e-01,-1.686743e-01,-1.303002e-01
1.571825e+00,7.672551e+00,2.184561e+00,-8.660249e-01,-2.119277e-02,-9.313434e-02
2.414181e+00,7.665273e+00,-3.539858e-01,-1.286341e+00,-3.764755e-01,-1.724731e-01
1.719573e+00,8.275983e+00,-6.344446e-01,-1.736834e+00,-7.331632e-01,-2.838835e-01
3.553178e+00,8.624586e+00,8.761097e-01,-2.438063e+00,-9.910727e-01,-5.366751e-01
9.037875e+00,1.527966e+01,-3.324563e+00,-3.583698e+00,-1.721710e+00,-8.768664e-01
7.908805e+00,1.922034e+01,6.137383e+00,-4.194130e+00,-3.411751e+00,-9.484668e-01
7.753066e-01,2.100974e+01,1.188017e+01,-4.377988e+00,-4.369989e+00,-7.315989e-01
-8.436531e+00,9.859748e+00,1.704317e+01,-2.868533e+00,-3.111503e+00,-6.356943e-01
-1.077000e+01,2.682937e+00,1.813539e+01,-1.737785e+00,-1.110237e+00,-9.571724e-01
-1.931874e-01,2.671841e+00,1.074285e+01,-8.569005e-01,1.203397e+00,-3.953862e-01
7.075318e+00,7.167838e+00,4.786536e+00,3.689205e-01,1.680663e+00,-7.475381e-02
7.065230e+00,2.572868e+00,4.785975e+00,2.400473e+00,4.951402e-01,-7.391225e-01
5.344717e+00,6.868849e-01,4.776434e+00,3.173413e+00,-5.490459e-01,-9.450198e-01
-3.420687e-01,1.002859e+00,6.359395e+00,3.985671e+00,-8.647535e-01,-1.113113e+00
-1.833940e+00,1.512761e+00,7.206299e+00,4.604324e+00,-1.401738e-01,-9.735803e-01
-1.879593e-01,2.581784e+00,7.421083e+00,5.261118e+00,1.114147e+00,-6.731679e-01
4.257688e+00,1.113939e+00,7.265085e+00,5.512862e+00,1.569017e+00,-3.947449e-01
7.654758e+00,3.593012e+00,6.249070e+00,4.960231e+00,8.453933e-01,2.176457e-01
5.573033e+00,4.998599e+00,6.046649e+00,4.149942e+00,-6.812907e-01,3.890251e-03
-1.834170e+00,1.874850e+00,3.401629e+00,2.947000e+00,-1.616098e+00,-3.653952e-01
-1.283559e+00,3.599421e+00,9.615947e-02,1.818937e+00,-1.245312e+00,-3.848769e-01
3.301415e+00,6.248899e+00,-4.891690e-01,3.191076e-01,-7.992963e-01,-2.620797e-01
5.633644e+00,5.524326e+00,-1.193867e+00,-6.399301e-01,-1.555212e+00,-3.929640e-01
-6.153476e+00,4.066694e+00,1.013483e+00,-2.271351e+00,-2.621171e+00,-6.828375e-01
-3.834338e+01,1.578265e+01,1.247049e+01,-3.806976e+00,-1.917634e+00,-7.187829e-01
8.098051e-01,1.802392e+01,5.431961e-01,-1.976548e+00,5.349617e+00,1.423952e+00
1.522994e+01,1.459553e+01,1.001619e+01,-2.145204e+00,5.773169e+00,1.245827e+00
2.789738e+01,7.988020e+00,1.001119e+01,-2.352255e+00,3.375633e+00,6.427582e-01
1.121208e+01,3.235611e+00,9.082136e+00,-2.201819e+00,-8.545631e-01,-7.103238e-01
-3.995476e+00,9.113706e+00,1.193849e+01,-1.804293e+00,-4.218176e+00,-1.359242e+00
-1.290646e+01,1.267728e+01,9.073911e+00,-1.436421e+00,-3.260261e+00,-6.346188e-01
-9.945311e+00,6.554389e+00,5.565918e+00,-9.128490e-01,2.092424e-02,2.405973e-01
-7.272950e-01,6.023026e+00,3.279734e+00,-8.818243e-01,1.480908e+00,7.423346e-01
5.537307e+00,8.831275e+00,9.551535e-01,-1.117491e+00,1.602670e+00,7.208176e-01
4.330918e+00,8.376375e+00,1.473635e+00,-1.278131e+00,7.201604e-01,3.948377e-01
4.588443e-01,5.780371e+00,3.304310e+00,-1.628712e+00,-2.590892e-01,-5.966008e-02
-1.003344e+00,5.864498e+00,3.752224e+00,-1.936130e+00,-3.081999e-01,2.462496e-03
-1.795588e+00,5.992696e+00,5.693235e+00,-2.173889e+00,-6.661553e-02,2.004212e-01
-6.207863e-01,5.990962e+00,6.249607e+00,-2.322728e+00,1.540568e-01,3.613991e-01
2.057655e-01,4.669545e+00,6.867297e+00,-2.431756e+00,3.678842e-02,4.326819e-01
1.095948e+00,3.741215e+00,7.036080e+00,-2.501895e+00,-9.037236e-02,4.950223e-01
3.408443e+00,4.709531e+00,6.072798e+00,-2.736186e+00,-1.085842e-01,4.945646e-01
5.402207e+00,8.987064e+00,6.848972e+00,-3.173175e+00,-4.276452e-01,3.814125e-01
5.021449e+00,1.995148e+01,1.427000e+01,-3.640826e+00,-1.566438e+00,5.368476e-01
-2.909281e-01,1.693231e+01,1.334087e+01,-3.329719e+00,-1.874424e+00,8.218222e-01
-3.453559e+00,1.268680e+01,1.057605e+01,-2.444835e+00,-6.662457e-01,1.024149e+00
-3.280163e+00,1.053024e+01,1.436325e+01,-1.304208e+00,2.951815e-01,4.102967e-01
-1.873595e+00,-5.932962e+00,1.149189e+01,9.880480e-01,1.109733e+00,-1.904383e-01
3.427549e+00,1.680997e-01,2.291581e+00,1.658961e+00,1.888077e+00,5.863039e-01
4.197334e+00,6.624421e+00,8.278561e+00,3.777688e+00,1.042096e+00,1.540044e-01
2.469728e+00,6.215450e+00,8.477063e+00,4.428253e+00,4.119936e-01,-1.164825e-01
1.914419e+00,1.510509e+00,9.792973e+00,5.461683e+00,3.419867e-01,6.127804e-02
3.535672e+00,2.804807e+00,7.937481e+00,5.944979e+00,4.430082e-02,7.609423e-02
2.807763e+00,1.150515e+00,9.169247e+00,6.545977e+00,-4.904262e-01,-3.731949e-01
1.157854e+00,7.189411e-01,9.213831e+00,6.611688e+00,-3.705666e-01,-6.882723e-01
-1.283226e+00,3.029615e+00,8.035729e+00,6.134339e+00,4.585579e-02,-6.392642e-01
-5.352134e-01,5.244123e+00,7.060995e+00,5.348252e+00,3.469749e-01,-4.026291e-01
4.523862e+00,3.654345e+00,4.108276e+00,3.950356e+00,1.463634e-01,-4.664186e-02
7.493609e+00,9.097163e-01,1.222664e+00,2.614233e+00,-1.025502e+00,-1.328141e-01
1.055293e+00,1.055209e+00,1.729693e+00,6.698164e-01,-2.357887e+00,-7.312557e-01
-3.720333e+00,3.198037e+00,2.979294e+00,-7.130950e-01,-2.335021e+00,-7.899300e-01
-2.460012e+00,5.452743e+00,4.789302e+00,-2.034764e+00,-8.443704e-01,-2.112174e-01
2.592112e+00,7.500845e+00,1.013146e+00,-2.770330e+00,-2.227341e-01,1.078790e-01
-2.170359e+01,2.575053e+01,6.157915e+00,-3.281528e+00,-7.034203e-01,-8.892497e-02
-6.051751e+00,2.384683e+01,3.871795e+00,-2.570300e+00,2.917364e+00,1.218254e+00
1.886519e+00,1.022279e+01,1.020848e+01,-1.343684e+00,4.436523e+00,7.075098e-01
1.452945e+01,1.230678e+01,6.555105e+00,-1.759915e+00,4.000222e+00,6.317406e-01
1.302449e+01,8.182322e+00,7.785303e+00,-1.674367e+00,1.337418e+00,2.343229e-01
6.442994e+00,4.912016e+00,7.657928e+00,-1.776617e+00,-7.590461e-01,-5.733813e-01
-2.213968e+00,7.241994e+00,8.960251e+00,-1.539147e+00,-2.314183e+00,-7.672642e-01
-6.602161e+00,1.164789e+01,7.674083e+00,-1.241491e+00,-1.874333e+00,-5.029519e-01
-4.998952e+00,7.874488e+00,4.710123e+00,-8.761626e-01,-5.093198e-01,-5.226091e-02
-2.278060e+00,5.692540e+00,3.820874e+00,-8.322869e-01,3.998711e-01,2.158512e-01
2.967030e+00,7.449043e+00,1.451565e+00,-1.139110e+00,6.423974e-01,2.587618e-01
2.514960e+00,9.942516e+00,1.746717e+00,-1.400194e+00,9.365665e-02,4.164126e-02
3.737684e-02,5.846389e+00,4.146729e+00,-1.591945e+00,-3.223668e-01,-2.835894e-01
-5.055992e-01,4.020648e+00,4.607387e+00,-1.759140e+00,-2.167065e-01,-2.795509e-01
-9.953786e-01,8.603051e+00,5.981091e+00,-2.200022e+00,-1.830528e-01,-3.331551e-02
-2.922897e-01,7.348878e+00,6.364746e+00,-2.271574e+00,-2.757216e-01,-8.119315e-03
1.010576e+00,4.134603e+00,6.882661e+00,-2.349641e+00,-4.496459e-01,1.193528e-02
1.182449e+00,5.689456e+00,7.494167e+00,-2.558448e+00,-5.799446e-01,6.158350e-02
1.796845e+00,8.753477e+00,6.502257e+00,-2.798918e+00,-6.685223e-01,1.696428e-01
2.327582e+00,1.220882e+01,7.181906e+00,-3.103433e+00,-8.625092e-01,2.999174e-01
2.849240e+00,2.278642e+01,8.931574e+00,-3.580913e+00,-1.244103e+00,5.906967e-01
-3.659240e-01,1.994068e+01,9.352413e+00,-3.192911e+00,-1.549827e+00,8.587547e-01
-4.368157e+00,1.181778e+01,1.081875e+01,-2.123358e+00,-8.959827e-01,8.132041e-01
-5.515346e+00,-2.680036e+00,1.578245e+01,-5.838557e-01,-2.859538e-01,4.852755e-01
2.532514e+00,4.519165e+00,3.254749e+00,9.461664e-01,8.579645e-01,1.447707e+00
2.617147e+00,6.281369e+00,7.424359e+00,2.897803e+00,6.431900e-01,5.664022e-01
3.003373e+00,4.476303e+00,6.610647e+00,4.077165e+00,2.820182e-01,2.255005e-01
3.791030e+00,2.516133e+00,7.405523e+00,4.929276e+00,1.488784e-01,1.905399e-01
3.411999e+00,1.572000e+00,8.422462e+00,5.734324e+00,9.841364e-02,8.523106e-02
1.955127e+00,3.077292e+00,1.087110e+01,6.289896e+00,1.372110e-02,-4.974149e-02
2.536674e+00,2.008144e+00,1.249925e+01,7.133571e+00,1.172271e-01,-3.939890e-01
4.630693e+00,2.045935e+00,1.174126e+01,7.258275e+00,4.472089e-01,-3.907621e-01
5.497627e+00,8.564484e+00,9.230769e+00,5.990726e+00,-6.617777e-01,-4.337047e-01
1.507439e+00,4.426223e+00,4.942663e+00,4.521906e+00,-1.637084e+00,-1.007828e+00
-3.096307e+00,-3.716295e+00,-3.525389e-01,1.983981e+00,-1.837198e+00,-9.416736e-01
1.660998e+00,-2.496366e+00,-2.603325e-01,-2.223209e-01,-1.086758e+00,-5.137398e-01
3.640095e+00,-2.086846e-01,7.048113e+00,-2.761869e+00,-9.904177e-01,-2.265714e-01
-1.044392e+01,9.448901e+00,1.176189e+01,-4.383005e+00,-1.583682e+00,-1.686848e-01
-6.047353e+00,2.436217e+01,7.724268e+00,-3.580067e+00,1.959155e+00,1.059992e+00
2.390701e+00,1.715238e+01,1.026332e+01,-2.154897e+00,3.250935e+00,8.646615e-01
1.095931e+01,1.192137e+01,9.318899e+00,-1.713634e+00,2.288681e+00,-1.398376e-01
6.147873e+00,7.540232e+00,1.024223e+01,-1.539215e+00,7.556498e-01,1.731631e-02
1.233881e+00,1.228312e+01,9.204561e+00,-1.219033e+00,-1.995102e-01,-1.706493e-01
-7.034336e-01,1.102218e+01,7.582703e+00,-8.149131e-01,-5.194118e-01,-2.078354e-01
7.662253e-01,1.024817e+01,5.464319e+00,-5.418509e-01,-1.949665e-01,-4.393739e-02
2.648613e+00,9.042029e+00,3.852930e+00,-4.833670e-01,-2.040068e-01,-1.072953e-02
1.728782e+00,6.663380e+00,3.382742e+00,-5.070496e-01,-6.405515e-01,-1.384700e-01
3.042438e-01,6.843590e+00,3.860302e+00,-6.167532e-01,-9.567675e-01,-2.616594e-01
-1.797457e+00,6.304427e+00,4.201204e+00,-7.246873e-01,-1.038616e+00,-3.561189e-01
-2.848641e+00,5.536505e+00,4.597184e+00,-8.022865e-01,-7.048418e-01,-2.529860e-01
-1.424630e+00,4.941179e+00,4.601179e+00,-9.440559e-01,-7.654088e-02,-4.146918e-02
7.870072e-01,4.932969e+00,3.806496e+00,-1.079142e+00,1.071879e-01,3.000000e-02
1.244263e+00,7.700651e+00,3.891474e+00,-1.358774e+00,-1.864485e-01,-4.439293e-02
1.548263e+00,8.840380e+00,3.283473e+00,-1.537315e+00,-3.504740e-01,-9.502720e-02
2.254323e+00,8.801135e+00,-4.651417e-01,-1.997334e+00,-4.836084e-01,6.623364e-02
3.502182e+00,1.127176e+01,-2.762566e+00,-2.663011e+00,-6.379400e-01,1.827299e-01
7.740957e+00,1.764708e+01,1.126554e+00,-3.340382e+00,-1.170698e+00,7.099875e-02
7.029877e+00,2.101607e+01,8.184865e+00,-3.680604e+00,-1.886361e+00,6.238328e-03
-2.160415e+00,1.656744e+01,1.734877e+01,-3.128823e+00,-3.505445e+00,-5.789230e-01
-7.926643e+00,6.638327e+00,1.925761e+01,-2.156762e+00,-2.649079e+00,-4.235047e-01
-2.291946e+00,1.218251e+00,1.213604e+01,-1.154311e+00,-4.855222e-01,8.185411e-02
3.185649e+00,6.391454e+00,5.542744e+00,-2.931016e-01,8.463601e-01,-4.784961e-03
5.373669e+00,3.416749e+00,7.482358e+00,2.009552e+00,1.374106e+00,-1.023145e+00
6.835764e+00,2.234871e+00,6.832541e+00,2.998608e+00,1.181414e+00,-1.239441e+00
4.839657e+00,3.672828e+00,8.594240e+00,3.898026e+00,6.155091e-01,-1.631241e+00
2.664521e+00,3.603332e+00,1.041786e+01,4.613206e+00,5.673673e-01,-1.840165e+00
6.059934e+00,3.070926e+00,1.035069e+01,5.595481e+00,6.640929e-01,-2.055016e+00
1.105689e+01,3.312271e+00,1.075008e+01,5.889824e+00,-2.668280e-01,-2.140998e+00
1.589148e+01,4.216894e+00,9.817563e+00,5.523276e+00,-3.349196e+00,-2.791994e+00
8.495310e+00,-9.802068e-02,9.534664e+00,4.820143e+00,-5.746362e+00,-4.036444e+00
-4.846406e+00,1.866474e+00,8.224493e+00,2.577487e+00,-6.245056e+00,-4.520924e+00
-1.340454e+01,2.194547e+00,6.286366e+00,1.223538e+00,-4.758011e+00,-3.441375e+00
-8.024636e+00,1.689616e+00,2.606891e+00,-1.922086e-02,-1.745916e+00,-7.253522e-01
-6.493313e+00,4.824414e+00,6.196603e+00,-9.372780e-01,3.964917e-01,6.125911e-01
-5.647174e+00,1.870280e+01,4.934259e+00,-1.037609e+00,2.890599e+00,1.344771e+00
-2.547376e-01,1.591753e+01,7.902711e+00,-2.567259e-01,4.178695e+00,1.308400e+00
1.693648e+01,5.100733e+00,3.985168e+00,-4.456329e-01,3.362878e+00,1.020743e+00
1.490949e+01,4.852877e+00,3.202628e+00,-6.733008e-01,4.085679e-01,-1.487913e-01
-5.509779e+00,1.267983e+01,7.629007e+00,-7.235039e-01,-2.308231e+00,-9.316764e-01
-5.662300e+00,1.125537e+01,5.927073e+00,-4.747410e-01,-1.843505e+00,-7.903901e-01
-4.411043e+00,7.977626e+00,5.406007e+00,-1.914574e-01,-7.037055e-01,-4.533102e-01
-4.309642e+00,8.171851e+00,4.767104e+00,1.041284e-03,-3.329873e-02,7.568991e-02
5.930306e-01,9.430293e+00,2.679899e+00,5.828885e-02,4.103076e-01,2.846148e-01
3.048117e+00,8.776329e+00,1.077855e+00,1.916241e-02,9.333865e-02,1.660568e-01
2.019968e+00,8.623250e+00,1.514334e+00,-2.069656e-01,-9.376745e-01,-2.752739e-01
-1.160358e+00,8.598492e+00,1.987181e+00,-3.492359e-01,-1.481298e+00,-4.561958e-01
-4.370465e+00,8.430000e+00,2.213269e+00,-5.596415e-01,-1.257687e+00,-3.850717e-01
-2.727578e+00,8.529955e+00,1.708655e+00,-6.686041e-01,-6.502062e-01,-1.927573e-01
8.999785e-01,8.616492e+00,1.372105e+00,-8.713371e-01,-3.702260e-01,-8.694724e-02
1.151062e+00,8.260509e+00,1.605775e+00,-1.070246e+00,-6.179696e-01,-1.802988e-01
-9.311417e-02,8.356886e+00,2.842386e+00,-1.340607e+00,-1.002126e+00,-2.949130e-01
-1.334299e+00,7.846344e+00,2.792661e+00,-1.496918e+00,-1.123348e+00,-3.568123e-01
-2.090792e+00,8.206765e+00,3.564620e+00,-1.681380e+00,-1.031872e+00,-2.558228e-01
-2.478967e-01,8.485571e+00,4.666292e+00,-1.802331e+00,-8.373450e-01,-2.051562e-01
2.578651e+00,7.968256e+00,6.039354e+00,-1.908812e+00,-9.084659e-01,-3.595514e-01
5.758207e+00,7.775228e+00,4.613354e+00,-2.083936e+00,-1.384571e+00,-5.889250e-01
7.390735e+00,1.331331e+01,9.772390e-01,-2.692967e+00,-2.436173e+00,-7.895303e-01
6.201941e+00,1.586227e+01,1.747713e+00,-3.236854e+00,-3.038609e+00,-8.445877e-01
5.238705e+00,1.694099e+01,4.984036e+00,-3.801252e+00,-3.553224e+00,-1.072404e+00
3.696306e+00,1.551085e+01,1.132681e+01,-3.688400e+00,-3.710048e+00,-1.175460e+00
4.078605e-01,4.113308e+00,1.699277e+01,-2.945118e+00,-3.560232e+00,-1.893726e+00
-7.521970e-01,3.307462e+00,1.725606e+01,-2.610294e+00,-3.090918e+00,-2.197367e+00
3.237002e-01,1.716725e+00,9.901784e+00,-1.300427e+00,-1.616177e+00,-2.461069e+00
1.307002e+00,5.771829e+00,4.794708e+00,-2.573719e-01,-1.130142e+00,-2.578021e+00
2.313772e-01,4.403896e+00,7.871898e+00,2.165388e+00,-6.731048e-01,-2.971463e+00
2.977965e+00,2.058757e+00,8.386553e+00,3.311402e+00,-2.437200e-01,-2.658006e+00
1.900930e+00,5.095212e+00,1.015271e+01,4.416149e+00,-2.182815e-01,-2.154266e+00
-6.071219e-01,5.056719e+00,1.114080e+01,5.208042e+00,5.414178e-02,-1.773151e+00
-3.804921e-01,4.000264e+00,1.035038e+01,6.096243e+00,1.207852e+00,-1.187718e+00
2.442745e+00,5.242955e+00,9.334866e+00,6.062818e+00,1.568490e+00,-4.295062e-01
4.481035e+00,5.137526e+00,5.445316e+00,5.129595e+00,9.900062e-01,2.507288e-01
1.877622e+00,-1.502127e+00,1.729321e+00,3.914818e+00,4.368574e-01,3.169983e-02
8.156756e-01,-2.678242e+00,5.291157e-01,1.358549e+00,4.873132e-01,-1.624287e-01
3.005913e+00,2.001833e+00,2.585943e+00,-2.460274e-01,4.388731e-01,7.059148e-03
6.142542e+00,1.382568e+01,-8.410693e-01,-1.028517e+00,-1.474068e-02,1.338707e-01
-1.032498e+01,1.886886e+01,3.332266e+00,-4.994829e-01,-1.059500e+00,-4.190133e-01
-1.445665e+01,9.656418e+00,8.263883e+00,-9.727567e-01,2.200181e+00,4.542977e-02
1.319029e+01,1.250360e+00,1.322342e+00,-1.031293e+00,4.528993e+00,1.671060e+00
1.350792e+01,1.171573e+01,3.260470e+00,-1.687115e+00,2.039003e+00,4.336792e-01
5.330532e+00,1.022999e+01,4.142505e+00,-1.494394e+00,-9.836353e-01,-3.619159e-01
-4.836883e+00,8.658614e+00,8.246009e+00,-1.357968e+00,-2.085104e+00,-7.122362e-01
-4.302064e+00,1.036716e+01,6.659226e+00,-1.073153e+00,-1.591907e+00,-2.626957e-01
-5.210076e+00,8.110106e+00,7.670025e+00,-6.619303e-01,-4.061795e-01,-3.289386e-03
5.141578e-01,8.805829e+00,5.883288e+00,-5.555401e-01,8.504857e-01,4.170777e-01
6.704266e+00,8.415334e+00,3.424802e+00,-3.487075e-01,8.596538e-01,3.778255e-01
5.076771e+00,8.426246e+00,3.212646e+00,-3.847378e-01,-1.341100e-01,1.350776e-02
-1.525311e+00,8.854083e+00,4.771361e+00,-4.469745e-01,-6.504703e-01,-1.896206e-01
-2.680596e+00,9.350508e+00,4.298984e+00,-4.371657e-01,-4.247086e-01,-1.016798e-01
-1.239778e+00,9.012667e+00,3.555704e+00,-3.872494e-01,1.426618e-01,1.141883e-01
7.357176e-01,8.391985e+00,2.715954e+00,-4.425259e-01,2.394402e-01,1.705342e-01
2.464130e+00,8.389017e+00,1.970361e+00,-7.084813e-01,1.679044e-02,1.407634e-01
1.649213e+00,8.654424e+00,2.067927e+00,-9.793394e-01,-3.578160e-01,5.924979e-02
-1.667247e+00,8.997247e+00,1.886551e+00,-1.388740e+00,-6.633120e-01,1.041607e-01
-6.354722e-01,9.670693e+00,1.365739e+00,-1.733244e+00,-4.545951e-01,2.910379e-01
6.018428e+00,1.072758e+01,1.318064e+00,-2.317402e+00,-4.715009e-01,2.622974e-01
8.981814e+00,1.251321e+01,2.177150e+00,-2.758812e+00,-9.676386e-01,1.511448e-01
5.495880e+00,1.362617e+01,2.062406e+00,-3.241465e+00,-2.300701e+00,2.410425e-02
9.740904e-01,1.384506e+01,4.432089e+00,-3.377635e+00,-3.239668e+00,1.672638e-01
-4.211717e+00,1.104249e+01,1.025961e+01,-3.088198e+00,-2.673987e+00,3.730473e-02
-5.672631e+00,1.151881e+01,1.197671e+01,-3.012910e+00,-1.631396e+00,-2.548861e-01
1.979275e+00,8.324748e+00,1.150272e+01,-2.296737e+00,3.514481e-01,-1.096710e-01
6.431906e+00,7.848761e+00,8.053714e+00,-1.561198e+00,7.371652e-01,-2.872401e-01
5.372400e+00,9.509307e+00,6.820346e+00,-1.340877e-01,-1.935540e-01,-1.061360e+00
3.827469e+00,6.437228e+00,7.783976e+00,1.120597e+00,-7.610085e-01,-1.459673e+00
1.873325e+00,5.867011e+00,8.418812e+00,2.308147e+00,-7.427055e-01,-1.634329e+00
6.712201e-01,5.691442e+00,9.289643e+00,3.195480e+00,-3.894130e-01,-1.623953e+00
-5.395669e-01,4.616004e+00,1.017699e+01,4.446339e+00,6.486915e-01,-1.425838e+00
4.813839e-01,4.763669e+00,1.212252e+01,5.192069e+00,1.412041e+00,-1.228622e+00
1.802836e+00,4.541482e+00,1.076089e+01,6.087466e+00,2.048056e+00,-5.894935e-01
2.149017e+00,3.088140e+00,1.093559e+01,6.192655e+00,2.154761e+00,-1.020492e-01
5.707754e-01,1.399267e+00,7.744094e+00,5.124975e+00,2.007906e+00,4.104121e-01
-2.032693e+00,-1.254861e+00,5.433762e+00,3.753980e+00,2.225731e+00,4.715267e-01
5.630723e-01,-2.921539e+00,3.598807e+00,1.595227e+00,2.818883e+00,4.785803e-01
5.683399e+00,1.103334e+00,6.454365e+00,1.120731e-01,2.849870e+00,4.387498e-01
5.284045e+00,1.812859e+01,-3.463882e+00,-5.326130e-01,1.310153e+00,9.663775e-02
-1.019372e+00,2.284758e+01,1.002217e+01,-6.347845e-01,4.587109e-01,-3.063848e-01
-9.773579e-01,-4.076968e-01,9.655904e+00,-8.653745e-01,2.508063e+00,-5.298820e-01
1.237957e+01,8.444266e+00,8.308698e+00,-6.659633e-01,3.479816e+00,9.068190e-01
1.119993e+01,1.603649e+01,7.060602e+00,-1.815311e-01,1.094050e+00,-1.325207e-01
-1.864773e-01,8.393021e+00,5.054248e+00,2.550420e-01,-6.414194e-01,-6.450704e-01
-5.492166e-01,8.576566e+00,-5.563313e+00,1.063874e-01,-1.167458e+00,-6.773121e-01
-3.403647e+00,7.172558e+00,-7.931696e+00,-3.657612e-01,-1.295000e+00,-5.981429e-01
-8.456015e+00,5.928376e+00,-2.020558e+00,-1.130921e+00,-7.006636e-01,-4.532452e-01
-1.063036e+00,9.145887e+00,1.027258e+00,-1.533425e+00,1.525792e-01,-1.311773e-01
4.208498e+00,8.801843e+00,2.361124e+00,-1.787521e+00,7.542013e-02,-1.113712e-01
1.969914e+00,8.110679e+00,4.594010e+00,-1.892841e+00,-4.892527e-01,-2.888784e-01
-4.426694e-01,9.377813e+00,6.068840e+00,-1.899948e+00,-6.919360e-01,-3.495385e-01
-3.502963e-01,1.008187e+01,6.068519e+00,-1.803271e+00,-5.986195e-01,-2.983367e-01
-3.501991e-01,1.079117e+01,6.934111e+00,-1.573511e+00,-5.406111e-01,-2.286389e-01
1.369243e+00,1.035909e+01,4.242122e+00,-1.455554e+00,-4.868227e-01,-1.843548e-01
6.439554e-01,8.608966e+00,1.769695e+00,-1.483824e+00,-6.970524e-01,-1.593901e-01
5.836156e-01,9.778730e+00,1.482215e+00,-1.774169e+00,-7.859139e-01,-1.560653e-01
6.821081e-01,1.030147e+01,3.105320e+00,-2.168959e+00,-8.826537e-01,-1.562135e-01
2.579730e+00,1.038499e+01,3.200808e+00,-2.416200e+00,-8.525656e-01,-8.059266e-02
5.636280e+00,1.162062e+01,2.931006e+00,-2.661657e+00,-1.250525e+00,-1.297817e-01
5.706674e+00,1.400374e+01,-2.117850e+00,-2.899123e+00,-1.813853e+00,-1.761898e-01
2.025190e+00,1.106137e+01,1.080599e+00,-3.455178e+00,-2.896022e+00,-6.056864e-01
-1.461319e+00,1.315738e+01,7.526407e+00,-3.992475e+00,-3.317506e+00,-6.979974e-01
-4.238483e+00,2.167628e+01,1.339729e+01,-3.552599e+00,-2.745189e+00,-5.811815e-01
-3.722110e+00,1.038707e+01,1.370757e+01,-2.166313e+00,-1.930125e+00,-5.274438e-01
1.178347e+00,7.713526e+00,8.730007e+00,-1.475603e+00,-6.321232e-03,-2.289227e-01
2.440872e+00,1.352716e+01,8.663805e+00,-3.776789e-01,3.770424e-01,-3.754708e-01
1.656051e+00,6.645031e+00,9.288237e+00,1.600941e+00,5.504716e-01,-5.578744e-01
2.227436e+00,4.976125e+00,8.142564e+00,2.489883e+00,7.859894e-01,-4.908389e-01
2.496469e+00,5.411755e+00,9.371310e+00,3.802101e+00,1.051617e+00,-4.683891e-01
2.329781e+00,4.349235e+00,1.005787e+01,4.830970e+00,1.078914e+00,-4.255804e-01
2.238214e+00,3.208611e+00,1.115036e+01,5.861786e+00,1.124208e+00,-4.646680e-01
2.781469e+00,2.965097e+00,1.462151e+01,6.685945e+00,1.075952e+00,-4.755279e-01
2.852655e+00,2.957355e+00,1.227614e+01,7.496309e+00,8.436913e-01,-2.908021e-01
2.540018e+00,1.137197e+00,1.301986e+01,7.090908e+00,4.862759e-01,-1.031175e-01
-4.760919e+00,1.451758e+00,1.092015e+01,5.368707e+00,7.604353e-02,-3.042097e-02
-6.190923e+00,-4.363854e+00,8.999595e+00,3.730463e+00,7.956708e-01,-9.332808e-02
-2.992166e+00,-5.628786e+00,7.789757e+00,5.302705e-01,2.307372e+00,2.037519e-01
-2.063477e+00,1.216210e+01,2.838863e+00,-1.069325e+00,2.800402e+00,3.376274e-01
9.879568e+00,1.446147e+01,7.916510e+00,-1.506329e+00,3.782386e+00,1.760016e+00
8.788329e+00,-1.213368e+00,4.615420e+00,-1.946555e+00,2.606392e+00,-7.586250e-02
7.592278e+00,5.957032e+00,8.607457e+00,-2.550547e+00,2.275559e-01,-6.100781e-01
3.813205e+00,1.350949e+01,7.578678e+00,-2.140494e+00,-1.533397e+00,-7.937849e-01
-8.851918e+00,8.980752e+00,7.064957e+00,-1.477205e+00,-2.112494e+00,-1.008072e+00
-1.093109e+01,8.199787e+00,6.159761e+00,-1.316215e+00,-4.535917e-01,-1.468038e-01
2.620770e+00,1.042688e+01,4.768868e+00,-9.035926e-01,2.144542e+00,3.463736e-01
7.763384e+00,1.107122e+01,3.628773e+00,-9.488462e-01,1.751486e+00,4.232331e-01
6.280451e+00,7.632334e+00,2.910849e+00,-9.728250e-01,1.405018e-01,-1.678069e-01
2.865387e+00,9.281753e+00,3.113139e+00,-1.118166e+00,-7.330904e-01,-3.694688e-01
-1.014347e+00,9.954585e+00,2.876779e+00,-1.195713e+00,-1.446282e+00,-5.953712e-01
-2.244870e+00,1.012000e+01,3.270661e+00,-1.228271e+00,-1.347708e+00,-5.466597e-01
-1.937458e+00,9.043725e+00,3.774349e+00,-1.188556e+00,-8.552625e-01,-3.761498e-01
-4.423703e-01,8.694481e+00,1.972435e+00,-1.215764e+00,-4.518571e-01,-1.607636e-01
1.095730e+00,8.970000e+00,9.258287e-01,-1.578410e+00,-1.071545e-01,1.204335e-01
1.283606e+00,9.372504e+00,1.102776e+00,-1.929959e+00,-1.812252e-01,1.757040e-01
4.004193e+00,1.088592e+01,9.329581e-02,-2.406145e+00,-4.809162e-01,1.518172e-01
5.519921e+00,1.060514e+01,-2.569248e-01,-2.794597e+00,-8.905854e-01,1.218151e-01
5.270469e+00,1.492253e+01,-2.678632e+00,-3.533383e+00,-1.830376e+00,2.026182e-02
2.723754e+00,1.591117e+01,-1.883519e+00,-3.862028e+00,-2.746385e+00,-1.436451e-01
-3.708314e+00,1.683259e+01,1.056476e+01,-4.349051e+00,-3.633197e+00,-4.862057e-01
-5.834953e+00,2.245843e+01,1.482611e+01,-4.172920e+00,-3.351164e+00,-2.313893e-01
-6.933759e+00,1.029397e+01,1.605056e+01,-1.685452e+00,-1.520765e+00,-9.930124e-02
1.118767e-01,4.427383e+00,1.041672e+01,-7.657325e-01,3.269964e-01,3.184190e-01
1.969868e+00,9.535812e+00,9.694564e+00,7.227979e-01,1.223269e+00,2.664895e-01
5.052201e-01,6.506191e+00,1.058836e+01,2.378147e+00,1.252849e+00,-2.563206e-02
1.423647e+00,3.770663e+00,8.635884e+00,3.772695e+00,1.670699e+00,4.037357e-02
2.900940e+00,3.765123e+00,1.012047e+01,4.648251e+00,1.991015e+00,-5.820707e-02
4.116060e+00,4.234568e+00,1.047190e+01,6.002365e+00,1.780735e+00,-5.264124e-02
4.901241e+00,3.723362e+00,1.177284e+01,6.840755e+00,1.380448e+00,-1.735106e-01
4.816247e+00,5.198766e+00,1.287625e+01,7.581027e+00,6.358819e-01,-3.994984e-01
4.787019e+00,6.224385e+00,1.252778e+01,7.720114e+00,3.805857e-01,-6.585545e-01
4.952538e-02,3.343223e+00,7.647820e+00,6.499277e+00,1.272485e-01,-1.307222e+00
-9.349453e+00,-6.784657e-01,7.550592e+00,4.569774e+00,1.633482e-01,-1.267534e+00
-7.638544e+00,-5.683251e+00,6.002584e+00,1.618551e+00,1.550363e+00,-2.967101e-01
1.374093e+00,-8.205052e+00,6.960784e+00,-6.452544e-01,2.556327e+00,1.629150e-01
9.704349e+00,2.841945e+01,1.831323e+00,-3.509327e+00,1.899126e+00,1.608782e-01
2.310132e+01,3.531365e+01,-3.456784e+00,-7.386438e-01,1.449152e+00,9.785954e-01
-9.066680e+00,-1.124744e-01,9.762185e+00,-1.646079e+00,2.979097e-01,-3.657421e-01
-6.906676e-01,7.227824e+00,9.258677e+00,-2.482281e+00,2.334376e+00,5.801962e-01
2.406126e+00,1.616020e+01,8.205205e+00,-1.891682e+00,2.018813e+00,1.893685e-01
6.580478e+00,8.872994e+00,3.994725e+00,-1.266204e+00,5.923023e-01,-2.778243e-01
-2.085205e+00,8.918176e+00,4.407952e+00,-1.362520e+00,-4.748850e-01,-2.530407e-01
-3.594379e+00,1.106241e+01,4.862338e+00,-1.228672e+00,4.969561e-01,-4.152665e-02
1.440677e+00,9.992971e+00,4.041652e+00,-1.168716e+00,7.575993e-01,2.853328e-02
2.498962e+00,8.814967e+00,3.301038e+00,-1.056427e+00,1.204272e-01,-1.729744e-01
3.058130e+00,9.360063e+00,3.003116e+00,-1.134235e+00,-2.350479e-01,-2.062822e-01
2.715345e+00,1.062745e+01,2.430657e+00,-1.163377e+00,-1.008059e+00,-4.444373e-01
-1.803464e+00,9.442857e+00,3.117811e+00,-1.195775e+00,-1.436321e+00,-6.114523e-01
-2.485404e+00,1.002828e+01,3.892525e+00,-1.236036e+00,-1.271414e+00,-4.828613e-01
-6.876105e-01,9.338627e+00,3.889176e+00,-1.238180e+00,-5.037685e-01,-1.099906e-01
1.672640e+00,8.976799e+00,2.105228e+00,-1.384114e+00,1.011294e-02,1.731784e-01
1.590951e+00,8.756923e+00,-4.276318e-01,-1.596919e+00,-9.119978e-02,2.083222e-01
2.332609e+00,1.067347e+01,-1.428774e+00,-2.216213e+00,-6.569429e-01,6.901810e-02
1.800869e+00,9.724510e+00,6.665523e-01,-2.682626e+00,-1.142231e+00,-3.893283e-02
1.773312e+00,9.995072e+00,1.796561e+00,-3.129932e+00,-1.292733e+00,5.258122e-02
5.823342e+00,1.254996e+01,-2.159956e+00,-3.349697e+00,-1.493680e+00,3.033242e-02
4.440305e+00,1.217073e+01,-2.396388e+00,-3.826099e+00,-2.714910e+00,-2.968562e-01
-1.397110e+00,1.351963e+01,8.221301e+00,-4.393297e+00,-3.915543e+00,-6.418596e-01
-4.264197e+00,2.397763e+01,1.434436e+01,-3.908869e+00,-3.155217e+00,-6.017926e-01
-5.856137e+00,9.748932e+00,1.491775e+01,-1.560017e+00,-7.670998e-01,-2.765494e-01
2.426294e+00,5.519566e+00,1.157806e+01,-1.371092e+00,6.677144e-01,-2.459128e-01
5.440535e+00,1.077236e+01,8.685109e+00,-1.068378e-01,9.325854e-01,-5.072783e-01
3.134932e+00,6.728897e+00,9.458120e+00,1.673511e+00,8.574422e-01,-8.491216e-01
2.245237e+00,3.890972e+00,8.251943e+00,2.942375e+00,1.257659e+00,-9.516836e-01
2.736343e+00,4.366343e+00,8.644765e+00,3.834135e+00,1.637703e+00,-1.053114e+00
3.293722e+00,4.711987e+00,1.025000e+01,5.387754e+00,1.777752e+00,-9.869269e-01
3.923385e+00,4.618160e+00,1.070548e+01,6.192601e+00,1.669963e+00,-9.314511e-01
6.348245e+00,4.242708e+00,1.416679e+01,7.025458e+00,1.234696e+00,-7.877203e-01
8.016872e+00,5.501398e+00,1.397280e+01,7.815076e+00,9.458469e-02,-6.190298e-01
4.257589e+00,1.803973e+00,1.071455e+01,7.189664e+00,-9.617788e-01,-1.141928e+00
-3.267722e+00,1.210768e+00,8.042312e+00,5.352380e+00,-1.025234e+00,-1.148186e+00
-1.747758e+01,-7.831479e+00,7.050722e+00,2.245623e+00,2.025469e+00,-1.791077e-01
-6.151666e+00,-1.040060e+01,9.653909e+00,-4.529470e-01,4.296299e+00,1.084411e+00
9.765348e+00,1.739117e+01,4.217010e+00,-2.102817e+00,4.160285e+00,1.596102e+00
3.102497e+01,3.516314e+01,-9.147056e-01,-1.013562e+00,1.466557e+00,1.795203e-01
-3.371952e+00,-5.626081e+00,8.661640e+00,-2.799206e+00,-1.013568e+00,-9.254974e-01
-6.596159e+00,3.603582e+00,1.294337e+01,-3.193087e+00,-4.194557e-01,-1.513405e-01
-2.432570e+00,1.773902e+01,8.519499e+00,-1.682940e+00,3.823409e-01,-1.339563e-01
5.729650e-01,1.256957e+01,6.654462e+00,-1.170513e+00,5.805135e-01,5.764140e-02
-2.729898e+00,7.231087e+00,5.072902e+00,-1.062455e+00,1.438699e+00,3.845116e-01
5.115936e+00,1.146286e+01,4.743978e+00,-1.027112e+00,1.089986e+00,1.971668e-01
4.461196e+00,8.791187e+00,3.954158e+00,-9.993709e-01,-3.355600e-01,-2.790994e-01
2.677917e+00,9.417170e+00,4.004913e+00,-1.062394e+00,-8.837826e-01,-3.798620e-01
-8.898935e-01,1.215656e+01,2.888171e+00,-1.037410e+00,-1.285746e+00,-4.343798e-01
-1.520228e+00,1.089785e+01,2.394397e+00,-9.450820e-01,-1.212539e+00,-4.139588e-01
-3.276900e+00,8.510706e+00,1.159499e+00,-1.080180e+00,-9.910008e-01,-2.466448e-01
-2.663831e+00,7.228407e+00,1.505093e+00,-1.216467e+00,-6.784006e-01,-1.427727e-01
1.024365e+00,8.109855e+00,1.806544e+00,-1.546858e+00,-2.412831e-01,1.134683e-01
1.876273e+00,8.579796e+00,7.767262e-01,-1.859973e+00,-3.413968e-01,1.879535e-01
2.168838e+00,7.453624e+00,-1.496665e+00,-2.404890e+00,-7.070512e-01,1.370670e-01
3.389408e+00,8.301751e+00,-1.701682e+00,-2.864863e+00,-9.540628e-01,1.168312e-01
4.933945e+00,9.742675e+00,8.776588e-01,-3.522127e+00,-1.543918e+00,-2.060850e-02
4.397072e+00,1.214687e+01,7.661370e-01,-3.924384e+00,-2.139985e+00,4.473073e-02
-8.562183e-01,1.596973e+01,2.537882e+00,-4.249542e+00,-3.030061e+00,-1.860904e-01
-4.125386e+00,1.551528e+01,1.029197e+01,-4.398469e+00,-3.121641e+00,-1.527125e-01
-4.762017e+00,2.129437e+01,1.540933e+01,-3.179004e+00,-1.308191e+00,-6.486143e-02
-2.485402e+00,1.352161e+01,1.402703e+01,-1.530517e+00,-1.979961e-01,-1.132376e-01
5.321955e+00,3.787171e+00,1.119918e+01,-9.636059e-01,6.273064e-01,-3.455535e-01
5.972147e+00,9.228481e+00,8.160059e+00,-1.961258e-01,4.056527e-01,-5.152551e-01
2.273669e+00,6.411921e+00,1.006550e+01,1.938816e+00,3.231643e-01,-1.002624e+00
1.877977e+00,4.256795e+00,8.659356e+00,3.009596e+00,6.982486e-01,-9.408217e-01
2.330000e+00,2.951556e+00,8.566856e+00,4.107857e+00,1.275130e+00,-8.987998e-01
2.518330e+00,3.581459e+00,9.455095e+00,5.021034e+00,1.482417e+00,-7.699005e-01
3.482481e+00,3.308468e+00,1.107547e+01,6.485865e+00,1.417065e+00,-5.721021e-01
4.505061e+00,3.011270e+00,1.306196e+01,7.246048e+00,1.096990e+00,-3.682954e-01
7.255511e+00,4.411674e+00,1.249096e+01,7.690338e+00,5.668715e-01,-1.592724e-01
5.019508e+00,4.382998e+00,1.157842e+01,7.202457e+00,-3.282536e-01,-2.279761e-01
-6.954768e+00,3.832729e+00,7.960209e+00,4.811313e+00,1.189881e-01,-4.811039e-01
-1.297406e+01,-4.338071e+00,4.875003e+00,2.578258e+00,2.135761e+00,1.971421e-02
-6.857775e-01,-5.826426e+00,5.913303e+00,-3.428827e-01,3.584652e+00,8.205984e-01
9.799396e+00,2.419817e-01,4.243719e+00,-2.296537e+00,2.827573e+00,7.989729e-01
1.894330e+01,3.221874e+01,-3.731758e+00,-8.678106e-01,6.326295e-01,2.334906e-02
3.690384e-01,9.596037e+00,4.894849e+00,-1.787717e+00,-9.498057e-01,-1.101386e+00
-7.572377e+00,1.737289e+00,1.228827e+01,-2.816250e+00,6.025120e-01,-1.042987e-01
-1.610465e+00,1.352730e+01,1.051082e+01,-2.174378e+00,1.750804e+00,4.196911e-01
4.072556e+00,1.181756e+01,5.495883e+00,-1.128326e+00,1.137722e+00,-1.511807e-02
1.009449e+00,7.364068e+00,5.641130e+00,-1.160382e+00,5.492671e-01,-7.428885e-02
3.183104e+00,1.046776e+01,3.753622e+00,-9.724751e-01,2.447645e-01,-9.310181e-02
2.562399e+00,1.037103e+01,3.762366e+00,-1.029160e+00,-2.679776e-01,-3.283156e-01
1.415362e+00,9.116295e+00,3.366789e+00,-1.096505e+00,-8.355515e-01,-3.827241e-01
6.209880e-02,1.000696e+01,2.824320e+00,-1.132798e+00,-9.953354e-01,-3.906000e-01
1.838320e-01,1.050817e+01,2.211611e+00,-1.145229e+00,-1.096772e+00,-3.992101e-01
-1.989692e+00,9.968253e+00,2.708635e+00,-1.128255e+00,-1.139053e+00,-3.592808e-01
-2.466506e+00,7.759862e+00,3.225549e+00,-1.231587e+00,-6.872459e-01,-2.379691e-01
-3.973548e-01,8.550534e+00,3.825012e+00,-1.292931e+00,-4.445086e-01,-9.689971e-02
4.606571e-01,9.096217e+00,4.757389e+00,-1.293467e+00,-2.111507e-01,4.974919e-02
7.064192e-01,9.087701e+00,3.202024e+00,-1.322856e+00,-1.415436e-01,1.395303e-01
8.091781e-01,7.812679e+00,1.563631e+00,-1.594238e+00,-1.978101e-01,2.253878e-01
2.521827e+00,9.382906e+00,5.992693e-01,-1.900584e+00,-3.292659e-01,2.096504e-01
3.742351e+00,9.806888e+00,3.931120e-01,-2.397340e+00,-1.002600e+00,4.585090e-02
3.928971e+00,9.691108e+00,5.978101e-01,-2.744176e+00,-1.266390e+00,6.909117e-02
3.846545e+00,1.196029e+01,-1.802167e+00,-3.248324e+00,-1.841066e+00,9.417937e-02
4.080813e+00,1.179194e+01,-1.149440e+00,-3.634929e+00,-2.296156e+00,-1.129215e-01
-1.132189e+00,1.641983e+01,7.499103e+00,-4.315010e+00,-3.446571e+00,-2.297479e-01
-6.218896e+00,2.319872e+01,1.508168e+01,-3.560668e+00,-2.908962e+00,-1.476810e-01
-8.514041e+00,1.241431e+01,1.459867e+01,-1.445610e+00,-8.514532e-01,3.642717e-01
-1.681488e-01,3.832709e+00,1.425058e+01,-7.838381e-01,9.401423e-01,5.330860e-01
7.044292e+00,9.132521e+00,8.618810e+00,3.587191e-01,1.242054e+00,1.787607e-01
4.166315e+00,7.417479e+00,9.855630e+00,1.792531e+00,6.877870e-01,-1.877744e-01
5.342623e-01,4.330262e+00,8.218951e+00,3.312736e+00,8.101655e-01,-3.070488e-01
6.007457e-01,2.871541e+00,8.636810e+00,4.086964e+00,1.228730e+00,-4.397222e-01
2.393126e+00,3.251989e+00,9.540341e+00,5.282576e+00,1.699022e+00,-5.062845e-01
3.556024e+00,4.006949e+00,9.806652e+00,6.098125e+00,1.547120e+00,-5.071526e-01
5.256429e+00,4.201143e+00,1.141671e+01,7.074381e+00,1.024559e+00,-6.628222e-01
5.767805e+00,4.596229e+00,1.370597e+01,7.570855e+00,5.049813e-01,-7.933107e-01
3.912777e+00,7.771830e+00,1.080509e+01,7.433071e+00,-2.710294e-02,-9.636056e-01
-1.585248e+00,6.779005e+00,8.388780e+00,6.476030e+00,-2.680988e-01,-1.138437e+00
-1.154811e+01,2.782985e-01,4.985240e+00,3.881880e+00,1.025201e+00,-5.945711e-01
-1.095399e+01,-2.907604e+00,4.880405e+00,1.671935e+00,2.824441e+00,2.123297e-01
6.550923e+00,-5.420040e+00,3.328642e+00,-1.960383e+00,2.694806e+00,4.622189e-01
8.103353e+00,1.341795e+01,2.332893e+00,-2.996975e+00,1.320383e+00,2.250714e-01
7.799889e+00,1.802216e+01,2.142915e+00,-1.280741e+00,-3.515238e-01,-4.761421e-01
-4.300839e+00,-7.070309e-01,6.005606e+00,-2.272924e+00,-4.150674e-01,-5.141081e-01
-3.663437e+00,8.511008e+00,9.840893e+00,-2.437375e+00,1.469860e+00,5.913213e-01
-2.601279e+00,1.485986e+01,1.021124e+01,-2.013538e+00,1.380703e+00,6.564161e-02
2.991554e+00,8.949934e+00,5.144692e+00,-1.117363e+00,8.701301e-01,1.827571e-02
2.451353e+00,5.936615e+00,2.926629e+00,-1.223799e+00,5.647196e-01,4.063490e-02
-2.524103e-01,1.120735e+01,2.480000e+00,-1.131310e+00,7.224155e-01,7.229006e-02
6.801500e-01,9.569501e+00,2.588245e+00,-1.139902e+00,6.411468e-01,-2.066638e-02
1.327670e+00,9.065626e+00,2.525104e+00,-1.207556e+00,-2.477665e-01,-1.906637e-01
-5.693001e-01,8.445634e+00,3.031965e+00,-1.242294e+00,-3.200392e-01,-2.276035e-01
1.973443e+00,1.049197e+01,2.798477e+00,-1.381508e+00,-3.122081e-01,-1.867606e-01
2.982567e+00,9.038696e+00,2.034055e+00,-1.423851e+00,-7.627368e-01,-3.580805e-01
-1.658493e+00,9.764708e+00,2.997910e+00,-1.536195e+00,-1.150908e+00,-3.826584e-01
-3.438767e+00,8.926843e+00,4.468064e+00,-1.501935e+00,-9.453649e-01,-3.240617e-01
-6.782566e-01,9.507864e+00,5.859904e+00,-1.422570e+00,-1.018332e-01,2.246014e-02
1.667425e+00,9.715316e+00,4.683278e+00,-1.417828e+00,1.767697e-02,1.586966e-01
1.396047e+00,8.494264e+00,2.112870e+00,-1.558355e+00,-1.691854e-01,2.295092e-01
1.603916e+00,9.438007e+00,7.135378e-01,-1.816699e+00,-3.777859e-01,2.156286e-01
3.332757e+00,1.072581e+01,-7.379044e-01,-2.392313e+00,-9.335209e-01,5.482702e-02
2.598767e+00,1.011531e+01,2.717987e-01,-2.787466e+00,-1.211560e+00,8.256149e-02
3.425940e+00,1.279917e+01,4.568075e-01,-3.184800e+00,-1.432323e+00,1.783735e-01
5.816416e+00,1.509426e+01,-3.474753e+00,-3.525623e+00,-2.112621e+00,-9.017685e-02
2.028544e+00,1.250779e+01,6.705826e+00,-4.112220e+00,-3.843235e+00,-5.813982e-01
-2.743835e+00,1.817473e+01,1.173159e+01,-4.048772e+00,-3.767188e+00,-7.805844e-01
-7.278584e+00,1.657780e+01,1.275293e+01,-1.925906e+00,-1.795562e+00,-6.592874e-01
-3.920104e+00,5.959077e+00,1.479149e+01,-1.246826e+00,5.640692e-02,-4.885316e-01
4.589364e+00,1.113998e+01,8.419539e+00,-5.484111e-01,9.254731e-01,-6.032961e-01
3.385734e+00,8.737136e+00,1.038350e+01,9.238002e-01,7.739696e-01,-8.379991e-01
1.969300e+00,5.665496e+00,8.639386e+00,2.654193e+00,1.157773e+00,-8.699742e-01
2.499310e+00,4.206163e+00,8.368932e+00,3.596369e+00,1.524223e+00,-1.011826e+00
3.904435e+00,3.661174e+00,1.034396e+01,4.763905e+00,1.737072e+00,-1.094293e+00
4.472301e+00,4.286894e+00,1.036869e+01,5.560306e+00,1.627405e+00,-1.038505e+00
5.008672e+00,4.125069e+00,1.183878e+01,7.027126e+00,1.059042e+00,-9.270569e-01
5.722080e+00,3.927127e+00,1.437624e+01,7.652614e+00,6.198074e-01,-8.622635e-01
4.696783e+00,7.756748e+00,1.120668e+01,7.812695e+00,1.957399e-01,-7.164201e-01
-1.998817e+00,5.265936e+00,8.769483e+00,7.077812e+00,-6.314752e-02,-9.117255e-01
-1.500289e+01,-3.612526e+00,5.137998e+00,3.817891e+00,2.031513e+00,-1.785897e-01
-1.193500e+01,-8.826718e+00,9.633528e+00,1.285424e+00,4.181117e+00,6.789829e-01
7.522821e+00,-5.160748e+00,6.237556e+00,-2.663080e+00,4.141719e+00,1.209858e+00
1.981606e+01,3.550571e+01,-2.366057e+00,-2.588461e+00,2.980793e+00,9.842974e-01
1.324194e+01,1.557385e+01,4.509377e+00,-1.722187e+00,-2.762268e-01,-1.049338e+00
-2.319006e+00,-3.084922e+00,9.849939e+00,-3.057596e+00,-6.104112e-01,-3.821529e-01
-4.468688e+00,1.483842e+01,1.108850e+01,-2.539389e+00,1.942319e-01,-1.985082e-01
-1.062071e+00,1.754469e+01,8.284687e+00,-1.593230e+00,1.829667e-01,-1.589061e-01
-3.442397e+00,5.682082e+00,6.113091e+00,-1.336174e+00,8.290098e-01,2.006724e-01
3.597029e+00,1.055003e+01,4.008486e+00,-1.254909e+00,1.344097e+00,3.933192e-01
6.346542e+00,1.131543e+01,3.555433e+00,-1.193893e+00,1.512254e-01,-1.258282e-01
4.262549e+00,8.769728e+00,3.188273e+00,-1.243652e+00,-7.953073e-01,-3.472766e-01
-6.105503e-01,1.011215e+01,3.640000e+00,-1.251715e+00,-1.285330e+00,-4.586923e-01
-2.630101e+00,9.916868e+00,3.785176e+00,-1.205082e+00,-1.204500e+00,-4.310386e-01
-3.480242e+00,8.232617e+00,3.356422e+00,-1.154244e+00,-5.874015e-01,-2.448092e-01
-3.375376e-01,8.055620e+00,2.702818e+00,-1.229000e+00,-2.818894e-01,-1.103894e-01
1.164360e+00,7.598208e+00,3.673851e+00,-1.346028e+00,-2.827291e-01,-6.444444e-02
1.159558e+00,8.250884e+00,4.540884e+00,-1.408586e+00,-3.197453e-01,-3.211559e-03
3.697841e-01,8.109170e+00,2.817473e+00,-1.500857e+00,-2.782307e-01,6.876178e-02
5.955910e-02,7.803129e+00,2.440329e+00,-1.653061e+00,-1.667654e-01,1.970367e-01
2.425164e+00,1.031586e+01,2.747587e+00,-1.956776e+00,-1.626170e-01,2.000170e-01
2.904114e+00,1.019329e+01,2.461646e+00,-2.158593e+00,-6.004331e-01,1.222833e-01
4.401316e+00,1.119650e+01,1.060218e+00,-2.540149e+00,-1.073174e+00,1.386165e-01
5.475021e+00,1.178206e+01,-1.510468e-01,-2.754851e+00,-1.524656e+00,1.468832e-02
4.749711e+00,1.415095e+01,-2.560460e+00,-3.422340e+00,-2.607507e+00,-1.897405e-01
1.735250e+00,1.224166e+01,-1.404991e-01,-3.994143e+00,-3.661167e+00,-3.443247e-01
-6.728713e+00,2.302454e+01,1.319312e+01,-3.725476e+00,-3.015785e+00,-5.864387e-03
-1.043552e+01,1.982865e+01,1.440181e+01,-2.542898e+00,-1.778132e+00,2.361595e-01
-6.265862e-01,2.040105e+00,1.528018e+01,-6.941864e-01,1.531449e+00,6.296330e-01
5.035388e+00,5.332008e+00,1.021071e+01,-6.421532e-01,2.137291e+00,4.731487e-01
6.033690e+00,9.042952e+00,1.006834e+01,1.245033e+00,1.221386e+00,7.905093e-02
3.796128e+00,7.096341e+00,8.769329e+00,2.229675e+00,9.723963e-01,-1.457249e-01
2.482234e+00,3.631584e+00,8.164156e+00,3.762745e+00,1.182130e+00,-6.530407e-01
3.845059e+00,3.641856e+00,8.928371e+00,4.517467e+00,1.295539e+00,-8.031699e-01
4.439999e+00,3.949963e+00,9.910022e+00,5.740337e+00,9.424442e-01,-9.002358e-01
4.369836e+00,3.544051e+00,1.022033e+01,6.443603e+00,6.536561e-01,-9.830887e-01
4.758061e+00,3.887324e+00,1.408723e+01,7.272263e+00,2.784261e-01,-1.072310e+00
3.861274e+00,5.012123e+00,1.392324e+01,7.632246e+00,-1.028722e-01,-1.068072e+00
3.910592e-01,4.258193e+00,1.217486e+01,6.619081e+00,-3.511611e-01,-8.923203e-01
-6.197154e+00,3.663772e+00,9.111083e+00,4.885330e+00,-3.155973e-02,-6.492394e-01
-9.337603e+00,-7.591676e+00,5.211166e+00,1.856368e+00,2.183335e+00,1.462552e-01
-2.556453e+00,-7.956355e+00,6.769779e+00,-1.164320e+00,3.450878e+00,6.930278e-01
9.075305e+00,2.146683e+01,3.365855e+00,-3.394169e+00,2.558711e+00,7.657896e-01
1.969714e+01,3.240609e+01,-4.471265e+00,-8.912182e-01,1.553641e+00,7.876798e-01
-5.958617e+00,-1.663575e+00,7.267655e+00,-2.337220e+00,-4.182217e-01,-5.177553e-01
-3.864975e+00,1.463618e+00,9.281256e+00,-2.615542e+00,1.219498e+00,2.865324e-01
3.280377e+00,1.707567e+01,8.211064e+00,-2.174845e+00,1.581091e+00,5.939806e-02
5.511973e+00,1.156035e+01,4.431455e+00,-1.446330e+00,7.849703e-01,-1.121087e-01
-1.907082e+00,8.245104e+00,4.929346e+00,-1.492390e+00,5.285143e-02,-4.510025e-02
-1.060023e+00,1.045817e+01,4.964117e+00,-1.276481e+00,4.434054e-01,-1.591565e-02
1.500257e+00,9.651991e+00,4.538678e+00,-1.247624e+00,4.154946e-01,-5.779809e-02
2.512448e+00,8.706694e+00,4.485510e+00,-1.253487e+00,7.066555e-02,-8.666667e-02
2.580501e+00,1.010977e+01,4.011322e+00,-1.251318e+00,-5.313202e-01,-2.246236e-01
2.215474e+00,9.931016e+00,3.578437e+00,-1.235226e+00,-8.303460e-01,-3.136282e-01
6.773594e-01,9.083105e+00,3.386308e+00,-1.251394e+00,-1.224248e+00,-4.215093e-01
-8.848055e-01,8.305164e+00,3.482900e+00,-1.331385e+00,-1.322062e+00,-3.586892e-01
-1.376990e+00,8.620725e+00,4.094747e+00,-1.335864e+00,-9.896346e-01,-2.520594e-01
-3.725433e-01,8.603599e+00,4.182263e+00,-1.264311e+00,-7.811038e-01,-2.421560e-01
-1.855494e+00,9.123312e+00,4.125682e+00,-1.251346e+00,-6.334901e-01,-1.047473e-01
-2.117870e+00,8.295335e+00,3.072856e+00,-1.338755e+00,-2.380827e-01,6.953767e-02
2.533668e+00,8.821090e+00,6.422342e-01,-1.784331e+00,5.585842e-03,2.858253e-01
6.691421e+00,1.061765e+01,-1.381769e+00,-2.199631e+00,-5.253424e-01,1.281156e-01
6.060073e+00,1.100988e+01,-7.288441e-01,-2.812674e+00,-1.600601e+00,-1.344936e-01
5.600074e+00,1.238729e+01,-7.696521e-02,-3.236077e+00,-2.189572e+00,-1.079543e-01
-3.260746e-01,1.404578e+01,-1.536286e-01,-3.691990e+00,-2.785688e+00,-6.554648e-02
-4.459457e+00,1.593036e+01,6.326276e+00,-4.167085e+00,-3.190099e+00,-6.004725e-02
-9.318322e+00,2.504779e+01,1.518940e+01,-3.563034e+00,-2.036308e+00,2.014662e-01
-8.417903e+00,1.989928e+01,1.405518e+01,-1.498318e+00,-3.578117e-01,5.989723e-01
1.238492e+00,7.200270e-01,1.617604e+01,-7.231968e-01,1.549580e+00,4.587797e-01
8.068274e+00,9.804123e+00,8.268395e+00,-5.686899e-01,1.601215e+00,3.369643e-01
4.523064e+00,8.082213e+00,1.037677e+01,1.764897e+00,6.362754e-01,-2.228594e-01
2.748480e+00,6.082929e+00,9.395704e+00,2.993663e+00,6.509205e-01,-5.165436e-01
3.288795e+00,2.188972e+00,8.722909e+00,4.157901e+00,9.709569e-01,-1.011820e+00
4.234662e+00,3.141839e+00,9.090153e+00,5.005512e+00,1.037730e+00,-1.169622e+00
4.354681e+00,3.040639e+00,1.016966e+01,6.205474e+00,7.191012e-01,-1.173188e+00
4.454559e+00,2.678665e+00,1.056632e+01,6.986183e+00,4.481352e-01,-1.249814e+00
4.439921e+00,3.637919e+00,1.446352e+01,7.799555e+00,1.467323e-01,-1.259729e+00
4.427906e+00,5.033743e+00,1.147244e+01,7.847197e+00,1.604473e-01,-1.141097e+00
3.333363e-01,6.949485e+00,9.852568e+00,6.272728e+00,-4.832177e-01,-6.787513e-01
-7.750890e+00,1.014700e+00,7.886661e+00,4.597568e+00,1.763548e-01,-5.869068e-01
-9.919373e+00,-9.509400e+00,4.600527e+00,4.331510e-01,2.980484e+00,4.677585e-01
3.735963e+00,-8.785808e+00,6.534153e+00,-2.413807e+00,3.305083e+00,9.343477e-01
2.410545e+01,3.941000e+01,-7.807514e+00,-2.442837e+00,1.679934e+00,1.188824e+00
2.158582e+01,3.380468e+01,-2.098505e+00,-7.205139e-01,-1.445356e+00,-1.358250e+00
-1.283240e+01,-4.260956e+00,1.020801e+01,-2.983164e+00,-6.682836e-01,-2.817469e-01
-8.475794e+00,1.064278e+01,1.364847e+01,-3.034099e+00,7.897850e-01,6.266954e-01
3.085244e+00,1.506311e+01,7.400594e+00,-1.626147e+00,2.232309e+00,3.511162e-01
7.072023e+00,9.799000e+00,5.058988e+00,-1.122222e+00,1.339587e+00,2.706931e-01
1.651770e+00,1.021672e+01,2.940611e+00,-1.182258e+00,3.381889e-01,5.593101e-02
2.562243e-01,1.076135e+01,3.833668e+00,-1.057183e+00,-2.293016e-02,-1.066719e-01
1.067302e-01,9.227882e+00,4.125388e+00,-1.086003e+00,-2.003723e-01,-1.571195e-01
2.693040e-01,9.411975e+00,3.721975e+00,-1.065978e+00,-1.306414e-01,-8.229524e-02
2.872431e+00,1.029253e+01,2.469026e+00,-1.156487e+00,-4.200457e-01,-8.563243e-02
3.042893e+00,1.029612e+01,1.843176e+00,-1.168042e+00,-9.405713e-01,-2.954822e-01
-9.874622e-01,9.269296e+00,1.605633e+00,-1.320542e+00,-1.593247e+00,-3.966371e-01
-3.893914e+00,8.404662e+00,2.540405e+00,-1.356036e+00,-1.593899e+00,-4.184083e-01
-4.254001e+00,8.283077e+00,4.549948e+00,-1.388156e+00,-5.197487e-01,-7.046216e-02
-4.173707e-01,9.229131e+00,5.239799e+00,-1.326667e+00,4.025793e-03,9.460747e-02
3.274766e+00,8.517236e+00,1.136238e+00,-1.420914e+00,7.019685e-02,2.473440e-01
2.818112e+00,8.107021e+00,-4.457448e-01,-1.671536e+00,-1.875451e-01,2.735963e-01
3.278031e+00,1.088836e+01,-1.524208e+00,-2.450584e+00,-8.430874e-01,1.294582e-01
3.085968e+00,1.097425e+01,1.126952e-01,-2.823006e+00,-1.240099e+00,7.419043e-02
4.180883e+00,1.143649e+01,1.567065e+00,-3.186159e+00,-1.362580e+00,2.880754e-01
4.837241e+00,1.470000e+01,-3.032562e+00,-3.460808e+00,-1.771335e+00,3.115656e-01
-1.506985e-02,1.164585e+01,2.303459e+00,-4.219471e+00,-3.346844e+00,-2.862255e-01
-3.511959e+00,1.664084e+01,1.005700e+01,-4.534881e+00,-3.610445e+00,-2.202949e-01
-9.380861e+00,2.404542e+01,1.642971e+01,-3.088938e+00,-2.278360e+00,-2.372285e-02
-8.386746e+00,1.267797e+01,1.508171e+01,-1.397621e+00,-7.897667e-01,3.438818e-01
2.890535e+00,4.138610e+00,1.110090e+01,-8.017565e-01,1.639577e+00,4.011334e-01
5.554809e+00,9.475784e+00,9.280661e+00,5.262964e-01,1.286989e+00,1.942452e-01
1.986847e+00,5.359712e+00,9.017555e+00,2.188780e+00,1.097042e+00,-1.449015e-01
1.736197e+00,3.974559e+00,8.016113e+00,3.208446e+00,1.241286e+00,-2.865490e-01
2.275949e+00,1.606775e+00,9.145483e+00,4.577543e+00,1.697544e+00,-6.949902e-01
3.130126e+00,2.906131e+00,9.003028e+00,5.256400e+00,1.722289e+00,-6.798653e-01
4.219425e+00,4.570821e+00,1.001507e+01,6.250572e+00,1.446507e+00,-7.024067e-01
4.908063e+00,4.070696e+00,1.162001e+01,7.003421e+00,1.105127e+00,-7.899148e-01
5.326550e+00,5.567287e+00,1.346515e+01,7.814027e+00,4.126714e-01,-8.438298e-01
5.565261e+00,7.227321e+00,1.189154e+01,7.742527e+00,2.709823e-01,-8.779461e-01
-3.486057e+00,4.274425e+00,8.112028e+00,6.175951e+00,-4.137484e-01,-8.859552e-01
-1.593101e+01,-3.809114e+00,6.374236e+00,4.281911e+00,5.050177e-01,-5.961763e-01
-9.528410e+00,-7.895500e+00,9.256531e+00,-1.426189e-01,4.036989e+00,8.375175e-01
5.912511e+00,-8.264806e+00,8.884964e+00,-2.654708e+00,4.126908e+00,9.622145e-01
3.762832e+01,3.870883e+01,-4.904025e+00,-1.108669e+00,2.591642e+00,1.508431e+00
9.341571e+00,4.124569e+00,3.772827e-01,-8.225084e-01,-8.414078e-01,-1.216346e+00
-8.180928e+00,1.245346e+00,1.103929e+01,-2.904214e+00,-1.686690e-01,-2.044459e-02
-1.137231e+01,1.178376e+01,1.178389e+01,-2.492059e+00,8.579183e-01,1.813538e-01
4.402852e+00,1.460273e+01,5.086078e+00,-1.272877e+00,1.601820e+00,1.465236e-01
4.894270e+00,4.241505e+00,3.728257e+00,-1.081583e+00,9.007811e-01,3.112997e-02
1.777394e+00,1.112016e+01,2.733016e+00,-1.194807e+00,5.634047e-01,4.392333e-02
3.283880e+00,1.100776e+01,2.891926e+00,-1.182407e+00,1.677758e-01,-1.551750e-01
9.211552e-01,8.883385e+00,2.528784e+00,-1.267536e+00,-9.644673e-01,-4.336478e-01
-1.071656e+00,9.891778e+00,2.599050e+00,-1.377273e+00,-1.089121e+00,-3.456232e-01
2.779172e-01,9.957159e+00,1.342144e+00,-1.419031e+00,-9.439184e-01,-2.733924e-01
-4.110211e-01,8.217525e+00,2.051276e-01,-1.510506e+00,-9.563433e-01,-2.413037e-01
-2.842547e+00,8.706088e+00,2.320777e+00,-1.727736e+00,-7.238096e-01,-1.176921e-01
-2.861873e+00,8.554966e+00,4.664814e+00,-1.701596e+00,-2.566770e-01,-2.229905e-02
3.740668e+00,9.948852e+00,5.589332e+00,-1.660498e+00,-2.946323e-02,9.540040e-02
2.568710e+00,9.404725e+00,3.799021e+00,-1.637645e+00,-2.995448e-01,9.776778e-02
-5.723246e-01,8.322246e+00,2.335377e+00,-1.845899e+00,-4.053332e-01,3.069403e-01
1.420435e+00,1.054700e+01,-5.638529e-01,-2.189139e+00,-4.732267e-01,2.593750e-01
3.013458e+00,9.277544e+00,1.037544e+00,-2.614645e+00,-1.037457e+00,1.070919e-01
3.809736e+00,1.014011e+01,1.384062e+00,-2.922880e+00,-1.209893e+00,2.098363e-01
3.407646e+00,1.370017e+01,-1.767981e+00,-3.398487e+00,-1.824501e+00,2.466667e-01
2.665830e+00,1.299674e+01,-2.096066e+00,-3.786253e+00,-2.391068e+00,-5.805984e-02
-1.832480e+00,1.589407e+01,7.843193e+00,-4.436916e+00,-3.186062e+00,-1.521619e-01
-5.286509e+00,2.510796e+01,1.511224e+01,-4.050524e+00,-2.705218e+00,-1.872234e-01
-6.738613e+00,1.161953e+01,1.611414e+01,-1.365472e+00,-5.233394e-01,1.611303e-01
-5.893410e-02,4.636155e+00,1.568156e+01,-1.122556e+00,1.097117e+00,1.788510e-01
6.315309e+00,9.138924e+00,9.737738e+00,3.488251e-01,1.054417e+00,-2.549805e-01
3.932120e+00,6.437696e+00,1.021160e+01,1.751625e+00,8.147411e-01,-7.777733e-01
2.752540e+00,4.068348e+00,8.298317e+00,3.185028e+00,9.818187e-01,-1.105241e+00
2.820936e+00,2.591023e+00,9.069912e+00,3.981985e+00,1.206628e+00,-1.348458e+00
3.613841e+00,3.993841e+00,8.800757e+00,5.402080e+00,1.282624e+00,-1.325649e+00
3.728958e+00,3.711042e+00,9.586443e+00,6.202505e+00,1.130417e+00,-1.332626e+00
4.148493e+00,3.048089e+00,1.213690e+01,7.155966e+00,8.015920e-01,-1.288820e+00
4.871122e+00,5.508203e+00,1.404015e+01,7.600802e+00,5.067280e-01,-1.138616e+00
4.491400e+00,7.320684e+00,1.220823e+01,7.731557e+00,3.650306e-02,-8.858684e-01
1.194509e-01,4.251176e+00,8.935027e+00,6.759077e+00,-3.440927e-01,-9.304112e-01
-1.377153e+01,-3.275870e+00,4.883944e+00,3.602078e+00,1.860810e+00,-4.357662e-01
-8.963466e+00,-8.676881e+00,7.056040e+00,1.228671e+00,3.755197e+00,5.206203e-01
7.250087e+00,-3.956378e+00,6.139513e+00,-2.736482e+00,3.763058e+00,1.166054e+00
2.413521e+01,3.904063e+01,-3.616057e+00,-2.668911e+00,2.800994e+00,1.039902e+00
4.007082e+00,2.067328e+00,5.784892e+00,-2.149047e+00,-1.152488e+00,-1.815515e+00
4.055260e-01,-6.097890e+00,9.264595e+00,-3.147820e+00,-5.085276e-01,-2.227828e-01
-4.294527e+00,1.500759e+01,1.274926e+01,-2.831095e+00,-3.875882e-01,-2.915938e-01
-5.372909e+00,1.992133e+01,1.073824e+01,-2.000526e+00,-1.750033e-01,-4.023557e-01
-4.163479e+00,5.789665e+00,5.259723e+00,-1.108889e+00,7.638212e-01,3.171481e-01
-1.255382e+00,9.374772e+00,3.162616e+00,-1.013607e+00,1.310179e+00,4.664433e-01
3.153365e+00,1.052664e+01,2.898647e+00,-1.004549e+00,1.127570e+00,3.334562e-01
3.364301e+00,8.216173e+00,2.541021e+00,-9.977274e-01,5.707945e-01,1.434025e-01
1.664253e+00,9.311598e+00,2.788612e+00,-1.157918e+00,-1.528960e-01,-2.366363e-02
1.719910e+00,1.011903e+01,2.302745e+00,-1.253078e+00,-3.529783e-01,-1.490617e-01
2.280000e+00,9.081036e+00,1.017753e+00,-1.470084e+00,-8.242342e-01,-2.149098e-01
-1.435470e-01,9.050543e+00,1.455940e+00,-1.590625e+00,-1.195742e+00,-2.986228e-01
-4.208850e+00,9.117299e+00,3.006553e+00,-1.662190e+00,-1.130098e+00,-2.515850e-01
-4.581419e+00,7.446959e+00,4.925338e+00,-1.594468e+00,-3.683736e-01,-1.043091e-01
4.574726e+00,9.955134e+00,4.736623e+00,-1.666253e+00,2.435404e-01,2.023738e-01
3.133950e+00,8.086712e+00,2.967012e+00,-1.718443e+00,-5.688494e-02,2.357781e-01
1.004287e+00,9.466978e+00,2.158098e+00,-2.108998e+00,-5.182856e-01,2.400819e-01
1.770693e+00,1.060344e+01,1.022064e+00,-2.344336e+00,-7.531891e-01,1.678155e-01
4.785053e+00,9.867296e+00,7.070503e-01,-2.743702e+00,-1.012657e+00,2.175041e-01
5.978263e+00,1.214773e+01,-1.330467e+00,-3.097171e+00,-1.403995e+00,1.662025e-01
3.915402e+00,1.363653e+01,-1.914392e+00,-3.683136e+00,-2.558750e+00,-1.634068e-01
-1.271361e+00,1.384793e+01,5.338390e+00,-4.144708e+00,-3.497921e+00,-3.829244e-01
-6.301861e+00,2.266131e+01,1.520475e+01,-4.057676e+00,-3.101894e+00,-3.137969e-01
-9.598403e+00,1.957893e+01,1.500706e+01,-2.412765e+00,-1.544708e+00,-6.914737e-02
1.604284e-01,5.245899e+00,1.341611e+01,-1.088969e+00,1.353627e+00,2.655181e-01
7.984290e+00,8.959009e+00,8.559641e+00,-7.071118e-01,1.738919e+00,7.165954e-02
6.798212e+00,6.762916e+00,1.013320e+01,1.492718e+00,9.520466e-01,-6.933948e-01
4.531138e+00,4.500099e+00,8.609723e+00,2.573127e+00,6.873188e-01,-8.971571e-01
2.470912e+00,3.388055e+00,7.947461e+00,3.854500e+00,9.688899e-01,-1.216244e+00
2.076311e+00,3.310000e+00,9.271093e+00,4.715533e+00,1.336658e+00,-1.291373e+00
3.081678e+00,3.415878e+00,9.774503e+00,5.746448e+00,1.516965e+00,-1.171197e+00
3.977145e+00,3.750179e+00,1.058982e+01,6.468735e+00,1.447396e+00,-1.075304e+00
5.942426e+00,3.664161e+00,1.399797e+01,7.629313e+00,7.972953e-01,-8.970254e-01
7.144122e+00,6.647675e+00,1.349292e+01,8.011620e+00,-7.912758e-02,-7.198733e-01
4.554855e+00,6.820869e+00,1.027567e+01,7.241121e+00,-9.963878e-01,-1.385785e+00
-1.157384e+01,1.377765e+00,4.870487e+00,5.881801e+00,-9.579594e-01,-1.422163e+00
-1.408106e+01,-9.248506e+00,3.730590e+00,1.809376e+00,3.060460e+00,2.556914e-02
-8.803701e-01,-1.373723e+01,2.708756e+00,-1.363375e+00,4.140798e+00,1.100506e+00
1.519196e+01,3.632665e+01,-1.377854e+00,-3.132318e+00,3.200792e+00,1.134322e+00
1.401875e+01,1.765093e+01,2.339504e+00,-7.137663e-01,2.073769e+00,9.077119e-01
-3.764763e+00,-6.772333e+00,8.772528e+00,-2.631699e+00,-9.548634e-02,-5.778624e-01
-4.533743e+00,3.914048e+00,1.232006e+01,-2.986630e+00,6.084600e-01,2.066958e-01
1.067510e-01,1.718757e+01,9.097030e+00,-1.870984e+00,1.045032e+00,-1.009162e-01
3.281264e+00,9.957036e+00,5.834560e+00,-1.344292e+00,7.625727e-01,-5.978789e-02
-4.402264e-01,8.097242e+00,3.686864e+00,-1.434038e+00,4.510619e-01,1.488614e-01
-3.650829e-02,1.243166e+01,3.313934e+00,-1.235550e+00,5.887129e-01,6.092973e-02
2.494494e+00,9.192724e+00,2.733190e+00,-1.136002e+00,-3.094586e-01,-2.269071e-01
-3.116590e-02,7.537872e+00,2.704187e+00,-1.169386e+00,-6.614103e-01,-3.357832e-01
8.567152e-01,1.037440e+01,2.865584e+00,-1.224328e+00,-4.732979e-01,-3.009571e-01
1.520412e+00,1.042775e+01,2.181043e+00,-1.286457e+00,-6.205773e-01,-3.706224e-01
1.535428e+00,9.119802e+00,1.599208e+00,-1.533033e+00,-1.318668e+00,-5.236283e-01
-6.139128e-01,9.238514e+00,2.928678e+00,-1.615287e+00,-1.546451e+00,-6.010580e-01
-2.972487e+00,1.002777e+01,5.052539e+00,-1.514314e+00,-1.068114e+00,-3.410115e-01
-2.744827e+00,8.746239e+00,4.639371e+00,-1.472784e+00,-4.766903e-01,-1.086317e-01
1.730968e+00,8.989378e+00,2.694055e-01,-1.641423e+00,-6.305626e-02,1.584705e-01
3.270986e+00,8.913852e+00,-1.511293e+00,-2.114241e+00,-4.299132e-01,1.382895e-01
2.921738e+00,1.082638e+01,-1.270880e+00,-2.797480e+00,-1.223568e+00,-7.113220e-02
2.871077e+00,1.013874e+01,5.151805e-01,-3.212521e+00,-1.467712e+00,-4.888621e-02
6.078050e+00,1.315231e+01,-1.678769e+00,-3.729964e+00,-1.846629e+00,-1.117061e-02
5.716910e+00,1.458412e+01,-2.209461e+00,-4.004089e+00,-2.490513e+00,-1.446970e-01
-1.897771e+00,1.627600e+01,1.127958e+01,-4.776250e+00,-3.870512e+00,-7.981542e-01
-3.186655e+00,2.184682e+01,1.554393e+01,-4.365229e+00,-3.520520e+00,-7.957133e-01
-6.714043e+00,1.405714e+01,1.624555e+01,-1.656344e+00,-1.574598e+00,-6.406749e-01
1.877017e+00,4.913645e+00,1.225607e+01,-1.308287e+00,-8.354680e-02,-5.617678e-01
5.390545e+00,9.061030e+00,9.251152e+00,3.133605e-01,1.828338e-01,-1.095319e+00
2.042248e+00,6.491033e+00,1.107383e+01,1.673096e+00,2.453186e-01,-1.404130e+00
1.185242e+00,2.917166e+00,7.883433e+00,3.249950e+00,1.156060e+00,-1.298505e+00
1.896259e+00,2.070825e+00,8.561267e+00,4.020049e+00,1.628653e+00,-1.363492e+00
2.902278e+00,2.421329e+00,9.446607e+00,5.405872e+00,2.084531e+00,-1.148798e+00
4.328254e+00,3.371040e+00,9.801767e+00,6.165918e+00,2.052510e+00,-1.037305e+00
7.548429e+00,2.825785e+00,1.236681e+01,7.279584e+00,1.480502e+00,-9.531235e-01
8.819443e+00,3.915623e+00,1.307149e+01,7.788672e+00,6.259597e-01,-8.553755e-01
9.479447e+00,9.395617e+00,1.252619e+01,7.748027e+00,-1.359805e+00,-1.001290e+00
3.441427e+00,7.764319e+00,1.044968e+01,6.825665e+00,-2.287576e+00,-1.516675e+00
-2.481368e+01,-1.229483e+00,8.033515e+00,3.968399e+00,4.709939e-02,-9.620273e-01
-9.928950e+00,-1.426295e+01,5.509364e-01,1.597044e+00,3.236404e+00,2.252481e-01
4.190032e+00,1.197860e+01,4.684444e+00,-3.272058e+00,4.237482e+00,1.233741e+00
2.217730e+01,3.803616e+01,5.011177e-01,-1.660650e+00,3.879027e+00,1.665783e+00
7.830615e+00,-6.619606e+00,5.006029e+00,-2.744371e+00,2.415777e-01,-8.287396e-01
1.784218e+00,4.530915e-01,1.031711e+01,-3.073175e+00,-4.151284e-01,-1.288767e-01
-6.384520e+00,1.328405e+01,1.239211e+01,-2.690905e+00,-1.039765e+00,-6.664340e-01
-4.353011e+00,1.798426e+01,9.734602e+00,-1.847253e+00,-3.309120e-01,-3.067323e-01
-2.935611e+00,5.315304e+00,4.269085e+00,-1.280978e+00,6.984194e-01,2.285606e-01
-2.025093e+00,1.053072e+01,4.313137e+00,-1.273171e+00,1.199800e+00,4.323215e-01
5.889374e+00,1.138135e+01,3.021426e+00,-1.044616e+00,8.005263e-01,1.636890e-01
5.149243e+00,8.174861e+00,2.437658e+00,-1.108065e+00,-3.960407e-01,-2.372944e-01
6.566530e-01,9.512703e+00,3.748508e+00,-1.291791e+00,-1.071335e+00,-3.291287e-01
-7.074641e-01,1.057850e+01,2.886154e+00,-1.308382e+00,-1.237986e+00,-3.837656e-01
-1.354931e+00,9.440960e+00,1.271652e+00,-1.363138e+00,-1.229477e+00,-3.460122e-01
-2.734623e+00,8.989861e+00,1.466990e+00,-1.463841e+00,-1.015801e+00,-2.643910e-01
-2.016402e+00,9.128391e+00,4.390414e+00,-1.503742e+00,-3.229599e-01,-6.439370e-02
-2.965829e-01,9.415528e+00,5.387186e+00,-1.451132e+00,-2.245209e-02,3.280112e-02
2.619843e+00,9.653609e+00,3.954591e+00,-1.456789e+00,1.894840e-02,1.443994e-01
2.115237e+00,8.511952e+00,1.296441e+00,-1.611782e+00,-2.197304e-01,1.524703e-01
2.301223e+00,9.542994e+00,-5.676709e-01,-2.190373e+00,-7.225907e-01,6.747763e-02
2.544915e+00,1.008810e+01,3.918463e-01,-2.517514e+00,-1.149283e+00,-7.249988e-02
3.183736e+00,9.226044e+00,1.773713e+00,-2.913539e+00,-1.414303e+00,-4.873847e-02
3.235338e+00,1.219535e+01,-6.687005e-01,-3.186686e+00,-1.686785e+00,-3.865762e-03
3.115182e+00,1.415042e+01,-1.185677e+00,-3.865272e+00,-2.567171e+00,-3.514165e-01
-1.518951e-01,1.375066e+01,5.455680e+00,-4.430399e+00,-3.216003e+00,-6.872772e-01
-3.263310e+00,2.270375e+01,1.494347e+01,-4.051806e+00,-2.855660e+00,-6.950358e-01
-4.625238e+00,1.789189e+01,1.513152e+01,-2.148724e+00,-1.641917e+00,-7.443820e-01
3.831241e+00,4.881829e+00,1.050628e+01,-1.452760e+00,2.382774e-01,-7.152344e-01
6.342637e+00,1.002220e+01,8.232020e+00,-5.044287e-01,2.882753e-01,-8.880028e-01
3.055701e+00,6.783785e+00,1.000530e+01,1.549494e+00,2.961677e-01,-1.351111e+00
2.271815e+00,3.900217e+00,7.663152e+00,2.570652e+00,8.288683e-01,-1.341040e+00
3.860000e+00,2.889232e+00,8.098392e+00,3.758918e+00,1.426145e+00,-1.375729e+00
4.040592e+00,3.747664e+00,8.340592e+00,4.461148e+00,1.500595e+00,-1.231423e+00
3.736072e+00,4.006964e+00,9.181792e+00,5.754937e+00,1.392216e+00,-8.522096e-01
4.229191e+00,3.101618e+00,1.037074e+01,6.436649e+00,1.196768e+00,-6.202048e-01
5.964043e+00,3.779009e+00,1.262179e+01,7.368711e+00,5.611928e-01,-2.603953e-01
7.704082e+00,7.209554e+00,1.296818e+01,7.779799e+00,-3.700327e-01,-6.144026e-02
1.918539e+00,5.138231e+00,9.155166e+00,7.296590e+00,-1.564429e+00,-8.937607e-01
-5.589972e+00,3.463212e+00,5.956239e+00,5.635771e+00,-1.329040e+00,-9.723376e-01
-1.401028e+01,-9.281876e+00,4.995910e+00,2.781990e+00,1.721459e+00,-1.797151e-01
-2.197980e+00,-1.094048e+01,2.255837e+00,-5.613406e-02,3.616373e+00,1.025664e+00
1.053934e+01,1.878058e+01,3.808246e+00,-4.005258e+00,3.282234e+00,1.014062e+00
3.237844e+01,3.914449e+01,-4.225915e+00,-8.197671e-01,2.307989e+00,1.499833e+00
-6.579022e+00,-8.137841e+00,7.401767e+00,-2.107590e+00,-1.924369e+00,-1.464347e+00
-6.905849e+00,-6.374394e-01,1.022235e+01,-2.955352e+00,-5.792378e-01,-1.614770e-02
-1.110889e+01,1.771799e+01,1.284275e+01,-2.355405e+00,1.287644e+00,-1.312440e-01
7.552623e-01,1.026821e+01,7.467996e+00,-1.640857e+00,2.084351e+00,3.636796e-01
6.655600e+00,6.075760e+00,4.426800e+00,-1.474476e+00,1.649317e+00,4.406191e-01
5.084097e+00,1.170878e+01,2.836248e+00,-1.420740e+00,7.979891e-01,3.134333e-01
7.541601e-01,9.482060e+00,3.113151e+00,-1.252445e+00,-7.349801e-02,-1.412421e-01
-4.068925e-01,8.572377e+00,3.263871e+00,-1.288927e+00,-3.146733e-01,-1.519166e-01
-1.897702e-01,8.641289e+00,3.180683e+00,-1.292010e+00,1.174963e-02,-4.352416e-02
1.308354e+00,9.258849e+00,3.293257e+00,-1.297104e+00,1.559344e-01,-4.759422e-02
9.935863e-01,8.690915e+00,2.979085e+00,-1.295467e+00,-2.271577e-01,-2.283122e-01
1.262823e+00,8.640306e+00,3.411684e+00,-1.331647e+00,-3.539126e-01,-3.075064e-01
1.165466e-01,8.814964e+00,3.911654e+00,-1.457665e+00,-4.250642e-01,-2.585935e-01
5.392516e-01,8.458129e+00,4.491213e+00,-1.465709e+00,-3.256456e-01,-2.352301e-01
-2.820081e-01,8.787951e+00,4.474779e+00,-1.507888e+00,-1.925788e-01,-5.834318e-02
6.231060e-01,7.773815e+00,2.589373e+00,-1.599211e+00,-1.161878e-01,6.714631e-02
3.913812e+00,9.144217e+00,1.361620e+00,-2.100181e+00,-4.411905e-01,8.288681e-02
3.323457e+00,9.865502e+00,1.042068e+00,-2.447956e+00,-1.096239e+00,-3.065692e-02
-5.093874e-01,9.693892e+00,2.243473e+00,-2.981253e+00,-1.430425e+00,-3.362513e-03
1.892028e+00,1.072002e+01,1.612340e+00,-3.233515e+00,-1.359592e+00,1.131518e-02
9.518027e+00,1.838060e+01,-3.089872e+00,-4.176666e+00,-2.134762e+00,-1.815129e-01
5.699544e+00,1.641509e+01,2.674133e+00,-4.410072e+00,-4.078522e+00,-5.897444e-01
-4.214259e+00,1.663160e+01,1.580924e+01,-4.066133e+00,-4.488136e+00,-9.811662e-01
-9.580531e+00,1.798554e+01,1.751041e+01,-3.049222e+00,-3.111660e+00,-9.584824e-01
-8.119938e-01,3.997049e+00,1.380214e+01,-1.447861e+00,-1.050820e-01,-1.541219e-01
4.627263e+00,8.645102e+00,8.743147e+00,-8.697466e-01,1.190323e+00,-2.468551e-01
4.035444e+00,6.511661e+00,9.909679e+00,1.490289e+00,1.425264e+00,-1.096212e+00
4.177140e+00,2.898313e+00,8.260488e+00,2.450202e+00,1.604535e+00,-1.046081e+00
3.243599e+00,3.491734e+00,8.246443e+00,3.502935e+00,1.687277e+00,-1.230581e+00
2.494638e+00,3.310229e+00,9.629936e+00,4.403283e+00,1.833823e+00,-1.308737e+00
3.651664e+00,2.743635e+00,9.724848e+00,5.842682e+00,2.126217e+00,-1.113018e+00
4.860214e+00,3.107309e+00,1.033274e+01,6.657493e+00,1.883400e+00,-9.571077e-01
7.673476e+00,3.476234e+00,1.305110e+01,7.654445e+00,7.425393e-01,-6.183861e-01
9.229641e+00,7.388722e+00,1.121876e+01,7.887816e+00,-3.096765e-02,-5.001698e-01
2.862851e+00,7.108294e+00,9.578725e+00,7.217105e+00,-1.359125e+00,-1.214030e+00
-8.530106e+00,5.161764e+00,5.161349e+00,5.609045e+00,-7.935503e-01,-1.200143e+00
-1.154848e+01,-9.231663e+00,2.615781e+00,2.361443e+00,3.241288e+00,3.017928e-01
-1.238954e+00,-1.004204e+01,-1.263760e-01,-4.821455e-01,4.381242e+00,1.274462e+00
7.773559e+00,9.533905e+00,6.491207e+00,-3.700882e+00,2.821567e+00,6.023197e-01
2.642476e+01,3.852182e+01,-3.977133e+00,-1.292109e+00,1.909989e+00,1.170613e+00
-1.351657e+00,-4.197543e+00,5.168692e+00,-2.160582e+00,-8.218361e-01,-1.187197e+00
8.538046e-01,3.986837e+00,1.005306e+01,-2.960963e+00,3.504077e-02,1.806576e-01
-8.821985e+00,1.479269e+01,1.284197e+01,-2.663656e+00,-2.651526e-01,-5.304062e-01
-5.893297e+00,1.502411e+01,1.026304e+01,-1.968031e+00,4.604484e-01,-2.301064e-01
-4.363311e-01,4.356818e+00,4.686818e+00,-1.321849e+00,7.267388e-01,2.094319e-01
-2.332657e-01,1.061123e+01,4.017755e+00,-1.492992e+00,1.124766e+00,4.034271e-01
2.721575e+00,1.067663e+01,3.861685e+00,-1.298532e+00,1.250462e+00,2.422198e-01
5.664335e+00,8.891234e+00,3.312423e+00,-1.334453e+00,2.348562e-01,-5.693888e-02
1.601187e-01,8.421014e+00,4.650059e+00,-1.357355e+00,-5.647754e-01,-2.749712e-01
6.002743e-01,1.058201e+01,4.660091e+00,-1.374846e+00,-5.087248e-01,-2.807900e-01
3.235066e-01,9.673130e+00,4.180688e+00,-1.159005e+00,-6.446212e-01,-4.010042e-01
-1.112606e-01,9.445042e+00,3.708252e+00,-1.167851e+00,-7.834919e-01,-4.188285e-01
-1.886667e+00,8.824601e+00,3.853016e+00,-1.255142e+00,-7.008259e-01,-3.198187e-01
-1.333278e+00,7.830407e+00,4.116278e+00,-1.278043e+00,-3.679973e-01,-1.958257e-01
1.075694e+00,8.171070e+00,3.241416e+00,-1.459903e+00,1.965611e-02,5.693110e-02
1.258084e+00,7.870848e+00,1.786589e+00,-1.629756e+00,-9.022172e-02,8.727587e-02
2.062061e+00,8.284086e+00,2.310037e-01,-2.209279e+00,-6.136422e-01,1.062692e-02
3.335798e+00,8.623787e+00,1.240236e-01,-2.572286e+00,-9.865602e-01,-1.113940e-01
1.969928e+00,9.647601e+00,6.540355e-01,-3.284794e+00,-1.580370e+00,-1.266698e-01
3.332535e+00,1.175888e+01,-1.390409e+00,-3.769998e+00,-1.788540e+00,-1.213714e-01
6.823913e+00,1.750907e+01,-1.177267e+00,-4.441242e+00,-2.671770e+00,-3.894533e-01
-9.241924e-01,1.890887e+01,1.159038e+01,-4.769751e+00,-4.142981e+00,-7.516576e-01
-7.611695e+00,2.176232e+01,1.889021e+01,-3.614197e+00,-3.351375e+00,-6.190160e-01
-8.037558e+00,1.227027e+01,1.684725e+01,-1.953918e+00,-1.505117e+00,-2.584384e-01
9.230202e+00,8.125558e+00,7.548630e+00,-8.436283e-01,7.656481e-01,-3.074392e-01
1.099116e+01,9.547758e+00,6.250543e+00,3.980905e-01,8.607231e-01,-8.705231e-01
8.367312e+00,2.829982e+00,6.490715e+00,2.537019e+00,3.399140e-01,-1.850898e+00
7.407988e+00,1.747127e+00,5.295656e+00,3.185912e+00,3.195879e-01,-1.975430e+00
4.328635e+00,2.898277e+00,8.497220e+00,4.293992e+00,5.881501e-01,-2.282267e+00
2.629902e+00,2.947846e+00,9.747974e+00,5.032949e+00,8.710555e-01,-2.249160e+00
3.352449e+00,4.614150e+00,1.206222e+01,6.492411e+00,1.299519e+00,-1.634276e+00
4.620205e+00,4.407320e+00,1.419886e+01,7.443369e+00,1.101010e+00,-1.205384e+00
7.523974e+00,5.283295e+00,1.131639e+01,8.190356e+00,1.242118e-01,-4.570730e-01
6.977583e+00,5.771634e+00,1.226314e+01,7.955559e+00,-5.751028e-01,-4.319502e-01
-7.982077e+00,1.823085e+00,5.975303e+00,5.460209e+00,-9.713530e-01,-1.064187e+00
-1.950821e+01,-4.837610e+00,6.210587e+00,3.168823e+00,9.871707e-01,-5.103795e-01
1.259946e+00,-1.028760e+01,3.991512e+00,-4.890695e-01,4.050814e+00,1.202950e+00
4.898367e+00,-3.296112e+00,7.189598e+00,-3.213996e+00,4.106955e+00,1.423879e+00
2.972678e+01,3.812597e+01,-5.967191e+00,-6.745251e-01,2.175563e+00,1.075570e+00
1.974907e+00,-6.739057e+00,4.015590e+00,-1.317882e+00,-8.653067e-01,-1.849594e+00
-8.261994e-01,3.173872e+00,1.127936e+01,-3.215188e+00,-4.947427e-01,-1.959266e-01
-4.958954e+00,1.386052e+01,1.182961e+01,-3.188873e+00,-6.068733e-01,-4.839070e-01
-6.084538e+00,8.203597e+00,8.516193e+00,-2.124222e+00,-3.415591e-01,-2.626090e-01
-3.590849e+00,4.597630e+00,7.713305e+00,-1.798203e+00,5.544697e-01,2.426359e-01
4.070705e-01,1.034362e+01,7.441543e+00,-1.521862e+00,1.703997e+00,5.603697e-01
5.329629e+00,1.043144e+01,6.907670e+00,-1.338288e+00,1.597053e+00,3.482768e-01
5.094208e+00,8.525166e+00,5.096723e+00,-1.247936e+00,3.174695e-01,4.095552e-02
2.276319e+00,8.248025e+00,5.120000e+00,-1.176936e+00,-4.855510e-01,-1.962259e-01
2.233609e-02,1.026800e+01,4.844011e+00,-1.104148e+00,-8.829395e-01,-3.089465e-01
-1.426874e+00,9.736131e+00,4.636852e+00,-1.026628e+00,-9.125753e-01,-3.612990e-01
-1.262502e+00,9.034558e+00,2.435065e+00,-1.096037e+00,-6.757848e-01,-2.221641e-01
1.570752e-01,8.293785e+00,1.631462e+00,-1.159243e+00,-5.791412e-01,-2.080301e-01
4.027915e-01,9.096782e+00,1.240756e+00,-1.472678e+00,-5.370255e-01,-1.341580e-01
9.379160e-02,8.157431e+00,-6.255942e-02,-1.759723e+00,-5.373075e-01,-1.278878e-01
2.572004e+00,7.877659e+00,5.484393e-01,-2.453512e+00,-4.784391e-01,2.640070e-02
4.327583e+00,9.015129e+00,1.153895e+00,-2.895816e+00,-5.905859e-01,7.634853e-02
8.589945e+00,1.105330e+01,-3.407418e+00,-3.579662e+00,-1.213473e+00,6.991113e-02
9.339885e+00,1.609398e+01,-4.187920e+00,-4.226204e+00,-2.113790e+00,-4.598853e-02
3.289173e+00,2.177385e+01,4.804106e+00,-5.007734e+00,-4.540969e+00,-3.964133e-01
-1.044448e+01,2.333408e+01,1.914319e+01,-4.756544e+00,-4.921139e+00,-2.962370e-01
-1.621101e+01,1.565939e+01,1.990344e+01,-2.524936e+00,-1.455559e+00,1.033783e+00
-5.481702e+00,6.677990e+00,1.865598e+01,-1.398789e+00,7.355573e-01,1.654614e+00
6.916713e+00,8.545208e+00,1.053594e+01,1.460020e-01,2.493646e+00,1.311213e+00
7.326027e+00,6.868935e+00,1.142252e+01,1.706149e+00,1.963407e+00,8.468197e-01
6.250005e+00,1.605305e+00,8.730593e+00,3.711696e+00,8.927889e-01,3.819922e-01
4.140166e+00,-4.174375e-01,7.807402e+00,4.403026e+00,4.401490e-01,2.360973e-02
8.079361e-02,3.580040e-01,9.680000e+00,5.568222e+00,3.527443e-01,-2.447098e-01
-1.368337e-01,1.202279e-01,9.509636e+00,6.263892e+00,6.539155e-01,-3.415396e-01
7.675073e-01,1.404499e+00,1.115252e+01,7.454023e+00,1.145883e+00,-3.189559e-01
2.233686e+00,1.350091e+00,1.351279e+01,8.079056e+00,1.413147e+00,-2.878398e-01
-1.614568e+00,4.384828e+00,1.290359e+01,8.365274e+00,1.351647e+00,2.333332e-02
-7.632951e+00,9.474771e+00,1.280441e+01,7.530384e+00,1.410622e+00,6.801885e-01
-1.328086e+01,-4.226302e+00,8.593434e+00,5.043856e+00,4.147750e+00,1.626562e+00
-8.156643e+00,-9.891497e+00,5.454906e+00,2.658276e+00,6.041434e+00,1.786782e+00
1.451170e+01,-2.758555e+00,6.564027e+00,-1.093938e+00,5.755389e+00,9.078091e-01
2.017739e+01,3.895691e+00,6.319447e+00,-2.898176e+00,2.629813e+00,8.623085e-02
2.003784e+01,3.380099e+01,-4.392584e+00,-1.710718e+00,-1.666795e+00,-8.885262e-01
2.311349e+00,1.806041e+01,1.100468e+01,-8.424330e-01,-3.773006e+00,-2.179564e+00
-1.295597e+01,1.134116e+00,1.900664e+01,-3.796765e+00,-1.495674e-01,-8.759794e-01
-5.762006e+00,1.743081e+01,1.685362e+01,-3.394508e+00,2.244950e+00,6.491048e-01
9.390025e-01,5.826639e+00,1.069032e+01,-9.357540e-01,1.901341e+00,-2.410334e-02
1.665888e+00,1.160977e+01,8.565333e+00,-9.004558e-01,1.447209e+00,3.215087e-01
5.883797e+00,1.047980e+01,5.191808e+00,-4.265146e-01,1.703029e+00,2.201987e-01
8.004287e+00,1.162751e+01,4.611611e+00,-3.641511e-01,1.197653e+00,-6.018696e-02
6.268843e+00,1.057927e+01,2.474400e+00,-3.027967e-01,-2.271308e-01,-4.270206e-01
2.284791e+00,9.928815e+00,1.923339e+00,-3.382525e-01,-8.845566e-01,-6.408907e-01
-9.235452e-01,8.781556e+00,6.831530e-01,-5.566829e-01,-1.322003e+00,-7.508735e-01
-2.682334e+00,6.913107e+00,-3.319009e-01,-6.926464e-01,-1.309452e+00,-7.323579e-01
-4.426949e+00,5.586953e+00,3.191180e-01,-1.124725e+00,-8.912066e-01,-6.031190e-01
-4.171749e+00,6.673646e+00,1.278885e+00,-1.378817e+00,-3.949260e-01,-3.980911e-01
1.438413e+00,8.211439e+00,2.360000e+00,-1.548405e+00,1.606458e-01,-2.641528e-01
4.873957e+00,7.908853e+00,1.730426e+00,-1.724514e+00,1.396388e-01,-2.778976e-01
5.641079e+00,7.502098e+00,-1.518415e-01,-2.282918e+00,-7.590731e-01,-3.554103e-01
2.893729e+00,9.513664e+00,2.908679e-01,-2.674183e+00,-1.132533e+00,-3.818007e-01
-1.227384e+00,9.684774e+00,4.536534e+00,-3.053182e+00,-1.068234e+00,-2.182048e-01
2.442627e+00,9.614074e+00,4.533971e+00,-3.209266e+00,-7.559922e-01,8.488845e-02
2.018567e+01,1.420236e+01,-5.550943e+00,-4.042125e+00,-1.831406e+00,4.422174e-01
2.051585e+01,2.267351e+01,-5.025120e+00,-4.489531e+00,-4.409083e+00,2.237684e-01
-1.588208e+01,1.905531e+01,1.600629e+01,-4.392170e+00,-5.229190e+00,-1.004842e-01
-1.889774e+01,2.563631e+01,1.935527e+01,-4.176168e+00,-2.814289e+00,2.429378e-01
-5.242112e+00,6.644065e+00,1.603167e+01,-1.215248e+00,1.889277e+00,1.779674e+00
2.965822e+00,-1.252793e-01,1.735426e+01,-1.133690e+00,3.161417e+00,1.718049e+00
6.442277e+00,1.111823e+01,1.130772e+01,-2.167935e-01,2.304392e+00,1.238838e+00
4.611132e+00,7.296980e+00,1.162830e+01,1.185366e+00,1.546468e+00,7.848161e-01
3.193318e+00,2.082069e+00,9.202904e+00,3.284123e+00,5.856975e-01,4.400203e-01
1.886312e+00,3.026482e-01,8.703313e+00,3.919160e+00,3.310562e-01,1.745594e-01
-5.017848e-02,1.828750e+00,8.800178e+00,5.002294e+00,2.860528e-01,3.112259e-02
-1.619632e-01,1.390789e+00,9.095688e+00,5.749841e+00,4.502594e-01,-1.357501e-01
5.550055e-01,-8.630086e-03,1.137601e+01,6.929722e+00,8.921252e-01,-3.850564e-01
1.740520e+00,-1.258959e-01,1.213657e+01,7.319803e+00,1.246077e+00,-3.917068e-01
2.432505e+00,5.992518e-01,1.079473e+01,7.314860e+00,1.473165e+00,-5.326971e-02
5.947750e-01,3.482585e+00,1.018470e+01,6.788823e+00,1.227770e+00,1.831587e-01
-2.568809e+00,3.709417e+00,8.444768e+00,4.750322e+00,1.315699e+00,3.668988e-01
-3.403452e+00,-1.976941e+00,7.138805e+00,3.167790e+00,1.442992e+00,1.951985e-01
1.822870e+00,-4.130811e+00,6.394493e+00,1.435059e-01,1.608911e+00,-1.340954e-01
4.953679e+00,1.655548e+00,9.916056e+00,-1.508179e+00,1.041489e+00,-5.359007e-01
2.414321e+00,2.387172e+01,-4.923908e-01,-2.145509e+00,-2.646088e-01,-9.766302e-01
8.581650e+00,3.910062e+01,-1.298750e+00,3.760427e-01,9.899552e-01,5.859367e-01
-2.864309e+00,-8.030870e+00,9.283488e+00,-1.335036e+00,2.865221e+00,-2.644980e-01
1.215321e+01,4.069090e+00,1.161653e+01,-2.599213e+00,4.881340e+00,8.673529e-01
1.895104e+01,1.450234e+01,2.124017e+00,-1.377138e+00,4.502253e-01,-4.910923e-01
4.477519e+00,6.391030e+00,5.465050e+00,-1.047203e+00,-2.298800e+00,-1.339121e+00
-1.117871e+01,1.129493e+01,5.436368e+00,-1.195180e+00,-2.596610e+00,-9.376092e-01
-1.095234e+01,1.085160e+01,4.816154e+00,-8.609152e-01,-7.001738e-01,-3.568028e-01
3.209705e+00,9.760661e+00,2.958210e+00,-7.007067e-01,1.990286e+00,3.711965e-01
8.489035e+00,9.009547e+00,1.609547e+00,-7.227822e-01,1.710741e+00,2.921630e-01
6.611375e+00,8.452467e+00,1.387056e+00,-9.815948e-01,-5.569139e-01,-3.328094e-01
1.049539e+00,8.886708e+00,2.161270e+00,-1.141868e+00,-1.447154e+00,-6.012023e-01
-3.379547e+00,7.987255e+00,1.860453e+00,-1.364117e+00,-1.420600e+00,-5.190277e-01
-2.157888e+00,7.611853e+00,2.183385e+00,-1.490115e+00,-9.706517e-01,-3.495094e-01
2.118894e+00,8.186425e+00,3.651706e+00,-1.701884e+00,-5.176675e-01,-1.004968e-01
3.796130e+00,9.273907e+00,3.771758e+00,-1.784150e+00,-6.930376e-01,-9.077490e-02
-1.133641e+00,9.349672e+00,3.430302e+00,-1.764444e+00,-1.084283e+00,-2.027255e-01
-1.262801e+00,7.783087e+00,2.541267e+00,-1.795884e+00,-8.169424e-01,-5.792912e-02
2.949310e+00,9.070118e+00,1.228122e-01,-2.312212e+00,-6.070341e-01,1.637728e-01
4.413067e+00,1.021461e+01,4.707798e-01,-2.642192e+00,-1.018858e+00,3.636743e-02
2.270309e+00,1.012921e+01,2.473801e+00,-3.199005e+00,-1.508056e+00,7.104457e-02
3.176904e+00,1.269034e+01,9.701824e-01,-3.505917e+00,-1.528032e+00,2.388642e-01
1.193739e+00,1.537571e+01,-3.295929e-01,-3.924265e+00,-1.972766e+00,1.585509e-01
-3.471761e+00,1.470915e+01,7.611671e+00,-4.349382e+00,-2.397050e+00,-3.337322e-02
-7.569489e+00,2.646314e+01,1.824285e+01,-4.368607e+00,-1.960561e+00,3.380964e-01
-9.394374e+00,1.954416e+01,1.770803e+01,-2.505224e+00,-7.471085e-01,8.350156e-01
-1.032838e+00,1.075848e-01,1.565180e+01,-1.156834e+00,1.723328e+00,1.432346e+00
3.639655e+00,7.758179e+00,1.109042e+01,-9.628919e-01,2.522927e+00,1.904183e+00
2.200021e+00,5.924126e+00,1.189737e+01,1.487959e+00,1.940806e+00,1.251254e+00
1.919639e+00,1.639225e+00,9.042019e+00,2.555818e+00,1.677969e+00,1.089425e+00
2.579414e+00,7.672504e-01,7.810468e+00,3.693894e+00,1.414076e+00,6.842917e-01
3.434486e+00,1.344409e+00,7.431575e+00,4.486243e+00,1.164770e+00,5.625934e-01
4.268658e+00,4.533548e-02,7.682668e+00,5.831692e+00,2.301169e-01,1.272282e-01
3.716335e+00,2.822362e-01,8.040125e+00,6.380805e+00,-3.524888e-01,-1.946537e-01
3.430609e-01,7.213858e-01,1.326148e+01,7.175774e+00,-5.973042e-01,-7.546282e-01
-7.290499e-02,1.065017e+00,1.355294e+01,7.647920e+00,-1.274399e-01,-9.815308e-01
-2.663044e+00,3.333760e+00,1.193761e+01,7.524069e+00,7.895979e-01,-1.028367e+00
-6.308648e+00,7.209804e+00,1.222737e+01,6.489274e+00,1.435209e+00,-7.565346e-01
1.268396e-01,-1.661807e+00,5.263125e+00,4.392382e+00,2.613144e+00,-1.264796e-01
2.541378e+00,-5.933441e+00,2.911431e+00,2.197679e+00,2.323628e+00,-4.660370e-02
3.569626e+00,4.422113e-01,4.973246e+00,-2.056323e+00,1.036438e+00,-3.517615e-01
6.235217e+00,2.634967e+01,-8.581338e-01,-3.312718e+00,7.408701e-01,5.402249e-03
-4.588357e+00,4.585764e+00,2.417244e+00,-4.110822e-01,1.011035e-01,-2.797951e-01
-1.018387e+01,-8.890636e+00,7.325786e+00,-1.955496e+00,3.991223e-01,-7.501567e-01
2.631889e+00,1.065912e+01,1.175673e+01,-2.820843e+00,2.362272e+00,7.898660e-01
6.671045e+00,1.867244e+01,8.503429e+00,-2.106676e+00,1.300491e+00,1.677366e-01
-8.203291e-01,6.913832e+00,5.522423e+00,-1.147845e+00,-7.532698e-01,-5.720619e-01
-8.143732e+00,7.386392e+00,4.448297e+00,-1.200361e+00,-1.147507e-01,-6.700322e-02
6.657810e-01,1.060536e+01,4.381704e+00,-1.004107e+00,1.621248e+00,2.987917e-01
4.197068e+00,9.833188e+00,3.055510e+00,-1.003623e+00,1.580273e+00,2.521536e-01
3.218075e+00,8.672190e+00,3.154881e+00,-1.051131e+00,2.510730e-01,-6.838187e-02
1.660762e+00,9.640379e+00,3.651223e+00,-1.083916e+00,-2.634230e-01,-2.004912e-01
1.495735e+00,9.293975e+00,3.162359e+00,-1.117243e+00,-5.140467e-01,-3.351081e-01
9.329557e-01,8.621729e+00,2.308271e+00,-1.190558e+00,-6.442944e-01,-3.470334e-01
-1.266248e+00,8.528665e+00,2.966577e+00,-1.352623e+00,-7.811811e-01,-3.465513e-01
-1.022573e+00,8.376351e+00,3.976748e+00,-1.410186e+00,-6.152104e-01,-3.101755e-01
1.996715e+00,9.161911e+00,4.720000e+00,-1.432124e+00,-5.684741e-01,-2.770675e-01
4.839257e-01,8.820000e+00,3.713940e+00,-1.422837e+00,-7.356241e-01,-2.842557e-01
-1.709235e+00,7.638341e+00,1.865023e+00,-1.576637e+00,-5.486609e-01,-7.681388e-02
1.686214e+00,7.658237e+00,-1.367341e-01,-1.882036e+00,-3.354423e-01,4.801676e-02
4.014761e+00,9.483935e+00,3.138691e-01,-2.592321e+00,-9.344801e-01,-6.098669e-02
2.947827e+00,9.568611e+00,1.701036e+00,-2.914339e+00,-1.339544e+00,-9.821371e-02
5.097325e+00,1.431649e+01,-1.936115e+00,-3.541546e+00,-1.749171e+00,7.631475e-02
5.061977e+00,1.710905e+01,-2.210908e+00,-4.015506e+00,-2.324411e+00,6.771915e-02
-2.609210e+00,1.502094e+01,8.254164e+00,-4.690082e+00,-3.747243e+00,-3.526844e-01
-6.215564e+00,2.390687e+01,1.801549e+01,-4.736204e+00,-3.198409e+00,-2.595098e-01
-5.594908e+00,1.041230e+01,1.765128e+01,-2.433134e+00,-1.221320e+00,1.075763e-01
1.377683e+00,2.742519e+00,1.715777e+01,-1.357152e+00,4.839287e-01,3.997511e-01
8.089535e+00,7.774406e+00,8.763396e+00,-8.034944e-01,1.172858e+00,1.653974e-01
3.461960e+00,6.773274e+00,1.012782e+01,6.887723e-01,6.418508e-01,-5.924304e-01
1.261752e+00,2.382427e+00,7.703639e+00,2.727252e+00,9.466722e-01,-8.364876e-01
1.015691e+00,-1.587977e-01,7.249479e+00,3.391509e+00,1.324032e+00,-8.943285e-01
1.484764e+00,1.840330e+00,7.418868e+00,4.485333e+00,1.790625e+00,-8.301268e-01
1.727408e+00,1.702592e+00,7.735185e+00,5.318096e+00,1.935807e+00,-7.632198e-01
3.978376e+00,1.515470e+00,8.841054e+00,6.376984e+00,1.720282e+00,-7.129391e-01
6.106678e+00,2.066493e+00,1.071964e+01,6.913516e+00,1.207286e+00,-6.556119e-01
7.031325e+00,4.497569e+00,1.317815e+01,7.563152e+00,-2.287016e-01,-6.894202e-01
3.851245e+00,5.332651e+00,1.194409e+01,7.732753e+00,-1.178555e+00,-9.592893e-01
-1.454972e+01,6.074831e+00,9.485790e+00,6.157835e+00,-7.261096e-01,-6.385431e-01
-1.880788e+01,1.982934e+00,9.014651e+00,4.641833e+00,1.663864e+00,1.758898e-01
-8.075129e-02,-1.156481e+01,3.171054e+00,7.416885e-01,5.622128e+00,1.424730e+00
1.177403e+01,1.519975e+00,3.769522e+00,-2.143143e+00,4.985453e+00,1.414395e+00
2.706457e+01,2.787757e+01,-2.298993e+00,-2.049598e+00,2.948768e+00,1.755720e+00
1.697961e+00,-5.098348e+00,4.237280e+00,-2.130723e+00,-1.190507e+00,-1.990492e+00
3.661356e+00,-1.349991e+00,1.164208e+01,-2.680008e+00,-9.758384e-01,-3.797888e-01
3.374229e-01,7.481129e+00,1.298076e+01,-2.474712e+00,-1.224517e+00,-3.946633e-01
-9.854762e+00,2.044619e+01,1.013208e+01,-2.029314e+00,-7.853970e-01,-7.341177e-01
-7.288005e+00,4.305672e+00,5.262577e+00,-1.178426e+00,4.378882e-01,4.055168e-03
1.704240e+00,1.130026e+01,3.446884e+00,-1.024210e+00,1.757267e+00,5.102333e-01
3.064531e+00,1.224094e+01,3.666038e+00,-9.036610e-01,1.354506e+00,2.443163e-01
1.742057e+00,7.483613e+00,2.690113e+00,-8.701532e-01,4.389178e-01,3.032571e-02
-2.700670e-02,7.831300e+00,2.762769e+00,-9.573288e-01,1.665654e-01,-1.931842e-02
1.481830e+00,9.516560e+00,2.841827e+00,-1.084155e+00,1.059609e-01,-1.173118e-01
2.632774e+00,9.199500e+00,2.163710e+00,-1.192163e+00,-7.880105e-02,-2.001569e-01
-5.300727e-02,8.373883e+00,3.177893e+00,-1.379420e+00,-6.368255e-01,-3.549554e-01
-1.162998e+00,8.789269e+00,4.314810e+00,-1.445389e+00,-6.969217e-01,-3.785861e-01
1.054955e+00,9.212494e+00,5.237463e+00,-1.444737e+00,-4.797351e-01,-3.034477e-01
1.636835e+00,9.375207e+00,5.582351e+00,-1.429474e+00,-4.842676e-01,-2.530250e-01
2.333804e+00,8.606821e+00,1.777709e+00,-1.548402e+00,-6.382201e-01,-1.374476e-01
2.516397e+00,7.583603e+00,-1.493135e+00,-1.847777e+00,-7.770126e-01,-8.101809e-02
2.714516e+00,1.022028e+01,-8.694306e-01,-2.671544e+00,-1.245502e+00,-1.482418e-01
1.297965e+00,1.075363e+01,8.740705e-01,-3.079562e+00,-1.580255e+00,-1.724145e-01
7.389550e+00,1.046579e+01,4.760995e-01,-3.642779e+00,-1.620891e+00,-8.919937e-02
1.278062e+01,1.338216e+01,-4.144026e+00,-4.144068e+00,-2.285662e+00,-1.611286e-01
-2.067555e+00,1.571755e+01,9.811159e+00,-4.683593e+00,-5.334142e+00,-9.714422e-01
-1.319461e+01,2.555701e+01,2.196705e+01,-4.875921e+00,-6.136680e+00,-1.041379e+00
-1.801653e+01,9.585433e+00,1.809786e+01,-2.225236e+00,-2.141732e+00,3.205633e-01
-6.686715e+00,-1.191143e-01,1.931606e+01,-1.250578e+00,1.165118e+00,1.073111e+00
8.440201e+00,1.053262e+01,1.055416e+01,-4.166138e-01,2.647185e+00,6.283268e-01
8.235807e+00,8.462173e+00,1.096251e+01,8.462615e-01,2.264082e+00,2.215353e-01
5.231888e+00,2.661089e+00,7.307494e+00,2.760616e+00,1.546500e+00,-6.142695e-02
3.286438e+00,1.420575e+00,8.027279e+00,3.519823e+00,1.446953e+00,-3.684984e-01
1.731367e+00,2.887243e+00,9.862068e+00,4.848754e+00,1.850529e+00,-5.717218e-01
2.437935e+00,2.588366e+00,9.820817e+00,5.542469e+00,2.086157e+00,-5.616676e-01
7.014187e+00,1.126825e+00,1.165686e+01,6.952009e+00,2.176549e+00,-4.696171e-01
9.658971e+00,1.340897e+00,1.341507e+01,7.579284e+00,1.502198e+00,-3.209324e-01
7.761963e+00,3.203680e+00,1.268107e+01,8.107688e+00,-1.303592e-01,-4.334173e-01
2.125231e+00,3.179546e+00,1.321432e+01,7.818607e+00,-8.917490e-01,-6.621245e-01
-1.182473e+01,1.790170e-01,9.096390e+00,5.740655e+00,-3.400216e-01,-5.635665e-01
-1.118571e+01,-5.294591e+00,5.429638e+00,3.515537e+00,1.584157e+00,8.124495e-02
4.691954e+00,-7.872365e+00,6.906195e+00,-9.198757e-01,2.904594e+00,8.287489e-01
1.216914e+01,2.540147e+00,1.023887e+01,-2.973132e+00,2.104057e+00,5.420976e-01
1.442813e+01,3.813387e+01,-7.165154e+00,-2.027089e+00,-1.110600e+00,-4.578307e-01
-5.381942e+00,1.203030e+01,5.934130e+00,1.434168e-01,-2.597696e+00,-1.562001e+00
-7.134243e+00,-5.686779e-01,1.068120e+01,-2.565501e+00,7.829030e-02,-1.654065e-01
-6.360166e+00,9.244496e+00,1.334376e+01,-2.534665e+00,2.653637e+00,1.140875e+00
1.088459e+01,1.398655e+01,6.244896e+00,-1.290067e+00,3.133863e+00,4.747596e-01
7.955805e+00,6.735969e+00,5.651467e+00,-1.090149e+00,9.197161e-01,1.978871e-01
4.190949e-01,8.934232e+00,3.597264e+00,-1.088864e+00,-6.304131e-01,-2.252077e-01
-1.478144e+00,1.340731e+01,4.978670e+00,-1.094646e+00,-4.589432e-01,-1.563589e-01
-3.625808e-01,8.868618e+00,2.551110e+00,-9.845322e-01,-1.642544e-01,-1.148099e-01
-1.584436e-01,8.349961e+00,2.138366e+00,-1.027584e+00,-1.247276e-01,-1.711965e-02
1.513997e+00,9.805078e+00,1.905759e+00,-1.144975e+00,-9.660566e-02,-4.348738e-02
2.103684e+00,8.581462e+00,1.354503e+00,-1.242901e+00,-3.477544e-01,-1.112020e-01
5.421724e-01,7.275023e+00,1.844977e+00,-1.532450e+00,-1.010438e+00,-2.815276e-01
-5.361302e-01,7.780870e+00,3.463263e+00,-1.685427e+00,-1.108482e+00,-2.749624e-01
1.296733e+00,8.651766e+00,4.338786e+00,-1.763089e+00,-1.014811e+00,-1.625855e-01
1.715343e+00,8.907188e+00,3.850968e+00,-1.778340e+00,-1.062821e+00,-1.429282e-01
-1.093967e+00,8.869108e+00,-3.848015e-01,-1.973209e+00,-1.260942e+00,-5.344492e-02
-7.655733e-01,7.828301e+00,-1.600118e+00,-2.284737e+00,-1.216648e+00,-3.557190e-03
2.943045e+00,9.467028e+00,-1.113644e+00,-3.049216e+00,-1.380065e+00,2.925491e-02
4.441156e+00,9.909369e+00,2.241804e-02,-3.472843e+00,-1.592727e+00,2.560589e-02
1.091892e+01,1.570614e+01,-3.978382e+00,-4.266265e+00,-2.087448e+00,7.862197e-02
9.163522e+00,1.678471e+01,-2.414486e+00,-4.673798e+00,-3.604096e+00,-3.235626e-02
-9.380804e+00,2.943989e+01,1.956677e+01,-4.770852e+00,-5.163085e+00,-3.143332e-01
-1.966939e+01,2.043507e+01,2.256385e+01,-3.364195e+00,-3.376446e+00,1.183024e-01
-4.721273e+00,-1.547259e+00,2.241456e+01,-1.223964e+00,2.663618e+00,1.635291e+00
8.360972e+00,1.021566e+01,1.271729e+01,-1.202062e+00,3.751669e+00,1.572878e+00
8.464055e+00,8.009971e+00,1.172623e+01,1.309945e+00,2.761378e+00,1.002236e+00
7.633578e+00,3.811244e+00,8.447623e+00,2.677949e+00,1.939502e+00,5.412413e-01
4.334311e+00,8.472155e-02,7.543481e+00,3.878282e+00,9.865898e-01,-3.303571e-01
1.876507e+00,1.721272e+00,9.600910e+00,4.582740e+00,7.795523e-01,-5.394836e-01
1.759267e+00,7.415184e-01,8.329529e+00,6.015990e+00,9.232383e-01,-6.978728e-01
2.151354e+00,3.364788e-01,9.587742e+00,6.688611e+00,9.455286e-01,-7.063698e-01
5.761366e+00,7.520497e-01,1.272026e+01,7.530230e+00,9.785760e-01,-7.929123e-01
6.465282e+00,2.750765e+00,1.279262e+01,7.793442e+00,6.437676e-01,-7.573682e-01
-6.479793e-01,1.238711e+00,1.086512e+01,7.259883e+00,-9.313509e-02,-9.983900e-01
-1.121941e+01,2.947498e+00,1.019241e+01,5.841149e+00,2.809026e-01,-5.916675e-01
-1.134834e+01,-9.250058e+00,7.322455e+00,2.607626e+00,4.076108e+00,1.216840e+00
-2.606798e+00,-1.064461e+01,6.289147e+00,3.695607e-01,5.933855e+00,1.897769e+00
3.351485e+01,3.903317e+01,-4.871403e+00,-3.763132e+00,5.800048e+00,1.694329e+00
2.452211e+01,2.563455e+01,3.379260e+00,-3.153851e+00,2.989101e+00,7.770334e-01
4.127957e-01,-9.702467e+00,1.728120e+01,-3.241289e+00,-1.444453e+00,-1.719080e+00
-1.920344e+00,3.483306e+00,1.836823e+01,-3.268829e+00,-1.590970e+00,-8.497644e-01
-1.803600e+01,2.213710e+01,1.627276e+01,-1.957080e+00,-1.313885e+00,-3.261496e-01
-1.282178e+01,1.167242e+01,1.463220e+01,-9.732867e-01,1.747526e+00,3.956052e-01
8.155322e+00,5.427890e+00,7.015205e+00,-3.076672e-01,4.068301e+00,1.278322e+00
1.464792e+01,1.086197e+01,5.604428e+00,-3.846002e-01,3.087634e+00,7.991680e-01
5.277054e+00,1.025395e+01,3.021426e+00,-2.381767e-01,-5.502406e-01,-1.036982e-01
-8.787008e-01,1.000352e+01,2.980779e+00,-3.334741e-01,-1.219221e+00,-4.298645e-01
5.150514e-02,1.055802e+01,-5.986983e-02,-4.672009e-01,-4.453682e-01,-2.706900e-01
1.587676e-01,9.235528e+00,-1.221276e+00,-6.507915e-01,-3.212299e-01,-2.377349e-01
-2.574506e+00,5.106018e+00,6.561602e-01,-1.059122e+00,-7.021866e-01,-4.128855e-01
-2.426247e+00,7.127288e+00,2.575566e+00,-1.312458e+00,-7.387265e-01,-4.048429e-01
1.071687e+00,7.110285e+00,3.404858e+00,-1.488728e+00,-5.329928e-01,-3.656649e-01
2.907021e+00,8.258997e+00,2.496049e+00,-1.653183e+00,-7.095351e-01,-3.611098e-01
2.402413e+00,7.545842e+00,-1.332390e+00,-2.070093e+00,-1.066946e+00,-2.554095e-01
2.521722e+00,7.535231e+00,-2.482118e+00,-2.509203e+00,-1.202584e+00,-1.676459e-01
2.566852e+00,9.478883e+00,-5.202035e-01,-3.264094e+00,-1.387606e+00,-2.779887e-02
6.444682e+00,1.053167e+01,1.071328e-01,-3.729465e+00,-1.403521e+00,1.000146e-01
1.354030e+01,1.305588e+01,-4.863357e+00,-4.535205e+00,-2.398625e+00,7.111614e-02
9.931724e-01,1.560311e+01,3.998947e+00,-4.925751e+00,-4.433936e+00,-7.288623e-02
-1.982055e+01,3.872206e+01,2.523193e+01,-5.052122e+00,-4.980169e+00,-9.388457e-02
-2.318972e+01,2.021802e+01,2.161012e+01,-3.169254e+00,-2.384402e+00,8.760894e-01
3.750611e+00,3.337627e+00,1.949423e+01,-1.308360e+00,3.587724e+00,2.047299e+00
1.168821e+01,1.109800e+01,1.374686e+01,-9.052562e-01,3.835453e+00,1.714302e+00
1.004757e+01,7.588300e+00,1.181147e+01,1.891074e+00,2.028055e+00,7.493147e-01
6.288639e+00,2.119946e+00,7.659444e+00,3.164253e+00,9.500819e-01,3.719100e-01
8.325478e-01,-2.314470e-01,8.837050e+00,4.408596e+00,4.186133e-01,-3.737735e-01
1.053377e-01,6.570950e-01,9.490000e+00,5.071061e+00,8.177285e-01,-6.595679e-01
1.018100e+00,4.342816e-01,9.340956e+00,6.368013e+00,1.413727e+00,-5.207082e-01
2.682956e+00,-9.639781e-02,1.055376e+01,6.986105e+00,1.648122e+00,-4.950658e-01
5.013681e+00,3.918647e-01,1.343725e+01,7.902937e+00,1.556483e+00,-3.166971e-01
5.278566e+00,2.124608e+00,1.262430e+01,8.286144e+00,1.109514e+00,-2.072617e-01
-3.455479e+00,7.122507e+00,1.166140e+01,7.440095e+00,2.552009e-01,3.187613e-02
-9.753574e+00,7.565594e+00,9.182678e+00,6.384866e+00,8.233825e-01,2.667188e-01
-1.069925e+01,-9.710586e+00,6.811938e+00,2.977165e+00,4.032744e+00,7.602348e-01
1.319201e+00,-9.621244e+00,6.476532e+00,1.674875e-01,5.257530e+00,8.972199e-01
1.188051e+01,3.859358e+00,7.896401e+00,-3.631797e+00,2.735605e+00,2.808929e-01
3.687466e+01,3.927812e+01,-8.874218e+00,-2.681365e+00,1.947396e+00,5.387449e-01
-9.846664e+00,-1.261575e+01,1.059541e+01,-1.762966e+00,-3.046629e+00,-3.114603e+00
-1.046334e+01,-8.136646e+00,1.832889e+01,-3.843930e+00,-1.284470e+00,-1.485323e+00
-2.448523e+00,1.585953e+01,8.643724e+00,-2.325375e+00,-1.326980e-02,-7.319354e-02
-6.363343e+00,1.309550e+01,1.164075e+01,-1.469523e+00,-2.886890e-01,-7.491674e-01
-4.522985e+00,1.010318e+01,6.341261e+00,-9.907113e-01,1.333998e+00,3.292892e-01
3.574436e+00,7.740671e+00,4.943698e+00,-7.436760e-01,2.065156e+00,4.104787e-01
1.020895e+01,1.229928e+01,3.399803e+00,-8.802593e-01,1.194751e+00,6.736137e-02
6.301294e+00,9.631661e+00,3.495512e+00,-7.538830e-01,-3.838100e-01,-4.132214e-01
-8.215216e-01,9.434885e+00,4.104608e+00,-8.027344e-01,-1.321462e+00,-6.462949e-01
-2.259717e+00,8.727554e+00,2.904620e+00,-7.828903e-01,-1.158858e+00,-6.044319e-01
-4.185974e-01,7.576503e+00,5.434800e-01,-9.214778e-01,-6.614327e-01,-3.996586e-01
1.492727e-02,6.603245e+00,4.341294e-01,-1.115694e+00,-6.459418e-01,-4.367050e-01
-1.267094e+00,7.294957e+00,2.385299e+00,-1.517827e+00,-7.905429e-01,-4.153019e-01
-1.011650e+00,7.696847e+00,3.434532e+00,-1.597873e+00,-6.615841e-01,-3.656318e-01
-4.531153e-01,7.769577e+00,2.446846e+00,-1.705747e+00,-4.585218e-01,-2.983203e-01
9.818230e-01,6.628404e+00,1.662964e+00,-1.831245e+00,-3.986251e-01,-2.393943e-01
6.438731e+00,9.962121e+00,3.812786e-01,-2.415695e+00,-5.802300e-01,-1.650882e-01
4.812374e+00,9.747788e+00,1.111965e+00,-2.790848e+00,-1.216498e+00,-2.610227e-01
4.469314e+00,1.089396e+01,2.491534e+00,-3.245547e+00,-1.555926e+00,-7.078592e-02
8.931057e+00,1.317392e+01,-1.382909e+00,-3.533421e+00,-1.586512e+00,1.381525e-01
2.882961e+00,1.952101e+01,-4.458496e-01,-4.157495e+00,-3.515162e+00,1.651625e-01
-7.422152e+00,1.959770e+01,1.085289e+01,-4.475688e+00,-4.482004e+00,-2.165137e-01
-1.165383e+01,2.382269e+01,1.754650e+01,-3.657921e+00,-2.191164e+00,4.522426e-01
-9.264461e+00,9.992526e+00,1.942609e+01,-1.728659e+00,-3.065483e-01,6.916261e-01
7.526115e+00,5.814021e+00,1.051059e+01,-1.184867e+00,2.317584e+00,1.011456e+00
8.128461e+00,1.056199e+01,9.654201e+00,-2.503373e-01,1.822594e+00,9.290261e-01
2.723417e+00,5.123929e+00,1.068172e+01,1.911520e+00,1.077135e+00,1.194141e-01
2.886879e+00,1.285719e+00,8.938728e+00,3.122849e+00,1.056081e+00,-6.461605e-02
2.927073e+00,9.179424e-01,8.586823e+00,4.514517e+00,1.082943e+00,-3.908647e-01
2.705062e+00,8.751028e-01,8.492128e+00,5.366711e+00,1.003102e+00,-3.527892e-01
2.477099e+00,-3.603241e-01,9.530015e+00,6.572383e+00,8.813998e-01,-5.099997e-01
2.740276e+00,-2.168957e-01,1.153787e+01,7.109347e+00,8.025527e-01,-5.453145e-01
3.196110e+00,2.360375e+00,1.304092e+01,7.933692e+00,7.326292e-01,-4.835056e-01
1.465776e+00,1.542452e+00,1.212663e+01,8.009387e+00,8.059286e-01,-4.509226e-01
-5.213830e+00,6.186634e+00,8.002536e+00,6.519171e+00,9.384285e-01,1.206861e-01
-6.297987e+00,-9.965444e-01,4.709319e+00,5.260397e+00,1.824928e+00,2.195725e-01
3.228972e-01,-6.940512e+00,2.882574e-01,1.778700e+00,3.100106e+00,3.378011e-01
6.051848e+00,-4.716500e+00,7.930322e-01,-9.522944e-01,2.589080e+00,3.421516e-01
8.712821e+00,2.352658e+01,-2.563362e-01,-3.695585e+00,6.387217e-01,-3.967811e-01
1.572872e+01,3.430100e+01,4.537668e-01,-2.120284e+00,3.707154e-01,2.095954e-01
-1.202601e+01,-4.123468e+00,9.624390e+00,-2.180546e+00,-7.122648e-01,-1.059624e+00
-1.106382e+01,1.576490e+00,1.602593e+01,-3.387256e+00,1.360735e+00,3.889055e-02
4.024917e+00,1.744792e+01,8.535546e+00,-2.567124e+00,2.923664e+00,5.133046e-01
9.304583e+00,6.930334e+00,4.334857e+00,-1.719162e+00,2.309464e+00,3.985965e-01
3.065565e+00,6.982953e+00,4.562367e+00,-2.129251e+00,6.037422e-01,6.266392e-02
1.906466e+00,1.209441e+01,5.595119e+00,-1.936449e+00,2.828613e-01,-4.257178e-02
-6.210202e-01,9.141118e+00,7.853270e+00,-1.535893e+00,-5.430275e-01,-4.331383e-01
-1.108754e+00,8.277751e+00,7.795350e+00,-1.372415e+00,-2.015077e-01,-1.980453e-01
3.968388e+00,9.864504e+00,5.623166e+00,-1.101579e+00,4.256602e-01,-1.191299e-01
4.185817e+00,9.394753e+00,5.038951e+00,-1.025554e+00,4.366809e-02,-2.340192e-01
1.502555e+00,7.713152e+00,4.201902e+00,-1.088231e+00,-8.619164e-01,-5.064797e-01
3.870813e-01,8.085837e+00,3.819433e+00,-1.179084e+00,-1.001103e+00,-4.737469e-01
1.159765e+00,7.723417e+00,3.748394e+00,-1.293334e+00,-1.061905e+00,-3.766663e-01
1.735846e+00,7.698308e+00,2.090764e+00,-1.442155e+00,-1.183039e+00,-3.086867e-01
-9.903516e-01,6.818198e+00,-5.493407e-01,-1.825692e+00,-1.407979e+00,-1.749836e-01
1.703491e-01,8.550182e+00,8.152657e-01,-2.204564e+00,-1.354629e+00,-5.420909e-02
-3.037904e-01,8.950960e+00,2.069530e+00,-2.792730e+00,-1.557996e+00,4.021659e-02
3.399147e+00,9.183146e+00,-1.238189e-01,-3.169489e+00,-1.475122e+00,2.137670e-01
1.282581e+01,1.285715e+01,-4.455556e+00,-4.058045e+00,-1.924303e+00,1.622729e-01
8.031926e+00,1.782572e+01,3.885510e+00,-4.686813e+00,-3.703549e+00,-2.275634e-02
-2.363256e+01,3.022650e+01,2.370716e+01,-4.769720e+00,-5.807868e+00,-5.240093e-01
-2.447206e+01,1.389994e+01,2.045016e+01,-3.547198e+00,-3.336298e+00,2.626106e-01
-4.523640e+00,3.495572e+00,2.336499e+01,-1.242052e+00,3.582218e+00,1.959314e+00
1.164036e+01,9.816084e+00,1.429012e+01,-6.418026e-01,5.156380e+00,1.853527e+00
1.604629e+01,4.451445e+00,9.637148e+00,2.114476e+00,3.557689e+00,8.165938e-01
1.551445e+01,-9.096721e-01,6.029888e+00,3.106691e+00,2.271817e+00,9.419877e-02
9.885446e+00,4.696735e-01,6.849904e+00,4.038636e+00,2.876416e-01,-9.369230e-01
7.308629e+00,5.067065e-01,8.768217e+00,4.791183e+00,-1.996173e-01,-1.546886e+00
5.542739e+00,2.960616e-01,1.002218e+01,6.069506e+00,-4.747568e-01,-2.073794e+00
5.199924e+00,9.434291e-01,1.113021e+01,6.807826e+00,-4.932475e-01,-2.273672e+00
5.287753e+00,2.390184e+00,1.503479e+01,8.063128e+00,-8.347474e-01,-2.373786e+00
6.001858e+00,6.118792e+00,1.273111e+01,8.403525e+00,-1.213883e+00,-2.164656e+00
2.191672e-01,1.162590e+01,1.157797e+01,7.920320e+00,-2.121366e+00,-2.122686e+00
-1.351523e+01,7.373720e+00,1.038665e+01,6.918337e+00,-1.922962e+00,-1.966901e+00
-3.605582e+00,-1.505456e+01,-6.286431e+00,3.610164e+00,2.642136e+00,7.893399e-02
7.119349e+00,-1.342081e+01,-5.374376e+00,8.019147e-01,3.322013e+00,6.971642e-01
7.601531e+00,2.827929e+01,3.704396e+00,-4.192282e+00,7.993725e-01,3.877022e-01
1.545683e+01,3.901407e+01,-1.580864e+00,-1.737099e+00,2.539877e-01,5.404707e-01
-1.268269e+01,-4.726893e+00,1.233441e+01,-2.913795e+00,-1.977425e-01,-8.103268e-01
1.126292e+00,-8.776140e-02,1.416166e+01,-3.222978e+00,2.109615e+00,1.148584e+00
6.789538e+00,1.579014e+01,1.181014e+01,-2.550597e+00,2.465324e+00,1.011098e-01
1.128907e+01,1.955608e+01,6.898054e+00,-1.560769e+00,2.241949e-01,1.676528e-02
-1.903938e+00,4.975368e+00,3.970758e+00,-1.432061e+00,-8.175582e-01,-3.696596e-01
-4.715883e+00,9.714814e+00,4.508931e+00,-1.382546e+00,-4.671710e-01,-1.047133e-01
-2.212000e+00,1.177857e+01,3.856928e+00,-1.169182e+00,2.496533e-01,-1.356174e-02
-4.374941e-01,8.071647e+00,2.759485e+00,-1.088940e+00,2.421707e-01,9.348781e-02
1.342014e+00,8.894742e+00,2.681454e+00,-1.128208e+00,1.845353e-01,5.121990e-02
1.927345e+00,9.672655e+00,2.225583e+00,-1.165169e+00,-6.180489e-02,-5.818107e-02
2.275478e+00,8.840804e+00,1.155478e+00,-1.345136e+00,-6.679177e-01,-2.940595e-01
1.716938e-01,9.021939e+00,1.760857e+00,-1.430888e+00,-9.740668e-01,-3.954696e-01
-3.620256e+00,8.830176e+00,4.892730e+00,-1.480594e+00,-4.006011e-01,-1.896011e-01
2.905907e-01,9.022920e+00,5.380324e+00,-1.439914e+00,-8.181218e-02,-1.136893e-01
2.310316e+00,8.176130e+00,3.851305e+00,-1.536209e+00,-1.293075e-01,-1.635479e-02
1.735322e+00,8.095610e+00,3.011948e+00,-1.696748e+00,-4.513409e-01,-1.819532e-02
7.485478e-01,9.028436e+00,1.297261e+00,-2.073495e+00,-8.297401e-01,-5.021895e-02
9.357747e-01,9.315258e+00,2.983570e-01,-2.410708e+00,-1.080136e+00,-5.746147e-02
7.596925e-01,8.783286e+00,1.512088e+00,-3.087855e+00,-1.398558e+00,-3.509072e-02
3.254443e+00,1.135306e+01,2.744037e+00,-3.465810e+00,-1.659153e+00,-8.613605e-02
9.701658e+00,1.936263e+01,-2.096001e+00,-4.276806e+00,-2.432458e+00,-3.485539e-01
5.764989e+00,1.597873e+01,9.579327e-01,-4.464108e+00,-4.071077e+00,-9.373848e-01
-8.990502e-01,1.375626e+01,1.522982e+01,-4.253116e+00,-4.361440e+00,-1.487470e+00
-3.713575e+00,1.645585e+01,1.617927e+01,-3.313023e+00,-3.295704e+00,-1.731722e+00
-1.381958e+00,6.399659e+00,1.438293e+01,-1.087908e+00,-6.544581e-01,-1.621099e+00
4.135555e+00,3.483361e+00,8.622396e+00,-7.879142e-01,1.043396e-01,-1.878754e+00
1.912656e+00,7.004989e+00,9.076469e+00,1.095385e+00,4.105351e-01,-2.506604e+00
1.002564e+00,5.198287e+00,9.282358e+00,2.133071e+00,9.604886e-01,-2.263595e+00
2.447367e+00,3.365239e+00,7.765718e+00,3.520678e+00,1.840701e+00,-1.955323e+00
2.924445e+00,3.539947e+00,8.537408e+00,4.370063e+00,2.155090e+00,-1.776116e+00
3.870472e+00,3.826092e+00,9.081427e+00,5.615714e+00,2.322892e+00,-1.249249e+00
5.363626e+00,5.487988e+00,9.338646e+00,6.215451e+00,2.092313e+00,-9.942357e-01
6.773091e+00,5.569923e+00,1.099089e+01,7.347406e+00,1.040201e+00,-3.794253e-01
7.561805e+00,7.509330e+00,1.185008e+01,7.655160e+00,2.328234e-01,2.626968e-02
3.200356e+00,1.008541e+01,6.776039e+00,7.365389e+00,-3.345950e-01,-2.923374e-01
-5.674407e+00,2.936004e+00,4.310059e+00,6.215787e+00,2.238319e-01,-4.708408e-01
-7.928866e+00,-5.562395e+00,2.418488e+00,2.845159e+00,2.694164e+00,3.519232e-01
3.021678e-01,-1.236257e+01,-3.103630e+00,-4.189369e-01,2.809306e+00,9.563667e-01
2.126759e+00,2.808397e+00,7.836071e+00,-4.445272e+00,1.997469e+00,6.354827e-01
1.586946e+01,3.754721e+01,9.898014e-01,-2.487669e+00,1.581813e+00,1.072380e+00
1.940213e+00,-3.251313e+00,3.459798e+00,-1.959113e+00,-2.513725e+00,-2.081227e+00
-6.924883e+00,-4.455774e+00,1.175579e+01,-3.231811e+00,-1.922411e+00,-5.459830e-01
-1.384549e+01,1.781802e+01,1.391316e+01,-2.821500e+00,9.986110e-01,4.101407e-01
-5.730499e+00,1.186623e+01,9.290655e+00,-1.656072e+00,2.414142e+00,6.599725e-01
6.208610e+00,6.983221e+00,5.892146e+00,-1.388396e+00,2.692869e+00,7.400435e-01
1.012464e+01,9.334991e+00,3.218790e+00,-1.319078e+00,1.308672e+00,2.214929e-01
5.220072e+00,9.622073e+00,3.468195e+00,-1.374093e+00,-1.237780e+00,-6.206419e-01
3.612815e-01,9.088385e+00,4.190656e+00,-1.450659e+00,-1.641508e+00,-6.867506e-01
-2.543221e+00,1.049705e+01,4.367706e+00,-1.410592e+00,-1.335932e+00,-5.473915e-01
-1.882501e+00,9.590000e+00,3.618796e+00,-1.385362e+00,-9.538734e-01,-4.389333e-01
-6.455031e-01,7.582467e+00,2.707863e+00,-1.431007e+00,-7.750996e-01,-3.864974e-01
1.255525e-01,7.266685e+00,2.858923e+00,-1.549195e+00,-8.106990e-01,-3.883196e-01
-9.616630e-02,7.762504e+00,4.879199e+00,-1.595702e+00,-8.825151e-01,-4.252828e-01
-1.075110e+00,8.035435e+00,4.546570e+00,-1.625835e+00,-7.623865e-01,-3.506404e-01
-1.423525e+00,6.678367e+00,1.955371e+00,-1.827830e+00,-4.554849e-01,-1.565772e-01
-4.356150e-01,6.552058e+00,1.325760e+00,-2.139120e+00,-2.937034e-01,5.105448e-03
3.329910e+00,8.208733e+00,-1.225346e-01,-2.842163e+00,-6.874158e-01,-3.286902e-02
2.388723e+00,8.355391e+00,1.139932e+00,-3.210627e+00,-1.061475e+00,-1.441020e-01
9.415635e+00,1.295500e+01,-1.507907e+00,-4.060153e+00,-1.791334e+00,-2.342863e-01
8.879660e+00,2.226641e+01,4.867805e-01,-4.521219e+00,-3.294389e+00,-5.687638e-01
-5.066488e+00,1.560736e+01,1.527026e+01,-4.525447e+00,-4.715406e+00,-1.087736e+00
-4.628624e+00,1.750695e+01,1.739567e+01,-3.987025e+00,-3.392812e+00,-9.210325e-01
-2.743633e+00,1.031959e+01,1.704056e+01,-1.564173e+00,-9.178579e-01,-9.777521e-01
4.312319e+00,6.242696e+00,1.236155e+01,-7.680414e-01,9.012706e-02,-1.199371e+00
8.148035e+00,7.029794e+00,6.963792e+00,1.873046e+00,4.328221e-01,-2.291282e+00
7.252927e+00,8.381547e-01,8.145364e+00,2.889315e+00,5.005608e-01,-2.554922e+00
5.916968e+00,1.866513e+00,5.789575e+00,3.999085e+00,2.549646e-01,-2.607200e+00
3.354844e+00,3.433430e+00,8.469688e+00,4.877388e+00,2.380403e-01,-2.813479e+00
1.590261e+00,3.707864e+00,1.045243e+01,6.280208e+00,1.065581e+00,-2.591163e+00
3.250818e+00,4.570134e+00,1.131134e+01,7.226142e+00,1.223420e+00,-2.081480e+00
1.084512e+01,9.324361e+00,1.093676e+01,7.641658e+00,-5.759597e-01,-8.764539e-01
9.959446e+00,1.034948e+01,1.044987e+01,7.577935e+00,-2.145635e+00,-1.294780e+00
-8.400864e+00,5.190966e+00,8.269885e+00,6.259148e+00,-2.241474e+00,-2.122889e+00
-1.346424e+01,1.295261e+00,5.698656e+00,4.854990e+00,-1.810599e-01,-1.482945e+00
1.938184e+00,-1.097435e+01,-7.833559e+00,1.258959e+00,1.927042e+00,1.810152e-01
1.618648e+00,-8.070171e+00,-2.517861e+00,-1.502828e+00,1.467653e+00,5.141102e-02
1.259830e+00,6.966837e+00,9.504716e+00,-3.987493e+00,1.236217e+00,4.793753e-01
4.137252e+00,3.914327e+01,4.272350e+00,-1.441784e+00,1.688849e+00,6.403952e-01
5.681504e-01,-6.826587e-01,9.084760e+00,-1.838118e+00,2.785652e+00,5.190900e-01
1.079190e+01,1.353892e+00,1.048379e+01,-2.455929e+00,3.041800e+00,8.815892e-01
3.379590e+00,1.518291e+01,8.882839e+00,-2.235055e+00,4.114648e-01,-1.163327e-01
1.348919e+00,1.226739e+01,7.563481e+00,-1.551194e+00,-8.645123e-01,-3.649479e-01
-3.368430e+00,7.034224e+00,6.353546e+00,-1.374716e+00,-4.875609e-01,-2.271825e-02
-4.722313e+00,1.097414e+01,4.870146e+00,-1.208009e+00,1.538195e-01,2.062794e-01
1.501243e+00,1.085323e+01,3.510722e+00,-1.069431e+00,5.022720e-01,1.886298e-01
3.078765e+00,8.304337e+00,2.363745e+00,-1.075007e+00,-1.590261e-01,-1.860039e-02
1.029177e+00,9.242241e+00,2.702212e+00,-1.222181e+00,-1.004827e+00,-2.132717e-01
-5.654567e-01,9.332329e+00,2.559246e+00,-1.277311e+00,-1.159368e+00,-3.095888e-01
-1.302125e+00,9.374921e+00,2.652228e+00,-1.365524e+00,-1.152854e+00,-3.445287e-01
-1.258666e+00,8.925846e+00,2.759436e+00,-1.432087e+00,-1.027355e+00,-3.018021e-01
1.229183e-01,7.556233e+00,3.307719e+00,-1.544294e+00,-7.643712e-01,-2.123795e-01
5.463064e-01,7.635951e+00,3.074501e+00,-1.702806e+00,-7.082381e-01,-1.224625e-01
-5.720924e-01,7.542106e+00,4.747689e-01,-2.103018e+00,-8.035719e-01,1.007993e-02
-5.019338e-01,8.496744e+00,-1.034165e+00,-2.535271e+00,-8.902928e-01,6.064090e-02
2.994185e-01,9.466214e+00,6.464024e-01,-3.207326e+00,-1.076880e+00,4.994566e-02
1.927779e+00,9.641319e+00,3.304667e+00,-3.564825e+00,-1.028587e+00,1.159994e-01
1.019144e+01,1.499144e+01,-1.706552e+00,-4.267652e+00,-1.541166e+00,1.248623e-01
1.348186e+01,2.203845e+01,-3.199514e+00,-4.739299e+00,-3.050403e+00,-2.300844e-01
-1.386508e+00,1.330618e+01,1.508756e+01,-4.524164e+00,-5.418611e+00,-1.084377e+00
-6.693458e+00,1.845966e+01,1.779060e+01,-4.023758e+00,-4.169759e+00,-1.359717e+00
-7.893343e+00,1.176159e+01,1.684814e+01,-1.463115e+00,-1.057747e+00,-9.200553e-01
2.220846e+00,5.065948e+00,1.007408e+01,-9.714363e-01,6.419536e-01,-7.826713e-01
5.275171e+00,9.535292e+00,8.408710e+00,1.142028e+00,1.194332e+00,-1.611886e+00
3.726001e+00,6.389041e+00,1.050713e+01,2.373557e+00,1.524088e+00,-1.565718e+00
5.428123e+00,3.770892e+00,7.531124e+00,3.890079e+00,1.936305e+00,-1.453712e+00
4.353229e+00,2.961011e+00,9.911790e+00,4.697804e+00,1.971400e+00,-1.538016e+00
3.894429e+00,3.631240e+00,9.604464e+00,6.106783e+00,2.156858e+00,-1.066597e+00
4.519446e+00,3.942690e+00,1.083926e+01,7.026012e+00,1.891039e+00,-6.941897e-01
7.020210e+00,4.697435e+00,1.334969e+01,7.912490e+00,7.534400e-01,-2.143810e-02
6.968120e+00,6.148766e+00,1.150574e+01,8.134115e+00,-6.378587e-02,2.529280e-01
-1.994706e+00,3.036470e+00,8.591141e+00,7.091668e+00,-2.990907e-01,-1.143855e-01
-9.466467e+00,-3.480930e-01,6.449036e+00,5.203048e+00,9.688625e-01,1.503525e-01
-8.697257e+00,-8.634366e+00,6.421990e+00,1.222594e+00,3.831432e+00,1.200566e+00
1.357462e+00,-9.840821e+00,4.460745e+00,-1.664946e+00,3.766139e+00,1.292076e+00
1.525026e+01,3.848465e+01,-3.384020e+00,-3.965885e+00,1.343010e+00,-1.415378e-01
9.987013e+00,2.675275e+01,9.542152e+00,-2.291547e+00,-6.660006e-01,-1.173078e+00
4.784251e+00,-1.465615e+01,1.159434e+01,-2.794659e+00,-8.641976e-01,-3.812346e-01
-5.793294e-01,9.869244e-01,1.582161e+01,-3.276675e+00,-1.237617e-01,2.460694e-01
-7.626095e+00,2.399139e+01,1.294163e+01,-1.359056e+00,1.347141e+00,1.564778e-01
1.485777e+00,9.776603e+00,6.807756e+00,-9.336574e-01,1.918502e+00,5.690498e-01
4.067891e+00,6.062961e+00,4.679919e+00,-9.775198e-01,7.424457e-01,1.957012e-01
3.792234e+00,1.089798e+01,5.396158e+00,-1.031196e+00,1.281969e-01,6.475630e-02
8.605920e-01,1.020618e+01,3.875957e+00,-8.470031e-01,-5.192625e-01,-1.082942e-01
-6.078218e-01,8.858031e+00,3.097350e+00,-8.786507e-01,-3.613097e-01,-3.883401e-02
8.540767e-01,9.955887e+00,2.122890e+00,-9.918211e-01,-1.783909e-01,1.827578e-02
1.269283e+00,8.958206e+00,1.583778e+00,-1.074945e+00,-3.506145e-01,-9.357405e-02
9.829398e-01,8.059305e+00,1.824508e+00,-1.400735e+00,-1.019367e+00,-3.372326e-01
-1.376511e+00,8.308564e+00,3.107343e+00,-1.500645e+00,-1.256958e+00,-3.740492e-01
-2.216713e+00,7.562597e+00,4.478166e+00,-1.536477e+00,-6.620450e-01,-1.631004e-01
-3.621722e-01,7.693616e+00,2.955546e+00,-1.624356e+00,-3.124124e-01,7.011772e-02
1.890668e+00,6.280872e+00,1.578711e+00,-1.990949e+00,-1.822693e-01,2.039679e-01
4.586444e+00,8.647555e+00,4.313334e-01,-2.367430e+00,-4.215068e-01,1.576015e-01
5.239238e+00,8.597829e+00,-4.257523e-01,-3.049791e+00,-1.485937e+00,-1.010836e-01
4.157743e+00,9.167860e+00,-3.225542e-01,-3.559045e+00,-1.959951e+00,-3.640388e-02
1.669612e+00,1.697117e+01,-1.518146e+00,-4.411904e+00,-2.988052e+00,2.905927e-01
-3.645453e+00,2.376286e+01,4.761480e+00,-4.718301e+00,-3.794909e+00,4.181357e-01
-1.178555e+01,2.342608e+01,1.690846e+01,-4.166945e+00,-2.406593e+00,1.048840e+00
-1.141966e+01,2.100138e+01,1.767041e+01,-2.655153e+00,-1.326889e-01,1.513261e+00
6.372404e+00,2.806526e-01,1.988819e+01,-9.554047e-01,2.565491e+00,1.407990e+00
1.280983e+01,4.030286e+00,1.163729e+01,-8.399021e-01,2.401623e+00,1.189205e+00
8.934243e+00,5.957836e+00,1.045290e+01,1.220951e+00,6.882818e-01,1.552279e-01
3.954772e+00,4.877361e+00,1.106690e+01,2.593980e+00,2.534447e-01,-6.433334e-01
2.215507e+00,1.454922e+00,8.619885e+00,4.403076e+00,3.587530e-01,-7.475339e-01
7.305698e-01,7.424282e-01,1.069715e+01,5.331680e+00,4.006387e-01,-3.400319e-01
1.199052e+00,-8.451689e-01,7.415974e+00,6.556130e+00,8.018661e-01,-4.358116e-01
9.283411e-01,6.736629e-01,9.481473e+00,7.146235e+00,8.684179e-01,-4.314159e-01
3.177235e+00,9.830256e-01,1.486881e+01,8.116570e+00,9.805243e-01,-1.783182e-01
3.743928e+00,3.616165e+00,1.294112e+01,8.378535e+00,7.417997e-01,1.996060e-01
-5.297967e+00,1.768602e+00,1.060798e+01,7.093357e+00,1.130035e+00,-6.494172e-02
-1.464654e+01,-6.325793e-01,1.014036e+01,5.462672e+00,2.765811e+00,2.242749e-02
-7.067694e-01,-4.574589e+00,5.250291e+00,1.762855e+00,5.167396e+00,1.091240e+00
1.041688e+01,-5.275845e+00,3.172198e+00,-1.822713e-01,4.376742e+00,1.019380e+00
1.129674e+01,3.438353e+00,4.197055e+00,-3.242966e+00,6.502890e-01,-6.424172e-01
2.410797e+01,3.888355e+01,-1.208101e+01,-1.811869e+00,-3.367710e-01,6.354167e-02
-1.427652e+01,8.968419e-01,1.301363e+01,-2.425047e+00,-1.868670e+00,-2.191597e+00
-5.674655e+00,-4.715201e+00,1.432812e+01,-3.389285e+00,9.548457e-01,-4.461056e-01
1.785915e+00,1.648255e+01,9.909500e+00,-2.316863e+00,1.497514e+00,1.853911e-01
1.505766e+00,1.334618e+01,8.435281e+00,-1.353838e+00,5.859579e-01,-4.787872e-01
-1.112906e+00,1.011451e+01,6.228915e+00,-1.224374e+00,2.223512e-01,9.950259e-02
-2.351681e+00,7.963035e+00,6.342985e+00,-9.362581e-01,7.761172e-01,1.062152e-01
5.240255e+00,1.118362e+01,5.358897e+00,-8.811615e-01,1.115721e+00,1.577843e-01
6.554036e+00,9.439245e+00,4.601173e+00,-7.862568e-01,4.004724e-01,-2.271881e-02
4.220154e+00,9.241304e+00,3.949258e+00,-8.124622e-01,-4.919177e-01,-2.422807e-01
2.126744e+00,9.394852e+00,3.545718e+00,-7.875957e-01,-8.694140e-01,-3.731992e-01
-6.352581e-02,8.346506e+00,2.772115e+00,-8.455317e-01,-1.168202e+00,-5.110599e-01
-1.246048e+00,7.564865e+00,1.946976e+00,-9.777528e-01,-1.174302e+00,-4.887245e-01
-2.945468e+00,7.579092e+00,2.652735e+00,-1.149979e+00,-9.080410e-01,-3.805030e-01
-3.865834e+00,7.055323e+00,3.967022e+00,-1.196729e+00,-5.130933e-01,-2.743463e-01
-1.610025e+00,7.689994e+00,4.325007e+00,-1.268297e+00,3.151166e-01,-5.090837e-03
2.070625e+00,8.199771e+00,3.270540e+00,-1.364106e+00,4.357106e-01,8.023543e-02
4.249026e+00,7.999344e+00,1.150576e+00,-1.767840e+00,-1.601900e-01,3.361393e-02
4.167223e+00,9.449085e+00,-7.724886e-01,-2.129494e+00,-5.689338e-01,-9.143133e-03
5.004202e+00,9.778315e+00,-1.292059e+00,-2.890085e+00,-1.359606e+00,-4.115021e-02
7.673131e+00,1.131143e+01,-6.290205e-01,-3.412500e+00,-1.857387e+00,2.251765e-02
9.458345e+00,1.581030e+01,-2.839651e+00,-4.231279e+00,-3.252892e+00,1.216585e-01
9.308608e-03,1.912795e+01,4.649995e-01,-4.604749e+00,-4.535925e+00,-9.607985e-02
-1.307474e+01,2.188231e+01,1.572004e+01,-4.769083e+00,-3.143726e+00,3.957320e-01
-1.215452e+01,2.577039e+01,2.046955e+01,-3.576284e+00,-9.730894e-01,8.874329e-01
-2.074239e+00,5.489437e+00,1.899790e+01,-1.586442e+00,2.034984e+00,1.524115e+00
6.763675e+00,7.177469e+00,1.236965e+01,-1.302948e+00,2.383641e+00,1.282204e+00
6.156043e+00,7.955774e+00,1.208147e+01,1.153276e+00,1.171474e+00,4.014856e-01
3.646697e+00,4.548664e+00,1.019914e+01,2.171702e+00,8.994711e-01,2.268122e-01
1.997354e+00,1.286581e+00,8.474421e+00,3.665294e+00,8.854907e-01,-2.434602e-02
2.076003e-01,1.024600e+00,8.715225e+00,4.546040e+00,1.112479e+00,-1.997158e-01
2.158864e-01,1.273760e-01,8.683209e+00,5.883831e+00,1.680279e+00,-1.916758e-01
1.339367e+00,-7.302731e-01,9.073819e+00,6.522129e+00,1.875810e+00,-2.060437e-01
4.986749e+00,2.005083e-01,1.213522e+01,7.454708e+00,1.592127e+00,-1.427288e-01
6.442426e+00,1.545135e+00,1.334000e+01,7.996020e+00,8.852121e-01,-1.478452e-01
5.364168e+00,2.731876e+00,1.198792e+01,7.965545e+00,-1.574691e-01,-4.255768e-01
-3.049110e+00,5.258499e+00,1.064735e+01,6.940381e+00,-3.036061e-01,-4.837631e-01
-1.446900e+01,-9.388627e-01,7.284973e+00,4.760834e+00,1.748087e+00,-1.044783e-01
-9.028553e+00,-6.472987e+00,4.350149e+00,2.259684e+00,3.979781e+00,7.552814e-01
7.212958e+00,-5.282681e+00,4.197131e+00,-2.071569e+00,3.663888e+00,6.041033e-01
1.687270e+01,2.219786e+01,-3.514153e+00,-2.762987e+00,2.432416e+00,7.043787e-01
-3.271429e-01,4.169054e+00,9.015933e+00,-2.253154e+00,-1.159724e+00,-1.964349e+00
9.008340e-01,-3.992177e+00,1.230665e+01,-2.880762e+00,-1.667220e-01,-7.634556e-01
-1.531283e-01,7.280958e+00,1.399358e+01,-2.635104e+00,1.405348e-01,-1.740856e-01
-1.048758e+00,1.985106e+01,1.180707e+01,-2.154674e+00,4.297270e-01,-3.456598e-01
-1.574902e+00,7.716597e+00,5.953819e+00,-1.298127e+00,8.669769e-01,5.847042e-02
1.003330e+00,7.285181e+00,4.074830e+00,-1.255986e+00,8.615626e-01,9.317043e-02
2.095452e+00,1.059550e+01,5.321663e+00,-1.057317e+00,8.521849e-02,-1.828687e-01
1.050542e+00,9.804694e+00,4.571127e+00,-1.001878e+00,-9.908810e-02,-1.006116e-01
9.620414e-01,8.628429e+00,3.517068e+00,-9.874448e-01,-1.066361e-01,-1.062521e-01
1.857686e+00,8.832242e+00,3.177998e+00,-1.004219e+00,-1.246635e-01,-1.614463e-01
1.936590e+00,9.928973e+00,2.298435e+00,-1.063098e+00,-6.134994e-01,-2.612470e-01
-5.892344e-01,7.764595e+00,2.160525e+00,-1.126275e+00,-9.128052e-01,-3.353752e-01
-2.943371e+00,7.760264e+00,2.686893e+00,-1.261798e+00,-7.097576e-01,-2.208149e-01
-2.458780e+00,7.620000e+00,3.210610e+00,-1.257933e+00,-4.161301e-01,-1.727948e-01
9.127025e-01,7.992209e+00,3.289575e+00,-1.352922e+00,7.494274e-02,-3.600193e-02
3.887194e+00,8.212713e+00,1.801141e+00,-1.587919e+00,-1.251343e-01,-3.591567e-02
4.109418e+00,8.687899e+00,1.163873e+00,-2.126277e+00,-1.195980e+00,-2.410550e-01
3.185124e-02,9.905803e+00,2.929260e+00,-2.436402e+00,-1.563057e+00,-2.417271e-01
-1.659526e+00,1.110794e+01,3.869874e+00,-2.798149e+00,-1.360748e+00,1.810538e-01
9.538269e-01,1.268177e+01,9.575883e-01,-3.099480e+00,-9.018907e-01,6.587044e-01
9.759951e+00,1.798706e+01,-3.740417e+00,-3.788464e+00,-1.743150e+00,4.349104e-01
8.067486e+00,1.479082e+01,2.545024e+00,-4.003658e+00,-3.219119e+00,2.588702e-01
-3.294206e+00,1.732203e+01,1.278001e+01,-3.901478e+00,-3.552179e+00,-1.082066e+00
-1.005140e+01,1.944990e+01,1.841363e+01,-2.615883e+00,-2.507975e+00,-8.615830e-01
-5.355314e+00,4.967500e+00,1.650807e+01,-1.881826e+00,5.632822e-01,4.650829e-01
8.240242e-01,1.256156e+01,1.093154e+01,-1.373554e+00,1.466730e+00,6.789138e-01
2.872905e+00,6.151353e+00,1.177421e+01,1.102917e+00,2.045562e+00,4.463886e-01
4.850986e+00,3.870793e+00,9.009014e+00,2.179774e+00,2.021357e+00,5.183710e-01
4.553314e+00,2.934799e+00,7.826165e+00,3.482356e+00,1.264949e+00,1.961985e-01
1.869961e+00,2.096310e+00,7.980784e+00,4.136314e+00,1.087291e+00,7.105155e-02
1.266154e+00,1.956795e+00,7.817050e+00,5.172931e+00,1.254265e+00,5.907637e-02
1.778839e+00,1.893138e+00,8.567677e+00,5.750617e+00,1.359719e+00,5.504426e-02
3.086590e+00,1.612120e+00,1.011532e+01,6.318252e+00,1.419101e+00,8.813657e-02
3.103538e+00,1.960818e+00,1.073078e+01,6.601502e+00,1.320013e+00,6.006064e-02
2.140887e+00,1.287361e+00,1.060780e+01,6.686532e+00,1.234143e+00,-1.569000e-01
-4.684275e-01,2.638938e+00,9.049896e+00,6.128218e+00,1.230754e+00,-2.338495e-01
-3.866195e-01,5.579749e+00,6.832567e+00,4.581239e+00,1.344582e+00,-5.532509e-02
-2.167965e-01,2.585024e+00,3.365744e+00,3.133250e+00,1.117539e+00,-1.647817e-01
-2.217941e+00,-3.193600e+00,2.536193e+00,4.568960e-02,1.028751e+00,-3.030071e-01
-9.485892e-01,2.755342e+00,1.377865e+00,-1.509647e+00,1.065965e+00,-2.422015e-01
1.710779e+01,3.900005e+01,-5.262044e+00,-1.018734e+00,1.857564e+00,1.106863e+00
-3.848054e+00,-3.077722e-01,4.411796e+00,-2.219358e+00,5.484043e-01,-7.203381e-01
1.764792e+00,-1.360181e-01,1.171400e+01,-2.999741e+00,1.742539e+00,2.204667e-01
9.894399e-01,9.792575e+00,1.471982e+01,-2.939598e+00,1.030532e+00,-6.185824e-02
5.247957e+00,1.658760e+01,7.001449e+00,-1.452944e+00,-4.933749e-01,-4.867195e-01
-3.600128e+00,6.032008e+00,5.572426e+00,-1.289385e+00,-6.195206e-01,-3.313496e-01
-3.560523e+00,1.019237e+01,4.931511e+00,-1.148097e+00,1.330177e+00,2.488010e-01
4.370735e+00,1.133620e+01,4.159258e+00,-1.052556e+00,1.328412e+00,1.241871e-01
3.883594e+00,8.430114e+00,3.470930e+00,-1.028003e+00,1.181965e-01,-8.455678e-02
1.692728e+00,8.807049e+00,3.675757e+00,-1.065693e+00,-2.704536e-01,-1.885748e-01
6.051792e-01,1.025343e+01,3.934764e+00,-9.830599e-01,-4.302505e-01,-2.980283e-01
6.847862e-01,9.458690e+00,3.619345e+00,-1.000263e+00,-5.051154e-01,-3.572507e-01
-5.535331e-02,8.242610e+00,3.100860e+00,-1.102528e+00,-7.820558e-01,-4.004858e-01
-2.349436e+00,7.532578e+00,3.995731e+00,-1.162113e+00,-6.853066e-01,-3.087234e-01
-1.385011e-01,8.623320e+00,4.617053e+00,-1.182755e+00,-1.906506e-01,-1.408661e-01
2.112820e+00,8.500814e+00,3.618982e+00,-1.203539e+00,-1.590941e-01,-1.020932e-01
2.092590e+00,6.274064e+00,4.973910e-01,-1.460476e+00,-4.879660e-01,-1.141606e-01
2.101901e+00,6.759190e+00,-1.395247e-01,-1.850849e+00,-6.924669e-01,-9.006076e-02
3.951609e+00,9.955148e+00,1.231042e+00,-2.439467e+00,-1.223900e+00,-2.318133e-01
1.920568e-01,9.553768e+00,4.008012e+00,-2.631590e+00,-1.506615e+00,-2.101456e-01
6.614795e+00,1.097281e+01,1.376461e+00,-2.936525e+00,-1.309516e+00,1.086021e-01
1.060492e+01,1.181865e+01,-2.203004e+00,-3.422628e+00,-1.976294e+00,3.263845e-02
2.844409e+00,1.365291e+01,-1.205687e-01,-4.151811e+00,-4.320320e+00,-6.057028e-01
-5.451669e+00,1.453073e+01,9.195231e+00,-4.506337e+00,-4.577573e+00,-6.697237e-01
-1.209436e+01,2.206047e+01,1.899489e+01,-3.510347e+00,-2.355049e+00,-5.434618e-01
-9.510859e+00,9.317735e+00,1.720388e+01,-2.310384e+00,-2.433307e-01,1.537443e-01
5.992548e+00,9.967052e+00,1.122839e+01,-1.670556e+00,2.371866e+00,1.832069e-01
6.848945e+00,9.887211e+00,1.067581e+01,-7.942950e-02,2.150130e+00,-4.103220e-01
5.775569e+00,4.078411e+00,9.348184e+00,1.775725e+00,1.495084e+00,-7.601365e-01
4.510004e+00,3.627624e+00,7.795750e+00,2.492815e+00,1.250123e+00,-8.364275e-01
2.170000e+00,3.027740e+00,8.720820e+00,3.935438e+00,1.261216e+00,-1.061538e+00
2.479000e+00,2.774615e+00,7.884462e+00,4.762029e+00,1.556375e+00,-1.017607e+00
4.476598e+00,1.875808e+00,8.862293e+00,5.923000e+00,1.508231e+00,-9.281707e-01
5.544052e+00,1.962361e+00,9.505224e+00,6.451264e+00,1.167495e+00,-8.051389e-01
6.248434e+00,2.807098e+00,1.149352e+01,7.244969e+00,2.954816e-01,-6.613090e-01
4.006405e+00,2.423160e+00,1.070041e+01,7.506376e+00,-9.663271e-02,-5.992131e-01
-3.118348e+00,3.560967e+00,8.903329e+00,6.256176e+00,-2.659914e-02,-1.705735e-01
-1.017582e+01,2.348797e+00,9.381619e+00,4.826663e+00,1.106901e+00,4.746881e-01
-5.331028e+00,-8.790706e+00,5.595275e+00,1.573600e+00,3.743103e+00,1.363942e+00
4.593259e-01,-8.995169e+00,6.016058e+00,-3.355852e-01,4.280696e+00,1.281850e+00
1.236316e+01,5.409294e+00,1.161097e+01,-3.258246e+00,2.542897e+00,6.512594e-01
1.309822e+01,2.813278e+01,-1.753844e+00,-2.361331e+00,1.492401e-01,-3.259382e-01
5.141217e+00,2.836332e+01,4.484249e+00,-5.633410e-01,-2.428133e+00,-1.571920e+00
-2.269828e+01,-3.955293e+00,1.091081e+01,-1.901615e+00,-1.041447e+00,-1.353885e+00
3.928733e+00,8.592009e+00,1.044003e+01,-2.303512e+00,3.875392e+00,1.299696e+00
1.205604e+01,1.540840e+01,7.166887e+00,-1.522889e+00,2.050964e+00,1.114912e-01
5.621387e-01,8.154170e+00,8.554861e+00,-1.124134e+00,-1.157085e+00,-4.990208e-01
-5.360339e+00,9.055590e+00,6.135421e+00,-9.135087e-01,-1.142637e+00,-4.017974e-01
-2.460460e+00,1.288807e+01,6.311524e+00,-6.346669e-01,5.977070e-01,-2.837670e-02
4.560964e+00,1.096805e+01,4.079457e+00,-4.877198e-01,7.531395e-01,-1.318935e-03
5.582532e+00,9.038427e+00,1.155331e+00,-5.834546e-01,-3.903834e-01,-2.299609e-01
2.107227e+00,8.694103e+00,9.039611e-01,-7.143601e-01,-1.155513e+00,-4.543601e-01
-1.443653e+00,7.051466e+00,2.065869e-01,-1.044595e+00,-1.693487e+00,-5.746651e-01
-4.554330e+00,7.150061e+00,3.403052e-01,-1.312130e+00,-1.538025e+00,-4.981496e-01
-3.318959e+00,7.025322e+00,1.149749e+00,-1.586807e+00,-8.658397e-01,-3.224166e-01
-2.568019e-01,8.523198e+00,2.485230e+00,-1.734874e+00,-6.911111e-01,-3.001610e-01
9.792665e-01,7.976366e+00,1.083589e+00,-1.987117e+00,-7.301660e-01,-3.136459e-01
1.717256e+00,6.740735e+00,-1.232861e+00,-2.378046e+00,-8.367817e-01,-2.396679e-01
2.470276e+00,7.757320e+00,-9.985923e-01,-3.186483e+00,-1.130642e+00,-1.610556e-01
3.119702e+00,8.959236e+00,2.007542e+00,-3.538843e+00,-1.170985e+00,-9.298923e-02
9.033799e+00,1.035821e+01,8.902945e-01,-4.098162e+00,-1.348810e+00,8.561222e-02
1.280686e+01,1.598904e+01,-4.685303e+00,-4.836357e+00,-2.553478e+00,4.113603e-02
-7.332758e+00,1.759595e+01,1.122486e+01,-5.169705e+00,-4.657349e+00,-6.650518e-01
-1.054814e+01,2.328321e+01,2.011292e+01,-5.290646e+00,-3.647493e+00,-2.251919e-01
-8.335639e+00,1.856328e+01,2.013193e+01,-3.114428e+00,-8.253628e-01,4.767546e-01
2.588479e+00,2.081086e+00,2.102475e+01,-1.628627e+00,1.343170e+00,4.831084e-01
1.229154e+01,6.134599e+00,9.694241e+00,-8.801001e-01,1.418574e+00,1.183977e-01
7.218758e+00,8.609624e+00,1.048229e+01,4.943002e-01,4.075363e-01,-8.226701e-01
1.918963e+00,1.853958e+00,8.503769e+00,2.734027e+00,6.416850e-01,-1.189663e+00
1.907323e+00,4.079801e-01,6.898278e+00,3.624027e+00,1.042264e+00,-1.122575e+00
1.602525e+00,9.613907e-01,8.582699e+00,4.983775e+00,1.665459e+00,-7.516645e-01
3.082439e+00,7.333629e-02,7.580888e+00,5.837286e+00,1.992650e+00,-4.807520e-01
5.749661e+00,-1.091243e+00,9.256497e+00,6.880356e+00,1.629493e+00,-1.459922e-01
6.853049e+00,-1.275213e+00,1.090933e+01,7.313035e+00,1.090257e+00,-1.424606e-03
7.878754e+00,7.771142e-01,1.235797e+01,7.941561e+00,-3.611435e-01,1.016548e-01
5.803954e+00,-8.111952e-01,1.370198e+01,7.798486e+00,-1.493991e+00,-2.928422e-01
-5.615250e+00,3.121828e+00,1.070000e+01,5.431964e+00,-1.160362e+00,-3.817459e-01
-1.404888e+01,-4.352435e+00,9.021448e+00,3.493880e+00,3.267255e-01,-4.088131e-01
-4.142776e+00,-1.048395e+01,6.966005e+00,-5.007926e-01,3.098056e+00,9.743750e-01
3.995073e+00,1.072699e+01,-1.081767e+00,-2.889045e+00,3.328458e+00,1.146266e+00
4.896134e+00,2.023194e+01,-4.790489e-01,-1.580020e+00,4.607990e-01,-9.102762e-01
-7.396807e+00,-1.177674e+01,1.058089e+01,-2.580100e+00,7.962071e-01,-1.068315e+00
6.609269e+00,4.651817e-01,1.360410e+01,-3.079386e+00,6.248664e-01,3.055835e-01
2.964525e+00,1.981080e+01,1.021876e+01,-2.257685e+00,-1.593848e-01,-3.678973e-01
-7.595880e+00,1.163172e+01,1.071712e+01,-1.235348e+00,-3.442798e-01,-2.902976e-01
-5.423482e+00,5.632147e+00,6.286283e+00,-8.014404e-01,9.155223e-01,3.749821e-01
1.333730e+00,9.610134e+00,7.263767e+00,-6.931767e-01,1.862756e+00,3.479099e-01
6.618190e+00,1.257241e+01,5.292413e+00,-5.923769e-01,1.623059e+00,3.174048e-01
5.080933e+00,8.249929e+00,3.344041e+00,-4.358447e-01,-8.877145e-02,-1.244335e-01
2.921700e+00,8.660758e+00,3.045255e+00,-5.097688e-01,-7.204691e-01,-3.487562e-01
-6.987694e-01,9.648790e+00,2.159280e+00,-6.201846e-01,-1.121939e+00,-4.889977e-01
-1.119404e+00,8.545704e+00,1.057541e+00,-7.637722e-01,-1.117778e+00,-4.600135e-01
-2.219265e+00,6.638369e+00,7.241218e-01,-1.103483e+00,-9.311480e-01,-3.756966e-01
-2.462625e+00,6.876661e+00,2.096711e+00,-1.336667e+00,-6.917461e-01,-2.300001e-01
1.187900e+00,8.210455e+00,3.614547e+00,-1.478729e+00,-4.171817e-01,-1.777039e-01
2.064253e+00,8.705974e+00,3.882418e+00,-1.520056e+00,-5.689977e-01,-2.029233e-01
7.754432e-01,7.079383e+00,2.584510e+00,-1.594468e+00,-8.335994e-01,-2.239539e-01
1.037857e+00,6.596893e+00,2.332643e+00,-1.880603e+00,-8.707220e-01,-1.260818e-01
2.843188e+00,9.921432e+00,1.890508e+00,-2.399199e+00,-1.129015e+00,-2.335709e-02
7.967253e-01,1.026079e+01,2.887047e+00,-2.608420e+00,-1.410198e+00,3.716032e-02
4.894640e+00,1.262928e+01,6.422195e-01,-3.128169e+00,-1.581638e+00,2.137463e-01
6.247012e+00,1.530979e+01,-2.037415e+00,-3.562078e+00,-2.192341e+00,2.182080e-01
-2.267017e+00,1.474524e+01,2.230594e+00,-4.253207e+00,-3.445190e+00,-6.415892e-02
-6.909606e+00,1.417687e+01,9.891527e+00,-4.572257e+00,-3.456542e+00,1.466794e-01
-8.261695e+00,2.524705e+01,1.751978e+01,-3.963256e+00,-1.507265e+00,1.915452e-01
-7.798723e+00,1.141717e+01,1.706729e+01,-1.940033e+00,4.106783e-02,6.256483e-01
2.937783e+00,3.343347e+00,1.346898e+01,-1.551447e+00,1.910750e+00,9.993072e-01
4.801636e+00,1.135623e+01,1.053761e+01,-6.356612e-01,1.567011e+00,8.626456e-01
1.227116e+00,4.435968e+00,1.141157e+01,1.637376e+00,1.367891e+00,4.064439e-01
2.016819e+00,2.683651e+00,8.862359e+00,2.596568e+00,1.560738e+00,5.614519e-01
2.393339e+00,1.740016e+00,8.694444e+00,3.972467e+00,1.640987e+00,1.895290e-01
2.317499e+00,7.250319e-01,8.884992e+00,4.937483e+00,1.604362e+00,1.008057e-01
3.409607e+00,1.565914e-02,8.718602e+00,6.141174e+00,1.356387e+00,-4.448682e-02
4.784857e+00,2.946431e-02,9.645179e+00,6.787367e+00,1.003383e+00,-1.150411e-01
6.701496e+00,5.259840e-01,1.375000e+01,7.635840e+00,2.524144e-01,-3.246232e-01
6.194929e+00,1.108000e+00,1.353312e+01,8.141305e+00,-4.885935e-01,-6.572182e-01
6.773214e-02,1.310991e+00,1.248861e+01,7.347622e+00,-8.382708e-01,-1.085765e+00
-8.793999e+00,7.433288e+00,1.041330e+01,6.123360e+00,-3.441932e-01,-8.361451e-01
-1.050372e+01,-3.532667e+00,6.628992e+00,2.887829e+00,2.153892e+00,1.189014e-01
-3.584405e+00,-7.886209e+00,3.616450e+00,6.441016e-01,3.169932e+00,6.353695e-01
1.285992e+01,3.172967e+01,-8.054451e+00,-2.857273e+00,3.705311e+00,1.283815e+00
1.959943e+01,2.920133e+01,2.625321e+00,-2.078803e+00,2.681016e+00,1.005524e+00
4.845444e-01,-5.846871e+00,1.127102e+01,-2.861430e+00,-1.361298e-01,-9.274688e-01
1.408462e+00,-4.678772e-01,1.423610e+01,-2.975626e+00,-1.326592e-01,-2.079140e-01
-3.470479e+00,1.877861e+01,8.795600e+00,-1.888842e+00,-5.335644e-01,-5.477102e-01
-8.334369e+00,1.401690e+01,9.464438e+00,-1.361653e+00,3.810391e-01,-9.471510e-02
-7.528826e-01,5.853198e+00,5.039676e+00,-1.031349e+00,2.046040e+00,5.859789e-01
4.971860e+00,9.440713e+00,5.186406e+00,-1.073329e+00,2.079662e+00,4.681019e-01
7.876652e+00,1.029101e+01,3.860395e+00,-9.685787e-01,2.731277e-01,-6.572802e-02
3.069240e+00,8.128765e+00,3.953876e+00,-9.496590e-01,-6.306966e-01,-3.199175e-01
3.378855e-01,9.929356e+00,4.000009e+00,-9.495742e-01,-1.022149e+00,-4.394677e-01
-6.790308e-01,1.019896e+01,3.084332e+00,-9.446098e-01,-9.754892e-01,-4.283102e-01
-4.181789e-01,9.082729e+00,2.064544e+00,-1.003557e+00,-8.819723e-01,-4.595779e-01
-1.844702e+00,9.058460e+00,2.182176e+00,-1.144017e+00,-9.078114e-01,-4.541929e-01
-1.601844e+00,7.612438e+00,3.192438e+00,-1.297078e+00,-5.337992e-01,-3.339352e-01
7.204430e-01,7.915875e+00,3.098330e+00,-1.385545e+00,-3.498777e-01,-2.320999e-01
1.018353e+00,7.101766e+00,1.749356e+00,-1.617426e+00,-3.972632e-01,-1.925116e-01
1.373444e+00,6.782448e+00,1.025187e+00,-1.888346e+00,-4.531003e-01,-1.270171e-01
3.032924e+00,9.850234e+00,-3.292388e-02,-2.547686e+00,-8.202799e-01,-9.866341e-02
2.459562e+00,1.016145e+01,4.331610e-01,-2.923558e+00,-1.160518e+00,-1.342602e-01
2.547777e+00,1.165922e+01,1.841223e+00,-3.445789e+00,-1.374063e+00,1.262077e-01
1.007011e+01,1.909654e+01,-4.675952e+00,-3.917580e+00,-1.640616e+00,2.328827e-01
7.677124e-01,1.335655e+01,8.616329e+00,-4.557691e+00,-4.543299e+00,-5.796545e-01
-3.075209e+00,1.736375e+01,1.555788e+01,-4.710886e+00,-4.635935e+00,-6.560518e-01
-1.172549e+01,2.179339e+01,1.948137e+01,-2.768452e+00,-2.400789e+00,-6.411037e-01
-7.517088e+00,5.224886e+00,1.827996e+01,-1.236491e+00,9.790154e-02,6.009037e-02
7.088050e+00,7.444730e+00,9.025842e+00,-7.512369e-01,1.703846e+00,-8.205911e-03
4.562927e+00,8.470990e+00,1.100595e+01,5.039211e-01,1.418343e+00,-4.410726e-01
3.433052e+00,2.105280e+00,8.095819e+00,2.572066e+00,1.555157e+00,-5.903686e-01
3.378672e+00,1.098584e+00,7.307080e+00,3.435192e+00,1.752489e+00,-7.505020e-01
1.994325e+00,1.457985e+00,8.034344e+00,4.717276e+00,1.903899e+00,-7.639822e-01
2.174290e+00,1.389515e+00,8.111120e+00,5.536116e+00,2.055938e+00,-6.529163e-01
5.019228e+00,2.982801e-01,9.128863e+00,6.518544e+00,1.925711e+00,-4.800869e-01
7.205911e+00,8.747513e-01,1.129754e+01,7.127905e+00,1.272955e+00,-2.976383e-01
7.747514e+00,3.604991e+00,9.847532e+00,7.644611e+00,-7.494407e-02,-3.309073e-01
4.756772e+00,3.497415e+00,1.127403e+01,7.414369e+00,-6.604394e-01,-5.600121e-01
-1.163546e+01,6.629777e+00,9.005923e+00,5.447857e+00,-8.196139e-01,-4.145749e-01
-1.696701e+01,7.761271e-01,7.870442e+00,3.556649e+00,1.758122e+00,2.433687e-01
-2.484261e+00,-1.122597e+01,6.102991e+00,-2.450841e-01,4.809246e+00,1.149271e+00
1.287679e+01,6.336975e-01,5.845391e+00,-2.596401e+00,4.509420e+00,1.220961e+00
2.267357e+01,3.674705e+01,1.489407e+00,-1.443838e+00,1.204738e+00,6.389567e-01
-5.328697e+00,1.794200e+00,6.126307e+00,-1.692981e+00,-2.463506e+00,-2.689565e+00
4.697755e-01,-1.176984e+00,1.236646e+01,-3.271224e+00,3.559511e-01,6.275946e-01
-3.334584e+00,1.507798e+01,7.791934e+00,-2.777125e+00,8.448789e-01,5.653134e-01
-4.927101e-01,1.470013e+01,1.169599e+01,-1.560146e+00,8.947852e-01,-1.201696e-02
-6.532180e-02,6.503315e+00,5.877094e+00,-1.079597e+00,5.455899e-01,1.687702e-01
1.902185e+00,1.121529e+01,5.155378e+00,-1.059420e+00,6.676221e-01,1.961782e-01
3.723255e+00,1.356631e+01,5.608218e+00,-9.632312e-01,5.198464e-01,1.270192e-01
2.648245e+00,8.541466e+00,4.666406e+00,-7.212796e-01,-5.326521e-02,-1.170824e-01
2.219055e+00,9.516114e+00,3.628867e+00,-6.970718e-01,-3.716204e-01,-1.612500e-01
1.048396e+00,9.578861e+00,2.408628e+00,-7.432484e-01,-8.004498e-01,-3.161469e-01
-1.271783e-01,8.702246e+00,1.581382e+00,-8.611208e-01,-9.637369e-01,-3.456022e-01
-1.077954e+00,7.693321e+00,1.150618e+00,-1.139976e+00,-1.062951e+00,-3.209660e-01
-1.686360e+00,7.636600e+00,2.024919e+00,-1.336133e+00,-1.001812e+00,-2.636990e-01
1.110123e+00,8.038954e+00,2.524123e+00,-1.572892e+00,-7.393553e-01,-1.059268e-01
1.334053e+00,8.763075e+00,1.830134e+00,-1.729973e+00,-7.618886e-01,-3.259894e-02
5.590482e-01,7.605864e+00,3.756990e-01,-2.064214e+00,-7.674530e-01,6.743309e-02
2.993879e+00,7.986046e+00,-4.932507e-01,-2.424297e+00,-9.085820e-01,9.827750e-02
2.250048e+00,9.124880e+00,1.003325e+00,-3.082560e+00,-1.467570e+00,1.012516e-01
1.670598e+00,9.552396e+00,1.319198e+00,-3.510245e+00,-1.591919e+00,2.879712e-01
8.061417e+00,1.269188e+01,-2.033979e+00,-4.160533e+00,-1.791695e+00,3.444482e-01
2.621760e+00,1.717559e+01,5.079453e-01,-4.589032e+00,-2.868430e+00,1.323768e-01
-1.137676e+01,2.342303e+01,1.511254e+01,-5.119244e+00,-4.411730e+00,-4.254403e-01
-1.337644e+01,2.729570e+01,1.962245e+01,-4.353976e+00,-2.667313e+00,2.700668e-01
-5.530561e+00,7.469758e+00,1.971243e+01,-1.601631e+00,1.068656e+00,1.059271e+00
5.462263e+00,1.387255e+00,1.953158e+01,-1.422773e+00,2.496658e+00,9.308284e-01
1.057055e+01,1.142647e+01,1.046563e+01,1.726205e-01,1.296008e+00,3.874052e-01
4.418462e+00,5.002013e+00,1.114018e+01,1.901778e+00,7.506348e-01,-4.796571e-01
2.599737e+00,-3.607885e-01,7.147670e+00,3.552354e+00,9.834436e-01,-6.463606e-01
9.842518e-01,1.291022e+00,8.090351e+00,4.206826e+00,1.233656e+00,-7.306826e-01
2.271398e+00,-2.630262e-01,9.444416e+00,5.730375e+00,2.087191e+00,-5.546504e-01
4.794988e+00,-2.122544e+00,8.246275e+00,6.522576e+00,2.500668e+00,-3.313860e-01
8.663846e+00,-2.835385e+00,1.142885e+01,7.589978e+00,1.535334e+00,-5.119109e-02
6.043855e+00,-1.557165e+00,1.250047e+01,8.053904e+00,4.486867e-01,-2.140301e-02
-2.631579e+00,5.098971e-01,1.282473e+01,7.867782e+00,-5.702767e-01,2.429227e-01
-1.042329e+01,7.064895e+00,1.221290e+01,6.506453e+00,-3.369884e-01,5.004912e-01
-1.069495e+01,-1.002038e+01,7.479640e+00,3.283800e+00,2.932477e+00,8.104139e-01
-2.543852e-01,-1.222062e+01,6.963321e+00,-5.229444e-01,4.426265e+00,8.910504e-01
2.843709e+01,3.780489e+01,-9.179679e+00,-3.015316e+00,4.117151e+00,1.709001e+00
8.343049e+00,6.490218e+00,1.081265e+01,-2.397580e+00,1.023617e+00,-4.169152e-01
1.756124e+00,-7.069729e+00,1.747170e+01,-2.763392e+00,-8.988972e-01,-9.203840e-01
6.381148e-01,7.472151e+00,1.232312e+01,-2.901881e+00,-9.229242e-01,4.494795e-02
-1.192460e+01,1.605631e+01,1.209631e+01,-1.409192e+00,-9.899406e-02,-3.804963e-01
-4.210074e+00,1.172385e+01,9.560762e+00,-1.094709e+00,1.548556e+00,5.580725e-01
2.497008e+00,5.680896e+00,7.344314e+00,-6.082836e-01,2.440406e+00,7.628583e-01
9.057966e+00,1.119537e+01,6.161164e+00,-6.602429e-01,1.733657e+00,6.520055e-01
6.083809e+00,1.008727e+01,4.860216e+00,-3.942633e-01,-8.548285e-02,1.210636e-01
3.482442e+00,9.861623e+00,3.796283e+00,-3.737373e-01,-6.022248e-01,-6.495055e-02
3.232113e-01,9.616632e+00,2.592689e+00,-3.941663e-01,-8.910155e-01,-2.517101e-01
-7.763415e-01,8.385436e+00,2.130290e+00,-4.850544e-01,-9.693272e-01,-2.963617e-01
-3.657033e+00,6.659758e+00,1.318658e+00,-7.452636e-01,-7.249953e-01,-2.034628e-01
-2.515746e+00,6.820638e+00,2.296170e+00,-8.968545e-01,-4.101010e-01,-1.361738e-01
1.170230e+00,7.016814e+00,3.087960e+00,-1.135949e+00,-3.302714e-02,1.621921e-02
3.206471e+00,7.117549e+00,3.141863e+00,-1.251933e+00,-1.748923e-01,-2.054116e-03
1.767275e+00,8.214663e+00,3.294083e-01,-1.627148e+00,-5.717403e-01,8.535469e-02
1.897593e+00,8.779877e+00,-1.051235e+00,-1.960462e+00,-6.026211e-01,1.599144e-01
3.738359e+00,8.981997e+00,-1.074180e+00,-2.582682e+00,-6.156738e-01,2.448936e-01
5.423577e+00,1.007316e+01,-3.519174e-01,-3.083220e+00,-8.439412e-01,3.644563e-01
1.305905e+01,1.402508e+01,-3.751467e+00,-3.851865e+00,-1.528956e+00,4.255355e-01
9.260954e+00,1.557509e+01,-2.207495e+00,-4.366064e+00,-3.049236e+00,3.544111e-01
-1.188997e+01,2.540105e+01,1.762418e+01,-4.749260e+00,-4.967822e+00,1.683828e-01
-2.284755e+01,2.304901e+01,2.235578e+01,-3.869989e+00,-2.636504e+00,8.087686e-01
-9.648366e+00,6.418671e+00,1.994564e+01,-1.907213e+00,2.621385e+00,2.826050e+00
6.369405e+00,6.701504e+00,1.507689e+01,-1.475595e+00,3.848879e+00,2.598376e+00
7.520292e+00,7.614452e+00,1.156482e+01,3.775946e-01,2.669142e+00,1.966378e+00
6.341038e+00,4.178521e+00,1.010101e+01,1.929178e+00,1.499850e+00,1.475737e+00
1.621881e+00,1.030969e+00,7.904129e+00,3.184891e+00,5.129270e-01,9.747990e-01
-1.437670e+00,1.339233e+00,8.809971e+00,3.852136e+00,5.350339e-01,6.414729e-01
-1.565502e+00,5.026742e-01,9.175417e+00,5.172849e+00,1.080116e+00,3.222117e-01
-5.790792e-02,-7.532552e-01,9.046386e+00,5.946605e+00,1.435571e+00,1.751075e-01
1.773316e+00,3.548278e-01,1.108705e+01,6.785377e+00,1.542489e+00,1.078302e-01
2.657076e+00,5.407282e-01,1.324069e+01,7.294599e+00,1.405034e+00,-5.026724e-02
3.075514e+00,1.640558e+00,1.384348e+01,7.872984e+00,8.810670e-01,-3.472410e-01
-2.800366e+00,4.375686e+00,1.101014e+01,7.408781e+00,6.643023e-01,-5.815406e-01
-9.108480e+00,3.411314e+00,9.691572e+00,5.231348e+00,2.022643e+00,-1.593844e-01
-3.962905e+00,-6.173417e+00,5.556012e+00,3.361414e+00,3.003787e+00,3.869533e-01
1.825132e+00,5.801887e+00,-3.676327e+00,-1.951904e+00,3.742701e+00,7.821262e-01
1.958491e+01,2.938232e+01,-4.309795e-01,-4.118349e+00,4.415754e+00,2.150793e+00
1.806446e+00,8.931363e+00,1.533110e+01,-3.195541e+00,1.088318e+00,-8.777127e-01
6.068101e+00,-1.776101e+01,1.607329e+01,-2.116046e+00,5.905955e-01,-1.124828e+00
4.067894e+00,1.326823e+01,6.700023e+00,-2.163935e+00,-6.811273e-02,-3.550548e-03
-9.027928e+00,2.472337e+01,1.620571e+01,-1.635260e+00,3.193633e-01,-8.772675e-01
1.804165e+00,3.534137e+00,6.236724e+00,-4.166323e-01,1.776285e+00,3.081613e-01
3.769090e+00,4.455294e+00,5.319259e+00,-7.001435e-01,1.337750e+00,6.365623e-02
3.333477e+00,1.332786e+01,5.392198e+00,-4.745717e-01,2.492641e-02,-9.541546e-02
-1.871635e-01,1.114972e+01,4.096693e+00,-3.905348e-01,-2.336422e-01,-2.135823e-01
2.512897e+00,1.026652e+01,2.164220e+00,-4.144541e-01,-2.219301e-02,-1.950779e-01
3.415573e+00,9.073777e+00,6.294736e-01,-5.828914e-01,-4.980649e-01,-4.562646e-01
-2.015403e+00,7.495786e+00,2.172038e+00,-8.867559e-01,-1.265270e+00,-6.052697e-01
-3.966547e+00,7.029395e+00,3.430569e+00,-9.951550e-01,-1.138980e+00,-5.581791e-01
-8.979863e-02,6.970026e+00,3.219998e+00,-1.137881e+00,-4.854639e-01,-4.104607e-01
1.251812e+00,7.267047e+00,3.572416e+00,-1.231766e+00,-4.924300e-01,-4.371590e-01
3.259543e-01,7.805929e+00,4.640000e+00,-1.329801e+00,-7.231697e-01,-4.548776e-01
-4.457938e-02,8.177715e+00,2.519117e+00,-1.438350e+00,-7.001257e-01,-3.638181e-01
8.791749e-01,5.590183e+00,-2.199144e-01,-1.745896e+00,-4.309684e-01,-1.321018e-01
3.373378e+00,7.040581e+00,-8.641045e-01,-2.253667e+00,-3.294301e-01,8.781235e-03
7.418143e+00,9.937752e+00,-2.590749e+00,-3.064136e+00,-1.334499e+00,-2.241064e-01
6.536003e+00,1.085718e+01,-1.326489e+00,-3.548072e+00,-2.089349e+00,-3.651394e-01
4.131385e+00,1.874654e+01,4.393035e-01,-4.465537e+00,-3.390694e+00,-3.347993e-01
-3.230618e+00,2.337459e+01,1.088160e+01,-4.881012e+00,-4.405584e+00,-4.481124e-01
-9.696702e+00,2.379995e+01,1.932206e+01,-3.860644e+00,-3.318637e+00,-3.525669e-01
-8.998745e+00,1.397612e+01,2.072743e+01,-2.045300e+00,-1.295727e+00,8.259694e-02
2.612555e+00,8.805953e+00,1.287826e+01,-1.458625e+00,1.282946e+00,5.133927e-01
1.056239e+00,8.534868e+00,1.375790e+01,-1.856097e-01,1.587571e+00,6.321517e-01
2.154302e+00,3.815012e+00,1.084213e+01,1.976961e+00,2.380637e+00,1.503988e-01
4.255694e+00,2.437239e+00,9.156964e+00,3.179600e+00,2.723755e+00,-2.402783e-01
6.303223e+00,1.689883e+00,7.795224e+00,4.635631e+00,2.233902e+00,-4.316699e-01
6.353730e+00,9.128048e-01,7.631424e+00,5.421125e+00,1.599636e+00,-4.096499e-01
6.310619e+00,-2.395204e-01,8.297297e+00,6.426245e+00,3.860880e-01,-5.001765e-01
4.377368e+00,4.735632e-01,1.114217e+01,7.083645e+00,-4.213385e-01,-6.725905e-01
6.183047e-01,1.068688e+00,1.218318e+01,7.692535e+00,-3.443225e-01,-8.644444e-01
-1.970923e+00,6.281196e-01,1.217213e+01,7.658137e+00,3.238617e-01,-7.845158e-01
-4.435369e+00,6.231993e+00,1.108715e+01,6.119383e+00,1.258281e+00,8.229700e-02
-2.911411e+00,2.682822e+00,9.067217e+00,4.916689e+00,1.845148e+00,5.021218e-01
1.623006e+00,-1.018409e+01,2.618490e+00,1.662066e+00,2.263946e+00,7.854699e-01
3.703991e+00,-7.502244e+00,6.497622e+00,-1.474137e+00,1.940176e+00,1.934147e-01
1.566347e+01,3.196864e+01,-6.020143e+00,-2.760247e+00,8.468660e-01,4.179828e-01
1.008142e+01,2.916911e+01,3.359706e+00,-1.169794e+00,-6.686615e-01,-5.832529e-01
4.403429e-01,-6.472014e+00,7.335515e+00,-2.580621e+00,-4.589761e-01,-6.941845e-01
4.051442e+00,-8.388086e-01,8.459720e+00,-2.733840e+00,8.003798e-02,1.435961e-01
-5.520024e+00,1.954799e+01,1.244513e+01,-2.669999e+00,-8.815453e-01,-8.263816e-01
-4.943216e+00,1.028554e+01,7.858298e+00,-1.911239e+00,-5.591320e-01,-1.496614e-01
-4.076907e+00,7.310882e+00,6.090629e+00,-1.521584e+00,5.037910e-01,2.167026e-01
-2.897553e-01,1.152976e+01,8.230407e+00,-1.418909e+00,1.125092e+00,2.760208e-01
3.514502e+00,8.857894e+00,6.528777e+00,-1.051141e+00,9.190810e-01,2.969720e-01
2.531866e+00,7.789816e+00,5.579216e+00,-9.057616e-01,4.313877e-01,1.649922e-01
1.996442e+00,9.780096e+00,5.257788e+00,-8.269129e-01,1.653538e-01,6.966292e-02
3.985216e-01,9.781339e+00,4.872852e+00,-7.483264e-01,2.952125e-02,-3.859152e-02
1.575341e-01,8.266768e+00,2.669182e+00,-6.640043e-01,-1.563911e-01,-1.563257e-01
-5.991058e-01,7.964699e+00,1.781870e+00,-7.515315e-01,-3.854601e-01,-2.193093e-01
3.015293e-01,7.330056e+00,1.154496e+00,-9.575506e-01,-4.948841e-01,-3.139291e-01
2.513393e+00,6.933525e+00,2.408062e-01,-1.168496e+00,-5.591439e-01,-3.202752e-01
1.702283e+00,7.761007e+00,-6.482128e-01,-1.744041e+00,-9.403911e-01,-3.740938e-01
-6.195613e-02,7.650318e+00,8.489982e-01,-2.211666e+00,-1.182831e+00,-3.298678e-01
1.001463e+00,9.636501e+00,2.599670e+00,-2.818010e+00,-1.256380e+00,-2.043864e-01
8.066426e-01,9.447514e+00,3.811616e+00,-3.015376e+00,-1.338073e+00,-1.168694e-01
8.286223e+00,1.096205e+01,1.803996e+00,-3.340517e+00,-1.258674e+00,9.266298e-02
1.392853e+01,1.109099e+01,-2.010789e+00,-3.809750e+00,-1.881767e+00,-9.217295e-02
4.499351e+00,1.273443e+01,4.802181e-01,-4.637662e+00,-5.038008e+00,-9.718491e-01
-1.117268e+01,2.124254e+01,1.704758e+01,-5.140413e+00,-5.891498e+00,-1.075347e+00
-1.710837e+01,2.403347e+01,2.077733e+01,-4.329397e+00,-3.410871e+00,1.319262e-03
-1.404735e+01,9.944668e+00,1.940094e+01,-1.952751e+00,5.725541e-03,8.376093e-01
8.763006e+00,6.700727e+00,1.331110e+01,-9.567142e-01,3.063612e+00,7.830665e-01
1.089633e+01,9.254805e+00,1.028842e+01,3.273442e-01,2.574591e+00,4.005627e-01
7.008857e+00,3.605331e+00,8.690149e+00,2.676742e+00,1.493771e+00,-7.099911e-01
5.499958e+00,5.672536e-01,5.675482e+00,3.672950e+00,1.116210e+00,-9.189072e-01
4.295007e+00,1.614090e+00,8.375656e+00,4.641333e+00,1.191251e+00,-1.454551e+00
4.638985e+00,2.769594e+00,9.344086e+00,5.461082e+00,1.379389e+00,-1.507377e+00
5.983332e+00,2.044391e+00,9.886828e+00,6.698436e+00,1.418295e+00,-1.550433e+00
7.148823e+00,1.933172e+00,1.211123e+01,7.450817e+00,1.056216e+00,-1.514146e+00
8.665479e+00,4.913008e+00,1.267162e+01,8.196623e+00,-1.856526e-02,-1.212244e+00
7.655285e+00,9.426875e+00,1.279827e+01,8.240866e+00,-7.566606e-01,-1.210571e+00
-7.994326e+00,3.941855e+00,5.606146e+00,6.950156e+00,-1.573561e+00,-1.712212e+00
-1.866674e+01,-1.180647e+00,8.125373e+00,4.592457e+00,1.629609e-01,-9.048542e-01
-2.269088e+00,-1.676518e+01,-1.702969e+00,-9.330859e-02,3.720196e+00,9.619949e-01
7.981120e+00,1.620188e+01,2.220991e+00,-2.824477e+00,3.700911e+00,1.173403e+00
2.593350e+01,3.853630e+01,4.972159e+00,-2.100712e+00,1.917078e+00,8.415648e-01
5.401122e-01,-8.344930e+00,7.645099e+00,-3.010744e+00,-5.957472e-01,-1.479450e+00
-5.081182e+00,6.591694e-01,1.917767e+01,-3.872522e+00,-5.913690e-01,-3.441529e-01
-3.711735e-01,1.896942e+01,1.178276e+01,-3.079009e+00,-1.158127e-01,-1.619347e-01
-7.114833e+00,1.137437e+01,1.016943e+01,-1.673405e+00,3.115600e-01,5.231526e-02
-9.286847e-01,5.802669e+00,6.107008e+00,-1.344271e+00,1.634338e+00,5.747511e-01
7.362637e+00,1.164492e+01,5.083857e+00,-1.204163e+00,1.416076e+00,3.331529e-01
6.607631e+00,1.186738e+01,4.300256e+00,-1.154165e+00,3.406730e-01,3.699906e-02
-6.096827e-02,9.149399e+00,3.993534e+00,-1.051147e+00,-1.184260e+00,-3.462584e-01
-1.971852e+00,9.742370e+00,3.715368e+00,-1.027079e+00,-1.254369e+00,-3.861423e-01
-2.639186e+00,8.735309e+00,2.261466e+00,-1.067744e+00,-7.944473e-01,-2.714715e-01
-1.105379e+00,7.222963e+00,1.872647e+00,-1.148544e+00,-6.438041e-01,-2.451383e-01
-9.414083e-01,7.001737e+00,3.124178e+00,-1.365649e+00,-7.636587e-01,-2.767684e-01
-9.317624e-01,7.273273e+00,4.186115e+00,-1.477142e+00,-7.934793e-01,-2.776614e-01
9.235408e-01,7.500369e+00,2.956206e+00,-1.634719e+00,-7.307601e-01,-2.055224e-01
9.152783e-01,6.939846e+00,1.131030e+00,-1.812821e+00,-8.197440e-01,-1.471559e-01
2.393849e+00,7.277419e+00,1.854940e-01,-2.323568e+00,-9.861935e-01,-8.931106e-02
2.590469e+00,8.455620e+00,2.404135e-01,-2.824767e+00,-1.275650e+00,-7.500262e-02
1.424187e+00,1.060842e+01,1.669599e+00,-3.416894e+00,-1.507472e+00,5.057374e-02
4.441513e+00,1.332945e+01,-1.642716e+00,-3.787534e+00,-1.566446e+00,1.067788e-01
7.994174e-01,1.805514e+01,4.204878e+00,-4.457908e+00,-2.705100e+00,-2.077807e-01
-4.917148e+00,1.763979e+01,1.207290e+01,-4.672524e+00,-3.807881e+00,-5.791128e-01
-2.889770e+00,2.186265e+01,1.610658e+01,-3.355593e+00,-2.050108e+00,-4.461262e-01
-2.966573e+00,8.175918e+00,1.737688e+01,-1.732269e+00,-1.190468e+00,-7.013977e-01
6.441052e+00,9.620319e+00,8.955034e+00,-5.309615e-01,6.456570e-01,-8.125831e-01
6.789923e+00,9.297994e+00,8.906078e+00,9.673697e-01,9.330551e-01,-1.302948e+00
6.114244e+00,4.517328e+00,8.241527e+00,3.183704e+00,1.396038e+00,-1.662983e+00
7.151987e+00,3.408761e+00,6.884380e+00,4.068810e+00,1.626707e+00,-1.641942e+00
6.440681e+00,2.337173e+00,9.010681e+00,5.391521e+00,1.531565e+00,-1.917283e+00
6.237003e+00,2.415362e+00,9.345488e+00,5.946656e+00,1.533526e+00,-1.793566e+00
7.148170e+00,3.800530e+00,1.128885e+01,7.217608e+00,9.036852e-01,-1.294276e+00
7.761575e+00,4.327322e+00,1.323776e+01,7.824483e+00,1.636892e-01,-9.337363e-01
5.017578e+00,1.045714e+01,1.103405e+01,8.117575e+00,-1.264915e+00,-2.790935e-01
-2.396969e+00,6.246117e+00,7.087924e+00,7.555816e+00,-1.294877e+00,-6.801921e-01
-1.340449e+01,-2.202987e+00,7.535672e+00,5.040553e+00,9.895295e-01,-3.567881e-01
5.509154e-01,-1.109663e+01,-3.208155e+00,2.621612e+00,2.885741e+00,8.165090e-01
6.893580e+00,-3.674702e+00,4.145273e+00,-1.545620e+00,2.140581e+00,1.050083e+00
1.069803e+01,1.776345e+01,5.304777e+00,-3.683414e+00,6.883957e-01,4.318594e-01
6.844655e+00,2.298182e+01,6.867994e+00,-2.111946e+00,-2.821644e+00,-1.374749e+00
-1.299481e+01,-3.412683e+00,1.228729e+01,-2.992102e+00,-3.440161e+00,-1.998371e+00
-6.126764e+00,1.900218e+00,1.732405e+01,-3.415423e+00,1.670649e-01,1.627226e-01
-3.216557e+00,2.046693e+01,1.170833e+01,-2.833171e+00,1.205121e+00,4.692390e-01
5.410615e-01,7.654519e+00,7.941253e+00,-1.245463e+00,1.848712e+00,5.850806e-01
5.314920e+00,7.519484e+00,5.545080e+00,-1.145451e+00,2.022174e+00,5.712958e-01
6.200337e+00,1.008839e+01,3.552909e+00,-9.961234e-01,2.882551e-01,1.594940e-02
1.649342e+00,1.073901e+01,4.303865e+00,-1.047351e+00,-7.405896e-01,-2.497695e-01
-2.811011e+00,9.560565e+00,4.508730e+00,-9.336371e-01,-1.010078e+00,-2.670362e-01
-1.683881e+00,9.249540e+00,3.344951e+00,-8.807417e-01,-5.928889e-01,-1.364746e-01
1.720949e+00,8.702740e+00,8.034560e-01,-9.397789e-01,-2.906690e-01,-6.161140e-02
1.336157e+00,8.104386e+00,9.424544e-02,-1.108997e+00,-7.091715e-01,-1.657533e-01
-3.115616e+00,8.176459e+00,1.650444e+00,-1.460946e+00,-1.101007e+00,-2.558366e-01
-3.327484e+00,8.132117e+00,3.663354e+00,-1.551701e+00,-7.317917e-01,-1.720084e-01
-7.628150e-03,8.350513e+00,4.829022e+00,-1.582471e+00,-8.177879e-02,9.325733e-04
2.265000e+00,7.752143e+00,3.220714e+00,-1.634729e+00,-7.252653e-02,2.985554e-02
2.215235e+00,7.847787e+00,1.461704e+00,-1.874615e+00,-3.771097e-01,3.029757e-02
2.249504e+00,7.878673e+00,5.263011e-01,-2.230457e+00,-7.164744e-01,2.124222e-02
1.764914e+00,8.600038e+00,2.093390e-01,-2.952305e+00,-1.247727e+00,-3.173329e-02
1.064592e+00,9.047929e+00,2.401844e+00,-3.365602e+00,-1.397502e+00,2.054085e-02
3.645666e+00,1.536639e+01,-3.626203e-02,-4.043106e+00,-1.621373e+00,2.264887e-01
2.816148e+00,2.079464e+01,1.517902e+00,-4.362508e+00,-2.064895e+00,1.860855e-01
-4.691519e+00,1.651727e+01,1.532209e+01,-4.532886e+00,-3.248969e+00,-2.106415e-01
-3.077277e+00,2.007708e+01,1.614232e+01,-3.954719e+00,-2.255493e+00,-7.043643e-03
-6.410719e-01,9.145971e+00,1.547818e+01,-1.397289e+00,-6.126760e-01,-2.248587e-01
6.443718e+00,4.144413e+00,1.105698e+01,-9.318330e-01,2.992213e-01,-4.310897e-01
7.285677e+00,9.969853e+00,7.164911e+00,5.991420e-01,-2.804586e-02,-1.237322e+00
2.105349e+00,5.158227e+00,9.749983e+00,1.881072e+00,-1.755936e-01,-1.725669e+00
2.800340e+00,1.574855e+00,6.429670e+00,3.351644e+00,7.015737e-01,-1.639817e+00
3.275420e+00,2.699175e+00,7.197304e+00,4.099415e+00,1.263990e+00,-1.670414e+00
3.826117e+00,2.061941e+00,8.883883e+00,5.333407e+00,1.565126e+00,-1.580759e+00
4.578554e+00,2.914522e+00,9.430111e+00,5.997387e+00,1.573789e+00,-1.403437e+00
5.814934e+00,3.697220e+00,1.248521e+01,7.078330e+00,1.115409e+00,-1.164090e+00
7.419333e+00,5.143204e+00,1.426003e+01,7.874196e+00,3.572011e-01,-7.968997e-01
5.112335e+00,1.060007e+01,1.194119e+01,7.965364e+00,-1.096729e+00,-2.934599e-01
-2.349200e+00,5.852401e+00,8.043410e+00,7.325619e+00,-1.240566e+00,-7.861934e-01
-1.463093e+01,-4.287621e+00,9.090292e+00,4.692031e+00,1.073106e+00,-4.789241e-01
-2.442670e+00,-1.129455e+01,-1.434114e+00,1.798663e+00,3.492639e+00,9.035182e-01
7.535670e+00,1.356069e+01,-7.873431e-01,-2.816271e+00,2.429084e+00,7.228180e-01
2.888066e+01,3.726872e+01,-1.690246e+00,-2.680764e+00,1.690390e+00,7.232061e-01
-3.763901e+00,-3.687996e+00,8.661441e+00,-2.910162e+00,-2.143467e+00,-1.669794e+00
-3.334668e+00,-4.420335e+00,1.349933e+01,-3.337058e+00,-1.620907e+00,-6.924301e-01
-5.423543e+00,1.811245e+01,1.249582e+01,-2.999411e+00,-2.124048e-01,6.076369e-03
-5.753072e+00,1.454260e+01,9.758855e+00,-1.810776e+00,5.849417e-01,3.894598e-01
9.606290e-01,6.558452e+00,5.929414e+00,-1.384854e+00,1.975063e+00,7.287947e-01
5.785083e+00,9.558480e+00,4.160507e+00,-1.283881e+00,1.834078e+00,6.802325e-01
4.852843e+00,9.957622e+00,4.063205e+00,-1.226211e+00,4.314678e-01,1.946613e-01
2.302148e+00,9.188409e+00,4.030000e+00,-1.204441e+00,-6.649962e-01,-2.596306e-02
-1.138390e+00,8.840572e+00,3.597098e+00,-1.151759e+00,-6.595245e-01,-2.755989e-02
1.952682e-01,1.023448e+01,2.820264e+00,-1.157967e+00,-3.881670e-01,2.355821e-02
-3.310456e-01,8.602059e+00,2.685776e+00,-1.118539e+00,-3.140166e-01,-4.048630e-02
-4.853932e-01,7.766133e+00,3.125801e+00,-1.189967e+00,-4.729647e-01,-1.062567e-01
-2.669431e-01,7.624684e+00,4.260067e+00,-1.295343e+00,-3.027789e-01,-2.636709e-02
7.349744e-01,7.189497e+00,4.836733e+00,-1.309865e+00,-1.534200e-01,-2.523199e-02
1.342210e+00,7.653144e+00,4.817616e+00,-1.324986e+00,-1.272599e-01,-6.162895e-02
1.415460e-01,7.712880e+00,3.425855e+00,-1.434137e+00,-2.233313e-01,9.959208e-02
1.142506e+00,7.695447e+00,2.664600e+00,-1.683845e+00,-2.278224e-01,1.545670e-01
3.235204e+00,8.655262e+00,1.253748e+00,-1.996508e+00,-4.935216e-01,1.863937e-01
5.079145e-01,9.902871e+00,1.961693e+00,-2.562778e+00,-1.262401e+00,1.117659e-01
8.653245e-01,1.211361e+01,1.837288e+00,-2.822225e+00,-1.369216e+00,1.095776e-01
3.787074e+00,1.798646e+01,-1.515378e+00,-3.587394e+00,-1.518248e+00,2.428698e-01
6.358932e+00,1.787078e+01,-1.459492e+00,-4.092786e+00,-2.033537e+00,-7.395617e-02
-4.684818e-02,1.681967e+01,1.187365e+01,-4.253303e+00,-4.038458e+00,-8.083467e-01
-2.072617e+00,1.677334e+01,1.670340e+01,-3.620458e+00,-3.516818e+00,-1.176399e+00
-2.010459e+00,9.279874e+00,1.552917e+01,-1.507332e+00,-1.641020e+00,-1.434520e+00
4.214409e+00,3.949711e+00,9.345469e+00,-6.659517e-01,-4.009020e-01,-1.440377e+00
3.699427e+00,6.056476e+00,6.823905e+00,7.193163e-01,3.968110e-01,-1.922180e+00
3.416803e-02,4.473515e+00,7.940094e+00,1.789917e+00,6.250521e-01,-2.315480e+00
6.690503e-01,4.683926e+00,7.559050e+00,3.336375e+00,1.937058e+00,-2.030442e+00
1.834683e+00,4.950925e+00,9.410463e+00,4.425971e+00,2.786901e+00,-1.876303e+00
5.145032e+00,5.086092e+00,1.034178e+01,5.840192e+00,3.299802e+00,-1.214682e+00
8.967429e+00,5.694037e+00,1.072088e+01,6.503938e+00,3.046595e+00,-8.385449e-01
1.251348e+01,6.883224e+00,1.213445e+01,7.448326e+00,1.279400e+00,-1.153033e-01
1.013676e+01,9.844415e+00,1.012797e+01,7.633852e+00,-6.113506e-01,-8.988026e-02
-4.119842e-01,5.412474e+00,6.935927e+00,7.069622e+00,-1.309325e+00,-1.102218e+00
-1.657160e+01,5.204979e+00,8.264233e+00,5.856911e+00,-8.452234e-01,-1.071969e+00
3.970170e-01,-1.199062e+01,-4.140948e+00,2.926837e+00,2.589317e+00,1.519459e-01
4.041722e+00,-1.130878e+01,-1.694266e+00,-7.272533e-01,2.772034e+00,7.747835e-01
7.265877e+00,2.175895e+01,5.443464e+00,-4.007388e+00,9.576106e-01,4.361060e-01
1.019065e+01,2.866350e+01,4.183893e+00,-1.462294e+00,2.408077e-01,2.113542e-01
-3.505961e+00,-2.618779e+00,9.006484e+00,-2.335896e+00,-2.766528e-01,-7.993118e-01
-2.423351e+00,2.535862e+00,1.266730e+01,-2.901865e+00,1.185174e+00,6.820734e-01
-4.554514e+00,1.774205e+01,1.112734e+01,-2.219927e+00,1.907817e+00,3.838479e-01
5.770299e+00,1.071686e+01,6.461772e+00,-1.492134e+00,2.137758e+00,4.967874e-01
6.835047e+00,5.973723e+00,2.933674e+00,-1.393930e+00,7.221665e-01,5.512362e-02
1.380768e+00,1.136455e+01,3.296957e+00,-1.439174e+00,-2.359418e-01,-6.313504e-02
-1.868837e-01,8.946161e+00,3.861777e+00,-1.403876e+00,-8.711696e-01,-3.505971e-01
-2.073036e+00,7.839334e+00,3.691452e+00,-1.400939e+00,-1.104165e+00,-3.138958e-01
-1.271889e+00,9.343129e+00,4.219209e+00,-1.437583e+00,-5.588738e-01,-8.730936e-02
8.067307e-01,9.652857e+00,3.572857e+00,-1.418176e+00,-4.128844e-01,-9.168945e-02
1.965462e+00,8.809057e+00,2.729528e+00,-1.474323e+00,-7.176946e-01,-2.478219e-01
1.537486e+00,8.370000e+00,3.154183e+00,-1.577171e+00,-1.042791e+00,-3.331332e-01
-5.455374e-01,9.087927e+00,4.315777e+00,-1.750000e+00,-1.265572e+00,-2.762324e-01
-3.376471e-01,7.941765e+00,4.029412e+00,-1.747223e+00,-1.135149e+00,-2.036317e-01
-1.949184e-01,8.580916e+00,6.020013e-01,-2.015711e+00,-1.026708e+00,2.481863e-02
-2.361052e-01,9.788140e+00,4.646840e-01,-2.257227e+00,-9.832767e-01,6.391720e-02
-2.510004e-01,9.538579e+00,1.845158e+00,-2.722940e+00,-8.780400e-01,1.704141e-01
3.482752e+00,9.105734e+00,1.076004e+00,-3.110057e+00,-6.497661e-01,3.434336e-01
1.318985e+01,1.472234e+01,-4.172597e+00,-4.027231e+00,-1.203455e+00,3.386695e-01
1.301570e+01,1.940546e+01,-3.624536e+00,-4.581827e+00,-2.559824e+00,1.088328e-01
-8.710360e+00,2.081227e+01,1.683110e+01,-5.052699e+00,-5.572261e+00,-2.756193e-01
-1.788253e+01,2.742074e+01,2.140025e+01,-4.728077e+00,-4.592600e+00,1.121196e-01
-1.434771e+01,8.512579e+00,2.209056e+01,-1.357814e+00,4.340671e-01,1.532263e+00
2.828557e+00,4.752122e+00,1.595390e+01,-9.446379e-01,3.253905e+00,2.023809e+00
9.394293e+00,8.779797e+00,1.284867e+01,8.862399e-01,2.893750e+00,1.584513e+00
7.279302e+00,4.443517e+00,1.271387e+01,2.346800e+00,1.998998e+00,1.032322e+00
4.794446e+00,-8.830135e-01,7.820973e+00,4.174346e+00,8.992117e-01,3.881093e-01
2.256605e+00,-7.912564e-01,8.799753e+00,5.019573e+00,3.027896e-01,-1.218477e-01
1.278787e-02,-2.818638e-01,9.086803e+00,6.265392e+00,4.918653e-01,-4.003233e-01
5.153335e-01,-8.550890e-02,1.046153e+01,6.861065e+00,7.033480e-01,-5.164743e-01
3.619542e+00,-5.867670e-01,1.309428e+01,7.866383e+00,9.129407e-01,-6.894194e-01
4.067200e+00,5.206192e-01,1.369180e+01,8.227596e+00,7.480534e-01,-7.950711e-01
2.555121e+00,3.147200e+00,1.225115e+01,7.894479e+00,8.361353e-02,-8.373358e-01
-3.918536e+00,7.041093e+00,9.571856e+00,6.624316e+00,-1.342941e-01,-9.448831e-01
-8.378321e+00,-2.385296e+00,5.058564e+00,4.108737e+00,7.566723e-01,-6.255048e-01
-2.256037e+00,-8.417379e+00,2.588916e+00,2.166080e+00,1.614430e+00,-1.694684e-01
6.104929e-01,9.812149e+00,-4.080172e-01,-1.938281e+00,2.037643e+00,1.257082e-01
4.538400e+00,3.851375e+01,-1.096836e+01,-2.503543e+00,2.201603e+00,6.560627e-01
-3.334033e+00,-2.633052e+00,8.837738e+00,-2.647607e+00,2.557527e+00,-1.631032e-01
1.277491e+01,-4.218676e+00,1.559887e+01,-3.178111e+00,3.189426e+00,5.182245e-01
7.765119e+00,8.195864e+00,1.554207e+01,-2.516442e+00,7.613647e-01,-3.836666e-01
3.989906e+00,2.166269e+01,1.292498e+01,-2.037178e+00,-9.459639e-01,-6.090492e-01
-8.703833e+00,7.306542e+00,6.510705e+00,-8.993446e-01,-7.330984e-01,-5.653961e-01
-6.110572e+00,4.994441e+00,5.651260e+00,-7.754572e-01,9.658819e-01,1.761387e-01
5.193858e-01,1.239335e+01,5.393426e+00,-6.308881e-01,2.217791e+00,5.997897e-01
6.255676e+00,1.049701e+01,2.554785e+00,-3.771794e-01,2.148908e+00,5.894687e-01
7.782725e+00,7.741339e+00,3.638685e-01,-4.137068e-01,4.408473e-01,-1.994280e-02
4.083522e+00,8.898480e+00,-5.243470e-01,-5.395185e-01,-6.014790e-01,-4.120722e-01
-2.864838e+00,8.856350e+00,-1.808352e+00,-9.159932e-01,-1.196986e+00,-6.512009e-01
-4.753897e+00,7.619719e+00,-1.846668e+00,-1.270238e+00,-1.002373e+00,-5.548925e-01
-3.812148e+00,7.543119e+00,-4.753208e-01,-1.708463e+00,-1.897258e-01,-2.081430e-01
2.443033e+00,8.020021e+00,8.271060e-01,-1.919758e+00,2.946608e-01,-6.185089e-02
3.903369e+00,7.985712e+00,3.342756e+00,-2.249277e+00,9.538947e-02,-1.752920e-01
4.472539e+00,7.553523e+00,3.578731e+00,-2.478061e+00,-5.492040e-01,-3.646493e-01
2.455100e+00,7.667636e+00,4.614906e+00,-2.905945e+00,-1.527957e+00,-5.973735e-01
-6.359596e-01,9.960780e+00,5.067185e+00,-3.188107e+00,-1.897388e+00,-5.040994e-01
-2.484387e-01,9.682534e+00,4.370308e+00,-3.329195e+00,-1.672056e+00,-2.562198e-01
4.866576e+00,1.168323e+01,2.822742e-01,-3.626866e+00,-1.468183e+00,-4.146771e-02
7.078244e+00,2.087413e+01,-1.648193e+00,-4.631026e+00,-2.453336e+00,1.878717e-01
6.716664e+00,2.781708e+01,3.554124e+00,-5.130777e+00,-3.682302e+00,3.887451e-01
-1.304800e+01,1.579288e+01,1.944196e+01,-4.572255e+00,-4.529784e+00,-3.873112e-01
-1.204216e+01,1.825814e+01,2.084740e+01,-3.925717e+00,-2.678566e+00,-3.363484e-01
2.800905e-01,9.302137e-01,2.113257e+01,-1.231022e+00,2.224682e+00,6.888697e-01
9.784438e+00,9.720055e+00,8.557589e+00,-9.148108e-01,2.565606e+00,7.427019e-01
6.206133e+00,4.997723e+00,1.110928e+01,1.966425e+00,1.694336e+00,-5.579785e-01
5.973093e+00,2.235738e+00,7.947601e+00,2.740840e+00,1.556325e+00,-6.353231e-01
3.452129e+00,7.683802e-01,7.991058e+00,4.351232e+00,1.438146e+00,-7.950060e-01
2.783278e+00,1.036052e+00,8.025862e+00,4.743345e+00,1.534688e+00,-7.003245e-01
2.750437e+00,1.318703e+00,7.616137e+00,6.297600e+00,1.685735e+00,-5.003113e-02
3.062643e+00,1.124576e+00,1.000529e+01,6.619539e+00,1.579449e+00,1.281805e-01
3.836022e+00,9.700070e-01,1.280001e+01,7.898993e+00,7.922688e-01,9.123081e-01
5.064084e+00,1.455397e+00,1.289882e+01,8.199057e+00,5.870393e-01,1.109253e+00
2.652005e+00,-9.165683e-01,1.149063e+01,7.418958e+00,-4.462707e-01,7.577281e-01
-4.376151e+00,2.989953e+00,9.469891e+00,6.013133e+00,-3.608631e-01,6.838769e-01
-1.247682e+01,-9.144772e+00,7.206791e+00,1.767404e+00,1.693821e+00,3.906143e-01
-4.432160e+00,-9.407977e+00,3.781901e+00,-3.712570e-01,2.472067e+00,6.567986e-01
1.812817e+01,3.872592e+01,8.311102e-01,-2.224610e+00,2.406816e+00,6.981343e-01
3.804275e+00,8.043932e+00,9.028105e+00,-1.914453e+00,9.298164e-01,-5.954529e-01
1.123883e+01,-6.144036e+00,1.306823e+01,-2.731941e+00,4.490027e-01,-6.048691e-01
5.103858e+00,3.513761e+00,1.420308e+01,-2.855854e+00,-3.651353e-01,-3.443933e-01
-6.902696e+00,2.018926e+01,8.483423e+00,-1.041809e+00,1.578252e-02,-4.643270e-01
-6.171754e+00,7.432892e+00,7.231780e+00,-7.525620e-01,1.264770e+00,1.305964e-01
3.629286e+00,8.326823e+00,3.375793e+00,-4.933743e-01,2.059598e+00,4.136674e-01
5.960842e+00,1.099536e+01,3.134940e+00,-4.162137e-01,1.436249e+00,2.514754e-01
4.636119e+00,9.524044e+00,2.435935e+00,-4.339424e-01,-4.454239e-01,-3.586656e-01
2.015207e+00,7.997193e+00,1.468781e+00,-5.345396e-01,-7.942029e-01,-4.984964e-01
6.126564e-01,9.719423e+00,1.843859e+00,-6.871166e-01,-8.519201e-01,-5.338694e-01
1.060115e-01,8.580586e+00,4.864508e-01,-8.327167e-01,-9.876293e-01,-5.466295e-01
-2.091421e+00,7.668302e+00,1.871371e-01,-1.179049e+00,-1.097478e+00,-5.578835e-01
-3.488595e+00,7.488512e+00,1.430364e+00,-1.465627e+00,-7.611868e-01,-4.277984e-01
1.662911e-01,8.615832e+00,3.424260e+00,-1.682225e+00,-1.336485e-01,-2.485684e-01
1.957902e+00,9.334234e+00,4.320553e+00,-1.748199e+00,-9.716297e-02,-1.998199e-01
4.234034e+00,8.625434e+00,3.357451e+00,-1.868593e+00,-5.537810e-01,-2.659725e-01
1.417383e+00,8.386090e+00,3.132541e+00,-1.953949e+00,-8.540329e-01,-3.207687e-01
6.400000e-01,9.770067e+00,1.958344e+00,-2.399872e+00,-1.054443e+00,-2.399261e-01
3.485597e-01,1.017189e+01,2.103820e+00,-2.725174e+00,-1.173123e+00,-2.176481e-01
1.233395e+00,9.170230e+00,3.240215e+00,-3.187611e+00,-1.025256e+00,6.433230e-02
3.556147e+00,1.400382e+01,1.180717e+00,-3.461633e+00,-1.169267e+00,2.404703e-01
4.929584e+00,1.966670e+01,-2.014559e+00,-4.098925e+00,-1.904472e+00,2.979618e-01
2.207327e+00,1.643756e+01,2.247368e+00,-4.471568e+00,-3.215267e+00,-1.127398e-01
-5.316644e+00,1.845337e+01,1.655526e+01,-4.347791e+00,-2.858030e+00,-2.049084e-01
-7.286548e+00,2.189638e+01,1.761951e+01,-2.991675e+00,-1.667489e+00,7.157516e-02
-3.955060e+00,1.602100e+00,1.895972e+01,-1.057181e+00,7.730868e-01,6.528387e-01
4.718118e+00,5.422767e+00,8.830254e+00,-8.674241e-01,1.521910e+00,8.180993e-01
2.304568e+00,8.383663e+00,1.092232e+01,1.173622e+00,1.387731e+00,2.771349e-01
1.669149e+00,3.869493e+00,1.040756e+01,2.634771e+00,1.762476e+00,1.069463e-01
4.042346e+00,9.500000e-01,6.727158e+00,3.901906e+00,1.735548e+00,-1.394093e-01
3.582493e+00,8.601523e-01,8.387659e+00,4.617131e+00,1.532772e+00,-2.432881e-01
3.195362e+00,1.905532e+00,8.289021e+00,5.678223e+00,1.284515e+00,-1.783667e-01
2.962074e+00,1.527880e+00,9.396867e+00,6.582762e+00,9.980540e-01,-2.003844e-01
3.775245e+00,9.652454e-01,1.163717e+01,7.598855e+00,5.621435e-01,-2.194829e-01
4.913411e+00,2.490573e+00,1.475523e+01,8.102730e+00,3.235965e-01,-2.442606e-01
4.488738e+00,3.344337e+00,1.262800e+01,8.426689e+00,5.495806e-03,-3.280509e-01
-9.156901e-01,5.183669e+00,1.131994e+01,7.060094e+00,-3.270823e-01,-2.625783e-01
-1.248661e+01,2.663503e+00,8.069750e+00,4.398193e+00,1.812250e+00,1.970463e-01
-6.610744e+00,-1.006764e+01,3.954787e+00,2.418506e+00,3.505690e+00,6.561421e-01
6.916886e+00,-7.533430e+00,2.684091e+00,-2.268498e+00,3.578119e+00,9.604240e-01
1.076504e+01,-1.992910e+00,7.271789e+00,-4.432651e+00,1.517793e+00,-1.768061e-02
1.135505e+01,3.548150e+01,3.569730e+00,-2.234793e+00,-8.616792e-01,-4.174088e-01
1.157170e+01,2.356669e+01,-5.726271e+00,1.293152e+00,-1.777931e+00,-7.887831e-01
-2.211294e+01,-3.338299e+00,9.448368e+00,-2.057181e+00,-8.327619e-01,-5.747836e-01
-1.039044e+01,4.545390e+00,1.305105e+01,-2.478367e+00,3.274412e+00,1.019688e+00
5.008196e+00,1.913382e+01,8.875754e+00,-1.489163e+00,3.109534e+00,4.864402e-01
1.230028e+01,6.190156e+00,5.983291e+00,-1.159213e+00,1.163216e+00,-8.881479e-03
-6.036609e-01,9.714481e+00,4.871567e+00,-1.106559e+00,-6.985458e-01,-2.763219e-01
-2.380657e+00,1.163348e+01,4.475294e+00,-1.005334e+00,-2.188134e-01,-1.803388e-01
1.489441e+00,9.744882e+00,1.848029e+00,-1.010226e+00,1.140229e-01,-1.605625e-01
2.373450e+00,7.918897e+00,3.674022e-01,-1.131943e+00,-1.835381e-01,-1.271224e-01
-4.288841e-01,8.404940e+00,1.036354e+00,-1.394414e+00,-7.147228e-01,-3.167042e-01
-3.782072e-01,7.949252e+00,1.611496e+00,-1.557474e+00,-8.152492e-01,-3.511737e-01
-1.560000e+00,7.814034e+00,2.070481e+00,-1.786699e+00,-7.104267e-01,-4.242870e-01
-1.732268e+00,7.969609e+00,3.177303e+00,-1.850458e+00,-5.339301e-01,-3.834967e-01
5.645611e-01,7.944738e+00,5.721899e+00,-1.803975e+00,-9.419601e-02,-3.014769e-01
4.682134e+00,8.744326e+00,5.188296e+00,-1.886457e+00,-3.013149e-01,-3.001707e-01
2.888680e+00,8.580531e+00,2.976722e+00,-2.074977e+00,-9.717936e-01,-3.000162e-01
4.750928e-01,7.717815e+00,1.649463e+00,-2.279095e+00,-1.148085e+00,-2.562585e-01
1.328592e+00,9.992455e+00,1.897365e+00,-2.776237e+00,-1.208003e+00,-1.566667e-01
2.106564e+00,9.671292e+00,2.440191e+00,-3.114580e+00,-1.394413e+00,-6.495929e-02
6.627157e+00,1.006453e+01,-1.126722e+00,-3.866315e+00,-1.812039e+00,2.334179e-01
7.044002e+00,1.738502e+01,-3.685814e+00,-4.377331e+00,-2.717999e+00,1.088550e-01
-2.489150e+00,1.834490e+01,1.029656e+01,-4.963909e+00,-4.416293e+00,-2.173441e-01
-6.604443e+00,2.052742e+01,1.654137e+01,-4.916795e+00,-3.849845e+00,-9.254745e-02
-1.328968e+01,1.907393e+01,2.068281e+01,-2.161753e+00,-6.953603e-01,5.392851e-01
-4.698793e+00,3.847153e+00,2.067891e+01,-1.438793e+00,1.620133e+00,1.075494e+00
9.653879e+00,9.323048e+00,1.115327e+01,-9.419130e-02,1.885514e+00,7.865004e-01
5.762105e+00,7.822540e+00,1.328292e+01,1.609048e+00,1.445499e+00,4.514340e-02
5.166281e+00,9.009531e-01,8.519593e+00,3.527266e+00,1.320922e+00,-1.540111e-01
4.843790e+00,-1.577368e-01,7.722070e+00,4.467412e+00,1.193681e+00,-5.334982e-01
2.291589e+00,4.770206e-01,9.432055e+00,5.817463e+00,1.349035e+00,-6.317961e-01
2.286596e+00,7.007710e-02,8.959941e+00,6.446385e+00,1.500975e+00,-6.499336e-01
4.704118e+00,-6.119747e-01,1.121246e+01,7.412500e+00,1.556750e+00,-5.899757e-01
6.165670e+00,2.419202e-02,1.297942e+01,8.081132e+00,1.113028e+00,-4.186485e-01
7.650838e+00,9.006943e-01,1.372285e+01,8.255606e+00,2.356988e-01,-4.051781e-01
4.682249e+00,2.212055e+00,1.321291e+01,7.699364e+00,-5.949502e-01,-4.222222e-01
-7.872031e+00,5.045118e+00,1.036856e+01,5.409133e+00,-4.864544e-01,-6.547922e-01
-1.287854e+01,-7.632318e+00,3.994928e+00,2.833465e+00,1.390671e+00,-3.033907e-02
-3.158312e+00,-9.673957e+00,5.649072e+00,-1.531114e+00,3.184160e+00,6.447069e-01
7.828868e+00,1.560514e+01,4.687428e-01,-3.385515e+00,2.807568e+00,8.916844e-01
1.157620e+01,2.252229e+01,2.507212e+00,-6.662155e-01,4.858348e-01,-3.179874e-01
-7.509953e+00,-7.762670e+00,5.202973e+00,-2.136964e+00,-1.156350e+00,-1.820960e+00
-1.343425e+00,1.465410e+00,1.346568e+01,-2.894340e+00,6.746384e-01,3.645633e-01
-4.461997e+00,1.660143e+01,1.120228e+01,-2.104118e+00,8.507214e-01,-9.509887e-02
-8.509430e-01,1.235720e+01,1.011793e+01,-1.226566e+00,1.371490e+00,3.070349e-01
1.743801e+00,5.817768e+00,4.650590e+00,-1.021772e+00,1.532618e+00,3.577778e-01
4.972092e+00,1.209863e+01,4.175856e+00,-9.991563e-01,1.265609e+00,2.398929e-01
5.563839e+00,1.142218e+01,3.751501e+00,-9.066975e-01,2.773768e-01,-1.164814e-01
1.719756e-01,8.652881e+00,3.720823e+00,-8.704433e-01,-4.144695e-01,-2.375468e-01
-2.286681e-01,9.709797e+00,3.679317e+00,-8.207334e-01,-2.904295e-01,-2.447005e-01
8.047331e-01,9.750054e+00,2.396756e+00,-8.253289e-01,-2.846948e-01,-2.943930e-01
1.906450e+00,8.594106e+00,5.805810e-01,-1.012330e+00,-6.019359e-01,-3.607541e-01
-1.871937e+00,7.181140e+00,1.003583e+00,-1.355297e+00,-8.499941e-01,-4.055791e-01
-2.942290e+00,7.617621e+00,1.767062e+00,-1.540800e+00,-5.250308e-01,-2.684652e-01
1.305398e-01,8.227162e+00,3.555328e+00,-1.702334e+00,-1.768520e-01,-1.624911e-01
2.613002e+00,8.432340e+00,2.972816e+00,-1.802581e+00,-1.708601e-01,-1.650179e-01
2.444626e+00,7.151372e+00,1.484639e+00,-2.139551e+00,-7.050399e-01,-2.017487e-01
1.829175e+00,6.819373e+00,1.346799e+00,-2.528900e+00,-9.900439e-01,-1.821260e-01
2.172816e+00,9.140722e+00,2.961354e+00,-3.010544e+00,-1.327985e+00,-1.883525e-01
5.761558e-01,8.165044e+00,3.478461e+00,-3.365248e+00,-1.590081e+00,-7.395315e-02
7.845477e+00,1.030364e+01,-3.135234e-01,-4.295411e+00,-1.795535e+00,3.384160e-01
9.193586e+00,2.560046e+01,-1.220403e+00,-4.824155e+00,-3.124367e+00,1.067509e-01
-4.084103e+00,1.755206e+01,8.221179e+00,-4.843234e+00,-4.800079e+00,-1.121232e-01
-9.583295e+00,1.892233e+01,2.006517e+01,-4.436226e+00,-3.454569e+00,1.073783e-01
-8.502918e+00,1.327377e+01,1.785277e+01,-1.961936e+00,6.129664e-02,6.593282e-01
4.433420e-01,3.113903e+00,1.754925e+01,-1.261357e+00,1.793250e+00,8.411477e-01
1.162568e+01,8.196316e+00,8.345474e+00,-5.158507e-01,1.680848e+00,3.474639e-01
5.697597e+00,7.575793e+00,9.778643e+00,9.891841e-01,8.069351e-01,-5.824150e-01
3.552995e+00,1.192544e+00,7.419586e+00,3.090952e+00,7.949213e-01,-7.795606e-01
2.977213e+00,1.727592e-03,5.754420e+00,3.842519e+00,1.112278e+00,-7.426702e-01
2.547723e+00,5.784594e-01,8.706251e+00,5.051676e+00,1.547669e+00,-6.361834e-01
2.864598e+00,4.519504e-01,8.234598e+00,5.725964e+00,1.813147e+00,-4.868364e-01
4.245834e+00,7.700454e-01,1.051376e+01,6.886735e+00,1.700506e+00,-1.711882e-01
5.860159e+00,9.944231e-02,1.306918e+01,7.798305e+00,1.163222e+00,5.091464e-02
7.149760e+00,8.044862e-01,1.256449e+01,8.173796e+00,2.335977e-01,2.223233e-01
4.264005e+00,2.019401e+00,1.247981e+01,7.793003e+00,-5.379466e-01,1.330951e-01
-1.054971e+01,7.868181e+00,1.098499e+01,5.635621e+00,8.988201e-02,-2.767070e-02
-1.520420e+01,-2.160783e+00,8.626404e+00,3.679946e+00,2.771482e+00,4.704003e-01
-3.130901e+00,-7.137341e+00,5.811813e+00,-2.939683e-01,5.023030e+00,1.301626e+00
1.294612e+01,1.062355e+00,3.863634e+00,-2.448677e+00,4.284067e+00,1.194991e+00
3.198797e+01,3.873589e+01,-8.876986e+00,-1.506884e+00,1.465985e+00,5.013739e-01
1.511140e+01,1.692332e+01,-2.418982e-01,4.279915e-02,-2.910336e+00,-2.483869e+00
-1.191275e+01,-3.504720e+00,9.559901e+00,-2.650436e+00,-1.502175e+00,-9.368310e-01
-1.018992e+01,1.308561e+01,1.548538e+01,-3.028236e+00,3.058063e-01,-1.792817e-01
-3.657818e+00,1.058750e+01,8.062098e+00,-1.222061e+00,1.608657e+00,3.181818e-04
1.253087e+00,5.588682e+00,7.473684e+00,-1.126791e+00,1.842634e+00,4.277604e-01
4.418856e+00,1.062086e+01,3.979063e+00,-7.880696e-01,1.270345e+00,2.011280e-01
4.129146e+00,1.139923e+01,3.167317e+00,-7.325877e-01,6.978957e-01,2.366587e-02
2.334713e+00,8.725037e+00,2.382195e+00,-6.654552e-01,-5.323048e-02,-2.479026e-01
1.760171e+00,8.197646e+00,1.807575e+00,-7.604403e-01,-2.621198e-01,-2.932565e-01
1.792902e+00,8.336357e+00,7.162460e-01,-1.030637e+00,-5.467047e-01,-4.279877e-01
-2.659574e-01,7.096440e+00,1.128624e+00,-1.130698e+00,-6.168929e-01,-4.856541e-01
-1.399513e+00,7.854066e+00,2.641150e+00,-1.367446e+00,-3.072132e-01,-4.128266e-01
-1.753997e+00,8.526852e+00,3.073705e+00,-1.517449e+00,1.237395e-01,-2.545699e-01
1.904668e-02,7.304154e+00,3.272486e+00,-1.686979e+00,4.877338e-01,-1.651300e-01
2.744305e+00,8.281792e+00,3.778556e+00,-1.902040e+00,4.038895e-01,-1.248819e-01
4.447089e+00,9.483662e+00,2.902770e+00,-2.069336e+00,-1.854785e-01,-2.599587e-01
2.967907e+00,7.561124e+00,2.088243e+00,-2.229887e+00,-7.344718e-01,-3.977260e-01
7.421477e-01,7.686126e+00,3.773115e+00,-2.870029e+00,-1.371989e+00,-3.064845e-01
2.387201e+00,8.070540e+00,4.532725e+00,-3.213033e+00,-1.478606e+00,-9.229588e-02
1.673290e+01,2.421377e+01,-4.065724e+00,-4.466310e+00,-2.002701e+00,4.526779e-01
3.721702e+00,1.953224e+01,2.525125e-01,-4.449394e+00,-4.116643e+00,-4.080674e-01
-3.659646e+00,1.471702e+01,1.075253e+01,-4.416572e+00,-4.158854e+00,-1.779027e-01
-6.908324e+00,1.585260e+01,2.148890e+01,-3.961840e+00,-3.332270e+00,-2.875687e-01
-7.392301e+00,9.307557e+00,1.525509e+01,-2.029769e+00,-6.175120e-01,7.351771e-01
-3.707187e+00,-3.205948e-01,1.754234e+01,-1.314806e+00,8.543147e-01,1.166656e+00
2.624196e+00,5.641811e+00,7.912717e+00,8.112855e-02,1.778245e+00,1.302813e+00
2.161805e+00,4.138682e+00,1.042072e+01,1.426497e+00,1.832222e+00,1.139753e+00
3.340555e+00,1.022674e+00,7.968189e+00,3.068663e+00,1.658409e+00,1.384228e+00
3.296004e+00,-6.595691e-01,7.481577e+00,4.171106e+00,1.222386e+00,1.578509e+00
1.415489e+00,-1.990745e+00,7.277106e+00,5.408763e+00,9.409669e-01,1.691668e+00
5.397696e-01,-1.606571e+00,7.908931e+00,5.930515e+00,1.021590e+00,1.714426e+00
-4.521621e-01,-1.165946e+00,1.053284e+01,6.852600e+00,1.237579e+00,1.692084e+00
-1.352162e+00,-1.481925e+00,1.342250e+01,7.536238e+00,1.830477e+00,1.793367e+00
-1.671749e+00,-1.403154e+00,1.373650e+01,7.422874e+00,3.100030e+00,2.616455e+00
-8.206612e+00,6.025283e+00,1.404208e+01,6.684875e+00,4.013700e+00,3.366189e+00
-6.996628e+00,-6.252937e-01,1.254545e+01,5.207010e+00,6.661098e+00,3.764955e+00
-3.146935e-01,-8.000326e+00,9.019879e+00,2.649700e+00,8.158851e+00,3.086554e+00
3.082601e+01,6.560453e+00,6.134519e+00,-2.376801e+00,5.122931e+00,6.891371e-01
3.358076e+01,2.973033e+01,-1.056165e+01,-6.820594e-01,-1.673175e+00,-1.266861e+00
-4.214982e+00,7.099911e+00,1.436585e+01,-1.552068e+00,-5.887316e+00,-3.396453e+00
-1.336721e+01,3.326332e+00,1.334175e+01,-1.540428e+00,-3.076961e+00,-2.082014e+00
-8.807841e+00,7.957430e+00,7.654874e+00,-8.986101e-01,5.924924e-01,-6.235939e-01
-5.063191e+00,1.371758e+01,8.882248e+00,-6.077985e-01,1.593891e+00,-3.702272e-01
1.449402e+00,7.885421e+00,4.778773e+00,-9.402236e-02,1.742961e+00,5.834798e-02
8.637839e-01,7.491048e+00,4.470586e+00,-7.888056e-02,1.551918e+00,1.797038e-01
1.601029e+00,9.473592e+00,4.754039e+00,5.070142e-03,1.648124e+00,2.140277e-01
4.460480e+00,9.729441e+00,4.359922e+00,4.799534e-02,1.537191e+00,1.956538e-01
4.852901e+00,7.860761e+00,3.600648e+00,6.408842e-02,9.730731e-01,4.567927e-02
4.628310e+00,8.253106e+00,3.645662e+00,2.345475e-02,4.745292e-01,-9.838030e-02
1.682713e+00,8.885059e+00,3.173905e+00,-3.042229e-02,1.433367e-01,-1.694386e-01
6.432239e-02,9.038123e+00,2.988076e+00,-8.238989e-02,1.934822e-01,-1.156120e-01
-3.781350e-01,8.157013e+00,3.368051e+00,-1.775259e-01,4.197890e-01,3.727094e-02
-6.218705e-02,8.151492e+00,3.256207e+00,-2.685632e-01,6.216034e-01,1.939478e-01
7.937933e-01,8.759128e+00,3.280000e+00,-3.949155e-01,8.057020e-01,3.436078e-01
1.182363e+00,8.785346e+00,3.751672e+00,-4.305707e-01,8.582361e-01,3.865543e-01
1.682325e+00,8.080000e+00,4.664650e+00,-4.524582e-01,8.850657e-01,4.476374e-01
1.847964e+00,8.565309e+00,4.254691e+00,-4.732736e-01,8.576160e-01,4.798066e-01
2.776697e+00,8.501061e+00,3.220697e+00,-5.729859e-01,7.043884e-01,5.022657e-01
3.209378e+00,7.889642e+00,2.087729e+00,-7.574893e-01,4.216665e-01,4.979454e-01
2.405579e+00,9.351534e+00,2.790399e-01,-1.239880e+00,-1.239020e-01,5.909486e-01
1.182833e+00,1.035346e+01,-3.025494e-02,-1.598565e+00,-3.746158e-01,7.615107e-01
-3.361476e+00,1.287413e+01,2.120303e+00,-1.998664e+00,-1.620311e-01,1.189644e+00
-2.353732e+00,1.345468e+01,2.832912e+00,-2.233626e+00,3.930221e-01,1.634841e+00
8.040016e-01,1.445000e+01,5.362115e+00,-2.371206e+00,1.635677e-01,2.017506e+00
-3.018591e+00,1.377713e+01,9.810729e+00,-1.888377e+00,-4.189195e-02,2.055554e+00
-7.511577e+00,6.669464e+00,1.254562e+01,-1.011239e+00,9.155181e-01,2.334776e+00
-6.820924e+00,3.567171e+00,1.363605e+01,-3.314267e-01,2.300012e+00,2.786256e+00
-7.345361e-01,2.788944e-01,1.333434e+01,-6.150560e-02,3.598634e+00,3.581912e+00
3.408231e+00,4.555900e+00,9.079025e+00,5.722698e-01,3.186153e+00,3.673336e+00
1.217609e+00,3.191398e+00,8.790994e+00,1.364500e+00,2.296892e+00,3.183721e+00
-2.551332e-02,4.735808e+00,8.456875e+00,2.108751e+00,1.801361e+00,3.238735e+00
-1.992308e+00,3.198058e+00,9.311846e+00,3.295780e+00,1.860815e+00,3.027280e+00
-2.608383e+00,2.290723e+00,1.000051e+01,3.705846e+00,2.271929e+00,2.895530e+00
-1.707039e+00,4.086045e+00,1.010462e+01,4.314181e+00,2.907299e+00,2.663445e+00
-4.087344e-01,4.254492e+00,1.058807e+01,4.699383e+00,3.457905e+00,2.392368e+00
1.007545e+00,6.065200e+00,1.031866e+01,4.991377e+00,3.834086e+00,2.251360e+00
3.608170e-01,5.902857e+00,9.526327e+00,4.921990e+00,3.962720e+00,2.141973e+00
-2.047121e+00,5.137432e+00,9.363113e+00,4.306911e+00,4.585142e+00,2.154019e+00
-1.395746e+00,4.604601e+00,9.192657e+00,3.627303e+00,5.293255e+00,2.216164e+00
4.130921e+00,4.311385e+00,7.872602e+00,2.519094e+00,5.467003e+00,2.068789e+00
1.059908e+01,2.592933e+00,4.691365e+00,1.610473e+00,4.398787e+00,1.419068e+00
1.173046e+01,8.818695e-01,4.166737e+00,-1.780178e-01,1.598707e+00,1.297953e-01
9.956043e+00,-1.210826e-01,6.381162e+00,-1.488930e+00,-6.139162e-02,-5.952179e-01
6.435110e+00,1.363984e+01,5.157922e+00,-1.842694e+00,-1.661060e+00,-7.846274e-01
-2.578482e+00,1.315825e+01,4.412918e+00,-8.849875e-01,-2.179302e+00,-1.101345e+00
-1.642364e+01,9.067343e+00,7.922064e+00,-8.622793e-01,4.155947e-01,-1.906503e-01
-5.178674e+00,1.061055e+01,9.656673e+00,-7.982484e-01,2.855198e+00,5.316243e-01
1.087852e+01,6.625907e+00,6.558987e+00,-3.380141e-01,3.671122e+00,7.630719e-01
1.127067e+01,6.900455e+00,6.373030e+00,-3.914926e-01,2.153569e+00,2.684075e-01
5.953679e+00,7.784430e+00,5.428998e+00,-3.848398e-01,-2.637923e-01,-3.463200e-01
-1.761163e-01,9.071231e+00,4.730029e+00,-3.589610e-01,-6.367697e-01,-5.019783e-01
-3.059161e+00,9.930893e+00,4.803255e+00,-3.621522e-01,-5.124925e-02,-2.414140e-01
-1.175905e+00,8.911560e+00,4.739062e+00,-3.770690e-01,3.464642e-01,-1.037013e-01
2.022406e+00,8.959900e+00,4.780421e+00,-4.665812e-01,4.028019e-01,3.600521e-02
2.454369e+00,9.326827e+00,5.132458e+00,-4.930153e-01,7.606143e-02,-5.496362e-03
1.826664e+00,9.573809e+00,5.836191e+00,-4.352344e-01,-3.137587e-01,-1.375347e-01
1.474698e+00,8.727774e+00,5.916653e+00,-3.745806e-01,-3.990978e-01,-1.674992e-01
1.552335e+00,8.061677e+00,5.550000e+00,-3.308537e-01,-4.399231e-01,-1.465764e-01
7.888602e-01,7.957720e+00,5.322288e+00,-3.172075e-01,-4.875769e-01,-1.348648e-01
-4.870333e-01,7.148362e+00,4.655255e+00,-2.977778e-01,-4.558765e-01,-1.396519e-01
-8.908644e-01,7.123696e+00,4.300879e+00,-3.573202e-01,-2.870154e-01,-3.845323e-02
-1.115581e+00,7.025581e+00,3.572326e+00,-4.888095e-01,4.123983e-02,1.270215e-01
-7.012782e-02,7.451938e+00,3.278034e+00,-6.453457e-01,2.448626e-01,2.014247e-01
1.684680e+00,7.821345e+00,3.143275e+00,-9.149220e-01,1.463760e-01,1.495327e-01
2.038303e+00,7.312344e+00,2.646707e+00,-1.130795e+00,-9.207368e-02,1.074117e-01
1.707310e+00,8.147035e+00,1.298034e+00,-1.564104e+00,-1.363833e-01,2.320917e-01
3.281211e+00,8.901662e+00,-2.056057e-01,-1.892224e+00,-1.194711e-01,2.925222e-01
8.969026e+00,1.123904e+01,-2.480497e+00,-2.799087e+00,-8.361125e-01,8.627204e-02
7.305879e+00,1.605463e+01,5.563973e-01,-3.554357e+00,-2.121086e+00,-1.668381e-01
-7.676039e-01,1.708275e+01,8.721976e+00,-3.825527e+00,-3.599455e+00,-3.510853e-01
-8.087684e+00,1.864079e+01,1.596623e+01,-3.227874e+00,-2.580883e+00,1.295103e-01
-5.331320e+00,8.440211e+00,1.451251e+01,-1.862511e+00,-3.849413e-01,5.683096e-01
7.949673e-02,3.145025e+00,1.434002e+01,-1.197485e+00,1.286254e+00,8.822853e-01
8.780252e+00,7.449412e+00,6.302075e+00,-8.104550e-01,1.401395e+00,6.629058e-01
5.639664e+00,7.456867e+00,7.351511e+00,6.629925e-01,5.951541e-01,-2.859374e-02
2.773546e+00,2.367375e+00,7.959590e+00,2.103974e+00,3.126777e-01,-5.488889e-01
1.929861e+00,2.328087e+00,6.557122e+00,2.696350e+00,2.504468e-01,-5.513383e-01
-5.598181e-02,2.992628e+00,8.595831e+00,3.816912e+00,4.269851e-01,-6.076922e-01
-4.703235e-01,2.636724e+00,8.547705e+00,4.626976e+00,9.769798e-01,-6.250088e-01
8.973488e-01,1.635543e+00,1.018811e+01,5.572591e+00,1.566067e+00,-5.761539e-01
1.805943e+00,1.395252e+00,1.132621e+01,5.812194e+00,1.747332e+00,-4.688986e-01
1.629230e+00,3.428017e+00,1.004359e+01,5.491649e+00,1.599833e+00,-1.390439e-02
6.328996e-01,4.995266e+00,9.300795e+00,4.878149e+00,1.356415e+00,1.973542e-01
3.705923e+00,2.144094e+00,7.107038e+00,3.439593e+00,9.728091e-01,1.791203e-01
5.981611e+00,-7.433672e-01,4.342973e+00,2.190467e+00,4.100014e-01,1.121090e-02
-1.552069e+00,-3.665203e+00,1.053766e+01,-1.243456e+00,-6.223915e-01,-4.579110e-01
6.551049e+00,2.346567e+01,3.037654e+00,-2.667804e+00,3.111826e-01,6.280674e-01
-2.639866e+00,1.167543e+01,5.386580e+00,-5.880520e-01,2.776583e-02,-5.993074e-01
-4.001052e+00,2.455600e+00,7.728334e+00,-8.913379e-01,6.424357e-01,-2.913332e-01
2.592643e+00,1.174183e+01,5.217997e+00,-1.052209e+00,7.076339e-01,1.639065e-01
-2.364871e+00,1.032357e+01,4.077381e+00,-6.088909e-01,4.816616e-01,9.665253e-03
-1.997987e+00,8.684347e+00,5.630117e+00,-6.095162e-01,1.348170e+00,3.261769e-01
1.709028e+00,8.785886e+00,4.055029e+00,-5.126359e-01,1.354411e+00,3.412709e-01
4.502326e+00,1.003370e+01,3.604132e+00,-6.296087e-01,8.889899e-01,1.794759e-01
3.534696e+00,9.420380e+00,3.942390e+00,-6.535751e-01,9.251594e-02,-3.090168e-02
1.751023e+00,9.171284e+00,4.300000e+00,-7.199488e-01,-4.796243e-01,-2.098566e-01
1.676207e+00,9.652931e+00,4.066034e+00,-7.553398e-01,-6.493246e-01,-2.607184e-01
1.862217e+00,9.520726e+00,3.559458e+00,-8.125945e-01,-9.578326e-01,-3.984599e-01
4.093382e-01,9.013554e+00,3.686777e+00,-9.099102e-01,-1.185397e+00,-4.089328e-01
-1.692096e+00,7.507206e+00,4.655413e+00,-9.405673e-01,-1.090878e+00,-3.693356e-01
-1.572051e+00,7.331215e+00,4.972524e+00,-9.650268e-01,-7.752903e-01,-2.411143e-01
-8.655924e-01,7.426214e+00,5.866272e+00,-9.272588e-01,-4.224515e-01,-6.366600e-02
2.077853e-01,6.657942e+00,5.967808e+00,-8.683502e-01,-2.858994e-01,-4.289208e-02
1.219986e-01,7.186486e+00,6.087212e+00,-8.194194e-01,-3.464794e-01,9.375927e-03
-3.950267e-01,8.192540e+00,6.147496e+00,-7.571258e-01,-2.705699e-01,2.436529e-02
-9.010621e-01,8.022212e+00,5.043362e+00,-7.132060e-01,-3.658457e-02,1.214531e-01
-5.345823e-01,7.526689e+00,3.914281e+00,-7.421251e-01,2.314378e-01,2.429822e-01
1.755476e+00,9.824937e+00,2.442200e+00,-9.861508e-01,4.052683e-01,3.928262e-01
4.021079e+00,1.209236e+01,4.663059e-01,-1.224703e+00,2.216677e-01,4.146241e-01
6.894677e+00,1.289567e+01,-2.383448e+00,-1.969610e+00,-7.721817e-01,2.579248e-01
8.910802e+00,1.371686e+01,-2.079635e+00,-2.392016e+00,-1.586100e+00,-2.387838e-02
6.950218e+00,1.204662e+01,-5.080497e-01,-3.569678e+00,-3.541141e+00,-6.958536e-01
5.687830e-01,1.573081e+01,6.008138e+00,-4.097234e+00,-4.605981e+00,-8.754530e-01
-1.472209e+01,2.322565e+01,1.724246e+01,-3.570664e+00,-3.707337e+00,-7.061963e-01
-1.465773e+01,1.405049e+01,1.630062e+01,-2.053723e+00,-8.705666e-01,4.026101e-01
-2.211756e+00,1.670366e+00,1.556257e+01,-1.684563e+00,2.948015e+00,1.079033e+00
6.680437e+00,9.112449e+00,1.221956e+01,-1.007114e+00,3.877228e+00,1.073259e+00
1.028785e+01,7.445226e+00,8.688834e+00,9.240070e-01,2.454354e+00,7.941212e-01
7.921916e+00,2.552164e+00,7.377975e+00,1.800616e+00,1.272899e+00,4.012367e-01
4.292554e+00,2.013527e+00,6.592456e+00,2.684646e+00,4.050804e-01,6.021424e-02
3.081914e+00,3.116402e+00,7.378086e+00,3.548981e+00,6.690151e-02,2.040198e-02
1.637863e+00,3.407303e+00,7.277303e+00,4.902111e+00,5.538483e-02,-9.541790e-02
1.461498e+00,6.791936e-01,9.594240e+00,5.637364e+00,2.724760e-01,-1.948368e-01
2.813019e+00,-2.229565e-01,9.956919e+00,6.178892e+00,5.337046e-01,-1.917273e-01
2.853108e+00,-4.389268e-01,9.901073e+00,6.315283e+00,4.256542e-01,-1.532583e-02
7.365585e-01,1.365729e+00,9.955810e+00,5.329621e+00,-2.907620e-02,1.845560e-01
-1.028374e+00,1.868920e+00,8.996544e+00,4.280820e+00,2.954871e-02,6.091519e-02
-1.359218e+00,-1.946112e+00,7.394646e+00,1.877708e+00,1.819353e-01,-2.772471e-01
2.056132e-01,-4.620409e+00,6.968011e+00,-2.465338e-01,8.843921e-02,-5.492371e-01
4.504160e+00,1.771776e+01,2.596883e-01,-2.083677e+00,7.316374e-01,6.194099e-01
7.530921e+00,3.247736e+01,7.849837e+00,-1.529228e+00,7.606200e-01,1.101587e+00
-3.137511e+00,6.804936e-01,1.081029e+01,-1.866137e+00,1.271520e+00,-5.860350e-01
6.390755e+00,4.501102e+00,9.442863e+00,-2.034141e+00,1.433305e+00,4.429843e-01
5.582718e-02,1.108284e+01,4.882990e+00,-9.999377e-01,-6.037291e-01,-3.732876e-01
-7.092940e+00,1.319765e+01,6.790187e+00,-8.842473e-01,-1.430635e+00,-6.121941e-01
-1.202049e+01,8.526539e+00,5.934683e+00,-3.905063e-01,7.042552e-01,2.300820e-01
-4.028893e+00,6.931678e+00,4.490304e+00,-3.494323e-01,2.100042e+00,6.473123e-01
5.166536e+00,1.042437e+01,4.707244e+00,-4.378289e-01,2.482941e+00,7.072461e-01
8.094185e+00,8.209674e+00,4.001728e+00,-4.272891e-01,1.481193e+00,4.012577e-01
5.223666e+00,8.394868e+00,3.541202e+00,-5.644812e-01,-5.191868e-01,-2.727061e-01
1.424029e+00,8.735484e+00,3.123709e+00,-6.561645e-01,-1.013229e+00,-4.220876e-01
-3.240979e+00,8.219867e+00,2.884000e+00,-8.069815e-01,-1.123755e+00,-4.947766e-01
-4.092839e+00,8.521357e+00,3.689688e+00,-9.015914e-01,-5.353047e-01,-2.877296e-01
6.217660e-01,8.682488e+00,5.981192e+00,-8.524060e-01,2.877725e-01,-8.843636e-02
4.536944e+00,9.619597e+00,5.637782e+00,-8.362608e-01,1.811915e-01,3.808011e-04
3.040019e+00,9.334088e+00,1.927835e+00,-9.376692e-01,-4.807347e-01,-1.166921e-01
1.943978e+00,8.578382e+00,8.399758e-01,-1.223909e+00,-8.645598e-01,-1.318243e-01
2.736604e+00,1.019340e+01,-7.633350e-01,-1.904920e+00,-1.151084e+00,-6.360820e-02
7.133014e-01,1.070632e+01,1.482457e-01,-2.296081e+00,-1.397612e+00,-5.598112e-02
1.400804e+00,1.140541e+01,2.016041e+00,-2.870633e+00,-1.258414e+00,1.450788e-01
7.236586e+00,1.175533e+01,1.806274e+00,-3.070458e+00,-1.410697e+00,1.059919e-01
5.857250e+00,1.460266e+01,-2.474138e+00,-3.716456e+00,-2.791153e+00,4.291940e-02
-1.283455e+00,1.267039e+01,3.903029e+00,-4.209446e+00,-3.778338e+00,-6.864627e-01
-9.122653e+00,2.219254e+01,1.637110e+01,-4.585720e+00,-3.199776e+00,-4.296274e-01
-1.127963e+01,1.742693e+01,1.795001e+01,-3.211916e+00,-1.221535e+00,-1.897183e-01
-2.767900e+00,2.005968e+00,1.727460e+01,-2.109178e+00,2.020694e+00,7.386479e-01
6.999046e+00,1.010704e+01,9.511397e+00,-1.598552e+00,2.375328e+00,6.304431e-01
7.130897e+00,6.211220e+00,8.987256e+00,1.839950e-01,1.597615e+00,9.778723e-03
5.305713e+00,3.696375e+00,7.629472e+00,1.213369e+00,8.809805e-01,-1.630691e-01
2.509993e+00,4.235573e+00,7.295449e+00,2.455424e+00,5.839579e-01,-6.180844e-01
2.818593e-02,3.470584e+00,8.367953e+00,3.402676e+00,8.311827e-01,-7.643962e-01
-6.194581e-02,3.170359e+00,7.930717e+00,4.466987e+00,1.509205e+00,-5.881260e-01
2.148380e+00,2.182652e+00,9.009412e+00,5.329428e+00,1.817667e+00,-3.636477e-01
5.272459e+00,1.553560e+00,1.121943e+01,6.314504e+00,1.616790e+00,-1.618099e-01
6.638282e+00,1.448025e+00,1.269745e+01,6.988771e+00,1.041610e+00,-7.021221e-02
5.841112e+00,-5.028457e-01,1.172836e+01,7.304506e+00,-5.231139e-02,-2.592335e-01
-8.080799e-02,-5.336173e-01,1.169527e+01,6.580844e+00,-9.614043e-01,-5.580707e-01
-7.195922e+00,1.148483e+00,1.132613e+01,3.983582e+00,3.608669e-01,-2.560355e-01
-4.415640e+00,-9.107769e+00,7.235336e+00,1.783641e+00,1.374589e+00,1.121139e-01
5.399176e+00,1.927111e+01,-1.184673e+00,-3.036608e+00,2.288536e+00,6.649894e-01
1.591902e+01,3.691548e+01,5.039732e+00,-2.775554e+00,2.527058e+00,1.580330e+00
2.634391e+00,-4.771646e-01,8.789831e+00,-1.341289e+00,1.043087e-01,-9.647605e-01
6.358736e+00,-3.095986e+00,1.028404e+01,-1.926309e+00,-2.147926e-02,-3.270223e-01
2.994278e+00,1.959414e+01,9.674819e+00,-2.100030e+00,-8.408422e-01,-1.493342e-01
-8.948088e+00,1.212132e+01,8.284362e+00,-1.021159e+00,-9.717363e-01,-6.006062e-01
-1.754915e+00,7.713476e+00,6.773654e+00,-8.600893e-01,9.978114e-01,2.583821e-01
2.900949e+00,9.091063e+00,4.910138e+00,-7.078821e-01,9.375415e-01,2.600807e-01
3.810420e+00,1.094956e+01,4.030921e+00,-6.636451e-01,1.113428e-01,2.683612e-02
2.625288e+00,1.026097e+01,3.747214e+00,-5.760669e-01,-6.683608e-01,-1.098240e-01
-6.860712e-02,9.184158e+00,3.654033e+00,-6.759512e-01,-1.074453e+00,-1.833119e-01
-7.202571e-01,9.613145e+00,3.202165e+00,-7.327731e-01,-1.055758e+00,-1.440678e-01
-2.785419e+00,8.205140e+00,3.032663e+00,-7.778954e-01,-9.015886e-01,-1.329351e-01
-3.515541e+00,7.977527e+00,3.344851e+00,-8.368791e-01,-6.044417e-01,-8.020461e-02
-2.935753e+00,7.455168e+00,4.155999e+00,-8.988126e-01,3.280391e-02,1.854575e-02
1.340390e+00,7.554981e+00,4.194788e+00,-9.320771e-01,2.500235e-01,6.282634e-02
3.463635e+00,7.909596e+00,4.117515e+00,-1.008305e+00,-9.316375e-02,-7.817552e-02
1.154642e+00,8.683313e+00,3.209105e+00,-1.128031e+00,-4.669065e-01,-7.672641e-02
-9.539500e-01,7.684441e+00,1.999741e+00,-1.391972e+00,-2.691545e-01,5.993838e-02
1.961263e+00,9.098720e+00,1.001015e+00,-1.687957e+00,-1.283997e-01,1.562618e-01
4.073114e+00,1.078246e+01,-2.387425e-01,-2.209921e+00,-6.512969e-01,2.389402e-02
3.275920e+00,1.077925e+01,9.678154e-01,-2.662328e+00,-1.237883e+00,-4.679236e-02
2.001274e+00,1.384522e+01,3.820420e-01,-3.188998e+00,-1.566809e+00,2.908624e-01
4.153321e+00,1.741330e+01,-3.039420e+00,-3.641613e+00,-1.887271e+00,2.392312e-01
-5.223759e-01,1.418527e+01,8.500059e+00,-4.261342e+00,-3.111791e+00,-3.462306e-01
-1.093782e+00,2.093010e+01,1.274687e+01,-4.233305e+00,-2.877766e+00,-4.284193e-01
-8.411321e+00,1.920353e+01,1.606044e+01,-1.860118e+00,-1.465206e+00,-3.672299e-01
-4.274469e+00,2.864997e+00,1.553763e+01,-1.538263e+00,5.363755e-01,1.811113e-01
2.605868e+00,1.150111e+01,1.209526e+01,-1.097718e+00,1.665062e+00,4.520983e-01
3.405844e+00,9.075066e+00,1.215487e+01,6.064768e-01,1.664372e+00,4.567233e-01
4.534064e+00,3.404247e+00,9.543516e+00,2.282035e+00,1.523529e+00,4.776560e-01
4.982870e+00,2.366996e+00,8.374261e+00,3.053640e+00,1.302100e+00,2.542025e-01
3.555123e+00,2.032750e+00,8.092591e+00,4.016907e+00,9.262222e-01,1.225636e-01
2.710006e+00,1.465769e+00,7.104237e+00,4.648831e+00,7.435931e-01,7.037114e-02
2.114663e+00,7.206180e-01,8.263596e+00,5.406224e+00,6.872755e-01,3.110820e-02
2.176254e+00,3.073486e-01,9.661817e+00,5.989832e+00,7.452932e-01,3.430435e-02
3.377097e+00,4.117051e-01,1.176880e+01,6.635027e+00,8.633869e-01,1.014858e-01
2.794088e+00,-6.197390e-02,1.188279e+01,6.854842e+00,6.743583e-01,1.041265e-01
-3.563292e+00,1.349372e+00,1.066781e+01,6.079481e+00,4.298395e-01,6.103372e-02
-5.116932e+00,1.919661e+00,1.116384e+01,4.354645e+00,1.200136e+00,8.007380e-02
-1.234174e+00,-6.306308e+00,8.522768e+00,1.229033e+00,1.500039e+00,-5.426433e-02
2.539371e+00,-5.660820e+00,5.869314e+00,-1.309192e+00,8.713314e-01,-2.230562e-01
2.106162e+01,3.928431e+01,-1.586302e+00,-2.222561e+00,1.505858e+00,1.435960e+00
-3.062976e+00,2.039208e+01,6.593939e+00,-1.910599e+00,-5.487467e-01,-1.377460e+00
6.599369e-01,-4.111697e+00,9.645287e+00,-2.506171e+00,2.257758e+00,1.630911e-01
7.659042e+00,1.113830e+01,9.060923e+00,-2.148515e+00,9.153635e-01,5.115840e-02
-4.077246e+00,1.374090e+01,8.878669e+00,-1.282619e+00,-1.221231e+00,-9.221826e-01
-1.083058e+01,1.022643e+01,8.806917e+00,-1.063286e+00,-6.472390e-01,-3.052208e-01
-2.475482e+00,7.810241e+00,5.298916e+00,-6.728115e-01,1.709172e+00,3.292319e-01
5.063433e+00,1.171853e+01,5.389503e+00,-7.062547e-01,2.069669e+00,3.450219e-01
7.992324e+00,9.861703e+00,3.717948e+00,-5.495187e-01,8.200725e-01,4.831195e-02
5.260716e+00,9.086207e+00,3.556990e+00,-5.824847e-01,-5.266401e-01,-3.403853e-01
1.465392e+00,9.598097e+00,3.079240e+00,-7.109801e-01,-1.346297e+00,-5.659375e-01
-8.250211e-01,9.088478e+00,1.516804e+00,-8.450951e-01,-1.415249e+00,-5.559059e-01
-2.376645e+00,6.456645e+00,9.857442e-01,-1.109178e+00,-1.293684e+00,-4.505492e-01
-2.521307e+00,7.189862e+00,1.920592e+00,-1.375634e+00,-1.025467e+00,-2.761539e-01
4.273681e-01,7.708218e+00,3.678033e+00,-1.474219e+00,-7.052907e-01,-2.951445e-01
1.290693e+00,9.163564e+00,4.065629e+00,-1.513328e+00,-8.217758e-01,-2.924886e-01
-7.048503e-01,7.345407e+00,1.647654e+00,-1.629885e+00,-8.477170e-01,-2.649696e-01
-8.667573e-02,6.586146e+00,7.290400e-01,-1.929799e+00,-5.986266e-01,-1.072735e-01
4.042793e+00,1.022950e+01,8.031479e-02,-2.566470e+00,-8.043165e-01,-6.639872e-02
3.076799e+00,9.913548e+00,1.575539e+00,-2.928314e+00,-1.154074e+00,-6.060388e-02
8.985074e+00,1.002198e+01,-5.389983e-01,-3.387106e+00,-1.156983e+00,1.592355e-01
1.421640e+01,1.379692e+01,-4.399277e+00,-3.966738e+00,-2.103830e+00,4.551506e-02
-2.470700e+00,1.435780e+01,6.521918e+00,-4.618967e+00,-4.882053e+00,-7.400553e-01
-1.305464e+01,2.473863e+01,1.731388e+01,-4.850919e+00,-4.748567e+00,-5.552149e-01
-1.824796e+01,1.794437e+01,2.032243e+01,-2.101830e+00,-1.058479e+00,8.340222e-01
-3.316946e+00,1.925094e+00,2.074291e+01,-1.303249e+00,1.807855e+00,1.507635e+00
9.841489e+00,1.006409e+01,1.198498e+01,-7.580278e-01,3.092668e+00,1.305393e+00
8.938654e+00,8.818234e+00,1.243402e+01,1.078097e+00,1.807906e+00,7.327439e-01
5.174269e+00,1.704377e+00,8.302992e+00,2.665566e+00,6.849588e-01,2.158278e-01
3.588815e+00,5.100877e-01,8.229825e+00,3.658761e+00,1.891280e-01,-2.128743e-01
1.201808e+00,1.976695e+00,9.292754e+00,4.965080e+00,3.821687e-01,-6.848467e-01
1.605196e+00,1.754671e+00,8.740398e+00,5.837630e+00,7.594285e-01,-7.419021e-01
3.336185e+00,-4.952830e-01,1.080327e+01,6.755226e+00,1.087438e+00,-9.056203e-01
4.177119e+00,-5.477938e-01,1.252933e+01,7.336826e+00,1.140348e+00,-9.129804e-01
3.542868e+00,5.151838e-01,1.255349e+01,7.835755e+00,9.072298e-01,-6.891463e-01
1.127902e+00,1.556580e+00,1.365079e+01,7.477555e+00,4.873775e-01,-3.609265e-01
-5.394223e+00,5.659152e+00,1.002411e+01,6.053317e+00,7.048682e-01,-7.314989e-02
-5.978630e+00,2.565764e-01,6.662513e+00,4.057729e+00,1.803617e+00,1.989294e-01
6.820142e-01,-7.468828e+00,2.344706e+00,1.417206e-02,2.578536e+00,1.601726e-01
4.448342e+00,7.286331e+00,-9.450934e-01,-2.803495e+00,1.870436e+00,2.572719e-01
7.984752e+00,2.247046e+01,2.381607e+00,-2.998221e+00,7.662934e-01,5.259017e-01
-1.778856e+00,5.747915e+00,9.126137e+00,-3.246491e+00,-8.638385e-01,-1.392717e+00
7.332725e+00,-9.085289e+00,1.247063e+01,-2.146785e+00,3.049198e-03,-1.673928e-01
8.418780e-01,8.007114e+00,1.093076e+01,-2.410812e+00,-8.157108e-02,-6.050963e-02
-7.964178e+00,1.740520e+01,9.307040e+00,-1.758400e+00,3.021099e-01,-3.814627e-01
-4.119825e+00,4.622033e+00,5.430199e+00,-9.288002e-01,1.696237e+00,3.347017e-01
4.789082e+00,9.073727e+00,4.225735e+00,-9.497189e-01,1.439089e+00,1.708871e-01
3.669113e+00,1.180260e+01,5.333550e+00,-8.630474e-01,3.724829e-01,-1.560165e-01
6.209661e-01,8.428400e+00,3.672974e+00,-7.156212e-01,-1.515035e-01,-2.056862e-01
1.152916e+00,9.334196e+00,2.712043e+00,-7.745848e-01,-1.273223e-01,-2.193352e-01
1.644199e+00,9.320043e+00,2.483533e+00,-8.274295e-01,-4.704975e-01,-4.226700e-01
-7.289661e-01,8.676637e+00,2.907475e+00,-8.957675e-01,-8.142452e-01,-5.154913e-01
-3.501511e+00,8.265683e+00,3.642907e+00,-9.919272e-01,-7.521151e-01,-4.088583e-01
-1.289766e+00,8.585781e+00,3.664625e+00,-1.071846e+00,-2.415094e-01,-2.719870e-01
2.553378e+00,9.452349e+00,3.554959e+00,-1.158025e+00,-2.237669e-01,-2.800685e-01
3.891814e+00,8.589266e+00,3.458338e+00,-1.233557e+00,-6.339432e-01,-4.489141e-01
1.158625e-01,7.667485e+00,1.804791e+00,-1.495332e+00,-1.231777e+00,-5.304449e-01
-1.623471e+00,7.505786e+00,1.125372e+00,-1.821978e+00,-1.128726e+00,-3.458122e-01
2.066137e+00,9.451477e+00,1.048122e+00,-2.341341e+00,-8.560263e-01,-1.881139e-01
2.755294e+00,9.958238e+00,1.373542e+00,-2.801048e+00,-1.178865e+00,-1.333723e-01
3.112372e+00,1.110917e+01,2.765062e+00,-3.304428e+00,-1.569373e+00,-1.406404e-01
9.175840e+00,1.609760e+01,-2.802920e+00,-3.723892e+00,-1.909883e+00,-1.455556e-01
6.854125e+00,1.643223e+01,2.072316e+00,-4.289623e+00,-3.499286e+00,-6.361906e-01
-7.309427e-01,1.505094e+01,1.363763e+01,-4.431615e+00,-5.111397e+00,-1.325856e+00
-7.463373e+00,1.776172e+01,1.982161e+01,-3.269153e+00,-3.707145e+00,-1.730264e+00
-4.409118e+00,6.988607e+00,1.751236e+01,-2.162406e+00,-1.674727e+00,-1.295281e+00
6.028827e+00,7.983676e+00,8.555968e+00,-1.637661e+00,3.594733e-02,-1.177360e+00
3.251069e+00,6.186826e+00,9.067692e+00,-1.720885e-01,2.394966e-01,-1.893903e+00
1.909019e+00,3.712299e+00,8.329057e+00,1.366205e+00,9.772170e-01,-2.064611e+00
1.810223e+00,4.027298e+00,7.437521e+00,2.414348e+00,1.774644e+00,-1.952567e+00
1.703112e+00,2.787203e+00,8.552972e+00,3.799820e+00,2.734505e+00,-1.914642e+00
3.099219e+00,3.396803e+00,8.563073e+00,4.766718e+00,3.342777e+00,-1.602582e+00
8.524928e+00,2.993287e+00,1.009244e+01,6.231960e+00,2.841806e+00,-1.109906e+00
1.303416e+01,2.296568e+00,1.036092e+01,6.849842e+00,1.535645e+00,-7.439223e-01
1.295167e+01,2.724461e+00,1.076104e+01,7.329434e+00,-1.093575e+00,-7.445542e-01
7.491776e+00,1.241126e+00,1.209897e+01,7.207420e+00,-2.657062e+00,-1.515864e+00
-1.182754e+01,4.697445e+00,1.019334e+01,5.161066e+00,-2.583677e+00,-1.289526e+00
-1.839243e+01,-2.307999e+00,7.850942e+00,3.384756e+00,9.205759e-02,-2.688237e-01
-4.492024e+00,-1.182137e+01,5.488479e+00,1.610491e-01,4.151306e+00,1.783299e+00
1.312062e+01,1.998374e+01,-9.277853e-01,-2.560954e+00,5.066056e+00,2.000227e+00
2.825081e+01,3.154217e+01,4.960399e-01,-1.794056e+00,1.000805e+00,3.223497e-01
2.972638e+00,-5.962383e+00,1.012203e+01,-2.118357e+00,-1.997604e+00,-1.856088e+00
1.623352e+00,3.631393e+00,1.198989e+01,-2.726617e+00,-2.647829e+00,-6.065719e-01
-8.286352e+00,1.589114e+01,1.221057e+01,-2.329998e+00,-2.872856e+00,-7.230169e-01
-1.825865e+01,1.449503e+01,9.344562e+00,-9.626901e-01,-3.064060e-01,2.529380e-02
-7.375448e+00,5.809936e+00,5.633571e+00,-6.049600e-01,2.007752e+00,1.002726e+00
6.192343e+00,1.081027e+01,4.085477e+00,-5.322931e-01,2.810867e+00,1.067315e+00
8.421495e+00,1.161938e+01,3.579378e+00,-5.945882e-01,1.702689e+00,7.397243e-01
4.154364e+00,7.666359e+00,2.886160e+00,-5.977407e-01,-1.875973e-01,1.014015e-01
-9.692312e-02,9.229250e+00,3.805939e+00,-6.783158e-01,-7.747961e-01,-6.855703e-02
-2.056980e+00,9.615649e+00,3.096684e+00,-6.697484e-01,-5.150997e-01,-4.851993e-02
3.132303e-01,8.824071e+00,1.342876e+00,-7.486376e-01,-3.263930e-01,2.940290e-04
-3.681569e-01,8.182090e+00,2.046676e+00,-9.638983e-01,-2.982789e-01,-1.377005e-02
3.899273e-01,8.458206e+00,3.098964e+00,-1.135700e+00,-2.163658e-01,2.696748e-02
1.933928e+00,9.090862e+00,4.903497e+00,-1.201143e+00,-4.060537e-01,-5.073964e-02
1.667949e+00,9.549195e+00,3.929923e+00,-1.245223e+00,-5.816429e-01,-8.070274e-02
9.086464e-01,8.384856e+00,2.190012e+00,-1.393824e+00,-7.246911e-01,-6.533684e-02
2.951394e+00,8.165464e+00,3.563965e-01,-1.689329e+00,-7.976960e-01,5.923182e-03
8.837529e-01,1.018140e+01,3.058129e-01,-2.258418e+00,-1.241981e+00,4.989813e-02
-1.823786e-01,1.080049e+01,1.403350e+00,-2.701534e+00,-1.437779e+00,1.180842e-01
4.000163e+00,1.067414e+01,1.467759e+00,-3.147487e+00,-1.248256e+00,2.943761e-01
1.119558e+01,1.141355e+01,6.593879e-02,-3.488397e+00,-1.711829e+00,2.294098e-01
2.600099e+00,1.613128e+01,-5.301209e-02,-4.143923e+00,-3.799087e+00,4.292031e-02
-8.922859e+00,1.367071e+01,9.789591e+00,-4.450205e+00,-5.020942e+00,-4.477302e-01
-1.461620e+01,2.638027e+01,1.796459e+01,-4.089234e+00,-2.276779e+00,3.082883e-01
-1.210989e+01,1.726258e+01,1.776755e+01,-2.131901e+00,1.551864e-01,7.872891e-01
4.650541e+00,2.946171e+00,1.441607e+01,-1.414707e+00,2.809478e+00,1.158788e+00
1.028090e+01,1.073198e+01,9.418871e+00,-7.451747e-01,2.443798e+00,8.284464e-01
7.223059e+00,5.982833e+00,1.045927e+01,1.519420e+00,9.546218e-01,-1.484581e-01
3.618250e+00,2.611136e+00,8.273094e+00,2.458236e+00,3.460269e-01,-4.011098e-01
5.833764e-01,1.722732e+00,8.832706e+00,3.781800e+00,4.228326e-01,-8.711037e-01
-1.323591e-01,1.539552e+00,8.914608e+00,4.663051e+00,9.312933e-01,-9.965146e-01
1.779225e+00,9.569075e-01,8.877930e+00,5.693406e+00,1.665939e+00,-1.022993e+00
4.758023e+00,8.573804e-01,1.008243e+01,6.561966e+00,1.807491e+00,-1.007876e+00
6.771266e+00,1.008821e+00,1.307168e+01,7.564235e+00,1.077973e+00,-1.019030e+00
7.498739e+00,3.846651e+00,1.217904e+01,7.961994e+00,2.601474e-01,-9.745170e-01
2.093664e+00,5.152259e+00,1.014621e+01,7.575004e+00,-7.411010e-01,-1.110968e+00
-5.639081e+00,6.812326e+00,8.212228e+00,6.173879e+00,-1.140887e+00,-1.114331e+00
-1.679442e+01,-2.219835e+00,6.433703e+00,3.690680e+00,1.893183e+00,2.705286e-02
-3.176518e+00,-1.244096e+01,1.402658e+00,9.449385e-01,4.577895e+00,1.015098e+00
7.780713e+00,7.940429e-01,7.376997e+00,-2.679158e+00,4.622762e+00,1.496659e+00
1.344392e+01,3.941000e+01,1.866031e-01,-3.171387e+00,3.252396e+00,1.422544e+00
1.431153e+00,-5.204689e+00,1.756053e+00,-6.280934e-01,-1.311857e+00,-2.167346e+00
-6.726677e+00,-9.070719e+00,1.111172e+01,-2.803000e+00,-1.445716e+00,-8.681234e-01
-8.411941e+00,1.817391e+01,1.684318e+01,-3.286182e+00,-4.989150e-01,-2.477436e-01
-4.961381e+00,2.028700e+01,1.081950e+01,-1.832207e+00,1.201222e-01,-3.193248e-01
-1.401564e+00,3.803094e+00,5.616895e+00,-1.037308e+00,1.188909e+00,4.099186e-01
2.734012e+00,9.407184e+00,3.167541e+00,-9.673894e-01,1.625815e+00,5.025585e-01
7.184641e+00,1.176837e+01,1.171155e+00,-9.821194e-01,4.692330e-01,1.096465e-01
4.239217e+00,9.239199e+00,9.324426e-01,-1.064596e+00,-9.633274e-01,-3.300315e-01
-1.313787e+00,1.012000e+01,2.124162e+00,-1.327617e+00,-1.479664e+00,-3.054680e-01
-1.142030e+00,8.900083e+00,1.702030e+00,-1.399815e+00,-1.144882e+00,-2.328465e-01
-2.214682e-01,6.671623e+00,2.566925e-01,-1.537954e+00,-9.875805e-01,-2.153933e-01
-1.353171e+00,6.469697e+00,4.810261e-01,-1.835357e+00,-1.124498e+00,-2.051751e-01
-3.586003e+00,8.754866e+00,4.431723e+00,-1.929997e+00,-6.509682e-01,-1.403246e-01
-2.561910e+00,8.792282e+00,6.621234e+00,-1.754182e+00,-4.794367e-02,-8.648046e-02
1.432588e+00,9.529903e+00,6.077946e+00,-1.655050e+00,5.397092e-01,1.042960e-01
3.818525e+00,9.618883e+00,3.791807e+00,-1.619675e+00,6.220540e-01,3.034905e-01
3.494333e+00,7.942067e+00,2.590818e+00,-1.806536e+00,2.412111e-01,2.664510e-01
5.026317e+00,1.033830e+01,-7.536475e-01,-2.184167e+00,-2.126551e-01,2.296701e-01
1.597083e+00,1.015507e+01,-2.728000e-01,-2.731967e+00,-9.829163e-01,1.630219e-01
4.165898e+00,1.182621e+01,-4.346160e-01,-3.226593e+00,-1.077546e+00,2.780165e-01
7.598542e+00,1.812537e+01,-3.921948e+00,-3.943021e+00,-2.173920e+00,1.850112e-01
8.639964e-01,1.380960e+01,3.911489e+00,-4.312498e+00,-3.479337e+00,-3.744242e-01
-5.794321e+00,2.472435e+01,1.684737e+01,-4.525914e+00,-4.074640e+00,-3.479056e-01
-9.429154e+00,2.445807e+01,1.684877e+01,-2.864985e+00,-2.748141e+00,-2.160419e-01
-4.201015e+00,1.833800e+00,1.722992e+01,-8.664169e-01,9.782980e-02,5.209361e-01
2.513041e+00,7.941080e+00,9.877391e+00,-5.375415e-01,1.409119e+00,5.878485e-01
2.347608e+00,7.766117e+00,1.158608e+01,1.747451e+00,1.610904e+00,2.863291e-01
2.743259e+00,3.845962e+00,9.343541e+00,3.012899e+00,1.799591e+00,2.496751e-01
4.471240e+00,1.459937e+00,9.282150e+00,4.248602e+00,1.994726e+00,7.063162e-02
5.003283e+00,1.280863e+00,9.892233e+00,5.129612e+00,1.928018e+00,-1.153222e-01
4.878543e+00,1.541736e+00,9.604998e+00,6.235195e+00,1.391273e+00,-1.802879e-01
4.406181e+00,1.944673e+00,1.141404e+01,6.947574e+00,9.616817e-01,-3.017197e-01
3.326544e+00,3.382708e+00,1.433476e+01,7.934951e+00,4.678539e-01,-3.897342e-01
2.602274e+00,5.656352e+00,1.277104e+01,8.264800e+00,5.168966e-01,-4.112086e-01
-4.266636e+00,6.087369e+00,8.977193e+00,7.003521e+00,7.963900e-01,-2.160708e-01
-9.915196e+00,1.564513e+00,6.187899e+00,5.337242e+00,1.674551e+00,1.430099e-02
-2.483404e+00,-1.026991e+01,3.077990e+00,2.074538e+00,4.113643e+00,4.509254e-01
7.243956e+00,-2.830744e+00,1.535249e+00,-1.305840e+00,3.740879e+00,9.765528e-01
2.280241e+01,3.222414e+01,-4.723883e+00,-2.494444e+00,2.155941e+00,6.011176e-01
6.158102e+00,3.862252e+00,4.961254e+00,-2.862529e+00,-4.618097e-01,-1.066415e+00
-7.120507e+00,-2.572138e+00,1.377811e+01,-3.511650e+00,-1.458715e+00,-9.430187e-01
-1.141574e+01,5.475753e+00,1.598638e+01,-3.445135e+00,-7.027989e-01,-5.771500e-01
-4.816859e+00,1.729159e+01,1.190561e+01,-1.682537e+00,1.320754e+00,2.870859e-01
-4.319056e-01,8.669950e+00,8.220693e+00,-1.171207e+00,2.309343e+00,6.049157e-01
5.108752e+00,8.657539e+00,5.211524e+00,-1.073359e+00,2.496597e+00,7.971541e-01
9.480210e+00,1.021014e+01,4.318703e+00,-9.627126e-01,1.728387e+00,3.759965e-01
3.702321e+00,9.706753e+00,4.502681e+00,-9.799464e-01,-1.877222e-01,-1.128260e-01
1.197887e+00,1.002598e+01,3.745427e+00,-9.414802e-01,-5.908508e-01,-2.591104e-01
1.206998e+00,1.005226e+01,2.953777e+00,-8.934269e-01,-5.299700e-01,-2.999176e-01
9.762356e-01,9.257385e+00,2.457385e+00,-9.683957e-01,-5.173579e-01,-2.648643e-01
8.545745e-01,8.095168e+00,1.655778e+00,-1.148854e+00,-7.340095e-01,-3.096179e-01
-2.249873e+00,7.982958e+00,2.666079e+00,-1.283855e+00,-8.473035e-01,-2.675775e-01
-7.388813e-01,7.232969e+00,4.436482e+00,-1.321977e+00,-4.410763e-01,-1.579408e-01
4.118336e-01,8.240786e+00,4.649185e+00,-1.411451e+00,-1.658778e-01,5.082550e-02
7.670163e-01,7.990561e+00,2.436145e+00,-1.528526e+00,-6.735796e-02,2.079261e-01
2.476334e+00,9.071252e+00,-3.336496e-01,-1.796571e+00,-9.377501e-02,2.939763e-01
4.334511e+00,9.434093e+00,-1.035116e+00,-2.318640e+00,-5.007118e-01,2.191744e-01
2.590509e+00,9.000002e+00,4.491533e-01,-2.838182e+00,-1.071601e+00,2.471933e-01
5.722054e+00,1.427733e+01,-1.851095e+00,-3.431817e+00,-1.461966e+00,4.670172e-01
4.841895e+00,1.764027e+01,-3.492159e+00,-3.907959e+00,-2.370873e+00,4.816993e-01
-4.345975e+00,1.477211e+01,8.546206e+00,-4.357163e+00,-3.824262e+00,2.022222e-01
-9.211280e+00,2.554225e+01,1.640106e+01,-4.308167e+00,-2.963406e+00,1.655629e-01
-4.874034e+00,9.640940e+00,1.770793e+01,-1.815299e+00,-6.439460e-01,5.764430e-01
1.416776e+00,2.280813e+00,1.577550e+01,-8.381367e-01,1.469728e+00,8.404350e-01
7.728177e+00,9.879381e+00,9.744802e+00,-1.002574e-01,1.649098e+00,5.215354e-01
5.426658e+00,7.589395e+00,1.112772e+01,1.661630e+00,9.349749e-01,-1.235201e-01
2.972750e+00,3.582985e+00,8.952750e+00,3.158734e+00,6.779521e-01,-4.188519e-01
2.325290e+00,1.306273e+00,9.419016e+00,4.177139e+00,8.294912e-01,-6.892524e-01
2.623858e+00,8.272080e-01,9.811726e+00,5.356986e+00,1.285061e+00,-9.896734e-01
2.723357e+00,1.741189e+00,1.027450e+01,6.159550e+00,1.348971e+00,-1.045350e+00
3.204630e+00,2.720525e+00,1.258114e+01,7.161485e+00,1.295721e+00,-1.096939e+00
4.143687e+00,4.349546e+00,1.391505e+01,7.944877e+00,1.210202e+00,-1.058761e+00
6.509928e+00,1.127895e+01,1.179474e+01,8.174698e+00,6.482179e-01,-6.018000e-01
6.586263e-01,6.900888e+00,6.818348e+00,7.442396e+00,8.304263e-02,-1.151588e+00
-1.562427e+01,1.532939e+00,7.185844e+00,5.296766e+00,2.766400e-01,-1.033045e+00
-4.094807e+00,-9.376724e+00,-1.985016e+00,2.600203e+00,2.696810e+00,-1.977181e-01
6.934816e+00,-7.558167e+00,3.417415e+00,-2.140616e+00,2.287693e+00,4.886964e-02
8.425492e+00,2.422366e+01,2.989018e+00,-3.740656e+00,1.007160e+00,-1.515083e-01
-3.742462e-01,7.912215e+00,2.231951e+00,-1.181932e+00,4.450667e-01,-2.203646e-01
-2.341477e+00,-3.032829e+00,1.195241e+01,-2.859843e+00,7.644111e-01,-1.207942e-01
6.020685e-01,8.030556e+00,9.871464e+00,-2.405714e+00,2.089421e+00,5.887533e-01
-1.848224e+00,1.773738e+01,1.131710e+01,-1.934951e+00,1.013234e+00,-2.163199e-01
1.898794e+00,7.768167e+00,5.181360e+00,-1.132800e+00,5.780712e-01,-2.210989e-01
1.607022e+00,5.123413e+00,3.284368e+00,-9.263161e-01,6.501089e-01,-1.773818e-02
-1.074938e+00,1.164870e+01,3.513759e+00,-9.717546e-01,1.044235e+00,1.738692e-01
2.782779e+00,1.077601e+01,2.565235e+00,-8.141757e-01,1.208913e+00,7.182665e-02
3.528871e+00,7.829469e+00,1.545038e+00,-9.114238e-01,-2.133889e-01,-2.468006e-01
1.458922e-01,7.863687e+00,1.757165e+00,-9.955364e-01,-9.590555e-01,-4.458142e-01
1.487430e-01,1.071193e+01,1.563207e+00,-1.287791e+00,-9.078872e-01,-3.438271e-01
-1.110353e-01,8.514370e+00,9.087361e-01,-1.386450e+00,-1.034942e+00,-3.660166e-01
-9.996304e-01,8.313694e+00,1.603300e+00,-1.686058e+00,-1.174227e+00,-2.940391e-01
-7.344929e-01,9.467667e+00,3.317467e+00,-1.824519e+00,-1.028715e+00,-2.483650e-01
1.508263e+00,9.322477e+00,5.684743e+00,-1.777645e+00,-7.762441e-01,-1.816087e-01
2.338424e+00,1.000239e+01,5.726699e+00,-1.690461e+00,-7.692526e-01,-1.323384e-01
-2.828566e-01,8.627011e+00,3.469868e+00,-1.603194e+00,-8.323713e-01,-6.348487e-02
4.032112e-01,8.258273e+00,1.888637e+00,-1.729936e+00,-6.359856e-01,1.307169e-01
1.988806e+00,1.014692e+01,-3.765328e-01,-2.241276e+00,-7.373191e-01,1.975426e-01
1.383061e+00,9.186638e+00,1.459570e+00,-2.613210e+00,-1.017608e+00,1.818984e-01
5.504744e+00,1.093247e+01,2.017489e+00,-3.068252e+00,-1.130272e+00,3.898609e-01
7.015865e+00,1.510784e+01,-2.070938e+00,-3.366488e+00,-1.475958e+00,4.928093e-01
1.593091e+00,1.349169e+01,-2.194124e-01,-3.853088e+00,-2.887170e+00,1.286620e-01
-4.370285e+00,1.356219e+01,9.202307e+00,-4.286973e+00,-3.987468e+00,-1.368451e-01
-7.081908e+00,2.272359e+01,1.594582e+01,-3.739645e+00,-2.516891e+00,-3.280230e-02
-8.472959e+00,1.276461e+01,1.571196e+01,-1.852222e+00,-1.096252e+00,1.735492e-01
4.050287e+00,5.336917e+00,9.922383e+00,-9.477899e-01,1.118614e+00,5.381644e-01
5.006905e+00,9.228276e+00,9.222317e+00,-1.471073e-01,1.343678e+00,3.028109e-01
2.070385e+00,5.592817e+00,1.117633e+01,1.998316e+00,9.938148e-01,-3.116771e-01
1.690389e+00,2.698450e+00,8.765728e+00,3.308142e+00,1.185830e+00,-2.771284e-01
1.453963e+00,1.770627e+00,9.385172e+00,4.339614e+00,1.620587e+00,-5.209530e-01
1.966852e+00,1.402111e+00,9.847625e+00,5.229322e+00,1.963003e+00,-5.988889e-01
3.840184e+00,2.529207e+00,1.003295e+01,6.253409e+00,2.160819e+00,-6.355678e-01
4.144761e+00,3.555169e+00,1.124421e+01,7.076600e+00,1.860161e+00,-7.375045e-01
5.855732e+00,5.745124e+00,1.312213e+01,7.892930e+00,1.256522e+00,-6.607908e-01
8.051295e+00,1.294861e+01,1.125271e+01,7.922641e+00,5.570467e-01,-4.460348e-01
2.335453e+00,6.625146e+00,4.871881e+00,7.221659e+00,-4.439810e-02,-1.372349e+00
-1.449432e+01,1.599284e+00,8.413497e+00,5.499568e+00,1.707906e-01,-8.385316e-01
-1.804457e+00,-1.138902e+01,-3.531131e+00,2.644213e+00,3.284744e+00,2.742478e-01
3.925889e+00,-8.930411e+00,1.072450e+00,-9.633579e-01,3.443509e+00,5.534429e-01
8.947027e+00,2.381123e+01,6.082908e+00,-4.181568e+00,1.668474e+00,5.196675e-01
2.065167e+01,2.529072e+01,7.790274e-01,-1.414794e+00,5.977037e-01,3.569414e-01
-3.344443e+00,-3.685071e+00,9.043554e+00,-2.583396e+00,-1.754201e+00,-1.262594e+00
-2.411491e+00,3.109576e+00,1.074749e+01,-3.092973e+00,-4.884852e-01,6.119027e-02
-1.098971e+01,1.743232e+01,1.252071e+01,-2.692734e+00,9.998274e-02,-1.732611e-01
-3.039430e+00,1.438431e+01,8.422702e+00,-1.675838e+00,1.247829e+00,2.441592e-01
3.696663e+00,4.502553e+00,3.421285e+00,-1.058131e+00,1.427699e+00,3.935024e-01
3.148278e+00,1.035459e+01,3.073715e+00,-1.262656e+00,1.211308e+00,4.223164e-01
1.896507e+00,1.061031e+01,3.553109e+00,-1.175230e+00,6.627662e-01,1.516366e-01
2.806494e+00,8.633220e+00,2.891130e+00,-1.195279e+00,-4.490906e-02,-4.713295e-02
-2.810806e+00,8.891715e+00,3.719297e+00,-1.198977e+00,-4.381044e-01,-8.947379e-02
-2.264351e+00,9.826817e+00,3.639173e+00,-1.209878e+00,-4.986582e-03,8.743497e-02
2.453537e+00,8.175036e+00,2.500971e+00,-1.192134e+00,3.173739e-01,1.486842e-01
5.138985e+00,8.447739e+00,1.676056e+00,-1.376711e+00,-1.267947e-01,2.610005e-02
5.565197e-01,8.965080e+00,3.160160e+00,-1.528216e+00,-9.648345e-01,-2.329470e-01
-2.119627e+00,9.127662e+00,5.598133e+00,-1.549858e+00,-9.635935e-01,-1.983225e-01
1.812210e+00,1.029042e+01,5.630526e+00,-1.480051e+00,-2.556687e-01,1.146130e-01
2.125205e+00,1.028673e+01,3.894096e+00,-1.439568e+00,-1.877072e-01,2.444841e-01
5.110074e-01,7.957660e+00,1.671725e-01,-1.671503e+00,-3.394184e-01,3.353125e-01
3.379567e+00,1.008254e+01,-1.097172e+00,-2.152427e+00,-5.001008e-01,3.048205e-01
2.585391e+00,9.145662e+00,5.314165e-01,-2.787247e+00,-1.095668e+00,2.113836e-01
3.759700e+00,1.108549e+01,1.981081e+00,-3.257866e+00,-1.234861e+00,3.567672e-01
7.569246e+00,1.871071e+01,-3.711291e+00,-3.821950e+00,-1.782369e+00,4.946138e-01
1.345434e+00,1.498767e+01,1.210581e+00,-4.161053e+00,-3.336770e+00,1.898695e-01
-7.393967e+00,1.660894e+01,1.443053e+01,-4.374300e+00,-3.988778e+00,8.347661e-03
-1.231323e+01,2.380484e+01,1.674350e+01,-3.454140e+00,-2.138939e+00,2.469254e-01
-2.288157e+00,1.571361e+00,1.712797e+01,-1.114220e+00,3.239879e-01,8.902388e-01
5.104284e+00,5.911250e+00,1.067355e+01,-8.949003e-01,2.075332e+00,9.995871e-01
5.698977e+00,9.050323e+00,1.021396e+01,8.637152e-01,1.679205e+00,5.539947e-01
3.806739e+00,4.715707e+00,1.054047e+01,2.439781e+00,1.234333e+00,1.782826e-01
2.440415e+00,1.570597e+00,7.970697e+00,3.614195e+00,1.150632e+00,3.224750e-02
1.569418e+00,1.287767e+00,9.197166e+00,4.395082e+00,1.408993e+00,-2.865603e-01
2.400439e+00,1.441644e+00,9.636081e+00,5.572036e+00,1.860846e+00,-4.508460e-01
3.232594e+00,1.739283e+00,9.885665e+00,6.383778e+00,1.907021e+00,-5.491387e-01
4.627366e+00,2.599750e+00,1.349253e+01,7.310215e+00,1.623536e+00,-6.623737e-01
6.097951e+00,5.277241e+00,1.414592e+01,8.023775e+00,1.138364e+00,-5.953187e-01
7.167319e+00,1.137091e+01,1.191713e+01,8.073263e+00,1.395749e-01,-4.919694e-01
-3.273994e+00,3.041051e+00,5.098765e+00,6.820503e+00,-2.397265e-01,-1.416707e+00
-1.667218e+01,-5.436175e+00,1.165569e+01,3.997152e+00,7.823363e-01,-1.069466e+00
-3.764976e+00,-1.019903e+01,6.533240e-02,1.365585e+00,3.448272e+00,1.520163e-01
5.683831e+00,1.233994e+01,3.349770e+00,-3.046139e+00,3.279514e+00,4.212455e-01
3.125539e+01,3.817252e+01,-1.214249e+00,-1.881106e+00,3.117383e+00,1.657806e+00
1.303360e+00,-8.223058e+00,7.398357e+00,-2.235358e+00,-4.920007e-01,-1.545847e+00
-1.908358e+00,2.090136e+00,1.017650e+01,-2.852008e+00,-4.335822e-01,-2.450839e-01
-9.704742e+00,1.926801e+01,1.328811e+01,-2.427184e+00,-3.123703e-01,-4.291050e-01
-4.578218e+00,1.616134e+01,9.355474e+00,-1.917470e+00,1.275899e-01,-7.501359e-01
-2.643915e-01,2.351538e+00,3.430943e+00,-1.042161e+00,9.731888e-01,2.943249e-01
2.854626e-01,9.610752e+00,3.470834e+00,-1.322188e+00,1.510028e+00,3.965609e-01
5.197519e+00,1.188394e+01,3.015333e+00,-1.112599e+00,1.371440e+00,2.428765e-01
4.145591e+00,7.641763e+00,2.402342e+00,-1.180849e+00,2.707669e-01,-8.526848e-02
-1.420606e+00,8.914660e+00,3.880196e+00,-1.265805e+00,-7.613384e-01,-3.038020e-01
-8.974217e-01,1.029001e+01,3.603927e+00,-1.311964e+00,-5.760100e-01,-2.579956e-01
1.702949e+00,8.662696e+00,1.881637e+00,-1.355999e+00,-4.336389e-01,-2.157913e-01
1.712331e-01,8.664302e+00,2.679141e+00,-1.447978e+00,-7.099828e-01,-2.728596e-01
-1.843301e+00,8.789372e+00,4.054509e+00,-1.519452e+00,-8.313617e-01,-3.628521e-01
3.293589e-01,9.099413e+00,5.170587e+00,-1.550000e+00,-4.642911e-01,-1.609864e-01
1.720593e+00,8.803822e+00,4.491513e+00,-1.547123e+00,-9.142515e-02,1.646229e-02
6.085705e-01,8.407618e+00,2.899981e+00,-1.643563e+00,-1.615605e-01,1.700949e-01
2.825063e+00,9.617797e+00,4.309578e-01,-1.936718e+00,-2.596798e-01,1.782448e-01
4.184725e+00,9.813219e+00,1.766479e-01,-2.377268e+00,-7.713909e-01,4.433206e-02
1.451447e+00,9.647430e+00,2.776005e+00,-2.873291e+00,-1.519465e+00,-5.460586e-02
2.187561e+00,1.257585e+01,1.459529e+00,-3.163056e+00,-1.638577e+00,9.097910e-02
3.821550e+00,1.695281e+01,-2.878034e+00,-3.698807e+00,-1.996645e+00,1.770840e-01
3.156900e+00,1.346690e+01,4.434285e-01,-4.126667e+00,-2.885294e+00,-4.197464e-01
-7.616875e-01,2.033090e+01,1.440058e+01,-4.519051e+00,-3.638093e+00,-8.123857e-01
-7.931429e+00,2.219777e+01,1.645524e+01,-3.527325e+00,-3.036377e+00,-1.185220e+00
-5.638795e+00,3.338174e+00,1.981347e+01,-1.112045e+00,-5.617417e-01,-7.585217e-01
3.369993e+00,1.113306e+01,1.002682e+01,-1.226034e+00,1.312290e+00,-4.202115e-01
3.105438e+00,7.600683e+00,1.232116e+01,7.781588e-01,1.771059e+00,-7.194178e-01
3.849655e+00,4.614913e+00,9.494705e+00,2.101526e+00,2.061348e+00,-6.654621e-01
5.491723e+00,3.134823e+00,8.378619e+00,3.563618e+00,2.232171e+00,-8.251231e-01
5.392004e+00,2.695344e+00,8.405435e+00,4.445530e+00,1.971671e+00,-8.131911e-01
6.038261e+00,3.682957e+00,8.130044e+00,5.533716e+00,1.440193e+00,-6.408605e-01
6.421186e+00,1.776802e+00,9.520512e+00,6.395624e+00,8.069176e-01,-6.284098e-01
4.850340e+00,6.866834e-01,1.153802e+01,7.085565e+00,1.447017e-01,-6.912178e-01
4.194715e+00,9.677145e-01,1.115671e+01,7.404693e+00,6.603694e-02,-6.910723e-01
-1.086309e-01,5.527940e-01,9.960650e+00,7.029130e+00,2.232268e-02,-6.184931e-01
-8.756239e+00,4.036998e+00,1.076071e+01,5.915368e+00,2.238178e-01,-2.983452e-01
-4.376153e+00,-5.077695e+00,5.624483e+00,3.335224e+00,2.363270e+00,6.062818e-01
1.746505e+00,-1.037861e+01,5.329129e+00,1.336395e-01,2.868407e+00,9.278381e-01
1.427105e+01,3.070802e+01,-9.724120e+00,-3.399245e+00,1.915086e+00,6.623399e-01
1.033085e+01,3.669197e+01,6.312119e+00,-2.349488e+00,1.656369e-01,4.170991e-01
-3.672680e+00,-6.743564e+00,1.091489e+01,-2.427671e+00,-7.669227e-01,-1.346931e+00
8.877632e+00,-8.605237e-01,1.180186e+01,-2.753510e+00,5.345635e-01,3.793249e-02
2.999419e-01,1.907896e+01,9.941095e+00,-2.609261e+00,-3.901637e-01,-2.623440e-01
-8.453065e+00,1.334250e+01,9.798829e+00,-1.604210e+00,-8.291259e-01,-5.931322e-01
-1.570279e+00,6.292413e+00,4.921862e+00,-1.168543e+00,4.922962e-01,1.129145e-01
1.284140e+00,8.787529e+00,4.718196e+00,-9.527378e-01,4.979243e-01,1.500914e-01
9.614958e-01,1.136436e+01,4.915042e+00,-8.109391e-01,6.934824e-02,-3.883223e-03
1.536533e+00,8.731305e+00,3.780437e+00,-6.872446e-01,-1.503291e-01,4.246138e-02
8.542956e-01,1.011776e+01,3.091324e+00,-7.501957e-01,-4.500992e-01,-4.164053e-02
-5.241064e-01,1.045808e+01,3.570308e+00,-6.965521e-01,-6.262314e-01,-8.455990e-02
-2.477297e+00,8.352703e+00,3.756192e+00,-6.488889e-01,-6.056686e-01,-2.082757e-01
-2.186135e+00,8.584527e+00,3.293067e+00,-7.081660e-01,-3.620355e-01,-1.115256e-01
1.182977e-01,8.868298e+00,2.995319e+00,-7.856043e-01,-4.248515e-02,-6.677556e-02
2.009023e+00,8.537967e+00,2.852423e+00,-9.061872e-01,-9.992222e-02,-9.983866e-02
1.615328e+00,7.937292e+00,2.143542e+00,-1.082725e+00,-4.143703e-01,-1.967892e-01
4.896829e-01,7.577693e+00,1.201804e+00,-1.319771e+00,-5.048934e-01,-1.090837e-01
1.007323e+00,8.431549e+00,3.930735e-02,-1.780055e+00,-3.111436e-01,1.338322e-01
3.737175e+00,9.879085e+00,-3.745224e-01,-2.232926e+00,-4.664881e-01,9.560813e-02
1.212301e+00,9.960570e+00,2.089843e+00,-2.788241e+00,-1.184211e+00,5.000107e-02
2.332059e-01,1.244589e+01,2.519279e+00,-3.086376e+00,-1.315209e+00,2.313088e-01
6.760628e+00,1.645653e+01,-3.881756e+00,-3.414232e+00,-1.094083e+00,4.997568e-01
6.423144e+00,1.245356e+01,-1.255335e+00,-3.865320e+00,-1.889796e+00,5.409335e-02
2.905208e-01,1.501802e+01,1.149662e+01,-4.664487e+00,-3.722075e+00,-8.368178e-01
-3.813355e+00,2.473656e+01,1.688309e+01,-4.296336e+00,-3.392871e+00,-9.581761e-01
-9.452941e+00,8.711236e+00,1.775399e+01,-2.046911e+00,-1.433625e+00,-3.837527e-01
-5.595946e-01,4.760451e+00,1.294424e+01,-1.601698e+00,5.288023e-01,1.368010e-01
3.402582e+00,1.050693e+01,1.214666e+01,-2.631631e-01,1.764529e+00,1.023359e-01
3.513777e+00,7.337788e+00,1.165340e+01,1.122683e+00,1.796982e+00,3.081591e-02
4.160234e+00,1.856308e+00,8.776542e+00,2.861621e+00,1.767754e+00,2.892274e-02
4.139123e+00,9.882049e-01,8.338180e+00,3.712030e+00,1.693810e+00,-2.981663e-01
2.687534e+00,3.122484e+00,8.558704e+00,4.756695e+00,1.496960e+00,-4.251524e-01
3.588187e+00,1.572276e+00,9.299769e+00,5.731221e+00,1.383913e+00,-4.787239e-01
4.893351e+00,7.912934e-01,1.045770e+01,6.767587e+00,8.903052e-01,-4.683425e-01
5.969262e+00,1.715334e+00,1.310901e+01,7.362028e+00,2.779251e-01,-5.248498e-01
5.347476e+00,1.965395e-01,1.012561e+01,7.743024e+00,-2.753837e-01,-8.077480e-01
-3.978404e+00,3.372304e+00,9.334208e+00,6.950549e+00,-7.645343e-01,-1.107474e+00
-9.492706e+00,2.967801e+00,1.033987e+01,4.538414e+00,2.719341e-01,-7.581355e-01
-5.791485e+00,-8.686933e+00,6.344182e+00,2.431479e+00,1.915462e+00,2.081711e-02
4.111640e+00,-2.882534e+00,5.695681e+00,-8.365274e-01,2.759942e+00,7.365716e-01
1.028779e+01,2.240102e+01,-1.989040e+00,-2.887880e+00,2.368661e+00,6.333924e-01
-2.686052e+00,1.471726e+01,7.225541e+00,-1.347353e+00,-2.303061e-01,-7.049333e-01
-1.400100e+00,-4.713648e+00,1.037657e+01,-2.280022e+00,3.111344e-01,-8.561975e-01
9.538233e+00,6.207427e+00,9.888030e+00,-2.539905e+00,1.058407e+00,2.741253e-01
2.133595e+00,1.785637e+01,8.487593e+00,-2.215847e+00,4.664273e-02,-3.630721e-01
-5.971234e+00,8.420791e+00,7.806316e+00,-1.341250e+00,-1.003359e+00,-4.154338e-01
-4.343077e+00,8.477587e+00,4.773881e+00,-1.100833e+00,-2.902032e-02,7.797733e-02
-5.011501e-01,1.110567e+01,5.602815e+00,-9.551140e-01,3.393333e-01,9.264515e-02
3.525527e+00,9.756069e+00,3.453640e+00,-9.316139e-01,5.401193e-01,2.302351e-01
3.835603e+00,9.457359e+00,4.232257e+00,-9.545016e-01,-3.761793e-01,-9.756158e-02
8.313843e-02,9.810631e+00,2.587508e+00,-9.914612e-01,-9.449854e-01,-4.121719e-02
-1.368775e-01,9.238085e+00,2.011449e+00,-1.064092e+00,-9.650800e-01,-2.716169e-01
5.527562e-01,8.438404e+00,1.940653e+00,-1.191056e+00,-1.017874e+00,-2.328257e-01
-2.072618e+00,8.178231e+00,3.807926e+00,-1.304207e+00,-1.174232e+00,-3.337886e-01
-2.675555e+00,8.748607e+00,5.146509e+00,-1.262178e+00,-9.268994e-01,-2.697369e-01
-1.590596e+00,7.829151e+00,5.418914e+00,-1.151678e+00,-5.286232e-01,-2.063765e-01
1.513778e+00,8.482499e+00,3.169014e+00,-1.242621e+00,-1.757865e-01,1.230200e-02
4.751868e-01,7.892850e+00,1.628036e+00,-1.405330e+00,-1.928250e-01,1.189644e-01
2.007354e+00,9.299758e+00,7.925037e-01,-1.842086e+00,-3.310455e-01,1.300471e-01
3.111680e+00,1.131542e+01,2.809018e-02,-2.502677e+00,-1.188696e+00,-6.609630e-02
3.001013e+00,1.004967e+01,1.708717e+00,-2.808028e+00,-1.483304e+00,-5.745556e-02
3.639882e+00,1.318340e+01,-3.747856e-01,-3.358542e+00,-1.772872e+00,2.473971e-01
3.345819e+00,1.619644e+01,-2.651845e+00,-3.752321e+00,-2.285260e+00,7.862274e-02
-1.056176e+00,1.397067e+01,7.679847e+00,-4.440904e+00,-3.294324e+00,-3.450989e-01
-1.429551e+00,2.130405e+01,1.368960e+01,-4.330029e+00,-2.933254e+00,-4.301890e-01
-1.029731e+01,1.657710e+01,1.756571e+01,-1.977997e+00,-1.259759e+00,-2.373654e-01
-1.799181e+00,1.576466e+00,1.453013e+01,-1.620430e+00,8.607113e-01,3.249818e-01
4.801960e+00,1.010506e+01,1.092972e+01,-3.748515e-01,1.829665e+00,2.089077e-01
4.908930e+00,7.302409e+00,1.201900e+01,1.209668e+00,1.608399e+00,-1.443205e-01
5.893259e+00,3.390396e+00,7.493368e+00,2.320995e+00,1.275214e+00,-3.461688e-01
4.901517e+00,3.815821e+00,7.436493e+00,3.290324e+00,8.718886e-01,-7.431717e-01
3.571887e+00,3.115093e+00,8.122882e+00,4.680585e+00,5.932587e-01,-8.905319e-01
3.746881e+00,1.413000e+00,7.513791e+00,5.330434e+00,5.036201e-01,-9.919581e-01
4.278239e+00,8.258928e-01,9.117023e+00,6.073227e+00,2.496257e-01,-1.070746e+00
3.836782e+00,1.451262e+00,1.058719e+01,6.639105e+00,1.462222e-01,-1.093333e+00
2.897202e+00,1.166529e+00,1.320642e+01,7.400568e+00,3.888158e-01,-1.060414e+00
3.094696e+00,1.436436e-01,1.224008e+01,7.313992e+00,5.649350e-01,-8.328746e-01
-3.264661e+00,4.675306e+00,1.131065e+01,5.841568e+00,4.391988e-01,-2.914989e-01
-4.012665e+00,2.404382e+00,9.198211e+00,4.217172e+00,1.293773e+00,2.313552e-01
-2.754681e+00,-1.017850e+01,3.617180e+00,1.560490e-01,2.027247e+00,6.695611e-01
-3.144828e+00,2.681130e+00,2.005883e+00,-3.433580e+00,2.289761e+00,5.967028e-01
1.356934e+01,2.897782e+01,1.745257e+00,-2.526445e+00,1.079133e+00,3.506431e-01
1.458915e+00,1.663404e+00,6.300543e+00,-2.535366e+00,-2.270763e-01,-1.175768e+00
8.202788e+00,-2.026950e+00,1.100493e+01,-2.330506e+00,-8.003841e-01,-2.817688e-02
3.933795e+00,1.120487e+01,1.172739e+01,-2.453864e+00,-1.215059e+00,-5.376326e-01
-6.739989e+00,1.802264e+01,9.818977e+00,-1.663681e+00,-1.097585e+00,-5.393735e-01
-8.062304e+00,5.246028e+00,6.202405e+00,-1.093864e+00,-7.758721e-03,1.024416e-01
-1.263693e+00,9.694767e+00,4.636327e+00,-9.616334e-01,7.987128e-01,3.037098e-01
1.561091e+00,1.218300e+01,5.433966e+00,-7.974076e-01,4.365616e-01,1.693299e-01
1.308726e+00,9.512847e+00,3.056452e+00,-6.829516e-01,8.590542e-02,1.766565e-01
-4.463021e-01,8.509328e+00,3.120374e+00,-6.598622e-01,-1.863558e-01,2.478897e-02
-1.167759e+00,9.288963e+00,3.264827e+00,-7.543613e-01,-1.837019e-01,4.369354e-02
-5.939729e-01,8.919641e+00,2.594478e+00,-7.985589e-01,-6.422006e-02,1.582364e-02
1.539539e+00,8.757492e+00,1.981785e+00,-9.832099e-01,-2.216543e-01,-1.017284e-02
-5.251631e-01,8.808929e+00,3.858739e+00,-1.075117e+00,-3.359945e-01,-1.125765e-01
2.682157e-02,9.280811e+00,5.098060e+00,-1.143589e+00,-9.911379e-02,2.471832e-02
2.673734e+00,8.781283e+00,4.471902e+00,-1.160293e+00,-1.412709e-01,3.241865e-02
1.389175e+00,8.165040e+00,2.956494e+00,-1.317276e+00,-3.219073e-01,1.204386e-01
7.543593e-01,9.002074e+00,2.031096e+00,-1.538708e+00,-3.839083e-01,1.906042e-01
2.715616e+00,1.043015e+01,-1.468005e+00,-2.143569e+00,-8.369923e-01,1.578688e-01
2.865220e+00,1.088556e+01,-1.891912e+00,-2.750664e+00,-1.422883e+00,5.119464e-02
3.803959e+00,1.146330e+01,4.657356e-01,-3.336384e+00,-1.705178e+00,3.725408e-02
1.172157e+01,1.170831e+01,-3.648843e-01,-3.678839e+00,-2.007912e+00,-6.315811e-02
5.005941e+00,1.234836e+01,-1.257514e+00,-4.262923e+00,-4.301796e+00,-3.491653e-01
-7.497290e+00,1.384677e+01,8.219919e+00,-4.869663e+00,-5.004814e+00,-4.406160e-01
-1.573863e+01,3.061679e+01,1.928679e+01,-3.351672e+00,-1.820552e+00,6.183297e-01
-1.201982e+01,8.363502e+00,1.830168e+01,-1.587742e+00,5.741633e-01,1.236722e+00
2.369632e+00,2.842946e+00,1.634983e+01,-1.522830e+00,3.262966e+00,1.310008e+00
8.920230e+00,1.186352e+01,1.037751e+01,7.964179e-03,2.497653e+00,1.000828e+00
5.994027e+00,5.391040e+00,9.309012e+00,1.599779e+00,1.547979e+00,4.842936e-01
3.932662e+00,3.004164e+00,7.819657e+00,2.593132e+00,9.883309e-01,2.725605e-01
1.632625e+00,2.730167e+00,9.153917e+00,3.842857e+00,1.144412e+00,-3.548461e-01
1.793161e+00,3.364219e+00,9.565742e+00,4.896133e+00,1.454114e+00,-3.520106e-01
3.174737e+00,1.978730e+00,9.150712e+00,6.012124e+00,1.582717e+00,-4.315502e-01
4.912215e+00,1.131194e+00,9.804914e+00,6.834772e+00,1.160215e+00,-4.255080e-01
5.141602e+00,1.187765e+00,1.352528e+01,7.670323e+00,3.614500e-01,-4.708981e-01
4.247790e+00,1.902700e+00,1.487086e+01,8.180468e+00,-8.549828e-02,-4.943083e-01
-1.323366e-01,1.215001e+00,1.286633e+01,7.459414e+00,-2.885022e-01,-3.776122e-01
-8.431224e+00,5.091014e+00,1.100553e+01,5.523772e+00,5.744981e-01,4.149341e-02
-1.245797e+01,-7.169250e+00,8.969991e+00,2.311288e+00,3.445594e+00,8.879047e-01
-1.689698e+00,-1.380413e+01,7.142312e+00,-1.055800e+00,4.295108e+00,1.111397e+00
2.259623e+01,3.750166e+01,-8.432534e+00,-2.356759e+00,3.000288e+00,1.010089e+00
1.683942e+01,2.389253e+01,2.153744e+00,-1.689442e+00,-4.024281e-01,-1.355766e+00
-9.541644e-01,-7.429146e+00,1.008474e+01,-2.891947e+00,-5.994443e-01,-5.761601e-01
-2.703874e+00,5.282517e+00,1.499139e+01,-2.775614e+00,-6.296341e-03,-6.347430e-02
-3.894282e+00,2.009865e+01,1.189207e+01,-1.814219e+00,1.201974e+00,-1.187038e-01
-2.724278e-02,1.125597e+01,6.446982e+00,-1.005035e+00,1.598085e+00,2.417991e-01
3.650447e+00,7.460285e+00,3.435282e+00,-1.038960e+00,1.209821e+00,1.671015e-01
3.223954e+00,1.078055e+01,5.018233e+00,-8.996463e-01,3.558166e-01,-1.428228e-01
1.463544e+00,9.961854e+00,4.581474e+00,-7.879297e-01,-1.589666e-02,-2.260723e-01
1.445979e+00,8.904678e+00,3.213390e+00,-7.549880e-01,4.405325e-02,-2.488697e-01
3.278906e+00,9.969766e+00,2.211680e+00,-8.175225e-01,-3.386131e-01,-3.899016e-01
2.250995e+00,9.841103e+00,1.477971e+00,-9.359181e-01,-9.939724e-01,-5.852384e-01
-6.884732e-01,8.539590e+00,1.229590e+00,-1.228453e+00,-1.497475e+00,-6.774162e-01
-3.548630e+00,8.535420e+00,2.049159e+00,-1.403120e+00,-1.462174e+00,-6.467736e-01
-2.071620e+00,8.887646e+00,3.303058e+00,-1.559875e+00,-8.899261e-01,-3.546659e-01
6.398858e-01,9.094612e+00,3.804666e+00,-1.579229e+00,-6.384963e-01,-2.929933e-01
2.726021e+00,7.827209e+00,1.651938e+00,-1.844798e+00,-7.637406e-01,-1.658061e-01
2.545813e+00,8.320638e+00,-7.902028e-02,-2.212002e+00,-1.105144e+00,-1.490477e-01
2.224345e+00,1.008147e+01,-1.275526e+00,-2.909527e+00,-1.554762e+00,-1.547697e-01
2.379830e+00,1.041037e+01,-8.335635e-02,-3.320683e+00,-1.789935e+00,-1.165066e-01
6.630930e+00,1.234056e+01,2.555338e-01,-3.861784e+00,-2.241875e+00,-5.464910e-02
5.484619e+00,1.889095e+01,-1.619622e+00,-4.388057e+00,-3.723491e+00,-4.367239e-02
-5.727210e+00,1.772417e+01,1.179987e+01,-4.605561e+00,-4.360521e+00,-2.927511e-01
-1.615574e+01,2.517749e+01,1.988074e+01,-4.218913e+00,-2.712790e+00,-3.404768e-01
-8.482590e+00,1.241998e+01,1.761986e+01,-1.375967e+00,1.308635e+00,7.707609e-01
1.716068e+00,1.283545e+00,1.849037e+01,-1.233478e+00,3.155384e+00,6.975614e-01
1.047640e+01,8.293943e+00,9.103914e+00,-7.088496e-02,2.244344e+00,4.975926e-02
8.370563e+00,7.008450e+00,9.208028e+00,1.186962e+00,1.242502e+00,-5.011237e-01
5.003170e+00,4.000005e+00,7.248861e+00,2.743473e+00,4.411242e-01,-9.019624e-01
2.397532e+00,1.465021e+00,7.744043e+00,3.606397e+00,5.505750e-01,-1.200977e+00
1.547997e+00,2.759137e+00,7.938858e+00,4.522141e+00,1.026232e+00,-1.006855e+00
2.341681e+00,3.817749e+00,8.158760e+00,5.303470e+00,1.251804e+00,-8.028663e-01
3.583428e+00,1.840966e+00,9.582303e+00,6.539980e+00,1.201314e+00,-5.296138e-01
5.265139e+00,1.245108e+00,1.100871e+01,7.130966e+00,8.282521e-01,-2.568016e-01
6.666255e+00,2.829349e+00,1.336437e+01,7.839444e+00,1.250644e-02,-4.265126e-02
4.839929e+00,1.525357e+00,1.140918e+01,7.588686e+00,-6.896113e-01,-1.078796e-01
-1.087170e+01,4.665511e+00,1.031276e+01,5.679845e+00,-3.767303e-01,1.068856e-01
-1.368073e+01,1.627487e+00,1.046150e+01,3.656536e+00,1.753120e+00,7.798656e-01
-2.495998e-01,-1.039407e+01,4.992497e+00,-4.914026e-01,3.256672e+00,9.941301e-01
9.281255e+00,-6.993216e-01,7.571319e+00,-3.412502e+00,2.104143e+00,8.181914e-02
1.574952e+01,3.848883e+01,-2.715353e+00,-1.343752e+00,-1.493265e-01,5.217394e-02
-7.888866e+00,1.282868e+00,6.086528e+00,-5.864940e-01,-2.111664e+00,-1.989790e+00
-7.604163e+00,-2.130567e+00,1.250474e+01,-3.177019e+00,1.771348e+00,4.392223e-01
2.045330e+00,1.649120e+01,1.296064e+01,-2.380049e+00,2.832157e+00,9.598282e-01
6.448707e+00,9.994242e+00,4.731235e+00,-1.194705e+00,1.929700e+00,-4.366299e-02
4.495879e+00,7.471430e+00,5.921579e+00,-1.263371e+00,5.790529e-01,-7.536722e-02
7.400931e-01,1.021806e+01,3.464953e+00,-8.977599e-01,-7.422692e-01,-5.404091e-01
-3.242883e+00,1.072230e+01,4.633441e+00,-8.823320e-01,-5.043891e-01,-5.170691e-01
5.100765e-01,8.736065e+00,2.763859e+00,-8.719648e-01,-5.203473e-02,-2.604110e-01
2.268064e+00,9.023790e+00,1.872016e+00,-9.949775e-01,-1.463512e-01,-2.508066e-01
1.893734e+00,9.480431e+00,1.812736e+00,-1.162637e+00,-8.671842e-01,-4.241369e-01
1.105341e+00,9.410813e+00,1.414821e+00,-1.313260e+00,-1.168369e+00,-5.245866e-01
-1.057796e+00,8.733240e+00,2.387557e+00,-1.482016e+00,-1.469999e+00,-6.046482e-01
-1.693627e+00,8.870700e+00,3.102281e+00,-1.611366e+00,-1.357354e+00,-4.931955e-01
-2.802816e-01,9.378996e+00,4.599736e+00,-1.552294e+00,-1.141114e+00,-4.409678e-01
7.468566e-01,8.517836e+00,4.170410e+00,-1.608365e+00,-1.185788e+00,-3.866533e-01
7.041304e-01,8.983354e+00,2.484119e+00,-1.759546e+00,-1.296258e+00,-2.600000e-01
1.914473e+00,8.439306e+00,-8.533370e-01,-2.105889e+00,-1.536483e+00,-2.577778e-01
2.043806e+00,8.805258e+00,-2.867079e-01,-2.689393e+00,-1.936129e+00,-2.869226e-01
1.200588e+00,9.558628e+00,2.115327e+00,-3.057695e+00,-1.982262e+00,-6.630997e-02
-1.862162e-01,1.187723e+01,1.291012e+00,-3.278733e+00,-1.455166e+00,5.524474e-01
2.283601e+00,1.501290e+01,-5.057563e-02,-3.600054e+00,-1.070811e+00,6.760718e-01
3.251719e+00,1.503100e+01,3.517809e+00,-4.144514e+00,-1.799949e+00,7.457926e-02
-6.466582e-01,1.898332e+01,1.131102e+01,-4.385725e+00,-2.458039e+00,-1.841051e-01
-4.396278e+00,2.310524e+01,1.622019e+01,-2.751809e+00,-2.147453e+00,-1.425697e-01
-5.327128e+00,8.343486e+00,1.867799e+01,-1.588889e+00,-9.232876e-01,2.749267e-01
-2.426119e+00,9.150769e+00,1.224347e+01,-1.158747e+00,3.849232e-01,7.450283e-01
-2.313873e+00,8.802709e+00,1.265694e+01,3.468826e-01,1.042741e+00,7.731567e-01
-1.275362e+00,4.660225e+00,1.024663e+01,1.862388e+00,1.775149e+00,8.411041e-01
1.210687e+00,1.734386e+00,8.695509e+00,2.919559e+00,2.197320e+00,6.021868e-01
2.767723e+00,8.492096e-01,8.095936e+00,4.221302e+00,2.082111e+00,5.547448e-01
2.546339e+00,1.582076e+00,7.794637e+00,4.987769e+00,1.677471e+00,5.451830e-01
1.485080e+00,1.414340e+00,8.720421e+00,5.962018e+00,1.393561e+00,2.594798e-01
2.190356e+00,1.556092e+00,1.022046e+01,6.486025e+00,1.341879e+00,7.537934e-02
4.303978e+00,2.203761e+00,1.167072e+01,7.284645e+00,9.531328e-01,-2.082848e-01
6.880742e+00,3.698518e+00,1.302278e+01,7.714476e+00,2.129168e-01,-4.989004e-01
6.949907e-01,2.962937e+00,9.666256e+00,7.470830e+00,-5.824478e-01,-1.200765e+00
-7.762623e+00,4.668281e+00,9.808715e+00,6.263613e+00,-5.516876e-01,-1.181101e+00
-6.531344e+00,2.480255e+00,7.252161e+00,3.961276e+00,1.334765e+00,1.387063e-02
-3.286602e+00,-6.256622e+00,1.878710e+00,1.688023e+00,2.222170e+00,2.114739e-01
5.276624e+00,-5.194859e+00,3.435975e+00,-2.000823e+00,2.453942e+00,2.608826e-01
8.857079e+00,5.814503e+00,7.026631e+00,-3.865818e+00,1.372995e+00,1.247881e-01
2.611971e+01,3.243163e+01,-4.718129e+00,-8.231541e-01,6.606500e-01,9.048290e-01
-1.270405e-01,4.473523e-01,3.373311e+00,-1.216255e+00,-1.844839e+00,-1.608922e+00
-5.455418e+00,9.191891e-01,1.202458e+01,-3.004091e+00,6.310369e-01,4.319182e-01
-2.831228e+00,1.651461e+01,1.289651e+01,-2.557860e+00,6.223783e-01,3.291772e-01
-4.856106e+00,1.100283e+01,7.342096e+00,-1.240318e+00,-1.081910e-01,-5.087796e-01
-7.184485e+00,5.782060e+00,4.470269e+00,-1.042582e+00,4.045111e-01,1.423110e-01
-1.169908e+00,1.085130e+01,3.995676e+00,-8.490953e-01,2.337910e+00,5.296672e-01
4.234958e+00,1.163667e+01,2.952533e+00,-8.513677e-01,2.013012e+00,4.429202e-01
5.496230e+00,7.847447e+00,1.311944e+00,-9.953654e-01,4.911959e-01,-3.087023e-02
2.244946e+00,9.640646e+00,2.014355e+00,-1.183033e+00,-2.411545e-01,-1.926973e-01
4.292496e-01,9.486162e+00,1.877847e+00,-1.322110e+00,-5.689475e-01,-3.167840e-01
9.683421e-01,8.294263e+00,1.150421e+00,-1.482425e+00,-5.796830e-01,-3.388635e-01
-9.130505e-01,7.574995e+00,2.239317e+00,-1.709325e+00,-8.044102e-01,-3.792707e-01
-2.349426e+00,8.117012e+00,3.998277e+00,-1.784507e+00,-6.276642e-01,-2.906126e-01
3.511219e-01,8.509819e+00,5.496359e+00,-1.718143e+00,-2.118795e-01,-1.621517e-01
2.719264e+00,9.025270e+00,4.171766e+00,-1.698077e+00,-3.547703e-01,-1.953878e-01
2.263807e+00,8.004083e+00,2.092702e+00,-1.832657e+00,-8.276058e-01,-2.288529e-01
1.957387e+00,7.682448e+00,6.851925e-01,-2.075169e+00,-1.085463e+00,-2.539896e-01
2.197707e+00,1.003176e+01,2.985044e-01,-2.634314e+00,-1.584433e+00,-3.222537e-01
6.402019e-01,9.626945e+00,1.314006e+00,-2.944239e+00,-1.741254e+00,-2.304061e-01
5.657600e+00,9.898184e+00,-7.218691e-01,-3.484701e+00,-1.552496e+00,-8.009373e-02
1.423981e+01,1.008229e+01,-4.177431e+00,-4.059268e+00,-2.166030e+00,-3.168419e-01
9.056130e+00,5.720422e+00,1.972793e+00,-4.881782e+00,-4.285341e+00,-1.362218e+00
-2.966510e+00,1.318561e+01,1.602206e+01,-5.585828e+00,-6.064571e+00,-1.599474e+00
-3.254395e+01,2.986408e+01,3.003923e+01,-3.671327e+00,-4.555104e+00,-8.083146e-01
-2.233791e+01,3.824945e-01,2.230511e+01,-2.056466e+00,7.786874e-01,2.481687e+00
-7.559660e-02,8.695065e+00,1.939766e+01,-9.530123e-01,5.208571e+00,2.077044e+00
1.093313e+01,9.697443e+00,1.689209e+01,8.571146e-01,5.014576e+00,1.899712e+00
1.378333e+01,1.880426e+00,8.192356e+00,2.462846e+00,2.810850e+00,1.577206e+00
7.639001e+00,5.057803e-01,7.911557e+00,3.149849e+00,1.178926e+00,7.812948e-01
1.050872e+00,4.315791e+00,1.073713e+01,4.720448e+00,6.110849e-01,1.727364e-01
8.915016e-01,3.483141e+00,1.075857e+01,6.079438e+00,1.261945e+00,-5.086776e-02
3.941817e+00,-4.127627e-01,9.831752e+00,7.133634e+00,1.905760e+00,-1.713407e-01
8.706625e+00,-1.555548e+00,1.142479e+01,7.724521e+00,1.366241e+00,-1.949052e-01
7.967627e+00,-6.066854e-01,1.371927e+01,8.363208e+00,-3.661902e-01,-3.816578e-01
3.761994e+00,-1.440679e+00,1.476987e+01,8.404280e+00,-1.407824e+00,-5.792152e-01
-9.020285e+00,-1.861745e-01,1.188338e+01,6.185163e+00,-5.728840e-01,-4.762564e-01
-9.970451e+00,-1.633647e+00,1.065658e+01,3.546312e+00,1.231075e+00,-1.834470e-01
4.334689e+00,-1.173920e+01,6.916921e+00,-3.753211e-01,1.514611e+00,-1.535215e-01
8.419888e+00,2.503909e+01,-8.668695e+00,-2.431220e+00,2.306666e-01,-2.147000e-01
-6.459613e+00,3.167343e+01,1.541837e+01,-2.261967e+00,-1.011904e+00,-1.669964e+00
-1.239612e+01,-1.890696e+00,1.689427e+01,-2.376910e+00,3.357725e+00,1.092522e+00
1.038028e+01,7.299959e+00,7.807461e+00,-1.438092e+00,3.754303e+00,8.162976e-01
1.618827e+01,1.798613e+01,9.170052e+00,-8.480700e-01,2.029183e+00,-3.227484e-01
4.723451e+00,1.116954e+01,3.980884e+00,-3.357709e-01,-1.801321e+00,-9.408984e-01
-5.897041e+00,5.737948e+00,4.583084e+00,-4.914845e-01,-1.893930e+00,-7.553975e-01
-4.030203e+00,1.209011e+01,2.491309e+00,-3.729784e-01,-9.453061e-01,-4.606773e-01
-2.406113e+00,1.043551e+01,9.113357e-01,-2.892831e-01,-5.149472e-01,-2.689610e-01
3.154981e-01,7.674096e+00,-1.405498e+00,-5.154984e-01,-6.568390e-01,-3.316784e-01
7.353170e-01,7.600141e+00,-1.797729e+00,-8.979869e-01,-1.079115e+00,-4.926545e-01
-2.486454e+00,8.371688e+00,-6.800994e-01,-1.362323e+00,-1.554559e+00,-5.947636e-01
-6.070753e+00,8.158495e+00,1.772722e+00,-1.504019e+00,-1.230308e+00,-5.696988e-01
7.613763e-01,8.510005e+00,2.949051e+00,-1.670560e+00,-3.475511e-01,-3.052545e-01
4.639487e+00,8.278534e+00,2.655369e+00,-1.798406e+00,-5.431111e-01,-3.395926e-01
3.893381e+00,9.148424e+00,2.221997e+00,-2.028597e+00,-1.353411e+00,-5.068668e-01
-6.401067e-01,8.601110e+00,1.411448e+00,-2.240004e+00,-1.742846e+00,-5.708749e-01
-3.394865e+00,8.695380e+00,1.492241e+00,-2.721959e+00,-1.469286e+00,-3.025545e-01
-9.127248e-01,1.057235e+01,1.830542e+00,-3.031353e+00,-1.097934e+00,-7.902828e-02
5.994279e+00,9.887233e+00,2.821956e+00,-3.302394e+00,-1.156213e+00,-1.122709e-01
8.946464e+00,1.076222e+01,2.053010e+00,-3.562097e+00,-1.656222e+00,-2.324801e-01
8.413552e+00,1.692687e+01,-1.651903e+00,-4.317044e+00,-3.426976e+00,-7.466555e-01
7.978414e-02,1.331060e+01,5.297996e+00,-4.720461e+00,-4.305228e+00,-1.242619e+00
-5.454572e+00,2.346251e+01,1.833379e+01,-4.982259e+00,-3.816629e+00,-1.249571e+00
-4.980811e+00,2.063023e+01,1.776761e+01,-3.373949e+00,-2.621685e+00,-1.133489e+00
1.037038e+00,6.029436e-01,1.703918e+01,-1.724167e+00,-1.199312e-01,-1.026389e+00
7.807179e+00,6.010897e+00,8.370178e+00,-1.229270e+00,3.751334e-01,-1.253717e+00
3.629518e+00,6.551793e+00,1.009564e+01,6.889203e-01,-1.498581e-01,-2.093102e+00
9.869928e-01,3.478677e+00,8.315137e+00,1.851269e+00,5.176486e-01,-2.136274e+00
1.192983e+00,2.820225e+00,7.346319e+00,3.388780e+00,1.716146e+00,-1.960605e+00
1.102090e+00,3.578385e+00,9.236093e+00,4.412237e+00,2.484882e+00,-1.626464e+00
3.546691e+00,3.968017e+00,8.654664e+00,5.595560e+00,2.929630e+00,-1.057981e+00
6.097548e+00,3.444528e+00,9.759151e+00,6.348898e+00,2.712374e+00,-7.088848e-01
1.041029e+01,2.702535e+00,1.026002e+01,7.328213e+00,1.053067e+00,-1.791844e-01
1.258248e+01,3.357517e+00,1.219771e+01,7.739142e+00,-7.115350e-01,-2.590911e-01
6.690846e+00,3.838890e+00,1.187046e+01,7.682590e+00,-2.601112e+00,-9.503094e-01
-3.427228e+00,3.248825e+00,9.750735e+00,6.829126e+00,-3.171998e+00,-1.537971e+00
-1.922794e+01,4.035857e-02,7.792143e+00,3.980213e+00,-2.589018e-01,-7.132411e-01
-1.205852e+01,-8.137795e+00,4.432469e+00,1.439955e+00,2.494024e+00,6.589182e-01
3.595235e+00,-9.302383e+00,6.952863e+00,-2.399528e+00,3.474823e+00,1.259396e+00
1.187750e+01,1.219349e+01,1.230937e+01,-4.401997e+00,2.462915e+00,9.264510e-01
3.106921e+01,3.465990e+01,-9.347228e+00,4.887468e-01,-2.766546e-01,6.980338e-01
-4.002264e+00,-7.279109e+00,4.632801e+00,-5.227233e-01,-4.147432e+00,-2.496840e+00
-6.859903e+00,7.345093e-01,1.007352e+01,-2.297580e+00,-6.549277e-01,7.650001e-01
-6.289050e+00,2.352595e+01,1.310103e+01,-2.877958e+00,3.253657e-01,5.197472e-01
3.827025e+00,9.350780e+00,5.474050e+00,-9.151442e-01,-2.567322e-01,9.387250e-02
-4.266217e+00,3.735448e+00,4.487528e+00,-1.195551e+00,-8.094098e-01,2.740981e-01
-4.914017e+00,1.374596e+01,4.028763e+00,-7.182681e-01,3.412750e-01,4.072741e-01
-2.487956e+00,1.056488e+01,2.446735e+00,-6.474233e-01,7.692113e-01,4.742036e-01
2.431306e+00,7.703087e+00,4.860334e-01,-8.646653e-01,6.453033e-01,5.015089e-01
1.974893e+00,9.033674e+00,1.581621e-01,-1.054798e+00,8.641879e-02,2.849840e-01
1.790187e+00,7.936592e+00,-3.447191e-01,-1.320264e+00,-3.975062e-01,1.986211e-02
7.986611e-01,7.483182e+00,3.637257e-01,-1.560309e+00,-7.726481e-01,-9.867499e-02
-1.102961e+00,8.117789e+00,2.098171e+00,-1.864843e+00,-9.391451e-01,-1.563421e-01
3.428475e-01,8.560787e+00,4.208777e+00,-1.895663e+00,-7.115798e-01,-8.948949e-02
2.544658e+00,9.890148e+00,4.179167e+00,-1.950940e+00,-8.518319e-01,-4.478212e-02
2.168338e+00,9.507930e+00,2.420559e+00,-2.019766e+00,-1.143901e+00,-1.703885e-02
2.659458e+00,9.096703e+00,-1.438438e+00,-2.537511e+00,-1.631176e+00,6.046898e-02
2.565808e+00,1.016455e+01,-2.501101e-01,-2.969684e+00,-2.017403e+00,4.819884e-02
2.024127e+00,1.080051e+01,2.273073e+00,-3.372255e+00,-1.924110e+00,3.389628e-01
4.691083e+00,1.205589e+01,1.642776e+00,-3.477104e+00,-1.834014e+00,5.161880e-01
3.932592e+00,1.628462e+01,-4.759749e+00,-3.867100e+00,-2.553595e+00,6.126845e-01
-2.266691e+00,1.599750e+01,3.934265e+00,-4.231179e+00,-3.779067e+00,3.498317e-01
-5.031822e+00,2.391646e+01,1.463918e+01,-4.071951e+00,-2.965638e+00,1.379316e-01
-1.109407e+01,2.241062e+01,1.821813e+01,-2.025107e+00,-1.573761e+00,2.590812e-01
-6.266551e-01,7.308766e+00,1.365476e+01,-1.509768e+00,8.919730e-01,7.519447e-01
2.238097e+00,1.248607e+01,1.171672e+01,-8.523803e-01,1.651314e+00,8.878729e-01
1.543644e+00,6.919802e+00,1.210749e+01,1.793379e+00,1.994408e+00,6.108354e-01
2.278455e+00,4.361548e+00,1.031400e+01,3.136341e+00,2.180738e+00,3.579272e-01
4.282551e+00,1.655587e+00,9.706677e+00,4.401881e+00,2.277781e+00,-8.431026e-02
4.528542e+00,9.858184e-01,9.131075e+00,5.126536e+00,2.006618e+00,-1.928964e-01
4.030221e+00,1.179938e+00,8.649769e+00,6.197159e+00,1.409176e+00,-3.515021e-01
3.987864e+00,9.400000e-01,9.732305e+00,6.960302e+00,1.052387e+00,-5.296240e-01
3.082523e+00,2.251622e+00,1.298536e+01,7.835126e+00,8.836055e-01,-6.621089e-01
3.093077e+00,4.413210e+00,1.425859e+01,8.212044e+00,9.122358e-01,-5.216043e-01
2.861800e+00,1.016336e+01,1.091618e+01,7.867940e+00,1.152288e+00,-4.105224e-01
-8.384879e+00,3.751467e+00,5.823360e+00,6.587312e+00,1.102623e+00,-5.824174e-01
-6.050093e+00,-7.641523e+00,6.664956e+00,3.182110e+00,3.749110e+00,-3.208107e-02
3.588865e+00,-1.101725e+01,-9.724504e-01,-4.711473e-02,3.706532e+00,6.559074e-01
4.806734e+00,1.444568e+01,3.236182e+00,-3.336180e+00,1.754367e+00,-1.698835e-01
1.559077e+01,3.454367e+01,4.948597e-01,-1.823390e+00,1.990625e+00,1.089727e+00
5.329351e+00,-7.994457e+00,7.007126e+00,-3.211553e+00,2.512236e-01,-7.909806e-01
-2.849649e+00,-1.195924e+00,1.310983e+01,-4.189551e+00,-5.472481e-01,-7.993255e-02
-1.454631e+00,2.052673e+01,1.112991e+01,-3.050670e+00,-1.754969e-01,-4.090868e-01
5.319938e-02,1.188990e+01,9.477002e+00,-1.857607e+00,-5.161594e-01,-1.271205e-01
-6.289919e+00,6.286408e+00,7.428667e+00,-1.562780e+00,1.124196e+00,6.094001e-01
1.271987e+00,1.067595e+01,5.992579e+00,-1.249613e+00,1.899711e+00,8.131627e-01
7.573096e+00,1.105325e+01,4.403250e+00,-1.097853e+00,8.865710e-01,2.843642e-01
6.323927e+00,8.477848e+00,3.254051e+00,-1.043389e+00,2.028425e-02,1.486224e-01
1.754646e+00,1.032000e+01,3.310000e+00,-1.017542e+00,-9.150544e-01,-1.470409e-01
-8.385134e-01,1.005574e+01,3.272970e+00,-9.273502e-01,-9.646028e-01,-2.327534e-01
-4.273206e+00,9.004312e+00,2.515330e+00,-8.354129e-01,-4.180592e-01,-7.475137e-02
-5.891109e+00,6.181511e+00,1.523174e+00,-8.969708e-01,1.385102e-01,-7.196772e-02
-3.097080e+00,6.399723e+00,2.081733e+00,-1.219591e+00,1.008880e+00,1.676053e-01
3.673460e+00,6.848692e+00,2.379738e+00,-1.411340e+00,1.054430e+00,1.544603e-01
4.419914e+00,8.961051e+00,3.054404e+00,-1.685484e+00,2.387061e-01,8.174388e-02
1.755563e+00,9.118723e+00,3.605338e+00,-1.797624e+00,5.650216e-02,8.996793e-02
5.309542e+00,8.612998e+00,2.271259e+00,-2.119641e+00,8.199810e-02,2.786660e-01
4.928841e+00,1.084675e+01,1.335330e-01,-2.537378e+00,-7.512276e-01,2.451488e-01
3.261184e+00,1.287021e+01,6.569210e-01,-3.032862e+00,-1.760609e+00,1.078361e-01
8.077049e+00,1.511906e+01,-2.569575e+00,-3.363499e+00,-2.125615e+00,1.792799e-01
3.114593e+00,1.518249e+01,-1.262105e+00,-4.110457e+00,-3.911514e+00,-1.043866e-03
-4.384783e+00,1.451133e+01,8.021529e+00,-4.389640e+00,-4.547483e+00,1.890438e-02
-1.142947e+01,2.728536e+01,1.671959e+01,-3.775597e+00,-2.791721e+00,-1.434981e-01
-1.176165e+01,1.124048e+01,1.695452e+01,-1.805536e+00,-1.096606e+00,3.725784e-01
-7.427280e-01,4.881788e+00,1.285722e+01,-1.065009e+00,2.275004e+00,1.045583e+00
4.126601e+00,1.160922e+01,1.082549e+01,3.608407e-01,2.224762e+00,7.645598e-01
2.987503e+00,5.934614e+00,1.127956e+01,2.299110e+00,1.863158e+00,5.603158e-01
2.481585e+00,3.694871e+00,1.009160e+01,3.401800e+00,1.626014e+00,4.991615e-01
2.227580e+00,1.646054e+00,1.047631e+01,4.930047e+00,1.583244e+00,2.658407e-01
2.011055e+00,8.120751e-01,1.073623e+01,5.784202e+00,1.641265e+00,2.211331e-01
2.628941e+00,1.492120e+00,1.207954e+01,6.722354e+00,1.612563e+00,1.846702e-01
3.279436e+00,1.715317e+00,1.394169e+01,7.573735e+00,1.436979e+00,1.117741e-01
4.913372e+00,3.921873e+00,1.313260e+01,8.377739e+00,1.402322e+00,-6.733852e-02
4.780516e+00,6.610911e+00,1.179532e+01,8.076171e+00,1.304074e+00,-2.026047e-01
-3.858559e+00,5.377819e+00,7.112239e+00,6.425674e+00,1.086410e+00,-5.511328e-01
-1.248100e+01,-8.875879e-01,8.419337e+00,4.583228e+00,1.833847e+00,-1.654299e-01
-2.131242e+00,-1.094909e+01,2.847532e-01,3.107379e-01,3.557648e+00,5.977769e-01
5.753516e+00,-5.117255e+00,4.403730e+00,-2.484547e+00,2.589372e+00,1.910376e-01
3.356484e+01,3.676085e+01,-1.879585e+00,-2.254132e+00,1.988401e+00,1.201458e+00
3.687616e+00,4.781607e+00,8.628903e+00,-2.613755e+00,-1.337176e+00,-1.715675e+00
-5.241212e+00,-2.230957e+00,1.228020e+01,-3.572848e+00,-1.263519e+00,-4.146991e-01
-1.301812e+01,1.324841e+01,1.717563e+01,-3.142236e+00,-1.364919e-01,-2.609650e-01
-1.613483e+00,1.018076e+01,7.988686e+00,-1.234604e+00,1.269933e+00,3.987240e-01
-5.351717e-01,5.154485e+00,5.312747e+00,-1.071450e+00,2.082503e+00,6.910640e-01
5.818955e+00,1.025208e+01,3.257480e+00,-1.134429e+00,2.814607e+00,8.692050e-01
1.160959e+01,1.152879e+01,2.746316e+00,-1.155248e+00,1.405273e+00,2.813898e-01
2.532329e+00,8.833485e+00,3.696937e+00,-1.181637e+00,-4.710275e-01,-1.820544e-01
-4.045514e+00,8.726507e+00,4.673493e+00,-1.092653e+00,-5.782694e-01,-2.124914e-01
1.416537e+00,9.390885e+00,3.507978e+00,-1.039300e+00,6.783097e-01,1.337494e-01
5.283688e+00,1.043649e+01,2.702599e+00,-1.107591e+00,6.888580e-01,9.578768e-02
2.358063e+00,8.668551e+00,2.482553e+00,-1.253290e+00,-3.856073e-01,-1.427632e-01
-2.248772e+00,8.272619e+00,4.465507e+00,-1.301686e+00,-7.647573e-01,-2.922601e-01
-9.894879e-01,8.648036e+00,6.469292e+00,-1.199996e+00,1.024668e-02,5.538561e-02
3.890672e+00,9.860751e+00,4.446378e+00,-1.180643e+00,2.470892e-01,2.651605e-01
1.857270e+00,9.106743e+00,3.422343e-01,-1.326537e+00,-9.669979e-03,3.685094e-01
2.480304e+00,9.662022e+00,-1.543801e+00,-1.672336e+00,-2.334201e-01,3.856905e-01
4.319048e+00,1.040397e+01,-2.585959e+00,-2.479116e+00,-1.162577e+00,2.101431e-01
2.613114e+00,9.822870e+00,-9.763967e-01,-2.984705e+00,-1.656104e+00,2.444519e-01
3.569241e+00,1.414078e+01,-1.820497e+00,-3.425877e+00,-1.809277e+00,4.179830e-01
1.128675e+00,1.507178e+01,-1.864630e+00,-3.750300e+00,-2.451283e+00,3.794988e-01
-4.734147e+00,1.659909e+01,9.314575e+00,-4.161442e+00,-3.363561e+00,2.612027e-01
-8.682884e+00,2.460227e+01,1.361767e+01,-3.554339e+00,-2.149529e+00,1.617148e-01
-8.109695e+00,6.401870e+00,1.799330e+01,-1.318962e+00,3.536847e-01,7.022888e-01
2.323514e+00,9.161945e+00,1.117536e+01,-1.417627e+00,2.113578e+00,9.445198e-01
4.723099e+00,1.162159e+01,1.166422e+01,4.480435e-01,2.181481e+00,7.848605e-01
4.663151e+00,6.718175e+00,1.026813e+01,1.940947e+00,1.919596e+00,5.056257e-01
3.962323e+00,2.750774e+00,8.637190e+00,3.298436e+00,1.592256e+00,2.370224e-02
3.342593e+00,2.852327e+00,9.226057e+00,4.073221e+00,1.573176e+00,-2.344849e-01
2.777142e+00,3.222570e+00,9.933771e+00,5.251478e+00,1.545147e+00,-3.556635e-01
2.601667e+00,2.567222e+00,1.044222e+01,6.097259e+00,1.479870e+00,-4.039367e-01
3.292171e+00,2.411828e+00,1.272721e+01,7.352122e+00,1.389658e+00,-3.456301e-01
5.212673e+00,3.802460e+00,1.478432e+01,7.983834e+00,1.211845e+00,-2.113082e-01
5.724614e+00,7.037682e+00,1.320138e+01,8.123039e+00,6.953831e-01,-2.108516e-01
-3.938061e-01,5.681138e+00,9.927578e+00,7.465676e+00,2.700032e-01,-6.559956e-01
-1.307903e+01,-3.040334e+00,6.284544e+00,4.294149e+00,1.966457e+00,-4.434417e-01
-4.416918e+00,-8.981005e+00,9.026858e+00,1.664474e+00,3.766827e+00,3.566686e-01
7.547106e+00,-3.796860e+00,5.191092e+00,-2.120180e+00,3.680111e+00,8.355961e-01
1.598376e+01,3.123989e+01,-1.299205e+00,-3.447343e+00,2.233060e+00,2.493962e-01
5.506423e+00,4.477240e-01,3.521308e+00,-1.360762e+00,-1.456668e+00,-1.777171e+00
-9.294369e+00,-7.703368e+00,1.064008e+01,-2.872660e+00,-1.604239e+00,-1.037051e+00
-9.437496e+00,1.156055e+01,1.271788e+01,-2.763439e+00,4.495373e-01,3.784764e-01
-4.582559e+00,1.955256e+01,1.148754e+01,-2.222708e+00,1.004657e+00,-6.529094e-01
3.801436e+00,5.509600e+00,4.370152e+00,-9.287632e-01,1.371353e+00,3.482962e-01
2.413706e+00,7.572419e+00,2.675131e+00,-1.229315e+00,1.315275e+00,2.649226e-01
4.325037e+00,1.111665e+01,2.729207e+00,-1.144983e+00,1.061334e+00,6.602363e-02
3.661797e+00,9.430816e+00,2.251311e+00,-1.263194e+00,2.151937e-01,-1.647160e-01
-1.444556e+00,7.763241e+00,3.124434e+00,-1.352422e+00,-4.719079e-01,-3.037921e-01
4.649224e-01,9.476505e+00,3.260569e+00,-1.440758e+00,-1.815905e-01,-2.245606e-01
2.759919e+00,8.991968e+00,2.172657e+00,-1.524259e+00,-4.734211e-01,-3.164494e-01
1.876401e+00,8.202130e+00,1.898850e+00,-1.640836e+00,-9.789693e-01,-4.149204e-01
-2.297918e+00,8.304383e+00,4.009879e+00,-1.779675e+00,-1.161315e+00,-4.461844e-01
-1.966925e+00,8.729575e+00,5.205147e+00,-1.738104e+00,-6.960402e-01,-2.892340e-01
8.102855e-01,1.062198e+01,5.495092e+00,-1.591065e+00,-3.262026e-01,-7.808145e-02
1.581294e+00,8.242565e+00,1.612225e+00,-1.605438e+00,-2.935536e-01,5.958466e-02
2.553702e+00,8.366522e+00,-6.279771e-01,-2.123842e+00,-5.115961e-01,1.423787e-01
3.622542e+00,9.551082e+00,-6.366621e-01,-2.568999e+00,-8.627047e-01,8.821450e-02
2.491833e+00,1.015633e+01,8.179615e-01,-3.246568e+00,-1.352898e+00,1.636870e-01
3.954154e+00,1.153020e+01,-6.163498e-01,-3.721164e+00,-1.597139e+00,3.121036e-01
4.095428e+00,1.856046e+01,-2.386920e+00,-4.264899e+00,-2.277802e+00,2.873687e-01
-2.747792e+00,1.719814e+01,9.749118e+00,-4.647266e+00,-3.447643e+00,-2.711840e-02
-6.362047e+00,2.655847e+01,1.725271e+01,-3.997317e+00,-2.447930e+00,3.501899e-02
-9.715551e+00,2.175619e+01,1.752033e+01,-1.821546e+00,-1.158303e+00,3.662371e-03
3.359487e+00,4.634443e+00,1.159291e+01,-1.099770e+00,1.158292e+00,4.255782e-01
5.673378e+00,1.079578e+01,9.531265e+00,-3.046012e-01,1.358954e+00,3.563727e-01
1.779366e+00,5.593624e+00,1.200243e+01,2.272956e+00,1.128463e+00,-2.980352e-01
2.292443e+00,2.169232e+00,8.199412e+00,3.350177e+00,1.419925e+00,-1.921311e-01
2.456380e+00,6.690886e-01,9.040911e+00,4.522736e+00,1.834833e+00,-5.225416e-01
2.501096e+00,8.868484e-01,8.643563e+00,5.244032e+00,1.986744e+00,-5.221060e-01
3.020375e+00,2.433548e+00,9.595434e+00,6.250605e+00,1.835916e+00,-4.900512e-01
3.865609e+00,1.786634e+00,1.137687e+01,7.025504e+00,1.547352e+00,-5.689509e-01
5.896662e+00,2.254996e+00,1.358661e+01,7.887113e+00,7.068959e-01,-5.460858e-01
8.569319e+00,3.220754e+00,1.261083e+01,7.906998e+00,-9.698815e-02,-6.671841e-01
-1.019196e-01,3.811776e+00,9.082640e+00,6.370811e+00,-1.671629e+00,-1.254212e+00
-7.796699e+00,-5.387125e-01,7.381144e+00,4.573171e+00,-1.722444e+00,-1.389866e+00
-1.113615e+01,-1.107346e+01,5.084432e+00,6.303916e-02,8.961491e-01,-3.353839e-01
-5.225117e+00,-2.710692e+00,4.614272e+00,-2.624369e+00,2.346960e+00,7.851389e-01
3.992318e+00,3.054827e+01,9.304767e+00,-2.762753e+00,3.303093e+00,1.963497e+00
-1.904816e+00,-3.330451e+00,1.475198e+01,-2.317965e+00,2.805642e+00,-7.890729e-02
1.221785e+01,-3.823028e+00,1.079111e+01,-2.384950e+00,3.007703e+00,9.970979e-01
1.646376e+01,1.623505e+01,1.144515e+01,-2.349187e+00,1.247151e+00,4.063629e-01
-1.161162e+00,1.099261e+01,5.195827e+00,-1.294579e+00,-1.788699e+00,-1.105938e+00
-1.019361e+01,4.060991e+00,6.115326e+00,-1.124248e+00,-1.391663e+00,-6.392889e-01
-7.022707e+00,1.168872e+01,5.329485e+00,-9.280590e-01,7.530025e-01,1.369433e-01
8.347171e-02,1.146321e+01,4.251411e+00,-6.563435e-01,1.132985e+00,2.606712e-01
3.814735e+00,8.062748e+00,1.004998e+00,-6.468052e-01,1.122557e+00,2.928596e-01
5.325001e+00,8.813357e+00,1.468337e+00,-7.866762e-01,6.910530e-01,1.484329e-01
2.294369e+00,9.383735e+00,1.713367e+00,-1.007567e+00,-7.023170e-01,-3.652113e-01
-1.569788e+00,8.472203e+00,1.859600e+00,-1.151321e+00,-1.112282e+00,-4.926607e-01
-3.197204e+00,8.925102e+00,3.103874e+00,-1.315895e+00,-8.705042e-01,-3.649290e-01
-9.362075e-01,9.388349e+00,4.919253e+00,-1.329689e+00,-4.090636e-01,-2.515995e-01
4.001545e+00,9.189733e+00,5.987682e+00,-1.278444e+00,-3.515457e-01,-1.697764e-01
4.079234e+00,9.862750e+00,5.207272e+00,-1.315202e+00,-8.209458e-01,-2.222222e-01
-1.339267e+00,9.206778e+00,8.696363e-01,-1.432314e+00,-1.099443e+00,-1.375071e-01
7.109989e-01,8.229113e+00,-2.623383e+00,-1.751832e+00,-8.453055e-01,5.629864e-02
3.324476e+00,1.024007e+01,-2.841134e+00,-2.681380e+00,-1.273250e+00,6.180965e-02
7.464635e-01,1.030838e+01,1.303762e+00,-3.144849e+00,-1.771276e+00,5.170944e-02
2.015282e+00,1.196224e+01,1.855467e+00,-3.561409e+00,-1.704894e+00,4.455208e-01
5.778025e+00,1.523181e+01,-4.758922e+00,-3.984455e+00,-1.925349e+00,5.820876e-01
8.391872e-01,1.395867e+01,6.432728e+00,-4.334154e+00,-3.706719e+00,2.706278e-02
-7.795909e+00,2.101613e+01,1.464774e+01,-4.523276e+00,-3.229002e+00,-5.946971e-01
-8.025362e+00,2.439595e+01,1.722179e+01,-2.309123e+00,-7.994759e-01,-5.376381e-01
5.140234e-03,2.028532e+00,1.824359e+01,-1.522095e+00,1.095554e+00,-1.730420e-01
8.367090e+00,1.311572e+01,1.099648e+01,-9.817764e-01,1.500024e+00,-5.241555e-01
6.458495e+00,8.759320e+00,1.188543e+01,5.958695e-01,9.923542e-01,-1.024936e+00
4.525214e+00,2.851796e+00,8.270429e+00,2.412204e+00,7.839593e-01,-1.381238e+00
3.640666e+00,2.200034e+00,7.560034e+00,3.177967e+00,1.053411e+00,-1.660199e+00
3.706467e+00,2.760678e+00,7.146447e+00,4.172268e+00,1.536438e+00,-1.623528e+00
4.234792e+00,3.194984e+00,7.655974e+00,4.850332e+00,1.686386e+00,-1.497644e+00
5.251007e+00,1.027699e+00,9.546760e+00,6.106846e+00,1.390178e+00,-1.064692e+00
5.606331e+00,1.111592e+00,1.054687e+01,6.639019e+00,9.865364e-01,-7.571495e-01
7.247662e+00,2.144935e+00,1.161805e+01,7.280418e+00,1.770690e-01,-4.211416e-01
6.607788e+00,9.865189e-01,1.148204e+01,7.436142e+00,-5.058680e-01,-5.990701e-01
-1.280142e+00,2.764080e+00,9.695828e+00,5.721385e+00,-1.610310e+00,-8.803326e-01
-1.018515e+01,1.247008e+00,8.934417e+00,3.715678e+00,-4.388339e-01,-6.952529e-01
-6.220400e+00,-1.269314e+01,6.340943e+00,1.792048e-01,1.779432e+00,4.136117e-01
4.941020e-01,-2.747483e+00,8.846617e+00,-2.547472e+00,2.648343e+00,9.251713e-01
2.090364e+01,3.941000e+01,-7.983546e+00,-1.536519e+00,1.849422e+00,8.501315e-01
-7.864076e+00,-6.820731e-01,7.653770e+00,-9.704119e-01,-1.235061e-01,-1.640709e+00
1.055391e+01,-1.653343e-01,8.916031e+00,-2.983970e+00,1.721494e+00,7.480968e-01
6.595595e+00,1.651314e+01,8.416461e+00,-2.921422e+00,1.050078e+00,3.489224e-01
-5.218926e+00,1.421142e+01,9.706959e+00,-1.639919e+00,-1.206774e+00,-6.072348e-01
-5.335493e+00,6.410958e+00,7.887494e+00,-1.353234e+00,-6.279787e-01,-2.476728e-01
-3.782752e+00,8.989238e+00,6.433538e+00,-1.187903e+00,9.742900e-02,4.373234e-02
1.133153e+00,1.279099e+01,6.186699e+00,-1.174887e+00,7.849426e-01,2.021194e-01
7.894031e+00,7.964968e+00,1.538111e+00,-8.973231e-01,9.096147e-02,2.390859e-02
9.523907e-01,8.341751e+00,5.870827e+00,-1.033184e+00,-1.116761e+00,-3.940164e-01
-2.198253e+00,9.511179e+00,3.920493e+00,-1.053948e+00,-1.322940e+00,-2.466994e-01
-1.568868e+00,9.273628e+00,3.027580e+00,-1.080201e+00,-1.033515e+00,-3.533126e-01
7.893388e-01,8.680484e+00,2.516387e+00,-1.221420e+00,-1.078035e+00,-2.895018e-01
1.837027e+00,8.882239e+00,2.944788e+00,-1.352255e+00,-1.341743e+00,-3.679764e-01
1.270799e+00,8.419978e+00,3.416230e+00,-1.459055e+00,-1.743627e+00,-4.665044e-01
-2.532486e+00,7.900000e+00,4.093715e+00,-1.451122e+00,-1.977376e+00,-4.662589e-01
-3.090018e+00,8.020583e+00,1.872756e+00,-1.686572e+00,-1.288052e+00,-1.366517e-01
1.675909e-01,9.475078e+00,3.751790e-01,-2.025061e+00,-9.529352e-01,-1.635186e-03
1.983646e+00,9.737589e+00,1.907350e+00,-2.455406e+00,-1.257374e+00,-8.761531e-03
2.712478e+00,1.047405e+01,1.969317e+00,-2.749960e+00,-1.358207e+00,1.014109e-01
6.888388e+00,1.191398e+01,-2.143901e+00,-3.262189e+00,-1.712347e+00,2.076694e-01
4.786438e+00,1.505781e+01,-2.027236e+00,-3.701019e+00,-2.636723e+00,1.039571e-01
-4.345939e+00,1.673933e+01,8.718572e+00,-4.476764e+00,-3.702619e+00,-9.855611e-02
-1.058799e+01,2.646109e+01,1.705657e+01,-4.667609e+00,-3.373300e+00,-6.254323e-02
-1.017569e+01,1.782942e+01,1.746013e+01,-2.131166e+00,-7.039123e-01,4.455835e-01
1.630535e+00,1.653668e+00,1.814494e+01,-1.458247e+00,1.283909e+00,6.960123e-01
9.161923e+00,1.166080e+01,1.053097e+01,-5.759631e-01,1.780150e+00,3.821143e-01
6.846860e+00,8.946708e+00,1.181451e+01,1.066839e+00,9.598060e-01,-2.762675e-01
2.348846e+00,2.482788e+00,8.845577e+00,2.846117e+00,7.492931e-01,-6.359150e-01
1.911070e+00,1.724611e+00,8.240020e+00,3.543195e+00,1.000333e+00,-8.155963e-01
1.868286e+00,1.525874e+00,8.674284e+00,4.903828e+00,1.464205e+00,-8.353451e-01
2.940957e+00,2.460319e+00,7.881891e+00,5.692458e+00,1.611193e+00,-7.517243e-01
4.873199e+00,4.949800e-03,9.885161e+00,6.719894e+00,1.391991e+00,-8.091176e-01
5.562485e+00,7.260869e-01,1.180359e+01,7.234421e+00,9.672964e-01,-7.998984e-01
6.624234e+00,4.139637e+00,1.381622e+01,8.016538e+00,-1.329018e-01,-6.441522e-01
5.299071e+00,3.077960e+00,1.185731e+01,7.942379e+00,-6.779278e-01,-9.649392e-01
-7.744662e+00,4.867493e+00,8.472661e+00,6.075440e+00,-1.027397e+00,-1.140167e+00
-1.326310e+01,-4.763135e+00,6.533767e+00,4.050445e+00,4.310300e-01,-6.485360e-01
-7.296170e-01,-1.148253e+01,6.901757e+00,-4.199279e-01,3.335090e+00,7.112515e-01
7.258316e+00,-1.478122e+00,7.097399e+00,-3.127929e+00,3.223383e+00,9.074732e-01
1.526065e+01,3.717624e+01,4.194890e+00,-2.362803e+00,8.321405e-01,6.400219e-01
-7.620935e+00,-1.201684e+01,8.550600e+00,-2.240940e+00,-1.355761e+00,-1.967296e+00
7.445860e+00,-7.568252e+00,9.793848e+00,-3.486915e+00,4.463336e-01,7.621888e-01
-7.379431e-01,1.373425e+01,1.267522e+01,-2.926776e+00,-1.848883e-01,-3.062728e-01
-7.100078e+00,1.466607e+01,1.082761e+01,-1.436462e+00,-5.894162e-01,-2.851209e-01
-4.044610e+00,5.668274e+00,5.908119e+00,-1.004509e+00,1.148110e-01,7.387189e-02
7.959927e-01,9.361776e+00,6.249208e+00,-9.702912e-01,1.093766e+00,3.871207e-01
6.898271e+00,1.364052e+01,5.008945e+00,-9.528746e-01,1.115327e+00,3.029155e-01
4.428334e+00,8.281126e+00,3.089101e+00,-6.824157e-01,-6.058035e-01,-1.069990e-01
7.977496e-01,8.822598e+00,3.237703e+00,-8.114531e-01,-1.096490e+00,-1.879581e-01
-1.404926e+00,9.695059e+00,1.876508e+00,-8.638622e-01,-1.136258e+00,-2.277913e-01
-1.354218e+00,8.602973e+00,8.496823e-01,-9.682148e-01,-1.022693e+00,-2.124415e-01
-2.267861e+00,7.783737e+00,8.251584e-01,-1.308122e+00,-9.637414e-01,-2.010946e-01
-4.164277e+00,8.291125e+00,2.326522e+00,-1.439858e+00,-7.700027e-01,-2.061886e-01
8.595258e-01,6.938934e+00,4.080575e+00,-1.522529e+00,-2.119881e-01,-8.245144e-02
4.528216e+00,7.796073e+00,4.590000e+00,-1.592067e+00,-1.488071e-01,-5.223859e-02
2.802787e+00,7.866883e+00,3.072929e+00,-1.759997e+00,-8.832214e-01,-9.646422e-02
8.200674e-01,7.944157e+00,2.502998e+00,-1.999744e+00,-1.097899e+00,-2.836138e-02
1.613943e+00,1.160014e+01,1.266525e+00,-2.441233e+00,-1.105106e+00,5.351387e-02
2.678452e+00,1.204579e+01,1.687899e+00,-2.796512e+00,-1.299881e+00,5.269103e-02
8.554316e+00,1.216688e+01,-2.063567e+00,-3.258642e+00,-1.510247e+00,5.506177e-02
8.619036e+00,1.425112e+01,-3.579036e+00,-3.800569e+00,-2.253102e+00,-2.965459e-02
-1.288648e+00,1.384061e+01,4.889922e+00,-4.442268e+00,-4.083483e+00,-4.354180e-01
-7.573655e+00,2.131682e+01,1.381990e+01,-4.945034e+00,-4.393739e+00,-3.986641e-01
-1.305368e+01,1.965133e+01,1.788218e+01,-3.183378e+00,-2.118494e+00,4.529339e-01
-5.728461e+00,2.300379e+00,2.119383e+01,-1.322480e+00,7.550604e-01,1.116427e+00
7.506990e+00,1.109615e+01,9.992739e+00,-1.163231e+00,2.528112e+00,1.196526e+00
5.357097e+00,9.944753e+00,1.160938e+01,5.831667e-01,1.910660e+00,6.570476e-01
2.610473e+00,3.390724e+00,9.674757e+00,2.419297e+00,1.748626e+00,1.970506e-01
3.266568e+00,2.602261e+00,8.595031e+00,3.166391e+00,1.771240e+00,1.619837e-02
2.494612e+00,2.189224e+00,9.401510e+00,4.701754e+00,1.619417e+00,-3.500143e-01
3.049760e+00,1.408547e+00,8.702539e+00,5.577542e+00,1.485494e+00,-2.781844e-01
4.593210e+00,3.734328e-02,8.846088e+00,6.502131e+00,1.031318e+00,-4.270256e-01
4.870410e+00,-2.191794e-01,1.037774e+01,7.050297e+00,5.144372e-01,-5.392640e-01
4.747608e+00,1.323062e+00,1.416641e+01,7.852825e+00,-3.381635e-01,-8.838565e-01
2.699778e+00,1.892065e+00,1.272467e+01,8.020910e+00,-5.275604e-01,-1.100839e+00
-4.801625e+00,2.649883e+00,1.117477e+01,6.543384e+00,-2.517595e-01,-1.039406e+00
-7.557414e+00,8.632993e-01,8.492732e+00,4.562135e+00,1.194773e+00,-5.217846e-01
-1.145989e+00,-1.109184e+01,4.104088e+00,1.396376e+00,2.455592e+00,2.624612e-01
2.785447e+00,-1.015569e+01,9.362439e+00,-1.500171e+00,2.467290e+00,3.527913e-01
1.336906e+01,3.560584e+01,-8.968067e+00,-3.158033e+00,1.711182e+00,7.628052e-01
1.622511e+01,2.596207e+01,-4.112634e-01,-1.334570e+00,1.144172e+00,1.423672e+00
-5.945157e+00,-1.374855e+01,1.230135e+01,-2.942977e+00,-4.011861e-01,-1.506804e+00
8.836935e+00,6.293462e+00,8.479510e+00,-3.430209e+00,1.130126e+00,4.941285e-01
6.824372e-01,1.748298e+01,9.897803e+00,-1.694867e+00,-2.265822e+00,-1.132454e+00
-1.875364e+01,1.824093e+01,1.335368e+01,-1.604730e+00,-3.182950e+00,-1.303779e+00
-1.433417e+01,3.753220e+00,5.094127e+00,-7.255859e-01,3.854805e-01,5.688300e-01
-1.571103e+00,1.105886e+01,6.960718e+00,-7.897268e-01,2.974791e+00,9.530455e-01
8.809205e+00,1.284934e+01,4.847526e+00,-5.832209e-01,3.416594e+00,1.176615e+00
1.123929e+01,6.548422e+00,2.972054e+00,-5.276213e-01,1.710257e+00,4.745203e-01
5.872266e+00,8.493125e+00,2.839928e+00,-8.617275e-01,-4.024745e-01,-1.362937e-01
2.097549e+00,9.481078e+00,2.376011e+00,-1.030652e+00,-1.346577e+00,-4.678279e-01
-2.848896e+00,8.638664e+00,1.835778e+00,-1.309219e+00,-1.523040e+00,-5.405822e-01
-3.803557e+00,7.555768e+00,3.055641e+00,-1.406072e+00,-1.078325e+00,-3.555993e-01
7.979459e-01,8.495259e+00,5.222560e+00,-1.463607e+00,-3.577253e-01,-1.295857e-01
4.132743e+00,7.527127e+00,4.666234e+00,-1.431970e+00,-4.223143e-01,-1.239220e-01
2.217732e+00,7.417716e+00,4.272587e-01,-1.657404e+00,-1.114175e+00,-1.068311e-01
4.741746e-01,7.614522e+00,-3.037625e-01,-1.917321e+00,-1.293135e+00,-8.557355e-02
7.824016e-01,1.112501e+01,-5.461250e-01,-2.519286e+00,-1.484674e+00,-7.552424e-02
7.652488e-01,1.025197e+01,8.340155e-01,-2.964898e+00,-1.651592e+00,1.762108e-02
5.984656e+00,1.041205e+01,-8.107727e-01,-3.439618e+00,-1.473820e+00,2.960162e-01
5.506001e+00,1.587923e+01,-2.203968e+00,-3.929669e+00,-2.155263e+00,3.214270e-01
-3.798653e+00,1.728011e+01,8.490314e+00,-4.677704e+00,-3.342304e+00,-3.070965e-02
-4.822602e+00,2.357245e+01,1.566576e+01,-4.819257e+00,-3.075407e+00,6.142165e-02
-7.281283e+00,1.805952e+01,1.818165e+01,-2.474974e+00,-1.220255e+00,2.925119e-01
-1.103917e+00,5.946985e+00,1.883769e+01,-1.407073e+00,5.981389e-01,5.696764e-01
7.257237e+00,9.853526e+00,1.057300e+01,-1.098229e+00,1.046241e+00,4.005739e-01
2.375640e+00,6.543215e+00,1.261165e+01,2.057265e-01,4.733986e-01,-5.269802e-02
1.298179e+00,4.122245e+00,8.503884e+00,2.459902e+00,9.165475e-01,-5.240603e-01
2.078347e+00,2.505706e+00,7.675040e+00,3.655574e+00,1.466320e+00,-8.326463e-01
2.550205e+00,1.450872e+00,9.067589e+00,4.990673e+00,1.875988e+00,-1.141356e+00
3.550374e+00,1.300000e+00,8.599045e+00,5.618801e+00,1.890464e+00,-1.135252e+00
4.970969e+00,1.310783e+00,9.666516e+00,6.843250e+00,1.502714e+00,-1.160661e+00
5.616530e+00,8.649393e-01,1.114147e+01,7.441969e+00,1.016125e+00,-1.227469e+00
5.781177e+00,4.482524e+00,1.322984e+01,8.007733e+00,1.417386e-01,-1.217673e+00
4.623104e+00,5.804219e+00,1.113465e+01,8.110335e+00,-3.850666e-01,-1.212069e+00
-7.235463e+00,5.459704e+00,8.866785e+00,6.638304e+00,-6.956457e-01,-9.179743e-01
-1.381800e+01,3.617437e-01,6.090264e+00,4.988006e+00,1.192210e+00,-2.085185e-01
-2.517859e+00,-1.040210e+01,4.944891e+00,1.748234e+00,4.508363e+00,6.468269e-01
6.410193e+00,-5.912129e+00,6.367852e+00,-7.434883e-01,5.234325e+00,1.282094e+00
1.065144e+01,1.500482e+01,1.007157e+01,-4.375355e+00,2.854317e+00,4.635412e-01
3.060658e+01,3.912797e+01,-8.527614e+00,-1.804208e+00,1.882005e+00,1.670124e+00
-9.145977e+00,-1.074341e+01,6.325024e+00,-9.038996e-01,-3.466102e+00,-2.706525e+00
-5.253212e+00,-1.277026e+00,1.024051e+01,-2.706265e+00,-2.133003e+00,-1.236501e+00
-5.571749e+00,1.960726e+01,1.315255e+01,-3.261392e+00,1.434084e-01,2.982190e-01
-7.097645e+00,1.757658e+01,9.253230e+00,-1.898505e+00,3.667847e-02,-7.566470e-01
-4.400370e+00,7.129425e+00,4.360359e+00,-1.147921e+00,3.332889e-01,2.239280e-01
-3.548512e+00,9.757876e+00,3.779214e+00,-1.083278e+00,1.269713e+00,3.463872e-01
2.973108e+00,1.009694e+01,4.150264e+00,-9.860731e-01,1.994389e+00,4.200691e-01
7.368916e+00,9.020715e+00,2.868648e+00,-1.024754e+00,1.422574e+00,2.527269e-01
3.150269e+00,8.518794e+00,3.979604e+00,-1.066245e+00,-3.260955e-01,-2.900960e-01
1.111608e+00,9.592001e+00,4.391414e+00,-1.101733e+00,-7.885770e-01,-3.626204e-01
3.707454e-01,9.515614e+00,2.530527e+00,-1.046758e+00,-8.517141e-01,-4.450745e-01
-1.027931e+00,7.818046e+00,1.550320e+00,-1.067148e+00,-9.074641e-01,-4.810648e-01
-3.009930e+00,8.214570e+00,2.307401e+00,-1.328026e+00,-8.310895e-01,-3.907287e-01
-2.901230e+00,8.417673e+00,4.086831e+00,-1.352222e+00,-3.968768e-01,-2.885402e-01
1.818440e+00,9.290000e+00,4.804805e+00,-1.372185e+00,2.378518e-02,-1.439548e-01
3.194749e+00,8.345122e+00,3.556980e+00,-1.354149e+00,-8.854096e-02,-1.944270e-01
2.754420e+00,7.546094e+00,1.337794e+00,-1.684026e+00,-7.261039e-01,-2.075039e-01
2.181136e+00,9.648467e+00,9.082288e-01,-2.029368e+00,-1.039897e+00,-2.359128e-01
-2.365267e+00,9.841153e+00,3.080191e+00,-2.489385e+00,-1.375443e+00,-2.498737e-01
-1.169319e+00,9.978220e+00,4.316527e+00,-2.738885e+00,-1.018780e+00,4.510741e-03
8.395386e+00,1.143319e+01,1.842067e+00,-2.997922e+00,-8.429920e-01,8.372297e-02
1.136835e+01,1.563292e+01,-3.249384e+00,-3.305399e+00,-1.543260e+00,3.493070e-02
1.467016e+00,1.274887e+01,9.078686e-02,-4.009943e+00,-3.958528e+00,-6.065077e-01
-4.750126e+00,1.561087e+01,9.178343e+00,-4.508601e+00,-4.765529e+00,-5.555556e-01
-1.228786e+01,2.654590e+01,1.830075e+01,-3.901640e+00,-3.155782e+00,-3.775452e-01
-1.073388e+01,1.171984e+01,1.784614e+01,-1.613871e+00,-7.229232e-01,4.285813e-01
5.734542e+00,5.601308e+00,1.098349e+01,-1.246147e+00,1.969647e+00,8.400094e-01
6.577394e+00,9.603290e+00,1.038932e+01,-3.891454e-01,2.010368e+00,7.946981e-01
3.676336e+00,5.627717e+00,9.928609e+00,1.410893e+00,1.735381e+00,2.563385e-01
4.294500e+00,2.481024e+00,7.970296e+00,2.501610e+00,1.726584e+00,7.632591e-02
4.363656e+00,1.595685e+00,8.240969e+00,3.958241e+00,1.571690e+00,-3.168232e-01
4.185435e+00,1.996125e+00,7.958619e+00,4.913228e+00,1.321536e+00,-2.992587e-01
3.817031e+00,4.657671e-01,8.698651e+00,6.067303e+00,8.562446e-01,-3.581852e-01
4.176263e+00,8.743001e-01,9.713376e+00,6.570402e+00,5.778184e-01,-3.298503e-01
4.885687e+00,1.188216e+00,1.341092e+01,7.691085e+00,-7.785647e-02,-3.792624e-01
4.512009e+00,1.142037e+00,1.335066e+01,8.049185e+00,-2.829110e-01,-5.096666e-01
-3.300968e+00,2.969151e+00,1.112197e+01,7.248726e+00,-7.006125e-01,-5.697273e-01
-1.223693e+01,4.820824e+00,1.156249e+01,5.635340e+00,4.062185e-02,-2.888112e-01
-5.871535e+00,-1.082825e+01,5.621768e+00,2.082386e+00,3.316224e+00,7.733440e-01
1.105545e+00,-1.040552e+01,5.887956e+00,-8.490426e-01,4.028938e+00,1.058658e+00
3.147998e+01,3.915861e+01,-8.573744e+00,-2.522006e+00,3.353836e+00,1.181286e+00
3.919209e+00,5.858473e+00,5.154107e+00,-8.811311e-01,6.340093e-01,-7.076910e-02
-5.688600e+00,-5.793705e+00,8.303038e+00,-2.519230e+00,-6.581897e-01,-8.672926e-01
-5.122911e+00,6.676414e+00,1.297507e+01,-2.748300e+00,2.495568e-01,1.249236e-01
-3.356790e+00,1.682101e+01,7.263549e+00,-1.862350e+00,1.122407e+00,-3.763373e-02
8.061495e-01,6.872575e+00,6.399109e+00,-1.135536e+00,1.695240e+00,3.002141e-01
5.161312e+00,8.955665e+00,4.213851e+00,-1.190794e+00,1.685122e+00,4.541102e-01
6.615744e+00,1.110868e+01,4.661903e+00,-9.971360e-01,8.629261e-01,5.996130e-02
2.173911e+00,9.029866e+00,3.653460e+00,-9.512171e-01,-6.130799e-01,-3.321526e-01
-7.438044e-01,8.612573e+00,3.817185e+00,-8.852717e-01,-1.064000e+00,-4.573193e-01
-5.052121e-01,9.567646e+00,2.606923e+00,-8.496981e-01,-7.054343e-01,-3.551027e-01
1.116619e-01,9.152382e+00,1.405140e+00,-9.001545e-01,-6.074493e-01,-3.035846e-01
-9.596521e-01,7.753340e+00,7.291756e-01,-1.122299e+00,-7.026338e-01,-3.194770e-01
-1.743773e+00,8.224123e+00,1.515484e+00,-1.326674e+00,-6.514711e-01,-2.646604e-01
-3.989502e-01,8.708430e+00,3.745717e+00,-1.525206e+00,-2.336223e-01,-1.114611e-01
7.092287e-01,9.299229e+00,4.667363e+00,-1.569801e+00,-1.293926e-01,-7.120988e-02
2.015260e+00,8.250496e+00,2.414193e+00,-1.631822e+00,-2.663641e-01,-1.791663e-02
2.186247e+00,7.051435e+00,1.918933e+00,-1.806814e+00,-4.580162e-01,-9.560298e-03
2.952684e+00,1.036316e+01,1.098676e+00,-2.418542e+00,-8.719603e-01,6.880401e-02
1.397149e+00,1.041550e+01,1.584556e+00,-2.736559e+00,-1.263604e+00,-2.371150e-02
3.387836e+00,1.041648e+01,2.763605e+00,-3.156359e+00,-1.442021e+00,8.644577e-02
6.850510e+00,1.381378e+01,-1.803570e-01,-3.476634e+00,-1.504105e+00,2.270805e-01
3.674224e+00,1.940507e+01,-6.344833e-01,-4.205677e+00,-3.298741e+00,1.744978e-01
-3.704701e+00,1.609654e+01,7.665718e+00,-4.299514e+00,-4.749010e+00,-4.579014e-02
-1.420914e+01,2.393513e+01,1.843052e+01,-3.960334e+00,-3.024933e+00,-8.911452e-02
-9.712842e+00,9.923015e+00,1.834012e+01,-2.421680e+00,-8.953740e-01,2.851347e-01
7.084294e+00,7.304929e+00,1.083919e+01,-1.280716e+00,2.575286e+00,1.011881e+00
8.258414e+00,1.103154e+01,9.097317e+00,-5.576754e-01,2.525244e+00,8.717852e-01
4.805352e+00,4.797176e+00,9.193574e+00,1.511787e+00,1.742766e+00,1.464535e-01
4.188538e+00,1.620110e+00,7.738090e+00,2.487831e+00,1.520883e+00,1.514674e-02
3.066488e+00,2.752507e+00,8.372199e+00,3.777545e+00,1.457145e+00,-4.513675e-01
2.189304e+00,2.684254e+00,8.838886e+00,4.726699e+00,1.495039e+00,-4.451535e-01
3.135415e+00,1.494276e+00,8.860587e+00,5.827483e+00,1.628292e+00,-3.791203e-01
4.121844e+00,1.124724e+00,9.758302e+00,6.574841e+00,1.465036e+00,-2.062546e-01
6.317010e+00,2.483284e+00,1.380832e+01,7.490956e+00,7.604269e-01,-5.809981e-03
5.420201e+00,3.289543e+00,1.263781e+01,7.870373e+00,2.569475e-01,5.071747e-02
-1.516528e+00,1.553113e+00,1.105017e+01,7.365738e+00,-3.041622e-01,-1.912384e-01
-1.276820e+01,5.705336e+00,1.084759e+01,5.760620e+00,3.698950e-01,1.534140e-01
-6.949762e+00,-8.156399e+00,5.931005e+00,3.439817e+00,3.572554e+00,1.021886e+00
1.186516e+00,-9.481727e+00,7.277574e+00,1.035419e+00,4.955615e+00,1.360874e+00
1.694073e+01,2.235319e+01,-9.064473e-01,-3.033365e+00,3.554036e+00,8.483458e-01
2.897051e+01,3.463384e+01,-3.947359e+00,-2.037825e+00,1.608092e+00,7.769447e-01
-6.281997e+00,-9.693790e+00,9.095347e+00,-1.949459e+00,-2.882637e+00,-2.762088e+00
-2.020565e+00,-1.337180e+00,1.197622e+01,-2.906806e+00,-1.682125e+00,-1.040507e+00
-6.071614e+00,1.598892e+01,1.197631e+01,-2.625208e+00,-3.734224e-01,-2.848260e-01
-5.475441e+00,1.758575e+01,8.886020e+00,-1.639591e+00,5.826087e-01,-2.483701e-01
1.236321e+00,6.395111e+00,2.683824e+00,-1.072294e+00,1.203439e+00,3.271911e-01
4.702029e+00,1.002434e+01,2.516024e+00,-1.097840e+00,1.113321e+00,2.285452e-01
2.542943e+00,1.069569e+01,3.894533e+00,-1.144418e+00,-1.902942e-01,-2.066222e-01
-5.156950e-01,8.283839e+00,4.085139e+00,-1.069190e+00,-5.349529e-01,-2.672236e-01
-4.175840e-01,9.444094e+00,3.808926e+00,-1.026767e+00,-2.862556e-01,-1.579778e-01
1.496223e+00,9.122090e+00,3.060637e+00,-1.000480e+00,-4.717763e-02,-1.086382e-01
2.459057e+00,8.594499e+00,2.033088e+00,-1.168641e+00,-4.323889e-01,-1.850719e-01
8.021636e-01,7.789897e+00,2.508867e+00,-1.277170e+00,-7.962478e-01,-2.950361e-01
-5.049558e-01,8.696407e+00,4.038248e+00,-1.448283e+00,-7.712904e-01,-1.910262e-01
4.189844e-01,9.172375e+00,4.869690e+00,-1.450413e+00,-5.650685e-01,-1.090336e-01
-3.461087e-01,9.688875e+00,4.223584e+00,-1.432675e+00,-3.410482e-01,7.058050e-02
-3.872087e-02,8.250684e+00,3.084155e+00,-1.452732e+00,-1.967304e-01,1.337155e-01
3.516166e+00,8.818975e+00,-1.457728e-01,-1.826655e+00,-2.153540e-01,2.951195e-01
4.505246e+00,9.999696e+00,-1.090304e+00,-2.247814e+00,-5.616384e-01,2.697700e-01
2.395957e+00,9.490862e+00,1.040457e+00,-3.019177e+00,-1.421378e+00,9.754502e-02
4.611104e+00,1.132234e+01,2.126267e-01,-3.441015e+00,-1.472029e+00,1.733817e-01
4.764283e+00,1.457295e+01,-1.057505e+00,-4.043120e+00,-2.215639e+00,6.444536e-02
4.446856e-01,1.393923e+01,3.073962e+00,-4.379341e+00,-3.048797e+00,-1.574783e-01
-1.152266e+01,2.604139e+01,1.970590e+01,-4.822965e+00,-3.934919e+00,-8.334670e-02
-1.407715e+01,2.724104e+01,2.038837e+01,-3.498721e+00,-2.131771e+00,5.036380e-01
-4.995529e-01,2.930790e+00,1.711751e+01,-1.274146e+00,1.743939e+00,1.566930e+00
8.561060e+00,8.464528e+00,1.134343e+01,-1.173414e+00,2.896013e+00,1.615943e+00
4.959350e+00,5.781687e+00,1.191591e+01,1.101445e+00,1.956858e+00,9.564055e-01
3.349773e+00,3.293206e+00,9.828187e+00,2.314458e+00,1.593535e+00,6.211586e-01
1.949164e+00,1.143569e+00,8.287047e+00,3.805869e+00,1.551330e+00,3.537884e-01
1.962152e+00,1.127775e+00,9.288126e+00,4.435646e+00,1.748231e+00,5.908253e-02
3.535771e+00,8.530113e-01,8.696575e+00,5.833284e+00,2.002183e+00,-5.570986e-02
4.614186e+00,4.977022e-01,9.318930e+00,6.501276e+00,1.746992e+00,-1.345830e-01
6.344805e+00,1.352631e+00,1.280091e+01,7.434490e+00,8.921380e-01,-2.393552e-01
6.660408e+00,2.211798e+00,1.407317e+01,8.042480e+00,-2.116034e-02,-4.525234e-01
3.813745e+00,1.963716e+00,1.280362e+01,8.185568e+00,-7.009697e-01,-8.627695e-01
-6.488118e+00,4.379742e+00,1.034704e+01,6.762385e+00,-8.022276e-01,-1.128493e+00
-1.376304e+01,-2.415474e+00,7.853686e+00,3.983527e+00,1.331050e+00,-5.112702e-01
-5.063132e+00,-9.252568e+00,4.375031e+00,7.965108e-01,3.427144e+00,5.805059e-01
1.442587e+01,2.170823e+01,-3.092616e+00,-2.617517e+00,3.716815e+00,1.030284e+00
2.939777e+01,3.923588e+01,-2.732158e+00,-3.243285e+00,2.848770e+00,1.189807e+00
-4.339583e-01,-4.298818e+00,9.579940e+00,-2.001994e+00,-1.333389e+00,-1.615955e+00
-4.119485e+00,-5.068335e+00,1.186766e+01,-2.331013e+00,-1.298591e+00,-8.341937e-01
-8.750310e+00,2.056232e+01,1.278772e+01,-2.524072e+00,-6.413254e-01,-2.714306e-01
-5.817430e+00,1.713194e+01,7.245669e+00,-1.752649e+00,9.318340e-01,-9.159590e-02
3.214041e-01,3.531518e+00,5.676958e+00,-9.615539e-01,2.861328e+00,7.506532e-01
4.746009e+00,9.500589e+00,5.050829e+00,-9.776511e-01,2.811530e+00,6.671248e-01
1.029859e+01,9.687508e+00,2.696931e+00,-8.972555e-01,6.367529e-01,-9.843004e-02
2.265097e+00,7.985872e+00,3.246506e+00,-9.857326e-01,-9.022025e-01,-5.243112e-01
-1.584344e+00,9.862627e+00,3.753838e+00,-1.049831e+00,-1.051917e+00,-5.653534e-01
-2.184619e+00,1.000933e+01,3.080844e+00,-9.943145e-01,-6.935850e-01,-5.255388e-01
-1.293457e+00,7.672896e+00,1.877195e+00,-1.097450e+00,-4.598921e-01,-4.125696e-01
-1.074932e+00,8.084797e+00,1.911644e+00,-1.282180e+00,-3.649051e-01,-3.631575e-01
-3.597664e-01,8.554798e+00,2.875011e+00,-1.493654e+00,-2.643203e-01,-3.530457e-01
2.302155e+00,8.276567e+00,4.064997e+00,-1.571312e+00,-3.721780e-01,-4.030708e-01
3.391888e+00,8.414401e+00,2.333068e+00,-1.702163e+00,-6.736189e-01,-4.304040e-01
2.413383e+00,6.867552e+00,4.879755e-01,-2.053572e+00,-1.283213e+00,-5.042601e-01
1.376656e+00,6.769622e+00,4.164516e-01,-2.844214e+00,-1.642750e+00,-4.372377e-01
7.220660e-01,8.274068e+00,1.773675e+00,-3.278496e+00,-1.842081e+00,-3.747809e-01
3.162430e+00,1.011464e+01,3.021838e+00,-3.728967e+00,-1.775959e+00,-1.859906e-01
9.619561e+00,1.403142e+01,-2.694936e+00,-4.314040e+00,-2.237781e+00,-1.048005e-01
5.399180e+00,2.350110e+01,4.059578e-01,-5.175169e+00,-4.582575e+00,-5.435984e-01
-3.022763e+00,1.964573e+01,1.090064e+01,-5.189610e+00,-5.225147e+00,-6.350273e-01
-8.798278e+00,2.222711e+01,2.151568e+01,-4.201757e+00,-2.915701e+00,-4.885640e-01
-5.763924e+00,1.403417e+01,2.005907e+01,-2.508405e+00,-1.276975e+00,-3.419762e-01
5.036922e+00,1.230016e+00,1.658279e+01,-8.824616e-01,1.088593e+00,-2.491211e-01
7.937030e+00,8.599829e+00,7.979706e+00,5.174371e-01,9.452306e-01,-7.904727e-01
9.360640e-01,2.617860e+00,1.240456e+01,2.920219e+00,1.568138e+00,-9.849526e-01
1.805661e+00,-4.611321e-01,9.213180e+00,3.858668e+00,2.252158e+00,-6.711220e-01
1.285380e+00,5.237560e-02,1.138256e+01,5.737868e+00,3.127311e+00,-3.636539e-01
2.194610e+00,-1.013699e+00,1.196325e+01,6.776224e+00,3.544053e+00,-5.192815e-02
6.524050e+00,-2.232532e+00,1.094911e+01,7.781116e+00,3.310546e+00,3.256133e-01
1.099659e+01,-8.348602e-01,9.776016e+00,8.339512e+00,2.387295e+00,4.471516e-01
1.215360e+01,-1.596369e-01,1.082238e+01,7.806721e+00,-3.484795e-01,5.761614e-02
4.566774e+00,3.129138e+00,9.863367e+00,6.383729e+00,-1.204652e+00,-4.554798e-01
-1.718139e+00,1.880406e+00,6.017968e+00,5.138729e+00,-8.025786e-01,-8.184386e-01
-2.765612e+00,2.034604e+00,3.077935e+00,3.959811e+00,-3.462740e-01,-7.559995e-01
-8.511183e-01,1.866472e+00,1.161270e+00,1.636222e+00,5.417397e-02,-3.189599e-01
1.883180e+00,6.180077e-01,1.189579e-01,1.539755e-01,-1.254644e-01,-1.604937e-01
3.332214e+00,2.021847e+00,1.587923e+00,-2.081410e+00,-7.683296e-01,-2.750914e-01
4.725057e+00,1.951080e+01,-4.294590e+00,-2.925936e+00,-1.645428e+00,-6.981276e-01
-2.765117e+01,2.254935e+01,1.495306e+01,-2.959935e+00,-9.995002e-01,-1.389064e+00
-1.626392e+01,-3.853217e+00,8.548134e+00,-3.045385e+00,3.351001e+00,1.920093e+00
2.470555e+00,-1.981280e+00,1.781322e+01,-2.349438e+00,4.424577e+00,5.999770e-01
1.433027e+01,2.037055e+01,1.156394e+01,-1.482069e+00,3.840687e+00,6.512350e-01
9.418098e+00,7.251280e+00,2.769656e+00,-5.787833e-01,-1.507780e+00,-1.156989e+00
-1.138339e+00,7.068090e-01,2.777307e+00,-7.860021e-01,-2.352846e+00,-1.014030e+00
-8.825146e+00,1.597117e+01,6.478058e+00,-8.808762e-01,-9.318671e-01,-5.158789e-01
-6.097745e+00,1.183652e+01,4.869080e+00,-4.117553e-01,5.623431e-02,-2.243411e-01
5.876116e-01,7.256101e+00,1.616390e+00,-4.657216e-01,7.598255e-01,1.568497e-01
4.553655e+00,1.030936e+01,7.387660e-01,-5.511757e-01,6.283951e-02,-9.297836e-02
1.549489e+00,9.139800e+00,-3.505008e-02,-7.800496e-01,-1.357065e+00,-6.011482e-01
-1.388366e+00,8.470722e+00,1.480231e-01,-1.015621e+00,-1.762008e+00,-7.639091e-01
-5.650179e+00,8.388557e+00,2.511929e+00,-1.296608e+00,-1.208833e+00,-4.912185e-01
-2.775319e+00,8.826860e+00,2.279914e+00,-1.380137e+00,-6.840023e-01,-3.152981e-01
2.054812e+00,8.761993e+00,3.148213e+00,-1.518324e+00,-6.333154e-01,-3.655668e-01
3.310946e+00,8.560251e+00,3.183688e+00,-1.684767e+00,-1.009011e+00,-4.504903e-01
4.786545e-01,7.375731e+00,2.377421e+00,-1.968702e+00,-1.526198e+00,-5.611111e-01
-9.133698e-01,7.421884e+00,3.004457e+00,-2.227232e+00,-1.523792e+00,-4.841360e-01
-1.228675e+00,9.599156e+00,3.318024e+00,-2.533574e+00,-1.326813e+00,-3.104353e-01
5.047030e-01,9.105262e+00,3.806954e+00,-2.673927e+00,-1.184933e+00,-2.638664e-01
5.306405e+00,9.202229e+00,2.876846e+00,-3.050293e+00,-1.623639e+00,-2.932919e-01
6.497394e+00,1.316963e+01,3.853851e-01,-3.378121e+00,-2.206251e+00,-2.608144e-01
4.077797e+00,1.645020e+01,-2.038819e-01,-4.152107e+00,-3.672440e+00,-8.490345e-01
-2.564185e-01,1.083049e+01,5.077226e+00,-4.666948e+00,-4.111418e+00,-1.036788e+00
-2.497030e+00,2.132287e+01,1.742485e+01,-4.402575e+00,-3.143793e+00,-1.481040e+00
-3.054089e+00,1.678383e+01,1.729974e+01,-2.870407e+00,-2.344628e+00,-1.526652e+00
6.293807e-01,2.218372e+00,1.480865e+01,-1.356756e+00,-1.907290e-01,-1.350912e+00
5.947883e+00,6.497919e+00,7.928702e+00,-9.057589e-01,2.659372e-01,-1.480754e+00
2.784086e-02,6.115015e+00,1.190203e+01,1.515401e+00,7.305266e-01,-1.836280e+00
5.134689e-01,3.545474e+00,1.076256e+01,2.483124e+00,1.482901e+00,-1.456574e+00
3.104171e+00,3.150511e+00,8.339489e+00,3.687408e+00,1.939907e+00,-1.271011e+00
1.890421e+00,2.905729e+00,8.523009e+00,4.509541e+00,2.055927e+00,-1.111109e+00
3.182371e+00,3.886028e+00,8.680491e+00,5.725762e+00,2.209360e+00,-6.979725e-01
5.995780e+00,3.226861e+00,9.470000e+00,6.382608e+00,1.732781e+00,-5.112161e-01
9.770000e+00,2.651365e+00,1.054732e+01,7.086993e+00,1.999370e-02,-3.874148e-01
8.767734e+00,2.187499e+00,1.121250e+01,7.351283e+00,-9.673896e-01,-5.698362e-01
2.635232e+00,1.923113e+00,9.559779e+00,6.862071e+00,-2.113823e+00,-8.495127e-01
-9.935666e+00,5.001586e+00,9.193548e+00,5.487782e+00,-1.572529e+00,-5.677609e-01
-1.262049e+01,-1.389688e+00,7.400479e+00,2.949264e+00,2.312413e+00,1.102590e+00
-2.218718e+00,-1.027491e+01,3.253244e+00,1.224776e+00,3.585045e+00,1.560925e+00
1.067962e+01,3.978351e+00,6.117030e+00,-3.007078e+00,2.704719e+00,8.458058e-01
1.740038e+01,3.062146e+01,-6.070727e+00,-2.349311e+00,5.293073e-01,1.787852e-01
-1.276664e-01,3.885488e+00,7.130661e+00,-1.672220e+00,-3.170452e+00,-2.011883e+00
-7.776774e-01,-4.714764e+00,8.876621e+00,-2.145266e+00,-2.372325e+00,-1.171489e+00
-4.904972e+00,8.238306e+00,1.089199e+01,-2.490464e+00,-1.000744e+00,-3.320171e-01
-1.142321e+01,1.874290e+01,1.096476e+01,-1.940014e+00,2.088406e-01,-9.442332e-02
-2.371993e+00,6.580653e+00,5.820702e+00,-1.125688e+00,1.865545e+00,7.208803e-01
3.250154e+00,7.907559e+00,4.047333e+00,-1.089795e+00,1.801165e+00,6.201812e-01
6.322754e+00,9.900659e+00,4.183653e+00,-9.891218e-01,4.401067e-02,4.891703e-02
1.774885e+00,9.573742e+00,4.738875e+00,-1.012828e+00,-5.485868e-01,-8.747496e-02
-7.303689e-01,9.441364e+00,3.920393e+00,-9.234535e-01,-7.832432e-01,-1.542643e-01
-1.918553e+00,9.569871e+00,3.920482e+00,-8.853130e-01,-7.181834e-01,-1.364829e-01
-8.846360e-01,8.965747e+00,3.314879e+00,-8.322035e-01,-2.912046e-01,-5.919299e-02
3.149341e-01,8.729466e+00,2.831999e+00,-8.849632e-01,-2.532515e-01,-8.670219e-02
-2.011270e-01,8.829177e+00,2.151395e+00,-1.049983e+00,-4.293354e-01,-1.303645e-01
-3.290083e-01,9.469802e+00,2.983994e+00,-1.156131e+00,-4.649351e-01,-1.544138e-01
2.588573e+00,8.751427e+00,2.703057e+00,-1.366759e+00,-6.348366e-01,-1.594763e-01
3.146757e+00,7.777190e+00,2.639351e+00,-1.510838e+00,-1.044573e+00,-2.244524e-01
-1.906979e-01,9.258335e+00,1.886161e+00,-1.831761e+00,-1.458431e+00,-2.058830e-01
-2.914715e-01,9.953177e+00,1.157124e+00,-2.008881e+00,-1.454203e+00,-1.737993e-01
6.241352e-01,9.950329e+00,1.064879e+00,-2.525152e+00,-1.347722e+00,1.110979e-02
2.658898e+00,9.940430e+00,1.250000e+00,-2.815476e+00,-1.301663e+00,8.944085e-02
9.153805e+00,1.060334e+01,-9.238053e-01,-3.411949e+00,-1.727623e+00,8.788121e-02
9.652918e+00,1.222843e+01,-2.192694e+00,-3.723638e+00,-2.402078e+00,9.545514e-02
6.766310e-01,2.060899e+01,7.034307e+00,-4.351818e+00,-4.217342e+00,1.659821e-01
-9.466667e+00,2.274924e+01,1.361695e+01,-4.199055e+00,-3.501052e+00,-4.689977e-02
-1.416356e+01,1.660849e+01,1.800998e+01,-2.027197e+00,5.465893e-01,1.431061e+00
-4.568527e+00,6.205185e-01,2.109192e+01,-1.291753e+00,2.733699e+00,1.806919e+00
6.508235e+00,1.179718e+01,1.098276e+01,-6.031212e-01,3.053717e+00,1.682674e+00
6.147667e+00,9.212172e+00,1.193533e+01,7.687046e-01,2.071244e+00,1.227959e+00
3.168255e+00,4.213100e+00,8.770000e+00,2.392462e+00,4.854701e-01,9.018705e-01
1.376906e+00,2.870123e+00,9.360555e+00,3.072346e+00,2.372808e-01,5.610520e-01
-3.492707e-01,2.703417e+00,9.620902e+00,4.560283e+00,1.634332e-01,4.614745e-01
-1.227545e-01,1.516959e+00,9.352030e+00,5.403523e+00,1.965757e-01,3.057414e-01
-3.176644e-01,9.091265e-02,1.052077e+01,6.531366e+00,2.504244e-01,-5.793037e-02
-8.053482e-02,-5.288066e-02,1.220346e+01,7.043341e+00,3.606018e-01,-2.276470e-01
1.655316e+00,1.300000e-01,1.435916e+01,8.031373e+00,7.379048e-01,-4.930791e-01
1.622759e+00,7.531801e-02,1.355116e+01,7.993241e+00,9.730622e-01,-5.680594e-01
-3.300235e+00,3.462772e+00,1.055346e+01,6.231984e+00,1.481246e+00,-5.413024e-01
-4.228835e+00,3.541196e+00,8.559116e+00,4.817808e+00,2.126444e+00,-1.722409e-01
-2.405599e+00,-6.776040e+00,5.357007e+00,1.503831e+00,2.251823e+00,2.271896e-01
-6.158432e-01,-9.803036e+00,4.650762e+00,-1.068223e+00,2.361679e+00,3.601223e-02
9.150517e+00,2.720073e+01,-2.445032e+00,-2.140767e+00,2.822505e+00,1.052432e+00
1.617480e+01,3.221551e+01,7.197357e-01,-5.475291e-01,2.016362e+00,1.060110e+00
-8.208316e+00,-1.100240e+01,8.708837e+00,-2.612879e+00,1.221768e+00,-7.246510e-01
3.849307e+00,2.123346e+00,1.347349e+01,-3.041409e+00,2.157281e+00,5.181738e-01
5.051349e+00,1.587169e+01,7.719228e+00,-1.550580e+00,-4.915629e-01,-8.871105e-01
-2.961280e+00,1.026020e+01,8.208746e+00,-1.223783e+00,-1.079430e+00,-6.439872e-01
-6.763347e+00,8.598207e+00,4.468995e+00,-8.867492e-01,1.063815e+00,2.360065e-01
1.165554e+00,1.167406e+01,4.533994e+00,-6.900154e-01,1.674509e+00,2.731117e-01
6.237020e+00,9.767965e+00,2.114575e+00,-5.763079e-01,8.098187e-01,-1.006958e-02
5.342257e+00,8.092259e+00,1.452339e+00,-6.721385e-01,-3.523557e-02,-2.280939e-01
8.638785e-01,9.084245e+00,1.657767e+00,-9.406741e-01,-1.066230e+00,-4.878860e-01
-7.835241e-01,9.196476e+00,1.187340e+00,-1.093419e+00,-1.114933e+00,-4.777458e-01
-1.944960e+00,7.980448e+00,7.712400e-01,-1.324824e+00,-9.011235e-01,-3.957814e-01
-2.572243e+00,9.733340e+00,1.715610e+00,-1.467860e+00,-6.237543e-01,-3.031479e-01
-4.265199e+00,8.653896e+00,4.339217e+00,-1.442363e+00,4.226930e-02,-1.956378e-01
-1.732598e+00,9.121098e+00,5.760549e+00,-1.417941e+00,5.253766e-01,-2.147504e-02
4.298124e+00,8.794206e+00,3.433501e+00,-1.422137e+00,6.811292e-01,5.429195e-02
5.562432e+00,8.027570e+00,1.900642e+00,-1.562319e+00,3.662296e-01,3.090391e-02
4.218808e+00,7.911650e+00,1.772324e+00,-2.141467e+00,-5.827666e-01,-1.065349e-01
2.327004e+00,9.932014e+00,1.834021e+00,-2.391504e+00,-1.017398e+00,-2.071191e-01
-1.112152e+00,9.748502e+00,3.947488e+00,-2.685054e+00,-1.223115e+00,-8.210898e-02
1.030225e+00,1.038924e+01,3.914432e+00,-2.850966e+00,-1.030380e+00,1.276854e-01
7.756562e+00,1.630352e+01,-3.033491e+00,-3.459753e+00,-1.507808e+00,2.127628e-01
8.135118e+00,1.651929e+01,-2.915748e+00,-3.839323e+00,-2.644988e+00,-3.137845e-01
1.088270e+00,1.408632e+01,8.599265e+00,-4.423999e+00,-3.975377e+00,-7.312674e-01
-7.593732e+00,2.213048e+01,1.624205e+01,-4.270035e+00,-3.550674e+00,-8.948560e-01
-1.172600e+01,1.808484e+01,1.631025e+01,-1.753792e+00,-7.335107e-01,-7.489423e-02
-6.593742e+00,2.419444e+00,1.807008e+01,-1.240891e+00,1.307236e+00,4.540067e-01
5.019155e+00,1.117163e+01,1.094196e+01,-7.773745e-02,2.520775e+00,6.093624e-01
6.360442e+00,8.147117e+00,1.130910e+01,1.044519e+00,2.216734e+00,4.572564e-01
5.816494e+00,2.814019e+00,7.943711e+00,2.631280e+00,1.090408e+00,3.821965e-01
3.387721e+00,2.136627e+00,7.587471e+00,3.279043e+00,7.149396e-01,2.529716e-01
2.787754e-01,2.745510e+00,7.787483e+00,4.602746e+00,8.289709e-01,2.444684e-01
9.647802e-02,1.889067e+00,8.258619e+00,5.253845e+00,1.076177e+00,2.562972e-01
3.181564e+00,1.236221e+00,9.013015e+00,6.363802e+00,1.208453e+00,3.410022e-01
5.200255e+00,1.339426e+00,1.012453e+01,6.925101e+00,7.961781e-01,3.574946e-01
7.859979e+00,2.488396e+00,1.272881e+01,7.614214e+00,-5.802567e-01,2.825282e-02
3.782716e+00,-2.399980e-01,1.154027e+01,7.544405e+00,-1.127594e+00,-4.757914e-01
-9.763141e+00,3.892526e+00,1.167559e+01,5.136501e+00,-5.364180e-01,-7.947861e-01
-1.195259e+01,8.574043e-01,1.104852e+01,3.403095e+00,1.225155e+00,-6.292009e-01
1.325491e+00,-7.659246e+00,5.969466e+00,-3.140874e-01,2.234579e+00,1.315189e-01
8.118353e+00,1.443285e+00,2.938751e+00,-2.087952e+00,1.598355e+00,-8.903818e-03
2.791238e+01,3.941000e+01,-4.107063e+00,-1.168393e+00,-4.252429e-01,-2.234684e-01
-1.140479e+01,-2.004864e+00,8.512469e+00,-2.140945e+00,-1.157185e+00,-1.898127e+00
1.404485e+00,3.550026e+00,1.033518e+01,-2.630900e+00,1.185261e+00,6.634288e-01
4.433612e-01,1.517657e+01,9.194450e+00,-1.747180e+00,4.711594e-01,-1.203598e-01
-3.851246e+00,1.088195e+01,8.006027e+00,-8.822203e-01,5.340125e-02,-8.884154e-02
-3.694301e+00,6.865887e+00,4.852346e+00,-8.626464e-01,8.795606e-01,3.261594e-01
3.333820e+00,9.220410e+00,3.418292e+00,-8.420439e-01,1.434591e+00,3.333899e-01
5.300099e+00,1.212681e+01,3.707448e+00,-8.246129e-01,7.483440e-01,1.116622e-01
1.179005e+00,8.251699e+00,3.441154e+00,-7.445325e-01,-3.853248e-01,-2.043705e-01
-1.316875e-01,9.296565e+00,3.412749e+00,-7.511922e-01,-4.684022e-01,-1.918657e-01
7.301006e-01,9.802820e+00,1.911846e+00,-7.837349e-01,-3.299732e-01,-1.696151e-01
1.559541e+00,8.723877e+00,8.206626e-01,-9.572789e-01,-5.109709e-01,-1.818926e-01
-1.808709e+00,7.792294e+00,1.092562e+00,-1.292383e+00,-7.129851e-01,-1.869033e-01
-2.708076e+00,8.480122e+00,2.868928e+00,-1.384281e+00,-4.181367e-01,-7.300632e-02
1.140622e+00,8.757584e+00,3.617117e+00,-1.487733e+00,1.943360e-02,6.555556e-02
2.809423e+00,9.018958e+00,3.401109e+00,-1.571357e+00,-1.300296e-01,7.397367e-02
1.908911e+00,9.251707e+00,1.563223e+00,-1.826018e+00,-5.891077e-01,7.338083e-02
7.093977e-01,8.345692e+00,8.087359e-01,-2.007993e+00,-7.255694e-01,7.835442e-02
1.708349e+00,9.860168e+00,4.952757e-01,-2.557635e+00,-1.105778e+00,3.266165e-02
1.695697e+00,9.595030e+00,1.663456e+00,-2.903670e+00,-1.377190e+00,-3.486028e-03
8.535603e+00,9.684847e+00,1.436517e+00,-3.449146e+00,-1.507492e+00,8.049103e-02
1.206737e+01,1.288968e+01,-2.361361e+00,-3.861480e+00,-2.185470e+00,6.839906e-02
1.209706e+00,1.457961e+01,2.101604e+00,-4.406671e+00,-4.901515e+00,-1.776647e-01
-9.049741e+00,1.794310e+01,1.404052e+01,-4.582640e+00,-4.809890e+00,-2.436685e-01
-1.845034e+01,2.175324e+01,2.008800e+01,-3.210365e+00,-1.483605e+00,5.460749e-01
-1.115989e+01,6.169953e+00,1.845954e+01,-1.645007e+00,2.077077e+00,1.482993e+00
9.438236e+00,7.876559e+00,1.137090e+01,-1.140143e+00,3.978119e+00,1.420665e+00
1.062014e+01,1.021818e+01,1.027255e+01,2.501154e-01,3.001573e+00,9.237856e-01
8.130445e+00,3.069525e+00,8.982294e+00,2.182958e+00,9.828737e-01,1.578111e-01
4.284161e+00,1.537937e+00,8.066553e+00,2.755397e+00,4.088282e-01,-7.238431e-02
-4.968475e-01,2.233605e+00,8.842879e+00,3.974848e+00,4.844081e-01,-6.000832e-01
-1.083016e+00,2.797210e+00,8.900927e+00,4.758889e+00,1.082773e+00,-5.255850e-01
3.035732e+00,1.297078e+00,9.055619e+00,5.823919e+00,1.714607e+00,-5.291511e-01
4.711491e+00,5.327657e-01,9.992599e+00,6.273235e+00,1.512905e+00,-5.300000e-01
5.195447e+00,8.381842e-01,1.253448e+01,7.095695e+00,5.949570e-01,-5.964154e-01
2.438871e+00,-7.269926e-01,1.225010e+01,7.308337e+00,1.476363e-01,-5.699611e-01
-3.605276e+00,4.467711e+00,1.096249e+01,6.463775e+00,1.659179e-03,2.773587e-03
-9.082836e+00,7.190821e+00,1.161189e+01,5.449323e+00,8.198588e-01,2.132507e-01
-1.155681e+00,-4.296009e+00,5.060164e+00,2.575803e+00,3.451182e+00,8.125315e-01
5.872935e+00,-5.360798e+00,2.776691e+00,1.557115e-01,3.273843e+00,3.278882e-01
1.354322e+01,1.747810e+01,-1.025073e+00,-3.035526e+00,1.135779e+00,3.261688e-01
1.508194e+01,2.697639e+01,1.819549e+00,-2.364714e+00,-1.440743e-01,2.460358e-01
-3.182235e+00,2.611522e+00,8.428044e+00,-2.990588e+00,-1.463548e+00,-1.109881e+00
1.171973e+00,-8.385922e-01,1.466129e+01,-2.823742e+00,-5.837333e-01,-6.429394e-01
1.389116e+00,1.456734e+01,8.823411e+00,-2.218714e+00,-1.049667e+00,-2.382837e-01
-5.394935e+00,1.837262e+01,9.186512e+00,-1.442618e+00,-1.311075e+00,-6.247298e-01
-1.255243e+01,7.565627e+00,6.275613e+00,-4.954182e-01,8.800402e-01,3.729565e-01
-1.808621e+00,7.942052e+00,2.992135e+00,-4.207287e-01,1.956937e+00,7.122559e-01
4.348426e+00,1.020087e+01,2.217378e+00,-6.092554e-01,1.546945e+00,4.620259e-01
6.371338e+00,9.119945e+00,1.637683e+00,-6.895806e-01,6.727378e-01,2.075056e-01
5.905224e-01,9.304455e+00,3.411442e+00,-8.901586e-01,-5.545683e-01,-1.770293e-01
-8.990835e-01,9.799056e+00,3.774952e+00,-9.106214e-01,-6.355461e-01,-1.816008e-01
-1.706871e+00,9.070073e+00,2.819709e+00,-9.619901e-01,-2.916066e-01,-7.550511e-02
-2.194210e-01,9.001761e+00,2.945172e+00,-1.013374e+00,-1.244444e-01,-1.856562e-02
1.616270e+00,9.123127e+00,4.746508e+00,-1.081111e+00,-1.595414e-01,-1.413583e-02
2.471640e+00,8.735436e+00,4.896484e+00,-1.117768e+00,-2.475030e-01,-8.458018e-03
1.947900e+00,9.117492e+00,4.474765e+00,-1.245787e+00,-6.899929e-01,2.990603e-02
6.135653e-01,9.224687e+00,3.694819e+00,-1.260029e+00,-7.528640e-01,7.070878e-02
5.078495e-01,7.934068e+00,-1.700609e+00,-1.609875e+00,-6.660549e-01,1.889762e-01
2.149180e+00,7.782045e+00,-2.440000e+00,-2.188643e+00,-8.425150e-01,1.618371e-01
3.060563e+00,9.272177e+00,5.449358e-01,-2.956625e+00,-1.275754e+00,1.276366e-01
3.001767e+00,1.002634e+01,1.518665e+00,-3.351277e+00,-1.421241e+00,1.945480e-01
5.318894e+00,1.307379e+01,-1.670782e+00,-4.005840e+00,-2.039559e+00,2.411122e-01
3.613391e+00,1.620661e+01,-1.879463e+00,-4.294257e+00,-2.726097e+00,1.141342e-01
-5.975175e+00,1.857957e+01,1.133857e+01,-4.777768e+00,-3.768402e+00,-1.605755e-01
-8.521238e+00,2.381820e+01,1.844922e+01,-4.124410e+00,-2.500792e+00,1.937895e-01
-4.608400e+00,7.714905e+00,1.829802e+01,-1.510449e+00,4.155205e-01,6.568466e-01
2.401491e+00,1.011777e+00,1.830592e+01,-1.246373e+00,1.411714e+00,7.880475e-01
6.801957e+00,9.083787e+00,9.482621e+00,-7.076923e-03,1.235912e+00,5.782328e-01
3.345516e+00,7.688578e+00,1.023832e+01,1.330051e+00,1.020548e+00,-6.770328e-02
1.024018e+00,1.836442e+00,8.166338e+00,3.085476e+00,1.496667e+00,-2.684918e-01
1.739182e+00,8.796727e-01,7.868200e+00,3.737425e+00,1.766411e+00,-4.205744e-01
2.141231e+00,1.148202e+00,8.624826e+00,5.123898e+00,1.985672e+00,-5.381018e-01
2.429619e+00,9.670655e-01,8.204457e+00,5.880425e+00,1.902665e+00,-5.515653e-01
4.479580e+00,-8.906213e-01,9.919681e+00,6.783703e+00,1.481344e+00,-6.466680e-01
5.575794e+00,-3.837312e-01,1.183199e+01,7.343304e+00,9.053795e-01,-7.255476e-01
7.214514e+00,2.051219e+00,1.310746e+01,7.842534e+00,-1.494921e-01,-1.086084e+00
4.307481e+00,3.255650e+00,1.059961e+01,7.256485e+00,-7.691460e-01,-1.341422e+00
-1.621720e+01,3.461582e+00,8.852410e+00,5.004142e+00,-2.162087e-01,-1.075946e+00
-1.673017e+01,-4.569156e+00,5.660451e+00,3.152389e+00,2.313958e+00,-2.992934e-02
-6.089053e+00,-2.758941e+00,6.090679e+00,-1.835350e+00,4.981439e+00,1.050546e+00
2.226808e+01,3.462975e+01,-7.105495e-02,-2.472064e+00,6.117502e+00,2.216588e+00
1.900052e+01,1.753341e+00,5.944125e+00,-2.734804e+00,1.417621e+00,-7.949807e-01
1.740190e+01,-9.888345e+00,1.006181e+01,-2.730288e+00,-7.099610e-01,-8.106336e-01
-1.696861e+00,1.662060e+01,1.169639e+01,-2.453754e+00,-2.736249e+00,-9.771841e-01
-1.381650e+01,1.924590e+01,1.317090e+01,-1.720651e+00,-2.413457e+00,-1.146644e+00
-1.024838e+01,4.630101e+00,5.374545e+00,-8.698688e-01,1.147470e+00,6.384141e-01
-3.193624e-01,7.225605e+00,5.484389e+00,-8.696489e-01,2.607780e+00,8.758696e-01
1.094390e+01,1.202071e+01,3.304324e+00,-8.360439e-01,1.733337e+00,5.520607e-01
8.881103e+00,9.140067e+00,2.084222e+00,-8.641174e-01,6.160215e-02,1.141767e-02
3.717848e-02,9.830952e+00,3.544515e+00,-9.739140e-01,-1.325881e+00,-4.149485e-01
-2.284179e+00,1.015750e+01,3.530625e+00,-9.645876e-01,-1.398374e+00,-4.828675e-01
-3.132246e+00,8.759049e+00,1.928164e+00,-1.046063e+00,-7.585739e-01,-2.879327e-01
-2.357244e+00,7.389070e+00,1.883636e+00,-1.158031e+00,-4.065168e-01,-1.793714e-01
-2.085460e+00,7.549010e+00,2.753393e+00,-1.381864e+00,-3.631261e-02,-4.694162e-02
8.557441e-01,7.436766e+00,4.057064e+00,-1.446150e+00,3.777778e-02,-4.855957e-02
2.875702e+00,8.097149e+00,4.300159e+00,-1.587122e+00,-3.432085e-01,-9.015318e-02
2.562843e+00,7.396253e+00,2.966370e+00,-1.748036e+00,-5.920278e-01,-5.659121e-02
1.818113e+00,7.159812e+00,2.094623e+00,-2.102345e+00,-8.333947e-01,5.691363e-03
3.121048e+00,9.599280e+00,2.252815e+00,-2.416972e+00,-1.020192e+00,-1.892083e-02
1.624393e+00,8.523299e+00,3.520016e+00,-2.860856e+00,-1.693633e+00,-2.196490e-02
5.286110e-01,9.445778e+00,3.472697e+00,-3.107750e+00,-1.695254e+00,1.990938e-01
3.550878e+00,1.872912e+01,-3.278543e+00,-3.752671e+00,-2.077206e+00,4.180457e-01
5.751490e+00,2.005591e+01,-4.696613e+00,-4.164357e+00,-3.147499e+00,2.329046e-01
-1.146451e+00,1.529797e+01,1.201664e+01,-4.491578e+00,-3.998747e+00,-5.882678e-02
-1.052436e+01,2.327826e+01,1.893565e+01,-4.234869e+00,-3.060709e+00,-5.106528e-01
-8.949215e+00,1.252429e+01,1.964779e+01,-1.520093e+00,5.612039e-01,3.024369e-01
3.865869e+00,2.548434e+00,1.460329e+01,-1.372471e+00,2.088469e+00,4.524454e-01
6.207464e+00,9.498098e+00,1.243908e+01,2.783689e-01,1.936651e+00,-2.710045e-01
4.627033e+00,6.610929e+00,1.249971e+01,1.847434e+00,1.779739e+00,-6.625577e-01
4.477562e+00,2.642528e+00,8.433725e+00,3.414693e+00,1.923098e+00,-9.344432e-01
3.860390e+00,2.464266e+00,8.556399e+00,4.329585e+00,2.004270e+00,-9.948613e-01
4.383137e+00,2.124185e+00,8.770000e+00,5.695635e+00,2.073796e+00,-7.525148e-01
6.096172e+00,1.973123e+00,9.280112e+00,6.319717e+00,1.881289e+00,-6.059748e-01
7.841224e+00,9.032517e-01,1.084979e+01,7.491693e+00,9.193274e-01,-3.822770e-01
9.069416e+00,1.162912e+00,1.322660e+01,7.941002e+00,1.689710e-01,-3.150785e-01
8.467718e+00,2.291740e+00,1.349495e+01,8.266944e+00,-1.080133e+00,-6.463729e-01
-6.824553e-01,4.754796e+00,9.183402e+00,7.429360e+00,-2.007640e+00,-8.312207e-01
-1.470218e+01,1.255993e+00,8.744580e+00,4.080268e+00,-1.465212e-01,-4.401417e-01
-1.544523e+01,-1.235648e+01,5.059488e+00,1.271107e+00,2.246131e+00,5.692088e-01
6.524570e+00,-5.534431e+00,1.129189e+01,-3.058207e+00,4.158649e+00,1.594151e+00
1.244748e+01,1.831287e+01,8.623811e+00,-3.866668e+00,3.065088e+00,1.113907e+00
1.609093e+01,2.197935e+01,4.944486e+00,1.868686e-01,-1.880979e+00,-1.487807e+00
-1.387532e+01,-9.874989e+00,1.036668e+01,-2.240919e+00,-3.018434e+00,-2.066696e+00
-5.191285e+00,1.381285e+01,1.251815e+01,-2.865334e+00,1.290530e+00,7.929526e-01
-2.045878e-01,1.972156e+01,7.889349e+00,-1.886753e+00,1.745580e+00,1.160438e-01
2.750432e+00,6.679583e+00,5.272562e+00,-1.340404e+00,4.823459e-01,1.521048e-01
2.148409e+00,5.584285e+00,3.069692e+00,-1.304832e+00,7.613035e-02,5.901158e-02
2.074131e+00,1.187478e+01,3.528938e+00,-1.378419e+00,-4.219401e-01,-1.658539e-01
8.519635e-01,1.009617e+01,3.253552e+00,-1.344997e+00,-7.457689e-01,-2.345412e-01
-3.169729e-01,8.281190e+00,3.119405e+00,-1.354279e+00,-7.699892e-01,-2.406401e-01
-7.387173e-01,8.652029e+00,3.368036e+00,-1.335853e+00,-7.264656e-01,-2.261016e-01
-1.750000e+00,8.748294e+00,3.706827e+00,-1.250574e+00,-5.940324e-01,-2.544085e-01
-1.740807e+00,8.090187e+00,3.506647e+00,-1.268458e+00,-5.375934e-01,-3.034139e-01
-8.544192e-01,8.508779e+00,3.308023e+00,-1.413215e+00,-4.292904e-01,-2.758389e-01
6.884272e-01,7.552078e+00,4.525931e+00,-1.426251e+00,-3.849501e-01,-2.200233e-01
1.236212e+00,6.612459e+00,2.156197e+00,-1.625361e+00,-5.324330e-01,-1.120178e-01
7.694355e-01,6.400185e+00,1.223404e+00,-1.873116e+00,-5.736901e-01,-1.019518e-02
5.268527e+00,1.033961e+01,3.170870e-01,-2.498630e+00,-7.530344e-01,3.709444e-02
4.293513e+00,9.705359e+00,1.162724e+00,-2.910602e+00,-1.473474e+00,-3.473010e-02
6.128861e-01,1.227543e+01,2.836497e+00,-3.541393e+00,-1.775367e+00,3.238578e-01
1.067679e+01,2.075843e+01,-2.947082e+00,-4.050447e+00,-1.902210e+00,2.987159e-01
5.715230e+00,1.319304e+01,7.143313e+00,-4.525949e+00,-4.370721e+00,1.174308e-01
-3.858348e+00,1.384480e+01,1.411770e+01,-4.593068e+00,-4.083473e+00,-8.602223e-01
-8.472845e+00,1.939888e+01,1.732646e+01,-3.395027e+00,-1.881882e+00,-4.375725e-01
-3.915386e+00,6.055170e+00,1.479148e+01,-1.952081e+00,-6.636247e-02,1.462302e-01
3.979503e+00,4.750244e+00,1.116551e+01,-1.347959e+00,1.842074e+00,2.042332e-01
5.645109e+00,1.037697e+01,9.498381e+00,-4.973103e-02,1.538400e+00,-1.977032e-01
4.385121e+00,3.177418e+00,8.460764e+00,1.919131e+00,1.427888e+00,-5.387390e-01
4.545393e+00,1.610646e+00,6.666301e+00,2.721184e+00,1.389768e+00,-5.442060e-01
1.821923e+00,1.724695e+00,7.566210e+00,3.855776e+00,1.248189e+00,-7.618298e-01
1.119553e+00,2.961253e+00,7.908623e+00,4.615182e+00,1.433853e+00,-6.362845e-01
2.227779e+00,2.524204e+00,8.840991e+00,5.785380e+00,1.715392e+00,-4.416931e-01
4.520281e+00,1.479528e+00,9.540251e+00,6.436658e+00,1.628972e+00,-2.944309e-01
7.433926e+00,3.000805e+00,1.191097e+01,7.363012e+00,6.098832e-01,-1.769309e-01
7.623887e+00,3.142914e+00,1.270515e+01,7.697916e+00,-1.828855e-01,-4.708944e-01
-1.885543e+00,3.207640e+00,1.005108e+01,6.929134e+00,-1.047905e+00,-9.701364e-01
-1.011179e+01,5.464771e+00,1.040045e+01,5.598978e+00,-5.505269e-01,-8.414646e-01
-8.896207e+00,-3.310300e+00,6.684243e+00,2.908614e+00,2.159256e+00,3.700601e-01
-2.317302e+00,-8.626616e+00,5.345224e+00,5.226967e-01,3.070332e+00,7.240796e-01
8.437296e+00,1.108622e+01,5.329453e+00,-2.849194e+00,2.785340e+00,6.597519e-01
2.354602e+01,3.806258e+01,-5.413989e+00,-2.009888e+00,2.232695e+00,1.169432e+00
-1.358794e+00,-3.678969e+00,4.244044e+00,-1.303035e+00,-2.054946e+00,-2.089745e+00
-6.258077e+00,-3.168149e+00,1.102940e+01,-2.871497e+00,-7.891416e-01,-6.045985e-01
-3.300492e+00,1.395831e+01,1.154658e+01,-2.496618e+00,1.882305e-01,1.881479e-01
6.560447e-01,1.522947e+01,5.944159e+00,-1.681337e+00,2.060117e-01,-2.357768e-01
-1.074923e+00,8.174695e+00,3.585704e+00,-1.188826e+00,-3.829960e-01,-1.305653e-01
-3.239727e+00,9.742261e+00,1.757730e+00,-1.123927e+00,-1.164776e-01,-5.257193e-02
-1.925624e+00,1.022623e+01,2.289369e+00,-1.079398e+00,-1.074506e-01,-1.182864e-01
-1.728886e+00,8.073893e+00,2.076151e+00,-1.136783e+00,-9.984363e-02,-7.447902e-02
-3.099835e-01,8.560512e+00,1.986499e+00,-1.262189e+00,1.730207e-01,3.949151e-02
1.446998e+00,8.690343e+00,1.932382e+00,-1.357238e+00,1.034913e-01,-3.983931e-03
3.580190e+00,8.597101e+00,2.069663e+00,-1.585928e+00,-3.326812e-01,-1.773850e-01
2.248531e+00,8.505716e+00,2.862888e+00,-1.710065e+00,-7.330876e-01,-3.394900e-01
-1.305082e+00,8.889127e+00,5.802904e+00,-1.752587e+00,-8.403720e-01,-3.775198e-01
-1.253753e+00,8.489530e+00,7.100879e+00,-1.656904e+00,-5.681199e-01,-2.534713e-01
1.174421e+00,9.173441e+00,6.548566e+00,-1.506221e+00,-3.185983e-01,-7.288097e-02
1.161544e+00,8.469570e+00,3.768152e+00,-1.533720e+00,-3.539855e-01,2.064410e-02
2.442481e+00,7.872846e+00,1.432834e+00,-1.867027e+00,-3.736029e-01,1.319144e-01
3.893180e+00,9.854324e+00,9.974844e-01,-2.242143e+00,-6.378266e-01,7.731947e-02
2.328626e+00,1.015372e+01,2.676251e+00,-2.771554e+00,-1.415599e+00,-3.987422e-02
1.874345e+00,1.150334e+01,1.056645e+00,-3.090473e+00,-1.570792e+00,1.476416e-01
6.879724e-01,1.730597e+01,-2.199389e+00,-3.669210e+00,-1.934762e+00,3.363440e-01
7.346352e-01,1.401409e+01,1.474506e+00,-3.989371e+00,-2.210576e+00,-1.186379e-02
-6.864042e-01,1.965506e+01,1.358270e+01,-4.580257e+00,-2.526047e+00,-1.423147e-01
-3.199384e+00,1.948753e+01,1.613846e+01,-3.578024e+00,-2.023673e+00,-3.204225e-01
-2.329053e+00,4.147914e+00,1.864111e+01,-1.507287e+00,-3.396901e-01,-3.946215e-02
3.096030e+00,5.747074e+00,1.197347e+01,-1.548617e+00,3.886202e-01,1.035545e-01
-2.429931e-01,7.310724e+00,1.250234e+01,4.915496e-01,6.735716e-01,-2.752342e-01
-1.487911e-01,4.862817e+00,1.074651e+01,1.709462e+00,1.289042e+00,-3.170725e-01
3.659895e+00,2.347579e+00,8.262199e+00,3.407455e+00,2.170332e+00,-3.168932e-01
4.068324e+00,1.718093e+00,8.819653e+00,4.229648e+00,2.149951e+00,-4.655157e-01
4.143583e+00,1.705787e+00,8.130551e+00,5.376099e+00,1.768288e+00,-2.825210e-01
4.326280e+00,1.521570e+00,8.548841e+00,6.035323e+00,1.442399e+00,-2.397787e-01
4.748360e+00,1.052490e+00,1.059907e+01,7.095889e+00,6.790795e-01,-1.616417e-01
5.471005e+00,2.144545e+00,1.330363e+01,7.561455e+00,2.438354e-01,-1.374394e-01
6.015030e+00,2.373229e+00,1.219435e+01,7.959434e+00,-2.374533e-01,-2.509125e-01
2.329220e+00,1.394126e+00,1.142526e+01,7.239586e+00,-7.905204e-01,-4.489135e-01
-1.267107e+01,3.085070e+00,1.023542e+01,4.411168e+00,4.769387e-01,-8.169040e-02
-9.203875e+00,-9.645289e+00,5.693968e+00,2.535681e+00,2.351582e+00,6.340099e-01
4.966664e+00,-5.702579e+00,8.470534e+00,-2.173537e+00,3.562258e+00,9.670591e-01
1.521417e+01,2.446614e+01,-8.352345e-01,-3.119318e+00,2.672434e+00,9.729590e-01
4.496660e+00,3.805798e+00,3.827036e+00,-1.170009e+00,-2.468510e+00,-2.021172e+00
-9.947505e+00,-1.094341e+01,1.123016e+01,-2.538925e+00,-3.410937e+00,-2.185138e+00
-4.449133e+00,9.025377e+00,1.434883e+01,-3.264753e+00,-9.524519e-01,2.603382e-01
-8.782546e+00,1.698622e+01,8.984692e+00,-1.996554e+00,-9.111955e-02,-3.802348e-01
-1.619553e+00,9.070959e+00,6.503817e+00,-1.351964e+00,1.456083e+00,6.332828e-01
1.234424e+00,8.231559e+00,3.643027e+00,-1.144778e+00,1.737015e+00,6.896273e-01
5.424563e+00,1.030982e+01,3.654069e+00,-1.152984e+00,7.402990e-01,1.696757e-01
3.931857e+00,1.036539e+01,3.747850e+00,-1.133235e+00,-9.315720e-02,-1.935839e-03
-9.324632e-01,8.779807e+00,4.464219e+00,-1.079406e+00,-5.936429e-01,-1.315105e-01
-1.534976e+00,9.724284e+00,4.297685e+00,-1.065009e+00,-3.611546e-01,-4.034389e-02
2.113823e-01,9.279728e+00,3.289767e+00,-9.804956e-01,1.841262e-02,-1.197925e-02
1.684238e+00,8.875706e+00,2.301725e+00,-1.052904e+00,-1.380407e-01,-8.245263e-02
-8.360049e-01,8.537521e+00,3.237073e+00,-1.222669e+00,-5.888210e-01,-1.915742e-01
-5.740459e-01,8.158848e+00,4.438613e+00,-1.289644e+00,-5.337116e-01,-1.636894e-01
1.377242e+00,8.177065e+00,4.949823e+00,-1.333856e+00,-2.961443e-01,-3.444833e-02
2.080587e+00,8.580562e+00,3.522125e+00,-1.406032e+00,-3.076632e-01,7.170646e-02
2.936857e+00,8.551446e+00,-3.967468e-01,-1.739441e+00,-5.281674e-01,1.322043e-01
3.446459e+00,9.462413e+00,-1.640584e+00,-2.159474e+00,-8.980081e-01,1.142422e-01
1.264727e+00,9.802591e+00,7.742726e-01,-2.865684e+00,-1.626825e+00,2.330337e-02
2.154636e+00,1.059562e+01,1.182393e+00,-3.193004e+00,-1.591867e+00,2.150531e-01
5.646556e+00,1.639630e+01,-4.620954e+00,-3.740955e+00,-2.063812e+00,4.590867e-01
-9.040371e-01,1.614798e+01,2.049405e+00,-4.023831e+00,-3.251839e+00,4.362313e-01
-8.071344e+00,2.168208e+01,1.303040e+01,-4.261293e+00,-2.811672e+00,7.169661e-02
-1.068825e+01,2.613736e+01,1.704793e+01,-3.022977e+00,-1.285349e+00,2.817521e-01
1.628002e+00,1.660599e+00,1.826517e+01,-1.403342e+00,1.603821e+00,7.787912e-01
6.785990e+00,9.312288e+00,1.101422e+01,-1.431448e+00,2.081731e+00,7.481506e-01
5.802843e+00,9.094702e+00,1.169317e+01,8.496943e-01,1.380897e+00,1.642193e-01
4.196183e+00,4.869129e+00,9.251891e+00,2.195803e+00,1.148274e+00,-1.820454e-01
3.534898e+00,1.967727e+00,8.537597e+00,3.655903e+00,1.106971e+00,-8.131665e-01
2.648263e+00,2.657112e+00,9.144314e+00,4.404234e+00,1.066413e+00,-9.398559e-01
1.871207e+00,2.090604e+00,8.937586e+00,5.821703e+00,1.216572e+00,-9.653615e-01
2.353813e+00,1.725792e+00,9.785784e+00,6.512342e+00,1.212061e+00,-8.656679e-01
4.497166e+00,2.370706e+00,1.157578e+01,7.252146e+00,9.890399e-01,-6.882961e-01
6.018717e+00,4.630773e+00,1.322368e+01,7.673395e+00,5.762752e-01,-5.753541e-01
7.801489e-01,3.917323e+00,1.033146e+01,7.555136e+00,1.286481e-01,-6.534848e-01
-3.873514e+00,3.865406e+00,8.484642e+00,6.545814e+00,4.175387e-02,-4.464577e-01
-9.733628e+00,-9.424918e-01,5.567080e+00,4.302315e+00,1.839144e+00,5.169065e-01
-2.691928e+00,-8.992440e+00,3.136909e+00,1.735460e+00,3.558442e+00,8.968471e-01
9.079089e+00,-5.783656e+00,5.077402e+00,-1.964471e+00,3.172303e+00,7.733962e-01
1.037445e+01,1.239652e+00,1.012819e+01,-3.840607e+00,1.240273e+00,3.974652e-02
2.189538e+01,3.871516e+01,-1.064910e+01,-1.874452e+00,-1.359421e+00,-6.727731e-01
-4.422311e+00,2.301310e+01,8.925992e+00,-4.174700e-01,-3.477260e+00,-2.547944e+00
-1.005018e+01,-3.998866e+00,1.047747e+01,-2.367965e+00,2.168462e+00,6.305969e-01
2.109414e+00,1.081047e+01,1.095138e+01,-2.288696e+00,3.715023e+00,1.496025e+00
9.849066e+00,1.780603e+01,6.728846e+00,-1.297596e+00,2.218664e+00,2.140546e-01
8.889799e+00,5.564301e+00,4.318845e+00,-1.062182e+00,5.748174e-02,-1.992933e-01
-2.399638e+00,1.072610e+01,3.455690e+00,-1.220578e+00,-1.643017e+00,-5.287175e-01
-6.394217e+00,1.136518e+01,4.476829e+00,-1.150485e+00,-1.155680e+00,-4.294590e-01
2.425082e-02,9.999851e+00,2.604925e+00,-1.109486e+00,2.028523e-01,2.632273e-02
2.242271e+00,7.761127e+00,1.462519e+00,-1.169622e+00,4.331500e-02,7.289289e-03
1.375717e+00,8.428748e+00,2.071991e+00,-1.410870e+00,-6.392965e-01,-1.916482e-01
2.040161e-01,7.939785e+00,2.354910e+00,-1.515220e+00,-1.024207e+00,-3.511928e-01
-1.481617e+00,8.082623e+00,3.186090e+00,-1.730426e+00,-1.021720e+00,-2.932268e-01
-1.023712e+00,7.983623e+00,4.466751e+00,-1.753018e+00,-7.455994e-01,-1.986427e-01
2.209728e+00,9.140846e+00,5.925418e+00,-1.743974e+00,-5.325800e-01,-4.442557e-02
2.831578e+00,9.820115e+00,4.014405e+00,-1.720862e+00,-6.642856e-01,0
1.588851e-02,8.721652e+00,1.288000e+00,-1.784626e+00,-8.752055e-01,1.362671e-02
4.465770e-01,8.386179e+00,7.734455e-02,-2.086187e+00,-8.160394e-01,1.012332e-01
2.782704e+00,1.110635e+01,1.645922e-01,-2.774040e+00,-1.234418e+00,1.154084e-01
2.507190e+00,1.158023e+01,5.434558e-01,-3.063970e+00,-1.512071e+00,2.154245e-01
4.054521e+00,1.812857e+01,-3.249866e+00,-3.730981e+00,-1.877843e+00,5.427450e-01
1.342357e+00,1.609868e+01,3.007153e+00,-4.056194e+00,-2.802223e+00,3.557063e-01
-3.172443e+00,2.023733e+01,1.243598e+01,-4.388116e+00,-2.506049e+00,-1.363203e-01
-5.731155e+00,2.492911e+01,1.511686e+01,-3.636105e+00,-1.845793e+00,-3.180981e-01
-1.010118e+00,1.431543e+00,1.689743e+01,-1.590900e+00,2.351472e-01,1.574065e-01
1.048815e+00,6.551613e+00,1.140987e+01,-1.804159e+00,1.082249e+00,3.447608e-01
2.826132e-01,9.346724e+00,1.356257e+01,5.869673e-01,1.297809e+00,4.530598e-02
1.141631e+00,5.578978e+00,1.002230e+01,1.588737e+00,1.539807e+00,1.860138e-01
3.276817e+00,1.933728e+00,8.828793e+00,3.373268e+00,1.775213e+00,5.771270e-02
3.791493e+00,7.572004e-01,8.751920e+00,4.281051e+00,1.582829e+00,1.269568e-01
2.571820e+00,1.718608e-01,8.534131e+00,5.535591e+00,1.042332e+00,9.678447e-02
2.212647e+00,1.417801e-01,9.363838e+00,6.074039e+00,8.891703e-01,3.445766e-02
2.683154e+00,1.103573e-01,1.232738e+01,7.147205e+00,7.371597e-01,2.532243e-02
3.464536e+00,6.821784e-01,1.220629e+01,7.528272e+00,6.541334e-01,5.159217e-02
-1.555820e+00,-1.146748e+00,1.224137e+01,7.361049e+00,4.132762e-01,-7.189659e-02
-5.892092e+00,9.689544e-01,1.202601e+01,6.312019e+00,7.228881e-01,6.893935e-02
-2.904242e+00,-2.725858e+00,8.190024e+00,3.280100e+00,2.074318e+00,5.139959e-01
1.493805e+00,-8.598701e+00,6.305523e+00,7.203759e-01,1.842817e+00,1.953338e-01
4.824641e+00,1.881342e+01,-3.018503e+00,-2.488265e+00,6.142189e-01,-5.034982e-01
3.130939e+00,3.527587e+01,1.337545e+01,-1.370405e+00,1.535521e-01,7.289130e-02
4.672208e-01,-4.790806e+00,1.079717e+01,-2.604852e+00,2.494569e+00,1.483126e-01
1.348234e+01,-1.613293e+00,1.105840e+01,-2.607261e+00,2.740888e+00,9.355648e-01
4.428852e+00,1.753984e+01,8.188105e+00,-1.548445e+00,-8.485342e-02,-6.496340e-01
-2.285564e+00,1.262110e+01,9.084126e+00,-1.030441e+00,-1.177871e+00,-6.739055e-01
-5.321055e+00,7.565304e+00,2.441284e+00,-6.791258e-01,-8.853372e-01,-3.336067e-01
-6.773683e+00,9.627635e+00,4.877454e+00,-6.375136e-01,2.507461e-01,-3.819473e-02
3.273408e+00,1.101759e+01,3.354598e+00,-5.105782e-01,1.333979e+00,3.293590e-01
6.276533e+00,8.283941e+00,1.153777e+00,-4.945179e-01,8.086675e-01,1.554200e-01
4.384865e+00,8.764484e+00,2.236528e-01,-8.769161e-01,-8.181294e-01,-2.610554e-01
6.029345e-01,9.038030e+00,6.097365e-01,-1.107566e+00,-1.452823e+00,-4.929835e-01
-4.734457e+00,7.958331e+00,1.396896e+00,-1.374646e+00,-1.461675e+00,-4.889146e-01
-5.269560e+00,8.309603e+00,3.658986e+00,-1.451067e+00,-9.513034e-01,-3.341943e-01
-1.017751e+00,9.015743e+00,4.940508e+00,-1.413263e+00,-4.010703e-02,-4.494825e-02
2.172702e+00,9.109016e+00,4.709651e+00,-1.407142e+00,9.809635e-02,5.073844e-02
2.757645e+00,9.664515e+00,1.389640e+00,-1.589806e+00,-1.660736e-01,1.403136e-01
3.406079e+00,8.499973e+00,-1.214122e+00,-1.896939e+00,-3.648952e-01,1.390304e-01
4.547217e+00,9.655826e+00,-8.749309e-01,-2.703828e+00,-1.121977e+00,-2.654362e-02
4.152416e+00,9.805674e+00,1.882304e+00,-3.156651e+00,-1.650857e+00,-1.486513e-01
7.892209e+00,1.083193e+01,1.929956e+00,-3.637849e+00,-2.020065e+00,-4.205514e-02
7.177610e+00,1.426159e+01,-1.207292e+00,-3.927284e+00,-2.498057e+00,9.924940e-03
-3.201203e+00,1.500822e+01,4.797087e+00,-4.445820e+00,-3.973251e+00,-1.644120e-01
-7.235800e+00,1.833857e+01,1.254382e+01,-4.758522e+00,-3.698662e+00,-5.171780e-02
-1.125233e+01,2.255690e+01,1.775964e+01,-3.549278e+00,-1.432612e+00,3.663917e-01
-6.807736e+00,8.644660e+00,1.759988e+01,-1.823106e+00,5.202612e-01,8.004584e-01
6.419250e+00,5.229941e+00,9.912670e+00,-1.247902e+00,2.161539e+00,1.023071e+00
5.951816e+00,9.183478e+00,9.155550e+00,-3.021761e-01,1.739034e+00,8.504148e-01
1.308302e+00,5.009848e+00,1.087799e+01,1.985462e+00,1.212822e+00,2.101566e-01
1.286119e+00,1.625397e+00,8.826334e+00,2.825797e+00,1.312991e+00,1.933570e-01
1.420000e+00,1.202103e+00,8.566097e+00,4.070024e+00,1.628274e+00,-1.257097e-01
1.644218e+00,2.148337e+00,8.926476e+00,4.967483e+00,1.732153e+00,-1.435391e-01
2.910042e+00,1.043586e+00,9.250844e+00,6.225917e+00,1.706279e+00,-2.705581e-01
3.996306e+00,7.249801e-01,9.962732e+00,6.715169e+00,1.527434e+00,-3.191389e-01
6.196352e+00,1.794020e+00,1.350078e+01,7.691220e+00,8.631197e-01,-4.726841e-01
6.110230e+00,2.350547e+00,1.237033e+01,8.057802e+00,2.424078e-01,-5.964063e-01
-1.183045e+00,2.729644e+00,9.745944e+00,7.178384e+00,-2.849456e-01,-9.516389e-01
-7.884585e+00,5.708613e+00,9.819540e+00,5.701090e+00,-2.483193e-01,-7.176320e-01
-8.362101e+00,-5.080545e+00,5.664011e+00,2.703339e+00,1.927525e+00,3.457448e-01
-1.747775e+00,-9.448590e+00,4.424765e+00,1.305893e-01,3.017890e+00,6.334501e-01
7.337215e+00,9.950672e+00,7.090652e+00,-3.404112e+00,2.381694e+00,4.267296e-01
1.477328e+01,3.778201e+01,-3.423735e+00,-2.185895e+00,1.516036e+00,6.611816e-01
-6.785884e+00,-5.273525e+00,5.963800e+00,-1.380700e+00,-1.652168e-01,-1.303901e+00
1.597602e+00,-4.596237e+00,9.083778e+00,-2.762594e+00,1.754398e+00,4.862049e-01
4.244421e+00,1.846058e+01,9.929534e+00,-2.440986e+00,1.492222e+00,2.990812e-01
2.453641e+00,1.592108e+01,7.113987e+00,-1.641307e+00,6.013914e-01,-2.476450e-01
-2.217463e+00,5.728471e+00,5.401380e+00,-1.116533e+00,1.121003e-01,-3.039655e-02
-1.375862e+00,1.084097e+01,4.155905e+00,-1.042134e+00,4.306247e-01,1.141243e-01
2.619083e+00,1.054070e+01,3.432149e+00,-9.121052e-01,8.380701e-01,6.263156e-02
4.693865e+00,9.205645e+00,2.502699e+00,-9.242212e-01,3.530329e-01,-2.030338e-02
8.277679e-01,9.156223e+00,3.030944e+00,-9.981391e-01,-5.433624e-01,-2.653474e-01
-3.548317e-01,1.001775e+01,2.708087e+00,-1.046225e+00,-7.523639e-01,-2.825139e-01
4.706869e-01,8.861030e+00,1.480987e+00,-1.150619e+00,-7.106769e-01,-3.360324e-01
-2.874809e-01,8.718364e+00,1.573492e+00,-1.283447e+00,-8.609042e-01,-3.769304e-01
-2.022996e+00,7.967524e+00,3.374791e+00,-1.465503e+00,-7.716315e-01,-3.324453e-01
6.271815e-02,8.441799e+00,4.178520e+00,-1.545300e+00,-5.347494e-01,-2.116815e-01
1.595800e+00,8.942974e+00,4.880521e+00,-1.585163e+00,-5.517916e-01,-1.688947e-01
1.003870e+00,8.746773e+00,3.480780e+00,-1.647347e+00,-6.935639e-01,-9.392037e-02
7.189053e-01,8.101824e+00,5.513169e-01,-1.958106e+00,-7.751642e-01,-8.456922e-03
3.210245e+00,9.165543e+00,-9.867475e-01,-2.223465e+00,-8.597726e-01,-5.841346e-03
4.507060e+00,9.625493e+00,5.692553e-01,-3.006903e+00,-1.656153e+00,-1.329314e-01
4.597863e+00,1.001969e+01,1.493650e+00,-3.406999e+00,-2.081404e+00,-1.425015e-01
5.089749e+00,1.521756e+01,-2.138452e+00,-4.056716e+00,-2.857044e+00,-8.165803e-02
1.076524e+00,1.608380e+01,2.817364e+00,-4.383462e+00,-3.680687e+00,-6.173416e-02
-8.983248e+00,2.468885e+01,1.590355e+01,-4.800838e+00,-4.255684e+00,-1.081372e-02
-1.620626e+01,2.427223e+01,1.993779e+01,-3.713960e+00,-2.420598e+00,4.168452e-01
-5.697829e+00,5.880106e+00,2.015365e+01,-1.304402e+00,1.970951e+00,1.510818e+00
4.350105e+00,3.544013e+00,1.444481e+01,-1.110921e+00,3.191595e+00,1.504819e+00
7.141500e+00,7.784684e+00,1.184415e+01,7.764638e-01,2.508582e+00,8.869081e-01
6.763608e+00,4.366042e+00,9.837399e+00,1.984227e+00,2.019275e+00,4.422126e-01
5.831927e+00,3.620423e-01,7.344547e+00,3.501184e+00,1.201422e+00,-1.908016e-01
3.967608e+00,2.710794e-01,8.603147e+00,4.338383e+00,8.384518e-01,-4.500496e-01
3.114424e+00,1.516097e+00,8.017858e+00,5.739747e+00,6.183933e-01,-4.233307e-01
2.333017e+00,3.222389e-01,9.303905e+00,6.494612e+00,5.391608e-01,-4.895855e-01
3.146559e+00,-8.334411e-01,1.320516e+01,7.441501e+00,5.238934e-01,-4.186566e-01
3.729770e+00,-5.800908e-01,1.325004e+01,7.972390e+00,5.791689e-01,-3.326518e-01
1.993594e+00,-9.766208e-01,1.413511e+01,7.692401e+00,4.377163e-02,9.356633e-03
-3.096802e+00,4.803187e+00,1.220508e+01,6.437538e+00,6.781289e-02,4.586269e-01
-8.987039e+00,-6.077487e+00,8.518066e+00,3.308712e+00,1.724761e+00,4.172862e-01
-3.977156e+00,-9.493493e+00,7.681403e+00,5.444491e-01,3.131180e+00,7.035460e-01
1.439131e+01,3.090360e+01,-6.710599e+00,-2.393195e+00,2.670130e+00,7.607567e-01
1.517934e+01,2.625662e+01,-6.897953e-01,-1.248845e+00,1.410206e+00,8.583381e-01
-7.726653e+00,-9.369781e+00,8.701294e+00,-1.709980e+00,-7.577784e-01,-1.310814e+00
5.367378e-01,1.303073e+00,1.153845e+01,-2.749217e+00,8.900787e-01,5.987308e-02
1.610925e+00,1.729715e+01,6.490720e+00,-1.921357e+00,8.657275e-01,-7.598092e-02
-3.608751e-01,9.830441e+00,4.477606e+00,-1.257873e+00,6.438036e-01,-2.586573e-01
-1.238542e+00,7.843486e+00,5.537797e+00,-1.224414e+00,9.355637e-01,1.699645e-01
2.731874e+00,1.075149e+01,3.902633e+00,-1.027277e+00,8.889989e-01,7.281961e-02
2.775914e+00,9.476937e+00,3.881224e+00,-9.250203e-01,-2.173302e-01,-2.415983e-01
1.460232e-01,8.200468e+00,3.593451e+00,-8.687492e-01,-4.347867e-01,-2.852171e-01
5.847488e-01,9.653877e+00,3.331926e+00,-8.337999e-01,-2.679322e-01,-2.472519e-01
1.310983e+00,9.118155e+00,2.671141e+00,-7.988455e-01,-2.454411e-01,-2.733096e-01
5.562889e-01,8.148439e+00,8.352943e-01,-1.032930e+00,-6.075762e-01,-3.669698e-01
-1.639826e+00,7.862611e+00,1.310677e+00,-1.196575e+00,-6.797146e-01,-3.613392e-01
-1.491050e+00,8.305574e+00,2.944212e+00,-1.474589e+00,-2.334008e-01,-1.423435e-01
1.173873e+00,8.856746e+00,3.956746e+00,-1.561254e+00,-3.926331e-02,-5.828164e-02
3.353982e+00,8.383189e+00,3.115665e+00,-1.696057e+00,-2.408335e-01,-3.360528e-02
3.455430e+00,8.242369e+00,2.711467e+00,-1.865168e+00,-5.661499e-01,-2.728886e-02
2.033099e+00,9.442105e+00,1.495204e+00,-2.326055e+00,-1.149657e+00,-2.851389e-02
2.536675e-01,1.047788e+01,1.768671e+00,-2.656898e+00,-1.371437e+00,-8.142246e-03
3.813349e-01,1.139993e+01,3.827913e+00,-3.051106e+00,-1.214336e+00,2.552107e-01
2.625840e+00,1.465612e+01,4.444502e-01,-3.315799e+00,-1.096408e+00,5.625297e-01
6.890228e+00,2.055563e+01,-4.710568e+00,-4.014618e+00,-1.783163e+00,7.725857e-01
4.122789e+00,1.726847e+01,2.764360e+00,-4.228037e+00,-3.344566e+00,5.517293e-01
-8.607680e+00,1.935013e+01,1.694256e+01,-4.194575e+00,-3.003196e+00,-5.642583e-01
-9.624962e+00,2.119562e+01,1.878781e+01,-3.071904e+00,-1.663906e+00,-2.649065e-01
6.435297e-01,3.983200e+00,1.481129e+01,-1.598021e+00,1.227852e+00,6.399392e-01
3.784328e+00,1.191381e+01,1.042339e+01,-1.143091e+00,1.654820e+00,6.942204e-01
1.980193e+00,4.862955e+00,1.188119e+01,1.307472e+00,1.742916e+00,2.106872e-01
2.940911e+00,2.682096e+00,9.611046e+00,2.503065e+00,1.963319e+00,3.134267e-01
3.560108e+00,1.014378e+00,8.981060e+00,3.975690e+00,1.875529e+00,-2.921379e-02
2.755623e+00,5.111281e-01,8.160475e+00,4.721455e+00,1.734305e+00,-8.471187e-02
3.459156e+00,6.931685e-02,8.005069e+00,5.974378e+00,1.525539e+00,-2.129246e-01
5.117770e+00,-4.240417e-02,9.045366e+00,6.724282e+00,1.249086e+00,-3.342053e-01
6.515187e+00,9.998100e-01,1.346992e+01,7.674446e+00,3.370430e-01,-5.503287e-01
5.281878e+00,2.254610e+00,1.288896e+01,8.063541e+00,-2.065784e-01,-6.956972e-01
-6.508048e-01,4.250551e+00,1.180298e+01,7.610239e+00,-5.733612e-01,-7.621299e-01
-1.039592e+01,8.795862e+00,1.132314e+01,6.224810e+00,-2.064806e-01,-4.166472e-01
-8.798521e+00,-5.366286e+00,5.987091e+00,3.472037e+00,2.727505e+00,7.163324e-01
4.170236e-01,-1.113721e+01,4.355773e+00,1.062759e+00,3.815082e+00,9.287318e-01
1.539981e+01,2.425671e+01,-2.208684e+00,-2.594848e+00,3.110445e+00,8.195950e-01
2.881594e+01,3.291914e+01,-4.952017e+00,-1.726278e+00,1.863452e+00,1.215376e+00
1.394602e+00,-5.182620e+00,8.602835e+00,-2.236220e+00,-1.229419e+00,-1.145202e+00
2.351020e+00,-5.367653e-01,1.057243e+01,-2.267851e+00,-7.736583e-01,-3.099650e-01
-6.849935e+00,1.609350e+01,1.131497e+01,-2.363241e+00,-1.239622e+00,-1.565263e-01
-1.379998e+01,2.151537e+01,9.658730e+00,-1.946543e+00,-2.665944e-01,-2.924376e-01
-3.974938e+00,3.959628e+00,2.611628e+00,-9.910770e-01,2.048817e+00,6.899391e-01
2.380473e+00,1.010913e+01,3.135667e+00,-1.085093e+00,2.282486e+00,6.566305e-01
7.923445e+00,1.090968e+01,2.205242e+00,-9.984368e-01,1.253913e+00,2.113191e-01
4.708573e+00,6.881884e+00,2.075087e+00,-1.128993e+00,1.528844e-01,-9.405351e-03
3.262473e+00,9.027877e+00,2.448496e+00,-1.275018e+00,-6.064046e-01,-3.022366e-01
1.346818e+00,9.704892e+00,3.163157e+00,-1.346445e+00,-9.225233e-01,-3.637059e-01
-7.235798e-01,8.360283e+00,2.610861e+00,-1.323395e+00,-9.542698e-01,-4.362946e-01
-1.903754e+00,8.518156e+00,3.266937e+00,-1.390458e+00,-8.180526e-01,-3.196846e-01
-2.897256e+00,9.134104e+00,4.744277e+00,-1.333500e+00,-1.493327e-01,-9.501318e-02
4.547510e-01,9.059072e+00,5.195696e+00,-1.288230e+00,2.693898e-01,4.772352e-02
3.136107e+00,8.347054e+00,3.317883e+00,-1.267775e+00,3.569355e-01,1.165674e-01
2.794993e+00,7.615952e+00,2.006897e+00,-1.372973e+00,8.706776e-03,1.066667e-01
1.484333e+00,8.685667e+00,2.007833e+00,-1.766371e+00,-4.404248e-01,2.574933e-02
2.036990e+00,9.008917e+00,1.950663e+00,-2.057809e+00,-7.250246e-01,-3.793707e-02
3.093856e+00,9.693105e+00,2.894616e+00,-2.555207e+00,-1.290968e+00,-2.091304e-02
3.296003e+00,1.190092e+01,2.830944e+00,-2.900252e+00,-1.506535e+00,1.265253e-01
3.943048e+00,1.712088e+01,-1.398268e+00,-3.580239e+00,-1.817922e+00,2.989368e-01
5.304324e+00,1.895037e+01,-3.475034e+00,-3.961861e+00,-2.186325e+00,2.365905e-01
-2.198649e+00,1.714706e+01,1.202522e+01,-4.358000e+00,-4.023333e+00,-1.238042e-02
-9.227839e+00,1.839149e+01,1.818179e+01,-4.045729e+00,-3.617969e+00,-6.154850e-01
-1.330793e+01,1.184082e+01,1.913119e+01,-1.704616e+00,-2.035669e-01,2.385098e-01
2.455327e-01,1.840613e+00,1.408887e+01,-1.082465e+00,1.968417e+00,8.780325e-01
4.903079e+00,8.198407e+00,9.993270e+00,9.266903e-02,2.593004e+00,6.450212e-01
3.652309e+00,4.600709e+00,1.120182e+01,1.533660e+00,2.332359e+00,1.541769e-01
2.887588e+00,3.289815e+00,7.810283e+00,2.927182e+00,2.136296e+00,3.660240e-02
1.093444e+00,2.708380e+00,9.641567e+00,3.651632e+00,2.084339e+00,-2.296473e-01
1.011494e+00,2.268854e+00,9.368368e+00,5.070434e+00,2.473458e+00,-1.489498e-01
4.442026e+00,2.506547e+00,9.873094e+00,5.820929e+00,2.591654e+00,-7.972800e-02
8.029026e+00,1.203148e+00,1.165950e+01,6.720859e+00,1.653940e+00,-9.534082e-02
7.677094e+00,3.650269e-01,9.328912e+00,6.888138e+00,9.559754e-01,-1.934690e-01
1.674553e+00,1.543504e+00,9.583606e+00,6.576607e+00,-4.058455e-02,-5.768251e-01
-1.642820e+00,3.301831e+00,9.664781e+00,5.830125e+00,-1.997565e-01,-7.540487e-01
2.275691e+00,4.053122e+00,7.571135e+00,4.466745e+00,2.606208e-01,-6.905650e-03
6.095970e+00,-2.437948e+00,2.541567e+00,3.441160e+00,9.303832e-02,8.597732e-03
4.053151e+00,-2.488771e+00,2.660126e+00,3.513760e-01,-5.889009e-01,-4.800000e-01
6.807189e-01,2.098144e+00,1.486994e+00,-1.824326e+00,-1.323703e+00,-3.769325e-01
-1.838274e+01,3.535322e+01,1.305901e+01,-3.597775e+00,-1.161590e+00,-4.799815e-01
-1.168464e+00,2.445316e+00,9.320843e+00,-2.563312e+00,1.343973e+00,5.053964e-01
5.985393e+00,-2.484905e+00,1.068327e+01,-2.141395e+00,1.817877e+00,5.577544e-01
6.389406e+00,1.399196e+01,9.410396e+00,-1.797003e+00,1.345606e+00,3.757055e-01
7.908393e-01,1.150389e+01,2.184269e+00,-9.872379e-01,-2.663742e-01,-8.410439e-02
-2.758830e+00,4.692735e+00,3.115973e-01,-7.716212e-01,-6.421614e-01,-2.572036e-01
-5.515714e-01,1.219487e+01,4.398687e+00,-1.043546e+00,-1.782036e-01,-1.483263e-01
9.854708e-01,1.072575e+01,3.560305e+00,-8.801640e-01,-1.711664e-01,-9.858936e-02
-4.360146e-01,8.569943e+00,2.189982e+00,-9.194220e-01,-2.644072e-01,-9.406039e-02
2.274510e-01,9.579608e+00,2.373921e+00,-9.580622e-01,-3.066345e-01,-1.387160e-01
5.306698e-01,8.274293e+00,2.336427e+00,-1.022721e+00,-4.867647e-01,-2.514745e-01
3.595301e-01,8.517423e+00,2.464570e+00,-1.178796e+00,-6.173656e-01,-2.818374e-01
-6.248337e-01,9.157749e+00,3.697744e+00,-1.321471e+00,-8.312011e-01,-3.473416e-01
4.721102e-01,9.807376e+00,5.213754e+00,-1.330555e+00,-9.627845e-01,-3.363539e-01
2.886661e+00,8.382337e+00,4.978295e+00,-1.425358e+00,-1.257416e+00,-4.060678e-01
2.532120e+00,8.526869e+00,4.197644e+00,-1.547955e+00,-1.651245e+00,-4.458040e-01
-5.406965e-01,8.848763e+00,2.940308e+00,-1.782377e+00,-2.038289e+00,-2.937777e-01
-1.703448e+00,9.068516e+00,4.675696e-01,-2.025949e+00,-1.945897e+00,-8.210572e-02
6.376476e-01,8.623635e+00,-5.204705e-01,-2.635173e+00,-1.513273e+00,1.616510e-01
5.666907e+00,1.020946e+01,6.699491e-01,-3.174893e+00,-1.526375e+00,1.927332e-01
6.558025e+00,1.530350e+01,2.180700e+00,-4.236668e+00,-2.658149e+00,2.645754e-01
5.769164e+00,2.339996e+01,3.280111e+00,-4.917990e+00,-3.992336e+00,4.847997e-01
-2.778863e+01,1.419741e+01,2.145400e+01,-5.127266e+00,-4.094430e+00,-4.088469e-02
-2.053266e+01,9.202351e+00,2.279653e+01,-4.890554e+00,-9.777234e-01,1.335994e+00
2.956567e+00,3.839491e+00,1.841765e+01,-3.295374e+00,4.480536e+00,2.985975e+00
1.241627e+01,7.138843e+00,8.644850e+00,-2.314877e+00,4.382331e+00,2.288532e+00
1.270584e+01,3.939890e+00,7.257957e+00,-5.587210e-01,1.733888e+00,1.200100e+00
8.141856e+00,2.797477e+00,7.300805e+00,2.723526e-01,2.351166e-01,3.599855e-01
4.509247e-01,1.494139e+00,7.603091e+00,1.846276e+00,-8.384469e-01,-2.983661e-01
-3.090974e+00,8.275690e-01,7.394144e+00,2.849578e+00,-3.788185e-01,-4.610927e-01
-5.151752e+00,8.761285e-01,8.293762e+00,4.146343e+00,1.270581e+00,-3.615610e-01
1.783187e-01,1.676767e+00,9.105361e+00,4.789256e+00,2.396031e+00,-1.905752e-01
5.427352e+00,2.103280e+00,9.298954e+00,5.699273e+00,2.763411e+00,1.654403e-01
8.256172e+00,2.503082e+00,8.995391e+00,6.092091e+00,1.888251e+00,8.054355e-02
8.041293e+00,2.918358e+00,9.920524e+00,6.451501e+00,-8.572918e-02,-5.356141e-01
6.596655e+00,3.291855e+00,1.157371e+01,6.640435e+00,-1.267759e+00,-1.066756e+00
3.741031e+00,4.089955e+00,1.240445e+01,6.898980e+00,-2.668709e+00,-1.844138e+00
-1.832523e+00,3.453511e+00,1.062687e+01,6.682704e+00,-3.061956e+00,-2.170290e+00
-9.405744e+00,1.851590e+00,9.143261e+00,4.700828e+00,-2.109615e+00,-1.777351e+00
-6.815341e+00,9.244560e-01,5.149630e+00,3.312227e+00,-8.690462e-01,-9.106030e-01
2.053880e+00,-9.275890e+00,5.492587e-01,6.618236e-02,7.630272e-01,-1.899320e-02
-8.550507e-01,2.284630e+00,2.061016e+00,-2.774490e+00,2.402870e-01,1.511987e-01
-3.148895e+01,3.647400e+01,1.205301e+01,-1.915357e+00,1.398132e+00,-6.140409e-01
2.222074e+01,-5.027412e+00,3.723078e+00,-8.630388e-01,5.335098e+00,1.279078e+00
1.943908e+01,6.670095e+00,7.523728e+00,-2.647827e+00,4.272594e+00,1.381771e+00
2.559153e+01,1.814468e+01,8.649309e+00,-2.497810e+00,1.514946e+00,2.002284e-01
-6.656675e+00,3.384634e+00,9.059080e+00,-1.545779e+00,-4.365622e+00,-1.741264e+00
-1.760009e+01,6.886931e+00,8.985912e+00,-1.483162e+00,-3.859626e+00,-9.992703e-01
-1.313319e+01,1.302393e+01,7.362094e+00,-8.597089e-01,4.040141e-01,2.935714e-01
1.527360e+00,9.496307e+00,4.507808e+00,-6.404573e-01,2.211366e+00,9.768208e-01
1.219585e+01,8.704817e+00,7.288592e-01,-8.119054e-01,1.284829e+00,5.368656e-01
7.482404e+00,6.943888e+00,1.219434e+00,-9.854727e-01,-7.664448e-01,-9.717462e-02
-4.594148e+00,9.299945e+00,3.743190e+00,-1.263001e+00,-2.771248e+00,-7.082911e-01
-7.685243e+00,9.783294e+00,3.980739e+00,-1.199223e+00,-2.419301e+00,-6.670462e-01
-8.095726e+00,7.196200e+00,4.000335e+00,-1.017392e+00,-7.994573e-01,-2.206020e-01
-1.003733e+00,7.234550e+00,3.017952e+00,-1.108922e+00,-4.972011e-02,3.399754e-02
3.631886e+00,8.282921e+00,3.066045e+00,-1.327436e+00,3.121423e-02,4.074457e-02
3.335984e+00,7.916953e+00,3.690503e+00,-1.484031e+00,-4.980927e-01,-1.454952e-01
-4.736179e-01,6.801805e+00,5.120363e+00,-1.680820e+00,-1.200756e+00,-3.518433e-01
-7.482273e-02,7.548085e+00,4.876513e+00,-1.755699e+00,-1.221069e+00,-3.206116e-01
2.946450e+00,1.067332e+01,2.504116e+00,-1.953934e+00,-1.248760e+00,-2.295681e-01
2.319695e+00,1.024000e+01,8.796951e-01,-2.189783e+00,-1.482055e+00,-1.768914e-01
4.637545e+00,9.928632e+00,-3.137490e-01,-2.761310e+00,-1.512462e+00,-1.680483e-01
8.777910e+00,1.022161e+01,-1.314036e+00,-3.143947e+00,-1.596504e+00,-1.933021e-01
8.321712e+00,1.428977e+01,2.979382e+00,-4.480560e+00,-2.963209e+00,-5.412871e-01
-6.657605e-01,2.006184e+01,1.237420e+01,-5.092672e+00,-4.737997e+00,-1.135518e+00
-1.634511e+01,2.079412e+01,2.036044e+01,-3.872612e+00,-3.589475e+00,-1.005780e+00
-1.132499e+01,1.362680e+00,2.198653e+01,-2.314679e+00,-1.037710e+00,-1.127743e-01
6.150448e+00,1.142778e+01,1.063454e+01,-2.044352e+00,2.639406e+00,7.485906e-01
7.248252e+00,9.713979e+00,1.094243e+01,-1.928486e-01,2.300279e+00,3.846608e-01
4.383581e+00,2.671241e+00,7.582963e+00,1.538039e+00,1.212640e+00,-4.833535e-02
4.185901e+00,1.931032e+00,7.904643e+00,2.199281e+00,1.021888e+00,-2.884460e-01
3.542164e+00,4.489982e+00,8.843918e+00,3.493138e+00,6.436558e-01,-5.096242e-01
2.979801e+00,2.787726e+00,8.846239e+00,4.548162e+00,5.096333e-01,-5.974220e-01
3.412780e+00,1.304927e+00,9.001707e+00,5.646455e+00,5.217578e-01,-6.437471e-01
3.506847e+00,9.901395e-01,9.907684e+00,6.148182e+00,4.219612e-01,-5.742869e-01
3.017578e+00,2.268547e+00,1.215211e+01,7.076661e+00,1.301139e-01,-3.602159e-01
3.486958e+00,1.625761e+00,1.231175e+01,7.704271e+00,1.167313e-01,-2.135353e-01
2.374852e-01,2.644200e+00,1.107235e+01,7.907654e+00,-1.586727e-01,4.350301e-02
-4.913772e+00,8.430321e+00,9.179490e+00,6.905114e+00,-1.723120e-01,4.441348e-01
-2.395381e+00,6.073618e-01,5.285402e+00,4.685582e+00,1.221407e+00,1.052099e+00
-5.874738e-01,-5.835422e+00,2.002812e+00,2.565135e+00,1.603497e+00,8.114182e-01
6.043561e+00,-3.042421e+00,3.376072e+00,-1.130575e+00,1.112726e+00,1.775510e-01
5.417278e+00,2.070040e+00,9.792171e+00,-2.964439e+00,-8.028954e-02,-4.152826e-01
2.143319e+00,1.781563e+01,7.251436e+00,-3.488366e+00,-1.927068e+00,-1.225705e+00
3.668054e+00,3.743546e+01,4.271434e+00,-2.537969e-01,-1.959935e+00,-6.768705e-01
-9.376026e+00,-8.696381e+00,6.368759e+00,-1.597282e+00,-9.584171e-02,-6.912318e-01
-6.898090e-01,-8.972779e-01,8.316959e+00,-2.570643e+00,3.007143e+00,1.214981e+00
9.601811e+00,1.920221e+01,5.407845e+00,-1.775069e+00,2.528763e+00,2.804330e-01
8.364203e+00,9.764577e+00,5.557575e+00,-1.105208e+00,3.204407e-01,-6.659567e-02
-1.476651e+00,7.057444e+00,3.139505e+00,-1.111841e+00,-1.656849e+00,-6.010495e-01
-6.194557e+00,1.015528e+01,4.434437e+00,-1.088819e+00,-1.307416e+00,-3.854557e-01
1.284325e+00,1.095396e+01,3.063670e+00,-1.071886e+00,3.130267e-01,3.707191e-03
2.660331e+00,8.170479e+00,2.274529e+00,-9.736344e-01,1.142873e-01,-3.344151e-02
1.839757e+00,8.899885e+00,2.453988e+00,-1.076912e+00,-6.480897e-01,-1.935791e-01
-5.702103e-01,9.043968e+00,2.327884e+00,-1.141523e+00,-1.025985e+00,-3.191125e-01
-1.574312e+00,8.802000e+00,2.010711e+00,-1.250245e+00,-9.379912e-01,-3.294206e-01
-3.367424e+00,8.803015e+00,2.465220e+00,-1.328161e+00,-7.198057e-01,-2.982105e-01
-2.513653e+00,8.312827e+00,5.347700e+00,-1.354860e+00,-4.453955e-02,-1.182315e-01
1.335949e+00,9.672011e+00,6.122258e+00,-1.347320e+00,3.391207e-01,2.396323e-02
4.048606e+00,9.064374e+00,3.828692e+00,-1.308086e+00,1.343737e-01,1.304231e-02
2.355654e+00,7.781795e+00,2.195560e+00,-1.457441e+00,-3.271391e-01,-2.373138e-03
2.951876e+00,9.912832e+00,6.068975e-02,-1.950210e+00,-7.131878e-01,3.143348e-02
3.757523e+00,1.027611e+01,-1.710975e+00,-2.352222e+00,-1.108888e+00,-4.908906e-02
3.960254e+00,1.045525e+01,1.099251e+00,-3.087057e+00,-1.780454e+00,-1.542560e-01
7.077151e+00,1.104501e+01,1.368687e+00,-3.538400e+00,-2.011092e+00,-1.699771e-01
6.847684e+00,1.377762e+01,-1.410025e+00,-4.189778e+00,-3.479381e+00,-4.318013e-01
-4.458734e+00,1.647124e+01,8.061542e+00,-4.520332e+00,-4.618415e+00,-4.692482e-01
-1.485549e+01,2.587545e+01,1.910320e+01,-4.890029e+00,-4.194675e+00,-1.638834e-01
-1.659786e+01,2.038383e+01,1.916265e+01,-3.353401e+00,-1.560095e+00,7.995750e-01
5.920615e-01,1.180339e-01,2.068588e+01,-1.274753e+00,2.721531e+00,1.683990e+00
7.446009e+00,6.003298e+00,1.132390e+01,-1.303730e+00,3.650354e+00,1.643151e+00
7.349131e+00,6.663638e+00,1.030466e+01,6.568655e-01,2.498760e+00,1.076320e+00
5.720149e+00,2.746940e+00,8.212596e+00,1.961501e+00,1.603272e+00,5.109424e-01
4.016029e+00,1.060529e+00,7.304684e+00,3.310864e+00,7.399728e-01,-7.516098e-02
1.609767e+00,1.992180e+00,8.207870e+00,4.061436e+00,5.494022e-01,-3.429145e-01
1.622203e+00,1.879110e+00,7.955718e+00,5.318780e+00,6.700569e-01,-2.895502e-01
2.349569e+00,5.319981e-01,8.351456e+00,5.907266e+00,7.266072e-01,-4.045303e-01
3.373248e+00,2.526037e-01,9.917167e+00,6.779730e+00,5.097412e-01,-4.979072e-01
3.601362e+00,2.535266e+00,1.286310e+01,7.375357e+00,3.196211e-01,-6.138850e-01
2.398761e+00,2.800512e+00,1.388088e+01,8.217995e+00,2.700271e-01,-7.591870e-01
-2.382242e+00,5.452999e+00,1.153189e+01,7.987873e+00,1.874606e-01,-6.050674e-01
-8.184597e+00,5.620002e+00,9.685190e+00,5.993957e+00,8.052132e-01,2.146615e-01
-6.957168e+00,-3.255903e+00,6.118789e+00,4.288986e+00,2.064189e+00,7.470346e-01
2.320405e+00,-1.050159e+01,2.105407e+00,5.364486e-04,3.450206e+00,6.205682e-01
8.753120e+00,-3.056871e+00,6.942385e+00,-2.594018e+00,2.671985e+00,3.545255e-01
2.653840e+01,3.941000e+01,-6.114895e+00,-3.485197e+00,7.340560e-01,3.672236e-01
2.198458e+01,2.887475e+01,-5.556275e+00,-3.603340e-01,-4.289496e-01,1.281632e-01
-9.496847e+00,-1.567802e+00,1.181697e+01,-2.695207e+00,-1.775923e+00,-1.079031e+00
-6.276185e+00,7.642121e+00,1.277646e+01,-3.299056e+00,1.352161e-01,-3.777184e-03
-1.710302e+00,1.451034e+01,9.085023e+00,-2.186246e+00,8.443429e-01,7.442067e-02
-9.747075e-01,1.054491e+01,6.226820e+00,-1.398603e+00,5.525754e-01,6.218859e-02
-2.147316e+00,1.034515e+01,3.428854e+00,-9.546975e-01,9.339383e-01,7.079189e-02
1.333418e+00,9.925940e+00,2.308197e+00,-7.654367e-01,1.397969e+00,1.861074e-01
5.015995e-01,1.013417e+01,2.104450e+00,-8.394200e-01,9.230778e-01,-7.192677e-02
5.723152e-03,8.703539e+00,2.611712e+00,-7.974672e-01,5.708705e-01,-2.103631e-01
3.322752e+00,8.537462e+00,2.227452e+00,-9.495609e-01,4.989565e-01,-1.311308e-01
4.239062e+00,8.072180e+00,5.856017e-01,-1.125271e+00,7.287681e-02,-2.796600e-01
1.067189e-01,8.502324e+00,2.059843e-01,-1.529490e+00,-7.994695e-01,-5.415220e-01
-3.334516e+00,7.860774e+00,1.813193e+00,-1.684193e+00,-1.001275e+00,-7.021932e-01
-4.624529e+00,8.131593e+00,5.662725e+00,-1.824996e+00,-2.825092e-01,-4.020338e-01
2.321533e+00,9.097329e+00,6.914003e+00,-1.745984e+00,4.152938e-01,-1.753859e-01
5.650426e+00,9.321506e+00,4.917813e+00,-1.699573e+00,1.464272e-01,-1.870381e-01
3.269902e+00,7.631675e+00,2.807567e+00,-1.748751e+00,-3.929773e-01,-2.568255e-01
3.572566e+00,9.440435e+00,-5.600000e-01,-2.245727e+00,-9.168046e-01,-3.055847e-01
2.501234e+00,9.220837e+00,1.658665e-01,-2.758848e+00,-1.396870e+00,-3.925716e-01
9.903636e-01,1.002998e+01,3.049828e+00,-3.340998e+00,-1.652978e+00,-3.141517e-01
1.017333e+01,1.136144e+01,-3.772768e+00,-3.739522e+00,-1.585116e+00,-2.401217e-01
1.514160e+01,1.468884e+01,-4.130739e+00,-4.674870e+00,-2.946524e+00,-5.548118e-01
9.786051e-01,1.989742e+01,1.238672e+01,-5.270451e+00,-5.864570e+00,-9.589705e-01
-2.896567e+01,3.295524e+01,2.820507e+01,-4.933568e+00,-5.960300e+00,-8.495020e-01
-2.703787e+01,8.268764e+00,2.118582e+01,-2.160742e+00,-1.660164e+00,1.148652e+00
4.091257e+00,4.122867e+00,1.916313e+01,-1.454589e+00,4.644100e+00,2.250259e+00
1.271494e+01,1.208761e+01,1.431270e+01,-5.986881e-01,4.807458e+00,1.939330e+00
1.287250e+01,3.303132e+00,9.653695e+00,2.130053e+00,2.668699e+00,7.502867e-01
8.536063e+00,-6.030037e-03,6.732603e+00,3.040588e+00,7.664275e-01,2.924821e-01
2.841728e-01,2.879050e+00,9.677667e+00,4.251422e+00,-3.407224e-01,-8.075868e-02
-1.230000e+00,2.608905e+00,1.038199e+01,5.130560e+00,5.909958e-02,-1.420581e-01
1.436665e-01,9.218039e-01,1.019463e+01,6.502631e+00,1.095558e+00,-8.050709e-02
3.738449e+00,-5.374921e-01,1.296560e+01,7.140782e+00,1.405462e+00,3.988235e-03
6.877557e+00,-2.177596e+00,1.296332e+01,7.931811e+00,9.539950e-01,5.515344e-02
6.177461e+00,-5.027551e+00,1.480044e+01,8.142022e+00,-8.122788e-03,-1.654773e-01
-3.490185e+00,-4.037247e+00,1.331761e+01,6.829865e+00,-1.428030e+00,-5.541580e-01
-7.449260e+00,-1.764691e+00,1.295476e+01,4.268694e+00,-4.973627e-01,-7.796186e-01
-4.456001e+00,-1.021029e+01,1.189657e+01,9.301386e-01,8.927825e-01,-8.469861e-01
9.755971e-01,-4.628817e+00,8.591881e+00,-1.308476e+00,1.158536e+00,-6.602254e-01
1.347006e+01,3.839314e+01,-1.251565e+01,-1.266696e+00,8.825617e-01,8.914633e-01
-1.671829e+01,-5.958234e+00,7.186804e+00,-5.845634e-01,2.598430e-02,-5.454633e-01
1.077401e+01,-7.361693e+00,1.124352e+01,-2.989078e+00,4.616964e+00,1.563956e+00
1.423104e+01,1.029242e+01,1.010058e+01,-2.627313e+00,3.389680e+00,1.086513e+00
9.219849e+00,1.524233e+01,7.869814e+00,-1.698754e+00,-5.264856e-01,-7.292796e-01
-6.334852e+00,8.749727e+00,8.251965e+00,-1.628184e+00,-2.076457e+00,-8.696002e-01
-9.591078e+00,6.978600e+00,6.844611e+00,-1.077182e+00,-7.418745e-01,-2.853126e-01
-3.168079e+00,1.242966e+01,9.398606e+00,-9.762829e-01,9.823602e-01,1.189195e-01
6.378875e+00,8.359063e+00,5.041967e+00,-4.608168e-01,1.668134e+00,3.732094e-01
8.495759e+00,8.835674e+00,3.306100e+00,-4.572232e-01,1.085390e+00,2.122184e-01
5.963428e+00,9.253565e+00,2.641728e+00,-5.712074e-01,-7.158271e-01,-4.813359e-01
8.893184e-01,9.880483e+00,2.308793e+00,-7.606305e-01,-1.779411e+00,-8.076103e-01
-3.918973e+00,8.444024e+00,1.328182e+00,-1.007615e+00,-2.133929e+00,-8.060287e-01
-6.817253e+00,7.186295e+00,2.100990e+00,-1.127876e+00,-1.835121e+00,-6.194491e-01
-3.381273e+00,7.340248e+00,2.379390e+00,-1.270449e+00,-6.625371e-01,-2.995546e-01
-1.201266e+00,8.003123e+00,2.442498e+00,-1.390007e+00,-9.298571e-02,-1.330675e-01
3.552427e+00,7.813649e+00,2.350631e+00,-1.657591e+00,9.933634e-02,-2.862836e-02
5.695404e+00,9.081434e+00,3.627941e-01,-1.943918e+00,-2.749605e-01,-6.344046e-02
2.181262e+00,9.135702e+00,1.881628e+00,-2.510545e+00,-1.311327e+00,-3.306005e-01
6.759745e-01,1.059073e+01,2.631830e+00,-2.919153e+00,-1.701006e+00,-2.578576e-01
7.454780e-01,1.611950e+01,1.186926e-01,-3.372456e+00,-1.537597e+00,1.856953e-01
4.946243e+00,1.782312e+01,-2.345100e+00,-3.741125e+00,-1.388529e+00,2.219800e-01
4.664640e+00,1.442400e+01,7.306216e+00,-4.374462e+00,-2.827329e+00,-2.225156e-01
-3.813623e+00,1.998906e+01,1.636250e+01,-4.688864e+00,-2.920630e+00,-8.197615e-01
-5.945613e+00,1.574586e+01,1.774727e+01,-3.132574e+00,-1.789387e+00,-6.793416e-01
-2.263123e+00,2.224871e+00,1.777402e+01,-1.817651e+00,-2.016356e-01,-4.445280e-02
3.652440e+00,1.074280e+01,9.891866e+00,-1.322678e+00,1.317651e+00,2.506835e-01
2.046205e+00,7.881345e+00,1.182558e+01,9.397425e-03,1.391085e+00,-1.203562e-01
3.640612e+00,3.098179e+00,8.110113e+00,1.783910e+00,1.800510e+00,-2.992498e-01
4.109298e+00,2.963684e+00,7.320526e+00,2.719867e+00,1.772253e+00,-3.999796e-01
2.539383e+00,2.285682e+00,7.892622e+00,4.112842e+00,1.340683e+00,-2.699502e-01
2.706225e+00,2.059101e+00,7.863595e+00,4.841069e+00,1.248017e+00,-1.018847e-01
3.891924e+00,1.173884e+00,8.511924e+00,5.797019e+00,9.341426e-01,7.542904e-02
4.472393e+00,8.055636e-01,9.077041e+00,6.409912e+00,5.941390e-01,1.506033e-01
4.726330e+00,2.263229e+00,1.237322e+01,7.243760e+00,-1.613942e-01,1.213131e-01
2.480935e+00,1.457684e-02,1.289721e+01,7.739892e+00,-5.188728e-01,-1.007487e-01
-4.968796e+00,1.678024e+00,1.114737e+01,7.145836e+00,-5.836385e-01,-8.053106e-02
-6.527338e+00,4.516691e+00,1.119611e+01,5.343022e+00,2.520219e-01,3.328638e-01
-2.026590e+00,-9.558126e+00,5.078409e+00,1.627587e+00,1.706524e+00,7.668538e-01
1.894363e+00,-9.930553e+00,5.414449e+00,-6.048954e-01,1.747788e+00,5.803443e-01
1.975423e+01,3.812499e+01,-9.766184e+00,-3.267874e+00,3.999058e-01,2.691034e-01
-5.095253e+00,2.231509e+00,6.954102e+00,-1.860061e+00,-1.651932e+00,-1.277582e+00
5.146558e+00,-9.126769e+00,9.437074e+00,-2.524208e+00,-2.827136e-01,-5.052620e-01
3.081634e+00,3.504698e+00,1.242395e+01,-2.825855e+00,-1.143494e-01,2.230549e-01
-9.163342e+00,2.175840e+01,1.140146e+01,-1.771473e+00,4.674665e-01,6.980397e-03
-3.568062e+00,7.135281e+00,8.452356e+00,-1.044853e+00,1.382801e+00,4.392649e-01
5.001738e+00,7.645193e+00,5.300786e+00,-7.701631e-01,2.027389e+00,6.344397e-01
7.348112e+00,1.030649e+01,4.941977e+00,-6.509638e-01,1.120913e+00,3.567729e-01
1.756271e+00,1.061130e+01,3.661610e+00,-6.532093e-01,-3.504474e-01,-3.343231e-02
1.306563e+00,9.013813e+00,2.448875e+00,-5.693694e-01,-5.138139e-01,-1.075187e-01
3.962473e-01,9.523018e+00,1.841849e+00,-7.245382e-01,-4.349405e-01,-1.765729e-01
1.005639e+00,8.715622e+00,1.194806e+00,-8.584961e-01,-5.252218e-01,-1.935745e-01
5.929391e-01,7.682215e+00,6.031950e-01,-1.293786e+00,-1.018290e+00,-2.890023e-01
-1.483548e+00,8.125253e+00,1.896264e+00,-1.482355e+00,-1.160278e+00,-3.124340e-01
-3.625613e+00,8.613452e+00,4.354902e+00,-1.540979e+00,-9.231550e-01,-2.651736e-01
-3.447542e+00,8.584185e+00,5.159198e+00,-1.475026e+00,-3.329364e-01,-1.131670e-01
1.757133e+00,8.103541e+00,5.222670e+00,-1.517035e+00,1.861783e-01,1.654769e-01
4.946953e+00,8.682949e+00,2.140493e+00,-1.742737e+00,-1.109339e-03,2.443331e-01
3.485255e+00,9.419405e+00,9.714414e-01,-2.172215e+00,-6.669637e-01,1.520710e-01
3.215508e+00,1.125170e+01,-2.575782e-01,-2.657137e+00,-1.209913e+00,1.580346e-02
4.499648e+00,1.120802e+01,-4.172945e-01,-3.449229e+00,-1.742549e+00,4.124127e-02
7.080359e+00,1.365651e+01,-1.703619e+00,-3.922493e+00,-2.101506e+00,1.146311e-01
3.051060e+00,1.834585e+01,1.931972e+00,-4.471619e+00,-4.225627e+00,1.177252e-01
-5.281982e+00,1.801789e+01,1.256606e+01,-4.539091e+00,-4.266109e+00,-2.975690e-01
-1.523398e+01,2.632242e+01,1.969271e+01,-2.794632e+00,-1.270811e+00,4.023570e-01
-9.906169e+00,7.255026e+00,2.061295e+01,-1.421785e+00,1.088480e+00,1.060217e+00
9.025965e+00,8.258565e+00,1.122378e+01,-1.131344e+00,2.821046e+00,1.219666e+00
8.197298e+00,9.640074e+00,1.131173e+01,4.058896e-01,2.016227e+00,5.803786e-01
5.699234e+00,4.887473e+00,9.519599e+00,2.464501e+00,9.378109e-01,-9.761890e-02
4.029132e+00,1.471215e+00,7.456746e+00,3.349255e+00,6.512527e-01,-4.197137e-01
1.914507e+00,5.723321e-01,7.983952e+00,4.481062e+00,7.560323e-01,-9.306963e-01
1.710881e+00,9.319784e-01,7.550108e+00,5.135642e+00,8.971273e-01,-9.664486e-01
1.847189e+00,2.157610e-01,8.503132e+00,6.133539e+00,9.364811e-01,-1.129077e+00
2.531578e+00,1.448288e-01,9.356654e+00,6.777835e+00,8.200549e-01,-1.118836e+00
4.595920e+00,2.091558e+00,1.314698e+01,7.588105e+00,3.925048e-01,-9.519743e-01
4.463252e+00,2.938989e+00,1.337892e+01,7.900337e+00,1.231927e-03,-9.851882e-01
6.439449e-01,2.789176e+00,1.114566e+01,6.719282e+00,-2.502692e-01,-9.361885e-01
-1.059870e+01,4.975632e+00,9.168678e+00,5.236509e+00,6.795456e-01,-5.368371e-01
-9.217865e+00,-7.090680e+00,4.931150e+00,2.073585e+00,3.680031e+00,7.657480e-01
-2.568904e+00,-1.083412e+01,6.677358e+00,-1.052736e+00,4.697636e+00,1.200531e+00
9.719491e+00,3.258081e+00,1.093269e+01,-4.097376e+00,3.267052e+00,8.744174e-01
2.605966e+01,3.940646e+01,-1.058958e+01,-1.407732e+00,1.481126e+00,3.595933e-01
-1.867637e+01,-1.152314e+01,8.860607e+00,-7.757755e-01,-1.707313e+00,-2.121087e+00
-1.176928e+01,-1.167315e+01,1.211585e+01,-2.461702e+00,2.220927e+00,8.603704e-01
9.224452e+00,2.403310e+01,1.044891e+01,-1.568262e+00,4.084242e+00,6.725512e-01
1.433423e+01,1.343210e+01,8.513381e+00,-1.141958e+00,2.072437e+00,2.120463e-01
3.621565e+00,4.963081e+00,5.156639e+00,-1.008907e+00,-9.300401e-01,-3.979003e-01
-2.421720e+00,1.377283e+01,4.451554e+00,-8.741585e-01,-8.984802e-01,-3.143391e-01
3.660597e-01,1.038025e+01,6.612039e-01,-7.599578e-01,-8.774460e-02,-1.971913e-01
2.341001e+00,7.721233e+00,-7.258851e-01,-8.972167e-01,-1.754044e-01,-1.804854e-01
-1.145694e-01,7.557779e+00,-5.744243e-01,-1.272720e+00,-9.084192e-01,-3.706070e-01
-1.818352e+00,6.961098e+00,-1.452363e-01,-1.544170e+00,-1.130861e+00,-4.265100e-01
-2.306961e+00,7.422512e+00,8.368749e-01,-1.829388e+00,-1.090788e+00,-4.456794e-01
-1.398633e+00,7.645801e+00,3.450122e+00,-1.872533e+00,-9.289990e-01,-4.452726e-01
1.778183e+00,9.183199e+00,4.380966e+00,-1.963271e+00,-6.917818e-01,-2.823478e-01
2.642083e+00,8.661699e+00,3.753445e+00,-1.999529e+00,-7.847840e-01,-2.275548e-01
1.105335e+00,8.939827e+00,1.125660e+00,-2.290515e+00,-8.948274e-01,-3.507814e-02
1.224873e+00,9.163513e+00,-6.090631e-01,-2.580179e+00,-9.758788e-01,-3.808752e-03
3.191173e+00,9.803290e+00,-1.015909e-02,-3.192795e+00,-1.407505e+00,3.515682e-02
5.710256e+00,1.087068e+01,2.726793e-01,-3.616233e+00,-1.791445e+00,7.412151e-02
5.225526e+00,1.609338e+01,-2.743349e+00,-4.255883e+00,-3.254387e+00,1.421723e-01
2.013402e-01,1.904192e+01,5.435708e+00,-4.572799e+00,-4.161185e+00,2.751096e-01
-1.050337e+01,2.258912e+01,1.642069e+01,-4.439285e+00,-2.769556e+00,-1.698871e-01
-8.159425e+00,1.763461e+01,1.911734e+01,-2.866039e+00,-6.893738e-01,2.347497e-01
1.237941e+00,3.740884e+00,1.939150e+01,-1.949119e+00,2.031096e+00,6.482713e-01
8.276583e+00,8.940054e+00,1.041387e+01,-1.507151e+00,1.975731e+00,3.922670e-01
5.047522e+00,6.465308e+00,1.090504e+01,5.490517e-01,1.207532e+00,-3.561005e-01
4.846187e+00,5.035803e+00,8.794131e+00,1.832926e+00,9.123031e-01,-4.855114e-01
3.225348e+00,1.876893e+00,8.333766e+00,3.190315e+00,7.837555e-01,-8.572918e-01
1.361966e+00,2.630497e+00,8.315424e+00,3.779931e+00,8.488382e-01,-7.834792e-01
5.221418e-01,3.319795e+00,8.067653e+00,4.997549e+00,1.168728e+00,-6.287862e-01
1.481361e+00,1.113089e+00,9.101571e+00,5.700482e+00,1.425465e+00,-5.228043e-01
4.056325e+00,1.558282e+00,1.007508e+01,6.597889e+00,1.315006e+00,-1.805293e-01
5.308477e+00,1.982883e+00,1.203102e+01,7.094115e+00,8.404968e-01,-5.153732e-02
4.360468e+00,6.465872e-01,1.185521e+01,7.543457e+00,1.283507e-01,-6.108441e-02
1.400839e-01,1.725798e+00,1.035065e+01,6.925739e+00,-3.234215e-01,1.383437e-01
-6.972758e+00,4.469268e+00,1.062517e+01,4.995504e+00,4.714177e-01,3.793445e-01
-6.193000e+00,-2.600217e+00,7.905468e+00,2.997614e+00,1.814424e+00,7.590306e-01
3.460193e+00,-7.563306e+00,6.379704e+00,-7.506356e-01,2.314809e+00,4.344989e-01
8.227186e+00,-1.790903e+00,8.256646e+00,-2.416326e+00,1.314376e+00,-1.111458e-02
6.909492e+00,3.112836e+01,-5.083396e+00,-1.580160e+00,-1.039100e-01,9.748677e-02
6.414535e+00,2.976300e+01,1.136104e+00,2.541216e-01,-9.221588e-01,-5.503197e-01
-1.506226e+01,-6.754562e+00,7.324737e+00,-2.220105e+00,6.194692e-01,-4.805332e-01
2.039359e+00,6.085345e+00,9.199946e+00,-2.729363e+00,2.462231e+00,8.823345e-01
3.484196e+00,1.477132e+01,5.629771e+00,-1.500720e+00,1.483204e-01,-5.013679e-01
-8.919302e-01,9.854614e+00,5.877303e+00,-1.200059e+00,-2.891892e-01,-2.620707e-01
-3.645835e+00,8.041992e+00,4.086566e+00,-1.042616e+00,3.788046e-01,1.072279e-01
-6.835050e-01,1.114799e+01,3.475545e+00,-8.501683e-01,1.244806e+00,2.641132e-01
2.523064e+00,1.043612e+01,3.203427e+00,-7.840600e-01,1.156913e+00,1.432489e-01
4.648113e+00,8.193425e+00,1.959833e+00,-7.439832e-01,4.867989e-01,-6.860315e-02
1.961185e+00,8.727761e+00,1.781820e+00,-9.954986e-01,-4.598797e-01,-2.765719e-01
3.637488e-01,9.363878e+00,1.436840e+00,-1.080481e+00,-6.469457e-01,-3.378024e-01
-3.419436e-01,8.281382e+00,5.703746e-01,-1.382575e+00,-7.564404e-01,-3.643447e-01
-2.235028e+00,8.759143e+00,2.483142e+00,-1.530387e+00,-5.596237e-01,-2.716517e-01
7.973772e-01,8.179684e+00,4.859270e+00,-1.670675e+00,-2.659702e-01,-1.131624e-01
3.527196e+00,1.031540e+01,4.939862e+00,-1.726182e+00,-4.822483e-01,-8.886032e-02
7.492581e-01,9.273703e+00,3.758888e+00,-1.742088e+00,-9.680062e-01,-1.595177e-01
4.489028e-01,9.379295e+00,2.153370e+00,-1.908500e+00,-9.807635e-01,-8.894133e-02
3.308624e+00,9.375307e+00,-5.286732e-01,-2.469521e+00,-1.254043e+00,-4.283482e-02
3.114082e+00,9.799230e+00,9.533403e-01,-2.982706e+00,-1.648090e+00,-3.553094e-02
1.949130e+00,1.048891e+01,4.527385e+00,-3.400506e+00,-1.805389e+00,6.581006e-02
3.059390e+00,1.209768e+01,1.233924e+00,-3.684899e+00,-1.921606e+00,2.902124e-01
1.719620e+00,1.875479e+01,-7.202862e-01,-4.221778e+00,-3.142734e+00,5.635853e-01
-4.983310e-01,1.838167e+01,4.973390e+00,-4.308658e+00,-3.425244e+00,5.243833e-01
-1.229132e+01,1.802369e+01,1.745447e+01,-3.783489e+00,-1.898031e+00,2.617845e-01
-8.746805e+00,1.926276e+01,1.665533e+01,-2.026884e+00,3.082749e-01,8.825892e-01
6.603184e-01,-2.836418e-01,1.578807e+01,-1.026719e+00,2.392563e+00,1.027000e+00
7.691522e+00,8.307158e+00,8.216533e+00,-7.777441e-01,2.425214e+00,1.183467e+00
3.951686e+00,7.848400e+00,1.136967e+01,1.319005e+00,1.534973e+00,5.410541e-01
3.216280e+00,4.260200e+00,9.848009e+00,2.636996e+00,1.229396e+00,3.693677e-01
2.714057e+00,1.613475e+00,8.394457e+00,3.741601e+00,1.154806e+00,-4.545975e-02
1.157389e+00,2.801958e+00,8.901001e+00,4.458798e+00,1.099891e+00,-1.198295e-01
8.700836e-01,2.577963e+00,8.643498e+00,5.522784e+00,1.350997e+00,-1.408430e-01
2.266061e+00,2.229915e+00,9.108659e+00,6.263253e+00,1.408298e+00,-1.261900e-01
4.711971e+00,1.867122e+00,1.099468e+01,6.973247e+00,9.251107e-01,-2.099048e-01
6.148072e+00,2.820087e+00,1.214627e+01,7.315791e+00,5.157273e-01,-2.996402e-01
5.269992e+00,1.869992e+00,8.250882e+00,7.101338e+00,-3.511464e-01,-7.039721e-01
-9.082187e-01,2.434478e+00,8.610000e+00,6.239961e+00,-7.806401e-01,-7.854755e-01
-9.741867e+00,1.649023e+00,8.424036e+00,3.940655e+00,2.404252e-01,-3.001678e-01
-6.334362e+00,-3.624615e+00,5.609799e+00,2.213557e+00,1.608058e+00,2.855584e-01
3.918952e+00,-6.893282e+00,6.239992e+00,-1.398273e+00,1.968805e+00,3.705253e-01
7.902424e+00,-1.969299e+00,1.057804e+01,-3.431003e+00,9.206576e-01,-9.268452e-02
1.399499e+01,3.505281e+01,-5.482940e+00,-8.052309e-01,2.212028e-01,9.588026e-01
-9.031157e+00,1.440098e+01,6.959145e+00,-7.001960e-01,-1.358273e+00,-6.943012e-01
-3.175600e+00,8.474724e-01,1.107956e+01,-2.557767e+00,1.891802e+00,1.084401e-01
9.555761e+00,7.256712e+00,7.984008e+00,-2.242570e+00,2.938266e+00,1.171697e+00
6.623810e+00,1.122874e+01,5.314767e+00,-1.326592e+00,-1.263342e+00,-8.277466e-01
-6.047321e+00,1.119399e+01,6.748204e+00,-1.235920e+00,-1.541871e+00,-3.554875e-01
-8.168936e+00,7.562414e+00,3.349010e+00,-9.455556e-01,5.412476e-01,8.068812e-02
-3.614138e-01,9.790352e+00,3.031804e+00,-1.025847e+00,1.733494e+00,4.352810e-01
5.779074e+00,1.029085e+01,3.015039e+00,-1.079974e+00,9.829157e-01,1.914820e-01
4.684517e+00,7.852050e+00,3.102992e+00,-1.108835e+00,1.020162e-02,-1.041442e-01
5.071107e-01,9.091503e+00,3.667543e+00,-1.234645e+00,-6.221850e-01,-2.698676e-01
-9.503058e-02,8.658635e+00,3.026741e+00,-1.313476e+00,-6.844085e-01,-3.100000e-01
-1.174773e-01,8.535025e+00,2.347467e+00,-1.494659e+00,-6.942439e-01,-2.817154e-01
-9.200000e-01,8.065980e+00,4.096327e+00,-1.562662e+00,-6.202925e-01,-2.329944e-01
8.172669e-01,8.529252e+00,5.788470e+00,-1.573701e+00,-3.551523e-01,-6.666667e-02
2.385167e+00,9.242569e+00,5.787849e+00,-1.564344e+00,-4.866319e-01,-8.090239e-02
2.361410e+00,8.931612e+00,1.992418e+00,-1.684758e+00,-7.790701e-01,3.469768e-02
2.010767e+00,7.325449e+00,-9.557254e-01,-2.006221e+00,-9.717600e-01,1.046214e-01
4.847083e+00,9.177398e+00,-3.452668e+00,-2.907945e+00,-1.581164e+00,-2.486010e-02
5.213588e+00,9.504746e+00,-1.067683e+00,-3.551253e+00,-2.258232e+00,-1.570345e-01
9.361844e+00,1.324950e+01,-1.933681e+00,-4.402093e+00,-3.191791e+00,-1.934281e-01
4.404662e+00,1.934782e+01,1.054059e+00,-4.741765e+00,-4.758873e+00,-1.022222e-01
-1.300075e+01,2.079349e+01,1.826026e+01,-4.866635e+00,-4.951796e+00,-2.946083e-01
-1.808303e+01,2.347014e+01,2.138819e+01,-3.956743e+00,-2.111122e+00,3.891051e-01
-4.928531e+00,8.704537e+00,1.842097e+01,-1.679741e+00,2.427212e+00,1.251190e+00
1.028620e+01,4.280301e+00,1.513316e+01,-1.250645e+00,2.964629e+00,9.050675e-01
1.154685e+01,6.349409e+00,9.215466e+00,6.172468e-01,1.275892e+00,-5.176668e-01
6.696416e+00,4.911379e+00,9.356311e+00,1.704735e+00,3.819075e-01,-9.282955e-01
8.380735e-01,1.743967e+00,7.910139e+00,3.054913e+00,4.888859e-01,-1.237265e+00
-4.559686e-01,1.176783e+00,8.638333e+00,3.976928e+00,1.226467e+00,-1.437453e+00
1.723004e+00,1.870079e+00,8.117786e+00,5.361945e+00,2.258918e+00,-1.289643e+00
4.264596e+00,1.639825e+00,8.707520e+00,6.102401e+00,2.407829e+00,-1.213496e+00
8.621045e+00,-2.230089e-01,1.031804e+01,7.043339e+00,1.762130e+00,-1.077550e+00
8.835255e+00,2.905102e-01,1.032701e+01,7.484272e+00,6.567991e-01,-1.070738e+00
5.215162e+00,2.909411e-01,1.295188e+01,7.400723e+00,-1.217974e+00,-8.519307e-01
-8.711053e-01,2.703139e+00,1.139641e+01,6.533395e+00,-1.496906e+00,-5.319019e-01
-1.242156e+01,2.430963e+00,9.132436e+00,4.386961e+00,7.990472e-01,-4.477397e-01
-9.270789e+00,-5.811523e+00,4.949174e+00,2.547284e+00,2.805148e+00,2.277713e-01
6.502665e+00,-4.303873e+00,3.904101e+00,-8.482971e-01,3.569758e+00,9.891855e-01
7.295185e+00,2.868036e+00,3.489524e+00,-2.886649e+00,2.608655e+00,9.047929e-01
1.282817e+01,2.706604e+01,-1.727945e+00,-1.982023e+00,6.858408e-01,1.619076e-01
-5.716927e+00,1.013327e+00,9.733530e+00,-2.533965e+00,9.428222e-02,-9.413653e-01
8.700826e+00,-2.023204e+00,1.355782e+01,-2.333440e+00,1.041035e+00,1.286497e-01
5.060000e+00,9.669917e+00,1.149916e+01,-2.120825e+00,-7.780095e-01,-3.692682e-01
-1.353916e+01,1.796547e+01,9.429759e+00,-1.292651e+00,-1.248101e+00,-3.656567e-01
-1.488133e+01,8.104278e+00,7.382040e+00,-8.330648e-01,1.515317e+00,7.880079e-01
1.802778e+00,7.151436e+00,4.740784e+00,-7.849408e-01,3.727964e+00,1.152078e+00
1.137913e+01,1.235703e+01,3.935419e+00,-8.230364e-01,2.994746e+00,9.082502e-01
8.502689e+00,8.069464e+00,1.400211e+00,-7.713299e-01,-1.446062e-01,-9.368475e-02
2.415403e+00,7.275875e+00,2.179361e+00,-9.026134e-01,-1.029739e+00,-4.223590e-01
-2.121533e+00,9.644456e+00,2.740083e+00,-1.101158e+00,-7.887524e-01,-3.938136e-01
-2.207218e+00,8.309097e+00,2.044436e+00,-1.216365e+00,-2.508860e-01,-2.730556e-01
-1.721249e+00,7.367939e+00,2.306909e+00,-1.460465e+00,7.112659e-02,-1.248809e-01
-1.162818e+00,7.512941e+00,3.908513e+00,-1.589276e+00,2.093734e-01,-1.073579e-01
3.030827e+00,6.405576e+00,3.379968e+00,-1.880407e+00,2.991961e-01,-1.010497e-01
7.127858e+00,8.419968e+00,2.461851e+00,-2.114501e+00,-3.909927e-02,-2.093227e-01
1.602947e+00,7.749107e+00,2.831885e+00,-2.381833e+00,-1.373370e+00,-6.379199e-01
-1.334957e+00,7.243426e+00,2.870783e+00,-2.695338e+00,-1.677515e+00,-6.169577e-01
-1.743795e-01,6.415859e+00,3.469754e+00,-3.302390e+00,-1.349804e+00,-1.821275e-01
9.326665e-01,1.281740e+01,-4.444516e-01,-3.803882e+00,-1.528623e+00,1.136075e-01
-1.163716e+00,2.583411e+01,2.900489e+00,-4.654723e+00,-1.690387e+00,5.292700e-01
3.059091e+00,1.875449e+01,2.630709e+00,-4.668788e+00,-1.555505e+00,3.423186e-01
4.809741e+00,1.552745e+01,1.731246e+01,-3.740977e+00,-2.691474e+00,-9.529365e-01
5.749983e-01,1.262801e+01,1.824097e+01,-2.982701e+00,-2.709182e+00,-1.708539e+00
6.758781e-01,4.151858e+00,1.511115e+01,-1.073210e+00,-1.190056e+00,-1.531479e+00
2.019101e+00,1.000648e+01,6.020986e+00,1.216043e-01,-3.675372e-01,-1.379032e+00
-1.224403e+00,5.463346e+00,9.521270e+00,2.319740e+00,1.066011e+00,-1.383474e+00
2.376210e+00,3.915933e+00,6.210503e+00,3.127277e+00,2.012258e+00,-8.937964e-01
6.212068e+00,2.568564e+00,7.546580e+00,4.613635e+00,2.709532e+00,-7.011774e-01
7.825437e+00,2.176357e+00,6.979787e+00,5.194677e+00,2.547824e+00,-5.340538e-01
8.999486e+00,2.953538e+00,7.889358e+00,6.136594e+00,1.402404e+00,-1.793131e-01
7.576987e+00,3.722162e+00,9.577208e+00,6.868583e+00,1.394427e-02,1.928138e-01
4.683782e+00,4.882990e+00,1.199581e+01,7.522015e+00,-8.377368e-01,5.309449e-01
2.583265e+00,5.513947e+00,1.031211e+01,7.549569e+00,-8.865098e-01,5.133995e-01
-6.542101e+00,5.477839e+00,8.135656e+00,6.483754e+00,-1.882115e-01,3.031964e-01
-1.138931e+01,3.874843e+00,7.864220e+00,4.835993e+00,1.485956e+00,6.969949e-01
-2.322930e-02,-6.859609e+00,2.868273e+00,2.013808e+00,3.169582e+00,1.063169e+00
8.590656e+00,-8.298871e+00,5.726814e-02,-2.757427e-01,2.389749e+00,8.245352e-01
1.334836e+01,2.341828e+01,3.533859e-02,-3.144774e+00,-2.833704e-01,-5.992861e-01
3.192415e+01,3.871432e+01,-6.428933e+00,-1.102432e+00,-1.386547e+00,-1.745247e-01
-1.926675e+01,-1.024439e-01,1.411035e+01,-3.121246e+00,-2.719614e+00,-1.637464e+00
-1.070499e+01,3.006214e+00,1.471011e+01,-2.957780e+00,3.570496e-01,-1.461063e-01
-8.051495e+00,1.538251e+01,1.416612e+01,-2.437995e+00,1.183135e+00,-1.798928e-01
3.281275e-01,1.345495e+01,9.032356e+00,-1.440597e+00,1.967786e+00,4.376523e-01
5.974875e+00,5.731138e+00,3.291299e+00,-1.233575e+00,1.487113e+00,2.672890e-01
5.557742e+00,8.800552e+00,3.298387e+00,-1.337757e+00,7.375243e-01,1.056459e-01
5.568962e-01,1.072552e+01,3.420345e+00,-1.234803e+00,-3.179744e-03,-1.646565e-01
-6.521323e-02,9.603395e+00,3.664303e+00,-1.167782e+00,-1.084566e-01,-1.831258e-01
2.266502e+00,8.744275e+00,3.229372e+00,-1.068076e+00,-2.462329e-01,-3.139591e-01
1.718382e+00,7.719425e+00,2.698390e+00,-1.073577e+00,-4.429699e-01,-3.619909e-01
-3.914651e-01,8.373675e+00,1.831906e+00,-1.287511e+00,-6.058272e-01,-4.641251e-01
-1.465568e+00,8.808199e+00,2.027646e+00,-1.432111e+00,-5.480562e-01,-4.829810e-01
-1.079240e+00,6.805226e+00,3.291504e+00,-1.624173e+00,3.433404e-02,-2.910073e-01
8.400485e-01,7.352035e+00,3.224570e+00,-1.828345e+00,9.411532e-02,-1.701813e-01
2.389792e+00,7.697332e+00,3.483016e+00,-2.084510e+00,-4.157250e-01,-2.294902e-01
1.416757e+00,8.725700e+00,4.380000e+00,-2.160063e+00,-8.925792e-01,-3.471043e-01
1.628402e+00,9.588496e+00,3.919518e+00,-2.554162e+00,-1.574423e+00,-3.118952e-01
3.543765e-01,1.000866e+01,4.681474e+00,-2.805580e+00,-1.586786e+00,-1.099752e-01
2.122634e+00,1.175218e+01,2.688631e+00,-3.159372e+00,-1.297478e+00,2.277064e-01
4.759876e+00,1.212179e+01,2.258027e-01,-3.562238e+00,-1.413368e+00,2.513794e-01
1.411372e+01,1.417573e+01,-6.138270e+00,-4.714011e+00,-2.660408e+00,-2.888209e-01
1.124054e+01,1.481368e+01,-4.000146e+00,-5.363952e+00,-4.976897e+00,-1.161630e+00
-1.367678e+01,2.472503e+01,2.990463e+01,-5.637880e+00,-7.778416e+00,-1.542447e+00
-3.470371e+01,3.913513e+01,3.578520e+01,-4.321436e+00,-5.477555e+00,-1.232959e+00
-1.600593e+01,-3.450962e+00,2.200371e+01,-1.706047e+00,3.347798e+00,2.844080e+00
3.324538e+00,1.412628e+01,2.028630e+01,-2.540268e-01,5.601228e+00,2.091509e+00
1.495926e+01,9.731782e+00,1.781262e+01,3.249298e+00,4.962554e+00,1.963528e+00
1.537251e+01,2.014759e+00,9.382920e+00,4.930675e+00,3.580193e+00,1.431787e+00
7.779368e+00,-1.620967e+00,1.013220e+01,6.196524e+00,1.919312e+00,2.682646e-01
6.716606e+00,-8.495098e-01,1.054437e+01,7.175757e+00,1.586136e+00,-1.750482e-01
6.320639e+00,-5.534398e-01,1.200518e+01,8.532909e+00,1.073709e+00,-4.247184e-01
7.080524e+00,-1.255504e-02,1.576926e+01,9.315083e+00,6.748343e-01,-3.097732e-01
6.913040e+00,1.277188e+00,1.521015e+01,1.007553e+01,-3.697360e-01,-1.530791e-01
1.639495e+00,3.427187e+00,1.279690e+01,9.748935e+00,-9.878060e-01,-1.605205e-01
-1.439340e+01,7.664681e+00,1.106669e+01,6.782968e+00,9.492408e-03,-5.276864e-02
-1.779655e+01,-1.061067e+01,7.993674e+00,4.438131e+00,2.344683e+00,2.774774e-01
1.601391e+00,-1.608936e+01,2.590502e+00,-1.340654e+00,3.873922e+00,1.199777e+00
1.319757e+01,1.291751e+00,1.186362e+01,-4.438515e+00,1.763564e+00,-1.680605e-01
2.004570e+01,3.267972e+01,-6.182365e+00,-1.574165e+00,-9.367867e-01,2.195920e-01
-1.999417e+01,-9.115440e+00,1.453314e+01,-3.186434e+00,-3.352066e+00,-3.025685e+00
-1.362791e-02,-5.242777e+00,1.614361e+01,-3.814954e+00,1.772104e+00,1.223434e+00
-1.472302e+00,2.098716e+01,1.581702e+01,-3.458743e+00,1.098813e+00,-2.867874e-01
1.747775e+00,1.496211e+01,1.180357e+01,-1.557091e+00,-1.619590e-01,1.478937e-01
-3.498805e+00,2.893157e+00,7.213754e+00,-1.416039e+00,2.026718e-01,3.526134e-01
3.369288e+00,1.103235e+01,7.484457e+00,-1.117940e+00,1.474367e+00,2.171751e-01
8.407444e+00,1.380447e+01,5.026874e+00,-9.337737e-01,7.550747e-01,1.484335e-01
3.171243e+00,8.848360e+00,2.506190e+00,-7.354812e-01,-8.586768e-01,-2.716698e-01
2.926108e-01,9.364587e+00,2.151511e+00,-8.190404e-01,-1.056915e+00,-3.225308e-01
-2.872737e+00,1.015645e+01,1.856387e+00,-8.942489e-01,-6.942991e-01,-2.842353e-01
-1.108389e+00,8.199429e+00,8.922630e-01,-1.012312e+00,-2.683951e-01,-1.607346e-01
-2.015971e-02,6.538193e+00,9.632102e-01,-1.305499e+00,-4.205066e-01,-2.640313e-01
-1.169450e+00,7.302455e+00,2.548222e+00,-1.539501e+00,-6.908913e-01,-2.737296e-01
4.472682e-01,7.524563e+00,2.264672e+00,-1.780479e+00,-6.945905e-01,-2.249542e-01
2.624619e+00,8.395261e+00,-1.228546e+00,-2.089598e+00,-8.196529e-01,-1.910753e-01
4.303698e+00,9.174198e+00,-6.662930e-01,-2.682937e+00,-1.188616e+00,-2.357533e-01
4.945198e+00,8.968637e+00,8.628790e-01,-3.221144e+00,-1.493931e+00,-1.713100e-01
7.063341e+00,1.237830e+01,1.084725e+00,-3.816864e+00,-1.933498e+00,-3.403950e-03
1.077011e+01,1.610321e+01,-2.262985e+00,-4.221096e+00,-2.737253e+00,8.155331e-02
-6.421612e+00,1.862829e+01,7.972881e+00,-4.567100e+00,-5.176459e+00,-4.580136e-02
-1.367444e+01,2.239127e+01,1.625861e+01,-4.332594e+00,-4.022878e+00,2.266446e-01
-1.591275e+01,1.713612e+01,1.603377e+01,-1.987040e+00,-5.823227e-01,8.635063e-01
-1.515398e+00,2.678753e+00,1.823863e+01,-8.521268e-01,2.328826e+00,1.295930e+00
7.176741e+00,1.304173e+01,8.973210e+00,7.559588e-01,2.485142e+00,8.150965e-01
6.444445e+00,9.536552e+00,1.026284e+01,2.459016e+00,1.766981e+00,3.420949e-01
4.536121e+00,3.108645e+00,8.108720e+00,3.986912e+00,8.226868e-01,5.035394e-02
3.373572e+00,3.050307e+00,8.669335e+00,4.846342e+00,5.295955e-01,-4.492657e-01
1.753414e+00,3.381118e+00,1.054812e+01,5.952324e+00,6.673128e-01,-7.654194e-01
7.281263e-01,3.612089e+00,1.049187e+01,6.463291e+00,8.740551e-01,-8.356376e-01
1.071145e+00,3.505319e+00,1.286089e+01,7.477645e+00,1.461604e+00,-8.774766e-01
2.295685e+00,5.010512e+00,1.347955e+01,7.916452e+00,1.787371e+00,-6.389872e-01
5.477239e+00,1.069325e+01,1.092396e+01,7.808458e+00,1.551164e+00,-5.001474e-01
5.774771e-01,4.173083e+00,6.758511e+00,7.260167e+00,1.181188e+00,-8.931101e-01
-8.649326e+00,-1.150419e+00,9.042671e+00,4.544431e+00,1.509874e+00,-6.600674e-01
-3.684240e+00,-1.045146e+01,2.457603e-01,1.617699e+00,2.527543e+00,2.899448e-02
2.121486e+00,-4.703756e+00,7.658592e+00,-2.915548e+00,2.252238e+00,4.438326e-02
1.240588e+01,3.064710e+01,1.505860e+00,-3.559600e+00,2.135951e+00,5.140519e-01
-4.038234e-01,-4.165812e+00,9.674230e+00,-3.018164e+00,-9.273607e-01,-1.982630e+00
-1.588612e+00,-9.028956e+00,1.322035e+01,-3.769121e+00,-6.742702e-01,-4.527872e-01
-8.976986e+00,6.706903e+00,1.929506e+01,-3.283908e+00,-2.868671e-01,-5.165988e-01
-7.989653e-01,2.550489e+01,1.272282e+01,-2.370377e+00,2.094949e-01,-7.414129e-01
-2.241517e+00,2.693003e+00,4.391672e+00,-9.941760e-01,5.331652e-01,1.529322e-01
-2.940858e+00,5.073809e+00,4.581153e+00,-1.206814e+00,1.384383e+00,3.777237e-01
6.441938e+00,1.242067e+01,4.181938e+00,-9.912172e-01,1.175969e+00,2.283744e-01
4.178909e+00,9.494378e+00,2.419071e+00,-1.006611e+00,8.210938e-02,-1.025005e-01
7.617539e-02,8.971419e+00,2.484504e+00,-1.137812e+00,-3.666162e-01,-2.005417e-01
-3.363451e-02,1.019599e+01,1.982711e+00,-1.178165e+00,-2.727797e-01,-2.012765e-01
4.320999e-01,8.650275e+00,4.490877e-01,-1.370456e+00,-3.540435e-01,-2.449800e-01
-6.443595e-02,8.047368e+00,5.618044e-01,-1.556875e+00,-6.663172e-01,-3.406348e-01
-2.533019e+00,8.121809e+00,3.041701e+00,-1.777606e+00,-6.839157e-01,-3.372003e-01
-4.391986e-01,8.956064e+00,4.198640e+00,-1.781212e+00,-4.756391e-01,-2.608587e-01
3.423572e+00,8.532125e+00,1.864806e+00,-1.919081e+00,-4.660668e-01,-1.686852e-01
3.758980e+00,8.176703e+00,-1.336623e+00,-2.249170e+00,-8.393336e-01,-1.419271e-01
4.119823e+00,9.230306e+00,-2.314813e-01,-2.986030e+00,-1.408265e+00,-2.047308e-01
2.893329e+00,9.950013e+00,9.366741e-01,-3.441265e+00,-1.751008e+00,-5.213363e-02
9.893643e+00,1.204751e+01,-2.235916e+00,-3.939519e+00,-1.891132e+00,4.444347e-02
7.333390e+00,1.774550e+01,-2.967490e+00,-4.475617e+00,-3.254994e+00,-5.672851e-02
-8.575999e+00,1.970029e+01,1.273271e+01,-4.956334e+00,-4.918329e+00,-4.740808e-01
-1.270063e+01,2.792812e+01,1.776577e+01,-4.655320e+00,-3.336768e+00,1.801018e-02
-1.022250e+01,1.186918e+01,1.873806e+01,-1.412928e+00,2.788594e-01,6.055433e-01
4.264785e+00,5.839412e+00,1.647994e+01,-1.072622e+00,2.077784e+00,6.696584e-01
9.445223e+00,1.238327e+01,1.058130e+01,9.939949e-01,1.423424e+00,-4.794893e-02
5.915360e+00,5.212790e+00,1.110338e+01,2.588866e+00,8.133952e-01,-5.731889e-01
4.223969e+00,1.812890e+00,7.824094e+00,4.304665e+00,3.838807e-01,-9.323327e-01
2.252449e+00,8.748429e-01,8.760629e+00,4.973582e+00,5.787285e-01,-1.340842e+00
1.709068e+00,7.070529e-01,9.557985e+00,5.990014e+00,1.119633e+00,-1.504373e+00
2.370234e+00,1.360498e+00,9.938357e+00,6.731683e+00,1.457261e+00,-1.388562e+00
3.959427e+00,2.281784e+00,1.267656e+01,7.881284e+00,1.392704e+00,-1.236052e+00
4.724504e+00,5.768875e+00,1.353724e+01,8.276340e+00,1.105086e+00,-1.017579e+00
3.775698e+00,1.117160e+01,1.208140e+01,8.179952e+00,2.787173e-01,-4.664438e-01
-2.667768e+00,5.349089e+00,6.623031e+00,6.996766e+00,1.202908e-01,-8.642350e-01
-1.125882e+01,-1.218063e+01,2.621192e+00,3.449589e+00,2.696541e+00,-4.968457e-01
8.531475e-01,-1.474814e+01,3.825004e-01,4.619512e-01,3.558044e+00,6.393951e-01
3.435084e+00,1.403566e+01,7.109987e+00,-4.445925e+00,2.514476e+00,3.104744e-01
3.378467e+01,3.867918e+01,-1.802474e+00,-2.039965e+00,2.370216e+00,1.482725e+00
-3.888879e+00,-1.062003e+01,8.510926e+00,-3.247171e+00,-6.887619e-01,-1.579826e+00
-4.860869e-02,-5.886055e+00,1.367476e+01,-3.676275e+00,3.865807e-01,3.696953e-01
-4.205452e+00,2.407320e+01,1.494890e+01,-3.117143e+00,3.363509e-01,-5.419650e-01
-5.685094e-01,2.089327e+01,1.127289e+01,-1.698951e+00,7.832856e-02,-9.176399e-02
-3.367103e+00,2.423678e+00,6.142381e+00,-1.395093e+00,1.020787e+00,3.977408e-01
2.762581e+00,1.146002e+01,6.108616e+00,-1.280880e+00,1.789176e+00,4.767405e-01
6.458391e+00,1.163007e+01,4.644443e+00,-1.044318e+00,7.876771e-01,1.580758e-01
3.069360e+00,8.092320e+00,3.955547e+00,-9.853912e-01,-4.593119e-01,-1.709726e-01
6.112222e-01,1.050578e+01,3.149777e+00,-1.036993e+00,-7.715688e-01,-2.619299e-01
1.061699e+00,1.063221e+01,1.239634e+00,-1.085017e+00,-7.868203e-01,-3.252084e-01
1.212981e+00,7.969808e+00,-4.995192e-02,-1.289426e+00,-1.379608e+00,-4.240892e-01
-2.902212e+00,7.503679e+00,1.153009e+00,-1.494031e+00,-1.753720e+00,-5.226842e-01
-3.922679e+00,7.738360e+00,3.798907e+00,-1.694965e+00,-1.431922e+00,-4.846252e-01
-2.296490e+00,8.769574e+00,4.025213e+00,-1.768395e+00,-7.412865e-01,-2.570348e-01
4.230172e+00,8.319906e+00,-3.139167e-04,-2.066708e+00,-4.403868e-01,5.187785e-02
5.030951e+00,9.098330e+00,-1.935592e+00,-2.424705e+00,-8.381425e-01,5.638207e-02
2.557412e+00,1.039221e+01,4.439997e-02,-3.130876e+00,-1.692535e+00,-2.760483e-02
1.701776e+00,1.063560e+01,1.058245e-01,-3.561580e+00,-1.564045e+00,2.877529e-01
5.209386e+00,1.421265e+01,-2.540665e+00,-4.173780e+00,-1.846325e+00,2.897032e-01
3.076694e+00,1.479669e+01,4.626538e-01,-4.600101e+00,-2.616037e+00,-1.670728e-03
-7.141143e+00,2.590927e+01,1.710250e+01,-5.218380e+00,-3.842215e+00,-4.421181e-01
-7.974291e+00,2.762554e+01,1.754455e+01,-3.730888e+00,-2.716347e+00,4.050536e-02
-5.866675e+00,5.594748e+00,2.139063e+01,-9.938949e-01,3.165521e-01,2.784895e-01
8.627100e+00,9.707167e+00,1.018550e+01,-6.598162e-01,1.330282e+00,1.619406e-01
4.521572e+00,6.218161e+00,1.153568e+01,1.631063e+00,6.860790e-01,-5.062082e-01
2.496721e+00,3.989939e+00,1.058028e+01,3.115020e+00,7.294523e-01,-8.759778e-01
1.807837e+00,1.207559e+00,8.195160e+00,4.685321e+00,1.505092e+00,-1.198944e+00
2.854486e+00,9.344996e-01,9.108195e+00,5.482720e+00,1.963133e+00,-1.317262e+00
5.441972e+00,1.363407e+00,9.512421e+00,6.380079e+00,2.067926e+00,-1.081485e+00
6.732692e+00,2.423782e+00,1.032475e+01,7.149999e+00,1.705287e+00,-1.017348e+00
6.546171e+00,2.739141e+00,1.379847e+01,8.247232e+00,5.092373e-01,-9.930654e-01
5.915310e+00,6.082255e+00,1.103724e+01,8.302700e+00,-1.881905e-02,-8.775991e-01
-2.145462e+00,1.132550e+01,9.468186e+00,7.460538e+00,-7.249144e-01,-8.170541e-01
-1.739595e+01,-7.628857e-01,5.867589e+00,5.796601e+00,3.575232e-01,-8.189588e-01
-3.612438e+00,-1.376074e+01,2.476372e+00,1.505657e+00,4.168227e+00,6.106455e-01
5.755003e+00,-1.076469e+01,3.796943e+00,-1.891280e+00,4.022884e+00,1.116724e+00
1.787127e+01,3.940945e+01,-2.788600e+00,-3.051931e+00,2.497296e+00,9.787821e-01
1.765983e+01,2.413945e+01,3.471242e+00,-1.517927e+00,1.539207e+00,6.911491e-01
1.112386e+00,-6.933008e+00,1.308408e+01,-3.443980e+00,-2.671234e-01,-5.668383e-01
-7.146922e-01,3.016244e+00,1.427370e+01,-3.476543e+00,1.317494e-02,-1.247394e-01
-4.566723e+00,2.527669e+01,1.506179e+01,-2.452493e+00,-6.856965e-01,-5.082003e-01
-5.924208e+00,6.462123e+00,8.898687e+00,-1.307153e+00,-3.094918e-01,-2.764934e-02
-2.076563e+00,8.911292e+00,5.667494e+00,-1.243954e+00,1.615905e+00,6.664038e-01
2.076101e+00,1.146043e+01,5.370027e+00,-9.243649e-01,2.147579e+00,6.245235e-01
7.340085e+00,9.427499e+00,2.878534e+00,-9.223014e-01,8.167933e-01,2.410492e-01
2.699206e+00,8.031312e+00,2.854973e+00,-9.254321e-01,-4.675891e-01,-1.446282e-01
6.936890e-01,1.043788e+01,2.642848e+00,-9.954085e-01,-8.541525e-01,-3.030437e-01
-1.508094e+00,9.531733e+00,8.169356e-01,-1.020964e+00,-8.867256e-01,-3.646715e-01
-2.810693e+00,7.324458e+00,-5.561294e-02,-1.277413e+00,-6.991247e-01,-2.962888e-01
-2.771050e+00,6.974862e+00,9.542536e-01,-1.502132e+00,-5.018750e-01,-2.670481e-01
2.155782e-02,7.707581e+00,4.097226e+00,-1.733698e+00,-7.752983e-02,-1.172263e-01
2.482583e+00,8.950323e+00,5.527704e+00,-1.801967e+00,6.110859e-02,-4.107833e-02
4.374182e+00,8.906978e+00,2.884196e+00,-1.992081e+00,-2.041262e-01,7.778788e-02
3.382267e+00,8.660982e+00,2.634875e-01,-2.258962e+00,-6.115191e-01,5.766999e-02
-6.506133e-02,9.793348e+00,4.979138e-01,-2.848436e+00,-1.195103e+00,3.950292e-02
-1.150929e+00,1.036635e+01,1.559711e+00,-3.289715e+00,-1.247065e+00,2.539807e-01
1.142835e+01,1.122025e+01,-5.996911e-01,-3.831443e+00,-1.209742e+00,3.633745e-01
1.127904e+01,1.998511e+01,-5.033886e+00,-4.498609e+00,-3.034758e+00,1.113576e-01
-6.969342e+00,1.589150e+01,1.305094e+01,-4.781349e+00,-5.730833e+00,-6.985939e-01
-1.253965e+01,2.359078e+01,1.917484e+01,-4.650226e+00,-4.430721e+00,-4.131955e-01
-1.295334e+01,1.237638e+01,1.677174e+01,-1.347609e+00,-2.932726e-01,6.185020e-01
1.361253e-01,1.266518e+00,1.737887e+01,-7.915158e-01,2.151755e+00,8.467868e-01
9.447138e+00,1.164547e+01,9.314699e+00,1.745940e-01,2.496345e+00,4.463487e-01
7.311479e+00,6.908744e+00,1.039448e+01,2.092150e+00,1.735609e+00,-3.585371e-01
5.095443e+00,2.804055e+00,7.729894e+00,3.738075e+00,1.095474e+00,-6.317474e-01
3.113719e+00,1.449083e+00,7.836685e+00,4.423048e+00,1.072731e+00,-9.969238e-01
2.466739e+00,1.694785e+00,9.472609e+00,5.364796e+00,1.450133e+00,-1.280238e+00
2.772061e+00,2.323907e+00,9.568369e+00,6.187366e+00,1.623824e+00,-1.181282e+00
4.426674e+00,3.141400e+00,1.131449e+01,7.431052e+00,1.571645e+00,-1.146060e+00
6.446872e+00,4.031241e+00,1.450063e+01,8.005954e+00,1.249344e+00,-9.435822e-01
7.537257e+00,1.367499e+01,1.131153e+01,8.132977e+00,2.084598e-01,-3.622116e-01
6.862040e-02,9.458360e+00,8.181874e+00,7.514038e+00,-7.566547e-01,-9.214205e-01
-1.554453e+01,-1.008369e+01,9.896237e+00,4.181558e+00,1.220547e+00,-5.969196e-01
-9.758538e+00,-1.139997e+01,-3.220093e-01,1.225234e+00,3.419225e+00,6.481983e-01
5.809606e+00,1.886877e+01,5.260996e-01,-2.899943e+00,3.076447e+00,6.083715e-01
2.805445e+01,3.136052e+01,2.055347e+00,-3.222124e+00,2.908694e+00,1.219770e+00
8.392344e+00,-4.344228e+00,1.294590e+01,-3.734720e+00,-9.985775e-01,-8.594864e-01
-3.759025e+00,-8.444358e+00,1.716936e+01,-3.611048e+00,-2.034914e+00,-1.114521e+00
-6.900232e+00,2.610194e+01,1.468066e+01,-2.955201e+00,-1.036070e+00,-1.247306e-01
-1.100508e+01,2.055546e+01,1.180397e+01,-1.515002e+00,-9.159166e-02,-2.829912e-01
-2.632644e+00,4.662281e+00,6.442184e+00,-9.995958e-01,2.333472e+00,8.440679e-01
6.957181e+00,9.791397e+00,5.224261e+00,-8.971269e-01,2.408074e+00,5.882511e-01
6.842753e+00,9.761654e+00,3.390000e+00,-8.377707e-01,5.513630e-01,2.202070e-02
2.319815e+00,8.497363e+00,3.324561e+00,-8.295294e-01,-8.778557e-01,-3.068155e-01
-2.364161e+00,1.004354e+01,2.645966e+00,-9.112305e-01,-8.577110e-01,-3.029040e-01
-1.100615e+00,9.800568e+00,9.072030e-01,-1.016159e+00,-5.675767e-01,-2.020170e-01
-7.450783e-02,7.543585e+00,-7.842072e-01,-1.343282e+00,-7.885007e-01,-1.986433e-01
-1.665657e+00,7.517906e+00,7.518355e-01,-1.647678e+00,-1.098571e+00,-2.779837e-01
-1.490082e+00,8.132540e+00,4.184999e+00,-1.816863e+00,-8.912416e-01,-2.844967e-01
1.488171e+00,8.140492e+00,4.261652e+00,-1.892378e+00,-7.203669e-01,-2.572053e-01
2.640841e+00,8.061372e+00,2.277898e+00,-2.052058e+00,-9.276821e-01,-1.947814e-01
1.298452e+00,8.402397e+00,1.152749e+00,-2.337109e+00,-1.161862e+00,-6.802421e-02
1.982827e+00,9.331677e+00,5.759315e-01,-2.913652e+00,-1.188063e+00,3.699436e-02
4.035464e+00,1.050451e+01,-3.029227e-01,-3.237005e+00,-1.200319e+00,1.238158e-01
6.721466e+00,1.529456e+01,-2.949981e+00,-4.032829e+00,-1.565490e+00,1.568927e-01
6.280414e+00,1.781408e+01,-1.323786e+00,-4.511364e+00,-2.623691e+00,-4.247532e-02
-4.607341e+00,2.236330e+01,1.483974e+01,-4.941079e+00,-4.395860e+00,-5.008321e-01
-1.078614e+01,2.711177e+01,1.951393e+01,-4.306609e+00,-3.879266e+00,-6.384882e-02
-1.171947e+01,9.822524e+00,2.015463e+01,-8.168143e-01,-5.271786e-01,5.894196e-01
2.255574e+00,4.376630e+00,1.284226e+01,-3.991082e-01,1.422411e+00,8.487368e-01
5.072337e+00,8.406678e+00,1.210445e+01,1.211447e+00,1.809576e+00,7.053341e-01
4.057110e+00,6.149323e+00,1.206002e+01,2.989860e+00,1.544240e+00,1.111532e-01
3.690820e+00,1.719952e-01,7.768525e+00,4.792137e+00,1.364921e+00,-3.192028e-01
3.319612e+00,-1.052372e+00,9.056263e+00,5.423531e+00,1.333071e+00,-6.786783e-01
4.182487e+00,-1.961524e-01,8.372004e+00,6.202778e+00,1.247515e+00,-8.059049e-01
4.937963e+00,1.042810e+00,9.377024e+00,6.866846e+00,9.765031e-01,-9.468318e-01
5.546675e+00,2.279015e+00,1.308258e+01,7.962566e+00,2.986236e-01,-1.261541e+00
4.296152e+00,5.108523e+00,1.231687e+01,8.267061e+00,1.427834e-02,-1.415938e+00
-2.559337e+00,1.350564e+01,1.216298e+01,7.778755e+00,-1.599977e-01,-1.198426e+00
-1.218018e+01,5.571606e+00,6.256919e+00,6.715404e+00,2.610476e-01,-9.014053e-01
-9.744748e+00,-8.834255e+00,1.489742e+00,3.599641e+00,3.804979e+00,7.116802e-02
4.419258e+00,-1.310267e+01,-2.677610e+00,7.458600e-01,4.075569e+00,7.384707e-01
7.629850e+00,6.446522e+00,1.055262e+01,-3.814313e+00,2.161979e+00,4.897647e-01
1.907314e+01,3.882796e+01,6.615288e-02,-4.244149e+00,9.415341e-01,5.166242e-01
-6.193660e+00,-5.733499e+00,5.734036e+00,-1.720414e+00,-2.513711e+00,-2.695110e+00
-7.026559e+00,-2.023798e+00,1.258977e+01,-3.403125e+00,-1.128577e+00,-4.326303e-01
-1.653677e+00,1.122675e+01,1.286299e+01,-3.034052e+00,1.433924e+00,4.704469e-01
-2.986203e+00,2.153045e+01,1.183932e+01,-2.595555e+00,9.832318e-01,-5.104498e-01
1.255927e+00,3.107817e+00,5.481337e+00,-1.361258e+00,8.265675e-01,2.875992e-01
1.198376e+00,6.860120e+00,4.143519e+00,-1.517948e+00,9.532481e-01,2.484503e-01
1.624036e+00,1.186214e+01,5.342260e+00,-1.266643e+00,9.425536e-01,1.549462e-01
3.171692e+00,8.947275e+00,4.161511e+00,-1.233263e+00,6.405807e-01,1.549351e-01
6.584174e-01,7.649325e+00,4.004407e+00,-1.169615e+00,-8.278306e-02,-9.456538e-02
1.146967e+00,9.695406e+00,3.577525e+00,-1.218027e+00,7.428287e-03,-1.006493e-01
2.353514e+00,9.551094e+00,2.425381e+00,-1.248329e+00,-2.612517e-01,-2.337660e-01
1.795975e+00,8.897262e+00,1.971649e+00,-1.339115e+00,-6.185093e-01,-2.889053e-01
-1.222594e+00,8.373703e+00,2.965602e+00,-1.505051e+00,-1.021894e+00,-3.903259e-01
-7.520248e-03,8.031698e+00,3.233450e+00,-1.599614e+00,-9.022623e-01,-3.135852e-01
1.370082e+00,8.688913e+00,3.007527e+00,-1.767025e+00,-7.938528e-01,-1.721027e-01
6.487468e-01,8.771988e+00,1.456240e+00,-1.926687e+00,-8.856675e-01,-1.209787e-01
2.014377e+00,9.137280e+00,-9.753783e-01,-2.336567e+00,-9.652148e-01,-8.886855e-02
2.700645e+00,9.163656e+00,-7.544088e-01,-2.867800e+00,-1.197521e+00,-6.047132e-04
3.283486e+00,9.583795e+00,4.168731e-01,-3.641938e+00,-1.394964e+00,2.516905e-01
5.596698e+00,1.515065e+01,-2.112211e+00,-4.154446e+00,-1.779635e+00,2.663675e-01
1.556542e-02,1.762156e+01,4.412824e+00,-4.622219e+00,-2.848291e+00,5.595792e-02
-6.130186e+00,1.878665e+01,1.397216e+01,-4.925033e+00,-3.906491e+00,-2.466777e-01
-7.613862e+00,2.659610e+01,1.671086e+01,-3.802604e+00,-2.150253e+00,1.883556e-01
-8.175182e+00,1.495246e+01,1.727469e+01,-1.178320e+00,-4.635261e-01,2.295072e-01
7.831441e+00,7.010995e+00,9.724176e+00,-5.083454e-01,1.482829e+00,2.398100e-01
7.182597e+00,9.444329e+00,1.018218e+01,8.782395e-01,9.585712e-01,-2.463681e-01
2.883187e+00,2.523746e+00,8.701000e+00,3.109429e+00,5.085937e-01,-1.206272e+00
2.998994e+00,1.364329e+00,7.456097e+00,4.324437e+00,7.874122e-01,-1.336927e+00
2.711263e+00,8.073438e-01,9.954674e+00,5.501147e+00,1.321633e+00,-1.792450e+00
3.419190e+00,1.947424e+00,1.022765e+01,6.159508e+00,1.511785e+00,-1.696150e+00
5.263073e+00,2.936927e+00,1.130228e+01,7.355707e+00,1.547582e+00,-1.578743e+00
6.066512e+00,2.670577e+00,1.375649e+01,8.194931e+00,1.168496e+00,-1.448379e+00
6.916035e+00,1.199306e+01,1.131464e+01,8.366382e+00,1.899996e-01,-7.567162e-01
1.306045e+00,1.010644e+01,9.339207e+00,7.927126e+00,-4.634014e-01,-8.451402e-01
-1.821331e+01,-6.662148e+00,1.078278e+01,5.388162e+00,5.374507e-01,-1.047114e+00
-7.395584e+00,-1.311235e+01,4.217095e-01,2.935870e+00,3.050242e+00,-7.177472e-02
6.060384e+00,-6.758501e+00,8.790063e+00,-2.207049e+00,3.407948e+00,1.014262e+00
8.255740e+00,1.826947e+01,1.106698e+01,-4.819979e+00,2.169321e+00,3.186396e-01
1.118374e+01,1.841048e+01,5.525677e+00,2.104300e-02,3.125452e-01,8.094803e-01
-1.478611e+01,-1.511478e+01,8.280935e+00,-2.187841e+00,-1.797334e+00,-2.133643e+00
-7.561152e+00,6.018930e+00,1.689154e+01,-3.730210e+00,1.805193e+00,9.201566e-01
-2.416444e+00,2.016110e+01,1.400854e+01,-2.864255e+00,2.196813e+00,1.457361e-01
3.644535e+00,7.014104e+00,6.817398e+00,-1.575280e+00,1.052890e+00,3.973783e-01
8.195872e-01,7.504887e+00,5.796399e+00,-1.708367e+00,8.876797e-01,3.837691e-01
5.152659e+00,1.197936e+01,5.906015e+00,-1.479957e+00,1.002855e+00,3.480858e-01
4.522612e+00,1.079099e+01,4.901326e+00,-1.391760e+00,3.631036e-01,6.204305e-02
1.538988e+00,9.030416e+00,3.912822e+00,-1.300674e+00,-3.739199e-01,-4.265923e-02
1.055410e+00,1.007377e+01,3.314928e+00,-1.282512e+00,-4.044307e-01,-1.034756e-01
7.867939e-01,9.160142e+00,2.860033e+00,-1.291446e+00,-6.808956e-01,-2.736007e-01
-3.593733e-01,7.111227e+00,1.926840e+00,-1.338035e+00,-8.635837e-01,-3.437849e-01
-1.535737e+00,6.908924e+00,2.542031e+00,-1.578729e+00,-1.047874e+00,-3.755129e-01
-2.090647e+00,6.602288e+00,3.608560e+00,-1.726219e+00,-9.407291e-01,-3.169483e-01
2.453392e-01,7.403876e+00,3.196746e+00,-1.957894e+00,-3.089384e-01,6.260180e-02
2.267614e+00,7.908404e+00,-1.027232e+00,-2.255052e+00,-2.385508e-01,2.205985e-01
5.726716e+00,7.930668e+00,-3.300839e+00,-3.103525e+00,-8.439033e-01,1.042626e-01
6.040305e+00,7.803948e+00,-1.588774e+00,-3.784037e+00,-1.542731e+00,-4.121433e-02
7.491929e+00,1.577847e+01,-9.939561e-01,-4.880414e+00,-2.553289e+00,6.603838e-02
1.560466e+00,2.509416e+01,5.732660e+00,-5.239591e+00,-3.965239e+00,1.183451e-01
-1.195298e+01,2.298986e+01,1.983029e+01,-4.821051e+00,-4.078873e+00,1.012558e-01
-1.162330e+01,1.624094e+01,1.958299e+01,-3.353673e+00,-1.524571e+00,7.588945e-01
-1.311455e+00,3.713422e+00,2.032454e+01,-8.710424e-01,2.186036e+00,1.239850e+00
1.131102e+01,8.169376e+00,8.989658e+00,-3.081018e-01,2.670816e+00,1.062893e+00
6.566023e+00,5.282924e+00,1.053748e+01,1.658812e+00,1.629881e+00,3.560844e-02
5.865578e+00,1.870872e+00,8.612517e+00,3.097048e+00,9.980805e-01,-3.798701e-01
4.702209e+00,1.867926e+00,8.249595e+00,4.338648e+00,6.777281e-01,-8.243402e-01
3.754597e+00,2.160507e+00,9.404124e+00,5.098647e+00,7.248359e-01,-1.046818e+00
2.687074e+00,1.809006e+00,9.364802e+00,6.061624e+00,6.858823e-01,-1.031502e+00
2.737621e+00,2.031476e+00,1.022277e+01,6.856866e+00,7.214204e-01,-1.160928e+00
3.504254e+00,3.404400e+00,1.371157e+01,7.920070e+00,6.712254e-01,-1.059503e+00
5.191612e+00,7.100117e+00,1.272903e+01,8.297956e+00,4.772985e-01,-8.419643e-01
-1.088301e-01,8.164856e+00,9.256221e+00,7.924135e+00,-1.858653e-01,-6.413953e-01
-8.541510e+00,3.021123e+00,6.185361e+00,6.456885e+00,-1.447237e-01,-4.840666e-01
-7.436028e+00,-9.892590e+00,3.306668e-01,3.762501e+00,2.271075e+00,-1.302762e-01
2.648993e+00,-1.133229e+01,-1.305504e+00,1.353991e-01,2.863370e+00,6.628192e-01
7.171265e+00,5.652162e+00,9.602177e+00,-4.092317e+00,9.262095e-01,4.314608e-02
2.003012e+01,3.902569e+01,-2.311420e+00,-3.439277e+00,1.923158e-01,2.555142e-01
-1.201808e+01,-6.581107e+00,1.032153e+01,-1.761721e+00,-2.230364e+00,-2.101177e+00
-5.119003e+00,-4.384096e+00,1.294938e+01,-3.031087e+00,-3.630239e-01,-2.068134e-01
-6.352330e+00,1.206418e+01,1.519292e+01,-2.907995e+00,1.474241e+00,1.466872e-01
1.625441e+00,1.959144e+01,9.182306e+00,-2.199097e+00,1.716581e+00,-1.041170e-01
4.319840e+00,3.729144e+00,4.170658e+00,-1.129293e+00,9.312402e-01,1.502834e-01
2.765546e+00,1.020291e+01,4.413468e+00,-1.359817e+00,5.742239e-01,1.096975e-01
2.070170e+00,1.122357e+01,4.802543e+00,-1.100155e+00,2.428346e-02,-1.715192e-01
6.263988e-01,9.612225e+00,4.199839e+00,-1.084849e+00,-4.948025e-01,-2.209030e-01
-1.281496e+00,8.921574e+00,4.190394e+00,-9.553474e-01,-6.031921e-01,-2.801378e-01
5.930926e-01,9.913359e+00,2.798587e+00,-9.605694e-01,-3.412664e-01,-1.722666e-01
1.645580e+00,8.617402e+00,8.810934e-01,-9.997130e-01,-5.269878e-01,-2.832156e-01
3.980478e-01,7.793459e+00,1.013562e+00,-1.165019e+00,-1.046358e+00,-4.455010e-01
-3.557476e+00,7.725742e+00,2.735595e+00,-1.407410e+00,-1.025170e+00,-4.184266e-01
-5.362720e-01,8.398150e+00,4.043511e+00,-1.475630e+00,-5.701471e-01,-2.672349e-01
1.077072e+00,9.268293e+00,3.090247e+00,-1.530083e+00,-2.543945e-01,-1.432334e-01
1.467533e+00,8.928927e+00,1.029701e+00,-1.651869e+00,-2.966382e-01,-6.950874e-02
1.863366e+00,9.983950e+00,-2.340596e+00,-2.221062e+00,-5.188430e-01,4.527383e-02
2.276211e+00,1.028535e+01,-2.420781e+00,-2.750634e+00,-7.738129e-01,6.768073e-02
5.355098e+00,1.158188e+01,-1.273152e+00,-3.624649e+00,-9.387565e-01,3.071100e-01
1.201661e+01,1.403025e+01,-1.985121e+00,-4.061026e+00,-1.250186e+00,2.622241e-01
3.006378e+00,1.485956e+01,4.568630e+00,-4.542979e+00,-3.027233e+00,-1.016042e-01
-4.703779e+00,1.745488e+01,1.362025e+01,-4.873482e+00,-4.716058e+00,-5.044414e-01
-1.350476e+01,2.506397e+01,1.706668e+01,-3.700157e+00,-3.408103e+00,-9.893207e-02
-1.498732e+01,1.237630e+01,1.641732e+01,-1.148163e+00,-1.290396e+00,4.893284e-01
3.827762e+00,8.021119e+00,8.810229e+00,-9.866675e-01,1.704010e+00,7.138573e-01
4.894685e+00,1.141335e+01,9.165238e+00,3.768493e-01,1.857048e+00,4.687878e-01
3.716361e+00,5.245294e+00,9.816810e+00,2.791544e+00,1.404138e+00,1.577510e-01
3.876319e+00,2.977885e+00,7.831048e+00,3.818810e+00,1.325302e+00,4.674647e-02
3.680102e+00,2.458873e+00,9.743133e+00,4.811866e+00,1.261091e+00,-4.519051e-01
3.716147e+00,2.746713e+00,1.003482e+01,5.638962e+00,1.117161e+00,-5.108907e-01
3.999981e+00,2.761412e+00,1.031850e+01,6.745865e+00,7.747499e-01,-6.823905e-01
3.574844e+00,2.287835e+00,1.297093e+01,7.534691e+00,3.838585e-01,-8.780522e-01
3.620934e+00,7.106978e+00,1.392806e+01,8.195743e+00,5.217961e-02,-9.795014e-01
2.168425e+00,1.058929e+01,1.247631e+01,8.299100e+00,-3.265420e-02,-9.519686e-01
-8.469253e+00,1.912067e+00,5.855401e+00,6.749472e+00,5.796274e-01,-1.100285e+00
-9.107915e+00,-7.268689e+00,3.177972e+00,4.923489e+00,1.769659e+00,-3.151858e-01
5.839050e-01,-1.523505e+01,-6.841633e-01,7.870632e-01,3.326907e+00,4.935669e-01
6.082531e+00,-3.698922e+00,8.312342e+00,-3.111052e+00,2.644181e+00,4.290576e-01
2.925711e+01,3.618359e+01,-1.386252e+00,-1.531678e+00,1.823555e+00,1.949398e+00
-2.086217e+00,-9.032635e+00,4.077154e+00,-2.175975e+00,-2.557407e+00,-3.103313e+00
-8.245780e+00,1.449233e+00,1.619527e+01,-4.062626e+00,-1.022245e+00,2.690819e-01
-8.102343e+00,1.616167e+01,1.568038e+01,-3.622939e+00,-2.023504e-01,-3.332049e-01
-1.016127e+00,1.338968e+01,1.162912e+01,-1.701137e+00,8.406067e-02,2.079703e-01
-7.712830e+00,5.492705e+00,7.894653e+00,-1.404183e+00,9.926759e-01,5.902691e-01
6.687694e+00,1.156766e+01,4.774686e+00,-1.107901e+00,2.619887e+00,9.566473e-01
9.118379e+00,1.269696e+01,4.129096e+00,-1.083418e+00,1.961157e+00,5.618927e-01
4.621061e+00,8.856119e+00,3.301934e+00,-1.084984e+00,-1.659586e-01,3.498638e-02
-1.393504e-01,1.021232e+01,3.450012e+00,-1.095921e+00,-6.741131e-01,-1.511021e-01
-3.946246e+00,1.055579e+01,3.073904e+00,-1.020566e+00,-5.222679e-01,-1.933402e-01
-1.992550e+00,8.717097e+00,1.453548e+00,-1.007735e+00,-3.951458e-02,-1.265527e-01
9.993406e-01,7.123181e+00,4.357305e-01,-1.251263e+00,-3.537508e-02,-1.077829e-01
7.543868e-01,7.294359e+00,1.550257e+00,-1.501800e+00,-4.176288e-01,-2.453645e-01
2.996162e-01,7.854770e+00,2.683499e+00,-1.725599e+00,-5.248225e-01,-2.157943e-01
1.847873e+00,8.372323e+00,2.799559e-02,-1.989750e+00,-3.482379e-01,-4.554466e-02
3.650938e+00,8.159443e+00,-2.864577e+00,-2.656223e+00,-6.973026e-01,-4.162311e-02
2.837201e+00,9.418958e+00,-1.152935e+00,-3.201788e+00,-1.142966e+00,-7.927714e-02
4.543320e+00,1.080934e+01,-1.098338e-01,-3.776011e+00,-1.418687e+00,9.488755e-02
1.194610e+01,1.235388e+01,-4.623026e+00,-4.266194e+00,-1.389456e+00,1.715130e-01
4.155360e+00,1.563079e+01,3.028200e+00,-5.088765e+00,-4.400627e+00,-3.844939e-01
-8.103615e+00,2.758416e+01,1.933147e+01,-5.343899e+00,-5.606554e+00,-6.480285e-01
-2.180634e+01,2.379024e+01,1.875577e+01,-3.431348e+00,-3.480361e+00,-3.033685e-01
-7.216796e+00,2.017838e+00,2.241807e+01,-1.258090e+00,6.666923e-01,9.224957e-01
9.024981e+00,1.426499e+01,1.254997e+01,-4.681071e-01,2.909352e+00,6.784385e-01
8.809453e+00,9.733329e+00,1.336652e+01,1.289597e+00,2.454791e+00,2.883826e-01
6.315733e+00,3.190498e+00,7.938383e+00,3.256992e+00,1.704921e+00,-1.471204e-02
4.058231e+00,1.239074e+00,8.584555e+00,4.270304e+00,1.361582e+00,-5.412987e-01
2.892161e+00,4.094481e-01,9.645006e+00,5.466239e+00,1.737090e+00,-1.141741e+00
3.415934e+00,3.710345e+00,9.271360e+00,6.198905e+00,1.747888e+00,-9.295785e-01
4.886469e+00,2.782786e+00,1.218979e+01,7.351023e+00,1.538259e+00,-8.743415e-01
5.828374e+00,2.704228e+00,1.391254e+01,8.155410e+00,1.108140e+00,-6.537453e-01
6.569079e+00,6.477477e+00,1.173378e+01,8.450880e+00,3.976245e-02,-2.308312e-01
-5.599187e-01,5.075801e+00,1.081837e+01,7.880614e+00,-5.798164e-01,-3.128008e-01
-1.691592e+01,-8.305674e+00,6.738089e+00,5.506220e+00,1.674846e-02,-1.642125e-01
-1.285978e+01,-1.309214e+01,7.306781e+00,2.212971e+00,2.724833e+00,6.427436e-01
1.017271e+01,2.805549e-01,6.263779e+00,-2.602197e+00,4.251330e+00,1.097405e+00
2.711483e+01,3.641820e+01,-1.084859e+01,-3.099871e+00,2.919740e+00,1.264035e+00
-6.819369e+00,-7.224161e+00,1.470651e+01,-3.682042e+00,-2.322208e+00,-2.927937e+00
-5.032164e+00,-1.364908e+01,1.896490e+01,-4.139034e+00,-1.322516e+00,-1.242086e+00
-7.947847e+00,2.639665e+01,1.476896e+01,-3.362286e+00,4.233664e-03,5.404289e-01
-1.056945e+01,2.533674e+01,1.535366e+01,-1.386560e+00,8.486007e-01,3.376587e-02
4.819785e+00,3.771041e+00,5.342112e+00,-5.611855e-01,3.062867e+00,1.070592e+00
1.091202e+01,5.314239e+00,5.023916e+00,-4.616230e-01,2.725898e+00,7.334691e-01
1.189274e+01,1.586861e+01,3.233912e+00,-5.786262e-01,-3.481662e-01,-9.741023e-02
-1.458623e+00,1.080384e+01,3.605378e+00,-3.951729e-01,-1.849616e+00,-6.468228e-01
-5.422162e+00,1.132282e+01,1.775646e+00,-4.315943e-01,-1.596624e+00,-4.870722e-01
-3.417172e+00,9.784799e+00,1.036038e-01,-4.238466e-01,-7.524548e-01,-2.672962e-01
7.340812e-01,6.330716e+00,-6.366442e-01,-7.315957e-01,-3.903267e-01,-1.124782e-01
-1.019227e-01,6.099412e+00,1.357548e+00,-1.009539e+00,-8.358938e-01,-1.955745e-01
-2.386297e+00,8.964250e+00,2.449841e+00,-1.227171e+00,-9.806467e-01,-1.376906e-01
1.689757e+00,6.886371e+00,-1.483214e+00,-1.310479e+00,-7.728063e-01,-4.640316e-02
2.820871e+00,1.076561e+01,-2.649579e+00,-1.909394e+00,-9.689533e-01,2.826006e-02
3.688763e+00,1.141000e+01,-3.105258e+00,-2.431848e+00,-1.339658e+00,6.369641e-02
5.057425e+00,1.154746e+01,-4.840131e+00,-3.220101e+00,-1.810603e+00,2.856960e-01
6.114400e+00,1.107206e+01,-4.053772e+00,-3.634169e+00,-2.046017e+00,3.524630e-01
8.959933e-01,1.453491e+01,-2.044276e+00,-4.176809e+00,-2.443746e+00,4.310810e-01
-3.306547e+00,1.987599e+01,7.916663e+00,-4.749747e+00,-3.129710e+00,3.607373e-01
-7.141028e+00,2.629616e+01,1.528688e+01,-4.316206e+00,-1.990177e+00,5.791094e-02
-1.104385e+01,1.623725e+01,1.937434e+01,-2.602389e+00,-6.341037e-01,3.365653e-01
3.558120e+00,9.702702e+00,1.198297e+01,-1.723887e+00,1.649438e+00,8.261121e-01
5.480375e+00,1.287666e+01,1.124774e+01,-8.329152e-01,2.096584e+00,6.871223e-01
4.448866e+00,7.390408e+00,1.006059e+01,1.548842e+00,1.390122e+00,1.353210e-01
4.072951e+00,4.963587e+00,7.091209e+00,2.584316e+00,1.053761e+00,-2.776095e-01
2.640551e+00,2.477190e+00,7.818802e+00,3.616458e+00,8.597364e-01,-8.614159e-01
1.891839e+00,3.291609e+00,7.779004e+00,4.252519e+00,8.108714e-01,-1.069707e+00
8.700000e-01,4.560341e+00,9.412101e+00,5.303758e+00,8.838471e-01,-1.094562e+00
1.109261e+00,3.715303e+00,1.129503e+01,6.067761e+00,1.083911e+00,-1.091999e+00
1.405333e+00,2.572080e+00,1.186577e+01,6.871007e+00,1.434940e+00,-9.741326e-01
4.586126e+00,2.178309e-01,1.257289e+01,6.916826e+00,1.664072e+00,-7.428728e-01
1.466652e+00,1.738887e+00,1.175857e+01,5.910650e+00,6.171765e-01,-2.152030e-01
-3.156781e+00,-2.048820e-01,1.189577e+01,4.363073e+00,-1.085543e-01,-1.948018e-01
-6.355996e+00,-6.334308e+00,8.290022e+00,1.191396e+00,8.019635e-01,3.109460e-01
-5.771580e+00,-4.733423e-01,5.120414e+00,-1.358945e+00,1.785230e+00,4.072494e-01
1.329243e+01,2.885613e+01,1.466363e+01,-3.809221e+00,3.627209e+00,2.443849e+00
6.376213e+00,6.484361e-02,5.729400e+00,-2.529632e+00,2.362391e+00,1.074244e+00
5.603129e+00,-3.340702e-01,1.067468e+01,-2.268175e+00,1.863091e+00,6.381086e-02
1.049446e+01,1.788668e+01,1.235441e+01,-2.653939e+00,1.664468e+00,8.622198e-01
-1.806792e-02,1.112771e+01,6.679622e+00,-1.301747e+00,-2.761177e-01,-3.103384e-01
-4.039618e+00,7.024328e+00,6.234958e+00,-9.706402e-01,-1.448144e-02,-7.683170e-02
1.878110e-02,1.086065e+01,5.898876e+00,-7.593554e-01,8.981384e-01,2.060311e-01
2.011671e+00,1.011801e+01,4.286312e+00,-5.835324e-01,7.807324e-01,1.826589e-01
3.310937e+00,1.015920e+01,2.945082e+00,-5.285092e-01,5.266382e-01,4.544292e-02
3.745039e+00,1.137063e+01,2.879764e+00,-6.062260e-01,1.289984e-01,-8.042634e-02
1.083416e+00,9.854879e+00,3.418292e+00,-6.944127e-01,-6.725108e-01,-3.318585e-01
-1.495757e+00,9.495123e+00,4.558913e+00,-7.328389e-01,-7.578909e-01,-3.276300e-01
-2.485936e+00,8.904176e+00,5.076704e+00,-6.766050e-01,-5.045171e-01,-1.830895e-01
-7.028627e-01,8.323754e+00,4.550216e+00,-6.494742e-01,-4.277078e-01,-1.247278e-01
1.658192e+00,9.072649e+00,3.501808e+00,-6.679142e-01,-4.805310e-01,-5.697176e-02
5.915019e-01,8.761416e+00,3.729979e+00,-6.799944e-01,-5.881740e-01,-7.982129e-02
-7.908007e-01,9.553242e+00,1.106308e+00,-9.099063e-01,-3.087782e-01,1.761344e-01
1.064593e+00,9.218049e+00,-2.981462e+00,-1.143024e+00,-2.128147e-01,3.007860e-01
6.126608e+00,9.947626e+00,-5.936655e+00,-1.979377e+00,-9.591414e-01,1.219904e-01
3.070203e+00,9.986954e+00,-2.378215e+00,-2.668036e+00,-2.005748e+00,-1.201956e-01
1.653279e+00,1.124958e+01,2.259995e-01,-3.432767e+00,-2.187155e+00,1.846600e-01
2.825735e+00,1.186156e+01,-2.613570e-01,-3.544017e+00,-2.121788e+00,2.843443e-01
-3.874995e-01,1.503898e+01,5.228914e+00,-4.151702e+00,-3.110670e+00,4.509907e-01
-3.337114e+00,1.980131e+01,1.031964e+01,-4.235308e+00,-2.599230e+00,1.386755e-01
-6.462862e+00,2.418828e+01,1.503569e+01,-2.281928e+00,-9.153829e-01,1.210910e-01
-3.444016e+00,7.333712e+00,1.649769e+01,-1.426622e+00,1.210687e-01,2.701763e-01
4.043431e+00,1.048065e+01,9.570600e+00,-7.102036e-01,1.745272e+00,4.488567e-01
4.501727e+00,1.108628e+01,1.030398e+01,2.005707e-01,1.587985e+00,2.976102e-01
2.574573e+00,5.733770e+00,8.049184e+00,2.229898e+00,1.294953e+00,-2.698021e-01
2.554530e+00,3.435197e+00,7.981821e+00,3.113559e+00,1.338970e+00,-5.208735e-01
2.571855e+00,3.120274e+00,8.500263e+00,4.283025e+00,1.286893e+00,-6.756235e-01
2.845547e+00,3.715917e+00,8.387278e+00,5.115093e+00,1.160255e+00,-7.249948e-01
2.582062e+00,4.080365e+00,9.724800e+00,6.042106e+00,1.021617e+00,-7.819283e-01
2.621190e+00,3.589646e+00,1.059534e+01,6.736106e+00,9.535080e-01,-8.675363e-01
3.824447e+00,5.319453e+00,1.255986e+01,7.449337e+00,9.222366e-01,-8.505525e-01
4.176090e+00,6.263061e+00,1.124406e+01,7.463926e+00,7.858071e-01,-8.353940e-01
-4.461268e-01,4.507358e+00,9.173060e+00,6.146614e+00,4.954697e-01,-5.335832e-01
-7.334120e+00,3.061070e+00,7.284977e+00,4.654139e+00,9.795449e-01,-1.710483e-02
-6.968118e+00,-8.835579e+00,3.884995e+00,1.589500e+00,3.020003e+00,7.894717e-01
-2.895447e+00,-9.704746e+00,6.225464e+00,-1.639267e+00,3.813971e+00,9.201479e-01
1.333356e+01,2.582051e+01,1.989226e-01,-2.604592e+00,2.945499e+00,1.329612e+00
2.432548e+01,2.651363e+01,2.518879e+00,-1.992077e+00,-1.014355e+00,-1.116838e+00
-5.644011e+00,-6.091139e+00,1.358033e+01,-2.783035e+00,-1.504895e+00,-9.814535e-01
-3.314836e-01,1.071416e+00,1.008123e+01,-2.387395e+00,-2.654916e-01,3.035674e-01
-9.053850e+00,2.082973e+01,1.417302e+01,-2.281945e+00,-1.850791e-01,-6.681124e-01
-5.288384e+00,1.454450e+01,8.114651e+00,-1.312490e+00,8.214401e-01,3.390189e-01
1.792909e+00,5.139382e+00,2.518111e+00,-1.185968e+00,1.487757e+00,3.992199e-01
5.750011e+00,1.217003e+01,2.435003e+00,-1.138407e+00,1.065712e+00,2.065298e-01
2.569831e+00,1.038902e+01,2.768156e+00,-1.069690e+00,-4.931002e-01,-1.783719e-01
9.155526e-01,8.460868e+00,1.901386e+00,-1.126746e+00,-1.061337e+00,-3.216895e-01
-3.078810e+00,1.011290e+01,3.178004e+00,-1.208382e+00,-6.510911e-01,-1.604590e-01
-1.373325e+00,1.064213e+01,3.010597e+00,-1.168173e+00,-2.263980e-01,-5.520257e-02
-1.655906e-01,8.701339e+00,1.527953e+00,-1.244482e+00,-2.366857e-01,-4.395805e-02
-1.234368e+00,9.068989e+00,3.446865e+00,-1.268143e+00,-1.767410e-01,-6.830605e-03
9.350707e-02,9.904344e+00,6.552619e+00,-1.162600e+00,1.062262e-01,5.438184e-02
3.125259e+00,1.008106e+01,4.369728e+00,-1.084916e+00,1.410951e-01,7.246180e-02
4.179291e-01,9.222431e+00,-3.123322e+00,-1.094415e+00,-3.095795e-01,1.134699e-01
1.218496e+00,8.927642e+00,-4.758964e+00,-1.327679e+00,-5.753400e-01,1.395737e-01
3.408420e+00,9.796714e+00,-1.296995e+00,-1.937948e+00,-7.635196e-01,1.718951e-01
4.121670e+00,1.079890e+01,1.351382e+00,-2.651244e+00,-1.056010e+00,1.089253e-01
6.827195e+00,1.278438e+01,-5.254395e-01,-3.360924e+00,-1.501369e+00,1.842772e-01
5.509930e+00,1.410520e+01,-2.893440e+00,-3.570514e+00,-1.757604e+00,2.481135e-01
-5.650076e+00,1.813013e+01,1.164006e+01,-4.037504e+00,-3.203659e+00,1.346635e-01
-1.004877e+01,2.474811e+01,1.521679e+01,-4.393141e+00,-4.302982e+00,-6.253966e-02
-5.630827e+00,8.169829e+00,1.615167e+01,-3.928213e+00,-2.908498e+00,-3.773997e-02
2.600727e+00,8.420506e+00,1.069138e+01,-2.048341e+00,-8.761484e-01,3.020381e-01
3.494347e+00,8.325808e+00,1.064494e+01,-1.310457e+00,1.338785e+00,5.135873e-01
2.641319e+00,6.805705e+00,9.991257e+00,8.717013e-02,1.245098e+00,1.012981e-01
2.449221e+00,3.778309e+00,9.318405e+00,1.745465e+00,9.504204e-01,-2.431996e-01
2.390000e+00,2.334525e+00,1.007678e+01,3.006523e+00,9.301635e-01,-3.102770e-01
2.106315e+00,3.569584e+00,1.027533e+01,4.360159e+00,1.327621e+00,-6.260697e-01
9.393205e-01,3.573801e+00,1.134068e+01,5.225219e+00,1.456747e+00,-6.612400e-01
1.338718e+00,3.629160e+00,1.340790e+01,6.486710e+00,1.473183e+00,-6.904943e-01
3.612708e+00,5.863467e+00,1.406607e+01,7.345196e+00,1.710996e+00,-5.368865e-01
2.886349e+00,1.039229e+01,9.030381e+00,8.130187e+00,2.007384e+00,-2.077539e-02
-6.134404e+00,4.762208e+00,6.177796e+00,8.175062e+00,1.637519e+00,2.148234e-01
-7.811709e+00,-3.553997e+00,5.449094e+00,7.216362e+00,1.278649e+00,-1.188692e-01
1.385975e+00,-7.630474e+00,-2.605932e-01,5.680143e+00,2.372457e+00,2.230664e-01
3.794737e+00,-2.807640e+00,4.269263e+00,2.055825e+00,4.314260e+00,7.037216e-01
2.611187e+00,1.278522e+01,5.844009e+00,-9.478697e-01,2.951632e+00,4.392514e-01
5.308831e+00,1.505491e+01,6.735925e+00,-3.261722e+00,1.169572e+00,-9.477795e-02
5.068416e+00,1.057246e+00,9.674793e+00,-2.271351e+00,1.359768e+00,3.826973e-01
-1.398575e+00,-2.068546e+00,1.139167e+01,-3.529243e+00,1.478473e-01,-6.700799e-01
-8.775371e+00,1.676328e+01,1.437642e+01,-3.391175e+00,-8.238661e-02,-4.679286e-01
-2.653697e+00,8.143227e+00,7.952519e+00,-3.090630e+00,-2.085338e-01,-3.163170e-01
-1.846016e+00,5.573575e+00,4.417269e+00,-1.875765e+00,6.366430e-01,-5.025509e-02
6.615142e+00,1.131563e+01,5.106724e+00,-1.265386e+00,1.531276e+00,5.748091e-01
1.053962e+01,1.136965e+01,3.990242e+00,-1.231999e+00,2.254301e+00,6.729840e-01
3.077154e+00,8.071392e+00,4.088331e+00,-1.141952e+00,1.314478e+00,2.350543e-01
-7.741733e-01,1.061074e+01,4.719631e+00,-1.098125e+00,-9.132328e-02,-1.317840e-01
-1.269062e+00,1.029727e+01,3.408357e+00,-1.090938e+00,-7.054489e-01,-2.864484e-01
5.610837e-02,1.002054e+01,3.233090e+00,-1.037999e+00,-3.127172e-01,-1.712195e-01
1.114975e+00,7.947922e+00,2.774525e+00,-9.904299e-01,2.248305e-01,-7.580690e-02
-1.886175e-01,7.497672e+00,3.714085e+00,-1.053710e+00,1.451700e-01,-9.315754e-02
7.327298e-01,7.881818e+00,4.593635e+00,-1.151184e+00,-2.125448e-01,-1.594997e-01
1.003202e+00,8.109064e+00,3.979071e+00,-1.235164e+00,-2.219862e-01,-9.330770e-02
1.816330e+00,8.980261e+00,3.326097e-01,-1.306095e+00,-1.433357e-01,7.775055e-02
4.041937e+00,9.175181e+00,-1.071088e+00,-1.454641e+00,-1.035177e-01,2.305253e-01
3.998738e+00,9.089337e+00,-9.934978e-01,-1.912703e+00,-3.583666e-01,2.165606e-01
2.663306e+00,1.190310e+01,3.215153e-01,-2.260005e+00,-7.814845e-01,1.392154e-01
1.303788e+00,1.645914e+01,-1.908191e+00,-2.954810e+00,-1.537824e+00,1.822264e-01
8.145414e-02,1.516748e+01,-1.828655e-01,-3.301251e+00,-1.891157e+00,2.999779e-01
-3.436785e+00,2.129879e+01,1.204051e+01,-3.803466e+00,-2.533661e+00,3.346766e-01
-6.791433e+00,2.362123e+01,1.444188e+01,-4.043352e+00,-2.997531e+00,3.907915e-01
-3.929443e+00,4.949976e+00,1.620468e+01,-2.824878e+00,-1.949502e+00,3.540129e-01
-1.304205e+00,1.132892e+01,1.069589e+01,-1.514988e+00,-8.563363e-01,5.706950e-01
-1.408591e+00,1.009338e+01,1.273771e+01,-1.073893e+00,1.176733e+00,9.793457e-01
-4.345315e-02,6.287448e+00,1.142772e+01,3.623828e-01,1.849210e+00,1.073458e+00
3.912078e+00,3.432294e+00,1.004312e+01,2.395201e+00,2.478739e+00,1.111170e+00
4.908725e+00,2.445490e+00,9.837101e+00,3.421265e+00,2.679114e+00,1.023007e+00
4.691921e+00,3.028648e+00,9.069751e+00,4.565184e+00,2.412825e+00,8.773613e-01
3.712083e+00,3.296875e+00,9.988869e+00,5.325534e+00,1.701310e+00,7.249194e-01
2.420852e+00,3.316410e+00,1.193131e+01,6.358496e+00,7.815942e-01,3.516199e-01
3.516803e+00,4.961220e+00,1.356888e+01,7.008541e+00,4.713758e-01,5.352421e-02
1.953308e+00,7.604359e+00,1.124079e+01,7.657789e+00,5.236596e-01,-3.991382e-01
-2.952249e+00,5.633044e+00,9.633807e+00,7.840641e+00,5.526592e-01,-7.716919e-01
-1.057133e+01,1.006534e+00,7.597692e+00,6.757599e+00,4.465534e-01,-1.221652e+00
-7.543661e+00,-8.994261e+00,2.539096e+00,5.174233e+00,9.087495e-01,-4.573136e-01
2.389812e+00,-7.676161e+00,6.930537e+00,2.611486e+00,2.733847e+00,9.669443e-03
6.956599e+00,2.878695e+01,7.321959e-01,-6.240018e-01,3.516717e+00,2.178112e-01
-3.128808e+00,-3.367519e+00,2.463943e+00,-3.111186e+00,2.454200e+00,2.066962e-01
2.469386e+00,-6.008672e+00,8.427489e+00,-5.817178e-01,2.418547e+00,1.169752e+00
-5.660902e+00,8.835265e+00,1.375090e+01,-2.519944e+00,6.179241e-01,-8.300751e-01
9.080468e-01,2.091223e+01,1.187691e+01,-3.246710e+00,1.066654e+00,2.106848e-01
1.158265e+00,2.869173e+00,5.204930e+00,-2.724528e+00,1.415314e-01,-9.607809e-01
-4.908006e+00,7.990836e+00,5.071909e+00,-1.457552e+00,-5.289231e-01,-6.232328e-01
-3.726897e+00,1.249031e+01,5.874881e+00,-1.545963e+00,-3.537482e-01,-3.344961e-01
5.956545e+00,1.137053e+01,3.232556e+00,-1.351484e+00,1.064128e+00,1.942170e-01
4.756604e+00,7.491589e+00,2.260653e+00,-9.736846e-01,2.231023e+00,3.313055e-01
9.148663e-01,9.260800e+00,3.233879e+00,-9.077750e-01,6.526457e-01,-1.098766e-01
1.738044e+00,9.422571e+00,7.424243e-01,-9.850700e-01,-4.981836e-01,-4.167198e-01
9.299849e-01,7.341596e+00,-1.160030e-01,-1.091308e+00,-5.294242e-01,-4.173705e-01
-2.671119e+00,8.727229e+00,1.520861e+00,-1.222952e+00,-8.267191e-01,-5.263422e-01
-3.451943e+00,9.271710e+00,3.554327e+00,-1.566504e+00,-1.000915e+00,-4.417502e-01
1.881949e+00,9.552810e+00,5.560962e+00,-1.758132e+00,-6.128033e-01,-3.118636e-01
1.019429e+00,8.717873e+00,4.426545e+00,-1.732815e+00,-1.903465e-01,-2.118176e-01
8.441623e-01,8.329012e+00,2.890903e+00,-1.658332e+00,-2.301518e-01,-1.648228e-01
2.785686e+00,1.028689e+01,8.115016e-02,-1.668256e+00,-2.832932e-01,-4.643927e-02
3.338757e+00,9.294654e+00,-3.896805e-01,-2.001056e+00,-1.260837e-01,1.234919e-01
4.056943e+00,9.557788e+00,1.538938e-01,-2.413927e+00,-4.920750e-01,7.748134e-02
1.326473e+01,1.409204e+01,-2.994504e+00,-3.020447e+00,-1.025984e+00,7.939565e-02
6.119112e+00,1.544185e+01,-7.636673e-01,-3.443171e+00,-1.460678e+00,3.634131e-02
-5.918860e+00,1.619360e+01,1.321406e+01,-4.125501e+00,-3.200591e+00,-2.429341e-01
-1.135667e+01,2.301495e+01,1.750117e+01,-4.448348e+00,-5.163562e+00,-6.983883e-01
-9.825557e+00,9.223627e+00,1.548224e+01,-4.288129e+00,-3.685545e+00,-4.614984e-01
-3.642805e-01,8.168328e-01,1.562560e+01,-2.556135e+00,-1.838549e+00,9.844969e-02
6.559756e+00,1.095915e+01,9.158049e+00,-7.848529e-01,1.293771e+00,6.316845e-01
4.623943e+00,7.215308e+00,1.048459e+01,-6.732404e-01,2.139924e+00,4.503472e-01
3.108268e+00,3.484903e+00,7.748763e+00,1.616899e+00,1.333819e+00,-7.338184e-02
2.792573e+00,2.085018e+00,8.134645e+00,2.867213e+00,1.054392e+00,-1.116068e-01
2.412076e+00,1.312820e+00,9.066044e+00,3.997806e+00,1.092926e+00,-2.852965e-01
2.396865e+00,2.453004e+00,9.245718e+00,4.837911e+00,1.269281e+00,-6.802525e-01
2.982509e+00,3.359767e+00,1.129690e+01,5.783973e+00,1.302165e+00,-7.485536e-01
4.634928e+00,4.702107e+00,1.396890e+01,6.571163e+00,1.295726e+00,-8.172825e-01
5.916969e+00,9.199563e+00,1.180635e+01,7.533617e+00,1.278632e+00,-8.872956e-01
2.306093e+00,8.920158e+00,9.830250e+00,8.089487e+00,1.026225e+00,-7.841963e-01
-1.387622e+01,1.517840e+00,7.180540e+00,7.612504e+00,3.771643e-01,-9.166913e-01
-8.044711e+00,-1.097140e+01,-4.496840e-01,6.279221e+00,2.793899e-01,-6.595435e-01
3.041173e+00,-1.122481e+01,3.134395e+00,3.775800e+00,2.592536e+00,-1.479503e-02
1.241293e+01,2.431290e+01,7.952067e-01,1.921194e-01,4.125415e+00,8.609970e-01
1.265540e+00,-2.188023e-02,4.224862e+00,-3.237459e+00,2.805586e+00,7.648257e-01
-3.827356e+00,-4.207538e+00,1.007231e+01,-1.574564e+00,1.098577e+00,3.314614e-01
-1.161795e+01,6.847515e+00,1.587540e+01,-2.918502e+00,-1.568806e+00,-1.482553e+00
-5.927385e+00,1.854219e+01,1.401211e+01,-3.326325e+00,-5.574251e-01,-4.610858e-02
4.488304e+00,5.909518e+00,4.814245e+00,-2.603952e+00,1.095115e+00,-1.522386e-01
3.740269e+00,6.984054e+00,3.299792e+00,-1.454101e+00,1.763075e+00,4.031221e-01
3.441137e+00,1.195167e+01,2.973018e+00,-1.263570e+00,1.381575e+00,2.554464e-01
3.418570e+00,1.051791e+01,3.097961e+00,-1.265619e+00,9.344902e-01,2.031708e-01
-3.730093e+00,8.177517e+00,4.154671e+00,-1.146492e+00,-2.924833e-01,-2.441001e-01
-5.710200e-01,1.057932e+01,3.050299e+00,-1.118772e+00,-7.875523e-01,-3.485844e-01
1.753117e+00,9.992191e+00,1.009695e+00,-1.092794e+00,-5.161934e-02,-1.060545e-01
3.674776e+00,8.652698e+00,2.293798e-01,-1.096248e+00,3.731988e-01,1.199803e-02
-2.162329e+00,8.790624e+00,3.483019e+00,-1.271150e+00,-6.394052e-02,-1.141742e-01
-3.463483e+00,8.931010e+00,4.992380e+00,-1.467605e+00,-6.529874e-01,-2.813085e-01
5.750710e-01,8.692111e+00,5.273569e+00,-1.587348e+00,-7.218940e-01,-2.835084e-01
2.882798e+00,9.640939e+00,3.437178e+00,-1.568017e+00,-1.580731e-01,-2.280933e-03
3.100958e+00,8.685283e+00,-5.128939e-01,-1.591867e+00,1.646111e-01,2.148930e-01
1.150184e+00,8.853137e+00,-2.207786e+00,-1.757178e+00,-1.511095e-01,2.111496e-01
8.550855e-01,9.371291e+00,7.386980e-01,-2.271841e+00,-8.363957e-01,1.077792e-01
1.956088e+00,1.044478e+01,2.268213e+00,-2.812637e+00,-1.217656e+00,5.910549e-02
6.724506e+00,1.723405e+01,-3.822864e+00,-3.368797e+00,-1.329699e+00,2.719255e-01
-7.833589e-01,1.249910e+01,4.449722e+00,-3.637208e+00,-1.516941e+00,3.741771e-01
-1.934677e+00,1.610396e+01,1.189758e+01,-4.101569e+00,-2.749441e+00,-3.886022e-02
-7.998863e+00,2.525105e+01,1.553258e+01,-4.476838e+00,-3.924116e+00,-3.665066e-01
1.223535e+00,3.335464e+00,1.472659e+01,-3.709529e+00,-2.512309e+00,-7.152231e-01
6.797622e+00,8.339887e+00,8.479567e+00,-1.756204e+00,-9.021454e-01,-4.009922e-01
4.898016e+00,9.129028e+00,1.087976e+01,-1.398091e+00,1.125720e+00,-3.427725e-01
2.833358e+00,6.458357e+00,1.021312e+01,-2.013210e-01,9.930026e-01,-6.878890e-01
2,3.496630e+00,8.174933e+00,1.862861e+00,7.885183e-01,-1.142491e+00
2.592923e+00,3.344513e+00,9.445026e+00,3.022748e+00,1.245457e+00,-1.209218e+00
3.739751e+00,3.937649e+00,1.012975e+01,4.140495e+00,1.829418e+00,-1.308705e+00
4.764891e+00,4.270679e+00,1.052656e+01,5.160098e+00,2.099863e+00,-1.175530e+00
7.962929e+00,4.097307e+00,1.316932e+01,6.413417e+00,2.033641e+00,-9.497143e-01
9.694306e+00,7.408830e+00,1.264536e+01,7.247349e+00,1.582787e+00,-7.320401e-01
7.721990e+00,9.061046e+00,1.132514e+01,7.937184e+00,4.910471e-01,-4.385930e-01
-3.320584e+00,2.369285e+00,7.186295e+00,8.016137e+00,-6.968753e-01,-5.582404e-01
-1.441363e+01,-8.839875e+00,8.954987e+00,6.756987e+00,-1.583629e+00,-1.539488e+00
-4.528125e+00,-1.280649e+01,2.410237e+00,4.294614e+00,-1.017971e-01,-1.177971e+00
1.019470e+01,1.807883e+01,2.595210e+00,1.048408e+00,3.004522e+00,6.990275e-01
2.630992e+01,3.260886e+01,-6.004263e-01,-2.420009e+00,3.755255e+00,1.307510e+00
-6.613090e+00,-5.401270e+00,1.142924e+01,-2.148181e+00,1.914372e+00,1.164177e+00
-8.494316e+00,1.477910e+00,1.176168e+01,-2.196578e+00,-2.378732e+00,-2.117709e+00
-1.130252e+01,1.954162e+01,1.413658e+01,-3.024619e+00,-1.265204e+00,1.345920e-02
-4.488663e-01,1.689498e+01,9.784613e+00,-2.769252e+00,3.023205e-02,1.996884e-01
9.243580e+00,4.812774e+00,3.331432e+00,-1.436249e+00,2.865002e+00,8.971449e-01
7.661728e+00,1.108223e+01,3.395467e+00,-8.938221e-01,2.767419e+00,7.389093e-01
-6.457133e-01,9.510745e+00,3.563869e+00,-1.153989e+00,6.772446e-01,6.360337e-02
-3.560906e+00,8.688626e+00,3.221265e+00,-1.051243e+00,-5.530070e-01,-3.208360e-01
-3.252274e+00,9.668077e+00,2.249710e+00,-1.091998e+00,-1.499600e+00,-5.746495e-01
-2.924612e-01,9.859544e+00,1.259555e+00,-1.093680e+00,-8.832593e-01,-3.294167e-01
3.136492e+00,8.897544e+00,7.322800e-01,-1.178254e+00,-1.849357e-01,-1.161157e-01
-6.007416e-01,8.714491e+00,2.554891e+00,-1.355685e+00,-5.075592e-01,-2.264576e-01
-2.094580e+00,9.113771e+00,5.013019e+00,-1.572803e+00,-1.440684e+00,-5.239906e-01
-8.249653e-01,9.081756e+00,5.968136e+00,-1.694580e+00,-1.566852e+00,-5.352993e-01
3.121910e+00,9.429562e+00,2.101864e+00,-1.590056e+00,-8.759276e-01,-2.855470e-01
2.336456e+00,8.560971e+00,1.300056e-01,-1.601266e+00,-5.619694e-01,-6.656016e-02
-9.170186e-01,9.420146e+00,-2.201571e-01,-1.808648e+00,-8.229220e-01,-2.215104e-02
-1.355323e+00,9.983177e+00,1.514161e+00,-2.247647e+00,-1.322328e+00,-8.267500e-02
6.506723e+00,9.390979e+00,1.799890e+00,-2.831866e+00,-1.423157e+00,-5.440336e-03
9.609080e+00,1.121201e+01,-1.446191e-01,-3.148377e+00,-1.105865e+00,2.133038e-01
4.082804e+00,1.387244e+01,-5.485363e-01,-3.477112e+00,-1.239501e+00,1.047773e-01
-1.865329e+00,1.222516e+01,6.016026e+00,-3.963987e+00,-2.525527e+00,-2.345657e-01
-8.275496e+00,2.671184e+01,1.672983e+01,-4.637575e+00,-4.570099e+00,-8.713108e-01
-8.392642e+00,1.524671e+01,1.688101e+01,-4.853077e+00,-4.030487e+00,-9.120086e-01
9.468225e+00,8.725679e+00,9.762938e+00,-2.610581e+00,-1.638855e+00,-6.735515e-01
1.040958e+01,1.181837e+01,8.814066e+00,-1.364312e+00,3.787806e-01,-3.618890e-01
3.155826e+00,4.158024e+00,9.957697e+00,-5.400656e-01,9.096499e-01,-1.015866e+00
2.688985e+00,3.474303e+00,7.578379e+00,1.323336e+00,3.505619e-01,-1.904545e+00
1.871953e+00,2.938047e+00,9.721927e+00,2.828590e+00,9.319651e-01,-1.966005e+00
3.263684e+00,3.891842e+00,1.028126e+01,3.728497e+00,1.457034e+00,-2.209866e+00
5.966332e+00,4.166897e+00,1.113517e+01,4.917401e+00,2.263479e+00,-2.142927e+00
8.270820e+00,3.517451e+00,1.225446e+01,6.010508e+00,2.666095e+00,-1.833617e+00
1.354290e+01,5.428857e+00,1.237585e+01,7.359682e+00,2.174695e+00,-1.322797e+00
1.108627e+01,8.105037e+00,1.258426e+01,8.054843e+00,8.125185e-01,-8.500310e-01
-4.286361e+00,2.622128e+00,6.114332e+00,8.287463e+00,-1.544679e+00,-6.646436e-01
-2.755551e+01,-3.584188e+00,8.053169e+00,7.691617e+00,-3.035372e+00,-1.694585e+00
-9.591134e+00,-1.388745e+01,3.979764e+00,4.556145e+00,-1.333242e+00,-1.672388e+00
5.963179e+00,-7.736847e+00,1.064394e+01,1.898057e+00,3.158774e+00,3.444106e-01
3.895992e+01,3.895751e+01,-3.121744e+00,-2.725619e+00,5.174810e+00,1.991973e+00
4.606978e+00,4.599551e-02,4.604046e+00,-3.989877e+00,4.134508e+00,1.554080e+00
-1.952370e+00,5.419062e-01,1.186686e+01,-1.283828e+00,-1.077278e+00,-1.005779e+00
-8.812916e+00,1.659583e+01,1.315881e+01,-2.813803e+00,-2.049414e+00,-8.324842e-01
-3.359971e+00,1.322624e+01,7.855287e+00,-3.004276e+00,-2.237332e-01,3.544808e-01
-9.411419e-01,4.709970e+00,4.292421e+00,-2.204419e+00,4.206928e-01,-1.664694e-01
3.627887e+00,1.121914e+01,2.884263e+00,-1.109965e+00,8.530833e-01,4.007883e-01
4.699665e+00,1.027464e+01,2.354486e+00,-1.220671e+00,1.039670e+00,4.181377e-01
1.045933e+00,8.882171e+00,2.914207e+00,-1.206904e+00,5.231501e-01,2.432579e-01
-1.759145e+00,9.333159e+00,3.581842e+00,-1.306318e+00,-6.056685e-01,-1.314851e-01
-1.490781e+00,9.653015e+00,3.197088e+00,-1.349522e+00,-1.198324e+00,-2.446100e-01
-5.400635e-01,8.912750e+00,2.880469e+00,-1.315716e+00,-9.409183e-01,-1.357762e-01
-2.414213e-01,8.651103e+00,2.755907e+00,-1.264630e+00,-6.810377e-01,-1.157122e-01
-5.658097e-01,8.625370e+00,3.726303e+00,-1.321830e+00,-7.509178e-01,-1.435137e-01
9.808433e-01,8.647191e+00,5.324832e+00,-1.419913e+00,-8.843678e-01,-1.759192e-01
1.252883e+00,9.004279e+00,3.299633e+00,-1.436735e+00,-7.200224e-01,-9.065744e-02
1.889996e+00,7.451488e+00,-1.114246e+00,-1.471289e+00,-6.052891e-01,3.885380e-02
2.916803e+00,8.681012e+00,-2.470000e+00,-1.614427e+00,-6.234538e-01,1.651593e-01
-1.052086e+00,9.642492e+00,1.307223e+00,-2.261081e+00,-1.048031e+00,1.834302e-01
-8.147927e-02,1.044294e+01,1.706774e+00,-2.791287e+00,-1.604631e+00,3.694171e-02
3.874567e+00,1.629810e+01,-2.735975e+00,-3.265954e+00,-1.628848e+00,2.266406e-01
4.847705e+00,1.619168e+01,-1.044967e+00,-3.686561e+00,-1.329813e+00,4.243774e-01
-1.534161e-01,1.710427e+01,1.596794e+01,-4.346890e+00,-2.219538e+00,-6.598232e-02
-2.303105e+00,2.144767e+01,1.645366e+01,-4.537990e+00,-3.856366e+00,-6.140039e-01
-2.967223e+00,5.057845e+00,1.631628e+01,-3.763190e+00,-3.169930e+00,-1.267389e+00
2.843931e+00,8.512493e+00,8.854325e+00,-1.731792e+00,-2.067301e+00,-1.314878e+00
1.371368e+00,8.969757e+00,1.096581e+01,-9.899720e-01,1.243314e-01,-9.448975e-01
1.864714e+00,5.748633e+00,1.007170e+01,6.351001e-02,8.463073e-01,-1.202291e+00
4.957971e+00,4.758986e+00,8.335701e+00,2.395149e+00,1.758247e+00,-1.491484e+00
5.639119e+00,4.836832e+00,9.455263e+00,3.535246e+00,2.431738e+00,-1.496855e+00
6.978227e+00,3.514532e+00,9.348896e+00,4.697407e+00,2.564444e+00,-1.629259e+00
8.098445e+00,3.740219e+00,9.747456e+00,5.713910e+00,2.367013e+00,-1.479587e+00
8.597251e+00,5.694194e+00,1.227973e+01,6.781340e+00,1.517703e+00,-1.250478e+00
6.941795e+00,8.341729e+00,1.133493e+01,7.412621e+00,4.877828e-01,-1.063932e+00
-2.191734e+00,5.547015e+00,7.513822e+00,7.725281e+00,-9.921613e-01,-8.869038e-01
-1.378192e+01,5.266232e+00,6.306453e+00,7.645016e+00,-1.400975e+00,-1.265607e+00
-5.405163e+00,-1.229150e+01,-2.280866e+00,6.284616e+00,-1.145337e+00,-1.304698e+00
1.199896e+00,-1.253637e+01,1.580576e+00,4.516036e+00,1.218906e+00,-6.087499e-01
8.834668e+00,2.142619e+01,7.176674e+00,-4.731089e-01,3.259231e+00,9.324168e-01
2.309175e+01,3.928947e+01,-2.935661e+00,-3.861680e+00,2.638992e+00,9.675989e-01
-1.058879e+01,-1.144700e+01,7.580513e+00,-2.714492e+00,1.366501e+00,1.203193e+00
-4.252590e+00,-1.285418e+00,1.152033e+01,-3.949063e-01,-1.059052e+00,-1.659757e+00
1.020282e+00,1.669552e+01,8.611733e+00,-3.009937e+00,7.675648e-01,8.390694e-01
2.398373e+00,1.166515e+01,7.155949e+00,-2.417290e+00,2.062014e+00,8.030112e-01
2.506563e+00,5.692401e+00,3.214093e+00,-2.043821e+00,1.107763e+00,-2.339000e-02
-5.417615e-01,9.540387e+00,3.144088e+00,-1.500713e+00,4.204864e-01,4.364276e-02
-2.199827e+00,1.054679e+01,4.386674e+00,-1.494365e+00,-4.772666e-01,-1.321218e-01
4.291854e-01,8.305780e+00,3.480954e+00,-1.433342e+00,-2.373609e-01,-5.778459e-02
9.728506e-01,8.228179e+00,3.147284e+00,-1.283846e+00,1.912632e-01,7.796547e-02
1.611836e+00,9.949722e+00,2.965536e+00,-1.280881e+00,-2.972442e-02,7.385927e-03
1.321950e+00,9.332931e+00,2.249270e+00,-1.364368e+00,-2.797050e-01,-8.295801e-02
9.790702e-01,9.365152e+00,2.150442e+00,-1.437882e+00,-6.444833e-01,-2.139700e-01
-2.742333e+00,8.807487e+00,4.475816e+00,-1.584643e+00,-1.057694e+00,-3.505471e-01
-2.030673e+00,8.310445e+00,5.257109e+00,-1.589770e+00,-1.276392e+00,-3.996457e-01
4.946673e-01,8.660315e+00,5.231832e+00,-1.558854e+00,-1.043321e+00,-3.363472e-01
9.762083e-01,9.183104e+00,2.713267e+00,-1.526395e+00,-5.249731e-01,-1.448798e-01
1.631897e+00,9.869155e+00,-1.596349e+00,-1.588244e+00,-2.794307e-01,1.112031e-01
2.765187e+00,1.123232e+01,-2.603028e+00,-1.831022e+00,-3.309974e-01,2.370192e-01
3.701738e+00,1.066270e+01,7.711306e-01,-2.480119e+00,-7.732839e-01,1.555787e-01
5.794882e+00,1.260707e+01,-7.089804e-01,-3.059100e+00,-1.425542e+00,-2.695456e-02
5.979199e+00,1.572386e+01,-2.097681e+00,-3.750669e+00,-1.820612e+00,-5.902748e-02
-4.128054e-01,1.640385e+01,1.201498e+01,-4.243549e+00,-2.682535e+00,-1.380492e-01
-4.837258e+00,2.225403e+01,1.680689e+01,-4.805365e+00,-4.228781e+00,-7.781489e-01
-8.900254e+00,1.849726e+01,1.670312e+01,-4.798553e+00,-4.558267e+00,-9.940526e-01
3.357099e+00,6.172716e+00,1.022481e+01,-2.514721e+00,-2.753143e+00,-1.164018e+00
4.345947e+00,1.049292e+01,9.702204e+00,-1.045001e+00,-3.352323e-01,-7.899562e-01
1.397715e+00,5.514225e+00,1.137553e+01,-4.031769e-01,7.836473e-01,-8.984782e-01
3.922503e+00,2.985259e+00,7.654040e+00,1.499345e+00,1.048203e+00,-1.392498e+00
5.592962e+00,1.710327e+00,8.408772e+00,3.282692e+00,1.852618e+00,-1.387560e+00
7.022951e+00,2.587167e+00,9.132553e+00,4.357191e+00,2.274242e+00,-1.597565e+00
8.044350e+00,3.540167e+00,1.090729e+01,5.500024e+00,2.398170e+00,-1.589708e+00
6.855001e+00,3.901242e+00,1.295032e+01,6.424336e+00,1.819808e+00,-1.598267e+00
5.151823e+00,6.213231e+00,1.336083e+01,7.514907e+00,7.617285e-01,-1.485178e+00
3.595671e+00,9.893054e+00,1.157971e+01,8.184225e+00,4.324620e-03,-1.225779e+00
-1.164823e+01,2.813269e+00,7.365047e+00,8.288522e+00,-2.859802e-01,-6.323754e-01
-1.388474e+01,-6.889970e+00,1.023608e+01,7.349295e+00,4.815617e-02,-8.736997e-01
4.108947e+00,-1.337612e+01,2.515742e+00,4.539580e+00,2.441203e+00,4.772661e-02
1.471946e+01,2.021336e+01,3.036530e+00,8.113879e-01,4.197400e+00,1.376994e+00
2.301618e+01,2.805533e+01,4.254245e-01,-3.723790e+00,3.086236e+00,8.024286e-01
-1.179717e+01,-8.179605e+00,1.028582e+01,-2.473378e+00,1.603454e+00,1.366788e+00
-4.098196e+00,8.232440e+00,1.054508e+01,-2.308480e+00,-2.856037e+00,-2.279674e+00
-6.641104e+00,1.649388e+01,1.221940e+01,-3.138852e+00,-5.468204e-01,2.493581e-01
2.386650e+00,9.407241e+00,6.345115e+00,-2.443048e+00,1.094113e+00,3.357162e-01
3.071154e+00,4.657833e+00,3.654670e+00,-1.983802e+00,1.579472e+00,-8.050240e-03
2.335109e+00,1.187502e+01,3.644031e+00,-1.204361e+00,9.867096e-01,3.455980e-01
1.385445e+00,1.093707e+01,3.294666e+00,-1.309653e+00,6.479248e-01,1.295180e-01
-4.337508e-01,8.068153e+00,3.238641e+00,-1.183132e+00,2.246910e-01,1.446067e-02
-1.046888e+00,8.900629e+00,3.147238e+00,-1.155897e+00,-2.043655e-01,-1.154824e-01
6.351444e-01,9.938204e+00,2.047865e+00,-1.190832e+00,-4.338986e-01,-1.736818e-01
1.489901e+00,9.021721e+00,9.163160e-01,-1.238227e+00,-3.119429e-01,-1.414644e-01
-1.612724e+00,8.972636e+00,1.433516e+00,-1.339216e+00,-4.767753e-01,-2.116764e-01
-3.671670e+00,8.577808e+00,3.180637e+00,-1.468821e+00,-8.885344e-01,-3.035757e-01
2.453180e+00,9.443615e+00,5.676385e+00,-1.598625e+00,-9.270654e-01,-3.429617e-01
3.723398e+00,9.461028e+00,4.907377e+00,-1.594557e+00,-4.264037e-01,-2.131291e-01
6.140729e-01,8.640414e+00,2.011727e+00,-1.594281e+00,-3.411941e-01,-1.475433e-01
-5.456199e-01,9.116458e+00,1.311920e-01,-1.663669e+00,-6.959869e-01,-7.716025e-02
2.359914e-01,1.033827e+01,1.734730e-02,-2.027491e+00,-8.922873e-01,5.948512e-02
2.563269e+00,1.040111e+01,1.122385e+00,-2.509718e+00,-9.985319e-01,8.003112e-02
1.125460e+01,1.331380e+01,-2.428385e+00,-3.071515e+00,-1.046373e+00,1.900635e-01
9.960439e+00,1.561474e+01,-3.623150e+00,-3.406630e+00,-9.881579e-01,2.561916e-01
-2.627593e+00,1.284015e+01,8.927462e+00,-3.970462e+00,-2.376337e+00,-6.207785e-02
-6.941789e+00,2.334041e+01,1.663609e+01,-4.404896e+00,-4.127859e+00,-6.774206e-01
-1.103261e+01,1.579191e+01,1.692005e+01,-4.764589e+00,-4.652619e+00,-7.071183e-01
-1.408693e+00,3.044472e+00,1.728483e+01,-3.239552e+00,-3.077630e+00,-6.605924e-01
6.717891e+00,1.079105e+01,9.997900e+00,-1.101838e+00,1.729854e-01,1.349258e-01
5.246394e+00,7.307127e+00,1.102723e+01,-6.549152e-01,1.440713e+00,-3.627942e-02
3.332253e+00,3.229341e+00,7.971052e+00,1.446262e+00,1.038463e+00,-6.884513e-01
2.440238e+00,2.262169e+00,8.347012e+00,2.705110e+00,8.965268e-01,-8.966994e-01
2.972370e+00,2.601355e+00,1.009068e+01,4.215060e+00,1.064892e+00,-1.216840e+00
3.805683e+00,2.981819e+00,1.018783e+01,5.126497e+00,1.466073e+00,-1.437305e+00
5.610707e+00,3.551190e+00,1.259350e+01,6.246782e+00,1.757835e+00,-1.336638e+00
6.606893e+00,4.006371e+00,1.515072e+01,6.948687e+00,1.749071e+00,-1.290733e+00
7.476581e+00,1.211401e+01,1.125077e+01,7.991144e+00,1.351039e+00,-1.216875e+00
-9.655954e-01,4.443430e+00,6.020877e+00,8.274547e+00,6.535239e-01,-8.585079e-01
-1.693928e+01,-7.987569e+00,5.157594e+00,7.529632e+00,-4.064053e-01,-1.198326e+00
-3.095433e+00,-1.423575e+01,1.369443e+00,5.354586e+00,-1.990574e-01,-1.038668e+00
9.489683e+00,-4.052031e+00,1.217338e+01,1.731553e+00,3.072862e+00,2.067032e-01
1.422336e+01,2.887246e+01,5.783044e+00,-2.089386e+00,3.797403e+00,1.058768e+00
-5.339430e+00,-7.513840e+00,5.888090e+00,-4.946084e+00,2.103575e+00,5.719359e-01
-1.429891e+01,-4.670015e+00,1.229550e+01,-5.821950e-01,1.188069e+00,1.503187e+00
-6.094654e+00,1.397946e+01,1.216909e+01,-2.869597e+00,-1.538700e+00,-1.032997e+00
2.808130e+00,1.777593e+01,7.672810e+00,-3.226179e+00,1.480928e+00,9.649456e-01
5.774235e+00,3.220834e+00,4.694062e+00,-2.266462e+00,1.989408e+00,1.794624e-01
4.789767e-01,7.514600e+00,4.344620e+00,-1.510104e+00,1.227128e+00,3.483116e-01
2.141568e+00,1.192626e+01,4.374638e+00,-1.647542e+00,2.151172e-01,2.160271e-01
2.375622e+00,9.577036e+00,4.169746e+00,-1.472864e+00,5.226395e-01,2.158669e-01
2.149817e+00,7.807568e+00,4.542481e+00,-1.400268e+00,2.831572e-01,2.880260e-02
3.088328e+00,9.865206e+00,4.421167e+00,-1.325008e+00,-1.373296e-01,-1.296207e-01
5.933037e-01,1.003055e+01,3.855606e+00,-1.348347e+00,-3.271831e-01,-1.372092e-01
-1.961539e+00,8.895785e+00,3.160620e+00,-1.239816e+00,-8.145401e-01,-3.473086e-01
-2.629517e+00,7.423403e+00,3.026828e+00,-1.184366e+00,-1.283760e+00,-4.749369e-01
2.294297e-01,8.671987e+00,3.222006e+00,-1.183432e+00,-1.099464e+00,-4.172768e-01
2.510790e+00,9.004850e+00,-6.606000e-01,-1.319532e+00,-2.909216e-01,-5.760514e-02
1.112677e+00,8.717793e+00,-2.209394e+00,-1.508158e+00,-7.466712e-02,8.755967e-02
-9.204324e-02,9.403994e+00,-1.882501e-01,-1.964594e+00,-5.675664e-01,6.973804e-02
2.483151e-02,9.444461e+00,1.123619e+00,-2.470527e+00,-9.404007e-01,5.263414e-02
7.992153e+00,1.227616e+01,-1.554965e+00,-3.204185e+00,-1.016666e+00,2.339226e-01
7.644237e+00,1.806616e+01,-4.477215e+00,-3.585215e+00,-8.285340e-01,4.492545e-01
-7.788922e-01,1.647842e+01,7.473021e+00,-4.171296e+00,-1.779720e+00,3.442323e-01
-4.323888e+00,2.200402e+01,1.654942e+01,-4.577327e+00,-3.257724e+00,-1.231156e-01
-9.298644e+00,9.760176e+00,1.968753e+01,-4.791980e+00,-3.951643e+00,-4.317206e-01
2.207603e+00,3.474126e+00,1.572936e+01,-3.259060e+00,-2.628074e+00,-6.261678e-01
6.991325e+00,1.206263e+01,1.019114e+01,-1.207310e+00,2.864506e-01,9.040038e-02
2.826831e+00,6.666688e+00,1.210400e+01,-9.686363e-01,1.492070e+00,1.862702e-01
3.459578e+00,2.446001e+00,8.558103e+00,1.467568e+00,1.153848e+00,-7.452237e-01
3.627635e+00,2.194631e+00,9.650540e+00,2.872907e+00,1.484695e+00,-8.567993e-01
4.407260e+00,2.166713e+00,9.318356e+00,4.038238e+00,1.825674e+00,-1.086492e+00
4.657779e+00,1.888915e+00,9.730484e+00,5.068120e+00,1.939697e+00,-1.098225e+00
5.991695e+00,1.846542e+00,1.118851e+01,6.311607e+00,1.749574e+00,-8.365777e-01
5.985123e+00,2.880251e+00,1.344851e+01,6.989834e+00,1.377702e+00,-7.237300e-01
3.729857e+00,9.436759e+00,1.099997e+01,8.014972e+00,5.322681e-01,-6.922982e-01
-4.349067e-01,9.487969e+00,8.661606e+00,8.351821e+00,3.220195e-02,-6.079581e-01
-1.192619e+01,-1.526084e+00,8.874508e+00,7.578387e+00,-4.141005e-01,-5.430661e-01
-8.898274e+00,-1.011728e+01,1.651009e+00,6.127100e+00,-1.449468e-01,-6.783477e-01
5.861389e+00,-6.742657e+00,5.889151e+00,2.824956e+00,1.999407e+00,3.536779e-02
6.768018e+00,2.073589e+01,8.095377e+00,-8.242106e-01,2.377581e+00,6.528187e-01
1.926401e+00,8.836092e+00,1.207964e+00,-4.406479e+00,7.282237e-01,-1.761913e-01
-1.485034e+01,-1.408120e+01,4.061555e+00,-2.553092e+00,1.573036e-01,8.337421e-01
-4.061065e-01,6.424059e+00,8.358274e+00,-1.808224e+00,-1.901111e+00,-1.868382e+00
-2.123702e+00,1.673218e+01,1.058886e+01,-3.322399e+00,1.119120e+00,1.098089e+00
4.633042e+00,9.021433e+00,7.006661e+00,-2.940828e+00,1.837825e+00,5.825878e-01
6.414050e-01,2.184329e+00,4.977336e+00,-2.371343e+00,1.199854e+00,-3.744118e-01
-2.644527e+00,1.233038e+01,6.805822e+00,-1.617300e+00,-2.927994e-01,-6.814068e-02
2.216101e+00,1.200729e+01,6.166320e+00,-1.760261e+00,5.165276e-02,1.760835e-01
2.841595e+00,7.267999e+00,5.008935e+00,-1.458099e+00,1.032089e+00,2.152134e-01
1.090928e+00,9.325327e+00,5.652756e+00,-1.321617e+00,6.205151e-01,9.751012e-02
6.975424e-01,1.140571e+01,5.323099e+00,-1.261528e+00,-2.811825e-01,-6.388831e-02
7.888092e-01,1.023029e+01,4.004955e+00,-1.146249e+00,-3.586525e-01,-1.166604e-01
-7.201958e-02,8.074628e+00,1.455905e+00,-8.988581e-01,-4.833641e-01,-2.461865e-01
-7.639910e-01,7.910347e+00,1.511909e+00,-8.655318e-01,-7.026271e-01,-2.906805e-01
-1.548589e+00,7.692577e+00,2.137300e+00,-1.014296e+00,-1.128615e+00,-3.880367e-01
-5.524779e-01,8.252202e+00,1.560785e+00,-1.200006e+00,-1.081607e+00,-3.193910e-01
2.024254e+00,9.104787e+00,-1.539848e+00,-1.402723e+00,-5.837078e-01,-1.154010e-01
3.600762e+00,9.143366e+00,-3.696020e+00,-1.706030e+00,-2.690907e-01,1.119037e-01
2.323788e+00,9.925937e+00,4.210744e-01,-2.401389e+00,-7.103182e-01,9.933310e-02
5.319414e+00,1.184020e+01,5.174972e-01,-3.003120e+00,-1.301462e+00,1.596843e-02
8.611888e+00,1.704956e+01,-3.411642e+00,-3.651660e+00,-1.417716e+00,1.941442e-01
-8.902307e-01,1.469168e+01,5.214505e+00,-4.031159e+00,-1.646270e+00,1.799425e-01
-7.110459e+00,2.609121e+01,1.755505e+01,-4.662674e+00,-3.486140e+00,-2.840219e-01
-1.233658e+01,2.382957e+01,1.820959e+01,-5.110437e+00,-4.264217e+00,-4.498458e-01
1.827260e+00,3.549756e+00,1.612492e+01,-3.827631e+00,-2.976907e+00,-3.423273e-01
8.649943e+00,9.807980e+00,9.579844e+00,-1.588050e+00,-8.501005e-01,1.491948e-01
3.324731e+00,6.037886e+00,1.189210e+01,-9.139803e-01,1.478861e+00,2.654605e-01
2.648241e+00,3.383878e+00,8.837411e+00,8.989917e-01,9.686494e-01,-2.847564e-01
3.451877e+00,1.040685e+00,8.973068e+00,2.806791e+00,1.096591e+00,-7.347894e-01
3.619827e+00,1.394952e+00,9.037889e+00,3.943673e+00,1.422070e+00,-1.004069e+00
4.135361e+00,2.283643e+00,9.693241e+00,5.006376e+00,1.619962e+00,-1.330105e+00
5.041881e+00,2.257548e+00,1.079011e+01,5.846152e+00,1.563750e+00,-1.273183e+00
5.715201e+00,3.316430e+00,1.458929e+01,6.926795e+00,1.276786e+00,-1.300417e+00
6.268572e+00,7.159839e+00,1.140275e+01,7.708113e+00,8.221315e-01,-1.297047e+00
-1.508102e+00,6.311979e+00,1.016693e+01,8.309852e+00,1.029034e-01,-1.072707e+00
-1.266074e+01,3.604679e-01,6.194924e+00,7.986369e+00,-4.598473e-01,-1.039098e+00
-8.848538e+00,-1.292135e+01,1.354533e+00,6.377188e+00,-5.877262e-01,-9.275268e-01
2.143258e+00,-1.273824e+01,3.456362e+00,4.043338e+00,1.391434e+00,-4.331583e-01
7.468678e+00,2.194255e+01,7.002962e+00,-7.325547e-01,4.111142e+00,9.815688e-01
2.887355e+01,3.471175e+01,-2.588432e+00,-3.817468e+00,3.167815e+00,8.577668e-01
-1.197742e+01,-1.559644e+01,6.865932e+00,-2.454487e+00,1.991883e+00,1.468209e+00
5.893883e-01,8.733396e-01,1.221095e+01,-2.115398e-01,-6.906962e-01,-1.639671e+00
-2.837833e+00,2.097925e+01,1.035153e+01,-3.370421e+00,1.443276e+00,9.540414e-01
3.435213e-01,1.316316e+01,6.558273e+00,-2.928407e+00,1.714004e+00,2.676107e-01
-2.726792e-01,5.094404e+00,3.587878e+00,-2.076570e+00,6.539116e-01,-2.135038e-01
-1.518515e+00,1.086732e+01,4.660692e+00,-1.479788e+00,3.648963e-01,6.550301e-02
4.321495e+00,1.016357e+01,4.080755e+00,-1.595671e+00,5.014148e-01,1.477029e-01
3.276515e+00,8.056485e+00,3.317838e+00,-1.465798e+00,9.244081e-01,1.334735e-01
1.149353e+00,9.715724e+00,4.291293e+00,-1.472208e+00,2.230322e-01,4.875410e-02
8.112852e-01,1.077105e+01,4.096689e+00,-1.449469e+00,-4.107301e-01,-2.064753e-01
1.172040e+00,9.718692e+00,2.449845e+00,-1.503374e+00,-5.548116e-01,-2.167078e-01
9.591829e-02,9.094047e+00,2.801604e+00,-1.471298e+00,-6.676026e-01,-3.134948e-01
-1.401387e+00,8.523649e+00,4.457264e+00,-1.574354e+00,-8.899339e-01,-3.315880e-01
-1.206628e+00,8.323314e+00,4.621972e+00,-1.625253e+00,-1.029293e+00,-3.686707e-01
1.424649e+00,8.462175e+00,2.763744e-01,-1.671971e+00,-7.203999e-01,-1.570066e-01
2.567433e+00,9.067103e+00,-4.638761e-01,-1.743012e+00,-3.869319e-01,3.880684e-02
4.702662e+00,1.059165e+01,-5.787051e-01,-2.150581e+00,-2.756350e-01,2.278597e-01
3.378847e+00,1.147222e+01,-1.267166e+00,-2.622969e+00,-7.704018e-01,6.922939e-02
5.589190e+00,1.748733e+01,-2.955690e+00,-3.224393e+00,-1.668312e+00,-2.461405e-02
4.608513e+00,1.789466e+01,1.414404e+00,-3.639495e+00,-1.954722e+00,3.697557e-02
-5.884714e+00,2.197312e+01,1.583451e+01,-4.307044e+00,-3.088736e+00,-1.145675e-01
-1.222868e+01,2.331628e+01,1.569681e+01,-4.676120e+00,-4.574987e+00,-4.294249e-01
-4.204908e+00,1.164805e+00,1.985739e+01,-3.502530e+00,-3.207951e+00,-1.907626e-01
7.248043e+00,1.083795e+01,8.609279e+00,-1.181997e+00,-8.737726e-01,1.766265e-01
6.941683e+00,8.704175e+00,1.134720e+01,-8.596995e-01,2.292242e+00,5.500000e-01
6.305833e+00,5.123636e+00,9.597096e+00,4.619877e-01,2.441034e+00,2.783547e-01
5.268664e+00,1.798645e+00,7.566582e+00,2.860033e+00,1.770509e+00,-2.651280e-01
4.525935e+00,3.062793e+00,9.031272e+00,3.947320e+00,1.451346e+00,-6.073809e-01
3.951245e+00,3.156265e+00,9.142720e+00,4.825840e+00,1.172307e+00,-1.008008e+00
4.049529e+00,2.759364e+00,1.060687e+01,5.658725e+00,9.406421e-01,-1.098797e+00
5.064072e+00,5.122455e+00,1.436583e+01,6.833070e+00,6.437724e-01,-1.134444e+00
4.998589e+00,9.150303e+00,1.173730e+01,7.515077e+00,4.158247e-01,-1.146857e+00
-1.321202e+00,7.090454e+00,1.023572e+01,7.979896e+00,-3.630329e-02,-9.293700e-01
-1.255778e+01,-1.146253e+00,5.426890e+00,7.854280e+00,-2.638079e-01,-8.440750e-01
-6.065177e+00,-1.156036e+01,2.048737e+00,6.107065e+00,-8.111010e-02,-7.791834e-01
5.029481e+00,-1.076690e+01,5.291261e+00,3.663994e+00,2.023436e+00,-2.539658e-01
2.398897e+01,2.496981e+01,2.319643e-01,-3.472628e-01,3.680018e+00,8.727475e-01
3.117133e+01,3.814379e+01,1.147576e+00,-3.201199e+00,2.864872e+00,6.796906e-01
-1.197605e+01,-8.357905e+00,1.129934e+01,-1.756735e+00,8.934784e-01,1.045829e+00
-1.009196e+01,7.950539e+00,1.603407e+01,-1.858786e+00,-2.304229e+00,-2.236788e+00
-1.610519e+00,2.275813e+01,1.160813e+01,-3.257185e+00,1.740473e-01,4.978810e-01
5.126633e+00,6.299130e+00,5.364041e+00,-3.032051e+00,1.352862e+00,1.849159e-01
1.203716e+00,9.750296e+00,4.014758e+00,-1.305635e+00,1.461926e+00,4.076373e-01
4.209871e+00,1.210800e+01,4.045050e+00,-1.444802e+00,9.455247e-01,2.321548e-01
9.499290e-01,8.824105e+00,3.261801e+00,-1.365479e+00,6.898474e-01,7.900357e-02
-9.815902e-01,8.595964e+00,3.801083e+00,-1.326512e+00,4.392473e-03,-1.428126e-01
1.351984e-01,1.048048e+01,3.449167e+00,-1.330592e+00,-7.102959e-01,-2.808797e-01
5.478814e-01,9.296733e+00,2.580582e+00,-1.367433e+00,-5.369049e-01,-2.070938e-01
-3.168101e-01,8.781435e+00,1.771116e+00,-1.297568e+00,-4.369518e-01,-2.349350e-01
-1.437173e+00,8.297849e+00,2.082555e+00,-1.366668e+00,-5.574804e-01,-2.659833e-01
5.802850e-03,7.519143e+00,4.058535e+00,-1.487035e+00,-8.375796e-01,-3.244940e-01
1.284240e+00,8.702885e+00,4.814401e+00,-1.609129e+00,-6.970177e-01,-2.544123e-01
1.311055e+00,8.573089e+00,2.486404e+00,-1.684630e+00,-4.486131e-01,-1.238761e-01
1.294748e+00,8.431114e+00,6.922157e-01,-1.759437e+00,-3.609850e-01,-2.804656e-03
2.229442e+00,1.052740e+01,-6.765416e-02,-2.013952e+00,-5.347630e-01,9.462918e-02
2.345301e+00,1.094202e+01,4.365852e-01,-2.409195e+00,-8.360015e-01,4.532319e-02
4.475410e+00,1.395550e+01,-2.206217e+00,-2.913668e+00,-1.419384e+00,-3.654671e-03
2.829802e+00,1.605320e+01,-2.359507e+00,-3.284148e+00,-1.549383e+00,6.096296e-02
-1.705480e+00,1.795153e+01,9.470918e+00,-3.870767e+00,-2.320847e+00,8.373307e-02
-4.769274e+00,2.300737e+01,1.507849e+01,-4.358961e+00,-3.163297e+00,-2.053405e-01
-4.955297e+00,9.213733e+00,1.818109e+01,-4.496177e+00,-3.215027e+00,-2.736100e-01
8.741764e-01,3.851191e+00,1.513304e+01,-3.188209e+00,-2.226387e+00,-3.965699e-01
2.989974e+00,1.067224e+01,1.099407e+01,-1.304093e+00,1.399269e-01,-1.489746e-01
1.322921e-01,7.838897e+00,1.142399e+01,-9.599609e-01,8.516508e-01,-6.054904e-02
2.048873e+00,3.868431e+00,8.927837e+00,1.107392e+00,9.551575e-01,-4.266487e-01
4.461462e+00,2.601910e+00,9.460239e+00,2.597576e+00,1.680034e+00,-4.431573e-01
6.701443e+00,2.814124e+00,9.056495e+00,3.896214e+00,2.293002e+00,-6.854779e-01
6.767385e+00,2.592615e+00,9.594299e+00,4.824323e+00,2.281379e+00,-6.902549e-01
5.317546e+00,3.202124e+00,1.293750e+01,6.139427e+00,1.447105e+00,-6.980713e-01
3.837537e+00,4.233811e+00,1.635686e+01,6.959362e+00,6.627411e-01,-7.387695e-01
-8.371176e-01,5.694144e+00,1.324748e+01,7.897291e+00,-2.103893e-02,-8.267190e-01
-4.969527e+00,5.190041e+00,9.620742e+00,8.376951e+00,-1.474790e-01,-8.209240e-01
-1.157993e+01,-8.361734e+00,5.635460e+00,7.915347e+00,2.843013e-01,-6.275497e-01
-3.280770e+00,-1.460503e+01,5.486547e+00,6.227034e+00,9.139116e-01,1.732583e-01
1.208068e+01,4.271890e+00,5.184281e+00,2.359262e+00,4.021523e+00,1.002186e+00
3.305947e+01,3.940963e+01,-5.879401e+00,-1.274250e+00,4.135853e+00,1.215947e+00
-6.706616e+00,-5.725508e+00,7.969664e+00,-3.105232e+00,1.763133e+00,6.207046e-01
-5.344538e+00,-5.614386e+00,1.072910e+01,-1.458043e+00,-1.199961e+00,-8.663488e-01
-1.094147e+01,1.947574e+01,1.327626e+01,-3.192258e+00,-2.463080e+00,-1.030352e+00
-4.091908e+00,1.755169e+01,1.097590e+01,-3.543696e+00,-1.037185e+00,-3.468646e-02
4.971845e+00,6.017979e+00,4.667671e+00,-2.136935e+00,1.451206e+00,1.625226e-01
8.908912e+00,9.391331e+00,3.415781e+00,-1.167665e+00,2.290313e+00,7.904878e-01
3.603404e+00,1.090397e+01,3.723282e+00,-1.109196e+00,1.834976e+00,3.744447e-01
-3.020882e-02,1.000094e+01,3.879901e+00,-1.139402e+00,4.702764e-01,3.874767e-02
-3.748532e+00,9.930979e+00,2.843460e+00,-1.105441e+00,-1.116000e+00,-4.595144e-01
-2.455558e+00,1.004611e+01,1.736253e+00,-1.072906e+00,-1.208134e+00,-4.081068e-01
4.831738e-01,8.011143e+00,3.910157e-02,-1.051327e+00,-4.448364e-01,-1.766136e-01
2.731830e-01,7.222513e+00,5.714563e-01,-1.083392e+00,-2.245612e-01,-1.454503e-01
-1.813078e+00,7.384530e+00,3.575560e+00,-1.352244e+00,-6.072902e-01,-2.719585e-01
-7.092696e-01,7.835461e+00,4.705461e+00,-1.592436e+00,-8.939148e-01,-3.365264e-01
3.215115e+00,8.754427e+00,3.714986e+00,-1.744132e+00,-5.600770e-01,-1.904793e-01
2.921637e+00,8.465995e+00,2.018663e+00,-1.797151e+00,-1.667135e-01,-2.008466e-02
1.613429e+00,1.007249e+01,5.381700e-01,-1.853316e+00,-2.194656e-01,6.436383e-02
7.325906e-01,9.922902e+00,8.445078e-01,-2.084943e+00,-5.865034e-01,7.645398e-02
4.758028e+00,1.178411e+01,1.015691e-01,-2.508215e+00,-1.010801e+00,1.143168e-01
6.108073e+00,1.359668e+01,-2.602269e+00,-2.843033e+00,-1.024587e+00,2.890364e-01
2.299079e+00,1.304062e+01,-1.000234e+00,-3.232626e+00,-1.192619e+00,3.781688e-01
-7.675530e-01,1.780198e+01,8.189973e+00,-3.606912e+00,-1.948471e+00,3.360792e-01
-6.898560e+00,2.415395e+01,1.516718e+01,-4.409790e+00,-3.298695e+00,-1.016923e-01
-1.003432e+01,1.329491e+01,1.686193e+01,-4.341693e+00,-3.244930e+00,-5.525602e-02
3.997672e+00,9.137553e+00,9.768895e+00,-2.651410e+00,-2.149648e+00,7.796510e-02
4.139887e+00,1.087429e+01,1.013049e+01,-1.106018e+00,-1.340745e-01,4.698925e-01
2.955145e+00,6.171702e+00,1.068631e+01,-5.555043e-01,1.548886e+00,6.343312e-01
4.394335e+00,3.915874e+00,9.011616e+00,1.091099e+00,1.557149e+00,2.656156e-01
5.183450e+00,2.298419e+00,9.681018e+00,2.938895e+00,1.878379e+00,-2.470826e-02
5.820553e+00,3.071659e+00,9.175009e+00,3.987067e+00,1.894457e+00,-4.895885e-01
4.988805e+00,2.376241e+00,1.045854e+01,5.239596e+00,1.560922e+00,-5.973005e-01
4.280144e+00,2.564243e+00,1.229327e+01,6.164926e+00,1.044978e+00,-6.394783e-01
3.787740e+00,5.944781e+00,1.347265e+01,7.195646e+00,4.154897e-01,-7.462233e-01
3.418927e+00,7.399322e+00,1.242763e+01,7.800637e+00,2.125679e-01,-8.068058e-01
-3.763751e+00,4.806344e+00,6.954938e+00,8.234904e+00,2.020669e-01,-6.137785e-01
-1.349353e+01,-6.504608e+00,4.316382e+00,7.478574e+00,-1.271964e-01,-6.532282e-01
8.936643e-01,-1.076311e+01,3.733352e+00,4.809046e+00,4.310503e-01,-4.585236e-01
8.762953e+00,-1.957862e+00,4.553687e+00,1.884166e+00,2.285613e+00,1.130790e-01
2.588425e+01,3.452330e+01,3.304936e+00,-1.858484e+00,2.998125e+00,6.319433e-01
-2.591085e+00,1.862546e+00,9.311185e+00,-3.256403e+00,1.777476e+00,4.102832e-01
-8.853405e+00,-6.845414e-01,1.539938e+01,-2.230387e+00,-1.113944e+00,-1.247661e+00
-2.592450e+00,1.740620e+01,1.269668e+01,-3.183511e+00,-8.283347e-01,-7.854702e-01
2.385878e+00,6.730617e+00,6.053715e+00,-3.140300e+00,9.038342e-01,1.030652e-01
-6.988922e-01,4.818562e+00,5.840753e+00,-1.929100e+00,1.148366e+00,1.454356e-01
3.637364e+00,1.116426e+01,5.205194e+00,-1.390468e+00,6.080041e-01,5.936202e-02
3.094583e+00,1.075323e+01,4.473228e+00,-1.429032e+00,7.607286e-01,2.994458e-01
9.099917e-01,8.434067e+00,3.704912e+00,-1.224568e+00,4.007940e-01,-1.503613e-02
4.588041e-01,1.015153e+01,3.548261e+00,-1.184293e+00,-1.861331e-01,-9.520133e-02
-1.325867e+00,9.659690e+00,2.953969e+00,-1.198028e+00,-4.503883e-01,-1.799714e-01
-1.756425e+00,8.637541e+00,2.418770e+00,-1.141484e+00,-5.200725e-01,-2.164336e-01
-1.293221e+00,7.850826e+00,2.467521e+00,-1.104133e+00,-5.167807e-01,-2.177778e-01
9.369822e-01,7.800851e+00,3.425045e+00,-1.147361e+00,-3.951621e-01,-1.895987e-01
1.616258e+00,8.720710e+00,4.851548e+00,-1.313264e+00,-1.707144e-01,-1.249258e-01
1.802164e+00,8.400034e+00,1.549876e+00,-1.399041e+00,-1.868238e-01,-7.846783e-02
1.469325e+00,9.155079e+00,-4.127015e-01,-1.533478e+00,-2.201873e-01,-6.092381e-03
2.274939e+00,9.602452e+00,4.647818e-01,-1.758023e+00,-3.309458e-01,4.478804e-02
2.787310e+00,1.026887e+01,1.807913e+00,-2.351311e+00,-7.393223e-01,-3.321038e-02
7.860048e+00,1.355799e+01,-1.984192e+00,-2.803341e+00,-1.123338e+00,1.713245e-02
1.273774e+00,1.499102e+01,5.971324e-01,-3.327309e+00,-1.353616e+00,2.030290e-01
-2.548524e+00,1.373713e+01,9.870184e+00,-3.884960e+00,-2.254241e+00,1.990673e-01
-1.034665e+01,2.625191e+01,1.737519e+01,-4.431192e+00,-4.311305e+00,-2.520559e-01
-1.097973e+01,2.153444e+01,1.649913e+01,-4.694638e+00,-4.157503e+00,-3.519499e-01
3.822332e+00,3.554305e+00,1.257179e+01,-2.939337e+00,-1.873812e+00,-2.418338e-01
8.347361e+00,1.036890e+01,8.544220e+00,-9.843862e-01,6.558634e-01,2.838011e-01
4.061578e+00,5.204268e+00,9.776176e+00,-6.300772e-01,1.753196e+00,7.459748e-03
3.409502e+00,3.642881e+00,8.310649e+00,7.013399e-01,1.210230e+00,-4.641549e-01
2.347195e+00,1.872805e+00,8.394096e+00,2.777708e+00,7.180331e-01,-8.910352e-01
2.290869e+00,1.544782e+00,9.713480e+00,3.724508e+00,8.655611e-01,-1.011963e+00
2.673307e+00,3.879931e+00,1.002774e+01,4.886755e+00,1.330305e+00,-1.392340e+00
4.224858e+00,3.819120e+00,1.269252e+01,5.663396e+00,1.536896e+00,-1.352146e+00
8.956625e+00,6.350588e+00,1.213875e+01,6.852404e+00,1.569881e+00,-1.240662e+00
1.196075e+01,7.430242e+00,1.111976e+01,7.639452e+00,1.246507e+00,-1.063467e+00
-2.676336e+00,3.166706e+00,7.518734e+00,8.011587e+00,2.344691e-01,-8.405164e-01
-1.276785e+01,-1.595391e+00,6.830782e+00,7.515360e+00,-1.048751e+00,-1.336072e+00
-1.083429e+01,-1.222143e+01,3.698575e+00,5.033035e+00,-1.999007e+00,-1.828303e+00
2.632555e+00,-5.617628e+00,7.700519e+00,2.369694e+00,5.085042e-01,-6.192505e-01
3.258046e+01,3.463522e+01,-2.606070e-01,-1.622517e+00,3.886364e+00,1.229767e+00
7.328586e+00,-1.029469e+00,5.275546e+00,-3.409671e+00,3.977687e+00,1.593136e+00
1.457751e+00,-3.959917e+00,1.543915e+01,-1.651330e+00,1.205765e+00,2.932623e-01
-7.270222e+00,1.559413e+01,1.609675e+01,-2.644096e+00,-1.432649e+00,-1.581632e+00
-1.282374e+01,1.219020e+01,9.683077e+00,-3.638535e+00,-2.084806e+00,-6.047169e-01
-3.839237e+00,5.136792e+00,6.973772e+00,-2.504040e+00,-1.319055e+00,-3.800520e-01
7.574523e+00,9.921552e+00,4.178244e+00,-1.109001e+00,1.041969e+00,5.132091e-01
1.198708e+01,1.179443e+01,2.866376e+00,-1.038083e+00,2.771296e+00,1.031393e+00
4.245153e-01,7.893449e+00,3.659068e+00,-9.700505e-01,2.139757e+00,5.531032e-01
-4.766714e+00,9.583330e+00,4.529206e+00,-1.022454e+00,-2.533086e-02,-2.737544e-02
-4.594551e+00,1.006095e+01,3.328561e+00,-1.033588e+00,-1.527416e+00,-4.363486e-01
5.198448e-01,8.755415e+00,1.556532e+00,-1.043802e+00,-1.171037e+00,-2.959319e-01
1.488705e+00,8.144133e+00,1.888550e+00,-9.550934e-01,-1.073632e-02,2.532563e-02
-6.455177e-01,9.048044e+00,3.276224e+00,-1.096671e+00,-3.327872e-03,1.016467e-02
-5.757685e-01,8.866441e+00,4.913367e+00,-1.348422e+00,-6.263287e-01,-1.014335e-01
3.884518e-01,8.315638e+00,4.099942e+00,-1.425338e+00,-7.377169e-01,-1.491347e-01
4.396223e-01,7.381841e+00,2.231794e+00,-1.397279e+00,-5.112438e-01,-7.899383e-02
2.105578e+00,8.650680e+00,1.264354e+00,-1.462638e+00,-4.723095e-01,3.886890e-04
1.716829e+00,9.100259e+00,1.038711e+00,-1.729027e+00,-6.532965e-01,4.333333e-02
-4.897945e-01,8.793599e+00,2.022596e+00,-2.066978e+00,-9.731884e-01,2.628689e-03
4.289301e+00,1.225945e+01,-9.108801e-02,-2.614088e+00,-1.512916e+00,-5.015404e-02
7.364493e+00,1.648808e+01,-1.779777e+00,-2.986042e+00,-1.238726e+00,1.257327e-01
3.169035e+00,1.385511e+01,3.252182e+00,-3.553928e+00,-1.352983e+00,1.722336e-01
-2.292081e+00,1.735236e+01,1.455676e+01,-3.981198e+00,-2.142963e+00,-1.827475e-01
-6.096848e+00,1.737114e+01,1.637058e+01,-4.486921e+00,-4.175438e+00,-7.702626e-01
-2.104786e+00,8.192657e+00,1.483311e+01,-4.068101e+00,-3.363725e+00,-9.881889e-01
8.475954e+00,7.345443e+00,7.647573e+00,-2.091647e+00,-1.690035e+00,-9.050910e-01
5.408868e+00,6.954599e+00,8.693007e+00,-1.065539e+00,9.093537e-03,-7.480975e-01
2.126126e+00,4.674408e+00,8.030373e+00,1.655038e-01,4.345568e-01,-1.481090e+00
3.564570e+00,3.136287e+00,7.223713e+00,1.475409e+00,4.200416e-01,-2.025663e+00
4.853783e+00,3.355946e+00,8.587027e+00,3.008797e+00,1.410501e+00,-1.979464e+00
5.338670e+00,4.034037e+00,9.007385e+00,3.792210e+00,1.899687e+00,-2.181376e+00
7.882803e+00,4.491419e+00,1.149546e+01,5.111742e+00,2.221494e+00,-2.160696e+00
1.130375e+01,4.055518e+00,1.153526e+01,5.976960e+00,1.973240e+00,-1.986308e+00
1.392589e+01,6.102457e+00,1.161560e+01,7.024103e+00,1.023863e+00,-1.624789e+00
5.252109e+00,3.084446e+00,1.206522e+01,7.435282e+00,-3.807557e-01,-1.397537e+00
-2.410456e+01,-2.519224e+00,6.016520e+00,6.946662e+00,-3.374031e+00,-2.055471e+00
-1.809005e+01,-9.077973e+00,3.782003e+00,5.437096e+00,-4.000703e+00,-2.345473e+00
5.329708e+00,-3.781181e+00,1.195901e+01,2.593525e+00,-3.185451e-01,-1.063448e+00
1.576138e+01,1.311307e+01,8.236109e+00,4.831248e-02,3.259527e+00,8.342927e-01
8.962530e+00,1.424179e+01,1.841144e+00,-3.260977e+00,3.912936e+00,1.894000e+00
-9.737817e+00,-2.403414e+00,1.310675e+01,-2.202772e+00,1.868238e+00,1.277882e+00
-9.120642e+00,1.070104e+01,8.856447e+00,-1.094781e+00,-3.399815e+00,-1.897756e+00
-8.668497e+00,1.291320e+01,7.799216e+00,-2.488485e+00,-2.989314e+00,-1.036704e+00
3.092722e+00,1.203885e+01,7.193971e+00,-1.841777e+00,4.952046e-01,6.430754e-01
6.515680e+00,6.382385e+00,2.110567e+00,-1.217136e+00,1.604578e+00,4.123342e-01
3.648447e+00,1.130390e+01,2.876729e+00,-8.363357e-01,1.784095e+00,7.447009e-01
9.596445e-01,1.148994e+01,3.881329e+00,-8.833406e-01,6.742232e-01,3.358071e-01
-1.656757e+00,8.885781e+00,3.716579e+00,-1.186239e+00,-8.100788e-01,-1.077215e-01
-8.551620e-03,9.431182e+00,3.286260e+00,-1.190477e+00,-1.267233e+00,-2.686590e-01
5.800000e-01,8.885469e+00,2.494531e+00,-1.218007e+00,-9.664036e-01,-1.011404e-01
-1.087414e+00,8.568707e+00,3.519291e+00,-1.255082e+00,-9.506503e-01,-9.963778e-02
-2.794610e+00,7.976467e+00,5.670885e+00,-1.328615e+00,-1.332867e+00,-2.702639e-01
-1.452559e+00,7.522931e+00,5.935169e+00,-1.348228e+00,-1.447214e+00,-3.100966e-01
7.438262e-01,7.368718e+00,4.388914e+00,-1.237758e+00,-1.118821e+00,-2.678630e-01
6.580681e-02,7.430839e+00,3.444120e+00,-1.204444e+00,-7.565071e-01,-1.454149e-01
8.080732e-01,8.989037e+00,-7.038591e-02,-1.280735e+00,-7.569821e-01,2.668884e-02
2.330188e+00,8.719187e+00,-5.645311e-01,-1.482820e+00,-8.132076e-01,1.321253e-01
1.616208e+00,1.087429e+01,1.845680e+00,-1.970698e+00,-9.799102e-01,1.016153e-01
2.253697e+00,1.284983e+01,5.020717e-01,-2.436328e+00,-1.302038e+00,3.345466e-02
4.991802e+00,1.632060e+01,-1.631887e+00,-3.143233e+00,-1.441087e+00,1.615287e-01
2.640958e+00,1.490048e+01,5.808639e+00,-3.624130e+00,-1.680782e+00,2.257939e-01
-3.083274e+00,1.947212e+01,1.597698e+01,-4.185551e+00,-2.938869e+00,-3.146729e-01
-5.052774e+00,1.622334e+01,1.660934e+01,-4.452080e+00,-3.784301e+00,-6.585009e-01
3.831007e+00,5.081911e+00,9.848240e+00,-3.270223e+00,-2.875194e+00,-1.463922e+00
5.374409e+00,8.498099e+00,7.598473e+00,-1.693039e+00,-1.346756e+00,-1.262567e+00
7.671583e-01,5.386939e+00,1.024770e+01,-9.942424e-01,1.009209e-01,-1.294570e+00
1.630822e+00,4.581370e+00,7.808081e+00,2.439976e-01,2.425881e-01,-1.674654e+00
2.759677e+00,3.420323e+00,9.005575e+00,2.087575e+00,1.139243e+00,-1.710401e+00
4.060166e+00,3.480799e+00,8.878843e+00,3.122752e+00,1.820177e+00,-1.679415e+00
5.977917e+00,3.902489e+00,9.803524e+00,4.407457e+00,2.313698e+00,-1.634093e+00
8.177221e+00,3.615123e+00,1.119394e+01,5.243965e+00,2.437352e+00,-1.433927e+00
1.011403e+01,5.181286e+00,1.153517e+01,6.572464e+00,1.878647e+00,-1.060001e+00
9.034162e+00,4.892505e+00,1.190197e+01,7.240139e+00,8.329718e-01,-7.926782e-01
-5.558795e+00,3.794298e+00,8.070944e+00,7.616624e+00,-6.934256e-01,-8.374488e-01
-1.909267e+01,-2.935116e+00,6.079293e+00,7.317249e+00,-1.707973e+00,-1.218222e+00
-4.143544e+00,-1.016862e+01,5.909494e+00,4.920384e+00,-1.669441e+00,-1.270798e+00
5.503138e+00,1.919214e+00,3.984868e+00,2.605529e+00,1.442800e+00,-8.630214e-02
1.612260e+01,2.402449e+01,6.003452e+00,-1.267131e+00,4.282339e+00,1.426598e+00
6.556103e+00,-3.814012e+00,4.365822e+00,-1.598610e+00,3.261290e+00,1.433373e+00
-4.577473e+00,2.281531e+00,1.382757e+01,-1.615582e+00,1.299899e-01,-7.027285e-01
-6.937085e+00,1.833493e+01,1.124511e+01,-2.967150e+00,-1.578360e+00,-6.518953e-01
-3.560666e+00,6.834076e+00,5.710333e+00,-2.847749e+00,-9.790223e-01,-1.807020e-01
-1.058919e+00,5.933349e+00,4.779248e+00,-1.550839e+00,2.629237e-01,1.047444e-01
4.961005e+00,1.137195e+01,3.789114e+00,-1.276506e+00,1.372532e+00,6.063461e-01
5.204060e+00,9.716926e+00,3.047145e+00,-1.193778e+00,1.338354e+00,6.300638e-01
-2.895846e-01,8.033287e+00,3.469619e+00,-1.128527e+00,-1.755463e-01,3.151832e-02
-2.367129e+00,9.381882e+00,3.579731e+00,-1.148252e+00,-9.745940e-01,-2.305039e-01
-1.629879e+00,9.000760e+00,2.854970e+00,-1.186167e+00,-1.006099e+00,-1.990583e-01
-1.108813e+00,8.837352e+00,2.893135e+00,-1.155215e+00,-6.801577e-01,-1.661169e-01
6.449606e-01,9.430000e+00,2.580837e+00,-1.198364e+00,-4.480091e-01,-8.727951e-02
4.026227e-01,9.021095e+00,2.192697e+00,-1.299997e+00,-4.789073e-01,-9.548122e-02
-7.959203e-01,7.815839e+00,1.189598e+00,-1.491221e+00,-7.587456e-01,-8.788010e-02
1.063040e-01,8.904882e+00,4.327757e-01,-1.686012e+00,-7.222619e-01,-2.162676e-03
3.891065e+00,1.016733e+01,6.979989e-02,-2.156662e+00,-4.285024e-01,2.086754e-01
5.023635e+00,9.941439e+00,-6.324961e-01,-2.558462e+00,-3.779961e-01,2.857491e-01
5.790544e+00,1.771416e+01,-2.830395e+00,-3.378159e+00,-9.678418e-01,1.091332e-01
6.283590e+00,2.426162e+01,-2.870484e-01,-4.138828e+00,-1.561475e+00,8.028309e-02
-6.219935e+00,2.362027e+01,1.939870e+01,-5.008451e+00,-2.716357e+00,-2.085085e-01
-1.226300e+01,2.460836e+01,2.239808e+01,-5.045098e+00,-4.191671e+00,-4.281493e-01
-7.630048e+00,-2.962474e-01,2.476961e+01,-3.883726e+00,-2.970598e+00,-3.948078e-01
2.971829e+00,6.614391e+00,1.466098e+01,-1.629165e+00,-5.175478e-01,7.687860e-02
1.055835e+01,7.055656e+00,1.371103e+01,-6.624477e-01,3.384466e+00,1.306695e+00
8.459400e+00,2.893241e+00,1.054456e+01,1.064384e+00,3.128672e+00,6.266601e-01
2.500394e+00,1.747031e+00,1.052389e+01,2.547385e+00,1.353529e+00,2.907056e-02
1.493741e+00,9.146200e-01,9.685598e+00,3.496482e+00,3.222567e-01,-4.424242e-01
3.565232e+00,6.981445e-01,8.610154e+00,4.438931e+00,1.795211e-01,-6.796140e-01
4.060357e+00,-2.594809e-01,9.122674e+00,5.023377e+00,3.652899e-01,-8.146657e-01
3.794815e+00,-6.003752e+00,8.679120e+00,5.686977e+00,8.717879e-02,-1.105770e+00
2.891521e+00,-4.611710e+00,7.963696e+00,5.767469e+00,6.400107e-02,-1.173366e+00
-3.108465e+00,-3.452134e+00,8.659033e+00,5.275542e+00,-7.590867e-02,-7.818691e-01
-4.402189e+00,-4.219601e+00,8.416990e+00,4.602106e+00,-4.488211e-01,-4.230734e-01
5.125783e+00,-2.502679e+00,5.453170e+00,2.935080e+00,2.049851e-01,3.735993e-01
6.981694e+00,-3.868941e-01,5.834933e+00,1.670817e+00,1.010997e+00,6.694264e-01
3.947471e+00,1.427550e+00,7.840200e+00,4.143903e-01,5.878809e-01,3.691377e-01
-1.921587e+00,1.501096e+01,-5.662162e+00,-2.433749e-01,-3.470388e-01,-1.230641e-01
-5.521671e+00,3.013106e+00,9.883226e+00,-1.546697e-01,-1.604949e+00,-6.740541e-01
3.776803e+00,-6.932007e+00,7.195747e+00,-2.310003e+00,-6.494602e-01,-7.851664e-01
2.237220e+00,3.605633e+00,7.373599e+00,-1.737469e+00,1.294351e+00,-1.315635e-01
-5.850255e-01,1.782038e+01,9.267609e+00,-1.397277e+00,5.583110e-01,-6.306286e-02
-5.840499e+00,1.161097e+01,8.246509e+00,-1.299907e+00,-5.710286e-01,8.302316e-02
1.414276e-01,4.894819e+00,4.949429e+00,-7.325172e-01,-4.117884e-01,2.854685e-02
3.522597e+00,9.616715e+00,4.893716e+00,-2.552313e-01,7.851172e-01,5.914766e-01
2.849213e+00,1.120491e+01,5.616832e+00,-2.334180e-01,1.078927e+00,4.936657e-01
1.448150e+00,8.620661e+00,4.186432e+00,-1.364654e-01,2.342254e-01,2.842065e-01
1.706410e+00,8.692309e+00,3.159229e+00,-3.256382e-03,-2.123380e-01,1.255361e-01
8.870825e-01,9.415461e+00,2.714489e+00,7.420811e-02,-5.696196e-01,5.646712e-02
-1.433741e+00,8.603042e+00,2.506808e+00,2.722781e-02,-8.077666e-01,-1.016807e-01
-1.807948e+00,7.804730e+00,1.669496e+00,-4.505307e-02,-8.053541e-01,-1.798007e-01
-1.091746e+00,8.277936e+00,1.244286e+00,-1.430975e-01,-4.907249e-01,-1.147782e-01
-6.325679e-01,9.084592e+00,8.548641e-01,-3.673155e-01,-1.474876e-01,-7.025843e-03
7.782468e-01,8.980230e+00,8.207377e-01,-5.264133e-01,-8.386954e-02,5.252102e-02
2.048192e+00,1.000546e+01,2.455949e+00,-7.836622e-01,1.829350e-02,6.049689e-02
-9.705829e-01,1.069116e+01,5.746473e+00,-9.954241e-01,-1.460132e-01,-4.396427e-03
-6.013088e-01,8.942274e+00,7.546709e+00,-9.735364e-01,-6.585034e-01,-1.532215e-01
-1.432631e+00,1.071927e+01,7.581789e+00,-8.088244e-01,-6.874853e-01,-2.291491e-01
4.034440e+00,1.343859e+01,4.618584e+00,-6.601660e-01,-3.702615e-01,1.240021e-01
6.434152e+00,1.504006e+01,1.679996e+00,-5.346076e-01,-7.964673e-02,2.215736e-01
7.949356e+00,1.617730e+01,-3.022955e+00,-7.176860e-01,-2.012324e-01,3.426802e-01
8.642837e+00,1.876096e+01,-4.136845e+00,-1.114105e+00,-7.008322e-01,3.147972e-01
-8.528502e+00,1.171085e+01,1.417542e+00,-1.932963e+00,-2.063445e+00,-4.377840e-01
-2.026004e+01,6.802244e+00,1.377176e+01,-2.104373e+00,-3.171535e+00,-1.079702e+00
-1.920057e+00,1.297326e+01,1.671284e+01,-3.222756e+00,-2.970946e+00,-8.718394e-01
4.488548e+00,1.173245e+01,1.495699e+01,-4.460417e+00,1.415239e-01,4.709459e-01
8.867908e+00,8.557007e+00,1.004036e+01,-4.691491e+00,2.459286e+00,1.240997e+00
6.353709e+00,7.768104e+00,9.463126e+00,-4.315627e+00,1.651479e+00,6.278901e-01
6.424704e-01,6.101202e+00,6.213559e+00,-3.046011e+00,-3.784936e-01,9.007062e-02
-1.155023e+00,5.358922e+00,5.126468e+00,-2.097799e+00,-1.168576e+00,9.684465e-02
-2.408509e+00,2.831920e+00,5.080638e+00,-7.172236e-01,-1.026572e+00,1.652935e-01
-1.580275e+00,2.742033e+00,4.348046e+00,3.458722e-01,-3.801708e-01,1.249416e-02
1.212681e+00,1.423423e+00,5.834672e+00,2.063661e+00,9.971537e-01,-1.272673e-01
2.373688e+00,-3.164130e-01,6.768565e+00,3.051436e+00,1.612571e+00,-1.158689e-01
4.664399e+00,-3.404709e+00,7.747082e+00,4.130582e+00,1.832368e+00,-1.559373e-01
4.186702e+00,-3.858014e+00,8.338037e+00,4.763114e+00,1.717342e+00,-1.369374e-01
-1.074062e+00,-3.926473e+00,9.559979e+00,4.903795e+00,5.339656e-01,-1.488209e-01
-2.367046e+00,-3.906283e+00,1.004914e+01,4.476639e+00,-4.938583e-01,-2.734134e-01
-3.179233e-01,-3.444531e+00,8.920834e+00,2.972766e+00,-7.248807e-01,-3.154229e-01
1.838760e-01,-1.040379e+01,4.912668e+00,1.875865e+00,-3.110013e-01,-3.096757e-01
5.043108e+00,3.055982e+01,1.099103e+01,1.388106e+00,2.017350e-02,1.210547e-01
-5.201137e+00,8.220718e-01,6.156860e+00,-1.741292e+00,2.136196e-01,7.284001e-03
5.132947e+00,1.678881e+00,6.348143e+00,4.940517e-01,5.123028e-01,-4.319597e-01
5.715115e+00,1.608735e+01,9.356839e+00,-2.203245e-01,1.237343e+00,2.364479e-01
-2.552280e-01,8.689345e+00,7.275120e+00,-6.370315e-01,7.983883e-01,6.262958e-01
-7.249360e-01,8.145653e+00,6.576370e+00,-1.485966e-01,-5.206756e-02,-1.462773e-01
-5.130613e-01,9.507959e+00,7.135306e+00,3.051709e-02,-3.220592e-01,6.723258e-02
-4.780875e-01,9.095502e+00,6.749549e+00,1.895968e-01,-3.061842e-01,-3.302863e-02
7.622748e-01,7.853574e+00,4.674129e+00,3.885342e-01,-2.857172e-01,8.504695e-02
1.787013e+00,8.550474e+00,3.530566e+00,5.133757e-01,-2.183499e-01,1.079019e-01
-7.009144e-01,7.412672e+00,1.638398e+00,4.755485e-01,-2.559499e-01,6.977870e-02
-2.583782e+00,7.456412e+00,1.413659e+00,4.214291e-01,-4.848545e-01,-4.577769e-02
-4.551993e+00,7.636059e+00,1.970000e+00,1.632839e-01,-6.823624e-01,-1.094730e-01
-3.054755e+00,7.335143e+00,2.408903e+00,-2.537802e-02,-3.048827e-01,1.636952e-02
4.972113e+00,9.005026e+00,2.552448e+00,-1.855079e-01,5.517337e-01,2.305477e-01
4.007140e+00,9.291682e+00,4.379163e+00,-5.069441e-01,9.550008e-01,5.022964e-01
1.364896e+00,9.988159e+00,8.172298e+00,-6.571962e-01,3.709588e-01,1.988399e-01
-2.240788e-01,8.835242e+00,9.411002e+00,-6.799140e-01,-2.940397e-01,-9.620581e-03
-8.616194e-02,1.290987e+01,7.223577e+00,-3.621777e-01,-6.417055e-01,-2.601886e-01
2.139065e+00,1.384952e+01,5.314856e+00,-2.047479e-01,-4.509445e-01,-1.505200e-02
6.926085e+00,1.508132e+01,9.981328e-01,-6.542848e-02,2.106694e-01,3.327675e-01
1.030473e+01,1.541430e+01,-3.513987e+00,-2.380247e-01,3.193641e-01,5.080441e-01
5.713035e+00,1.286807e+01,-2.542023e+00,-8.452973e-01,-8.398942e-01,1.573039e-01
-5.795875e-01,1.191923e+01,2.521380e+00,-1.327340e+00,-2.083586e+00,-4.159278e-01
-1.603494e+01,7.193683e+00,1.099508e+01,-1.878508e+00,-3.487405e+00,-1.220509e+00
-1.097283e+01,1.034381e+01,1.417103e+01,-2.456348e+00,-3.208096e+00,-1.131674e+00
2.956185e+00,1.306920e+01,1.256067e+01,-3.966761e+00,-5.388318e-01,1.952386e-01
6.574180e+00,9.272207e+00,1.003837e+01,-4.309380e+00,1.654608e+00,1.337506e+00
3.325254e+00,6.965851e+00,9.625095e+00,-3.735694e+00,1.830882e+00,1.124482e+00
1.798624e+00,7.439562e+00,9.171928e+00,-3.346101e+00,9.041464e-01,6.889821e-01
-1.023237e+00,6.416067e+00,6.708322e+00,-2.455996e+00,4.758504e-02,6.657875e-01
-8.672188e-01,5.356581e+00,6.197068e+00,-1.629920e+00,-3.816112e-02,6.963683e-01
5.424820e-01,4.159083e+00,4.742461e+00,-4.024498e-01,3.901362e-01,6.587394e-01
1.794938e+00,3.000983e+00,5.314652e+00,5.899851e-01,8.317469e-01,5.102605e-01
1.967593e+00,2.683461e+00,6.546871e+00,1.878475e+00,1.203061e+00,2.730072e-01
1.262603e+00,1.096241e+00,8.749942e+00,2.582729e+00,1.187787e+00,9.673124e-02
1.639269e+00,-4.941187e+00,6.838423e+00,3.975495e+00,9.085325e-01,-2.395179e-01
1.809309e+00,-7.114811e+00,8.226348e+00,4.662577e+00,8.477394e-01,-3.743888e-01
-1.100525e+00,-7.791866e+00,9.629475e+00,4.780195e+00,4.124603e-01,-4.108825e-01
1.442362e+00,-1.132734e+01,1.121336e+01,4.387477e+00,-2.399790e-01,-6.040939e-01
1.925174e+01,3.258259e+01,-3.102113e+00,3.023621e+00,-2.513217e-01,-4.555050e-01
6.863589e-02,2.472349e+01,1.471593e+01,-1.012339e-01,-8.229082e-01,-1.288458e+00
-1.478894e+01,1.920994e+00,9.518167e+00,-7.477635e-01,-1.194381e+00,3.438836e+00
9.920444e+00,9.785067e+00,7.892587e+00,8.560591e-01,2.341651e-01,-5.298149e-01
5.949575e+00,2.588640e+00,9.329191e+00,-3.280614e-01,2.830528e+00,1.857789e+00
3.996725e+00,6.331356e+00,7.203516e+00,-3.365904e-02,1.496092e+00,1.111014e+00
4.768105e+00,1.036301e+01,7.652427e+00,3.400184e-02,4.113179e-01,5.681998e-01
2.392051e+00,7.045243e+00,7.631167e+00,1.554946e-02,1.142056e-03,2.795872e-01
-1.127868e+00,8.721912e+00,7.111681e+00,3.776532e-01,-8.136763e-01,-3.107233e-01
-9.647502e-01,8.903456e+00,6.533330e+00,3.469713e-01,-1.056363e+00,-2.631961e-01
8.070800e-01,8.188365e+00,3.763856e+00,6.385203e-01,-7.468854e-01,-2.052664e-01
1.252267e+00,7.664060e+00,2.676679e+00,6.756436e-01,-4.716256e-01,-1.254891e-01
1.697936e+00,8.303644e+00,2.221943e+00,5.924989e-01,-4.174877e-01,-1.511378e-01
3.538020e-02,8.106466e+00,2.716097e+00,4.177200e-01,-4.567520e-01,-2.615063e-01
-1.671736e+00,8.228895e+00,3.393716e+00,8.856317e-02,-9.322729e-01,-3.420486e-01
-1.823022e+00,8.426548e+00,5.289277e+00,-9.356273e-02,-9.304960e-01,-2.967861e-01
-3.838032e-01,8.165568e+00,6.639187e+00,-2.104092e-01,-6.925795e-01,-1.486578e-01
5.268431e-01,1.003821e+01,5.762099e+00,-1.653542e-01,-3.835261e-01,-5.722318e-02
2.551499e+00,1.271623e+01,3.385290e+00,-9.190276e-02,8.384758e-02,2.697156e-01
4.487715e+00,1.251590e+01,2.806554e+00,-1.155638e-01,2.689033e-01,3.866708e-01
7.413719e+00,1.497935e+01,-1.685679e+00,-2.632893e-01,3.438844e-01,4.185293e-01
7.623399e+00,1.743166e+01,-3.543916e+00,-4.811184e-01,5.300367e-02,3.621507e-01
2.350414e+00,1.410029e+01,8.118728e-01,-1.259118e+00,-1.465017e+00,1.373377e-02
-6.675280e+00,1.191960e+01,5.300337e+00,-1.692736e+00,-2.679916e+00,-5.725986e-01
-1.624365e+01,5.623786e+00,1.731252e+01,-2.222932e+00,-3.451974e+00,-9.258864e-01
-6.542308e+00,1.340663e+01,1.501597e+01,-2.895870e+00,-2.721090e+00,-6.605972e-01
7.174151e+00,9.129819e+00,1.130442e+01,-4.362009e+00,2.155671e+00,1.315075e+00
8.011740e+00,7.310000e+00,8.451740e+00,-3.632922e+00,3.118432e+00,1.179815e+00
5.527985e+00,6.855100e+00,8.363087e+00,-2.936499e+00,2.228852e+00,3.655195e-01
2.274725e+00,6.110000e+00,7.191790e+00,-2.158461e+00,8.681499e-01,-6.783962e-02
-6.108128e-01,5.150774e+00,5.810516e+00,-1.165345e+00,-2.843936e-01,-8.792112e-02
-1.185092e+00,3.976060e+00,5.204085e+00,-3.453977e-01,-4.153685e-01,-3.697469e-02
-5.305691e-01,2.457380e+00,4.959453e+00,1.185123e+00,2.928327e-01,-2.368956e-02
6.738236e-01,1.981923e+00,5.841267e+00,1.953897e+00,9.202743e-01,-1.251987e-02
2.551462e+00,3.670119e-01,6.758538e+00,2.905939e+00,1.618048e+00,1.181258e-01
3.372030e+00,-9.838379e-01,6.358561e+00,3.607582e+00,1.831251e+00,1.680771e-01
5.024617e+00,-3.248130e+00,6.830198e+00,4.178449e+00,1.349996e+00,1.949899e-02
4.620839e+00,-4.603030e+00,7.187058e+00,4.257099e+00,9.470220e-01,-1.192497e-01
-7.202966e-01,-5.666617e+00,8.904866e+00,3.806506e+00,-4.776672e-01,-6.502749e-01
-6.436263e+00,-1.535288e+01,2.345062e+01,3.047132e+00,-1.372533e+00,-8.225257e-01
5.737574e+00,2.539720e+01,7.535662e-01,1.410883e+00,-1.550622e+00,-9.176451e-01
-6.170246e+00,1.225035e+01,1.275067e+01,-2.916100e+00,-5.815783e-01,-1.127052e+00
-4.746094e+00,3.511262e+00,1.102529e+01,-4.395484e-01,-1.070404e+00,4.888817e-01
4.642945e+00,8.774456e+00,9.627027e+00,1.359484e-01,-5.677018e-02,-2.768290e-01
2.566277e+00,8.879754e+00,6.163621e+00,-6.338943e-01,1.307171e+00,8.842641e-01
4.619511e-01,5.645250e+00,7.731247e+00,-3.004057e-01,7.629351e-01,1.001157e+00
3.519499e+00,9.976752e+00,7.245550e+00,2.581062e-01,3.281118e-01,4.716863e-01
3.509285e+00,7.066634e+00,6.656917e+00,-2.901427e-02,8.072917e-01,5.338773e-01
1.081245e+00,9.374830e+00,6.840792e+00,3.407706e-01,2.234169e-01,1.766628e-01
-9.623976e-01,9.747319e+00,7.108943e+00,3.513770e-01,-3.375128e-01,1.261856e-02
-1.493626e+00,8.866753e+00,5.897392e+00,5.214292e-01,-9.832380e-01,-8.068229e-02
2.083443e-01,8.292526e+00,4.766019e+00,6.676661e-01,-8.090041e-01,-2.131970e-02
2.709983e+00,7.670943e+00,2.979071e+00,7.301449e-01,-2.655688e-01,1.354037e-01
3.350697e+00,8.707562e+00,1.765846e+00,6.961411e-01,1.997630e-02,1.510549e-01
1.524951e+00,8.919900e+00,2.363737e+00,4.395865e-01,-2.420776e-01,-3.863102e-03
-3.505443e-01,7.941372e+00,2.797458e+00,2.536801e-01,-6.682316e-01,-2.050449e-01
-2.298246e+00,8.615602e+00,3.131347e+00,6.739308e-02,-1.023729e+00,-3.932098e-01
-1.799618e+00,9.352193e+00,4.254422e+00,-6.882442e-02,-9.742432e-01,-3.298873e-01
1.866710e+00,9.916407e+00,5.152242e+00,-1.911463e-01,-4.389494e-01,-1.302273e-01
2.221987e+00,1.116540e+01,4.505628e+00,-2.814261e-01,-4.652398e-02,5.122130e-02
2.256999e+00,1.210408e+01,3.514334e+00,-3.556153e-01,-5.601679e-02,2.210513e-01
3.802644e+00,1.240607e+01,2.140651e+00,-3.831057e-01,-1.307144e-01,2.278331e-01
5.724610e+00,1.554850e+01,-1.410716e+00,-5.434038e-01,-1.897540e-01,2.396167e-01
4.777016e+00,1.456270e+01,-1.006546e+00,-8.235248e-01,-6.220205e-01,2.659128e-01
-5.704424e+00,1.172387e+01,3.305638e+00,-1.407616e+00,-1.894077e+00,-4.397839e-01
-1.358654e+01,7.135505e+00,8.401031e+00,-1.823901e+00,-2.720080e+00,-8.043955e-01
-4.103408e+00,1.109923e+01,1.474057e+01,-2.540423e+00,-2.418755e+00,-6.076597e-01
3.510866e+00,1.377177e+01,1.294913e+01,-3.781816e+00,1.523625e-01,3.021384e-01
5.749088e+00,8.726814e+00,9.529999e+00,-4.354856e+00,2.111306e+00,1.181543e+00
3.283189e+00,7.262850e+00,9.379512e+00,-3.876094e+00,1.845720e+00,9.158253e-01
1.991631e+00,9.717960e+00,8.881019e+00,-3.123092e+00,7.597335e-01,2.490323e-01
1.377282e+00,7.273403e+00,6.728162e+00,-2.344258e+00,2.877136e-01,2.235041e-01
4.997279e-01,5.044772e+00,5.660000e+00,-7.383643e-01,7.171355e-02,1.822859e-01
-9.288192e-02,4.677913e+00,5.533619e+00,1.016440e-01,1.121690e-01,9.384556e-02
-2.832479e-01,3.091765e+00,7.005274e+00,1.723029e+00,3.908935e-01,-1.575096e-01
1.105785e+00,8.475244e-02,7.492581e+00,2.676856e+00,7.494982e-01,-1.710719e-01
5.645922e+00,-4.253494e+00,6.697496e+00,3.908733e+00,1.393025e+00,-2.693157e-01
6.014860e+00,-5.914299e+00,7.437850e+00,4.547334e+00,1.655419e+00,-3.195993e-01
4.731171e-01,-7.277517e+00,9.434454e+00,4.742369e+00,6.557455e-01,-5.881968e-01
-6.479010e-01,-7.397901e+00,1.013570e+01,4.280051e+00,-6.448431e-01,-7.349025e-01
-2.191238e+00,-1.335376e+01,1.507705e+01,3.029498e+00,-1.063205e+00,-5.441728e-01
7.774867e+00,3.798487e+01,8.583696e+00,2.199438e+00,-8.667444e-01,-4.310866e-01
-6.502096e+00,1.267854e+00,5.715502e+00,-3.434000e+00,1.549504e+00,1.796201e+00
-3.446517e+00,-5.378493e-01,8.889383e+00,-7.790709e-03,3.416573e-01,1.367924e+00
1.031051e+01,1.278000e+01,6.683852e+00,3.840598e-01,1.627932e+00,2.538245e-01
3.992280e+00,8.127515e+00,4.945458e+00,-2.293726e-01,2.047499e+00,1.337301e+00
1.285446e-01,8.690230e+00,5.206562e+00,1.499011e-01,2.280255e-01,3.453972e-01
2.315104e+00,9.751731e+00,5.039495e+00,5.014925e-02,-2.639534e-01,1.758762e-01
2.055836e+00,6.895143e+00,6.140000e+00,-4.449445e-02,1.070753e-01,1.786898e-01
2.005076e-01,7.676867e+00,6.093839e+00,6.880795e-02,-1.756764e-01,-2.282873e-02
-1.809667e-01,8.607839e+00,5.741564e+00,5.881488e-02,-6.628890e-01,-1.670370e-01
1.832033e+00,8.484250e+00,4.432216e+00,1.293631e-01,-4.968596e-01,-1.481224e-01
1.809692e+00,8.314314e+00,4.029972e+00,1.867106e-01,-1.286898e-01,-1.056434e-01
8.538218e-01,8.168227e+00,3.510826e+00,1.521844e-01,-1.839980e-01,-1.484075e-01
-1.383598e+00,8.873598e+00,4.189671e+00,3.422144e-02,-5.846966e-01,-3.044989e-01
-1.766250e+00,8.892318e+00,4.114545e+00,-3.613751e-02,-7.593774e-01,-3.381170e-01
-2.362831e+00,8.883963e+00,6.649246e+00,-7.046290e-02,-6.500119e-01,-2.585592e-01
-1.367934e+00,1.053860e+01,6.264807e+00,-4.419827e-02,-3.810090e-01,-1.489428e-01
2.430490e+00,1.096522e+01,4.421728e+00,1.141964e-01,7.472115e-02,2.714998e-02
4.461709e+00,1.137346e+01,4.583655e+00,1.861979e-01,5.135180e-01,1.929982e-01
4.859270e+00,1.223350e+01,3.248714e+00,6.284600e-02,8.883692e-01,1.785852e-01
4.361679e+00,1.312996e+01,6.627854e-01,-9.083611e-02,6.093884e-01,3.046465e-01
5.612057e+00,1.556000e+01,-4.307606e+00,-4.349373e-01,-4.896821e-01,1.021812e-01
4.783311e+00,1.244826e+01,-1.931606e+00,-8.079815e-01,-1.231687e+00,7.557625e-02
-2.938255e+00,1.203886e+01,2.115917e+00,-1.485506e+00,-2.469801e+00,-5.365645e-01
-1.660830e+01,7.765672e+00,9.985319e+00,-1.938149e+00,-3.363279e+00,-8.650149e-01
-1.093033e+01,1.275009e+01,1.627208e+01,-2.789227e+00,-3.506250e+00,-6.129225e-01
-1.004601e+00,1.181942e+01,1.537094e+01,-3.936890e+00,-4.096958e-01,7.807368e-01
8.402065e+00,7.117938e+00,1.070953e+01,-4.181033e+00,2.996164e+00,2.269777e+00
8.994544e+00,6.528636e+00,8.389971e+00,-3.703706e+00,3.711443e+00,2.189438e+00
5.695814e+00,5.708099e+00,7.692529e+00,-2.960817e+00,2.015383e+00,9.681086e-01
1.684533e+00,5.596949e+00,6.591517e+00,-2.214141e+00,4.763551e-01,6.783187e-01
-2.129865e+00,6.107061e+00,6.089230e+00,-1.190200e+00,-9.301874e-01,3.708853e-01
-3.061322e+00,4.853231e+00,5.722461e+00,-1.760583e-01,-1.142759e+00,2.470385e-01
-1.773726e+00,3.159160e+00,5.370868e+00,1.118065e+00,-4.907801e-01,1.734575e-01
-1.758574e-01,1.406933e+00,6.825696e+00,2.054496e+00,4.185678e-01,1.128048e-01
2.003387e+00,-1.337131e+00,7.121855e+00,3.266825e+00,1.479744e+00,2.157803e-02
5.411990e+00,-2.374995e+00,7.024890e+00,3.944027e+00,1.860736e+00,-5.033911e-02
2.046598e+00,-5.820695e+00,8.006908e+00,4.426882e+00,1.719366e+00,-3.467175e-02
-5.994818e-02,-6.930809e+00,8.607258e+00,4.395066e+00,7.714836e-01,-3.462521e-01
5.388293e-01,-8.995132e+00,9.542160e+00,3.474043e+00,-8.398542e-01,-7.833947e-01
-1.103450e+01,-4.474981e+00,1.588810e+01,2.583091e+00,-8.948094e-01,-8.128029e-01
-9.075376e+00,1.617497e+01,1.079268e+01,9.037396e-01,-1.019949e+00,-9.922131e-01
-1.214176e+01,1.299684e+00,8.449191e+00,-2.637452e+00,7.773264e-01,2.640081e+00
8.315780e+00,7.420969e+00,8.413406e+00,5.367156e-01,4.173236e-01,-1.669719e-01
1.148929e+01,1.200789e+01,6.777550e+00,1.301880e-01,2.013811e+00,5.209610e-01
-3.581346e-03,4.331392e+00,8.611005e+00,-1.227564e-01,1.186813e+00,8.459026e-01
3.450037e-01,1.039020e+01,7.086197e+00,2.648385e-01,-5.953180e-02,1.291529e-01
2.371342e+00,7.438378e+00,6.590268e+00,-3.445171e-03,-4.875650e-02,3.263160e-01
1.524908e+00,7.905506e+00,6.688368e+00,3.147817e-01,7.068596e-02,9.865597e-02
1.483497e-02,8.348243e+00,6.223078e+00,3.202760e-01,-1.153907e-01,2.178647e-02
1.341678e-01,8.364993e+00,5.891674e+00,3.702598e-01,-2.669571e-01,-2.252836e-03
-7.578020e-01,8.490614e+00,4.789218e+00,5.106291e-01,-4.602692e-01,-3.589729e-02
-8.600000e-01,8.022548e+00,3.140888e+00,5.427467e-01,-5.437267e-01,-8.267773e-03
7.913478e-02,8.278765e+00,2.233992e+00,5.450591e-01,-3.161105e-01,5.479530e-02
1.001851e+00,8.016754e+00,2.108301e+00,4.550169e-01,-9.670709e-02,1.226364e-01
1.907894e+00,8.368205e+00,1.963315e+00,1.668320e-01,7.932818e-02,1.253092e-01
1.144610e+00,8.326821e+00,3.235759e+00,-1.547818e-02,-1.160667e-02,2.782936e-02
2.615358e-01,8.806157e+00,5.995337e+00,-2.566185e-01,-3.940789e-01,-1.641064e-01
2.805484e-01,8.973967e+00,6.504936e+00,-3.473516e-01,-5.139525e-01,-2.113119e-01
-1.128143e+00,1.147397e+01,8.660993e+00,-3.644094e-01,-4.331617e-01,-1.673164e-01
-2.212115e-01,1.169282e+01,7.838185e+00,-3.019824e-01,-3.628536e-01,3.966876e-03
4.440000e+00,1.293434e+01,4.985957e+00,-8.504835e-02,2.875257e-01,3.438757e-01
6.262872e+00,1.481491e+01,2.246710e+00,9.717177e-03,6.089950e-01,5.021818e-01
1.008912e+01,1.672934e+01,-2.183222e+00,1.040755e-03,4.535586e-01,4.561718e-01
6.572032e+00,1.224229e+01,-3.479958e+00,-2.235292e-01,-3.824795e-01,4.018697e-01
-5.191830e+00,9.201514e+00,2.545619e+00,-8.155786e-01,-2.503790e+00,-5.646933e-01
-1.161510e+01,5.704400e+00,5.505681e+00,-1.311903e+00,-3.561313e+00,-9.861005e-01
-1.367789e+01,1.258105e+01,1.269633e+01,-2.060507e+00,-3.142839e+00,-9.326400e-01
9.521904e-01,1.256152e+01,1.304665e+01,-3.677183e+00,-1.003888e+00,-1.425662e-02
8.655319e+00,9.521007e+00,9.563172e+00,-4.273675e+00,2.441360e+00,1.530280e+00
7.564356e+00,6.792078e+00,9.772636e+00,-4.098135e+00,3.099362e+00,1.683502e+00
3.486487e+00,6.051590e+00,9.228538e+00,-3.730099e+00,1.379865e+00,4.975538e-01
1.479231e+00,7.101763e+00,8.141347e+00,-3.340704e+00,1.634672e-01,1.487803e-01
-1.753205e+00,5.483996e+00,7.343998e+00,-2.527631e+00,-8.274838e-01,1.830929e-01
-2.928428e+00,4.533394e+00,6.237941e+00,-1.657147e+00,-1.046411e+00,2.001180e-01
-1.048698e+00,4.252581e+00,5.748132e+00,-8.485686e-02,-2.366348e-01,2.190498e-01
1.414598e+00,3.310016e+00,5.483844e+00,8.322583e-01,5.705943e-01,2.329457e-01
2.402655e+00,2.463052e+00,6.599224e+00,2.162456e+00,1.439024e+00,1.333979e-01
1.921507e+00,9.360697e-01,7.906599e+00,2.985254e+00,1.615439e+00,-3.831647e-02
3.515162e+00,-3.359706e+00,7.509941e+00,4.327083e+00,1.463501e+00,-3.889414e-01
2.058839e+00,-5.584288e+00,8.131723e+00,4.827862e+00,1.427739e+00,-4.669596e-01
-3.814607e-01,-6.055779e+00,9.398433e+00,4.820635e+00,7.933167e-01,-6.397083e-01
1.219842e+00,-6.328530e+00,9.264777e+00,4.390647e+00,1.098508e-01,-8.012780e-01
1.962115e+00,-1.417184e+01,8.487805e-01,2.966414e+00,-2.959638e-01,-8.739099e-01
-1.625052e+01,2.685388e+01,1.895592e+01,2.433692e+00,-5.449651e-01,-7.449918e-01
-9.723843e+00,9.235429e+00,1.176651e+01,-1.122487e+00,-1.043908e+00,-4.745678e-01
-8.601988e+00,-7.065962e+00,7.784882e+00,-2.516226e+00,-6.350599e-02,2.382071e+00
7.810461e+00,1.177105e+01,7.375132e+00,5.184819e-01,4.190652e-01,-4.315805e-01
1.001199e+01,1.744872e+01,8.296728e+00,-9.782930e-02,1.866047e+00,1.295584e+00
7.481796e-01,1.957243e+00,5.752161e+00,-3.961434e-01,1.427399e+00,1.072313e+00
3.215872e+00,8.343395e+00,5.773963e+00,4.895578e-01,2.858776e-01,1.297206e-01
1.600355e+00,9.291238e+00,6.942428e+00,-4.742042e-02,1.775045e-03,2.125278e-01
-1.874815e+00,7.324362e+00,6.372852e+00,1.640680e-01,-4.892204e-01,-1.184554e-01
-1.360803e+00,8.778088e+00,4.692604e+00,2.941562e-01,-1.014535e+00,-2.551622e-01
1.315540e-01,1.014558e+01,4.426772e+00,3.380175e-01,-8.049855e-01,-1.586492e-01
-3.150323e-01,8.093454e+00,3.622484e+00,3.904954e-01,-4.155556e-01,-2.998507e-02
-1.103602e+00,8.131553e+00,2.954814e+00,3.977676e-01,-4.795037e-01,-7.920138e-02
-8.531640e-01,9.114209e+00,2.674209e+00,3.029726e-01,-6.103403e-01,-9.905700e-02
9.202759e-02,8.413754e+00,2.107636e+00,1.792703e-01,-5.337147e-01,-4.606907e-02
7.134747e-01,8.859697e+00,1.344364e+00,-4.512546e-03,-2.846429e-01,-9.143413e-02
1.995915e-01,8.155613e+00,3.553884e+00,-2.685358e-01,-2.471693e-01,8.661144e-03
1.037148e+00,7.710328e+00,6.367476e+00,-5.775639e-01,-3.259930e-01,-2.485312e-02
2.089729e+00,9.381082e+00,5.870002e+00,-6.958384e-01,-2.159139e-01,4.937134e-02
3.698890e-02,9.628122e+00,9.829894e+00,-7.059246e-01,-1.062562e-01,1.226893e-01
-9.892712e-01,9.780527e+00,9.490242e+00,-5.690321e-01,-3.061213e-01,9.957058e-02
2.273854e+00,1.200877e+01,5.537051e+00,-1.995493e-01,-2.139352e-01,2.658584e-01
4.914691e+00,1.253078e+01,4.501197e+00,9.902132e-03,5.182384e-02,4.537607e-01
7.080184e+00,1.295161e+01,-1.263393e+00,1.843348e-01,3.191065e-01,5.549137e-01
5.422149e+00,1.198756e+01,-3.480312e+00,8.414103e-02,-4.195665e-02,4.914949e-01
9.035851e-01,1.256790e+01,-3.020196e+00,-3.879602e-01,-1.522231e+00,2.186474e-01
-4.411520e+00,5.460760e+00,-5.446287e-01,-9.257648e-01,-2.302696e+00,-1.831387e-01
-1.410031e+01,3.980301e+00,1.535862e+01,-1.956240e+00,-2.687527e+00,-7.596598e-01
-8.245744e+00,8.085932e+00,1.787592e+01,-3.295707e+00,-2.158677e+00,-3.779705e-01
4.972964e+00,1.264903e+01,1.175209e+01,-5.182266e+00,6.942640e-01,7.653428e-01
7.275998e+00,1.115718e+01,8.755298e+00,-5.527048e+00,2.268511e+00,1.400671e+00
6.181131e+00,7.911426e+00,5.770620e+00,-4.189699e+00,1.905180e+00,8.451259e-01
4.018684e+00,7.202322e+00,4.273033e+00,-3.147745e+00,8.669044e-01,2.783300e-01
2.528240e+00,8.122204e+00,3.688141e+00,-1.588553e+00,-3.915849e-01,-2.157092e-01
1.188302e+00,7.525839e+00,4.608838e+00,-5.551607e-01,-7.744946e-01,-3.670748e-01
-1.604719e+00,5.821616e+00,5.994968e+00,1.575191e+00,-9.375482e-01,-7.317120e-01
-2.104415e+00,4.352346e+00,8.178275e+00,2.711994e+00,-6.231683e-01,-8.806133e-01
1.349605e-01,3.686469e+00,9.160177e+00,4.027628e+00,2.665414e-01,-8.257252e-01
3.819149e+00,3.647414e+00,9.954055e+00,4.873617e+00,1.159284e+00,-6.853967e-01
7.261297e+00,4.955530e+00,1.097717e+01,6.179254e+00,2.074759e+00,-2.801667e-01
5.558256e+00,4.527053e+00,1.029220e+01,6.673821e+00,1.795799e+00,-3.485237e-02
-2.739430e+00,3.746460e+00,9.053554e+00,6.880693e+00,4.889009e-01,-4.484015e-02
-6.297044e+00,-2.653239e+00,6.832810e+00,6.351577e+00,-4.598902e-01,-2.816724e-01
-4.089685e+00,-3.769452e+00,4.137410e+00,4.291389e+00,-1.433396e-01,-2.679870e-01
-1.529721e+00,1.659846e+00,1.771578e+00,2.513064e+00,8.259246e-01,-4.629597e-02
1.041410e+01,2.378807e+01,5.963455e+00,-1.759228e-01,1.853382e+00,2.777707e-01
6.318030e+00,6.770904e+00,7.354698e+00,-2.127354e+00,2.134898e+00,4.763128e-01
2.792373e+00,3.480898e+00,1.017980e+01,-1.935571e+00,7.192818e-01,-3.265459e-01
-3.834624e-01,1.736083e+01,7.094462e+00,-1.935230e+00,-7.647238e-02,-6.929074e-01
-7.681146e+00,7.880574e+00,6.438065e+00,-1.847396e+00,-6.583506e-01,1.742022e-02
-2.321060e+00,8.561490e+00,3.736523e+00,-1.058069e+00,-7.818417e-01,-4.212514e-01
3.760576e+00,1.007718e+01,3.722004e+00,-9.612274e-01,9.088738e-01,2.953847e-01
3.364069e+00,9.310044e+00,3.392495e+00,-8.497631e-01,1.184229e+00,3.350289e-01
1.172850e+00,8.213725e+00,3.237173e+00,-9.579344e-01,3.144648e-01,9.113358e-02
1.125199e+00,9.119291e+00,3.374091e+00,-9.593391e-01,-2.602019e-01,-7.526239e-02
7.486816e-01,8.440014e+00,3.697980e+00,-1.174870e+00,-5.211732e-01,-1.645601e-01
8.827679e-02,8.074978e+00,4.261768e+00,-1.241113e+00,-5.943863e-01,-1.653756e-01
-1.105123e+00,9.099429e+00,5.201151e+00,-1.333813e+00,-7.617153e-01,-1.892973e-01
-1.976398e+00,8.096448e+00,5.639622e+00,-1.353560e+00,-8.586171e-01,-2.027658e-01
-9.929701e-01,7.438218e+00,5.258884e+00,-1.251416e+00,-6.933734e-01,-1.386450e-01
1.910208e-02,8.637871e+00,4.825282e+00,-1.227709e+00,-4.252883e-01,-5.912206e-02
1.192086e+00,1.007262e+01,3.357396e+00,-1.327754e+00,1.545597e-01,2.853884e-01
4.932997e+00,9.597396e+00,-9.729905e-01,-1.443218e+00,3.038943e-01,4.355060e-01
7.759673e+00,1.398416e+01,-5.674653e+00,-1.765844e+00,3.677647e-01,4.650311e-01
7.238537e+00,1.959080e+01,-3.544506e+00,-2.333488e+00,2.323432e-02,3.434189e-01
2.637871e+00,2.446150e+01,9.546081e+00,-3.816582e+00,-1.466451e+00,-6.348947e-02
-9.673753e+00,1.909135e+01,1.960649e+01,-4.495405e+00,-2.493310e+00,-2.040658e-01
-1.716028e+01,1.364371e+01,2.374986e+01,-4.235515e+00,-3.850562e+00,-6.311011e-01
-3.871033e+00,3.736766e+00,1.731152e+01,-3.127759e+00,-2.247282e+00,-2.046050e-01
7.593683e+00,7.929559e+00,1.468805e+01,-1.529909e+00,1.607873e+00,1.223722e+00
8.232140e+00,4.679583e+00,1.210624e+01,-1.076035e+00,3.266430e+00,1.746959e+00
3.171126e+00,9.771525e-01,1.057000e+01,7.920097e-01,2.580172e+00,8.183058e-01
8.806269e-01,2.750123e+00,8.171799e+00,1.627212e+00,1.369210e+00,5.439555e-01
1.849237e+00,1.172505e-01,6.539160e+00,2.661560e+00,4.447137e-01,9.039024e-02
1.734788e+00,-8.497681e-01,7.453619e+00,3.327487e+00,4.273224e-01,-1.974494e-02
2.319169e+00,-6.090487e+00,7.112725e+00,4.502760e+00,5.046805e-01,-5.477738e-01
4.481957e+00,-6.218738e+00,6.168410e+00,5.001494e+00,5.862030e-01,-7.143050e-01
1.940636e+00,-6.711113e+00,7.816455e+00,5.229093e+00,8.495174e-01,-4.665499e-01
-7.403689e-01,-7.542586e+00,8.681694e+00,4.971991e+00,4.659244e-01,-3.740716e-01
-1.103302e+00,-4.830984e+00,8.657134e+00,3.667258e+00,-6.446468e-01,-2.503513e-01
-8.480115e-01,-3.003936e+00,8.594669e+00,2.444965e+00,-5.246084e-01,-9.479493e-02
-8.245250e-01,7.794726e-01,9.679670e+00,7.951151e-01,-1.503894e-01,9.909305e-02
1.941213e+00,-8.463342e+00,-6.392679e+00,6.280179e-02,1.040494e-01,2.325275e-01
1.137629e+01,3.624241e+01,8.225753e+00,5.907764e-01,2.339189e-01,3.246889e-01
-1.537293e+00,1.937258e-01,7.676255e+00,-3.107837e+00,6.431611e-01,-4.141921e-01
-1.911594e+00,-8.079018e+00,7.526337e+00,5.088106e-01,3.686854e-01,9.403929e-01
3.231869e+00,9.710068e+00,7.894887e+00,5.042137e-01,-1.093521e-02,-5.168159e-01
-5.237159e-01,1.572341e+01,7.346362e+00,-8.462262e-01,6.409836e-01,9.748844e-01
1.615349e+00,6.825805e+00,4.804821e+00,-5.348830e-01,6.020266e-01,5.169533e-01
4.159634e+00,9.115256e+00,4.439854e+00,2.454680e-01,8.570167e-01,5.173842e-01
2.666565e+00,9.152888e+00,5.493850e+00,5.821899e-02,8.866810e-01,4.731997e-01
-7.074165e-01,8.289840e+00,4.631090e+00,1.573578e-01,-1.335762e-01,-8.105508e-02
-1.249639e+00,8.774265e+00,3.483116e+00,1.920445e-01,-6.975589e-01,-1.574134e-01
8.650124e-01,9.250340e+00,3.060418e+00,2.607260e-01,-7.024463e-01,-1.687599e-01
2.202773e+00,8.041069e+00,1.920976e+00,2.095603e-01,-3.876345e-01,-1.090780e-01
7.853482e-01,7.767498e+00,1.788394e+00,9.490242e-02,-3.110754e-01,-1.668844e-01
-7.892040e-01,8.503247e+00,2.147106e+00,-8.054127e-02,-5.965282e-01,-2.566219e-01
-2.763935e+00,8.381569e+00,3.137082e+00,-3.057676e-01,-9.144627e-01,-4.347346e-01
-2.685114e+00,7.810055e+00,3.634959e+00,-4.921208e-01,-8.589687e-01,-3.321307e-01
1.062650e+00,9.763827e+00,4.067340e+00,-6.367677e-01,-3.612347e-01,-1.018931e-01
2.103127e+00,1.040221e+01,5.161832e+00,-7.232035e-01,4.205925e-02,3.403734e-02
1.298746e+00,9.871420e+00,6.311525e+00,-6.966667e-01,1.302974e-01,2.169662e-02
-8.978049e-01,1.035890e+01,7.048508e+00,-6.321126e-01,-1.115047e-01,-5.160935e-02
1.071389e+00,1.236813e+01,5.206557e+00,-4.817159e-01,-4.019606e-01,-1.005992e-01
3.892679e+00,1.368528e+01,4.785007e+00,-4.185899e-01,-3.485268e-01,-5.110036e-02
6.692473e+00,1.517201e+01,-4.510583e-01,-4.451708e-01,1.161555e-01,2.341862e-01
9.439490e+00,1.641956e+01,-3.729819e+00,-6.010457e-01,-5.368586e-02,2.443474e-01
3.482248e+00,1.165302e+01,6.861918e-01,-1.153151e+00,-1.045175e+00,2.617793e-02
-3.162805e+00,1.261951e+01,1.050557e+00,-1.494584e+00,-1.867525e+00,-4.090979e-01
-1.641419e+01,7.276688e+00,1.272351e+01,-2.102095e+00,-3.429690e+00,-1.171198e+00
-7.547808e+00,1.045519e+01,1.453762e+01,-2.573888e+00,-3.459155e+00,-1.144175e+00
4.905871e+00,1.254151e+01,1.234844e+01,-3.770161e+00,1.707722e-02,2.690093e-01
4.776246e+00,7.603154e+00,1.080982e+01,-4.206844e+00,1.598108e+00,1.066898e+00
2.431331e+00,6.607337e+00,1.015701e+01,-3.582321e+00,1.260312e+00,9.301486e-01
9.845099e-01,7.488813e+00,9.344295e+00,-3.322352e+00,5.844463e-01,6.746329e-01
-1.546020e+00,5.169040e+00,7.295544e+00,-2.431591e+00,-1.110211e-02,7.445359e-01
-2.627475e+00,4.162525e+00,6.643943e+00,-1.684486e+00,-1.669556e-01,7.869463e-01
-1.196246e+00,3.044586e+00,5.504664e+00,-2.240945e-01,2.609237e-01,8.189243e-01
2.052330e+00,2.016869e+00,4.550641e+00,6.266258e-01,7.927989e-01,8.484180e-01
3.969374e+00,4.032808e-01,5.189194e+00,1.894893e+00,1.491291e+00,6.748592e-01
3.584378e+00,-2.157688e+00,6.034681e+00,2.737353e+00,1.586011e+00,4.492107e-01
2.682933e+00,-3.794933e+00,7.265599e+00,3.968196e+00,1.029680e+00,-1.990529e-01
1.186742e+00,-5.015608e+00,8.215746e+00,4.446759e+00,6.794467e-01,-4.860167e-01
-1.521604e+00,-6.161124e+00,9.820705e+00,4.658210e+00,-8.813281e-02,-7.346958e-01
1.411569e+00,-4.980454e+00,1.067964e+01,4.510245e+00,-4.323436e-01,-8.907316e-01
2.304514e+00,-1.181770e+01,9.313473e+00,3.553160e+00,-2.322210e-01,-7.959513e-01
1.890073e+01,3.853996e+01,7.071295e+00,2.991865e+00,-1.048793e-01,-8.300862e-01
-1.345113e+01,-5.620542e+00,5.513439e+00,-3.004455e+00,3.507148e-01,2.662853e-01
-1.082759e+01,-1.074712e+01,7.779963e+00,-1.354607e-01,-1.074161e+00,1.770706e+00
8.253471e+00,2.137524e+01,9.507679e+00,7.836164e-01,2.939551e-01,-6.253511e-01
5.370066e+00,8.276886e+00,7.562851e+00,-2.355908e-01,2.174853e+00,1.455917e+00
3.579922e+00,5.254109e+00,3.844912e+00,3.255768e-01,1.430720e+00,5.569208e-01
5.000463e+00,1.022320e+01,4.829343e+00,5.548238e-01,7.529941e-01,4.027079e-01
-1.557554e+00,8.685772e+00,6.308104e+00,7.830942e-02,2.342713e-01,2.558722e-01
-3.457224e+00,8.010457e+00,5.185020e+00,2.424051e-01,-7.010289e-01,-1.894659e-01
5.400153e-01,8.736132e+00,3.623698e+00,3.070906e-01,-1.016769e+00,-1.241361e-01
3.131624e+00,9.230771e+00,3.068443e+00,3.732084e-01,-5.621714e-01,-4.878729e-03
1.933619e+00,7.899565e+00,2.382620e+00,2.654444e-01,9.182647e-02,1.126964e-01
-2.601877e-01,8.362252e+00,2.581846e+00,1.674208e-01,-2.880591e-01,-2.482293e-02
-2.016883e+00,9.750398e+00,2.735584e+00,-4.325813e-02,-1.063997e+00,-2.772272e-01
-1.992190e+00,9.962308e+00,3.223252e+00,-1.599308e-01,-1.171572e+00,-3.308664e-01
-1.039848e+00,9.001273e+00,5.728727e+00,-2.324172e-01,-7.452630e-01,-1.948732e-01
-9.633476e-02,1.073706e+01,6.159358e+00,-2.646700e-01,-4.335910e-01,-6.791803e-02
9.715718e-01,1.126137e+01,5.179397e+00,-2.386683e-01,-1.149934e-01,1.245613e-01
2.848104e+00,1.147577e+01,4.412442e+00,-1.908009e-01,3.465232e-02,2.343421e-01
7.765639e+00,1.281284e+01,1.027020e+00,-1.865908e-01,2.996670e-01,4.557896e-01
6.853104e+00,1.384192e+01,-9.145401e-01,-3.239756e-01,3.716493e-01,5.020998e-01
4.703680e+00,1.431940e+01,-2.845103e+00,-6.789994e-01,-4.897149e-01,3.836300e-01
-1.089594e+00,1.198246e+01,1.912918e+00,-1.085763e+00,-1.391489e+00,8.940222e-02
-1.141068e+01,9.240594e+00,6.106190e+00,-1.827813e+00,-2.856770e+00,-7.767020e-01
-1.585700e+01,8.668438e+00,1.532951e+01,-2.152902e+00,-2.995278e+00,-9.302675e-01
1.967100e+00,1.191822e+01,1.616038e+01,-3.583335e+00,-1.450938e+00,-1.041611e-01
6.533794e+00,1.117952e+01,1.419982e+01,-4.536563e+00,1.007261e+00,9.995414e-01
6.918523e+00,7.337683e+00,1.059542e+01,-4.745501e+00,3.102698e+00,1.659824e+00
3.978044e+00,8.520652e+00,9.237966e+00,-4.266142e+00,2.251748e+00,9.210181e-01
1.824845e+00,7.413879e+00,6.986136e+00,-3.303370e+00,3.855091e-01,2.979575e-01
3.628601e-01,6.460920e+00,5.384288e+00,-2.546086e+00,-2.331967e-01,3.576740e-01
-5.123532e-01,5.047867e+00,5.017647e+00,-6.182331e-01,-5.298947e-01,3.087394e-01
-6.129808e-01,3.866864e+00,4.866846e+00,4.817747e-01,-2.327238e-01,2.090860e-01
-8.979823e-03,1.465264e+00,5.261738e+00,2.056971e+00,5.357250e-01,6.777588e-02
2.154521e+00,-7.272634e-01,7.454538e+00,3.072559e+00,1.147315e+00,8.025590e-02
8.270689e+00,-3.924095e+00,6.828067e+00,4.379979e+00,1.990649e+00,2.450517e-01
9.848960e+00,-5.968235e+00,6.172676e+00,4.851976e+00,2.113408e+00,2.788158e-01
-3.744969e-01,-7.966303e+00,9.849489e+00,4.992544e+00,1.020425e+00,7.840244e-02
-3.766834e+00,-6.654671e+00,1.077013e+01,4.639311e+00,-7.857780e-01,-4.804210e-01
-3.554339e+00,-7.069248e+00,8.381952e+00,3.182743e+00,-2.281225e+00,-1.182626e+00
4.936308e+00,3.745196e+01,1.202690e+01,2.288978e+00,-1.705681e+00,-1.193061e+00
-3.778285e+00,6.232175e+00,7.532992e+00,1.784567e-01,-1.067053e+00,-1.078701e+00
-6.854325e+00,-4.984471e+00,6.083360e+00,-3.004492e+00,1.109925e+00,2.030195e+00
7.082932e+00,1.254449e+01,7.821653e+00,5.059799e-01,4.533448e-01,-3.271808e-01
5.050819e+00,1.375503e+01,6.960869e+00,8.872974e-02,1.245799e+00,3.104442e-01
-1.024815e+00,3.980553e+00,5.545737e+00,-3.139688e-01,7.496390e-01,7.677533e-01
1.406538e+00,9.341335e+00,5.944238e+00,3.510603e-01,4.231842e-02,7.685853e-02
2.865794e+00,8.645840e+00,5.806934e+00,-2.555556e-02,4.505061e-01,3.259481e-01
7.904744e-01,7.735600e+00,5.866525e+00,8.282645e-02,4.991825e-01,1.749596e-01
-1.509840e+00,8.434059e+00,5.547560e+00,1.989512e-01,-5.553979e-01,-5.402701e-02
6.193295e-01,8.960695e+00,4.630040e+00,2.201022e-01,-7.756190e-01,-7.419596e-02
1.258530e+00,8.613355e+00,3.938530e+00,3.091619e-01,-4.173421e-01,1.147171e-03
1.099569e+00,7.838976e+00,3.012210e+00,3.309795e-01,-1.997737e-01,4.483184e-02
4.597378e-02,8.636493e+00,2.577532e+00,2.569123e-01,-3.172472e-01,-5.712898e-02
-2.166780e-01,8.899980e+00,2.455559e+00,1.690704e-01,-4.742754e-01,-1.064686e-01
-6.265097e-01,9.523205e+00,3.060471e+00,7.974932e-03,-5.557977e-01,-1.918626e-01
-4.791083e-01,9.751585e+00,5.166135e+00,-9.816754e-02,-4.285271e-01,-1.379543e-01
7.274316e-01,9.394827e+00,6.862874e+00,-2.427855e-01,-2.184904e-01,-2.305118e-02
1.624245e+00,1.050166e+01,5.627625e+00,-1.824598e-01,-1.320342e-01,-7.655057e-03
2.617677e+00,1.218213e+01,4.075593e+00,-1.548207e-01,-4.904316e-03,1.276765e-01
3.893724e+00,1.250572e+01,3.191068e+00,-1.592065e-01,7.867828e-02,2.312973e-01
5.655491e+00,1.531708e+01,-2.160295e+00,-2.912297e-01,1.421198e-01,3.201322e-01
7.268554e+00,1.914077e+01,-4.477192e+00,-5.230396e-01,-1.519907e-01,3.202090e-01
-2.239099e+00,9.762118e+00,2.311789e-01,-1.098399e+00,-1.152657e+00,-1.226341e-03
-1.164025e+01,7.716661e+00,6.724900e+00,-1.518626e+00,-2.101532e+00,-4.384353e-01
-8.819050e+00,1.490671e+01,1.553852e+01,-2.597897e+00,-2.948008e+00,-8.505626e-01
8.197234e-01,1.286890e+01,1.495829e+01,-3.875515e+00,-1.702139e+00,-3.123193e-01
7.316514e+00,7.693476e+00,1.082046e+01,-4.772392e+00,1.600947e+00,1.165242e+00
6.241330e+00,7.947817e+00,1.016029e+01,-4.398911e+00,2.300823e+00,1.244822e+00
3.068043e+00,8.344937e+00,9.161246e+00,-3.668400e+00,1.144300e+00,5.693046e-01
1.564860e-01,6.882578e+00,7.156528e+00,-3.027061e+00,3.147210e-01,4.970909e-01
-1.314986e+00,4.801041e+00,5.627717e+00,-1.801462e+00,-2.150856e-01,5.600245e-01
-8.320876e-01,4.104261e+00,5.174261e+00,-7.786093e-01,-6.521677e-02,5.955064e-01
2.412999e+00,2.386496e+00,5.140000e+00,1.024505e+00,7.255460e-01,4.926681e-01
4.296701e+00,1.735825e+00,5.512354e+00,1.948970e+00,1.110120e+00,4.126358e-01
4.584113e+00,-2.057071e+00,5.548521e+00,3.138085e+00,1.172902e+00,1.228181e-01
3.269750e+00,-4.052039e+00,6.424578e+00,3.920775e+00,7.525544e-01,-1.524940e-01
-2.480680e+00,-7.142743e+00,9.900083e+00,4.801469e+00,-1.739781e-02,-8.342291e-01
-6.685143e+00,-8.361592e+00,1.031886e+01,4.814017e+00,-5.985063e-01,-9.141881e-01
-2.625036e+00,-5.775977e+00,9.829514e+00,4.370278e+00,-1.278823e+00,-1.104462e+00
-5.136782e+00,-9.067532e+00,1.595532e+01,3.509184e+00,-5.603769e-01,-7.583928e-01
5.710869e+00,2.274144e+01,7.536166e+00,2.113298e+00,5.799396e-01,-3.464367e-01
-3.149575e+00,-5.052793e+00,5.451410e+00,-2.136337e+00,1.371500e+00,5.958122e-01
5.705814e+00,8.056129e+00,7.149449e+00,1.398850e-01,-8.156310e-02,9.905853e-02
6.394072e+00,1.746326e+01,9.998269e+00,-3.527874e-02,7.370166e-01,-3.032306e-02
-9.395398e-01,5.201241e+00,7.050781e+00,-7.329655e-01,7.033443e-01,1.048112e+00
1.366889e+00,7.249575e+00,6.774638e+00,-1.338812e-01,7.278353e-02,-1.047961e-01
2.952186e+00,9.375026e+00,7.165976e+00,-2.476581e-02,2.021859e-01,1.013324e-01
-1.521895e-01,8.156723e+00,7.648037e+00,1.359420e-02,2.687980e-01,-3.595841e-02
-2.520687e+00,8.141641e+00,6.833015e+00,2.300762e-01,-7.395404e-01,-2.165740e-01
-1.328366e+00,8.367644e+00,6.280036e+00,3.663214e-01,-1.009873e+00,-2.454119e-01
4.317134e-01,8.509969e+00,4.224237e+00,5.724025e-01,-4.858899e-01,-3.901420e-02
1.922597e-01,7.788173e+00,2.910690e+00,6.260002e-01,-2.686394e-01,5.376036e-02
-2.391059e-01,7.964851e+00,1.556772e+00,6.422720e-01,-2.180265e-01,8.063019e-02
-8.376719e-02,7.767877e+00,7.578767e-01,5.390890e-01,-2.300000e-01,9.424762e-02
4.179830e-01,7.773949e+00,1.085370e+00,2.804141e-01,-1.784597e-01,9.555556e-02
5.679376e-01,8.240041e+00,2.495563e+00,5.214799e-02,-4.808357e-02,9.233652e-02
5.010498e-01,8.725249e+00,4.403594e+00,-3.441285e-01,6.930795e-03,5.407387e-02
1.295083e+00,9.013050e+00,6.875517e+00,-5.235084e-01,-5.728906e-02,2.848287e-02
1.278983e+00,1.054638e+01,8.148846e+00,-5.795156e-01,-9.269511e-02,-2.476356e-02
8.408873e-01,1.108547e+01,6.995399e+00,-5.133099e-01,-1.024004e-01,-1.991093e-02
9.145198e-01,1.381219e+01,5.716579e+00,-2.765450e-01,-1.810113e-01,6.197395e-02
2.734282e+00,1.554605e+01,2.670280e+00,-1.845423e-01,-2.263488e-01,2.003128e-01
9.051437e+00,1.846804e+01,-2.642480e+00,-2.994657e-01,-2.321387e-02,4.588594e-01
9.002969e+00,1.431298e+01,-4.690024e+00,-4.731964e-01,-1.335223e-01,5.600354e-01
-2.049787e+00,1.116134e+01,-2.083157e-01,-1.180144e+00,-1.220527e+00,-1.005938e-01
-1.330204e+01,5.953131e+00,9.503649e+00,-1.631972e+00,-2.456531e+00,-6.343933e-01
-1.301910e+01,8.194222e+00,1.798698e+01,-2.435623e+00,-3.601821e+00,-1.042777e+00
-1.374877e+00,1.215807e+01,1.516993e+01,-3.411860e+00,-2.364159e+00,-4.740071e-01
7.186492e+00,8.747240e+00,1.127157e+01,-4.770312e+00,2.319233e+00,1.841148e+00
5.200501e+00,6.493337e+00,1.045670e+01,-4.351285e+00,3.098100e+00,1.898218e+00
2.088977e+00,7.651519e+00,9.324724e+00,-3.608390e+00,1.760076e+00,1.005755e+00
7.046584e-02,6.731873e+00,7.792654e+00,-3.209217e+00,8.268064e-01,8.324997e-01
-2.909369e+00,5.024905e+00,6.086494e+00,-1.813181e+00,-1.630015e-01,1.091313e+00
-1.722474e+00,4.010974e+00,5.660662e+00,-9.641520e-01,-2.015470e-01,1.210733e+00
9.968443e-01,2.941583e+00,5.213996e+00,3.636027e-01,4.925519e-01,1.296782e+00
2.978573e+00,2.035355e+00,4.933931e+00,1.262426e+00,1.162556e+00,1.206305e+00
3.027728e+00,4.735326e-01,6.133123e+00,2.646117e+00,1.526681e+00,9.389175e-01
2.489239e+00,-4.861265e-01,7.270244e+00,3.261121e+00,1.301650e+00,6.377754e-01
7.696466e-01,-4.150109e+00,7.654687e+00,4.149691e+00,7.906230e-01,3.458220e-02
-9.809141e-01,-6.882555e+00,8.859931e+00,4.646455e+00,4.257869e-01,-1.987114e-01
-1.624599e+00,-9.305777e+00,8.927944e+00,4.845551e+00,-2.227863e-01,-6.114891e-01
1.338088e+00,-7.357893e+00,9.933279e+00,4.571017e+00,-3.738363e-01,-8.136516e-01
2.225646e+00,1.394972e+01,2.712752e+01,3.194415e+00,4.550926e-02,-8.693109e-01
1.211907e+01,3.158911e+01,3.871532e+00,2.662666e+00,4.487107e-02,-9.402585e-01
-8.718596e+00,-7.397298e+00,5.776582e+00,-4.009165e+00,4.151589e-02,1.308325e+00
-3.566693e+00,1.179900e-02,6.409520e+00,2.376547e-01,-2.044315e+00,2.637632e-01
3.353730e+00,2.210966e+01,1.192593e+01,2.053811e-01,1.474531e-02,-1.174077e-01
2.685001e+00,7.194107e+00,6.704742e+00,-5.942683e-01,1.011627e+00,1.268715e+00
2.201690e+00,5.863522e+00,5.156728e+00,1.743319e-01,1.074075e+00,4.560233e-01
4.708443e+00,1.043811e+01,5.699221e+00,4.809954e-01,5.511393e-01,5.289324e-01
1.119870e+00,8.272453e+00,6.482518e+00,-3.350340e-03,6.155949e-01,4.441233e-01
-1.441918e+00,7.518101e+00,5.885895e+00,1.104203e-01,4.907903e-02,2.216226e-01
-1.092912e+00,9.072817e+00,4.793182e+00,2.759317e-01,-9.318815e-01,8.876311e-04
1.494543e+00,9.008875e+00,3.957721e+00,3.366185e-01,-6.602966e-01,5.883609e-02
1.843490e+00,7.285268e+00,3.558951e+00,3.984667e-01,1.165158e-01,2.227206e-01
2.671155e-01,7.679824e+00,3.204705e+00,3.578973e-01,9.579912e-02,1.934758e-01
-1.557539e+00,8.433864e+00,2.472235e+00,2.228486e-01,-4.041163e-01,1.969799e-02
-6.778362e-01,8.650001e+00,2.436758e+00,1.015118e-01,-6.520076e-01,-1.238503e-02
1.508727e+00,9.137182e+00,3.967318e+00,-1.210087e-01,-2.285845e-01,1.490459e-01
1.689275e+00,9.142534e+00,5.120770e+00,-2.415119e-01,2.085234e-02,2.241400e-01
8.959130e-01,1.014502e+01,7.328854e+00,-3.297574e-01,-3.803118e-02,1.739539e-01
3.936134e-01,1.121842e+01,7.360106e+00,-3.005694e-01,-2.654410e-01,-1.405313e-02
2.210179e+00,1.231534e+01,5.265164e+00,-2.127029e-01,-2.620211e-01,2.343832e-01
3.857220e+00,1.268792e+01,2.752700e+00,-1.396905e-01,1.252234e-01,4.834550e-01
4.626314e+00,1.383242e+01,-2.287635e+00,-1.122542e-01,5.843227e-01,6.433653e-01
7.239681e+00,1.478044e+01,-4.997855e+00,-2.508565e-01,2.609095e-01,6.421047e-01
1.616969e+00,1.150179e+01,7.785139e-02,-9.230935e-01,-6.479332e-01,4.704583e-01
-4.942241e+00,1.094623e+01,4.518754e+00,-1.431413e+00,-1.700068e+00,-1.541296e-02
-2.154064e+01,9.058357e+00,1.319461e+01,-2.138061e+00,-3.262306e+00,-5.382652e-01
-1.139027e+01,9.562219e+00,1.753679e+01,-2.494450e+00,-2.875992e+00,-4.286868e-01
6.795825e+00,1.130079e+01,1.485515e+01,-3.980179e+00,1.332105e+00,1.392017e+00
1.143940e+01,7.513320e+00,1.142136e+01,-4.411033e+00,4.126827e+00,2.826163e+00
7.314138e+00,5.305328e+00,9.894703e+00,-3.811618e+00,4.260895e+00,2.138555e+00
4.418072e+00,6.470168e+00,9.158526e+00,-3.440091e+00,2.716571e+00,1.099875e+00
-5.944212e-01,6.708823e+00,7.952846e+00,-2.613784e+00,4.141015e-02,4.274197e-01
-3.904523e+00,5.044528e+00,7.421687e+00,-1.926564e+00,-7.579868e-01,3.842098e-01
-3.561651e+00,4.311381e+00,6.539697e+00,-4.952362e-01,-9.709366e-01,4.385149e-01
-1.827735e+00,3.113265e+00,6.326720e+00,4.113588e-01,-3.740219e-01,5.539212e-01
1.647010e+00,1.649146e+00,6.490214e+00,1.981322e+00,1.230314e+00,7.104140e-01
4.055491e+00,2.024109e+00,7.105268e+00,2.711533e+00,1.894749e+00,7.059639e-01
4.584620e+00,4.578159e-01,8.160077e+00,3.653963e+00,2.262597e+00,5.377618e-01
3.726454e+00,-3.165021e+00,6.295792e+00,4.307060e+00,1.953804e+00,1.432060e-01
1.424434e+00,-6.237340e+00,8.421180e+00,5.104310e+00,1.021355e+00,-4.556396e-01
-9.787257e-02,-7.172641e+00,9.138988e+00,5.159913e+00,3.751057e-01,-7.659677e-01
1.415088e-01,-7.682905e+00,9.919589e+00,4.459491e+00,-6.186532e-01,-1.241777e+00
3.862726e-01,-7.732813e+00,1.002529e+01,3.538862e+00,-7.116851e-01,-1.224285e+00
-1.506435e+01,1.768073e+01,1.207610e+01,1.623258e+00,-5.863944e-01,-8.355218e-01
8.506779e+00,2.142953e+01,9.737596e+00,1.178489e+00,-5.948681e-01,-4.982277e-01
-5.028924e+00,-9.229297e+00,5.101547e+00,-3.656608e+00,8.674244e-01,-2.905705e-02
-2.060265e+00,-3.781856e+00,6.889372e+00,1.564005e-01,-8.098752e-01,1.347537e+00
3.727182e+00,2.664193e+01,1.136241e+01,-5.744350e-02,-2.440587e-02,-3.865326e-01
1.380964e+00,1.095937e+01,7.172924e+00,-7.598265e-01,8.496439e-01,1.150260e+00
2.783268e+00,2.641158e+00,4.416566e+00,-4.003061e-01,6.835550e-01,5.240907e-01
3.194486e+00,1.060086e+01,6.226564e+00,3.011058e-01,4.824773e-01,4.727382e-01
-1.573995e+00,8.999099e+00,6.610719e+00,-2.809431e-01,2.841269e-01,3.521797e-01
-2.529892e+00,7.225827e+00,5.597365e+00,-1.288552e-01,-3.095755e-01,9.714130e-02
7.300536e-01,8.617858e+00,4.843296e+00,9.769866e-02,-6.279442e-01,1.457685e-01
3.156465e+00,9.570378e+00,4.536295e+00,2.013044e-01,-1.644925e-01,2.150564e-01
2.553069e+00,7.472633e+00,4.438267e+00,1.712786e-01,2.606896e-01,2.508474e-01
3.674293e-01,7.772400e+00,4.141703e+00,1.600602e-01,-2.319866e-02,1.586448e-01
-2.279477e+00,8.588283e+00,3.190376e+00,4.097163e-02,-8.494468e-01,-1.024107e-01
-1.555580e+00,8.888870e+00,2.103920e+00,-1.922924e-02,-1.059888e+00,-1.790311e-01
1.581616e+00,8.792279e+00,1.641939e+00,-1.465879e-01,-5.831090e-01,-4.750081e-02
-1.565870e-01,8.865203e+00,4.293580e+00,-2.416525e-01,-2.276286e-01,4.648048e-02
-7.524006e-01,8.491320e+00,7.160000e+00,-5.413256e-01,-2.611454e-01,8.019305e-02
9.282928e-01,9.022300e+00,8.185923e+00,-5.361108e-01,-4.092710e-01,5.982619e-02
1.127621e+00,1.167470e+01,7.195142e+00,-4.349287e-01,-1.293902e-01,1.809062e-01
1.811611e+00,1.222786e+01,6.035936e+00,-2.859227e-01,-8.777633e-02,1.907421e-01
3.940930e+00,1.361913e+01,3.529407e+00,-7.809250e-02,7.201479e-02,4.160610e-01
5.288456e+00,1.359531e+01,-1.909708e-02,-4.519137e-02,1.746002e-01,4.365294e-01
7.636669e+00,1.451356e+01,-3.920547e+00,-2.499294e-01,-1.278729e-01,5.452782e-01
4.061091e+00,1.010146e+01,-1.417499e+00,-4.732245e-01,-5.115038e-01,4.181926e-01
-2.740641e+00,1.235896e+01,4.692921e+00,-1.240602e+00,-2.113244e+00,-3.213443e-01
-1.164698e+01,1.116162e+01,3.855820e+00,-1.851290e+00,-3.111303e+00,-5.887428e-01
-1.215645e+01,8.613228e+00,1.461537e+01,-2.405912e+00,-3.027292e+00,-6.601153e-01
-2.783916e+00,9.538507e+00,1.579700e+01,-2.969912e+00,-1.990643e+00,-1.543777e-01
8.171190e+00,1.034881e+01,1.312897e+01,-4.158544e+00,2.639822e+00,1.606875e+00
7.885009e+00,7.588713e+00,1.116313e+01,-4.517732e+00,3.697756e+00,1.802767e+00
3.935139e+00,5.626148e+00,9.280974e+00,-3.902285e+00,2.325392e+00,9.964935e-01
2.228153e+00,5.523200e+00,9.106750e+00,-3.402208e+00,1.197972e+00,6.098611e-01
-1.420475e+00,6.134246e+00,7.593770e+00,-2.329811e+00,-3.179162e-01,3.876998e-01
-1.025274e+00,5.470548e+00,6.503699e+00,-1.622199e+00,-5.864390e-01,4.267075e-01
1.313097e+00,3.060095e+00,6.004484e+00,-1.596029e-01,-1.664378e-01,5.444810e-01
2.376078e+00,2.362999e+00,5.648039e+00,8.941171e-01,4.324673e-01,4.472344e-01
2.794289e+00,-8.220963e-01,8.057818e+00,2.710099e+00,1.102739e+00,1.442677e-01
2.846077e+00,-3.880969e+00,7.247758e+00,3.725222e+00,1.107794e+00,-7.578716e-02
2.886095e+00,-8.598339e+00,8.258138e+00,5.221532e+00,8.353675e-01,-4.824103e-01
4.362507e-01,-9.337238e+00,9.673459e+00,5.736273e+00,6.425591e-01,-6.253500e-01
-5.790584e-01,-8.085874e+00,1.047552e+01,5.736957e+00,-3.325375e-01,-8.359238e-01
-8.723539e-01,-1.176505e+01,4.190200e+00,5.254059e+00,-7.879080e-01,-9.290774e-01
3.904277e+00,3.564335e+01,6.548271e+00,3.870483e+00,-4.806219e-01,-6.295984e-01
-6.511813e+00,8.593444e+00,8.361166e+00,2.201773e+00,-7.532601e-01,-6.306638e-02
-1.506184e+00,-9.766911e+00,6.860363e+00,-8.010776e-01,9.124698e-01,2.293772e+00
1.492505e+01,1.604741e+01,1.001240e+01,9.098192e-01,1.630516e+00,7.726756e-01
1.240230e+01,1.195451e+01,7.177568e+00,-5.380011e-01,3.086052e+00,1.421127e+00
2.551131e-01,1.640992e+00,6.233775e+00,-1.169572e+00,2.222989e+00,1.933593e+00
3.249842e-02,1.182250e+01,7.323371e+00,1.570871e-01,-5.268674e-01,-3.332225e-01
-1.649887e+00,1.005258e+01,7.685546e+00,-4.135111e-01,-6.999935e-01,-1.547353e-02
-3.725256e+00,7.782544e+00,6.973463e+00,-6.239799e-03,-7.800283e-01,-1.566950e-01
7.118757e-01,8.286547e+00,4.802733e+00,2.415857e-01,-7.191487e-01,-5.759205e-02
5.541741e+00,8.794265e+00,3.700793e+00,4.416264e-01,4.035765e-01,4.296975e-01
5.728408e+00,8.178999e+00,2.559499e+00,4.881837e-01,7.668752e-01,4.884455e-01
5.425572e-01,8.293454e+00,1.733918e+00,2.701298e-01,3.494207e-01,2.443122e-01
-6.533119e-01,9.310855e+00,-1.174024e+00,9.903813e-02,-4.278209e-01,-3.713950e-02
-2.274015e+00,9.853809e+00,1.382037e+00,-2.774592e-01,-9.805034e-01,-2.376734e-01
-4.206403e-01,5.388916e+00,3.481045e+00,-6.889301e-01,-8.148076e-01,-2.670547e-01
2.488170e+00,6.079592e+00,6.388104e+00,-1.119730e+00,-4.710406e-01,-1.241706e-03
3.457265e+00,5.164986e+00,8.617527e+00,-1.325186e+00,-6.538546e-02,-5.452953e-03
2.838974e+00,7.021637e+00,1.058184e+01,-1.263877e+00,-1.134881e-01,-1.322738e-01
1.226343e+00,8.184467e+00,1.153609e+01,-1.213766e+00,-1.593513e-01,-1.219832e-01
-1.296564e+00,1.116847e+01,1.209153e+01,-7.528691e-01,-5.363983e-01,-2.891912e-01
9.306026e-02,1.290282e+01,9.867364e+00,-4.094471e-01,-5.982936e-01,-1.822434e-01
5.003744e+00,1.498829e+01,5.121210e+00,2.131877e-01,-6.266694e-02,4.334984e-02
6.403678e+00,1.649548e+01,2.257501e+00,4.763523e-01,3.441637e-01,3.037314e-01
9.262039e+00,1.223165e+01,-1.291089e+00,6.072376e-01,1.321924e-01,4.713522e-01
7.012479e+00,8.098666e+00,-1.064335e+00,5.128490e-01,-6.595564e-01,4.415607e-01
-3.207721e+00,8.278545e+00,1.632891e+00,-9.747597e-03,-2.855058e+00,-3.499992e-01
-1.405845e+01,4.303339e+00,5.320369e+00,-5.379136e-01,-4.088808e+00,-8.140250e-01
-1.004028e+01,7.531915e+00,8.678694e+00,-1.649444e+00,-4.943659e+00,-1.092400e+00
-4.586425e+00,1.037264e+01,1.102323e+01,-2.609969e+00,-3.097098e+00,-5.418877e-01
3.923381e+00,1.009855e+01,9.405012e+00,-4.109163e+00,6.795633e-01,9.487437e-01
5.620004e+00,8.382188e+00,8.213192e+00,-4.250388e+00,1.954804e+00,1.394629e+00
4.547483e+00,6.054591e+00,7.216541e+00,-3.627839e+00,2.505609e+00,1.485673e+00
3.863164e+00,6.198488e+00,6.671008e+00,-2.839563e+00,1.694169e+00,9.378170e-01
4.324633e+00,6.959304e+00,5.687288e+00,-2.055493e+00,1.131967e+00,5.892971e-01
4.141121e+00,8.419341e+00,4.619057e+00,-1.448797e+00,8.127490e-01,4.658971e-01
1.992592e+00,7.738282e+00,5.588905e+00,-6.412881e-01,3.210143e-01,2.841794e-01
8.126591e-02,5.750028e+00,6.654865e+00,8.025606e-01,-2.470730e-01,1.089115e-01
3.250589e-01,6.099325e+00,7.102144e+00,2.183407e+00,-2.135702e-01,-2.297661e-01
1.828685e+00,5.892398e+00,8.255648e+00,2.793977e+00,1.382440e-01,-2.630826e-01
3.645004e+00,5.203289e+00,8.614739e+00,4.263989e+00,7.727385e-01,-2.154330e-01
4.170989e+00,5.085835e+00,9.513954e+00,4.995614e+00,8.502295e-01,-2.828500e-01
3.991782e+00,5.107478e+00,1.134822e+01,5.939367e+00,5.748875e-01,-4.302994e-01
2.915030e+00,5.088467e+00,1.160664e+01,6.407626e+00,3.485443e-01,-6.191237e-01
8.352694e-02,4.485631e+00,9.973475e+00,6.872480e+00,-4.045358e-02,-8.854084e-01
8.418093e-02,5.036357e+00,9.298117e+00,6.588566e+00,-5.023982e-02,-8.829021e-01
-2.197108e+00,6.778314e-01,5.331807e+00,5.315068e+00,1.751768e-01,-6.328010e-01
-2.908846e+00,-9.038164e-01,3.795355e+00,4.334251e+00,2.040206e-01,-5.138192e-01
-1.528070e+00,-3.028436e+00,6.432758e+00,1.621688e+00,4.521223e-01,1.467467e-01
1.008847e+00,3.414296e+00,1.038267e+01,-2.184345e-01,1.080322e+00,3.376864e-01
1.223179e+01,3.171562e+01,-6.751696e+00,-2.218640e+00,1.747477e+00,4.919565e-01
5.997920e-01,1.758102e+01,4.973828e+00,-1.841732e+00,1.970755e+00,6.469683e-01
-3.718155e+00,-2.647239e+00,9.224885e+00,-3.951016e-01,6.500791e-01,-9.016550e-02
4.943288e+00,7.567145e+00,9.491879e+00,-1.760613e+00,5.722669e-01,-4.765295e-01
1.932483e+00,1.214064e+01,5.563780e+00,-2.273140e+00,1.674468e+00,4.055545e-01
-3.182039e+00,8.452019e+00,5.816400e+00,-1.567811e+00,4.079445e-01,-3.119394e-02
-3.859417e+00,8.299813e+00,2.685490e+00,-1.023651e+00,-7.793738e-02,-1.599029e-01
1.833578e+00,1.122903e+01,2.109682e+00,-9.222062e-01,6.478842e-01,1.378465e-01
1.720996e+00,7.483735e+00,2.311577e+00,-9.017521e-01,1.264026e+00,2.603553e-01
7.081763e-01,7.486579e+00,2.832743e+00,-9.592081e-01,6.344389e-01,1.135469e-01
2.609829e+00,9.115926e+00,2.441353e+00,-1.132069e+00,7.603070e-02,3.792128e-02
2.098866e+00,8.497429e+00,1.973239e+00,-1.252428e+00,2.008724e-02,-6.373822e-03
3.407615e-01,8.900275e+00,2.676067e+00,-1.423959e+00,-5.052355e-01,-1.767856e-01
-1.513467e+00,8.854831e+00,4.654681e+00,-1.594010e+00,-8.049855e-01,-2.665309e-01
-6.474507e-01,8.832846e+00,7.012008e+00,-1.671096e+00,-8.650978e-01,-2.732809e-01
2.219759e+00,8.896886e+00,6.544771e+00,-1.600610e+00,-5.460324e-01,-1.486969e-01
1.648503e+00,8.783385e+00,5.087860e+00,-1.422061e+00,-1.426212e-01,-5.880382e-02
-3.110395e-01,8.160645e+00,3.435406e+00,-1.387861e+00,-2.463330e-01,4.409776e-02
1.235728e+00,9.022567e+00,9.696382e-02,-1.439217e+00,-2.588568e-01,2.518511e-01
4.104414e+00,9.973854e+00,-1.653574e+00,-1.672104e+00,-9.624599e-02,3.748769e-01
3.576781e+00,9.932225e+00,8.418349e-01,-2.312646e+00,-4.615452e-01,2.730529e-01
4.158306e+00,1.271962e+01,-6.232585e-01,-2.788589e+00,-1.023634e+00,1.449587e-01
4.548658e+00,1.764980e+01,-1.762428e+00,-3.620286e+00,-1.711499e+00,2.343392e-01
-2.579391e+00,1.635091e+01,1.260101e+01,-4.034220e+00,-2.327067e+00,2.134342e-01
-9.374901e+00,2.205585e+01,1.716868e+01,-4.362563e+00,-4.091673e+00,-2.395466e-01
-1.017837e+01,1.669716e+01,1.639531e+01,-4.231862e+00,-3.481142e+00,-4.871358e-01
4.730472e+00,4.762608e+00,1.005962e+01,-1.743001e+00,-9.138740e-01,-7.989143e-03
6.462441e+00,9.333118e+00,8.873663e+00,-7.957444e-01,1.184726e+00,3.508811e-01
4.320080e+00,5.581913e+00,9.569224e+00,2.801921e-01,1.703200e+00,-1.242335e-01
4.079002e+00,2.739307e+00,7.011100e+00,1.671596e+00,1.410087e+00,-5.865399e-01
3.693054e+00,1.879161e+00,8.008490e+00,3.388117e+00,1.441801e+00,-5.417269e-01
4.457737e+00,1.630730e+00,8.065742e+00,4.127263e+00,1.658274e+00,-7.314288e-01
4.497205e+00,2.931614e+00,9.809106e+00,5.187342e+00,1.909182e+00,-7.228211e-01
4.351121e+00,3.241557e+00,1.103838e+01,5.793018e+00,1.740762e+00,-6.243469e-01
5.423650e+00,4.784423e+00,1.453193e+01,7.052817e+00,1.146222e+00,-4.003553e-01
7.272596e+00,9.793661e+00,1.138665e+01,7.727327e+00,8.105131e-01,-1.558544e-01
-1.509184e+00,4.745477e+00,6.970414e+00,8.032191e+00,3.229156e-02,2.306992e-01
-1.263404e+01,2.070896e-01,6.534491e+00,7.496481e+00,-5.373495e-01,-2.768644e-01
-1.979213e+00,-1.260059e+01,-1.973935e+00,4.800242e+00,-1.918375e-01,-8.138521e-01
1.945240e+00,-7.566714e+00,3.572832e+00,2.405026e+00,1.650717e+00,-1.174987e-01
2.293537e+01,3.941000e+01,-1.963806e+00,-2.672726e+00,2.132021e+00,4.337437e-01
6.939102e-01,6.262215e+00,6.108316e+00,-3.742287e+00,1.722665e+00,3.864591e-01
-5.613826e+00,-3.830354e+00,1.288961e+01,-1.452381e+00,-5.993762e-01,-1.077576e+00
-1.005295e+01,1.068145e+01,1.569705e+01,-2.730189e+00,-7.243482e-01,-9.066038e-01
3.044975e+00,1.616840e+01,8.203260e+00,-2.999092e+00,9.496051e-01,4.932181e-02
6.417049e+00,5.507818e+00,5.622012e+00,-2.269485e+00,1.540429e+00,-5.131406e-02
2.379889e+00,9.912833e+00,3.610389e+00,-1.054550e+00,1.622632e+00,2.714544e-01
3.927613e+00,1.169159e+01,2.684243e+00,-1.283658e+00,1.136140e+00,2.750066e-01
-5.403085e-01,8.187108e+00,2.479716e+00,-1.155941e+00,4.054741e-01,-2.219871e-02
-1.087397e+00,7.244681e+00,2.413245e+00,-1.209699e+00,-2.912890e-01,-2.300134e-01
6.715168e-01,9.216067e+00,1.260000e+00,-1.254421e+00,-5.868850e-01,-2.882103e-01
7.907404e-02,7.248272e+00,1.417284e+00,-1.378861e+00,-5.415262e-01,-2.257769e-01
-1.899847e+00,8.901613e+00,3.494840e+00,-1.510879e+00,-8.061978e-01,-3.703804e-01
2.045297e-01,8.534905e+00,5.010850e+00,-1.671743e+00,-9.095939e-01,-4.212414e-01
2.613689e+00,9.276725e+00,6.362536e+00,-1.712889e+00,-5.484231e-01,-2.969860e-01
2.227987e+00,9.193378e+00,4.518546e+00,-1.660741e+00,-3.948163e-01,-2.596730e-01
1.937728e+00,9.290529e+00,-7.307939e-01,-1.664656e+00,-4.395082e-01,-6.164883e-02
1.737259e+00,1.057030e+01,-1.938467e+00,-1.806711e+00,-5.050900e-01,5.429791e-02
-3.739541e-01,9.518726e+00,1.283365e+00,-2.519134e+00,-1.013183e+00,5.350645e-02
6.412390e+00,1.026709e+01,6.525234e-01,-2.979301e+00,-1.295544e+00,4.847082e-02
8.728414e+00,1.965891e+01,-3.824617e+00,-3.587916e+00,-1.042265e+00,3.221791e-01
2.197403e+00,1.751792e+01,1.699612e+00,-4.091051e+00,-1.535378e+00,3.295088e-01
-8.864876e+00,1.995516e+01,1.763341e+01,-4.642483e+00,-3.864132e+00,-2.260625e-01
-1.326552e+01,2.380150e+01,1.846599e+01,-4.779548e+00,-4.863129e+00,-3.768721e-01
-5.258093e+00,3.332354e+00,1.962706e+01,-3.140202e+00,-2.353674e+00,6.511397e-02
7.891494e+00,7.004483e+00,9.270258e+00,-9.710256e-01,-1.527704e-01,6.531992e-01
7.050113e+00,7.698736e+00,1.076790e+01,-2.244776e-01,2.284846e+00,6.766075e-01
5.957274e+00,4.248376e+00,9.371648e+00,1.090332e+00,1.935336e+00,1.285674e-01
4.151788e+00,1.013110e+00,7.775771e+00,3.148900e+00,1.290683e+00,-4.663924e-01
2.715563e+00,7.615499e-01,9.383891e+00,4.194028e+00,1.009329e+00,-7.013856e-01
2.650699e+00,1.634449e+00,9.777501e+00,5.180169e+00,1.067348e+00,-1.166865e+00
3.760286e+00,2.923861e+00,1.083552e+01,5.889098e+00,1.250862e+00,-1.207493e+00
5.541417e+00,3.798483e+00,1.475435e+01,6.921517e+00,1.409699e+00,-1.125003e+00
5.866845e+00,5.828715e+00,1.122572e+01,7.753891e+00,1.239202e+00,-1.013178e+00
2.657776e+00,9.686460e+00,9.852756e+00,8.408889e+00,4.980935e-01,-5.931402e-01
-1.355231e+01,1.317745e+00,5.881644e+00,7.911528e+00,-1.308481e-01,-4.137299e-01
-6.914451e+00,-1.343341e+01,-9.970664e-01,5.774426e+00,-1.237922e-01,-5.951583e-01
4.417197e+00,-1.183993e+01,1.264593e+00,3.935070e+00,1.929248e+00,-3.995209e-01
9.198108e+00,3.922416e+01,-3.786857e+00,-1.342186e+00,3.344139e+00,8.668765e-01
1.299865e+01,2.560718e+01,4.205051e+00,-3.732594e+00,2.228680e+00,4.588813e-01
2.641729e+00,-5.337467e+00,1.177072e+01,-1.848895e+00,1.253945e+00,1.102351e-01
4.543097e-01,-2.215717e-01,1.104152e+01,-3.073383e+00,5.171669e-01,-8.010398e-01
-3.660247e+00,2.025473e+01,1.428983e+01,-3.257476e+00,1.055250e+00,2.770486e-01
6.505264e-01,1.050066e+01,8.107816e+00,-3.138166e+00,4.303869e-01,-4.807235e-01
-1.715786e-01,6.571681e+00,5.183683e+00,-1.811100e+00,5.482564e-01,1.029100e-01
-4.999303e-01,1.075869e+01,6.009803e+00,-1.541563e+00,6.165897e-01,1.498154e-01
4.843702e+00,1.107330e+01,5.368975e+00,-1.452134e+00,1.238996e+00,3.255532e-01
1.433927e+00,7.008822e+00,4.083649e+00,-1.258359e+00,1.145196e+00,2.491427e-01
1.708419e-01,9.591684e+00,4.128211e+00,-1.069234e+00,2.971955e-02,-4.433085e-02
9.343332e-01,1.034998e+01,3.678365e+00,-1.069736e+00,-9.692279e-02,-7.077692e-02
2.041906e+00,9.078433e+00,2.111280e+00,-1.052283e+00,1.079564e-01,-9.885573e-02
8.191566e-01,8.616739e+00,1.998840e+00,-1.064243e+00,-7.574570e-02,-1.835623e-01
-2.940010e-01,8.099066e+00,3.031998e+00,-1.228859e+00,-6.282227e-01,-3.475450e-01
-6.185717e-02,8.685655e+00,3.892809e+00,-1.376331e+00,-7.772291e-01,-3.852605e-01
1.518546e+00,7.690138e+00,2.427468e+00,-1.582544e+00,-6.044885e-01,-1.669945e-01
2.686159e+00,8.564916e+00,-3.680829e-02,-1.722992e+00,-4.593765e-01,-6.450414e-03
1.856624e+00,9.599402e+00,5.914155e-01,-2.164025e+00,-6.772459e-01,1.190734e-01
-5.171502e-01,9.676512e+00,1.633430e+00,-2.572252e+00,-1.098771e+00,5.558177e-02
6.853197e+00,1.111777e+01,-1.571755e+00,-3.221954e+00,-1.680654e+00,1.137158e-01
1.451240e+01,1.290728e+01,-4.715981e+00,-3.567637e+00,-1.388658e+00,2.953109e-01
5.196598e+00,1.257051e+01,7.393978e+00,-4.367919e+00,-2.113702e+00,-3.344390e-02
-1.534636e+01,3.028677e+01,2.611233e+01,-4.790974e+00,-4.218687e+00,-6.897038e-01
-2.714417e+01,9.182618e+00,2.001407e+01,-4.928081e+00,-6.403168e+00,-1.345374e+00
-6.837061e+00,3.107970e+00,1.868317e+01,-3.396083e+00,-3.826038e+00,-1.890075e-01
8.012938e+00,1.210020e+01,1.568759e+01,-1.372121e+00,2.575755e+00,2.404040e+00
1.308048e+01,7.347648e+00,1.282846e+01,-6.330842e-01,4.430510e+00,1.991389e+00
1.197054e+01,2.097428e+00,7.281441e+00,2.189734e+00,4.236121e+00,1.545717e+00
6.659705e+00,1.413842e+00,9.828596e+00,3.529245e+00,3.015440e+00,1.165807e+00
3.015605e+00,2.240809e+00,1.160722e+01,4.871840e+00,9.954147e-01,-1.559497e-01
3.713565e+00,1.777719e+00,1.096384e+01,5.755080e+00,8.764398e-01,-6.197935e-01
6.336375e+00,1.942422e+00,1.349622e+01,7.218470e+00,1.224442e+00,-8.991095e-01
8.941488e+00,3.720507e+00,1.506618e+01,7.880947e+00,1.216479e+00,-8.466544e-01
2.903890e+00,3.564774e+00,1.290121e+01,8.831119e+00,2.994785e-01,-6.330472e-01
-5.783475e+00,3.207092e+00,9.873064e+00,8.992195e+00,-8.444291e-01,-7.702778e-01
-2.103014e+01,-5.048580e+00,7.545762e+00,7.199007e+00,-1.247286e+00,-1.088107e+00
-8.998172e+00,-1.261527e+01,5.582661e+00,5.500439e+00,-8.757881e-02,-7.345205e-01
9.902630e+00,6.807751e+00,7.038863e-01,1.784680e+00,3.989635e+00,6.918964e-01
2.985067e+01,3.817793e+01,-9.379752e+00,-9.939756e-01,4.830205e+00,1.368357e+00
-1.739301e+00,-2.071321e-01,1.402140e+01,-2.673603e+00,2.961574e+00,8.953189e-01
6.938230e-01,-9.775397e+00,1.235154e+01,-3.218036e+00,-4.125814e-01,-8.747964e-01
-1.930768e+00,1.617832e+01,1.722917e+01,-3.297154e+00,-2.079934e-01,-4.883955e-01
-5.776269e-01,2.460687e+01,1.179145e+01,-3.337825e+00,-2.177127e-01,-3.383188e-01
-4.657891e+00,4.852379e+00,6.687741e+00,-1.934790e+00,4.417414e-01,-1.202062e-01
3.281617e+00,7.749972e+00,4.889248e+00,-1.113650e+00,1.021715e+00,2.958787e-01
8.051854e+00,1.205877e+01,3.115335e+00,-9.399687e-01,2.447190e+00,5.383986e-01
3.854640e+00,9.296235e+00,2.324161e+00,-8.682631e-01,1.960413e+00,3.530586e-01
-2.114886e+00,8.530573e+00,3.062443e+00,-8.099017e-01,-2.766984e-01,-1.450798e-01
4.589180e-01,1.068358e+01,2.486269e+00,-8.611714e-01,-6.818483e-01,-3.113674e-01
1.796594e+00,9.334642e+00,1.457661e+00,-9.691991e-01,-1.773863e-01,-2.628220e-01
6.352108e-01,8.446106e+00,1.402596e+00,-9.745701e-01,-7.313383e-02,-2.755556e-01
-2.812967e+00,7.680904e+00,3.524324e+00,-1.143957e+00,-5.649237e-01,-4.068837e-01
-1.763278e+00,8.101200e+00,4.439392e+00,-1.287152e+00,-7.625078e-01,-4.609252e-01
2.637881e+00,8.244588e+00,5.472575e+00,-1.431898e+00,-3.413703e-01,-2.882744e-01
2.654821e+00,7.931326e+00,4.008800e+00,-1.432244e+00,-5.554704e-02,-1.771586e-01
3.017968e-01,8.350928e+00,3.343643e+00,-1.450605e+00,-2.539943e-01,-1.722850e-01
1.803814e+00,9.748575e+00,2.259997e+00,-1.567317e+00,-5.416085e-01,-1.447420e-01
-3.260828e-01,1.035880e+01,2.506083e+00,-1.906592e+00,-6.969873e-01,-1.007918e-01
4.325708e-01,1.078148e+01,2.430097e+00,-2.143889e+00,-9.460420e-01,-8.931875e-02
6.483364e+00,1.116701e+01,5.929160e-01,-2.586371e+00,-1.187026e+00,-3.034066e-03
9.434292e+00,1.700712e+01,-4.172457e+00,-2.892276e+00,-1.230913e+00,-3.035934e-02
1.229407e-01,1.259359e+01,2.619991e+00,-3.675505e+00,-2.443067e+00,-3.319689e-01
-5.976812e+00,1.563988e+01,1.359267e+01,-3.969651e+00,-3.533159e+00,-6.527795e-01
-1.284013e+01,2.174068e+01,1.892174e+01,-4.511716e+00,-4.993023e+00,-6.777400e-01
-8.973455e+00,1.083214e+01,1.673380e+01,-4.154874e+00,-3.578438e+00,-6.962972e-01
7.816653e+00,7.169712e+00,9.392514e+00,-1.504488e+00,7.908018e-02,5.514865e-01
7.940003e+00,7.452286e+00,9.892806e+00,-8.265354e-01,1.817805e+00,5.901381e-01
6.357213e+00,4.422811e+00,8.629828e+00,4.915757e-01,1.989009e+00,-5.430886e-02
4.562701e+00,1.801621e+00,7.149532e+00,1.951763e+00,1.493720e+00,-5.903956e-01
3.397102e+00,2.970285e+00,8.262755e+00,3.401023e+00,1.064757e+00,-1.032597e+00
3.149250e+00,3.252379e+00,8.296917e+00,3.938400e+00,1.153571e+00,-1.310277e+00
4.729049e+00,3.492104e+00,9.786628e+00,5.249552e+00,1.555179e+00,-1.440677e+00
6.422650e+00,4.472438e+00,1.140134e+01,6.011604e+00,1.610689e+00,-1.421631e+00
7.976895e+00,6.030964e+00,1.335707e+01,7.008270e+00,1.178314e+00,-1.179191e+00
8.172436e+00,9.488745e+00,1.137210e+01,7.603166e+00,6.661785e-01,-9.931395e-01
-4.703782e+00,4.904053e+00,7.558035e+00,7.848853e+00,-6.009399e-01,-7.451795e-01
-1.827397e+01,-1.564822e+00,6.263233e+00,7.292971e+00,-1.316653e+00,-1.069670e+00
-4.566771e+00,-1.346004e+01,-1.314952e-02,5.041618e+00,-5.789763e-01,-7.917037e-01
8.508149e+00,4.302259e+00,3.965350e+00,2.574949e+00,2.682908e+00,2.986400e-01
3.242611e+01,3.386846e+01,-3.941649e+00,-2.580564e+00,3.854578e+00,1.265048e+00
1.934606e+00,9.079376e-03,7.254680e+00,-2.860400e+00,2.751517e+00,1.096136e+00
-2.439894e+00,-3.102610e+00,1.199313e+01,-2.560765e+00,-1.994136e+00,-1.470871e+00
-1.123775e+01,8.241459e+00,1.614298e+01,-3.082693e+00,-2.186962e+00,-9.884101e-01
-5.930553e+00,1.641825e+01,9.345105e+00,-3.288511e+00,-1.462267e+00,-4.826996e-01
-1.762549e+00,5.528361e+00,6.045436e+00,-2.675216e+00,-2.463882e-01,-2.077912e-01
4.126094e+00,8.542125e+00,4.851978e+00,-1.158129e+00,1.763612e+00,6.257464e-01
6.818292e+00,1.161547e+01,3.468490e+00,-1.223268e+00,2.218824e+00,7.032657e-01
1.865521e+00,8.416541e+00,3.330576e+00,-1.052438e+00,1.192394e+00,3.687415e-01
-2.423757e+00,8.627615e+00,3.547996e+00,-1.009739e+00,-4.385125e-02,-1.160223e-02
-1.892781e+00,1.002289e+01,3.070512e+00,-1.055782e+00,-1.051286e+00,-2.787503e-01
8.797388e-01,8.744980e+00,1.585785e+00,-1.068656e+00,-6.514215e-01,-1.322346e-01
-5.433935e-01,8.310000e+00,1.518832e+00,-1.073973e+00,-1.079462e-01,-1.075759e-02
-2.357702e+00,8.654936e+00,2.819661e+00,-1.181978e+00,-4.391382e-01,-8.013011e-02
2.445690e+00,8.893137e+00,5.027846e+00,-1.347360e+00,-7.117451e-01,-2.113273e-01
3.323764e+00,8.854888e+00,5.966498e+00,-1.428183e+00,-5.076989e-01,-1.432170e-01
1.770883e+00,9.175346e+00,4.557136e+00,-1.437325e+00,-3.759673e-01,-1.186861e-01
4.118754e-01,8.105628e+00,1.651239e+00,-1.466855e+00,-6.046759e-01,-9.744804e-02
1.052071e+00,1.040517e+01,-2.311265e-02,-1.645385e+00,-7.231739e-01,8.298845e-02
4.288699e-01,1.043611e+01,1.286695e+00,-1.922731e+00,-7.284591e-01,1.385807e-01
4.385820e+00,1.061421e+01,2.581567e+00,-2.556211e+00,-1.051943e+00,1.003407e-01
7.274618e+00,1.204261e+01,1.127454e-01,-2.916694e+00,-1.078229e+00,1.942580e-01
7.670170e+00,1.619878e+01,-3.134638e+00,-3.416462e+00,-1.282931e+00,2.506646e-01
-3.381648e+00,1.365993e+01,9.990471e+00,-3.834100e+00,-2.185875e+00,8.497238e-02
-1.254708e+01,2.534635e+01,1.821026e+01,-4.336382e+00,-4.535659e+00,-5.823556e-01
-1.577859e+01,2.142584e+01,1.826127e+01,-4.451641e+00,-4.789470e+00,-5.564501e-01
1.977939e+00,3.013006e+00,1.163479e+01,-2.458998e+00,-2.068661e+00,-9.366627e-03
7.861737e+00,7.902189e+00,8.247155e+00,-7.106526e-01,7.328262e-01,1.000103e+00
6.632051e+00,5.953447e+00,1.037410e+01,4.685536e-02,2.321090e+00,8.265682e-01
4.702765e+00,3.021921e+00,7.341443e+00,1.372803e+00,1.843461e+00,2.358726e-01
2.380000e+00,2.151818e+00,8.921427e+00,3.017483e+00,1.246778e+00,-1.781449e-01
2.297718e+00,2.090761e+00,9.366847e+00,3.771173e+00,1.099160e+00,-4.351037e-01
3.214263e+00,2.881159e+00,9.670904e+00,4.989773e+00,1.393792e+00,-8.744406e-01
4.689363e+00,4.089713e+00,1.121813e+01,5.815985e+00,1.593697e+00,-8.883641e-01
7.021409e+00,5.129251e+00,1.429122e+01,6.976952e+00,1.470273e+00,-8.828534e-01
8.066702e+00,1.011216e+01,1.062438e+01,7.639078e+00,1.177108e+00,-8.204192e-01
-2.522555e+00,4.731682e+00,7.605054e+00,8.169219e+00,2.454201e-01,-6.069905e-01
-1.155292e+01,2.263068e+00,6.244173e+00,7.812107e+00,-4.637355e-01,-8.094386e-01
-1.000390e+01,-1.195690e+01,8.410783e-01,5.698759e+00,-6.249642e-01,-7.491983e-01
4.811468e+00,-3.218338e+00,3.982188e+00,3.568616e+00,1.880903e+00,-2.822877e-01
1.786684e+01,3.119159e+01,-1.989952e+00,-1.288909e+00,3.931465e+00,1.094674e+00
9.671408e+00,7.556699e+00,4.360337e+00,-3.016480e+00,3.035933e+00,8.466351e-01
1.199890e-01,-2.975131e+00,1.064081e+01,-2.625462e+00,4.664794e-01,-5.483723e-01
-5.513302e+00,2.989239e+00,1.235839e+01,-3.282023e+00,-7.059455e-01,-8.050349e-01
-7.725155e+00,2.083452e+01,1.287050e+01,-2.963920e+00,-1.237890e+00,-4.870260e-01
-2.232137e+00,7.812706e+00,6.475392e+00,-2.777517e+00,-8.659878e-01,-5.753548e-01
1.135727e+00,7.505654e+00,4.367031e+00,-1.296646e+00,1.179564e+00,3.865305e-01
3.487289e+00,1.148586e+01,4.703678e+00,-1.198014e+00,1.763424e+00,5.372387e-01
5.480719e+00,9.229228e+00,2.939779e+00,-1.087086e+00,1.873842e+00,5.119674e-01
1.575541e+00,7.755790e+00,2.920262e+00,-1.008413e+00,1.136071e+00,2.470447e-01
-6.505233e-01,1.093157e+01,3.269110e+00,-1.052631e+00,-3.548818e-01,-1.700808e-01
4.891783e-01,1.004649e+01,2.500625e+00,-1.117931e+00,-3.856339e-01,-1.599764e-01
1.484462e+00,8.328849e+00,1.873237e+00,-1.137077e+00,-1.414442e-01,-1.566038e-01
1.228000e-01,8.791241e+00,2.343824e+00,-1.161927e+00,-2.811225e-01,-1.944366e-01
-7.836551e-01,7.858536e+00,4.060490e+00,-1.384763e+00,-7.661691e-01,-2.805749e-01
5.040654e-01,8.321303e+00,5.190128e+00,-1.490300e+00,-7.824718e-01,-2.827091e-01
1.534250e+00,8.912156e+00,4.742916e+00,-1.546632e+00,-3.705949e-01,-1.264257e-01
1.760104e+00,8.494353e+00,2.954925e+00,-1.598754e+00,-1.715150e-01,2.964325e-02
1.901176e+00,8.871931e+00,1.197229e+00,-1.715017e+00,-2.876003e-01,1.456667e-01
1.974284e+00,9.622694e+00,7.019687e-01,-1.916011e+00,-5.025206e-01,1.641016e-01
1.911648e+00,9.943740e+00,1.642830e+00,-2.434119e+00,-9.581435e-01,7.750680e-02
2.927831e+00,1.257134e+01,-1.876884e-01,-2.757740e+00,-1.189743e+00,1.143297e-01
3.591320e+00,1.717074e+01,-1.610374e+00,-3.291284e+00,-1.265268e+00,2.996873e-01
4.277319e-01,1.446979e+01,5.132071e+00,-3.678519e+00,-1.737788e+00,3.159255e-01
-2.707005e+00,1.967191e+01,1.469118e+01,-4.158223e+00,-2.923091e+00,-2.079344e-01
-6.789581e+00,1.838149e+01,1.620996e+01,-4.272919e+00,-3.285231e+00,-3.531143e-01
2.874507e+00,4.418067e+00,1.017459e+01,-2.630008e+00,-1.955004e+00,-2.927250e-01
5.925274e+00,9.179494e+00,7.694726e+00,-1.242351e+00,-6.560176e-01,9.962292e-03
2.417300e+00,5.608343e+00,1.062454e+01,-7.104242e-01,8.169624e-01,7.386831e-02
2.745570e+00,3.320010e+00,8.141819e+00,8.391714e-01,7.466563e-01,-4.691813e-01
2.943885e+00,2.865555e+00,8.027788e+00,2.638426e+00,1.160700e+00,-6.605690e-01
3.036450e+00,2.757160e+00,8.842779e+00,3.432240e+00,1.468031e+00,-7.828342e-01
4.128992e+00,2.769979e+00,9.368950e+00,4.691757e+00,1.858858e+00,-9.205155e-01
5.119548e+00,3.020455e+00,9.980910e+00,5.463907e+00,1.945301e+00,-8.245145e-01
6.407691e+00,4.422591e+00,1.232644e+01,6.567154e+00,1.672562e+00,-6.676153e-01
6.723662e+00,7.290549e+00,1.211300e+01,7.239998e+00,1.154270e+00,-5.351204e-01
-1.705955e+00,6.038217e+00,8.002446e+00,7.964040e+00,1.469221e-01,-3.340172e-01
-1.021815e+01,4.082381e+00,6.169209e+00,7.873850e+00,-4.588633e-01,-3.415442e-01
-9.652114e+00,-8.917812e+00,5.025242e+00,6.369091e+00,-6.349188e-01,-6.500761e-01
1.856472e+00,-1.068962e+01,2.403807e-01,4.278986e+00,1.240244e+00,-2.709506e-01
9.350858e+00,-4.590615e-01,9.883034e+00,1.191231e-01,3.711045e+00,9.510403e-01
2.684644e+01,3.937175e+01,-7.045112e+00,-2.485478e+00,2.912854e+00,8.479679e-01
-1.487829e+00,5.374879e-01,6.055359e+00,-3.549707e+00,9.073480e-01,2.611391e-01
-1.355765e+01,-3.370752e-02,1.293721e+01,-1.629099e-01,-4.994393e-01,-3.592254e-01
-3.678961e+00,1.524159e+01,1.139816e+01,-3.015507e+00,-1.120091e+00,-3.648178e-01
3.287065e+00,1.220486e+01,5.602966e+00,-3.425842e+00,1.068243e+00,2.495542e-01
5.516691e+00,7.873318e+00,5.576673e+00,-1.882698e+00,2.380959e+00,4.427179e-01
1.323262e+00,9.674265e+00,3.605520e+00,-1.495455e+00,1.558819e+00,3.119704e-01
9.824161e-01,1.008692e+01,4.190785e+00,-1.396673e+00,4.309451e-01,8.634528e-02
3.193143e-01,9.131464e+00,4.581163e+00,-1.322396e+00,2.697898e-01,2.513185e-03
1.329154e+00,9.349744e+00,4.500179e+00,-1.307775e+00,-2.889199e-02,-9.320850e-02
3.076409e+00,9.820715e+00,3.832864e+00,-1.262653e+00,9.936568e-03,-4.913014e-02
3.123203e+00,8.444401e+00,2.758342e+00,-1.210767e+00,7.596019e-02,-3.346248e-02
-1.142055e+00,8.609110e+00,2.496256e+00,-1.196193e+00,-3.714418e-01,-1.942876e-01
-3.150900e+00,7.987659e+00,3.394358e+00,-1.281887e+00,-1.054352e+00,-3.713162e-01
-1.120682e+00,7.525450e+00,4.032430e+00,-1.364414e+00,-1.068524e+00,-3.611055e-01
2.424279e+00,9.235134e+00,4.364235e+00,-1.373029e+00,-3.610164e-01,-1.807592e-01
1.873187e+00,8.745035e+00,2.286751e+00,-1.437937e+00,-1.130659e-01,-6.929697e-02
2.818298e+00,9.252638e+00,-6.436859e-01,-1.577119e+00,-3.851227e-01,-1.911481e-02
3.906378e+00,8.866672e+00,-1.775909e-01,-1.761801e+00,-5.962880e-01,1.259377e-02
3.521193e+00,9.483726e+00,2.094055e+00,-2.385348e+00,-9.565927e-01,-9.814729e-02
4.975052e+00,1.327245e+01,1.559803e-01,-2.782030e+00,-1.296968e+00,-1.047943e-01
2.204484e+00,1.743158e+01,-9.906929e-01,-3.395328e+00,-1.656448e+00,1.217189e-01
-5.318369e+00,1.535738e+01,9.657841e+00,-3.727881e+00,-2.273511e+00,1.499485e-01
-5.304611e+00,2.230953e+01,1.542139e+01,-4.209970e+00,-3.359678e+00,-2.736610e-01
-6.922193e+00,1.860527e+01,1.531987e+01,-4.487771e+00,-3.464045e+00,-1.588773e-01
-6.408922e-02,3.956596e+00,1.379010e+01,-2.660462e+00,-1.642606e+00,1.272423e-01
6.289405e+00,8.162695e+00,7.525221e+00,-9.565589e-01,-1.960794e-01,3.943894e-01
2.016388e+00,6.057401e+00,9.933216e+00,-2.308464e-01,8.733173e-01,1.897694e-01
1.127470e+00,3.446536e+00,8.965163e+00,1.184489e+00,5.483524e-01,-2.385637e-01
1.626005e+00,2.678794e+00,8.888441e+00,2.966602e+00,6.799847e-01,-4.666687e-01
2.345630e+00,2.578642e+00,1.036985e+01,4.079170e+00,1.192601e+00,-4.852121e-01
3.266541e+00,3.331920e+00,1.046096e+01,5.413921e+00,1.897090e+00,-6.403135e-01
4.146211e+00,3.608179e+00,1.192067e+01,6.158829e+00,2.043384e+00,-5.284948e-01
6.851493e+00,5.562986e+00,1.383443e+01,7.374426e+00,1.863890e+00,-4.183840e-01
7.360867e+00,1.009333e+01,1.141530e+01,7.939005e+00,1.626063e+00,-3.601378e-01
-1.948958e+00,4.909017e+00,5.685010e+00,8.208141e+00,7.374886e-01,-1.979208e-01
-1.828115e+01,-3.537143e-01,1.011455e+01,7.600686e+00,1.714524e-01,-7.903004e-01
1.765405e+00,-1.012983e+01,-1.021591e+00,4.960263e+00,8.825478e-01,-9.104142e-01
3.310046e+00,-7.617852e+00,2.078139e+00,3.152739e+00,2.975638e+00,-1.724431e-01
1.159980e+01,3.115028e+01,9.384868e-01,-1.437344e+00,2.843791e+00,4.528979e-01
4.728072e+00,1.295474e+01,3.470555e+00,-3.632618e+00,1.872920e+00,8.504493e-02
-5.756540e+00,-3.059549e+00,1.034788e+01,-1.522946e+00,9.385802e-01,3.653360e-01
-7.166318e+00,3.717898e+00,1.443465e+01,-2.464055e+00,-7.698480e-01,-1.207968e+00
3.508724e+00,1.900099e+01,1.094860e+01,-3.476604e+00,1.078318e+00,3.004582e-01
5.726428e+00,9.432853e+00,7.871298e+00,-3.249725e+00,1.579314e+00,-1.662957e-03
-4.276318e+00,8.438605e+00,5.788679e+00,-1.534198e+00,7.461927e-01,5.330712e-02
3.629201e-01,1.051177e+01,5.202101e+00,-1.449783e+00,2.925771e-01,5.006006e-02
4.419135e+00,1.010885e+01,4.300000e+00,-1.190508e+00,1.142003e+00,3.153276e-01
2.978670e+00,8.466636e+00,4.712347e+00,-1.156667e+00,1.108670e+00,1.884726e-01
2.049898e+00,1.086273e+01,4.718026e+00,-1.108476e+00,1.778043e-01,9.770356e-03
2.404018e+00,1.084964e+01,3.892692e+00,-1.120130e+00,-2.017035e-01,-4.386945e-02
2.062922e+00,9.506523e+00,2.607641e+00,-1.001511e+00,-3.249184e-01,-1.436740e-01
2.514544e-01,7.726012e+00,2.037848e+00,-9.880535e-01,-5.650313e-01,-2.415506e-01
-1.730670e+00,7.939784e+00,3.207097e+00,-1.139254e+00,-9.581677e-01,-2.904727e-01
-1.610078e+00,7.735220e+00,4.054235e+00,-1.286882e+00,-1.027101e+00,-2.537067e-01
1.139216e+00,7.188722e+00,3.826763e+00,-1.454893e+00,-8.293454e-01,-1.435348e-01
2.028706e+00,7.533824e+00,2.082264e+00,-1.516014e+00,-5.035614e-01,6.383683e-02
2.300382e+00,7.515931e+00,-1.047044e+00,-1.697915e+00,-3.956703e-01,2.065940e-01
4.311065e+00,7.948274e+00,-1.755902e+00,-1.917268e+00,-5.388881e-01,2.521905e-01
5.730451e+00,1.031858e+01,-2.253092e+00,-2.572118e+00,-7.138673e-01,2.593242e-01
3.690949e+00,1.784012e+01,-2.360881e-01,-3.193310e+00,-9.909545e-01,3.059802e-01
-6.279138e+00,1.953652e+01,1.142962e+01,-4.091535e+00,-1.958996e+00,4.347689e-01
-8.272752e+00,1.924856e+01,1.543932e+01,-4.448424e+00,-2.667384e+00,4.612827e-01
-6.112168e+00,1.543880e+01,1.702936e+01,-4.199204e+00,-2.747132e+00,6.724265e-01
2.164827e+00,2.523113e+00,1.717161e+01,-3.158058e+00,-8.864891e-01,1.062276e+00
7.535712e+00,7.394812e+00,8.442955e+00,-8.485860e-01,1.243398e+00,1.321442e+00
4.252197e+00,7.751819e+00,1.018662e+01,-4.801753e-01,1.714197e+00,1.235605e+00
3.281460e+00,3.357667e+00,8.831705e+00,1.411807e+00,8.876946e-01,4.215921e-01
3.015956e+00,2.427217e+00,8.289870e+00,2.720555e+00,6.133129e-01,3.452075e-02
1.898051e+00,1.234101e+00,9.142066e+00,4.140052e+00,4.566311e-01,-2.926694e-01
1.945106e+00,1.443500e+00,8.740351e+00,4.793459e+00,4.486033e-01,-5.181429e-01
2.595329e+00,2.470441e+00,1.065041e+01,5.853484e+00,6.010712e-01,-7.755849e-01
3.736950e+00,4.236641e+00,1.250276e+01,6.501836e+00,6.442939e-01,-9.529434e-01
1.022431e+01,9.529549e+00,1.089400e+01,7.365984e+00,6.132706e-01,-1.197935e+00
4.106399e+00,6.118464e+00,8.621827e+00,7.634681e+00,5.331468e-01,-1.236036e+00
-8.651016e+00,-8.863995e-01,4.376399e+00,6.981115e+00,-1.012886e+00,-1.959461e+00
-1.013057e+01,-4.253453e+00,3.426726e+00,5.747099e+00,-1.787505e+00,-2.656663e+00
-6.974447e-02,-6.053283e+00,2.886406e+00,3.032971e+00,-6.316591e-02,-1.412404e+00
4.706444e+00,-2.685393e-01,6.643657e+00,1.247477e+00,1.466701e+00,-2.133883e-01
2.591344e+01,3.418742e+01,-1.859329e+00,-2.553247e+00,2.576000e+00,3.583164e-01
3.167259e-01,-2.434353e+00,5.420065e+00,-2.710352e+00,2.548728e+00,1.134524e+00
-1.158917e+01,8.586649e+00,1.605982e+01,-1.140210e+00,1.501808e-01,-5.403166e-01
-1.206079e+00,1.372616e+01,9.553251e+00,-2.836196e+00,1.169357e-01,2.649807e-01
8.570000e+00,8.475307e+00,4.397559e+00,-2.616607e+00,1.787693e+00,5.576931e-01
2.720572e+00,7.298690e+00,4.204433e+00,-1.637331e+00,1.494411e+00,5.153898e-01
-5.671847e-01,1.172854e+01,3.603603e+00,-1.629754e+00,6.589801e-03,8.006815e-02
2.877732e+00,1.078001e+01,3.861694e+00,-1.594607e+00,-2.768693e-01,2.159362e-01
-3.959582e-01,8.042727e+00,4.800623e+00,-1.357023e+00,1.416362e-01,1.115935e-01
-5.772620e-01,9.110854e+00,4.906988e+00,-1.292737e+00,-6.015725e-01,-4.121453e-02
-4.764905e-01,9.152479e+00,4.543586e+00,-1.192265e+00,-4.601542e-01,6.169603e-02
-1.485768e-01,8.830063e+00,4.406965e+00,-1.072932e+00,-2.186717e-01,5.476511e-02
2.044673e+00,8.929346e+00,3.238992e+00,-8.636268e-01,-1.461604e-01,3.072581e-02
1.797376e+00,8.402403e+00,2.894807e+00,-8.682563e-01,-6.019540e-02,8.317925e-02
6.883219e-03,8.083004e+00,3.370623e+00,-9.395643e-01,-2.968842e-01,1.088386e-01
-6.006512e-01,8.030599e+00,2.845598e+00,-1.034163e+00,-4.464456e-01,1.211111e-01
-5.463968e-01,9.696986e+00,3.349853e+00,-1.124165e+00,-4.818040e-01,1.307920e-01
3.197362e-01,9.015941e+00,4.023449e+00,-1.247988e+00,-2.463357e-01,3.039043e-01
3.596025e+00,9.661436e+00,3.564658e+00,-1.277103e+00,-7.962566e-02,3.970907e-01
3.177945e+00,1.030109e+01,3.527028e+00,-1.408763e+00,-1.187770e-01,4.875871e-01
2.578768e+00,1.007682e+01,3.480616e+00,-1.689941e+00,-7.649918e-01,5.166858e-01
3.491859e+00,1.122775e+01,1.988366e+00,-1.868390e+00,-1.107274e+00,5.496790e-01
6.020358e+00,1.387478e+01,-4.108526e-01,-2.189992e+00,-1.293329e+00,6.498173e-01
3.927066e+00,1.191713e+01,-2.300010e+00,-2.464748e+00,-1.411871e+00,5.968240e-01
-9.145284e+00,9.242140e+00,9.772871e+00,-2.755447e+00,-2.274846e+00,-5.041432e-02
-8.062784e+00,1.386854e+01,1.545679e+01,-3.206879e+00,-3.375426e+00,-4.681974e-01
-3.975490e+00,1.254393e+01,1.278552e+01,-3.477470e+00,-2.762492e+00,-3.418418e-01
1.122987e+00,8.372728e+00,8.715419e+00,-3.064487e+00,-1.388390e+00,-1.943190e-01
3.710633e-01,6.866194e+00,9.259301e+00,-1.324638e+00,8.663768e-01,1.980648e-01
2.714706e+00,6.738971e+00,8.296250e+00,-5.965735e-01,1.394632e+00,1.134493e-02
5.829585e+00,5.552594e+00,8.360639e+00,8.498236e-01,2.325553e+00,-1.664510e-01
7.636007e+00,4.622928e+00,8.210023e+00,1.887649e+00,2.784336e+00,-3.410881e-01
8.488958e+00,6.492643e+00,8.124758e+00,3.241996e+00,2.510812e+00,-7.893334e-01
7.683237e+00,6.518012e+00,9.461175e+00,3.950704e+00,1.870723e+00,-1.071761e+00
3.489560e+00,4.462314e+00,1.032179e+01,4.964776e+00,8.486327e-01,-1.251617e+00
1.668845e+00,5.396924e+00,1.019808e+01,5.603046e+00,1.198682e-01,-1.388695e+00
-5.241754e-02,8.142363e+00,9.998242e+00,5.532030e+00,-1.115039e-01,-1.132081e+00
1.690564e+00,6.746759e+00,7.107322e+00,5.250067e+00,2.108058e-01,-7.615376e-01
2.339860e+00,5.283846e+00,3.842448e+00,5.080092e+00,9.606073e-01,-2.307077e-01
2.666145e+00,4.704618e+00,1.771636e+00,4.675866e+00,1.183127e+00,-7.734265e-02
2.717787e+00,3.983350e+00,-8.363809e-01,3.663776e+00,1.398161e+00,-7.723500e-03
2.050657e+00,2.994611e+00,-1.170718e+00,2.728629e+00,1.246420e+00,1.065526e-01
8.723320e-01,4.280972e+00,-6.849797e-02,1.243674e+00,7.867749e-01,1.268828e-01
4.773480e-01,5.005524e+00,1.739445e+00,3.873313e-01,6.106312e-01,8.878008e-02
3.530130e-01,7.471035e+00,2.651110e+00,-9.694484e-01,3.935731e-01,4.890844e-02
9.635638e-01,1.937229e+01,-2.271892e-01,-1.701957e+00,4.186584e-01,5.840206e-02
-1.509893e+00,6.860544e+00,2.280435e+00,-1.880615e+00,4.092822e-01,1.677436e-02
2.223120e+00,3.976350e+00,4.105365e+00,-9.766220e-01,5.877231e-01,-2.195152e-02
-5.845730e-01,1.011754e+01,1.160260e+01,-2.062474e+00,1.263093e+00,3.146118e-01
1.517832e+00,1.048593e+01,8.181911e+00,-2.830255e+00,1.146616e+00,1.281302e-01
3.258540e+00,9.944830e+00,6.331730e+00,-1.975732e+00,1.535765e+00,4.172396e-01
2.367590e+00,9.681147e+00,4.759674e+00,-1.403351e+00,1.138888e+00,2.004395e-01
-2.117930e+00,9.333024e+00,4.060627e+00,-1.005343e+00,2.130623e-01,-5.831350e-03
8.121763e-01,1.009009e+01,2.950025e+00,-8.599705e-01,3.157051e-02,-7.273493e-02
2.280465e+00,9.473480e+00,2.642225e+00,-8.025211e-01,5.188158e-01,1.368304e-02
-1.163431e-01,9.416872e+00,3.071189e+00,-7.651595e-01,3.776808e-01,-1.258970e-02
-2.629484e-01,9.015192e+00,3.138013e+00,-7.255556e-01,-4.235460e-01,-1.980372e-01
1.086469e+00,9.088706e+00,2.641177e+00,-7.081575e-01,-4.842481e-01,-2.002179e-01
6.973923e-01,8.420413e+00,2.571645e+00,-7.939233e-01,-3.982839e-01,-1.733812e-01
-1.180280e+00,8.954087e+00,3.137825e+00,-8.823139e-01,-5.001158e-01,-1.922512e-01
-1.759969e+00,8.642707e+00,4.424594e+00,-1.091401e+00,-7.054581e-01,-1.845730e-01
-2.429188e-01,8.505436e+00,5.020168e+00,-1.095703e+00,-5.754861e-01,-1.658363e-01
1.726190e+00,8.399047e+00,4.795614e+00,-1.075741e+00,-2.085895e-01,-7.650503e-02
1.329687e+00,8.754804e+00,4.619635e+00,-1.063733e+00,-7.566753e-02,-2.973805e-02
-4.600000e-01,8.655361e+00,4.042814e+00,-1.119036e+00,-2.639492e-01,-7.498227e-03
-2.769893e-01,8.151488e+00,3.188229e+00,-1.140264e+00,-3.497358e-01,1.013651e-03
9.590050e-01,8.283938e+00,1.932912e+00,-1.273881e+00,-1.519062e-01,1.463832e-01
2.572215e+00,8.348313e+00,1.286627e+00,-1.459119e+00,-5.018229e-02,2.361852e-01
4.685958e+00,8.643367e+00,1.399889e+00,-1.838177e+00,-1.348525e-01,2.766319e-01
6.964809e+00,9.796106e+00,6.321350e-01,-2.170670e+00,-4.100473e-01,1.828548e-01
7.413776e+00,1.568309e+01,1.423288e-01,-2.860059e+00,-1.205079e+00,-7.549920e-02
7.616185e-01,1.690686e+01,4.914466e+00,-3.487489e+00,-2.095682e+00,-2.211465e-01
-7.246678e+00,1.643791e+01,1.565537e+01,-4.141496e+00,-3.721282e+00,-3.542734e-01
-5.255220e+00,1.477427e+01,1.638210e+01,-4.220177e+00,-4.243068e+00,-4.538157e-01
-1.184369e+00,7.674922e+00,1.282679e+01,-3.420566e+00,-2.656182e+00,-3.750759e-02
3.686808e+00,9.623579e-01,1.261310e+01,-2.066395e+00,-9.569784e-01,2.656802e-01
6.896448e+00,6.592528e+00,6.565457e+00,-4.580240e-01,9.313091e-01,1.740356e-01
3.801080e+00,4.696373e+00,8.589517e+00,-3.924837e-02,1.204683e+00,-5.610333e-02
2.114308e+00,1.663159e+00,7.745793e+00,1.657997e+00,4.440419e-01,-8.334959e-01
1.784301e+00,2.345805e+00,8.917985e+00,2.669262e+00,2.998191e-01,-1.062415e+00
1.934055e+00,2.036789e+00,1.044456e+01,3.917253e+00,7.677796e-01,-1.046893e+00
2.723155e+00,3.789373e+00,1.037465e+01,4.853349e+00,1.168671e+00,-1.048305e+00
1.840558e+00,3.507034e+00,1.207177e+01,6.100873e+00,1.572328e+00,-9.355772e-01
5.897360e+00,7.108037e+00,1.369900e+01,6.977060e+00,1.503217e+00,-8.526119e-01
5.290304e+00,1.468148e+01,9.406259e+00,7.848781e+00,1.857121e+00,-2.132958e-01
-7.600333e+00,1.877066e+00,5.147961e+00,7.471672e+00,1.590837e+00,3.658689e-01
-5.383857e+00,-1.502402e+00,1.284414e+00,6.436830e+00,5.894560e-01,1.863344e-01
2.128650e+00,-2.436885e+00,-1.990148e+00,5.264922e+00,1.804079e+00,5.695647e-01
8.319427e+00,2.290521e-01,-1.052968e+00,2.639404e+00,4.241629e+00,9.211200e-01
4.730311e+00,5.688031e+00,3.136576e+00,3.780214e-01,3.444923e+00,8.066054e-01
1.012007e+01,2.364200e+01,-6.286253e-01,-2.053950e+00,8.924227e-01,-1.853633e-02
1.706433e+00,2.970311e+00,6.560075e-01,-2.637341e+00,1.205976e-01,-3.558096e-01
-4.821171e+00,7.321609e+00,5.449707e+00,-3.974335e-01,-9.049803e-01,-8.928279e-01
-3.913891e+00,9.625734e+00,6.446656e+00,-1.475280e+00,-1.109687e+00,-7.110497e-01
-3.993786e+00,1.307150e+01,8.907551e+00,-1.799208e+00,7.067736e-01,-1.701959e-02
1.246891e+00,1.053608e+01,7.414019e+00,-1.760059e+00,1.368132e+00,4.094822e-02
7.290998e+00,8.697326e+00,3.352139e+00,-1.212267e+00,2.139407e+00,1.302038e-01
4.320252e+00,9.685858e+00,2.325638e+00,-8.122948e-01,1.657010e+00,1.604675e-02
-3.108169e+00,9.211033e+00,2.491033e+00,-7.117998e-01,1.844411e-01,-2.849875e-01
-4.088097e+00,9.500133e+00,2.532788e+00,-7.159840e-01,-3.454357e-01,-4.341188e-01
-8.169153e-01,9.457243e+00,2.098721e+00,-7.664426e-01,-5.273591e-02,-3.134753e-01
2.951756e+00,9.372281e+00,1.634035e+00,-7.048894e-01,5.660164e-01,-7.547739e-02
3.243200e+00,9.033090e+00,1.645174e+00,-7.769281e-01,7.602564e-01,3.884364e-02
1.741447e+00,9.120000e+00,2.207787e+00,-8.475045e-01,3.858484e-01,-4.661621e-02
-7.896900e-01,8.733299e+00,3.411546e+00,-9.741154e-01,-3.566859e-01,-2.328068e-01
-1.475725e+00,8.880000e+00,3.873227e+00,-1.016483e+00,-7.029161e-01,-3.214721e-01
-2.894898e-01,9.114955e+00,4.344204e+00,-1.019531e+00,-5.848465e-01,-2.882248e-01
1.641447e-01,8.616096e+00,4.777012e+00,-9.636692e-01,-1.906115e-01,-1.864402e-01
2.161559e-01,8.639002e+00,4.393577e+00,-8.859947e-01,1.665906e-01,-7.897147e-02
-1.036167e-01,9.450000e+00,4.344510e+00,-8.400192e-01,2.703816e-01,-3.844609e-02
5.344758e-02,8.996405e+00,4.798965e+00,-7.936573e-01,3.416301e-01,1.383490e-02
6.053661e-01,8.740215e+00,4.702970e+00,-7.346052e-01,3.726950e-01,2.052795e-02
1.966656e+00,8.449515e+00,3.837279e+00,-7.051602e-01,4.439584e-01,5.461007e-02
1.940889e+00,8.700356e+00,3.388947e+00,-6.992867e-01,4.482835e-01,4.210115e-02
4.416361e-01,8.287757e+00,3.765589e+00,-8.305841e-01,1.398399e-01,-3.339511e-02
5.987739e-02,8.909877e+00,4.109816e+00,-9.274001e-01,-1.565772e-01,-1.045492e-01
1.338608e+00,8.279605e+00,3.835052e+00,-1.108880e+00,-3.232135e-01,-9.396596e-02
1.712867e+00,8.014352e+00,3.235751e+00,-1.210102e+00,-3.522628e-01,-5.824527e-02
1.658195e+00,8.106778e+00,1.674197e+00,-1.412332e+00,-5.522809e-01,-4.590140e-02
1.620000e+00,1.041866e+01,8.437113e-01,-1.655820e+00,-8.063269e-01,-4.187004e-02
2.327608e+00,1.309188e+01,-1.928370e-01,-2.105569e+00,-1.114872e+00,-2.222222e-03
3.422037e+00,1.616649e+01,8.779844e-01,-2.572886e+00,-1.409085e+00,-3.510580e-02
1.428971e+00,1.512592e+01,9.117695e+00,-3.525927e+00,-1.829996e+00,-3.924984e-02
-4.209445e-01,1.215786e+01,1.396751e+01,-3.811730e+00,-2.183437e+00,5.315397e-02
-2.247934e+00,1.000235e+01,1.459005e+01,-3.570269e+00,-2.559530e+00,1.778900e-01
-1.356717e+00,4.508092e+00,1.244499e+01,-3.051878e+00,-2.142562e+00,4.782368e-02
1.730966e+00,3.183908e+00,9.262657e+00,-1.857604e+00,-9.076163e-01,1.651848e-01
2.875364e+00,7.573375e+00,7.030153e+00,-1.066443e+00,6.739379e-02,1.876265e-01
2.951733e+00,4.027826e+00,8.348267e+00,-7.968623e-02,7.314058e-01,-6.381641e-02
3.742037e+00,2.290010e+00,7.410020e+00,1.345961e+00,7.543561e-01,-3.916158e-01
2.967970e+00,3.070753e+00,8.481915e+00,2.911432e+00,7.695389e-01,-4.042504e-01
1.351019e+00,3.423713e+00,9.070479e+00,3.474882e+00,6.376387e-01,-4.124486e-01
9.958623e-01,3.783771e+00,9.598193e+00,4.615342e+00,5.450606e-01,-5.247887e-01
2.839911e+00,5.339114e+00,1.038805e+01,5.444178e+00,7.606068e-01,-5.656946e-01
6.487306e+00,7.490117e+00,1.119566e+01,6.425316e+00,1.128435e+00,-5.750087e-01
6.687627e+00,9.527237e+00,9.270732e+00,6.947809e+00,1.186868e+00,-5.831316e-01
-1.930293e+00,7.228958e+00,5.659299e+00,7.217540e+00,8.242410e-01,-5.436369e-01
-7.614252e+00,4.787129e+00,4.885705e+00,6.558914e+00,4.515533e-02,-6.363522e-01
1.094211e-01,-4.290396e+00,-4.186562e+00,5.135225e+00,-2.573814e-01,5.595388e-02
5.596808e+00,-1.612128e+00,-4.951064e+00,4.042584e+00,1.285202e+00,3.132121e-01
3.991441e+00,9.602080e+00,1.973520e-01,1.024729e+00,2.072067e+00,3.083016e-01
3.511190e+00,2.169540e+01,-9.138670e-01,-9.070454e-01,9.379169e-01,2.806641e-01
-3.819894e+00,6.676974e+00,-3.137649e-02,-1.957149e+00,-2.044193e-01,-2.821887e-02
-6.268614e+00,7.070310e+00,4.058852e+00,-6.527424e-01,-5.492828e-01,-6.375389e-01
3.845264e+00,9.750306e+00,4.261970e+00,-1.333309e+00,3.879929e-01,-1.607131e-01
3.031341e+00,9.121485e+00,5.139484e+00,-1.503581e+00,1.687079e+00,1.910575e-01
5.201025e+00,1.307567e+01,6.011542e+00,-1.171173e+00,2.436901e+00,4.167858e-01
5.639383e+00,9.517691e+00,3.122152e+00,-1.265452e+00,1.614407e+00,-7.320826e-02
1.284750e+00,9.040898e+00,9.979375e-01,-9.188342e-01,7.806274e-01,-2.975297e-01
-1.846875e+00,9.491089e+00,1.778853e+00,-8.459333e-01,-2.070680e-02,-4.754179e-01
-3.197529e+00,9.456706e+00,2.542039e+00,-9.173431e-01,-5.151292e-01,-5.434072e-01
-8.020545e-01,9.392325e+00,2.144256e+00,-9.444499e-01,-2.639865e-01,-3.619605e-01
2.675142e+00,9.920346e+00,2.320569e+00,-8.812609e-01,3.114966e-01,-9.690543e-02
2.279630e+00,9.403695e+00,2.835393e+00,-8.534571e-01,3.490896e-01,-5.871820e-02
2.705256e-01,9.479544e+00,3.079990e+00,-7.956266e-01,-2.202104e-01,-1.768876e-01
-1.647141e+00,9.684407e+00,3.890488e+00,-7.810886e-01,-4.804457e-01,-2.199549e-01
-8.951606e-01,1.020322e+01,3.728279e+00,-6.333382e-01,-4.244481e-01,-1.577782e-01
4.076980e-01,8.802052e+00,3.268546e+00,-5.003119e-01,-1.263635e-01,-6.252903e-02
1.757810e+00,9.370781e+00,3.194635e+00,-2.693503e-01,2.830492e-01,2.418051e-02
1.873089e+00,9.165736e+00,3.285441e+00,-3.225412e-01,4.095544e-01,7.214796e-02
6.663018e-01,9.160890e+00,3.348425e+00,-2.581341e-01,3.044202e-01,-3.642404e-03
5.914785e-01,9.133323e+00,2.912782e+00,-2.518904e-01,6.285650e-02,-6.494099e-02
4.371658e-01,9.399769e+00,3.052282e+00,-2.277784e-01,-1.111120e-01,-1.088874e-01
2.156639e-01,8.894841e+00,3.308355e+00,-2.324635e-01,-1.324607e-01,-9.502526e-02
-2.000000e-01,8.891655e+00,3.729281e+00,-2.133151e-01,-1.644080e-01,-9.557379e-02
3.528592e-01,9.272856e+00,3.549998e+00,-2.199763e-01,-1.655319e-01,-7.949675e-02
3.939669e-01,9.365729e+00,3.291966e+00,-2.178508e-01,-1.150290e-01,-9.400359e-03
-3.497563e-01,9.409233e+00,3.398745e+00,-1.989099e-01,-8.715035e-02,3.168605e-03
6.497158e-02,9.251454e+00,2.894418e+00,-1.579437e-01,-1.046020e-01,-2.064685e-03
3.140475e-01,8.926788e+00,2.331311e+00,-1.291272e-01,-6.252087e-02,3.328306e-02
7.065905e-01,8.675977e+00,1.117817e+00,-1.159514e-01,4.378516e-02,8.158203e-02
4.342899e-01,8.507175e+00,5.543195e-01,-1.901158e-01,4.015824e-02,1.077812e-01
5.315534e-01,8.494313e+00,3.660333e-01,-4.150512e-01,-7.901785e-02,1.202697e-01
7.647705e-01,8.331966e+00,6.238922e-01,-6.433366e-01,-1.783723e-01,1.214133e-01
1.615870e+00,8.541638e+00,1.615391e+00,-1.013772e+00,-3.290174e-01,1.279637e-01
1.853974e+00,9.003449e+00,2.554322e+00,-1.230885e+00,-4.020743e-01,1.352292e-01
1.555260e+00,9.472296e+00,4.374220e+00,-1.492670e+00,-5.332515e-01,5.392980e-02
9.655331e-01,1.041444e+01,4.002318e+00,-1.661568e+00,-6.373600e-01,-2.142626e-02
9.384822e-01,1.251827e+01,3.276230e+00,-1.768948e+00,-8.554002e-01,-1.019626e-01
1.268804e+00,1.220943e+01,3.679965e+00,-1.922815e+00,-1.035564e+00,-2.736292e-02
2.162310e+00,1.142699e+01,6.393830e+00,-2.080244e+00,-1.123848e+00,1.749060e-01
1.379588e+00,1.028552e+01,7.777790e+00,-2.157508e+00,-1.070373e+00,3.310916e-01
1.425266e+00,6.981428e+00,8.659912e+00,-1.909812e+00,-9.627981e-01,2.230476e-01
5.284093e+00,9.153362e+00,6.584816e+00,-1.533839e+00,-6.905922e-01,-1.363197e-01
6.423136e+00,8.353369e+00,4.265431e+00,-8.804017e-01,-3.126099e-01,-4.062222e-01
3.092729e+00,7.239486e+00,5.569486e+00,-1.946590e-01,-4.729503e-01,-6.200195e-01
-5.539623e-01,7.772551e+00,6.088537e+00,9.709259e-01,-1.386520e+00,-9.937128e-01
-1.322649e+00,8.033855e+00,6.140603e+00,1.540378e+00,-1.441207e+00,-1.051735e+00
-1.002744e+00,8.195068e+00,6.031644e+00,2.252812e+00,-7.463763e-01,-8.850961e-01
7.702406e-01,8.107840e+00,5.796760e+00,2.799490e+00,1.171999e-02,-6.191717e-01
2.441631e+00,8.175713e+00,5.400205e+00,3.365700e+00,8.821845e-01,-1.588920e-01
2.693826e+00,8.780300e+00,4.996463e+00,3.586148e+00,1.118415e+00,5.313628e-02
2.439335e+00,9.162022e+00,3.651911e+00,3.760663e+00,1.089886e+00,2.407787e-01
2.285164e+00,8.852113e+00,2.599887e+00,3.732151e+00,9.158902e-01,2.884480e-01
1.385342e+00,7.379837e+00,9.534846e-01,3.443157e+00,7.624854e-01,3.428752e-01
1.567359e+00,6.578301e+00,-2.297278e-01,3.149240e+00,7.185644e-01,3.012487e-01
2.282647e+00,6.319398e+00,-5.593985e-01,2.429220e+00,7.510113e-01,1.927460e-01
2.465284e+00,6.048602e+00,-4.041475e-01,1.762710e+00,7.271829e-01,1.556958e-01
3.199392e+00,5.888479e+00,1.147149e-01,7.378072e-01,3.461794e-01,2.239097e-01
3.134346e+00,5.887385e+00,8.312938e-01,9.482143e-02,9.151950e-02,1.268300e-01
2.579501e+00,6.590175e+00,2.373242e+00,-7.668670e-01,-4.046335e-01,-8.313704e-02
2.849016e+00,1.021069e+01,1.484566e+00,-1.303434e+00,-8.384108e-01,-2.616068e-01
6.575243e-01,1.421378e+01,7.422306e-02,-1.771982e+00,-1.511339e+00,-4.313667e-01
-7.266842e+00,9.072287e+00,2.855703e+00,-1.765890e+00,-1.671718e+00,-3.187421e-01
-7.709364e+00,6.391260e+00,8.739311e+00,-1.209825e+00,-1.935152e+00,-1.028076e+00
3.865449e-01,1.170880e+01,8.607768e+00,-1.471150e+00,-7.438846e-01,-7.610490e-01
3.972725e+00,9.388653e+00,6.002964e+00,-2.009414e+00,1.860231e+00,3.913427e-01
6.079514e+00,9.860326e+00,4.792236e+00,-1.434871e+00,1.929444e+00,2.756976e-01
-1.827538e-01,8.861182e+00,3.804567e+00,-9.235701e-01,1.037275e+00,-3.266460e-02
-2.604847e+00,8.656994e+00,3.414429e+00,-8.203858e-01,2.203948e-01,-2.373234e-01
-1.869790e+00,9.142455e+00,3.443707e+00,-7.063106e-01,-2.176046e-01,-4.059478e-01
1.201263e+00,9.703014e+00,2.689008e+00,-6.934376e-01,2.816984e-01,-1.781522e-01
3.821163e+00,8.911645e+00,1.794315e+00,-7.033333e-01,9.463334e-01,8.231489e-02
1.730312e+00,8.235601e+00,2.177785e+00,-6.863365e-01,7.046774e-01,2.389139e-02
-4.956043e-01,8.840764e+00,2.488598e+00,-8.571631e-01,-2.399439e-01,-2.423520e-01
-1.531066e+00,9.650809e+00,3.611728e+00,-1.013874e+00,-5.223948e-01,-2.949994e-01
-1.100445e+00,8.895054e+00,3.902308e+00,-1.151259e+00,-4.987301e-01,-2.292630e-01
-2.505846e-01,9.305717e+00,4.117791e+00,-1.082155e+00,-3.788849e-01,-2.135034e-01
8.447959e-01,7.636388e+00,4.891737e+00,-1.036913e+00,8.602992e-03,-5.921861e-02
1.866526e+00,9.454131e+00,5.324178e+00,-9.768148e-01,2.285333e-01,-4.797036e-02
3.018696e-03,8.267362e+00,5.600869e+00,-1.120369e+00,2.424520e-01,-4.880233e-03
1.440370e+00,9.188756e+00,5.916452e+00,-1.048957e+00,6.396882e-02,-4.631251e-02
3.485363e+00,9.783281e+00,4.737507e+00,-1.025693e+00,-3.243039e-02,-1.569613e-02
2.099337e+00,8.474218e+00,3.105782e+00,-1.042550e+00,-1.759326e-01,-2.275671e-02
6.477782e-01,9.494197e+00,2.406791e+00,-1.166957e+00,-7.741824e-01,-1.283744e-01
6.513273e-01,8.872902e+00,9.444432e-01,-1.337886e+00,-9.587403e-01,-8.296197e-02
1.982533e+00,9.637500e+00,1.241933e+00,-1.700012e+00,-1.016094e+00,3.759274e-02
3.016477e+00,1.059532e+01,2.263836e+00,-2.110200e+00,-1.083459e+00,1.259551e-01
3.898226e+00,1.411571e+01,-1.095461e+00,-2.645054e+00,-1.415254e+00,1.271414e-01
-9.684061e-01,1.273149e+01,2.355732e+00,-2.936556e+00,-1.699950e+00,1.332199e-01
-4.186517e+00,1.371060e+01,1.037983e+01,-3.508810e+00,-2.453333e+00,2.094292e-02
-8.330908e+00,2.015791e+01,1.514484e+01,-3.811406e+00,-3.391606e+00,3.728109e-02
-4.106547e+00,9.627592e+00,1.373508e+01,-3.870623e+00,-2.501234e+00,-2.136262e-02
3.326681e+00,2.475438e+00,1.223831e+01,-3.020368e+00,-1.350847e+00,2.240392e-01
8.638168e+00,1.017105e+01,7.482984e+00,-9.584509e-01,1.237150e+00,5.284862e-01
6.097264e+00,5.876040e+00,9.377156e+00,-7.814738e-01,1.836891e+00,3.113069e-01
4.504673e+00,3.960574e+00,7.023706e+00,1.117402e+00,1.054003e+00,-4.682197e-01
2.814254e+00,4.477386e+00,8.283489e+00,2.061394e+00,7.564375e-01,-7.368541e-01
2.213646e+00,4.229242e+00,9.378051e+00,3.141544e+00,7.897172e-01,-9.239424e-01
2.753990e+00,4.524208e+00,9.333192e+00,4.077706e+00,1.170662e+00,-1.051248e+00
5.068933e+00,4.530169e+00,1.062966e+01,5.421657e+00,1.723905e+00,-8.901562e-01
8.060443e+00,5.765824e+00,1.253524e+01,6.082296e+00,1.834792e+00,-6.928654e-01
9.597288e+00,6.785312e+00,1.120051e+01,7.045894e+00,1.553577e+00,-3.149936e-01
3.797845e+00,5.405517e+00,9.263190e+00,7.639271e+00,7.256210e-01,-5.081534e-02
-1.269504e+01,-1.064439e+00,7.730361e+00,7.233301e+00,-1.016882e+00,-3.461003e-01
-1.351920e+01,-7.460217e+00,3.642690e+00,6.305341e+00,-1.587527e+00,-6.519559e-01
1.672781e+00,-6.075801e+00,6.414751e+00,3.374047e+00,8.433199e-02,-3.999263e-01
1.080332e+01,2.570612e+01,-1.674876e+00,7.382783e-01,2.304777e+00,4.352793e-01
5.448216e-01,6.935328e+00,5.566664e+00,-2.610606e+00,2.559788e+00,7.792614e-01
-9.405281e+00,-3.097644e+00,1.037187e+01,-2.169241e+00,1.834347e+00,7.792756e-01
-5.187579e+00,1.051004e+01,1.375862e+01,-1.888437e+00,-1.742264e+00,-1.326206e+00
1.120206e+00,1.410804e+01,8.226494e+00,-3.166267e+00,-5.319887e-01,-5.881291e-01
4.544860e+00,7.748650e+00,5.281531e+00,-2.104669e+00,1.676657e+00,6.166039e-01
1.280587e+00,8.938517e+00,4.482055e+00,-1.451641e+00,1.719207e+00,3.298083e-01
3.146028e+00,1.015360e+01,2.644534e+00,-1.171823e+00,1.085802e+00,2.406220e-01
-5.749867e-01,1.001034e+01,3.011499e+00,-1.095200e+00,5.966471e-01,1.123331e-01
-1.116652e+00,8.582188e+00,3.262056e+00,-1.097082e+00,-3.182760e-01,-2.076974e-01
7.504670e-01,9.303049e+00,2.435426e+00,-1.084935e+00,-3.827147e-01,-2.245676e-01
1.432175e+00,8.124983e+00,1.691439e+00,-1.149291e+00,1.060772e-01,-6.379788e-02
1.182160e+00,9.689416e+00,2.316612e+00,-1.180131e+00,-5.718921e-02,-1.282283e-01
-1.190296e+00,8.240895e+00,4.397423e+00,-1.387110e+00,-4.789463e-01,-2.264737e-01
2.385111e-01,8.166234e+00,5.499160e+00,-1.483596e+00,-6.028657e-01,-2.547785e-01
9.469559e-01,1.009861e+01,5.791125e+00,-1.541534e+00,-4.029511e-01,-1.576521e-01
7.889082e-01,9.077019e+00,4.539514e+00,-1.577418e+00,-1.640269e-01,-1.886315e-02
7.515477e-01,8.261559e+00,1.712678e+00,-1.546689e+00,-2.142638e-01,1.144880e-01
3.156823e+00,9.529478e+00,-3.810435e-01,-1.598379e+00,-1.734609e-01,1.959391e-01
3.753655e+00,9.500596e+00,5.299604e-01,-2.008552e+00,-1.830557e-01,2.975099e-01
4.270258e+00,1.144078e+01,9.312801e-01,-2.478660e+00,-5.891168e-01,1.564805e-01
4.880801e+00,1.815837e+01,-7.604143e-01,-3.171150e+00,-1.365922e+00,6.728250e-03
1.093038e+00,1.486994e+01,5.542176e+00,-3.598513e+00,-1.862697e+00,-1.888889e-02
-1.658343e+00,1.813158e+01,1.441649e+01,-4.037912e+00,-2.887540e+00,-3.666745e-01
-4.172347e+00,1.616327e+01,1.537521e+01,-4.275137e+00,-3.784818e+00,-7.133613e-01
2.472062e+00,4.134560e+00,1.160807e+01,-3.354892e+00,-2.809076e+00,-9.125983e-01
5.224717e+00,8.256706e+00,7.799687e+00,-2.204772e+00,-1.849864e+00,-8.019899e-01
2.468641e+00,6.273763e+00,9.328652e+00,-1.305211e+00,-2.097350e-01,-9.370038e-01
3.137851e+00,3.798538e+00,7.217035e+00,1.865669e-04,8.098700e-02,-1.445545e+00
3.423298e+00,2.627712e+00,7.288746e+00,1.859870e+00,7.422971e-01,-1.575618e+00
3.630673e+00,2.315944e+00,8.461345e+00,2.632657e+00,1.242734e+00,-1.498662e+00
4.433944e+00,2.801512e+00,8.932971e+00,4.093015e+00,1.928939e+00,-1.806242e+00
5.766973e+00,2.718767e+00,1.106268e+01,4.685014e+00,2.049207e+00,-1.759132e+00
1.000125e+01,3.456735e+00,1.148668e+01,6.151038e+00,1.750807e+00,-1.649721e+00
1.356173e+01,5.114831e+00,1.286049e+01,6.540692e+00,1.457824e+00,-1.593976e+00
7.141078e+00,5.125135e+00,1.192378e+01,7.463189e+00,-7.225203e-01,-1.529267e+00
-1.564440e+01,2.124585e+00,9.063495e+00,7.253196e+00,-2.170461e+00,-1.837929e+00
-1.686177e+01,-1.042098e+01,4.423872e+00,4.832978e+00,-3.426152e+00,-2.543437e+00
-2.284684e+00,-2.532568e+00,5.407193e+00,3.824304e+00,-2.365567e+00,-2.119397e+00
2.979028e+01,3.694542e+01,-5.151930e-01,-9.107675e-01,4.543594e+00,1.505814e+00
1.172676e+01,-2.466743e+00,4.293287e+00,-1.690427e+00,5.558034e+00,2.436604e+00
1.101445e+00,-2.506273e+00,1.169143e+01,-1.642844e+00,1.834775e+00,1.407257e-01
-1.587973e-01,1.673494e+01,1.172610e+01,-1.990681e+00,7.290545e-01,-2.078361e-01
-4.604254e+00,9.631328e+00,6.161547e+00,-2.649808e+00,-1.147830e+00,-4.368179e-01
-7.227451e+00,5.418928e+00,5.548006e+00,-1.588703e+00,-1.420840e+00,-4.466667e-01
-3.743301e+00,1.037358e+01,4.864791e+00,-1.330522e+00,7.553343e-02,1.976274e-01
4.473672e+00,1.093655e+01,3.627721e+00,-1.217070e+00,1.121977e+00,5.699607e-01
5.625849e+00,8.172476e+00,2.313597e+00,-9.646841e-01,1.705199e+00,5.745225e-01
2.022762e+00,8.408540e+00,3.218413e+00,-9.739784e-01,4.655620e-01,1.964981e-01
-9.137261e-01,9.400631e+00,2.229784e+00,-1.097478e+00,-6.815896e-01,-1.421419e-01
-1.210831e+00,8.265090e+00,1.546319e+00,-1.182783e+00,-9.570039e-01,-2.333628e-01
-1.537812e+00,8.579480e+00,2.654029e+00,-1.277878e+00,-1.131082e+00,-3.007171e-01
-7.325137e-01,8.958284e+00,4.063803e+00,-1.419388e+00,-1.101306e+00,-2.637687e-01
1.314450e+00,9.526975e+00,5.690762e+00,-1.566942e+00,-7.898961e-01,-1.661153e-01
5.461002e-02,8.749068e+00,5.568946e+00,-1.567564e+00,-6.237658e-01,-8.787785e-02
1.412817e-01,8.570093e+00,4.018996e+00,-1.538864e+00,-6.591668e-01,-2.802972e-02
1.100848e+00,7.955482e+00,2.260327e+00,-1.561607e+00,-6.427087e-01,1.070537e-01
1.402492e+00,8.837092e+00,7.967729e-01,-1.831178e+00,-5.765452e-01,2.586011e-01
9.215010e-01,1.035386e+01,1.933642e+00,-2.190631e+00,-7.919070e-01,2.797183e-01
1.534228e+00,1.331515e+01,7.319651e-01,-2.769101e+00,-1.220767e+00,2.465666e-01
3.761930e+00,1.771224e+01,-1.153070e+00,-3.095955e+00,-1.369189e+00,2.813666e-01
5.164067e+00,1.206144e+01,3.199740e+00,-3.632476e+00,-1.525996e+00,2.983890e-01
5.086773e+00,1.358961e+01,1.149758e+01,-3.950722e+00,-2.152929e+00,-2.950112e-01
1.219183e+00,1.732337e+01,1.686561e+01,-4.297121e+00,-3.303991e+00,-1.229246e+00
9.090671e-01,4.666947e+00,1.560425e+01,-3.673685e+00,-3.367841e+00,-1.829230e+00
1.239798e+00,5.542048e+00,9.288729e+00,-1.853831e+00,-2.755033e+00,-2.135809e+00
-9.452366e-01,6.892650e+00,1.023500e+01,-1.226052e+00,-1.481755e+00,-2.219962e+00
-2.617599e-01,4.138492e+00,8.773331e+00,3.742342e-01,-4.314586e-01,-2.766846e+00
1.567267e+00,3.840000e+00,8.409054e+00,1.651939e+00,8.997711e-01,-2.540865e+00
3.543621e+00,4.167379e+00,9.360652e+00,3.063934e+00,2.368175e+00,-2.303992e+00
5.569316e+00,4.380345e+00,1.002414e+01,3.950603e+00,2.875773e+00,-2.202857e+00
9.382606e+00,3.747166e+00,1.060889e+01,5.419028e+00,3.167299e+00,-1.788590e+00
1.282859e+01,3.303677e+00,1.114000e+01,6.387502e+00,2.752764e+00,-1.542145e+00
1.042874e+01,8.567291e+00,1.039646e+01,7.380275e+00,8.083396e-01,-1.051834e+00
3.159965e+00,5.672963e+00,9.012995e+00,7.485089e+00,-1.405658e+00,-9.839695e-01
-2.323148e+01,-1.244841e+00,3.808465e+00,6.909270e+00,-2.633218e+00,-2.048256e+00
-1.041852e+01,-8.907851e+00,1.098080e+00,5.589694e+00,-1.982462e+00,-2.202238e+00
1.254442e+01,-9.065652e+00,2.577110e+00,2.679583e+00,3.069687e+00,-3.312127e-01
2.185858e+01,2.479310e+01,1.752448e-01,-1.409482e-01,4.329869e+00,1.495431e+00
1.112251e+00,1.254179e+01,5.457405e+00,-3.141881e+00,1.406651e+00,5.072660e-01
-1.113004e+01,-2.140577e+00,1.260315e+01,-9.798328e-01,-1.498143e+00,-5.178178e-01
-9.908765e+00,5.504364e+00,1.542503e+01,-2.666480e+00,-2.478264e+00,-1.059163e+00
-2.906570e+00,1.633168e+01,1.115802e+01,-2.864367e+00,3.152444e-01,7.459446e-01
6.694207e+00,7.652698e+00,4.453544e+00,-1.681599e+00,1.936045e+00,5.240113e-01
5.147964e+00,6.762662e+00,2.541537e+00,-1.040169e+00,1.909838e+00,7.795399e-01
2.347094e+00,1.206622e+01,3.144625e+00,-1.004793e+00,7.745931e-01,2.993425e-01
-1.307224e+00,9.250998e+00,3.264222e+00,-1.061168e+00,-5.405032e-02,7.142271e-02
-2.377206e+00,7.939522e+00,3.267868e+00,-1.036556e+00,-1.014661e+00,-2.725209e-01
-4.102485e-01,9.330078e+00,2.690118e+00,-1.061711e+00,-1.061139e+00,-2.296330e-01
4.884135e-01,8.850233e+00,1.946055e+00,-1.168291e+00,-7.975212e-01,-1.032073e-01
-4.939015e-01,8.645126e+00,1.835126e+00,-1.246944e+00,-9.327770e-01,-1.665275e-01
-2.651994e+00,9.093442e+00,3.015133e+00,-1.457765e+00,-1.423024e+00,-3.559217e-01
-7.739603e-01,8.468868e+00,4.084361e+00,-1.552222e+00,-1.423152e+00,-3.376823e-01
8.580482e-01,8.627138e+00,3.973487e+00,-1.599930e+00,-9.761762e-01,-2.041885e-01
2.039923e-01,7.987545e+00,2.658115e+00,-1.657812e+00,-7.766377e-01,-1.220797e-01
1.303146e+00,8.410512e+00,2.046048e+00,-1.800939e+00,-7.654598e-01,-7.281613e-02
2.270229e+00,9.531073e+00,1.136180e+00,-2.054170e+00,-8.133011e-01,2.695888e-02
5.754479e-01,8.820000e+00,2.111316e+00,-2.525607e+00,-1.076916e+00,1.748710e-02
3.311741e+00,1.207095e+01,3.325666e-01,-2.869611e+00,-1.369721e+00,-3.475595e-02
5.398009e+00,1.774343e+01,-2.213472e+00,-3.449295e+00,-1.419187e+00,8.872195e-02
2.957627e-01,1.409596e+01,8.706701e+00,-3.916941e+00,-1.927291e+00,3.751583e-03
-6.849202e+00,1.870684e+01,1.765471e+01,-4.432340e+00,-3.768496e+00,-4.817447e-01
-8.135324e+00,2.451458e+01,1.771560e+01,-4.712396e+00,-3.900031e+00,-8.331050e-01
1.097067e+00,3.294709e+00,1.380441e+01,-3.429366e+00,-2.038723e+00,-7.699346e-01
8.058432e+00,9.204796e+00,6.252691e+00,-1.601512e+00,-4.897180e-01,-3.868730e-01
6.987794e+00,6.939387e+00,9.576313e+00,-6.323292e-01,1.422735e+00,-6.293909e-01
6.423609e+00,3.433707e+00,7.340693e+00,1.040338e+00,1.241028e+00,-1.140257e+00
4.348789e+00,1.659980e+00,7.692686e+00,2.953664e+00,1.120158e+00,-1.055440e+00
3.570616e+00,1.356836e+00,7.731126e+00,3.602810e+00,1.132010e+00,-1.188679e+00
3.964581e+00,2.959162e+00,8.838761e+00,4.817950e+00,1.377516e+00,-1.355832e+00
5.091621e+00,3.726733e+00,1.058151e+01,5.574240e+00,1.518122e+00,-1.104324e+00
6.908150e+00,5.042871e+00,1.342730e+01,6.677580e+00,1.149821e+00,-7.770948e-01
8.562951e+00,6.651953e+00,1.320623e+01,7.349680e+00,5.069181e-01,-5.469382e-01
1.811475e+00,4.947145e+00,9.021584e+00,8.079763e+00,-1.112444e+00,-4.747027e-01
-8.920512e+00,4.796455e+00,6.984896e+00,7.758162e+00,-2.016921e+00,-1.022881e+00
-1.636916e+01,-1.091673e+01,2.969943e+00,5.764109e+00,-2.661116e+00,-1.382409e+00
-2.356786e+00,-1.067596e+01,4.165531e+00,3.531972e+00,-4.647519e-01,-7.254140e-01
2.601495e+01,3.331521e+01,8.250609e-01,-7.526951e-01,3.120403e+00,1.090338e+00
1.110412e+01,2.107018e+01,7.637123e+00,-3.152843e+00,3.651504e+00,1.424870e+00
2.101240e+00,-9.705109e+00,1.204616e+01,-2.364855e+00,1.549800e+00,5.377304e-01
-4.749331e+00,2.612804e+00,1.557276e+01,-2.847153e+00,-5.186630e-01,-8.989839e-01
-3.579639e+00,2.425962e+01,1.044240e+01,-3.192729e+00,-9.493117e-01,-4.182969e-01
-6.996740e+00,4.522414e+00,6.459213e+00,-2.627242e+00,-6.647134e-01,-3.936713e-01
1.089372e-01,9.315464e+00,4.714843e+00,-1.141517e+00,2.038175e-01,8.109670e-02
6.296383e+00,1.223533e+01,4.091180e+00,-1.179892e+00,1.369463e+00,5.475786e-01
2.672892e+00,8.122859e+00,3.114540e+00,-9.052081e-01,1.554010e+00,4.596004e-01
-2.153116e-01,8.357120e+00,3.559584e+00,-8.914746e-01,2.392424e-01,1.326688e-01
-1.881398e+00,1.002157e+01,2.986592e+00,-9.401938e-01,-5.385220e-01,-9.326201e-02
3.027090e-01,9.053624e+00,1.348821e+00,-9.932062e-01,-5.573115e-01,-1.055556e-01
1.163705e+00,8.988884e+00,1.545299e+00,-1.025818e+00,-4.099670e-01,-1.637104e-01
2.344378e-01,8.364951e+00,2.979547e+00,-1.227349e+00,-5.853342e-01,-2.228200e-01
3.299946e-02,8.569115e+00,4.313423e+00,-1.450443e+00,-8.594087e-01,-2.736717e-01
1.088756e+00,8.580593e+00,2.147236e+00,-1.559446e+00,-7.737991e-01,-1.993138e-01
1.658705e+00,8.116473e+00,-3.770537e-01,-1.696090e+00,-5.536329e-01,3.879610e-02
2.797793e+00,1.003566e+01,-1.324208e+00,-1.909285e+00,-5.040952e-01,1.535840e-01
4.192601e-01,9.125127e+00,1.766131e+00,-2.590079e+00,-1.021641e+00,6.140978e-02
4.173992e+00,1.022094e+01,1.955177e+00,-2.983138e+00,-1.451665e+00,-4.367117e-02
1.373224e+01,1.401657e+01,-3.562652e+00,-3.471014e+00,-1.333121e+00,2.121958e-01
5.444821e+00,1.690326e+01,2.345424e+00,-3.830246e+00,-1.394715e+00,1.741214e-01
-9.030981e+00,1.970557e+01,1.688297e+01,-4.507364e+00,-4.336983e+00,-2.951997e-01
-1.538475e+01,2.530962e+01,1.752393e+01,-4.708645e+00,-5.722550e+00,-7.268944e-01
-1.136369e+00,2.685596e+00,1.784591e+01,-4.057085e+00,-3.849726e+00,-3.342792e-01
8.831683e+00,7.333033e+00,1.007713e+01,-1.530337e+00,-8.466597e-01,5.028043e-01
1.035860e+01,9.578745e+00,8.872440e+00,-9.159411e-01,1.916391e+00,3.102306e-01
6.998426e+00,4.390813e+00,8.450242e+00,4.029374e-01,1.484470e+00,-2.481747e-01
3.764779e+00,1.765697e+00,6.989535e+00,2.701437e+00,2.851674e-01,-1.211069e+00
1.364222e+00,1.985870e+00,8.497611e+00,3.507389e+00,3.794450e-02,-1.435675e+00
3.909953e-01,2.396368e+00,1.033016e+01,4.595495e+00,5.539121e-01,-1.830071e+00
1.480432e+00,4.167618e+00,1.048381e+01,5.250765e+00,1.077678e+00,-1.849473e+00
3.480212e+00,4.277715e+00,1.422810e+01,6.320897e+00,2.034143e+00,-1.412991e+00
6.340475e+00,5.812535e+00,1.349474e+01,7.376741e+00,2.382467e+00,-1.118972e+00
5.133145e+00,7.205870e+00,9.448127e+00,8.321525e+00,1.996565e+00,-2.701811e-01
-4.339024e+00,-3.374190e-01,4.244208e+00,8.138204e+00,1.285950e+00,3.216946e-01
-1.087683e+01,-1.337791e+01,2.033809e+00,6.579152e+00,5.131134e-02,-3.557189e-01
5.591033e-01,-1.175552e+01,1.295450e+00,3.888878e+00,1.284551e+00,-4.920854e-01
1.952790e+01,3.019068e+01,-4.893228e+00,-8.833617e-01,3.606896e+00,9.722882e-01
1.064963e+01,1.622467e+01,8.676141e+00,-2.826179e+00,3.189669e+00,8.843137e-01
9.052576e-01,-7.642202e+00,1.356183e+01,-3.133050e+00,2.147556e+00,8.887314e-01
-3.610484e+00,7.047096e+00,1.320031e+01,-3.496942e+00,-1.116139e-01,-1.088404e+00
-1.036007e+01,1.608038e+01,1.320912e+01,-3.714418e+00,-1.190556e+00,-4.548485e-01
-1.236096e+01,9.984025e+00,1.147603e+01,-2.857276e+00,-1.575221e+00,-2.813470e-01
4.982791e+00,6.774505e+00,7.466022e+00,-1.752895e+00,5.487615e-01,4.139912e-01
1.242750e+01,1.132885e+01,6.321248e+00,-1.212791e+00,3.125509e+00,1.242562e+00
6.832439e+00,9.605571e+00,5.086585e+00,-1.095153e+00,2.611116e+00,7.201546e-01
1.583973e+00,9.772205e+00,4.627096e+00,-1.028303e+00,1.164331e+00,4.925157e-01
-6.767451e-02,1.021038e+01,3.889945e+00,-8.732220e-01,-5.869810e-01,-1.043349e-01
-9.244216e-03,8.931694e+00,3.150752e+00,-8.261299e-01,-7.433529e-01,-2.198887e-01
-1.099581e+00,7.055887e+00,1.881626e+00,-7.834817e-01,-5.414117e-01,-1.949277e-01
-2.347302e+00,8.113719e+00,2.698776e+00,-8.311822e-01,-5.742021e-01,-1.464531e-01
-1.333467e+00,8.678575e+00,3.507452e+00,-1.012423e+00,-6.650817e-01,-1.279465e-01
2.512305e-01,8.015279e+00,1.913904e+00,-1.115210e+00,-5.473698e-01,-8.559437e-02
2.732864e+00,7.745687e+00,-3.981668e+00,-1.270990e+00,-3.748803e-01,3.185030e-02
4.572480e+00,8.659396e+00,-2.596248e+00,-1.590709e+00,-3.331623e-01,1.492288e-01
3.513674e+00,9.104348e+00,2.580555e-01,-2.384952e+00,-6.786398e-01,1.300712e-01
6.227791e+00,1.319732e+01,3.834992e-01,-2.873338e+00,-9.900027e-01,1.122240e-01
5.090276e+00,1.911488e+01,-2.291605e+00,-3.520176e+00,-1.220956e+00,5.264198e-01
-6.428631e+00,1.560473e+01,8.333172e+00,-3.991167e+00,-1.759571e+00,8.067748e-01
-1.048830e+01,2.744727e+01,1.670384e+01,-4.384660e+00,-3.991659e+00,3.703545e-01
-5.978523e+00,1.544312e+01,1.603662e+01,-4.463982e+00,-3.086472e+00,3.634784e-01
3.884203e+00,3.116745e+00,1.324429e+01,-2.437425e+00,-6.116501e-01,7.834006e-01
6.695469e+00,1.107175e+01,9.234984e+00,-6.396886e-01,1.364586e+00,1.160867e+00
3.357645e+00,7.818405e+00,1.086683e+01,-1.870141e-01,1.345044e+00,5.848860e-01
2.293685e+00,5.105798e+00,9.720533e+00,1.131132e+00,8.126828e-01,1.562694e-01
1.626095e+00,1.531194e+00,9.621965e+00,3.147661e+00,4.857589e-01,-1.390587e-01
1.325751e+00,3.208809e-01,9.662537e+00,4.345873e+00,5.444611e-01,-2.811521e-01
1.018725e+00,1.483304e+00,1.081464e+01,5.471464e+00,9.620801e-01,-6.125613e-01
1.531318e+00,1.918342e+00,1.323776e+01,6.010476e+00,1.180915e+00,-6.806395e-01
3.059982e+00,4.118366e+00,1.436462e+01,7.242587e+00,1.519119e+00,-7.511904e-01
3.216861e+00,8.696165e+00,1.260336e+01,7.919265e+00,1.733977e+00,-7.357167e-01
-6.312781e+00,3.646072e+00,7.842955e+00,8.081223e+00,1.700570e+00,-3.304482e-01
-1.020757e+01,-3.752185e+00,7.331753e+00,7.372386e+00,1.467448e+00,-3.067626e-01
2.212837e+00,-9.773510e+00,-2.500269e-01,4.549361e+00,2.786403e+00,-1.163021e-01
2.704427e+00,-4.568210e+00,6.231983e+00,2.398641e+00,4.462678e+00,2.563740e-01
1.788814e+01,3.756113e+01,-3.036191e+00,-1.534959e+00,3.704350e+00,5.678926e-01
2.205142e+01,1.979216e+01,1.070093e-01,-3.499095e+00,2.545798e+00,-6.082194e-02
-4.554652e+00,3.184673e-01,1.372363e+01,-1.102918e+00,2.649116e+00,6.391068e-01
-5.128764e+00,7.997748e+00,1.360382e+01,-2.714594e+00,1.948150e-01,-8.161746e-01
4.523417e+00,1.403881e+01,1.009556e+01,-3.284634e+00,9.775431e-01,-5.060933e-01
-7.847976e+00,8.274736e+00,1.038405e+01,-2.369528e+00,2.866291e-01,-2.343976e-01
2.624514e+00,9.580737e+00,6.126379e+00,-1.695218e+00,-5.092302e-01,-4.931848e-01
5.538815e+00,1.173182e+01,5.439186e+00,-1.283240e+00,1.118005e+00,3.801051e-01
6.456903e+00,9.824727e+00,4.216365e+00,-9.932897e-01,1.467457e+00,1.458504e-01
3.331532e+00,9.791208e+00,3.999450e+00,-8.651832e-01,8.813565e-01,-9.632355e-03
-8.837354e-01,9.568132e+00,3.105206e+00,-7.658767e-01,-2.600247e-01,-2.577692e-01
-1.910911e+00,8.697292e+00,1.520568e+00,-7.160017e-01,-7.997685e-01,-4.374904e-01
-7.510460e-01,7.350209e+00,-5.052301e-02,-8.211352e-01,-7.767101e-01,-4.474822e-01
-4.144082e-01,7.060991e+00,5.376327e-01,-9.522139e-01,-6.403865e-01,-3.881326e-01
-1.589396e+00,8.053535e+00,3.236121e+00,-1.280732e+00,-5.530442e-01,-3.116466e-01
3.321168e-01,8.779865e+00,2.547613e+00,-1.517662e+00,-5.631874e-01,-2.975931e-01
4.227211e+00,8.566682e+00,-1.288522e-01,-1.737148e+00,-1.719708e-01,-6.776693e-02
5.882710e+00,9.819719e+00,-3.749852e-01,-1.887464e+00,3.548291e-03,8.511451e-02
3.215783e+00,9.058228e+00,1.392186e+00,-2.406619e+00,-4.081845e-01,8.175396e-02
3.817653e+00,1.019982e+01,1.137914e+00,-2.809241e+00,-1.031266e+00,-3.666248e-02
6.423262e+00,1.902185e+01,-3.077205e+00,-3.411821e+00,-1.373461e+00,2.379134e-01
-3.570359e+00,1.460758e+01,6.762194e+00,-3.767183e+00,-1.629502e+00,4.127848e-01
-7.763345e+00,2.162168e+01,1.639784e+01,-4.251386e+00,-3.065270e+00,3.464893e-02
-8.206518e+00,2.489730e+01,1.750735e+01,-4.588136e+00,-3.856708e+00,-2.448122e-01
-1.381987e+00,1.127401e+00,1.660589e+01,-3.080405e+00,-1.682712e+00,5.000957e-01
3.781489e+00,5.251936e+00,9.688034e+00,-9.016460e-01,-2.961358e-01,8.651107e-01
1.797500e+00,8.785105e+00,1.094896e+01,-4.121583e-01,1.305684e+00,1.027872e+00
8.871024e-01,4.277385e+00,1.039789e+01,6.436151e-01,1.332112e+00,8.404669e-01
1.901797e+00,8.863701e-01,8.764893e+00,3.155406e+00,1.310872e+00,4.746093e-01
1.988815e+00,-1.679699e-01,9.125082e+00,4.191751e+00,1.458041e+00,5.509572e-01
2.542337e+00,1.205718e+00,9.867311e+00,5.110508e+00,1.586696e+00,3.288961e-01
2.924841e+00,1.986034e+00,1.118544e+01,5.757665e+00,1.663196e+00,1.732600e-01
3.434233e+00,4.318265e+00,1.363713e+01,6.829603e+00,1.510294e+00,-5.010418e-02
3.192057e+00,8.189587e+00,1.238748e+01,7.495396e+00,1.293902e+00,-2.399117e-01
-1.973926e+00,1.054141e+01,9.229381e+00,8.136240e+00,1.156128e+00,-4.223592e-01
-7.572188e+00,1.760366e+00,5.291028e+00,7.783184e+00,1.159504e+00,-4.761937e-01
4.305414e-01,-5.846233e+00,-2.038070e+00,6.033203e+00,1.946815e+00,-7.695003e-01
4.128383e+00,-7.821679e+00,-5.559676e-01,4.475773e+00,2.910970e+00,-4.809209e-01
6.232714e+00,1.680399e+01,2.500209e+00,1.088059e+00,3.160278e+00,1.542583e-01
2.156529e+01,2.439391e+01,6.624537e-01,-2.227222e+00,1.544022e+00,-4.957600e-01
2.726920e+00,2.883911e-01,1.098788e+01,-2.419163e+00,2.345765e+00,1.269390e+00
-4.424474e+00,9.308747e-01,1.193095e+01,-3.284205e+00,-6.136476e-02,-1.053530e+00
-5.467052e+00,1.903228e+01,1.445961e+01,-3.383313e+00,-5.444211e-01,-6.137369e-01
-1.666144e+00,1.862263e+01,1.008421e+01,-3.124016e+00,-6.886735e-01,-7.408992e-01
-2.360698e+00,4.745932e+00,4.719897e+00,-1.718883e+00,2.870115e-01,-1.836978e-01
4.426601e-01,1.008820e+01,5.525598e+00,-1.037196e+00,9.208540e-01,7.709510e-02
6.354544e+00,1.042957e+01,3.700745e+00,-1.083525e+00,1.975169e+00,3.844444e-01
2.321727e+00,8.148142e+00,3.520324e+00,-9.623236e-01,1.884522e+00,3.401014e-01
-6.877820e-01,1.033284e+01,4.383273e+00,-8.538372e-01,9.887050e-03,-2.154584e-01
8.804501e-01,1.103178e+01,3.646342e+00,-8.242298e-01,-4.058863e-01,-3.298491e-01
3.633595e+00,8.691107e+00,6.073513e-01,-8.233669e-01,6.705229e-02,-1.974822e-01
4.837621e-01,7.413391e+00,8.143153e-01,-8.196556e-01,5.147463e-02,-1.984476e-01
-1.955824e+00,8.614078e+00,2.500147e+00,-1.131415e+00,-8.264575e-01,-3.719274e-01
-7.177996e-01,9.116104e+00,3.557302e+00,-1.334881e+00,-1.016661e+00,-4.116215e-01
-7.032336e-01,9.420598e+00,4.798346e+00,-1.527623e+00,-7.156924e-01,-2.884871e-01
3.762959e-01,8.910713e+00,4.400080e+00,-1.552843e+00,-5.469008e-01,-2.496237e-01
3.122419e+00,8.679132e+00,1.139550e+00,-1.543308e+00,-2.008000e-01,-7.190442e-02
3.740551e+00,1.040696e+01,-8.295037e-01,-1.658340e+00,-5.601430e-02,9.382613e-02
2.837108e+00,9.473687e+00,1.239919e+00,-2.006428e+00,-2.897648e-01,1.451617e-01
4.043804e+00,1.079823e+01,1.518215e+00,-2.456763e+00,-6.840626e-01,5.875082e-02
3.886308e+00,1.717684e+01,-2.976340e+00,-3.059431e+00,-1.030429e+00,2.591541e-01
1.451920e+00,1.344188e+01,6.820821e-01,-3.374754e+00,-1.449979e+00,3.529860e-01
-2.512087e+00,1.796842e+01,1.106298e+01,-3.770504e+00,-2.258570e+00,1.287465e-01
-4.819423e+00,2.633284e+01,1.522702e+01,-4.327662e+00,-3.083400e+00,-1.875228e-01
-2.273131e+00,3.731904e+00,1.719646e+01,-3.944103e+00,-2.555720e+00,-9.700870e-02
2.348191e+00,5.559758e+00,9.796640e+00,-1.892113e+00,-1.670107e+00,-2.590888e-02
1.086095e+00,9.281868e+00,1.128455e+01,-1.037623e+00,4.667648e-01,3.757909e-01
-1.538348e-01,5.671412e+00,1.097248e+01,-3.138836e-01,6.231127e-01,2.670223e-01
1.911418e+00,2.680235e+00,8.474284e+00,2.298784e+00,8.295206e-01,-2.506986e-01
3.078259e+00,1.474786e+00,8.941304e+00,3.468172e+00,1.313242e+00,-1.510024e-01
3.920991e+00,2.611493e+00,8.901572e+00,4.696962e+00,1.783099e+00,-4.005680e-01
4.050389e+00,3.676355e+00,9.722101e+00,5.359836e+00,1.794458e+00,-5.163107e-01
3.561625e+00,4.039601e+00,1.139728e+01,6.194840e+00,1.447675e+00,-5.465405e-01
5.263941e+00,7.016403e+00,1.428329e+01,6.956302e+00,1.037704e+00,-7.020977e-01
3.199667e+00,1.092355e+01,1.045923e+01,7.754790e+00,6.883209e-01,-8.088049e-01
-6.394711e+00,2.514538e+00,7.198784e+00,7.897778e+00,2.768055e-01,-7.271941e-01
-1.413891e+01,-7.299124e+00,7.889218e+00,7.272047e+00,-9.367296e-03,-1.206954e+00
-4.285953e+00,-1.357127e+01,1.192121e+00,5.293319e+00,3.674051e-01,-6.121529e-01
9.348499e+00,4.204568e+00,8.292920e+00,1.443377e+00,3.553593e+00,2.863142e-01
3.490479e+01,3.904006e+01,-3.338340e+00,-1.457776e+00,3.579391e+00,7.184726e-01
-2.526830e+00,-2.079355e+00,7.858819e+00,-3.310830e+00,1.949231e+00,4.765617e-01
-4.742796e+00,-2.312486e+00,1.234394e+01,-1.301639e+00,-2.607851e-02,-4.772254e-01
-9.064420e+00,1.860338e+01,1.452137e+01,-3.332306e+00,-9.983064e-01,-4.859534e-01
-1.560912e+00,1.892365e+01,1.064000e+01,-3.372756e+00,-2.098793e-01,1.401623e-01
1.034309e+00,5.809972e+00,5.147028e+00,-1.925794e+00,6.660532e-01,-3.471545e-01
1.580185e+00,1.036499e+01,4.435336e+00,-1.210573e+00,7.639400e-01,2.244699e-01
6.438126e+00,1.209294e+01,3.870362e+00,-1.227988e+00,1.337528e+00,3.384619e-01
1.960919e+00,8.352443e+00,2.928222e+00,-1.034762e+00,1.502573e+00,3.094904e-01
-8.313945e-01,9.826206e+00,2.394648e+00,-9.527913e-01,-3.202747e-01,-2.872581e-01
-5.037826e-01,9.566304e+00,1.352965e+00,-9.877540e-01,-6.513947e-01,-3.238346e-01
2.353717e-01,7.375665e+00,-4.850343e-01,-1.094365e+00,-3.983432e-01,-2.421167e-01
-2.342519e+00,6.789268e+00,-5.136593e-01,-1.189197e+00,-2.833907e-01,-2.509348e-01
-2.525696e+00,7.191725e+00,3.007763e+00,-1.566135e+00,-5.673471e-01,-3.360622e-01
8.043661e-01,8.232417e+00,5.610604e+00,-1.788058e+00,-5.363716e-01,-3.337261e-01
5.381554e+00,9.655187e+00,3.771744e+00,-1.934147e+00,-9.949848e-02,-2.442126e-01
3.794076e+00,8.429627e+00,3.197851e+00,-2.007021e+00,-3.313308e-02,-2.094606e-01
1.023357e+00,1.056643e+01,1.304429e+00,-2.138823e+00,-7.486180e-01,-2.147396e-01
-1.855456e-01,9.207249e+00,3.474105e+00,-2.410071e+00,-1.080316e+00,-1.655302e-01
1.011620e+01,1.029341e+01,1.843534e+00,-2.864592e+00,-1.364457e+00,-1.588837e-01
1.566114e+01,1.207436e+01,-2.314320e+00,-3.184407e+00,-1.170382e+00,9.354103e-02
5.435445e-02,1.777713e+01,2.619515e+00,-3.706506e+00,-1.613127e+00,1.721184e-01
-1.073550e+01,1.694505e+01,1.376849e+01,-4.259988e+00,-3.068815e+00,5.960356e-02
-1.845212e+01,2.619811e+01,1.969442e+01,-4.610652e+00,-5.788600e+00,-4.088944e-01
-1.164610e+01,1.659813e+01,1.754271e+01,-4.724085e+00,-4.333107e+00,-6.573436e-02
8.507549e+00,4.598870e+00,1.157318e+01,-2.210474e+00,-1.731751e-01,1.380033e+00
1.194229e+01,9.567411e+00,8.511451e+00,-6.528659e-01,2.232671e+00,1.647866e+00
6.635087e+00,4.293215e+00,1.000469e+01,-3.523773e-02,2.930349e+00,1.441567e+00
4.892533e+00,1.934886e+00,7.770360e+00,1.282662e+00,1.873945e+00,7.167952e-01
2.561958e+00,-5.183045e-01,7.749092e+00,2.976710e+00,7.502708e-01,3.494296e-02
1.726231e+00,-7.008646e-01,8.282217e+00,4.022219e+00,2.649622e-01,-3.781958e-01
2.952788e+00,1.916640e+00,8.515908e+00,5.015552e+00,3.765677e-01,-1.144143e+00
3.400140e+00,2.099436e+00,9.736338e+00,5.575068e+00,6.380265e-01,-1.215317e+00
3.714515e+00,4.412242e+00,1.259719e+01,6.415619e+00,6.768932e-01,-1.392456e+00
3.887815e+00,5.842984e+00,1.490167e+01,7.129064e+00,4.889150e-01,-1.505808e+00
-3.427175e+00,1.096040e+01,1.140806e+01,8.040429e+00,2.256990e-01,-1.457116e+00
-9.765959e+00,4.841675e+00,6.419145e+00,8.095691e+00,8.726530e-02,-1.231419e+00
-8.182813e+00,-1.349920e+01,1.786443e+00,7.055688e+00,3.722116e-01,-6.360322e-01
4.261430e+00,-1.362899e+01,2.804458e-01,5.177946e+00,2.085710e+00,9.911693e-03
1.058846e+01,1.127635e+01,7.177995e+00,9.200029e-01,4.730108e+00,7.033518e-01
3.432902e+01,3.689605e+01,-2.920735e+00,-2.081464e+00,3.703895e+00,8.342480e-01
-5.987417e+00,-8.361180e+00,6.592144e+00,-3.694637e+00,1.319646e+00,2.404547e-01
-1.319532e+01,-5.649267e+00,1.505663e+01,-1.065274e+00,-8.468076e-01,-8.686719e-01
-2.193195e-01,2.518494e+01,1.137549e+01,-3.421938e+00,-1.041763e+00,-8.597253e-02
4.506959e+00,8.192926e+00,7.559197e+00,-4.467607e+00,8.107570e-01,1.768605e-01
6.888472e+00,6.598022e+00,7.436284e+00,-2.259755e+00,2.178848e+00,5.655146e-01
2.587316e+00,1.105867e+01,5.955410e+00,-1.757598e+00,1.477754e+00,1.496338e-01
5.205759e+00,1.148593e+01,5.128237e+00,-1.854725e+00,7.190468e-01,2.082373e-01
-2.427902e-01,8.497957e+00,4.950132e+00,-1.591771e+00,3.200777e-01,-1.525783e-01
-1.540523e+00,1.015646e+01,4.651147e+00,-1.434128e+00,-9.016739e-01,-4.892588e-01
-8.293447e-01,9.460859e+00,4.538618e+00,-1.292338e+00,-1.086158e+00,-4.739435e-01
-1.064843e+00,8.441960e+00,4.368764e+00,-1.203903e+00,-5.297430e-01,-3.527106e-01
-1.707562e+00,7.583211e+00,3.788252e+00,-1.118490e+00,-4.238490e-01,-3.273358e-01
-5.083593e-01,8.147839e+00,4.329162e+00,-1.115556e+00,-4.733662e-01,-2.811111e-01
1.479796e+00,7.660732e+00,4.714185e+00,-1.166484e+00,-2.782984e-01,-2.477482e-01
2.015303e+00,8.373160e+00,1.094092e+00,-1.201747e+00,-5.313661e-02,-1.269491e-01
2.612896e+00,7.384665e+00,-1.298845e+00,-1.296788e+00,-4.862843e-02,-5.315740e-02
5.421578e+00,9.122908e+00,-2.252317e+00,-1.585875e+00,-2.814615e-01,3.462231e-02
3.702097e+00,8.475396e+00,-7.383224e-01,-2.136622e+00,-5.658678e-01,4.085892e-02
1.206772e+01,1.108081e+01,-4.101664e+00,-3.032224e+00,-1.357423e+00,-6.860174e-02
1.080464e+01,1.952883e+01,-3.454250e+00,-3.571148e+00,-1.622202e+00,8.980451e-02
-1.266693e+01,2.260479e+01,2.031449e+01,-4.641013e+00,-2.695242e+00,1.561022e-02
-2.148954e+01,2.916844e+01,2.423859e+01,-5.113883e+00,-5.266951e+00,-3.616738e-01
-1.089471e+01,9.228746e+00,1.887891e+01,-4.948036e+00,-4.652397e+00,-2.312775e-01
8.039176e+00,1.566943e+00,1.604389e+01,-3.189559e+00,-1.602491e+00,1.289809e+00
1.545654e+01,1.179970e+01,9.260675e+00,-5.453737e-01,2.985241e+00,1.726930e+00
1.145973e+01,6.507096e+00,1.001545e+01,-2.582626e-01,3.771080e+00,1.390315e+00
9.175605e+00,-8.720623e-01,4.830225e+00,2.260977e+00,1.744321e+00,3.919170e-02
7.154599e+00,7.318446e-02,6.691600e+00,3.692549e+00,7.527284e-01,-7.361048e-01
4.280738e+00,-5.097852e-01,8.462362e+00,4.512765e+00,7.063465e-02,-1.360072e+00
2.508259e+00,1.632848e+00,9.503866e+00,5.339894e+00,-2.877778e-01,-2.140739e+00
1.765876e+00,3.922244e+00,1.408287e+01,6.135431e+00,-6.546130e-02,-2.391323e+00
1.960854e+00,4.089777e+00,1.344761e+01,6.744693e+00,1.333937e-01,-2.297929e+00
-1.460853e+00,1.372020e+01,1.290983e+01,7.934632e+00,5.117378e-01,-2.081056e+00
-3.878091e+00,1.130068e+01,1.139457e+01,8.346163e+00,4.867583e-01,-1.261690e+00
-1.017609e+01,-1.136809e+01,6.122502e+00,7.344482e+00,3.442289e-01,7.126711e-03
6.527894e+00,-1.182825e+01,9.723572e-01,5.938245e+00,1.263065e+00,1.854797e-01
4.572910e+00,1.291260e+01,6.330787e+00,2.335720e+00,3.607846e+00,2.498756e-01
1.352124e+01,3.911373e+01,-7.781320e+00,-1.626186e+00,2.965309e+00,7.786130e-01
-3.641175e+00,-5.113295e+00,7.160006e+00,-3.243078e+00,9.264976e-01,3.890181e-02
2.502223e+00,-3.882437e+00,1.201893e+01,-9.152563e-01,8.121625e-01,9.075327e-02
3.971460e+00,1.482962e+01,1.233361e+01,-2.814411e+00,1.170602e+00,-2.080788e-01
-2.757286e-01,1.533120e+01,8.095915e+00,-3.491823e+00,1.562371e+00,9.030229e-02
-4.887853e+00,7.714637e+00,6.371842e+00,-2.393287e+00,-1.925468e-01,-4.147762e-01
-4.547166e+00,9.925131e+00,5.899486e+00,-1.562796e+00,-8.851642e-01,-4.836045e-01
5.129858e+00,1.151931e+01,4.927259e+00,-1.485919e+00,3.833535e-01,1.490247e-01
5.709913e+00,9.972968e+00,3.949856e+00,-1.151352e+00,1.484475e+00,3.018064e-01
1.857566e+00,8.936596e+00,4.342339e+00,-1.058238e+00,8.249787e-01,1.494667e-01
5.553763e-01,1.122061e+01,3.389632e+00,-9.766992e-01,-8.456985e-02,-1.161947e-01
-6.987663e-01,8.753977e+00,1.009766e+00,-1.004371e+00,-6.644007e-01,-2.755018e-01
-2.543743e+00,7.793572e+00,5.255419e-01,-9.589806e-01,-7.857901e-01,-3.901734e-01
-5.712560e-01,8.137089e+00,2.159624e+00,-1.114783e+00,-8.339581e-01,-3.641664e-01
2.158211e+00,8.158211e+00,3.536421e+00,-1.289415e+00,-6.497499e-01,-2.847540e-01
1.853110e+00,7.795211e+00,2.483533e+00,-1.527497e+00,-2.869122e-01,-1.316608e-01
1.050420e+00,8.605547e+00,4.800548e-01,-1.642571e+00,-3.655638e-01,-1.376642e-01
1.404360e+00,9.015225e+00,1.711948e-01,-1.973835e+00,-6.100854e-01,-4.679555e-02
-5.620948e-01,8.251067e+00,1.648379e+00,-2.306468e+00,-7.599747e-01,-3.416175e-02
6.015768e+00,9.740424e+00,1.355528e+00,-2.833378e+00,-1.077771e+00,-1.111542e-02
1.215998e+01,1.275662e+01,-1.940227e+00,-3.287986e+00,-1.060679e+00,2.333227e-01
4.068360e+00,1.606036e+01,1.461548e+00,-3.826808e+00,-1.168067e+00,2.341158e-01
-9.183189e+00,1.964657e+01,1.648831e+01,-4.423267e+00,-2.725170e+00,-3.193598e-02
-1.598694e+01,2.376192e+01,1.955853e+01,-4.873085e+00,-5.131086e+00,-6.069202e-01
-1.168806e+01,1.379687e+01,1.761485e+01,-4.976033e+00,-4.465305e+00,-2.751631e-01
9.858938e+00,8.019654e+00,9.678196e+00,-2.250085e+00,-8.641311e-01,8.999789e-01
1.015734e+01,9.170597e+00,1.002287e+01,-8.917431e-01,1.938401e+00,1.242017e+00
7.538307e+00,4.017544e+00,9.997968e+00,-1.630365e-01,2.662651e+00,8.205236e-01
5.944519e+00,1.802260e+00,7.058260e+00,1.800034e+00,1.562681e+00,-2.153018e-01
1.802988e+00,2.065766e+00,1.019198e+01,3.587074e+00,6.862651e-01,-8.454590e-01
9.881111e-01,1.542008e+00,1.033413e+01,4.451040e+00,3.916005e-01,-1.261776e+00
1.984347e+00,2.317934e+00,1.155973e+01,5.553337e+00,6.520139e-01,-1.560590e+00
3.301150e+00,3.296819e+00,1.429663e+01,6.464176e+00,1.092408e+00,-1.433489e+00
5.199378e+00,6.076088e+00,1.279224e+01,7.592584e+00,1.384470e+00,-1.207098e+00
2.253400e+00,7.614162e+00,1.197206e+01,8.272954e+00,1.239971e+00,-9.009488e-01
-1.096154e+01,-3.193020e-01,5.197445e+00,8.489772e+00,7.124466e-01,-4.345172e-01
-1.415826e+01,-7.300650e+00,7.664784e+00,7.497197e+00,1.461499e-01,-2.925492e-01
6.914139e+00,-1.035894e+01,2.258625e+00,4.621692e+00,1.907192e+00,-2.558181e-01
7.897910e+00,9.065842e+00,6.304188e+00,2.013072e+00,3.867912e+00,5.112846e-01
1.972530e+01,3.940207e+01,-2.993833e+00,-2.149178e+00,3.312320e+00,9.963925e-01
-7.082512e+00,9.243885e-01,9.085724e+00,-3.777815e+00,1.407342e+00,1.048378e-01
9.034864e-01,-4.086596e-01,1.060628e+01,-1.249957e+00,-8.455241e-01,-1.212805e+00
-5.986062e+00,8.801732e+00,1.686870e+01,-2.545693e+00,-4.140066e-01,-8.890080e-01
2.743046e+00,1.994453e+01,1.027832e+01,-2.573613e+00,1.267452e+00,5.061572e-01
5.148697e+00,3.845890e+00,5.046517e+00,-2.772681e+00,1.288209e+00,-1.975457e-01
2.396800e+00,1.192350e+01,4.788317e+00,-1.228403e+00,1.601777e+00,3.210923e-01
8.704864e-01,1.220290e+01,5.157374e+00,-1.393807e+00,1.087189e+00,1.103942e-01
-2.054878e-02,8.306230e+00,3.644040e+00,-1.231873e+00,1.770402e-01,-9.708924e-02
-9.689715e-01,7.814871e+00,3.238911e+00,-1.125748e+00,-2.585983e-01,-2.156587e-01
4.795893e-01,1.012069e+01,1.743155e+00,-9.839532e-01,-5.091537e-01,-3.204384e-01
8.136641e-01,7.734679e+00,1.959160e-02,-1.020189e+00,-2.639866e-01,-2.525178e-01
-1.308762e+00,7.412212e+00,1.188285e+00,-1.103483e+00,-2.590227e-01,-2.904582e-01
-1.431729e+00,7.936880e+00,3.097333e+00,-1.322114e+00,-5.783926e-01,-3.836499e-01
2.129867e+00,9.879932e+00,5.919970e+00,-1.642071e+00,-7.955233e-01,-4.080895e-01
3.164659e+00,9.704114e+00,4.776703e+00,-1.738507e+00,-6.619395e-01,-3.781599e-01
-3.183710e-02,9.000035e+00,9.635875e-01,-1.791031e+00,-5.946179e-01,-2.694140e-01
6.544761e-01,1.153090e+01,-1.879850e+00,-1.847821e+00,-7.771294e-01,-1.519727e-01
1.301986e+00,9.839675e+00,6.651761e-01,-2.322304e+00,-9.036742e-01,4.745186e-02
4.992702e+00,1.179226e+01,4.949763e-01,-2.730418e+00,-1.049042e+00,-3.244108e-04
1.257279e+01,1.758685e+01,-6.061403e+00,-3.438946e+00,-1.092782e+00,2.420214e-01
6.289570e+00,1.989116e+01,6.164775e-01,-3.761014e+00,-1.122433e+00,3.086119e-01
-1.365747e+01,2.185497e+01,1.752510e+01,-4.521966e+00,-3.516161e+00,3.571683e-01
-1.358601e+01,2.484604e+01,1.742920e+01,-4.701318e+00,-5.088246e+00,2.037465e-02
2.016127e+00,1.846273e-01,1.652970e+01,-4.256627e+00,-3.537719e+00,-4.259106e-01
7.685036e+00,5.289694e+00,9.747159e+00,-1.637017e+00,-1.478034e-01,6.891241e-01
6.780436e+00,8.349504e+00,1.141869e+01,-3.882161e-01,2.580100e+00,4.531189e-01
3.533049e+00,5.041572e+00,1.047091e+01,7.440301e-01,2.145009e+00,3.973200e-02
3.449271e+00,2.693211e+00,8.456953e+00,2.566842e+00,1.189981e+00,-6.187610e-01
1.814345e+00,3.549537e+00,9.971156e+00,3.967340e+00,9.064689e-01,-9.104967e-01
2.149188e+00,3.284161e+00,1.110300e+01,5.415946e+00,9.566171e-01,-1.413317e+00
3.119922e+00,3.338978e+00,1.300371e+01,6.339579e+00,9.044013e-01,-1.332167e+00
3.433843e+00,6.370356e+00,1.230377e+01,7.261549e+00,1.025113e+00,-1.260521e+00
2.290351e+00,4.179942e+00,1.173705e+01,7.870655e+00,8.854346e-01,-1.136470e+00
-2.275490e+00,3.121549e+00,7.630846e+00,8.113503e+00,5.288439e-01,-8.751782e-01
-7.925454e+00,-1.833540e+00,6.570638e+00,7.351516e+00,4.752625e-01,-6.984818e-01
-3.093679e+00,-7.743431e+00,5.840915e+00,5.351993e+00,6.372770e-01,-3.389672e-01
4.044939e+00,-7.218119e+00,7.351685e+00,3.104306e+00,1.717673e+00,-8.027488e-02
1.190809e+01,3.859067e+01,-1.113520e+01,-4.923813e-01,2.919076e+00,4.422923e-01
-6.569578e+00,8.125839e+00,6.547960e+00,-2.877307e+00,1.996363e+00,3.413393e-01
2.478843e-02,-4.981088e+00,1.115708e+01,-1.336929e+00,1.564965e+00,8.371334e-01
1.411601e+00,9.153971e-01,1.124430e+01,-2.994450e+00,5.917608e-01,-5.768763e-01
9.514513e-01,1.950900e+01,9.687298e+00,-3.010251e+00,2.006460e+00,7.011472e-01
1.618595e+00,1.210508e+01,6.284981e+00,-2.496915e+00,1.276326e+00,-6.069016e-02
4.900041e-01,5.152273e+00,3.089436e+00,-1.689060e+00,6.646299e-01,-1.819430e-01
1.181830e+00,1.084500e+01,4.456027e+00,-1.216106e+00,7.772709e-01,3.177994e-02
2.840937e+00,1.069527e+01,4.615252e+00,-1.396272e+00,1.150697e+00,2.180243e-01
1.982778e+00,7.567099e+00,2.802840e+00,-1.230004e+00,1.035853e+00,8.995432e-02
-9.228196e-02,1.010646e+01,2.920940e+00,-9.932358e-01,-7.521263e-02,-1.399615e-01
2.169284e+00,1.087070e+01,2.310351e+00,-1.011161e+00,-3.610927e-01,-2.428407e-01
2.319767e+00,8.276942e+00,9.800000e-01,-1.120381e+00,-7.325574e-02,-2.790236e-01
-1.424984e+00,1.011640e+01,2.650087e+00,-1.249168e+00,-6.350600e-01,-4.729279e-01
-1.182503e+00,1.031228e+01,3.849634e+00,-1.532436e+00,-1.516489e+00,-6.650328e-01
-5.400000e-01,8.177297e+00,3.023210e+00,-1.612578e+00,-1.550104e+00,-6.690994e-01
4.324521e-01,7.220514e+00,1.289304e-02,-1.708915e+00,-1.041993e+00,-2.920897e-01
2.867703e+00,9.551124e+00,-4.532894e-01,-1.944585e+00,-6.296980e-01,4.601664e-02
2.063159e+00,1.117595e+01,2.906914e+00,-2.445662e+00,-5.514065e-01,1.800378e-01
1.712836e+00,1.066317e+01,3.133129e+00,-2.885803e+00,-1.187170e+00,-7.113381e-02
7.122453e+00,1.330294e+01,-2.709033e+00,-3.253406e+00,-1.596696e+00,4.118383e-02
5.750704e+00,1.436555e+01,-3.628497e+00,-3.491477e+00,-1.563808e+00,9.101891e-02
-4.660035e+00,1.750089e+01,1.128785e+01,-3.930008e+00,-2.767518e+00,-1.312033e-01
-8.389668e+00,2.283539e+01,1.583638e+01,-4.492042e+00,-4.319845e+00,-5.225437e-01
-9.093759e+00,1.229249e+01,1.811649e+01,-4.512173e+00,-3.688698e+00,-4.975125e-01
8.899950e-01,4.322705e+00,1.538530e+01,-2.687296e+00,-1.662971e+00,-8.839914e-02
5.604499e+00,9.723749e+00,1.135836e+01,-1.188669e+00,1.393301e+00,3.420326e-01
4.319613e+00,7.177623e+00,1.147743e+01,-7.572300e-01,2.084555e+00,3.456992e-01
4.630871e+00,2.916575e+00,8.036229e+00,1.602227e+00,1.763423e+00,-3.848579e-01
4.800575e+00,1.966958e+00,9.490240e+00,3.035515e+00,1.849541e+00,-6.666974e-01
5.252592e+00,3.082221e+00,8.519632e+00,4.213340e+00,1.810053e+00,-1.098026e+00
4.887304e+00,2.015652e+00,9.776782e+00,5.125635e+00,1.650339e+00,-1.133178e+00
5.505047e+00,2.571994e+00,1.211183e+01,6.349144e+00,1.145053e+00,-1.151701e+00
4.895881e+00,4.138765e+00,1.435517e+01,7.077983e+00,6.021185e-01,-1.073333e+00
2.699041e+00,6.633418e+00,1.253609e+01,7.851583e+00,-1.122802e-01,-1.072972e+00
-1.358739e+00,6.186532e+00,1.082998e+01,8.254718e+00,-3.934254e-01,-1.099363e+00
-1.178888e+01,-9.199490e-01,7.345040e+00,7.212458e+00,-3.358760e-01,-9.460935e-01
-5.330584e+00,-1.274407e+01,2.197734e+00,5.379797e+00,2.718999e-01,-3.978674e-01
6.913120e+00,4.188395e+00,3.655908e+00,2.576278e+00,2.521524e+00,3.717992e-01
1.383381e+01,3.466575e+01,-5.439943e+00,-1.060863e+00,3.357192e+00,9.628231e-01
6.734113e-01,-1.131269e+00,7.408183e+00,-2.645382e+00,2.056936e+00,7.605405e-01
2.621884e+00,-4.475081e+00,9.815026e+00,-2.228947e+00,1.596326e-01,-4.709288e-01
-1.344668e+00,1.050357e+01,1.352860e+01,-3.024951e+00,2.041730e-01,-1.104698e-01
-3.982731e+00,2.176976e+01,1.014880e+01,-2.999550e+00,-2.076092e-01,-1.802996e-01
-4.775965e+00,4.955434e+00,4.446735e+00,-2.156027e+00,-5.424553e-01,-3.235237e-01
-1.067170e+00,8.452075e+00,3.882441e+00,-1.231031e+00,5.350077e-02,-6.536406e-02
5.633696e+00,1.183063e+01,3.539270e+00,-1.254214e+00,1.279542e+00,4.677455e-01
4.080280e+00,9.046474e+00,2.803772e+00,-1.113378e+00,1.316268e+00,3.714320e-01
5.556148e-02,8.587249e+00,3.248228e+00,-1.099819e+00,1.443229e-02,1.323379e-02
-1.077582e+00,1.045846e+01,2.556454e+00,-1.144567e+00,-5.444427e-01,-1.612340e-01
-1.447358e+00,9.119933e+00,1.275251e+00,-1.229742e+00,-6.741021e-01,-2.413636e-01
-1.176817e+00,8.141978e+00,1.392721e+00,-1.233999e+00,-6.299208e-01,-3.044690e-01
1.024708e+00,8.876333e+00,3.580181e+00,-1.375372e+00,-5.268019e-01,-3.005410e-01
2.549639e+00,9.092616e+00,5.129571e+00,-1.524821e+00,-4.619169e-01,-2.685594e-01
1.563669e+00,9.755306e+00,4.409587e+00,-1.618012e+00,-4.706414e-01,-2.346194e-01
3.767594e-01,8.715360e+00,1.262484e+00,-1.658097e+00,-6.857153e-01,-2.089546e-01
7.220122e-01,1.047589e+01,-1.514016e+00,-1.817390e+00,-5.955245e-01,4.417583e-02
-8.251307e-02,1.051465e+01,5.458266e-02,-2.236037e+00,-6.112995e-01,1.528721e-01
4.156476e+00,1.102870e+01,1.279822e+00,-2.799253e+00,-9.101593e-01,1.037509e-01
9.479321e+00,1.352507e+01,-1.301965e+00,-3.230384e+00,-9.880322e-01,2.354781e-01
3.884704e+00,1.446964e+01,-1.453276e+00,-3.721714e+00,-1.392689e+00,2.667534e-01
-3.952279e+00,1.531978e+01,1.203886e+01,-4.207022e+00,-3.033125e+00,-1.354677e-01
-1.098473e+01,2.782318e+01,1.800838e+01,-4.772682e+00,-4.742819e+00,-6.299747e-01
-9.580950e+00,1.304351e+01,1.773160e+01,-4.696602e+00,-3.833447e+00,-6.168528e-01
5.590092e+00,8.741165e+00,9.573251e+00,-1.820427e+00,-1.475688e+00,-1.786432e-01
7.357181e+00,1.145431e+01,9.204137e+00,-1.156005e+00,1.062500e+00,1.772096e-01
4.586872e+00,5.099175e+00,1.055288e+01,3.423289e-01,1.429494e+00,-4.502703e-01
4.314899e+00,2.619597e+00,7.822071e+00,2.141307e+00,1.205505e+00,-9.489025e-01
2.901951e+00,1.589258e+00,9.075673e+00,3.566253e+00,1.243343e+00,-9.788208e-01
2.248186e+00,1.897203e+00,9.016788e+00,4.451999e+00,1.347678e+00,-1.386558e+00
3.143676e+00,4.020507e+00,1.038469e+01,5.640600e+00,1.584236e+00,-1.476084e+00
4.224920e+00,3.824189e+00,1.177691e+01,6.487055e+00,1.683608e+00,-1.313725e+00
6.980474e+00,7.981660e+00,1.150563e+01,7.611164e+00,1.512028e+00,-1.069957e+00
5.909222e+00,1.021200e+01,1.121487e+01,8.151018e+00,1.056923e+00,-6.923040e-01
-8.331614e+00,1.557038e+00,7.172040e+00,8.031399e+00,1.372275e-01,-1.998252e-01
-1.425813e+01,-3.553562e+00,7.597063e+00,7.252453e+00,-4.151081e-01,-4.446749e-01
2.041563e+00,-1.163137e+01,3.645990e+00,4.261830e+00,1.413890e+00,-1.174990e-01
7.109248e+00,4.423908e+00,3.668218e+00,1.218649e+00,3.512275e+00,7.836656e-01
5.332988e+00,1.766259e+01,6.448100e+00,-3.175886e+00,2.755024e+00,9.093462e-01
-6.526909e-01,-3.227120e+00,1.005005e+01,-2.612722e+00,1.590164e+00,5.833538e-01
7.047087e-02,-3.048308e+00,1.203085e+01,-3.418645e+00,-8.814481e-01,-1.323936e+00
-5.598643e+00,1.120793e+01,1.528979e+01,-3.220304e+00,-7.777194e-02,2.083544e-02
-2.692366e+00,1.370034e+01,8.526625e+00,-3.209448e+00,-1.557673e-01,-2.712526e-01
7.138059e-01,3.665883e+00,4.051307e+00,-2.188072e+00,6.395164e-01,1.603164e-01
4.644834e+00,1.058706e+01,4.786042e+00,-1.212492e+00,1.424581e+00,3.330321e-01
4.812304e+00,1.172151e+01,4.385012e+00,-1.270303e+00,1.427319e+00,4.384740e-01
1.364877e-01,7.876904e+00,3.377617e+00,-1.133578e+00,2.567542e-01,9.820653e-03
-2.999303e-01,9.696281e+00,3.512138e+00,-1.096130e+00,-4.633255e-01,-1.840217e-01
-1.174972e-01,1.041748e+01,2.638098e+00,-1.187074e+00,-5.747750e-01,-1.730591e-01
4.716908e-01,9.430159e+00,1.747847e+00,-1.170873e+00,-4.666438e-01,-1.894696e-01
-2.229435e+00,8.611048e+00,2.720459e+00,-1.199345e+00,-6.067786e-01,-3.014815e-01
-2.393455e+00,8.286260e+00,3.575150e+00,-1.301212e+00,-8.527476e-01,-2.992191e-01
1.425440e+00,8.907086e+00,5.093688e+00,-1.420577e+00,-6.460093e-01,-2.333305e-01
3.004772e+00,8.460574e+00,2.978585e+00,-1.438660e+00,-3.690520e-01,-7.741812e-02
2.288409e+00,8.239515e+00,-1.515954e+00,-1.481167e+00,-2.287089e-01,7.155621e-02
1.766116e+00,9.896645e+00,-1.725799e+00,-1.701652e+00,-3.599734e-01,1.792145e-01
1.203694e+00,9.706294e+00,3.998869e-02,-2.380775e+00,-8.644828e-01,1.128618e-01
4.367568e+00,9.865541e+00,3.536486e-01,-2.885527e+00,-1.243262e+00,6.132602e-03
7.108302e+00,1.513756e+01,-4.715455e+00,-3.456606e+00,-1.374294e+00,2.162711e-01
-1.228692e+00,1.640151e+01,4.774814e+00,-3.941288e+00,-1.990249e+00,2.084557e-01
-1.069050e+01,2.328651e+01,1.581730e+01,-4.584365e+00,-4.087797e+00,7.029336e-02
-1.528227e+01,2.414364e+01,1.803967e+01,-4.930513e+00,-4.426910e+00,-1.043591e-01
3.679805e+00,6.228931e+00,1.592988e+01,-3.579297e+00,-1.914485e+00,4.550545e-02
1.119992e+01,1.041235e+01,1.036661e+01,-1.461755e+00,1.191908e+00,9.586543e-01
7.544832e+00,6.887602e+00,1.112308e+01,-9.377879e-01,2.475063e+00,5.763645e-01
5.563966e+00,4.453724e+00,9.990949e+00,6.707024e-01,1.678971e+00,-1.408051e-01
3.089936e+00,1.652788e+00,8.254424e+00,2.719650e+00,8.301712e-01,-9.354043e-01
2.877691e+00,1.310769e+00,9.299234e+00,3.883663e+00,8.593246e-01,-1.404158e+00
3.250447e+00,2.091788e+00,9.404149e+00,5.075977e+00,1.258722e+00,-1.665810e+00
3.722963e+00,2.958416e+00,1.022479e+01,5.927789e+00,1.458101e+00,-1.507383e+00
5.175687e+00,4.576207e+00,1.453831e+01,7.066492e+00,1.380941e+00,-1.136390e+00
7.244876e+00,7.924727e+00,1.289339e+01,7.835645e+00,1.175048e+00,-8.097983e-01
4.743675e+00,7.766366e+00,1.087027e+01,8.415324e+00,5.735488e-01,-3.368405e-01
-1.025684e+01,-4.952127e-01,5.326013e+00,8.159552e+00,-2.238647e-01,-2.193532e-01
-1.093590e+01,-1.472106e+01,4.495097e+00,6.009449e+00,-1.102492e+00,-7.625226e-01
1.110769e+00,-8.739182e+00,5.785810e+00,3.137857e+00,1.224666e+00,-4.890470e-01
2.436574e+01,3.872696e+01,3.928477e-01,-9.997651e-01,3.626114e+00,1.119126e+00
6.329136e+00,2.102214e+01,1.128923e+01,-3.501901e+00,3.017887e+00,8.201262e-01
4.738029e+00,-1.081722e+01,1.188941e+01,-3.359817e+00,8.878650e-01,-5.393099e-01
-4.244932e+00,9.817572e+00,1.601877e+01,-3.343042e+00,-1.033946e-01,-5.163695e-01
-6.510094e+00,2.026246e+01,1.118539e+01,-3.385698e+00,-1.017288e+00,-3.890078e-01
-6.429550e+00,7.729151e+00,7.573119e+00,-2.658754e+00,-7.629550e-01,-3.588063e-01
2.403954e+00,8.198474e+00,5.380343e+00,-1.319460e+00,9.018113e-01,4.073927e-01
7.476203e+00,1.252685e+01,5.076845e+00,-1.181518e+00,2.010297e+00,6.871799e-01
3.626148e+00,8.013074e+00,3.711414e+00,-1.143356e+00,1.566812e+00,5.287307e-01
1.510006e+00,9.869989e+00,4.012856e+00,-1.021242e+00,2.340221e-01,1.199087e-01
-1.890410e-01,1.098495e+01,2.797640e+00,-1.095718e+00,-4.896620e-01,-7.827208e-02
-3.676013e-01,1.016263e+01,1.801247e+00,-1.104393e+00,-6.554207e-01,-1.730544e-01
-1.900000e+00,7.785706e+00,1.253186e+00,-1.132038e+00,-6.741068e-01,-2.097330e-01
-1.396941e+00,7.970658e+00,1.729813e+00,-1.244797e+00,-6.896928e-01,-1.579067e-01
1.949790e+00,7.621802e+00,3.449660e+00,-1.473312e+00,-5.745527e-01,-1.008617e-01
2.721840e+00,7.922720e+00,3.396626e+00,-1.601638e+00,-5.145021e-01,-6.415170e-02
9.082266e-01,8.280816e+00,-2.005326e-01,-1.828439e+00,-5.869171e-01,-3.926785e-02
9.915672e-01,9.077394e+00,-1.429218e+00,-2.077102e+00,-7.185813e-01,5.481603e-02
3.215015e+00,9.761118e+00,-4.143786e-01,-2.615145e+00,-8.709960e-01,1.675656e-01
9.405269e+00,1.014420e+01,-1.493867e+00,-3.068008e+00,-1.030057e+00,1.311700e-01
1.064814e+01,1.583665e+01,-3.043889e+00,-3.686744e+00,-1.376124e+00,1.591214e-01
-4.167009e-01,1.750963e+01,1.033765e+01,-4.289270e+00,-2.176996e+00,3.629907e-02
-2.469299e+01,2.916905e+01,2.103850e+01,-4.865285e+00,-5.600587e+00,-2.421612e-01
-2.127762e+01,1.679258e+01,1.992352e+01,-4.810091e+00,-5.218643e+00,-6.775732e-01
3.392349e+00,6.252569e+00,1.518471e+01,-2.291878e+00,-1.182991e+00,8.107051e-01
1.107017e+01,1.219582e+01,1.217534e+01,-7.992065e-01,2.889728e+00,1.790861e+00
1.151088e+01,5.444493e+00,9.820127e+00,5.088713e-01,4.094328e+00,1.267165e+00
9.604814e+00,1.503290e+00,6.327447e+00,2.496700e+00,3.015167e+00,5.917108e-01
5.280407e+00,1.582309e+00,8.649642e+00,3.966715e+00,1.551775e+00,-1.375605e-02
3.810328e+00,2.304436e+00,8.838412e+00,4.667327e+00,6.507429e-01,-7.483048e-01
2.708120e+00,2.390872e+00,1.149823e+01,5.822211e+00,2.877175e-01,-1.367612e+00
4.690945e+00,3.726370e+00,1.347610e+01,6.729243e+00,3.977787e-01,-1.518795e+00
6.226510e+00,8.177190e+00,1.372391e+01,7.633767e+00,7.167966e-01,-1.372397e+00
5.963867e+00,1.186929e+01,1.225085e+01,8.220329e+00,4.744419e-01,-9.723187e-01
-1.173828e+01,-4.756974e-02,7.019535e+00,8.338432e+00,-4.233544e-01,-5.244505e-01
-1.177695e+01,-9.846011e+00,7.467336e+00,7.472465e+00,-7.187018e-01,-1.002658e+00
1.400530e+00,-1.446055e+01,1.294548e+00,4.659992e+00,1.169372e+00,-5.829324e-01
9.219728e+00,-5.973642e+00,1.237701e+01,1.395791e+00,3.101212e+00,7.847836e-01
2.730391e+01,3.464891e+01,-4.507384e-01,-3.738637e+00,2.226834e+00,6.210921e-01
-6.375554e+00,-3.036693e+00,9.835050e+00,-4.559718e+00,5.376756e-01,4.429823e-01
-1.227839e+01,-3.596950e+00,1.580231e+01,-9.590092e-01,-3.180592e+00,-2.162971e+00
-1.451827e+01,1.180555e+01,1.845218e+01,-2.938430e+00,-3.205349e+00,-1.557883e+00
1.645385e+00,1.128941e+01,8.566939e+00,-3.419260e+00,9.583763e-01,5.362379e-01
7.712273e+00,4.828212e+00,5.323735e+00,-1.885184e+00,2.337730e+00,4.747795e-01
7.187090e+00,1.062095e+01,3.608853e+00,-1.306531e+00,2.409205e+00,7.114102e-01
5.235976e+00,1.125561e+01,3.920260e+00,-1.345191e+00,1.497317e+00,3.561556e-01
-3.091235e+00,8.632401e+00,4.359400e+00,-1.225719e+00,1.359553e-02,-1.500199e-01
-4.128032e+00,8.802783e+00,4.095741e+00,-1.230351e+00,-1.156660e+00,-4.408933e-01
-6.845759e-02,9.004050e+00,2.317204e+00,-1.189804e+00,-9.018754e-01,-3.250696e-01
1.464601e+00,8.679319e+00,1.152817e+00,-1.120941e+00,-3.138535e-01,-1.834639e-01
6.032210e-02,7.545072e+00,1.249068e+00,-1.202174e+00,-2.874259e-01,-2.132848e-01
-8.278916e-01,7.807105e+00,2.045523e+00,-1.342341e+00,-6.595721e-01,-3.378931e-01
-9.688457e-01,8.766373e+00,5.579645e+00,-1.675448e+00,-1.010643e+00,-3.681760e-01
-1.078606e-02,9.306244e+00,4.275329e+00,-1.763808e+00,-8.517549e-01,-2.776237e-01
1.563945e+00,9.688481e+00,-2.731955e-01,-1.817021e+00,-5.113554e-01,-7.251773e-02
2.875398e+00,8.937290e+00,-1.191826e-01,-1.935558e+00,-4.271070e-01,5.521452e-02
8.003658e-01,1.057528e+01,2.048515e+00,-2.415110e+00,-7.204331e-01,4.852739e-02
4.155484e+00,1.045566e+01,1.257543e+00,-2.859570e+00,-1.082945e+00,4.789318e-02
1.000728e+01,1.738819e+01,-4.635916e+00,-3.405397e+00,-9.262871e-01,3.169701e-01
3.665450e+00,1.715375e+01,1.441630e+00,-3.976540e+00,-1.408616e+00,3.637471e-01
-8.038259e+00,2.200955e+01,1.644728e+01,-4.574459e+00,-3.428261e+00,-7.360741e-02
-1.356422e+01,2.698731e+01,1.806661e+01,-4.840092e+00,-4.695955e+00,-2.259375e-01
-8.386790e-01,1.460015e+00,1.806088e+01,-3.746527e+00,-2.662009e+00,1.111367e-02
6.423714e+00,7.512009e+00,8.925828e+00,-1.253796e+00,-3.697444e-01,6.909948e-01
7.061318e+00,8.342957e+00,1.073760e+01,-6.149704e-01,2.118438e+00,8.572888e-01
6.525986e+00,5.758698e+00,1.001047e+01,7.067496e-01,2.028541e+00,3.675786e-01
5.188072e+00,5.903925e-01,7.604471e+00,3.105668e+00,1.301346e+00,-4.381278e-01
3.518371e+00,1.938194e-02,8.913680e+00,4.296377e+00,8.060061e-01,-8.342795e-01
2.703495e+00,2.016054e+00,9.433043e+00,5.134501e+00,5.037526e-01,-1.410491e+00
2.853620e+00,2.661393e+00,1.027448e+01,5.759306e+00,5.133696e-01,-1.586565e+00
3.177467e+00,4.236165e+00,1.502526e+01,6.853048e+00,4.858750e-01,-1.745145e+00
3.236629e+00,9.425021e+00,1.172996e+01,7.627388e+00,4.006058e-01,-1.761352e+00
-3.250845e+00,7.548595e+00,1.031776e+01,8.233021e+00,1.635956e-01,-1.341153e+00
-1.273640e+01,-7.363880e-01,5.392862e+00,7.887031e+00,-6.077338e-02,-9.483765e-01
-4.646607e+00,-1.297701e+01,4.877095e-01,6.420282e+00,4.056262e-01,-6.847627e-01
5.891068e+00,-1.178223e+01,2.889930e+00,4.137369e+00,2.757099e+00,-2.410755e-01
9.992412e+00,2.656742e+01,3.434700e+00,-6.922160e-01,4.716535e+00,1.294794e+00
2.923460e+01,3.462677e+01,6.415603e-01,-3.770096e+00,3.184118e+00,8.100295e-01
-1.015500e+01,-9.696490e+00,1.041595e+01,-2.130394e+00,1.882791e+00,1.163840e+00
-5.926379e+00,-7.377414e-01,1.246149e+01,-1.292192e+00,-1.804778e+00,-2.119578e+00
-1.104729e+01,1.838860e+01,1.534230e+01,-3.229596e+00,-1.090548e-01,2.582914e-01
-6.436181e-01,1.532166e+01,1.099999e+01,-3.062797e+00,8.191213e-01,3.077101e-01
9.801830e+00,4.494812e+00,4.707424e+00,-2.063189e+00,2.118971e+00,2.492700e-01
7.448577e+00,1.032977e+01,4.295051e+00,-1.251326e+00,2.500879e+00,7.023323e-01
2.906931e+00,1.116574e+01,4.472670e+00,-1.458365e+00,1.112414e+00,1.238527e-01
-1.368136e+00,8.579975e+00,4.251783e+00,-1.308552e+00,-1.611629e-01,-2.980965e-01
-5.086472e+00,8.032620e+00,3.738521e+00,-1.245548e+00,-1.309390e+00,-5.365849e-01
-2.425066e+00,9.770763e+00,2.526233e+00,-1.166607e+00,-1.378916e+00,-5.548494e-01
1.775792e+00,8.204288e+00,3.241271e-01,-1.213907e+00,-1.531210e-01,-7.672563e-02
1.323075e+00,8.450951e+00,1.230686e+00,-1.254400e+00,1.198082e-01,-1.031705e-01
1.707006e+00,8.322842e+00,3.075856e+00,-1.493306e+00,-2.377731e-01,-2.572028e-01
1.953893e+00,8.543287e+00,4.323287e+00,-1.709256e+00,-6.014416e-01,-3.437563e-01
-4.138488e-01,8.810000e+00,2.251247e+00,-1.934429e+00,-9.512338e-01,-4.215347e-01
1.264698e-01,9.220966e+00,3.758938e-01,-2.066244e+00,-1.071107e+00,-2.676060e-01
-1.413895e-01,8.273612e+00,1.463612e+00,-2.348427e+00,-1.075854e+00,-7.500985e-02
1.164510e+00,1.102765e+01,2.332520e+00,-2.682212e+00,-1.092513e+00,-2.320759e-02
9.714926e+00,1.340827e+01,-1.827984e+00,-3.349371e+00,-1.076851e+00,3.353635e-01
7.555891e+00,1.941956e+01,-4.152354e+00,-3.643007e+00,-9.234027e-01,3.705392e-01
-5.489050e+00,1.736935e+01,1.377785e+01,-4.349855e+00,-2.348530e+00,2.535346e-01
-9.339923e+00,2.588981e+01,1.649771e+01,-4.703462e+00,-4.216265e+00,-1.251659e-01
-6.740540e+00,8.871170e+00,1.963517e+01,-4.699349e+00,-3.592492e+00,-2.309385e-01
4.640878e+00,7.376356e+00,1.110277e+01,-2.481174e+00,-1.491294e+00,2.838415e-01
8.353020e+00,9.381070e+00,1.089794e+01,-8.897610e-01,1.460584e+00,8.510589e-01
7.147457e+00,5.477268e+00,1.131450e+01,-1.852395e-01,2.042421e+00,4.429449e-01
5.310790e+00,1.209052e+00,7.636479e+00,2.689913e+00,1.176498e+00,-6.007158e-01
3.487093e+00,8.462844e-01,8.961049e+00,4.005126e+00,7.313021e-01,-7.866921e-01
1.722295e+00,7.154109e-01,9.881782e+00,5.132200e+00,4.706617e-01,-1.328307e+00
2.398225e+00,1.755359e+00,1.099028e+01,5.952758e+00,6.940223e-01,-1.498905e+00
3.402839e+00,4.152250e+00,1.374262e+01,6.905284e+00,1.084474e+00,-1.472481e+00
4.909351e+00,7.041602e+00,1.482174e+01,7.678131e+00,1.217955e+00,-1.398517e+00
1.636972e+00,1.106082e+01,9.800935e+00,8.558093e+00,1.007918e+00,-1.011360e+00
-5.582657e+00,3.127008e+00,6.350865e+00,8.516446e+00,5.267923e-01,-6.475156e-01
-5.262982e+00,-1.229573e+01,-1.796070e+00,7.426814e+00,3.306782e-01,-1.014249e+00
-7.194673e-01,-1.274680e+01,-1.597186e+00,5.490367e+00,1.597491e+00,-5.229491e-01
5.360368e+00,1.925209e+00,1.462919e+01,4.967927e-01,2.864989e+00,3.893057e-01
8.050625e+00,3.775444e+01,3.528788e+00,-2.939104e+00,2.387564e+00,5.761573e-01
-5.591498e+00,4.434241e+00,1.001390e+01,-4.964338e+00,1.486763e+00,4.693281e-01
-1.371088e+01,-6.639367e+00,1.182401e+01,-1.271236e+00,8.459973e-01,4.998527e-01
-8.965227e+00,7.697667e+00,1.871676e+01,-2.746090e+00,-1.018346e+00,-1.096511e+00
6.270505e-01,2.658755e+01,1.495885e+01,-3.115593e+00,1.126379e+00,5.875060e-01
6.791438e+00,2.578110e+00,6.177797e+00,-3.000108e+00,2.055969e+00,2.523632e-01
5.936231e+00,6.944980e+00,5.113213e+00,-1.532104e+00,2.091410e+00,6.830444e-01
5.416321e+00,1.304018e+01,4.345120e+00,-1.446164e+00,1.411094e+00,3.394973e-01
1.513671e+00,1.008992e+01,4.093024e+00,-1.221342e+00,5.968156e-01,3.556623e-02
-2.437699e+00,8.271917e+00,3.340774e+00,-1.063704e+00,-7.678689e-01,-3.436107e-01
-2.694040e-01,1.013422e+01,2.040090e+00,-9.641713e-01,-1.085198e+00,-4.170960e-01
1.228063e+00,9.013122e+00,-4.615603e-01,-9.619906e-01,-4.655849e-01,-2.155898e-01
7.297898e-01,7.315264e+00,-7.238421e-01,-1.023414e+00,-2.847448e-01,-2.458661e-01
-1.501257e+00,6.536205e+00,1.011827e+00,-1.332846e+00,-6.842063e-01,-4.369161e-01
-5.386737e-01,7.892587e+00,3.312232e+00,-1.668850e+00,-9.749404e-01,-4.836393e-01
9.627987e-01,7.852342e+00,3.511756e+00,-2.018329e+00,-9.083597e-01,-4.071822e-01
1.125957e+00,8.633577e+00,1.767379e+00,-2.169333e+00,-7.560629e-01,-3.139825e-01
1.159531e+00,9.271520e+00,2.267657e+00,-2.434125e+00,-8.107696e-01,-1.762385e-01
-9.416836e-01,9.703073e+00,2.693092e+00,-2.740082e+00,-9.219672e-01,-8.424851e-02
4.859568e+00,1.473007e+01,-3.949502e-01,-3.234589e+00,-1.146533e+00,1.545788e-01
5.426866e+00,2.255830e+01,-4.279247e+00,-3.535711e+00,-9.377000e-01,4.265060e-01
-1.031930e+00,1.759613e+01,7.208279e+00,-4.166280e+00,-1.520908e+00,5.301435e-01
-3.730906e+00,1.892493e+01,1.563654e+01,-4.503395e+00,-2.672715e+00,3.154713e-01
-3.499193e+00,1.231360e+01,1.627404e+01,-4.660522e+00,-3.301118e+00,-1.921271e-01
3.010420e+00,3.272941e+00,1.562494e+01,-3.429366e+00,-2.045606e+00,-5.369891e-01
6.343213e+00,9.966523e+00,7.781825e+00,-1.013635e+00,5.047769e-02,-2.977081e-01
3.494940e+00,7.284555e+00,1.061285e+01,-5.108772e-01,8.027839e-01,-5.903717e-01
3.155999e+00,4.518008e+00,8.449720e+00,1.752891e+00,5.531141e-01,-1.576620e+00
2.797290e+00,3.355121e+00,1.049065e+01,3.211763e+00,8.176742e-01,-1.486386e+00
2.444418e+00,3.722636e+00,1.068023e+01,4.762282e+00,1.306463e+00,-1.582865e+00
2.629041e+00,3.142245e+00,1.176292e+01,5.788467e+00,1.615237e+00,-1.501089e+00
6.489983e+00,3.434668e+00,1.325370e+01,6.965316e+00,1.863402e+00,-1.216345e+00
8.535534e+00,7.873530e+00,1.269565e+01,7.783933e+00,1.849379e+00,-9.062104e-01
3.163283e+00,6.153550e+00,7.546167e+00,8.498009e+00,8.021212e-01,-1.957660e-01
-7.252140e+00,1.100869e+00,5.628331e+00,8.481115e+00,-2.571697e-01,-1.248973e-01
-6.948388e+00,-1.181951e+01,-1.162720e+00,7.121143e+00,-7.871897e-01,-1.136820e+00
-1.272085e+00,-1.347152e+01,-1.624710e+00,4.988516e+00,7.115897e-01,-6.704387e-01
7.833274e+00,8.747245e+00,1.050460e+01,7.689464e-01,2.906951e+00,8.417254e-01
2.369230e+01,3.643413e+01,-2.451651e+00,-2.321127e+00,2.566238e+00,7.709102e-01
-9.479227e+00,-4.993580e+00,1.472725e+01,-3.528836e+00,1.052987e+00,7.801728e-01
-5.335390e+00,-7.795693e+00,1.347698e+01,-2.210614e+00,-1.287306e+00,-1.075146e+00
-8.677264e+00,1.630473e+01,1.629781e+01,-3.245188e+00,-1.093915e+00,-5.580206e-01
-5.169176e+00,2.457305e+01,1.352097e+01,-3.133792e+00,4.609589e-01,5.548886e-01
3.375725e+00,2.584172e+00,5.494435e+00,-2.526919e+00,1.189192e+00,-1.359834e-01
5.473391e+00,9.031675e+00,4.049828e+00,-1.195754e+00,1.842851e+00,6.998682e-01
4.114318e+00,1.180259e+01,4.543277e+00,-1.188569e+00,1.584863e+00,4.465034e-01
1.631719e+00,9.370732e+00,4.024655e+00,-1.006621e+00,7.496564e-01,1.607995e-01
-2.780939e+00,8.448953e+00,3.459169e+00,-9.239424e-01,-4.859779e-01,-1.462987e-01
-1.173710e+00,1.020255e+01,2.363721e+00,-8.618917e-01,-8.559597e-01,-2.656657e-01
1.487600e+00,9.034645e+00,-2.524860e-01,-8.920929e-01,-4.011415e-01,-1.454465e-01
-4.297257e-01,8.053619e+00,-5.008562e-01,-9.403418e-01,-2.441024e-01,-9.358959e-02
-4.059821e+00,7.434949e+00,1.956673e+00,-1.199807e+00,-8.193970e-01,-3.102389e-01
-2.351167e+00,7.774150e+00,4.172132e+00,-1.466660e+00,-1.102834e+00,-3.782036e-01
4.945542e+00,9.836660e+00,4.210259e+00,-1.662879e+00,-5.936901e-01,-2.078163e-01
5.473082e+00,8.683835e+00,2.441506e+00,-1.715537e+00,-1.224983e-01,-6.954288e-02
1.840326e+00,9.709397e+00,7.035996e-01,-1.864548e+00,-1.606449e-01,1.312993e-01
-1.088579e+00,1.054718e+01,1.122681e+00,-2.134462e+00,-7.710121e-01,8.219487e-02
1.934648e+00,1.041556e+01,2.147156e+00,-2.630641e+00,-1.259351e+00,7.461486e-02
8.331960e+00,1.228611e+01,1.057108e+00,-2.952519e+00,-1.156181e+00,2.128573e-01
3.672197e+00,1.658120e+01,-2.982611e+00,-3.423932e+00,-8.710262e-01,5.888727e-01
-5.989503e+00,1.356923e+01,8.064437e+00,-3.879543e+00,-1.827713e+00,4.900653e-01
-9.731786e+00,2.168644e+01,1.521842e+01,-4.345210e+00,-4.010132e+00,7.216502e-02
-1.062052e+01,2.162814e+01,1.676821e+01,-4.666944e+00,-3.978140e+00,1.582135e-01
2.378075e+00,4.137138e+00,1.336650e+01,-3.561548e+00,-1.342792e+00,3.264708e-01
8.933526e+00,9.718521e+00,8.085103e+00,-1.297723e+00,8.805266e-01,1.028290e+00
5.367651e+00,7.067354e+00,1.115825e+01,-8.736978e-01,2.339107e+00,8.884493e-01
4.347955e+00,4.745843e+00,9.411274e+00,6.711014e-01,1.647869e+00,2.155330e-01
3.951601e+00,2.854985e+00,8.950514e+00,2.599742e+00,1.028466e+00,-3.588542e-01
3.382519e+00,2.579383e+00,9.198791e+00,3.661701e+00,8.777023e-01,-6.509866e-01
3.048736e+00,1.993105e+00,9.985318e+00,4.777384e+00,8.406085e-01,-1.159048e+00
3.324783e+00,2.344424e+00,1.070439e+01,5.608758e+00,8.540612e-01,-1.248616e+00
3.554924e+00,3.485169e+00,1.547606e+01,6.739448e+00,6.888500e-01,-1.280999e+00
4.145429e+00,6.731988e+00,1.389380e+01,7.497263e+00,4.306046e-01,-1.223939e+00
1.266367e+00,6.076506e+00,1.080931e+01,8.267925e+00,2.004019e-01,-1.057171e+00
-8.079452e+00,2.105870e+00,6.259201e+00,8.352507e+00,1.524498e-01,-8.717518e-01
-8.475070e+00,-1.483645e+01,2.357772e+00,6.369787e+00,-4.431509e-02,-7.571117e-01
2.204018e+00,-1.070416e+01,3.393645e+00,4.038082e+00,1.482775e+00,-5.212250e-01
2.853457e+01,3.874028e+01,-2.828166e+00,3.111676e-01,3.719867e+00,7.300438e-01
1.184452e+01,1.279949e+01,6.150337e+00,-2.738351e+00,3.543956e+00,1.105756e+00
2.234917e+00,-9.749686e+00,1.272439e+01,-2.916282e+00,1.479429e+00,2.186104e-01
-7.389128e+00,5.977485e+00,1.693454e+01,-3.589830e+00,-2.935152e-01,-9.169860e-01
-3.155432e+00,1.958474e+01,1.148480e+01,-3.565095e+00,-9.296983e-01,-3.869534e-01
-4.226888e+00,9.361633e+00,7.743507e+00,-2.982626e+00,-2.915755e-01,-3.992011e-01
5.519481e+00,9.079769e+00,4.669468e+00,-1.487895e+00,8.654470e-01,1.882452e-01
7.519752e+00,1.232808e+01,4.636537e+00,-1.274443e+00,1.715131e+00,6.066986e-01
1.712138e+00,9.272635e+00,4.580061e+00,-1.213714e+00,1.313450e+00,3.544879e-01
-1.516150e+00,9.920100e+00,4.599255e+00,-1.108298e+00,4.646696e-02,-4.889933e-02
-2.176770e+00,1.001866e+01,2.425693e+00,-9.541561e-01,-1.090600e+00,-2.884852e-01
-1.318606e+00,9.261852e+00,1.039532e+00,-8.636308e-01,-8.526962e-01,-2.726196e-01
-7.018454e-01,7.911209e+00,1.129406e+00,-9.006885e-01,-3.238401e-01,-1.823073e-01
-1.019213e-01,7.421048e+00,2.223668e+00,-1.066520e+00,-2.878507e-01,-1.830233e-01
1.547447e+00,8.380058e+00,2.814727e+00,-1.330779e+00,-4.381429e-01,-1.518514e-01
1.534128e+00,8.472500e+00,1.924767e+00,-1.481597e+00,-4.506912e-01,-1.522222e-01
1.773945e+00,8.415228e+00,-1.554880e+00,-1.738538e+00,-5.633467e-01,-8.011472e-02
1.656678e+00,9.379089e+00,-6.876245e-01,-1.979931e+00,-6.195319e-01,2.773343e-03
1.742096e-01,1.070747e+01,1.341710e+00,-2.554664e+00,-8.725062e-01,4.955305e-02
8.975079e+00,1.216187e+01,-1.517221e+00,-2.955787e+00,-1.095156e+00,1.196406e-01
5.652118e+00,1.615283e+01,-2.014901e+00,-3.477564e+00,-8.296145e-01,4.879229e-01
-3.033776e-01,1.571523e+01,8.595900e+00,-3.962587e+00,-1.545908e+00,3.850106e-01
-1.251980e+01,2.798176e+01,1.820683e+01,-4.621035e+00,-4.261789e+00,-1.612895e-01
-9.719515e+00,1.761027e+01,1.851420e+01,-4.884899e+00,-4.706008e+00,-3.806600e-01
2.628590e+00,2.694466e+00,1.367115e+01,-2.987995e+00,-2.237990e+00,-2.043968e-01
8.771338e+00,1.138628e+01,8.419476e+00,-9.160373e-01,2.609501e-01,4.283980e-01
5.758901e+00,6.881453e+00,1.044006e+01,-4.792170e-01,2.077914e+00,6.890854e-02
5.199493e+00,3.424125e+00,8.434780e+00,1.313629e+00,1.531999e+00,-6.377627e-01
4.213739e+00,7.800000e-01,8.637650e+00,3.421355e+00,1.132220e+00,-1.074243e+00
3.629220e+00,1.516064e+00,8.959917e+00,4.350381e+00,1.015878e+00,-1.328712e+00
2.984259e+00,3.005616e+00,1.038571e+01,5.492696e+00,9.254434e-01,-1.781889e+00
3.064845e+00,3.634286e+00,1.333882e+01,6.247025e+00,8.789098e-01,-1.747904e+00
3.901697e+00,6.584227e+00,1.248344e+01,7.237774e+00,8.735876e-01,-1.622223e+00
3.716078e+00,1.081896e+01,1.228455e+01,8.004788e+00,8.230248e-01,-1.446808e+00
-7.734058e+00,1.376797e+00,6.008579e+00,8.222387e+00,7.684284e-01,-6.328071e-01
-1.066473e+01,-1.134313e+01,2.887976e+00,7.421727e+00,4.154208e-01,-3.525521e-01
3.964623e+00,-1.386269e+01,2.279588e+00,5.227942e+00,1.328308e+00,-3.662094e-01
5.460985e+00,1.388436e+00,1.079555e+01,2.271744e+00,3.310118e+00,1.874724e-01
1.792410e+01,3.131518e+01,3.895907e+00,-3.516984e+00,2.624169e+00,7.105926e-01
-3.652938e+00,-7.766535e+00,6.194117e+00,-4.105197e+00,1.684403e+00,6.318378e-01
-2.298380e+00,2.391705e-01,1.287268e+01,-1.054008e+00,-7.702419e-01,-1.303683e+00
-4.475347e+00,1.577538e+01,1.323314e+01,-2.888592e+00,-1.122705e+00,-1.169819e+00
1.696441e+00,1.204969e+01,8.540998e+00,-3.304513e+00,6.832586e-01,2.804122e-01
1.692577e+00,4.604053e+00,5.108994e+00,-2.271498e+00,9.516124e-01,-1.699478e-01
4.277675e+00,1.135314e+01,4.246982e+00,-1.283030e+00,9.335120e-01,2.081493e-01
5.601795e+00,1.235318e+01,4.245206e+00,-1.336934e+00,1.091606e+00,2.750609e-01
1.191124e-01,8.166514e+00,4.221090e+00,-1.186988e+00,7.214071e-01,2.127950e-02
-1.019658e+00,9.319735e+00,4.080885e+00,-1.142342e+00,-3.453857e-01,-2.918256e-01
-1.797178e-01,9.822835e+00,2.473300e+00,-1.119842e+00,-8.637332e-01,-3.881136e-01
1.387190e+00,8.916592e+00,5.456728e-01,-1.117319e+00,-6.882889e-01,-2.909008e-01
-8.795112e-01,8.157160e+00,1.426124e+00,-1.194078e+00,-6.217959e-01,-2.772227e-01
-1.566922e+00,9.302765e+00,3.012160e+00,-1.371104e+00,-9.298382e-01,-3.402144e-01
-1.230782e+00,8.731155e+00,3.886323e+00,-1.620488e+00,-1.167760e+00,-3.526757e-01
1.659566e+00,8.510624e+00,8.159636e-01,-1.676509e+00,-1.075845e+00,-2.653029e-01
3.986873e+00,9.884971e+00,-2.880642e+00,-1.765214e+00,-5.720177e-01,-4.230375e-02
2.437783e+00,9.457521e+00,2.074380e-01,-2.104490e+00,-6.619452e-01,1.045420e-01
5.528450e+00,1.067528e+01,6.544541e-01,-2.846700e+00,-1.347315e+00,-2.363443e-02
8.114655e+00,1.292618e+01,-2.187918e+00,-3.284564e+00,-1.432199e+00,1.237816e-01
2.666835e+00,1.413742e+01,-7.036170e-01,-3.672869e+00,-1.085104e+00,4.524431e-01
-6.339703e+00,1.770599e+01,1.139512e+01,-4.028819e+00,-1.884912e+00,4.223831e-01
-1.261669e+01,2.533919e+01,1.676575e+01,-4.758411e+00,-3.959713e+00,-1.585856e-01
-9.443988e+00,1.274833e+01,1.726187e+01,-4.816943e+00,-3.552167e+00,8.431851e-02
8.395408e+00,9.489359e+00,9.018595e+00,-2.305608e+00,-1.060511e+00,7.431496e-01
8.978993e+00,1.226239e+01,8.639215e+00,-8.590372e-01,1.360563e+00,1.104365e+00
4.532476e+00,5.185883e+00,9.927899e+00,-1.290356e-01,1.796418e+00,5.343028e-01
3.030655e+00,2.589354e+00,8.212393e+00,1.842056e+00,8.781171e-01,-2.105099e-01
1.841363e+00,6.969075e-01,9.453581e+00,3.718694e+00,2.999944e-01,-5.768745e-01
2.092752e+00,1.449723e+00,9.826971e+00,4.652309e+00,3.993184e-01,-9.691961e-01
2.760584e+00,2.725438e+00,1.218482e+01,5.703312e+00,1.111489e+00,-1.322756e+00
3.385324e+00,2.880745e+00,1.511811e+01,6.522945e+00,1.331725e+00,-1.315519e+00
6.352107e+00,8.671280e+00,1.442950e+01,7.734516e+00,1.378414e+00,-1.306705e+00
3.146649e+00,6.687786e+00,1.085316e+01,8.363041e+00,1.071619e+00,-1.048768e+00
-1.479669e+01,-3.558332e+00,6.722233e+00,8.480781e+00,3.023146e-01,-6.291225e-01
-1.770584e+01,-1.194302e+01,9.607902e+00,7.520380e+00,-3.463719e-01,-9.767586e-01
4.790239e+00,-2.277890e+00,7.820865e+00,3.575184e+00,1.539926e+00,-5.336435e-01
1.169666e+01,2.754923e+01,-8.673974e-02,2.335956e-01,4.321821e+00,8.358503e-01
4.014519e+00,1.445435e+00,8.517035e+00,-3.502213e+00,4.047692e+00,1.117880e+00
2.157754e-01,-8.548468e+00,1.266578e+01,-2.060503e+00,3.769031e+00,1.688541e+00
-3.267959e+00,1.199269e+01,1.522798e+01,-2.849099e+00,-9.218117e-02,-1.466857e+00
-1.703847e+00,2.201396e+01,1.189471e+01,-3.377473e+00,2.327437e-01,1.911158e-01
-4.925308e+00,4.693168e+00,6.296209e+00,-2.478151e+00,-2.701181e-01,-7.092518e-01
-2.725854e+00,7.285604e+00,5.619115e+00,-1.562870e+00,-2.435069e-01,-2.532197e-01
8.319735e+00,1.265985e+01,4.008683e+00,-1.188939e+00,1.203642e+00,4.537416e-01
5.456987e+00,9.000309e+00,2.940240e+00,-9.922693e-01,2.090397e+00,5.656600e-01
4.116449e-01,9.664739e+00,2.607543e+00,-9.471229e-01,5.772299e-01,1.606972e-01
-1.926807e+00,1.044166e+01,2.207647e+00,-9.279151e-01,-3.878397e-01,-1.291592e-01
-1.821248e+00,7.408346e+00,6.819187e-01,-1.028754e+00,-9.053156e-01,-3.333743e-01
-5.887083e-01,7.253247e+00,7.401850e-01,-1.052330e+00,-6.787596e-01,-3.342489e-01
2.535729e-01,7.522000e+00,3.035288e+00,-1.276827e+00,-3.952337e-01,-2.178229e-01
1.824439e+00,9.151630e+00,4.286385e+00,-1.487286e+00,-4.261015e-01,-1.938870e-01
2.552949e+00,8.838931e+00,1.254015e+00,-1.689842e+00,-3.598970e-01,-1.359280e-01
2.857005e+00,9.179878e+00,-8.670408e-01,-1.802139e+00,-3.478210e-01,-2.117775e-02
1.525538e+00,9.648632e+00,-4.605743e-01,-2.096208e+00,-5.800488e-01,1.137449e-01
6.432697e-01,1.007855e+01,1.045828e+00,-2.591115e+00,-9.722371e-01,1.103486e-01
9.179389e+00,1.242591e+01,-1.741218e+00,-3.223900e+00,-1.498259e+00,1.482897e-01
6.823696e+00,1.900962e+01,-4.300147e+00,-3.544694e+00,-1.368100e+00,4.278985e-01
-6.061364e+00,1.794766e+01,1.158429e+01,-4.255872e+00,-2.250797e+00,4.796452e-01
-1.427732e+01,2.726712e+01,1.708039e+01,-4.554563e+00,-4.391547e+00,2.152085e-01
-7.203132e+00,1.015575e+01,1.797814e+01,-4.845961e+00,-3.942130e+00,-1.480030e-02
5.794614e+00,5.175098e+00,1.368091e+01,-3.596226e+00,-2.017538e+00,-2.217659e-02
1.001791e+01,1.182453e+01,9.864430e+00,-9.068519e-01,2.225758e+00,9.463132e-01
6.989561e+00,6.729262e+00,1.093870e+01,-8.786675e-01,2.630080e+00,5.545846e-01
4.057981e+00,2.420739e+00,8.184877e+00,1.806500e+00,1.383588e+00,-5.688192e-01
2.857214e+00,1.818810e+00,9.075572e+00,3.106487e+00,8.086075e-01,-8.925607e-01
2.332649e+00,1.336623e+00,9.546689e+00,4.394912e+00,6.541650e-01,-1.406080e+00
2.917702e+00,2.360085e+00,9.957059e+00,5.128991e+00,8.926563e-01,-1.639278e+00
4.565719e+00,2.751676e+00,1.346293e+01,6.336963e+00,1.308407e+00,-1.616650e+00
6.260229e+00,5.527092e+00,1.363390e+01,7.485568e+00,1.320674e+00,-1.459918e+00
6.186582e+00,1.024439e+01,1.151280e+01,8.085484e+00,1.082512e+00,-1.265461e+00
-1.751135e+00,3.136863e+00,5.848626e+00,8.291197e+00,3.835271e-01,-7.832654e-01
-1.369403e+01,-1.424041e+01,1.106213e+00,7.511710e+00,-6.306823e-01,-1.169422e+00
-1.254561e+00,-1.499874e+01,1.967468e+00,4.468047e+00,9.725503e-01,-8.321446e-01
1.738832e+01,3.094676e+01,3.102673e-01,1.563086e+00,3.143626e+00,4.067341e-01
1.862406e+01,2.988412e+01,4.033608e+00,-2.957803e+00,3.338298e+00,9.354615e-01
4.207968e+00,-7.857784e+00,1.517001e+01,-2.078436e+00,3.393662e+00,1.538716e+00
-2.442000e-01,-5.365265e+00,1.418854e+01,-3.854287e+00,9.523423e-01,-6.050795e-01
-4.318487e-01,2.331928e+01,1.253370e+01,-3.600751e+00,8.548334e-01,4.981198e-01
-1.988734e+00,1.681932e+01,9.425749e+00,-2.885792e+00,-1.022215e-01,-3.118572e-01
-3.533078e+00,5.554819e+00,5.052033e+00,-1.847758e+00,-5.685541e-01,-1.554061e-01
4.892053e+00,1.154066e+01,5.217413e+00,-1.304444e+00,7.281593e-01,3.772581e-01
5.165618e+00,1.027072e+01,3.344945e+00,-1.238360e+00,1.883837e+00,7.342222e-01
2.182237e+00,7.938817e+00,3.127634e+00,-1.127642e+00,1.174175e+00,3.755739e-01
-1.545446e+00,9.988590e+00,2.863558e+00,-1.015486e+00,-5.009820e-01,-2.709750e-02
-5.885354e-01,1.012255e+01,1.958973e+00,-1.018305e+00,-6.591081e-01,-1.092437e-01
9.027840e-01,7.878864e+00,1.742147e+00,-1.106236e+00,-3.887111e-01,-9.706293e-02
1.331073e+00,7.879360e+00,2.775790e+00,-1.198286e+00,-3.058497e-01,-9.713041e-02
1.137130e+00,8.140058e+00,3.935739e+00,-1.457539e+00,-5.996248e-01,-1.940406e-01
1.111034e+00,8.304968e+00,3.022900e+00,-1.550359e+00,-7.587382e-01,-1.797107e-01
1.494937e+00,8.522409e+00,-1.604925e+00,-1.690198e+00,-6.970291e-01,-2.949648e-02
2.611201e+00,9.990365e+00,-9.470806e-01,-1.899201e+00,-6.365991e-01,1.175810e-01
-1.913180e-01,1.053009e+01,1.412411e+00,-2.652717e+00,-9.647857e-01,1.737581e-01
4.153509e+00,1.106767e+01,1.416623e+00,-3.100264e+00,-1.323573e+00,2.142778e-01
1.316394e+01,1.647534e+01,-6.017356e+00,-3.512837e+00,-1.057766e+00,5.011995e-01
4.585640e+00,1.521147e+01,-5.913920e-01,-3.997993e+00,-1.546649e+00,3.703257e-01
-1.253666e+01,2.163299e+01,1.825266e+01,-4.545841e+00,-4.828826e+00,-2.777489e-01
-1.994503e+01,2.473109e+01,1.892771e+01,-4.740115e+00,-5.614547e+00,-4.827540e-01
-4.274692e+00,3.570150e+00,1.813884e+01,-3.572829e+00,-2.893961e+00,2.987178e-02
5.228601e+00,8.581280e+00,1.258436e+01,-1.521930e+00,-3.973358e-02,1.289844e+00
8.504911e+00,8.488883e+00,1.180917e+01,-9.060306e-01,3.229321e+00,1.359412e+00
7.216422e+00,4.323680e+00,9.222166e+00,9.420307e-01,2.877631e+00,8.670422e-01
5.495793e+00,1.231496e+00,7.276683e+00,2.800584e+00,2.084881e+00,3.718402e-01
4.625160e+00,1.950462e+00,9.026939e+00,3.745394e+00,1.626064e+00,-7.848956e-02
5.167230e+00,1.922467e+00,9.525879e+00,5.014091e+00,1.514413e+00,-1.015380e+00
5.401787e+00,1.823373e+00,9.803240e+00,5.932266e+00,1.437751e+00,-1.199703e+00
5.654746e+00,3.664407e+00,1.344949e+01,6.903087e+00,1.062766e+00,-1.417342e+00
5.772918e+00,6.145278e+00,1.431016e+01,7.569854e+00,6.906652e-01,-1.443474e+00
2.598145e+00,1.128673e+01,1.254271e+01,8.258925e+00,-3.950738e-02,-1.301751e+00
-1.144293e+01,2.413576e+00,6.303437e+00,8.102620e+00,-5.256787e-01,-1.127146e+00
-1.373300e+01,-1.416079e+01,7.120446e+00,6.407512e+00,-7.498522e-01,-1.161728e+00
3.923198e+00,-1.462313e+01,3.715422e+00,4.377904e+00,1.364179e+00,-5.660113e-01
2.327034e+01,3.652190e+01,-3.234982e+00,-4.701404e-01,4.463024e+00,1.051239e+00
1.534072e+01,1.483298e+01,5.744138e+00,-3.076875e+00,3.542213e+00,1.053757e+00
-2.808781e-01,-7.676023e+00,1.416732e+01,-3.170846e+00,2.570088e-02,-3.006502e-01
-7.487370e+00,2.791592e+00,1.653394e+01,-3.563169e+00,-1.531417e+00,-1.374077e+00
-7.474376e+00,2.336409e+01,1.386698e+01,-3.301548e+00,-1.132957e+00,1.600833e-02
-5.831700e+00,1.118593e+01,8.237612e+00,-2.870602e+00,-9.217349e-01,-6.907569e-01
6.244222e-01,5.926525e+00,5.025426e+00,-9.561933e-01,9.883950e-01,6.354698e-01
8.111456e+00,1.130883e+01,4.295694e+00,-1.038619e+00,2.466307e+00,9.363877e-01
7.427961e+00,1.094187e+01,2.428913e+00,-9.681896e-01,2.617071e+00,7.835899e-01
-6.158374e-01,7.721515e+00,3.002050e+00,-9.807687e-01,1.070470e+00,3.827760e-01
-2.444327e+00,9.743196e+00,2.212403e+00,-9.801963e-01,-8.699042e-01,-2.391284e-01
-4.699488e-01,9.201616e+00,9.936864e-01,-1.024879e+00,-6.337642e-01,-1.797701e-01
-3.858672e-01,7.455796e+00,8.391768e-01,-1.076260e+00,-1.826970e-01,-1.000898e-01
-8.451075e-01,7.457634e+00,2.019645e+00,-1.225844e+00,-2.911307e-01,-1.162554e-01
1.916521e+00,8.316521e+00,4.659123e+00,-1.561777e+00,-5.921919e-01,-2.653960e-01
2.715944e+00,9.251855e+00,4.575153e+00,-1.660320e+00,-5.108428e-01,-2.159511e-01
9.691108e-01,8.681141e+00,8.509895e-01,-1.752356e+00,-6.388461e-01,-1.711545e-01
1.294241e+00,9.654218e+00,-1.150111e+00,-1.828709e+00,-7.570009e-01,-7.022312e-02
-1.625645e+00,1.038459e+01,4.631052e-01,-2.312760e+00,-9.038490e-01,1.281705e-01
9.777437e-02,1.084641e+01,1.501644e+00,-2.773748e+00,-1.164669e+00,1.506330e-01
1.444919e+01,1.296553e+01,-2.955230e+00,-3.452743e+00,-8.913288e-01,4.512593e-01
1.071278e+01,1.756509e+01,-4.187834e+00,-3.758242e+00,-8.485332e-01,4.818320e-01
-1.214746e+01,1.818080e+01,1.825623e+01,-4.555862e+00,-3.325694e+00,1.097098e-01
-1.908284e+01,2.736783e+01,2.006116e+01,-4.797667e+00,-5.868895e+00,-4.305051e-01
-9.096610e+00,6.485128e+00,1.816139e+01,-4.433471e+00,-3.872565e+00,-5.165897e-01
3.658761e+00,3.957502e+00,1.444944e+01,-1.825118e+00,-3.066209e-01,8.902237e-01
1.048926e+01,1.005357e+01,1.075457e+01,-8.772943e-01,3.281942e+00,1.098091e+00
8.967193e+00,6.498025e+00,1.112508e+01,1.344406e-02,3.162431e+00,7.027652e-01
5.768845e+00,1.299919e+00,7.898897e+00,2.654670e+00,1.718505e+00,-2.933260e-01
4.250638e+00,1.034597e+00,9.029833e+00,3.982006e+00,1.018485e+00,-5.581341e-01
3.507079e+00,2.020176e+00,9.745397e+00,5.049687e+00,8.407017e-01,-1.290172e+00
3.676238e+00,2.464460e+00,1.028408e+01,5.725829e+00,9.670352e-01,-1.432822e+00
5.508616e+00,3.166499e+00,1.407259e+01,7.026126e+00,1.163071e+00,-1.558199e+00
6.990848e+00,5.887527e+00,1.137872e+01,7.852970e+00,1.076948e+00,-1.439427e+00
3.586360e+00,8.858586e+00,1.028078e+01,8.560712e+00,4.247639e-01,-8.784870e-01
-5.683565e+00,2.978481e+00,6.295942e+00,8.300501e+00,-1.569094e-01,-6.149343e-01
-1.325943e+01,-1.472472e+01,1.401518e+00,6.451488e+00,-8.295413e-01,-1.139528e+00
2.896548e+00,-1.283068e+01,4.112492e+00,4.137024e+00,1.404351e+00,-5.643381e-01
1.469771e+01,2.184565e+01,2.673338e+00,-5.997490e-01,3.717662e+00,1.249820e+00
3.277803e+01,3.717619e+01,1.229859e-02,-3.570622e+00,3.111584e+00,1.042877e+00
-1.221623e+01,-9.827243e+00,1.336101e+01,-1.273781e+00,1.090294e+00,9.920300e-01
-6.259832e+00,-3.667195e+00,1.427527e+01,-2.027157e+00,-2.538403e+00,-2.567439e+00
-6.111047e+00,2.220571e+01,1.417564e+01,-3.163506e+00,-1.762370e-02,4.926048e-01
4.610626e+00,1.043659e+01,6.955247e+00,-2.998151e+00,1.051916e+00,3.766338e-01
7.303532e+00,5.975811e+00,3.971850e+00,-1.125585e+00,2.401559e+00,7.267738e-01
6.041113e+00,1.136334e+01,3.406101e+00,-1.133183e+00,1.913035e+00,4.130104e-01
1.190411e+00,1.052116e+01,3.374471e+00,-1.124189e+00,6.616305e-01,7.102997e-02
-1.955630e+00,8.513563e+00,2.565393e+00,-1.064532e+00,-2.736422e-01,-2.097381e-01
-1.582441e+00,9.295881e+00,1.046125e+00,-1.096616e+00,-1.325253e+00,-4.797980e-01
-5.728192e-01,9.076055e+00,3.133431e-02,-1.173833e+00,-9.773907e-01,-3.138694e-01
-1.473022e+00,7.279741e+00,3.103090e-01,-1.318540e+00,-7.079025e-01,-2.159885e-01
-2.629224e+00,7.748223e+00,1.603230e+00,-1.446981e+00,-8.241942e-01,-3.048749e-01
4.405834e-01,7.861711e+00,5.538635e+00,-1.841379e+00,-7.998578e-01,-3.473235e-01
3.581432e+00,9.569681e+00,5.504504e+00,-1.899535e+00,-4.030416e-01,-2.205648e-01
4.552484e+00,8.660000e+00,2.695624e+00,-1.974440e+00,3.368369e-02,-3.653308e-02
2.663601e+00,9.938952e+00,4.343642e-01,-2.014546e+00,-9.779315e-02,4.919870e-02
-7.962238e-01,1.058631e+01,1.470693e+00,-2.450632e+00,-7.968267e-01,5.418200e-02
1.004632e+00,1.117673e+01,1.955937e+00,-2.819593e+00,-1.174924e+00,3.133644e-02
1.309826e+01,1.536933e+01,-5.208091e+00,-3.254796e+00,-1.091818e+00,3.198624e-01
9.337833e+00,1.993731e+01,-4.571261e+00,-3.566163e+00,-1.048520e+00,4.490783e-01
-7.270937e+00,1.509567e+01,1.482652e+01,-4.393643e+00,-3.155860e+00,1.995351e-01
-1.543183e+01,2.670328e+01,1.788953e+01,-4.702895e+00,-5.728438e+00,-5.526194e-01
-8.885968e+00,9.542803e+00,1.613387e+01,-4.248087e+00,-3.653136e+00,-5.253253e-01
2.328131e+00,3.338974e+00,1.177277e+01,-2.584650e+00,-1.801895e+00,3.476316e-02
7.858462e+00,1.068936e+01,9.249812e+00,-8.130328e-01,2.135217e+00,6.173089e-01
6.448595e+00,6.807931e+00,1.022893e+01,2.778256e-02,2.334049e+00,1.449164e-01
4.800286e+00,3.120292e+00,7.990447e+00,2.450565e+00,1.527714e+00,-7.540704e-01
2.802618e+00,3.566659e+00,9.514900e+00,3.499394e+00,1.188454e+00,-8.160664e-01
1.712583e+00,2.853576e+00,1.065788e+01,4.916008e+00,1.153506e+00,-1.220679e+00
2.368973e+00,2.861639e+00,1.127043e+01,5.852823e+00,1.366757e+00,-1.215030e+00
5.520217e+00,3.638208e+00,1.500880e+01,6.918327e+00,1.768077e+00,-1.059355e+00
7.150162e+00,7.496074e+00,1.344035e+01,7.628924e+00,1.849296e+00,-8.796195e-01
5.416095e+00,6.973543e+00,1.002694e+01,8.461404e+00,9.516036e-01,-1.870070e-01
-9.850366e+00,-1.873432e+00,5.713944e+00,8.244286e+00,2.581989e-01,-2.753510e-01
-7.979257e+00,-1.339547e+01,1.048132e+00,6.373666e+00,-4.284095e-01,-9.439093e-01
5.640125e-01,-1.322055e+01,4.055193e+00,3.643586e+00,1.594667e+00,-5.473202e-01
8.390253e+00,2.549520e+01,4.789880e+00,-7.173188e-01,3.512947e+00,1.043539e+00
2.727881e+01,3.456202e+01,-5.141638e+00,-3.990281e+00,2.880594e+00,5.921101e-01
-9.347792e+00,-1.322064e+01,1.078709e+01,-8.262310e-01,1.961046e+00,1.511140e+00
-1.386817e+01,1.726436e+00,1.826586e+01,-1.119214e+00,-1.025808e+00,-1.672108e+00
4.384783e+00,1.969426e+01,9.355464e+00,-3.899491e+00,2.635599e-01,4.500321e-01
6.463451e+00,7.533944e+00,6.768540e+00,-3.260156e+00,1.727738e+00,2.671177e-02
-3.139363e-01,8.460490e+00,5.439281e+00,-1.695417e+00,1.148069e+00,1.638139e-01
3.745500e+00,1.136800e+01,4.553501e+00,-1.757965e+00,6.880332e-01,8.626367e-02
1.532341e+00,9.982375e+00,4.186150e+00,-1.512272e+00,4.606865e-01,5.628212e-02
-5.849517e-02,8.763894e+00,3.676195e+00,-1.458210e+00,-2.891986e-01,-2.640917e-01
1.174603e+00,9.152498e+00,3.476662e+00,-1.387634e+00,-6.571154e-01,-2.410713e-01
9.228365e-01,8.363110e+00,3.542662e+00,-1.392874e+00,-5.989184e-01,-2.197493e-01
-2.461735e+00,7.527664e+00,3.306196e+00,-1.358128e+00,-7.924962e-01,-4.123592e-01
-3.149483e+00,7.335973e+00,3.493457e+00,-1.376920e+00,-1.041138e+00,-4.935300e-01
-4.928159e-01,7.029313e+00,4.415423e+00,-1.436793e+00,-8.551718e-01,-4.287607e-01
1.984919e+00,8.585386e+00,3.488739e+00,-1.475123e+00,-4.374606e-01,-2.800864e-01
2.178979e+00,9.689279e+00,1.256223e-01,-1.649998e+00,-3.670574e-02,2.559163e-02
3.026557e+00,9.143661e+00,-8.248599e-02,-1.848492e+00,-1.288059e-01,9.285154e-02
2.431391e+00,9.888571e+00,6.968131e-01,-2.396309e+00,-4.964468e-01,7.079335e-02
8.593164e+00,1.096577e+01,-9.043890e-01,-2.780040e+00,-8.207589e-01,9.682192e-02
9.438798e+00,1.974755e+01,-5.324703e+00,-3.472853e+00,-1.060265e+00,2.906456e-01
-4.440795e+00,1.729023e+01,6.944107e+00,-4.167478e+00,-2.022409e+00,2.882065e-01
-1.057707e+01,2.674885e+01,1.787717e+01,-4.796528e+00,-4.369686e+00,-2.684043e-01
-1.134191e+01,2.349688e+01,1.820032e+01,-4.976913e+00,-4.892024e+00,-2.808814e-01
3.781476e+00,1.642689e+00,1.640779e+01,-2.868161e+00,-1.388958e+00,4.215208e-01
1.089746e+01,1.105168e+01,8.046233e+00,-9.704720e-01,8.788351e-01,6.827274e-01
6.446477e+00,7.327275e+00,1.064117e+01,-4.381625e-01,1.872055e+00,2.253178e-01
5.173160e+00,3.967233e+00,8.876516e+00,9.851091e-01,1.294123e+00,-4.969914e-01
3.303669e+00,1.434483e+00,9.124511e+00,3.583586e+00,6.945397e-01,-1.124118e+00
3.281300e+00,8.195045e-01,1.005396e+01,4.576190e+00,6.100818e-01,-1.245978e+00
2.957683e+00,1.311312e+00,1.012247e+01,5.679489e+00,9.058506e-01,-1.504583e+00
3.405991e+00,2.836879e+00,1.204129e+01,6.282670e+00,1.091274e+00,-1.454101e+00
4.466396e+00,4.325514e+00,1.441746e+01,7.456719e+00,1.247673e+00,-1.309669e+00
6.327934e+00,1.044647e+01,1.236761e+01,8.310756e+00,1.142081e+00,-1.057455e+00
-6.349789e+00,2.104348e+00,4.142984e+00,8.515698e+00,6.917246e-01,-2.966433e-01
-1.816752e+01,-3.748140e+00,1.135763e+01,7.911543e+00,6.572753e-02,-2.542725e-01
1.981143e+00,-1.771352e+01,9.297145e-02,4.680653e+00,8.570084e-01,-6.989485e-01
5.393963e+00,2.008723e+01,2.781743e+00,1.275611e+00,2.817910e+00,3.848432e-01
2.564478e+01,3.059810e+01,1.878647e+00,-4.031745e+00,2.061527e+00,4.200091e-01
-5.986035e+00,-5.764264e+00,1.533874e+01,-3.081835e+00,1.970331e+00,9.080735e-01
-6.962105e+00,-1.474517e+00,1.789563e+01,-3.528162e+00,-1.137058e+00,-1.544165e+00
4.386437e-01,1.987209e+01,1.374208e+01,-3.518138e+00,1.320901e-01,3.690811e-02
-2.116493e+00,1.458109e+01,9.203480e+00,-2.903104e+00,5.896910e-01,-2.333223e-02
-4.349857e+00,4.123746e+00,5.718422e+00,-1.894851e+00,1.881736e-01,8.906101e-02
6.949105e+00,1.091824e+01,4.685754e+00,-1.085901e+00,1.140870e+00,4.570019e-01
7.161797e+00,1.353656e+01,3.951422e+00,-1.020286e+00,1.906942e+00,6.388429e-01
3.923981e-01,8.554008e+00,3.180861e+00,-9.884416e-01,5.894516e-01,1.607537e-01
-1.365329e+00,8.810524e+00,2.796750e+00,-8.290977e-01,-4.493825e-01,-8.014988e-02
-2.204354e+00,9.582082e+00,1.180796e+00,-8.545544e-01,-9.781039e-01,-3.059746e-01
-1.127350e+00,7.084793e+00,7.143123e-01,-9.688282e-01,-7.657744e-01,-2.276309e-01
-3.942375e-01,7.287737e+00,1.755269e+00,-1.149906e+00,-4.733158e-01,-1.824574e-01
1.056416e+00,7.475993e+00,3.122280e+00,-1.357836e+00,-4.654106e-01,-1.644861e-01
2.340000e+00,8.492506e+00,1.937548e+00,-1.605287e+00,-4.078476e-01,-1.020934e-01
2.518418e+00,8.389390e+00,1.679079e-01,-1.720632e+00,-3.469637e-01,-3.953263e-02
2.439955e+00,9.705995e+00,-9.447827e-01,-2.071851e+00,-4.248993e-01,1.153125e-01
2.068205e-01,1.008568e+01,6.252277e-01,-2.460071e+00,-6.839754e-01,1.328656e-01
1.310771e+01,1.056251e+01,-2.010845e+00,-3.137674e+00,-1.142065e+00,2.277260e-01
1.424851e+01,1.730755e+01,-5.855068e+00,-3.440425e+00,-1.039137e+00,3.950677e-01
-8.689309e+00,1.551937e+01,1.182640e+01,-4.135637e+00,-2.255074e+00,2.625936e-01
-1.099268e+01,2.291580e+01,1.725591e+01,-4.445441e+00,-4.218278e+00,-1.802219e-01
-1.514186e+01,1.908485e+01,1.689695e+01,-4.868931e+00,-4.640956e+00,-3.356036e-01
2.683461e+00,2.231389e+00,1.638162e+01,-3.428741e+00,-2.414685e+00,2.025951e-01
1.155664e+01,1.168213e+01,9.557913e+00,-9.557061e-01,1.551959e+00,1.064564e+00
9.281237e+00,7.994602e+00,1.020447e+01,-7.845890e-01,2.469403e+00,6.202335e-01
4.706961e+00,3.546055e+00,7.508827e+00,1.356241e+00,1.366358e+00,-4.200748e-01
3.362637e+00,2.128596e+00,7.815226e+00,2.693920e+00,6.439547e-01,-8.615926e-01
1.749084e+00,1.399162e+00,9.125955e+00,4.156782e+00,4.103472e-01,-1.374401e+00
2.357989e+00,2.855978e+00,9.848419e+00,4.703632e+00,6.712797e-01,-1.692780e+00
3.768151e+00,4.235924e+00,1.214962e+01,5.880362e+00,1.529833e+00,-1.673586e+00
4.448911e+00,4.195434e+00,1.533043e+01,6.692266e+00,1.771201e+00,-1.545578e+00
7.381312e+00,1.022109e+01,1.306291e+01,7.846752e+00,1.627636e+00,-1.165077e+00
3.478985e+00,7.103928e+00,1.073420e+01,8.203198e+00,1.263936e+00,-6.358795e-01
-1.301534e+01,-6.377960e+00,5.174259e+00,7.741550e+00,2.521178e-01,-3.683305e-01
-8.565961e+00,-1.457707e+01,9.486335e+00,6.216046e+00,-1.493942e-01,-7.043735e-01
4.707622e+00,1.779568e+01,-2.867068e-01,1.512572e+00,2.787922e+00,3.245732e-03
3.385915e+01,3.758102e+01,4.294101e-01,-1.441368e+00,3.859455e+00,1.040631e+00
3.000835e+00,-5.583559e+00,1.259427e+01,-2.953361e+00,3.595222e+00,1.490992e+00
-3.794572e+00,-7.449867e+00,1.716102e+01,-3.391031e+00,1.068409e+00,1.114137e-01
2.580070e+00,2.120759e+01,1.425323e+01,-3.356534e+00,-2.218059e-01,-4.546796e-01
-3.832850e+00,1.551161e+01,9.730932e+00,-3.372885e+00,-2.746144e-01,-1.454295e-01
-3.082178e+00,5.657389e+00,5.175653e+00,-1.628209e+00,-4.176511e-01,-1.480091e-01
4.216321e+00,9.089989e+00,4.231118e+00,-1.000793e+00,3.551219e-01,-7.765300e-02
5.471160e+00,1.236534e+01,3.146523e+00,-8.910467e-01,1.810927e+00,5.700739e-01
-8.644724e-01,8.997929e+00,2.979723e+00,-8.825603e-01,8.836320e-01,1.797292e-01
-2.528661e+00,1.040077e+01,1.636361e+00,-6.775006e-01,-4.905371e-01,-2.020989e-01
-1.313882e+00,9.738651e+00,-4.356566e-01,-6.628322e-01,-6.881534e-01,-2.826870e-01
-3.926612e-01,5.413720e+00,-1.574458e+00,-7.950499e-01,-1.324251e-01,-1.711851e-01
-1.356808e+00,6.080602e+00,2.481640e-01,-1.058785e+00,-5.891825e-02,-1.549261e-01
1.399387e+00,8.623453e+00,4.527085e+00,-1.635401e+00,-3.129745e-01,-1.684482e-01
3.236364e+00,9.708728e+00,5.471901e+00,-1.831375e+00,-2.856615e-01,-1.490166e-01
2.776983e+00,8.652025e+00,4.123799e+00,-1.961616e+00,-3.408694e-01,-2.237753e-01
2.202643e+00,7.966714e+00,2.009321e+00,-1.997530e+00,-5.281901e-01,-1.687691e-01
1.738177e+00,1.076084e+01,1.033940e-01,-2.179575e+00,-5.777103e-01,7.389538e-02
1.114183e+00,1.075896e+01,6.692446e-01,-2.449831e+00,-5.962574e-01,2.077505e-01
9.015904e+00,1.130075e+01,-2.777452e+00,-3.002106e+00,-9.981294e-01,2.171738e-01
5.486618e+00,1.705708e+01,-3.445672e+00,-3.333741e+00,-1.167006e+00,2.853195e-01
-3.681623e+00,1.561277e+01,8.520295e+00,-3.984344e+00,-2.512922e+00,2.367655e-02
-6.482953e+00,2.640533e+01,1.606599e+01,-4.462625e+00,-4.252378e+00,-4.582002e-01
-8.874756e+00,1.131718e+01,1.842383e+01,-4.574913e+00,-4.356501e+00,-5.530468e-01
1.941874e+00,6.277721e+00,1.398507e+01,-2.930792e+00,-2.660171e+00,-3.106182e-01
6.136123e+00,1.109738e+01,1.188388e+01,-1.572439e+00,5.418405e-01,3.594598e-01
5.040063e+00,7.520398e+00,1.074524e+01,-8.272710e-01,1.264599e+00,-6.552462e-02
4.395990e+00,2.563534e+00,8.803744e+00,1.420303e+00,1.331335e+00,-6.355445e-01
3.447937e+00,1.626074e+00,9.533179e+00,2.927844e+00,1.355384e+00,-8.158416e-01
3.790899e+00,1.484148e+00,9.983698e+00,4.335405e+00,1.690709e+00,-1.281347e+00
4.701294e+00,1.203740e+00,9.817628e+00,5.222366e+00,1.951529e+00,-1.243955e+00
6.080929e+00,1.697564e+00,1.200120e+01,6.460133e+00,2.068206e+00,-1.133368e+00
7.079797e+00,3.820166e+00,1.430801e+01,7.106879e+00,1.917746e+00,-1.050820e+00
5.606766e+00,9.308619e+00,1.248682e+01,8.155869e+00,1.253616e+00,-8.861686e-01
-2.930184e+00,8.478331e+00,8.913383e+00,8.447377e+00,5.547094e-01,-7.268409e-01
-1.973223e+01,-1.035645e+01,7.375739e+00,7.199904e+00,-4.428190e-01,-4.644209e-01
-4.491809e+00,-1.549253e+01,2.049249e+00,5.579522e+00,3.064868e-01,-3.617435e-01
1.385361e+01,1.776448e+01,3.030835e-01,1.691325e+00,3.854440e+00,3.568630e-01
2.842323e+01,3.702875e+01,6.384343e-01,-1.549815e+00,4.406299e+00,1.253643e+00
-5.217268e+00,-8.056930e+00,1.423151e+01,-2.675321e+00,1.669278e+00,5.713921e-01
-5.921713e+00,-5.281557e+00,1.526372e+01,-2.843076e+00,-2.008890e+00,-1.725721e+00
-7.668658e+00,2.318906e+01,1.256738e+01,-3.523060e+00,-1.138556e+00,-3.430407e-01
-4.527159e+00,1.472919e+01,1.051783e+01,-3.129930e+00,-2.976937e-01,1.450793e-02
1.974454e+00,5.765777e+00,4.230365e+00,-1.334880e+00,7.292684e-01,6.528115e-02
8.014876e+00,1.047881e+01,4.603996e+00,-8.761451e-01,1.654642e+00,5.105781e-01
4.716702e+00,1.114086e+01,4.419061e+00,-7.480081e-01,1.642458e+00,4.130033e-01
1.400576e+00,9.440447e+00,3.214543e+00,-7.953708e-01,4.761707e-01,1.370078e-01
1.793302e-01,9.605432e+00,6.911407e-01,-6.878031e-01,-1.043666e+00,-3.297217e-01
-6.060914e-01,8.682233e+00,-2.254766e-01,-7.702909e-01,-1.318383e+00,-3.373677e-01
-3.890653e+00,6.954598e+00,-5.777542e-01,-9.214864e-01,-1.525394e+00,-3.692509e-01
-5.909689e+00,6.949366e+00,1.396907e+00,-1.113077e+00,-1.651215e+00,-3.513609e-01
-2.971162e+00,8.137371e+00,4.446272e+00,-1.423265e+00,-1.441567e+00,-3.008829e-01
6.382566e-01,8.773610e+00,4.838567e+00,-1.569059e+00,-8.994166e-01,-1.659987e-01
5.187609e+00,8.873395e+00,2.304253e+00,-1.572559e+00,8.931446e-02,-8.621653e-03
4.045042e+00,8.681040e+00,3.675235e-01,-1.588097e+00,1.965196e-01,8.937176e-02
2.524813e-01,1.085380e+01,-1.004905e+00,-1.885526e+00,-4.868022e-01,8.661347e-02
1.744158e+00,1.003376e+01,5.320040e-01,-2.268938e+00,-8.715927e-01,9.206785e-02
7.367317e+00,1.217074e+01,-1.551403e-01,-2.800045e+00,-9.409956e-01,2.115277e-01
9.364912e+00,1.438195e+01,-4.352900e+00,-3.184574e+00,-8.192508e-01,5.077909e-01
-5.294953e+00,1.274207e+01,5.756374e+00,-3.717697e+00,-1.666586e+00,4.829348e-01
-5.407749e+00,2.048605e+01,1.280758e+01,-4.054651e+00,-2.590893e+00,2.708022e-01
-1.057706e+01,2.741703e+01,1.605152e+01,-4.771743e+00,-3.535012e+00,5.570924e-02
-1.043971e+00,4.294573e+00,1.721747e+01,-4.380967e+00,-2.515297e+00,7.820640e-02
7.504281e+00,1.076306e+01,8.148111e+00,-1.466777e+00,-3.613249e-01,4.928922e-01
5.032661e+00,9.788495e+00,1.037814e+01,-1.078139e+00,1.183891e+00,3.541846e-01
1.638588e+00,5.492356e+00,9.119414e+00,7.034288e-01,6.610793e-01,-2.810648e-01
1.853001e+00,3.323495e+00,9.058883e+00,2.174881e+00,4.652411e-01,-6.719958e-01
2.665122e+00,2.564866e+00,1.002920e+01,3.868996e+00,8.035004e-01,-9.043304e-01
3.326993e+00,2.829580e+00,9.865246e+00,4.803449e+00,1.209693e+00,-1.126554e+00
3.821911e+00,3.439490e+00,1.251357e+01,6.101605e+00,1.485609e+00,-1.113903e+00
4.011358e+00,3.419198e+00,1.460706e+01,6.669171e+00,1.407907e+00,-1.113706e+00
4.745862e+00,9.081584e+00,1.277649e+01,7.829629e+00,1.010068e+00,-1.056877e+00
-1.270320e+00,4.648436e+00,8.555849e+00,8.192395e+00,6.647610e-01,-8.293439e-01
-1.346146e+01,-3.768875e+00,6.280973e+00,7.658075e+00,3.192270e-01,-7.632462e-01
-7.105191e+00,-1.297848e+01,7.873364e+00,6.482503e+00,1.255272e-01,-6.911393e-01
7.191907e+00,-7.148636e+00,9.731162e+00,2.568943e+00,2.803805e+00,2.998977e-02
8.255619e+00,2.658082e+01,2.995626e+00,-4.321074e-01,4.089283e+00,8.854113e-01
5.038618e+00,5.039685e+00,5.120973e+00,-3.745590e+00,2.531679e+00,5.161668e-01
-8.150684e+00,-6.347740e+00,1.061865e+01,-1.508554e+00,2.452000e+00,1.476098e+00
-7.443861e+00,7.333848e+00,1.483272e+01,-2.387711e+00,-1.256084e+00,-1.500646e+00
8.996792e-01,2.111492e+01,1.144805e+01,-3.375358e+00,4.083968e-01,3.066989e-01
8.926061e-01,3.886170e+00,4.964474e+00,-2.437752e+00,1.156033e+00,-1.758597e-01
-2.609132e+00,7.819425e+00,3.784772e+00,-1.502464e+00,8.877543e-01,-1.490002e-02
4.341113e+00,1.202550e+01,3.612045e+00,-1.252344e+00,6.138817e-01,1.815884e-01
4.654436e+00,1.007358e+01,2.354675e+00,-1.050447e+00,1.206125e+00,2.488185e-01
9.706313e-01,7.980370e+00,2.108807e+00,-1.075381e+00,4.562595e-01,-3.506695e-02
-7.934080e-01,1.051713e+01,1.447220e+00,-1.064052e+00,-2.642996e-01,-2.364422e-01
-1.152410e+00,8.469917e+00,6.894460e-01,-1.269239e+00,-5.989693e-01,-2.505570e-01
-1.041379e+00,8.097931e+00,1.303793e+00,-1.292212e+00,-6.034899e-01,-3.251275e-01
-9.864394e-01,8.318760e+00,4.444584e+00,-1.548082e+00,-6.242259e-01,-3.257575e-01
3.047632e+00,8.743032e+00,5.405818e+00,-1.685767e+00,-6.073248e-01,-3.002394e-01
3.533748e+00,9.888208e+00,3.895921e+00,-1.736933e+00,-2.606137e-01,-1.483292e-01
2.682651e+00,9.055878e+00,7.055245e-01,-1.776592e+00,-2.545780e-01,-6.578039e-02
1.426015e+00,9.948339e+00,-2.210628e+00,-1.960076e+00,-5.994195e-01,6.654520e-02
1.506135e-01,9.500460e+00,1.082822e-01,-2.297991e+00,-8.631837e-01,9.114493e-02
4.995130e+00,1.184205e+01,7.245550e-01,-2.977721e+00,-1.274475e+00,1.151493e-01
8.157894e+00,1.904925e+01,-6.228739e+00,-3.357139e+00,-1.225023e+00,3.544164e-01
-3.176428e+00,1.485238e+01,5.440602e+00,-3.857884e+00,-1.553375e+00,6.914864e-01
-5.985926e+00,2.011444e+01,1.405671e+01,-4.163664e+00,-2.772192e+00,5.133299e-01
-7.497911e+00,1.925551e+01,1.559251e+01,-4.508644e+00,-3.373288e+00,-4.095392e-02
1.487290e-01,4.594781e+00,1.763345e+01,-3.797536e+00,-2.109610e+00,-8.083764e-02
6.764060e+00,1.234087e+01,8.641765e+00,-1.254391e+00,7.409681e-02,1.686018e-01
4.971465e+00,9.241382e+00,1.042787e+01,-1.243471e+00,1.063589e+00,9.081684e-02
3.825160e+00,4.195177e+00,8.948352e+00,9.672920e-01,8.905630e-01,-6.718709e-01
3.730807e+00,2.946860e+00,8.576167e+00,2.227418e+00,7.679518e-01,-9.131801e-01
3.111052e+00,1.489940e+00,9.308706e+00,3.734302e+00,9.381822e-01,-1.156315e+00
2.703045e+00,1.793357e+00,8.881384e+00,4.726948e+00,1.230715e+00,-1.445439e+00
3.133450e+00,2.645863e+00,1.107266e+01,5.833562e+00,1.381899e+00,-1.488846e+00
4.831143e+00,3.565092e+00,1.478756e+01,6.565580e+00,1.445576e+00,-1.415882e+00
7.752260e+00,1.048515e+01,1.223335e+01,7.699184e+00,1.435506e+00,-1.182045e+00
4.668742e+00,9.789659e+00,1.132598e+01,8.129259e+00,1.160110e+00,-8.362845e-01
-1.832731e+01,-3.562595e+00,7.564271e+00,7.774167e+00,-2.244844e-02,-4.253861e-01
-1.386662e+01,-1.422314e+01,4.827214e+00,6.706396e+00,-3.971659e-01,-7.933591e-01
5.841045e+00,-7.676740e+00,8.640165e+00,3.178188e+00,2.397833e+00,-2.886374e-01
2.815937e+01,3.790836e+01,-3.062603e+00,-3.102372e-01,4.115811e+00,1.048389e+00
-8.042331e-01,-6.544122e+00,1.067598e+01,-3.527455e+00,3.038402e+00,9.758110e-01
-3.850838e+00,-9.160753e+00,1.254157e+01,-2.260075e+00,2.496954e+00,1.699086e+00
-8.884802e+00,1.199580e+01,1.614510e+01,-3.220536e+00,-1.885945e+00,-1.530688e+00
-8.570470e+00,2.492822e+01,1.438732e+01,-3.246120e+00,-9.203755e-01,4.247359e-02
-1.842033e+00,4.340113e+00,6.191929e+00,-2.701420e+00,-2.273395e-01,-6.448793e-01
1.055996e+00,7.119523e+00,4.115116e+00,-1.543214e+00,1.120145e+00,2.573352e-01
8.327931e+00,1.251393e+01,3.575836e+00,-1.142549e+00,2.089175e+00,6.578210e-01
5.046633e+00,9.294154e+00,2.720304e+00,-1.072620e+00,2.091338e+00,5.382582e-01
6.542038e-02,8.348692e+00,2.918131e+00,-1.034523e+00,4.609017e-01,4.318545e-02
-4.266098e-02,1.051038e+01,1.899504e+00,-1.072178e+00,-5.861670e-01,-2.998436e-01
9.396006e-01,9.918003e+00,6.740038e-01,-1.303642e+00,-8.070593e-01,-3.235151e-01
-1.932525e+00,8.611758e+00,1.883430e+00,-1.386252e+00,-7.415055e-01,-3.388614e-01
-1.321555e+00,8.387225e+00,3.946061e+00,-1.576137e+00,-1.021123e+00,-3.683590e-01
2.070961e-01,8.009355e+00,4.560645e+00,-1.636901e+00,-1.112799e+00,-3.956197e-01
1.210479e+00,8.574032e+00,4.063787e+00,-1.733650e+00,-8.177186e-01,-2.642639e-01
1.189713e+00,9.781531e+00,-9.563158e-01,-1.752768e+00,-6.540846e-01,-1.194730e-01
2.498018e+00,1.022483e+01,-2.272671e+00,-1.909227e+00,-5.498633e-01,1.169401e-01
1.935671e+00,9.701786e+00,-2.079151e-01,-2.236748e+00,-5.843378e-01,2.042151e-01
7.424832e+00,1.163526e+01,-1.646588e+00,-3.019605e+00,-1.139223e+00,9.874923e-02
9.412064e+00,1.386096e+01,-3.690757e+00,-3.448384e+00,-1.190299e+00,2.881353e-01
-3.445947e+00,1.634872e+01,1.080337e+01,-4.085778e+00,-1.989522e+00,1.339159e-01
-8.459675e+00,2.425962e+01,1.656785e+01,-4.428161e+00,-3.115195e+00,-1.319024e-01
-1.656907e+01,2.037953e+01,1.769886e+01,-5.065073e+00,-5.035033e+00,-5.290377e-01
-1.122833e+00,2.615894e+00,1.772434e+01,-3.999833e+00,-3.405349e+00,-2.061908e-01
9.616787e+00,1.171011e+01,1.024357e+01,-7.862780e-01,1.193903e+00,1.019994e+00
8.695901e+00,8.232199e+00,1.118231e+01,-8.554047e-01,2.536230e+00,8.111738e-01
6.108456e+00,2.994394e+00,7.451872e+00,1.827748e+00,1.810510e+00,-1.425695e-01
3.797769e+00,9.136293e-01,8.966648e+00,3.151453e+00,1.268960e+00,-5.455587e-01
3.300000e+00,1.692755e+00,9.810000e+00,4.628077e+00,7.980258e-01,-1.072881e+00
3.123237e+00,2.999246e+00,1.110913e+01,5.276952e+00,8.928856e-01,-1.492144e+00
4.426799e+00,3.138975e+00,1.483404e+01,6.598997e+00,1.168931e+00,-1.542635e+00
5.870421e+00,5.136012e+00,1.376225e+01,7.387405e+00,1.278061e+00,-1.515697e+00
6.413836e+00,1.200195e+01,1.285195e+01,8.435103e+00,1.222338e+00,-1.177716e+00
-4.048589e+00,2.461813e+00,6.716736e+00,8.618532e+00,7.276958e-01,-5.861883e-01
-1.692573e+01,-1.432753e+01,6.030245e+00,7.515834e+00,-6.979826e-01,-7.854095e-01
7.142618e-01,-1.516154e+01,2.488436e+00,5.495331e+00,1.051841e-01,-8.546990e-01
1.538328e+01,3.402898e+01,-1.898075e+00,9.792009e-01,3.435008e+00,7.617407e-01
2.848036e+01,3.566696e+01,4.366997e+00,-2.634768e+00,3.473931e+00,1.256949e+00
-2.174455e+00,-9.472434e+00,1.393360e+01,-2.717010e+00,2.236073e+00,1.196997e+00
-2.431502e+00,-3.420775e+00,1.504491e+01,-3.117744e+00,-1.194559e+00,-1.589091e+00
-7.893607e+00,2.368321e+01,1.609623e+01,-3.293698e+00,-8.174315e-01,-1.270688e-01
-4.555008e+00,1.174265e+01,8.861498e+00,-3.377370e+00,-8.365173e-01,-1.941243e-01
8.645402e-01,5.117392e+00,4.559518e+00,-1.823768e+00,3.555911e-01,6.406662e-02
5.268811e+00,9.884029e+00,4.449420e+00,-9.233546e-01,1.393207e+00,5.677853e-01
5.879279e+00,1.165908e+01,3.214182e+00,-1.026969e+00,2.018850e+00,6.371331e-01
3.287252e-01,8.872881e+00,2.427940e+00,-9.928921e-01,1.201420e+00,4.048665e-01
-1.699075e+00,1.000277e+01,2.387603e+00,-9.600817e-01,-5.323077e-01,-1.014618e-01
-2.075480e+00,9.949782e+00,1.728707e+00,-9.890298e-01,-7.789828e-01,-1.911894e-01
4.878345e-01,7.699033e+00,6.757603e-01,-1.029940e+00,-3.946829e-01,-1.396268e-01
-1.231451e-02,7.516540e+00,1.320012e+00,-1.112364e+00,-2.637253e-01,-1.368210e-01
2.739477e-01,7.142561e+00,4.567408e+00,-1.426807e+00,-5.127708e-01,-2.077953e-01
1.855643e+00,8.501447e+00,4.653263e+00,-1.597162e+00,-5.997145e-01,-2.041487e-01
3.461427e+00,7.875750e+00,6.616349e-01,-1.759270e+00,-2.009091e-01,1.187045e-02
4.184904e+00,9.321047e+00,-1.652660e+00,-1.848344e+00,-1.584729e-01,1.560977e-01
6.961339e-01,9.781022e+00,8.173181e-01,-2.260024e+00,-5.848884e-01,1.948642e-01
2.079806e+00,1.055648e+01,8.567314e-01,-2.707204e+00,-1.127976e+00,9.436872e-02
7.671290e+00,1.635495e+01,-3.590359e+00,-3.358608e+00,-1.758708e+00,7.277173e-02
2.735505e+00,1.735600e+01,-3.567999e-01,-3.641251e+00,-1.569547e+00,2.863643e-01
-6.536704e+00,1.964119e+01,1.566897e+01,-4.347539e+00,-2.887318e+00,1.311452e-01
-1.162399e+01,2.568642e+01,1.826032e+01,-4.659574e+00,-4.497142e+00,-3.597586e-01
-7.250299e-01,3.599414e+00,1.713666e+01,-4.344420e+00,-3.398979e+00,-4.857639e-01
4.977396e+00,6.573602e+00,1.119249e+01,-2.621978e+00,-1.837252e+00,-1.507682e-01
6.658626e+00,9.051102e+00,1.000406e+01,-9.399221e-01,1.412424e+00,2.457935e-01
4.347377e+00,5.190153e+00,9.483803e+00,-9.350496e-02,1.680861e+00,-1.838952e-01
3.542354e+00,2.497640e+00,8.094397e+00,2.453402e+00,1.212271e+00,-1.036458e+00
3.233781e+00,1.895487e+00,9.050489e+00,3.401492e+00,1.248982e+00,-1.055057e+00
3.424817e+00,2.341240e+00,9.535691e+00,4.562544e+00,1.640560e+00,-1.529639e+00
4.399732e+00,2.784591e+00,1.035277e+01,5.312517e+00,1.876491e+00,-1.536959e+00
6.664183e+00,2.921778e+00,1.304735e+01,6.504859e+00,1.949913e+00,-1.318336e+00
9.234396e+00,7.449328e+00,1.137078e+01,7.203354e+00,1.728829e+00,-1.126578e+00
5.250035e+00,8.493518e+00,9.849120e+00,7.999323e+00,6.407960e-01,-6.646604e-01
-7.591347e+00,1.953350e+00,4.620571e+00,7.965900e+00,-1.554639e-01,-4.598544e-01
-1.154899e+01,-1.495240e+01,4.923640e-01,6.426692e+00,-1.539735e+00,-1.322594e+00
2.772172e+00,-8.655235e+00,6.584802e+00,4.387993e+00,-2.883463e-01,-1.086294e+00
1.293246e+01,3.722453e+01,-9.044100e-01,-1.469710e-01,3.311966e+00,8.974595e-01
4.470807e+00,1.544999e+01,6.537820e+00,-3.290490e+00,3.320114e+00,1.201558e+00
8.926658e-01,-7.460199e+00,9.995700e+00,-1.166171e+00,2.106888e+00,7.302742e-01
-5.841407e+00,6.260439e+00,1.583538e+01,-2.342913e+00,5.803839e-01,-9.070790e-01
4.693805e+00,2.060701e+01,1.050204e+01,-3.381238e+00,6.103464e-01,4.063884e-01
-2.923715e-01,7.198882e+00,7.454598e+00,-3.110499e+00,8.020032e-01,-2.649177e-01
-2.692135e+00,8.584415e+00,5.693207e+00,-1.472790e+00,1.469857e-02,-2.703996e-02
3.750896e+00,1.270363e+01,4.910908e+00,-1.407770e+00,4.203772e-01,6.549522e-02
3.446729e+00,8.552383e+00,2.824854e+00,-1.171045e+00,1.070237e+00,3.789986e-01
2.502021e+00,8.297522e+00,2.122373e+00,-1.064004e+00,5.956964e-01,1.327708e-01
5.104580e-01,1.125807e+01,1.511113e+00,-1.077769e+00,-4.350832e-01,-1.157715e-01
-2.222120e+00,9.270647e+00,1.234073e+00,-1.198360e+00,-7.526657e-01,-1.927925e-01
-3.228380e+00,7.560751e+00,1.436996e+00,-1.271380e+00,-1.209167e+00,-3.601390e-01
-5.588207e-01,7.890776e+00,2.662530e+00,-1.368815e+00,-1.303119e+00,-4.237615e-01
2.521619e+00,8.628381e+00,4.260000e+00,-1.638481e+00,-8.137525e-01,-1.933411e-01
1.509507e+00,8.317873e+00,3.146155e+00,-1.719337e+00,-5.452519e-01,-4.887155e-02
1.953539e+00,9.127735e+00,-1.233182e+00,-1.813879e+00,-4.874642e-01,8.572436e-02
2.367755e+00,9.276119e+00,-1.332240e+00,-1.941470e+00,-5.161356e-01,1.854937e-01
1.934907e+00,9.228041e+00,1.098024e+00,-2.559960e+00,-8.422364e-01,2.015988e-01
4.171747e+00,1.363615e+01,-6.296208e-01,-2.976360e+00,-1.205149e+00,1.861277e-01
4.227745e-01,1.760303e+01,-1.117526e+00,-3.559969e+00,-1.491765e+00,4.026221e-01
-4.212474e+00,1.626786e+01,7.960345e+00,-3.910868e+00,-1.902522e+00,4.233333e-01
-4.866422e+00,2.434851e+01,1.702011e+01,-4.474162e+00,-3.281665e+00,3.325728e-02
-4.701275e+00,1.580525e+01,1.522353e+01,-4.634571e+00,-3.051022e+00,1.087273e-01
6.181571e+00,4.046788e+00,9.922209e+00,-2.579682e+00,-1.448844e+00,-3.879752e-02
7.056169e+00,9.651296e+00,7.048183e+00,-1.093286e+00,-4.161745e-01,1.760894e-01
2.650556e+00,6.516554e+00,1.005171e+01,-5.921171e-01,1.013744e+00,-1.723546e-01
3.232803e+00,4.227418e+00,8.135374e+00,7.547701e-01,6.920823e-01,-7.246459e-01
4.346066e+00,2.691967e+00,7.718033e+00,2.754578e+00,1.070193e+00,-1.212806e+00
4.523913e+00,2.672028e+00,8.025944e+00,3.532806e+00,1.310995e+00,-1.329969e+00
4.502690e+00,2.788957e+00,9.092850e+00,4.843203e+00,1.478051e+00,-1.500144e+00
4.167017e+00,3.976332e+00,1.097510e+01,5.476152e+00,1.345456e+00,-1.469179e+00
3.764844e+00,5.825140e+00,1.435019e+01,6.361223e+00,8.953821e-01,-1.435521e+00
4.425917e+00,9.083716e+00,1.284968e+01,7.117226e+00,5.224934e-01,-1.355505e+00
-8.973180e-01,4.304892e+00,8.106636e+00,7.867432e+00,1.465386e-01,-9.350380e-01
-1.465278e+01,-2.734376e+00,7.627325e+00,7.662859e+00,4.934793e-03,-8.731190e-01
-7.441054e-01,-1.148636e+01,4.619821e+00,5.371301e+00,9.071132e-03,-1.119967e+00
2.242527e+00,1.112051e+00,3.790666e+00,3.508745e+00,1.323616e+00,-7.282946e-01
1.635573e+01,2.958184e+01,3.898105e+00,-1.150814e+00,3.364330e+00,9.145972e-01
9.205971e+00,1.882283e+00,7.698809e+00,-2.649549e+00,2.867032e+00,6.493310e-01
3.803607e+00,-3.518237e+00,9.904370e+00,-2.942554e+00,2.545740e+00,1.852184e-01
-1.635068e+00,1.294514e+01,1.204284e+01,-3.309895e+00,2.099910e+00,6.404192e-01
1.509430e+00,1.692550e+01,8.088032e+00,-2.740099e+00,-2.390185e-02,-4.327285e-01
-5.738861e+00,3.484011e+00,3.817195e+00,-2.329383e+00,-8.913169e-01,-8.903885e-01
-5.107613e+00,1.168663e+01,5.575808e+00,-1.388365e+00,-1.114384e+00,-5.105163e-01
2.143929e+00,1.285818e+01,4.583455e+00,-1.539204e+00,-2.760182e-01,-1.221279e-04
2.517578e+00,7.520187e+00,2.526656e+00,-1.280283e+00,1.424269e+00,4.347130e-01
6.160757e-01,8.655010e+00,3.456549e+00,-1.090729e+00,7.955830e-01,2.362702e-01
9.358367e-01,1.035509e+01,2.200133e+00,-1.071109e+00,7.030016e-04,3.978753e-02
2.063274e+00,9.197817e+00,1.383041e+00,-1.148104e+00,-1.460228e-01,-1.739687e-02
1.164026e-01,9.101988e+00,3.157195e+00,-1.166135e+00,-3.647081e-01,-2.415742e-01
-2.506419e-01,9.969043e+00,5.603108e+00,-1.346073e+00,-6.275852e-01,-2.642111e-01
1.722356e+00,8.854890e+00,5.113123e+00,-1.534073e+00,-9.151320e-01,-3.128226e-01
1.792280e+00,6.822092e+00,1.083247e+00,-1.491346e+00,-7.877296e-01,-2.587293e-01
1.684141e+00,9.777306e+00,-3.589551e+00,-1.526243e+00,-4.823346e-01,9.311209e-02
-1.255092e+00,1.042508e+01,-2.026345e+00,-1.799728e+00,-4.997389e-01,2.727312e-01
5.896739e-01,1.031239e+01,9.063828e-01,-2.633571e+00,-9.938401e-01,2.271232e-01
5.482492e+00,1.188951e+01,2.500595e-01,-3.045191e+00,-1.144962e+00,2.819955e-01
8.799638e+00,1.936046e+01,-4.517354e+00,-3.699298e+00,-9.780477e-01,5.385142e-01
-4.943957e-01,1.357067e+01,1.055892e+01,-4.088110e+00,-1.404662e+00,4.421027e-01
-5.486936e+00,2.080237e+01,1.573725e+01,-4.533362e+00,-3.908787e+00,-2.799077e-01
-6.485274e+00,1.758034e+01,1.501534e+01,-4.523169e+00,-4.419505e+00,-6.556545e-01
3.239076e+00,5.832319e+00,1.072213e+01,-3.040514e+00,-2.441422e+00,-8.075558e-01
5.257799e+00,9.711168e+00,8.589409e+00,-1.722069e+00,-9.760024e-01,-5.629884e-01
2.209424e+00,7.161987e+00,1.069971e+01,-1.004036e+00,7.844444e-01,-8.667107e-01
2.811884e+00,4.308636e+00,8.483035e+00,2.330772e-01,7.728210e-01,-1.273864e+00
4.223901e+00,3.437914e+00,9.061777e+00,1.884014e+00,1.249030e+00,-1.460000e+00
4.728726e+00,3.281923e+00,9.162115e+00,2.958238e+00,1.833368e+00,-1.510802e+00
4.833455e+00,3.681030e+00,9.573455e+00,4.516591e+00,2.269048e+00,-1.648968e+00
5.714851e+00,3.445455e+00,1.068198e+01,5.330536e+00,2.135359e+00,-1.510987e+00
7.805978e+00,5.716155e+00,1.304014e+01,6.565748e+00,1.641398e+00,-1.275198e+00
9.013159e+00,8.848389e+00,1.165502e+01,7.145622e+00,1.303628e+00,-1.098630e+00
-2.443555e+00,1.274261e+00,6.286697e+00,7.868066e+00,8.738170e-02,-6.907642e-01
-1.620881e+01,-3.764676e+00,7.344358e+00,7.740121e+00,-6.601655e-01,-8.112232e-01
-7.465462e+00,-1.405441e+01,8.978150e+00,5.201923e+00,-9.259356e-01,-1.081317e+00
2.526807e+00,1.904137e+00,4.356444e+00,3.117073e+00,1.115050e+00,-5.098079e-01
2.945234e+01,2.951582e+01,8.835972e+00,-1.278647e+00,5.178114e+00,1.599306e+00
1.063255e+01,-8.414848e+00,8.444054e+00,-2.471002e+00,4.716603e+00,1.593301e+00
-8.024122e+00,7.081839e+00,1.633425e+01,-2.788966e+00,1.715229e+00,-3.639201e-01
-7.313033e+00,1.984257e+01,1.278463e+01,-3.087154e+00,-9.726292e-01,-9.755126e-01
-7.154854e+00,1.165276e+01,8.117960e+00,-2.670449e+00,-1.579613e+00,-4.636241e-01
3.791640e-01,5.223097e+00,4.022527e+00,-1.535675e+00,-9.341136e-01,-1.929430e-01
1.119968e+01,1.187603e+01,3.337069e+00,-8.262527e-01,1.634022e+00,6.142301e-01
7.606473e+00,9.595514e+00,2.094093e+00,-7.938730e-01,2.493203e+00,8.867566e-01
-2.711943e+00,9.655517e+00,1.587913e+00,-8.375770e-01,7.141684e-02,6.320017e-02
-5.102483e+00,1.017521e+01,1.512014e+00,-8.758545e-01,-1.228182e+00,-3.266235e-01
-2.842670e+00,7.565781e+00,3.397285e-01,-1.153575e+00,-1.802564e+00,-3.894063e-01
-7.899818e-01,7.894077e+00,1.141757e+00,-1.217266e+00,-1.235515e+00,-2.557562e-01
4.751841e-01,7.468338e+00,3.193747e+00,-1.477742e+00,-6.669523e-01,-1.915781e-01
2.510000e+00,8.194825e+00,3.876576e+00,-1.656784e+00,-7.153571e-01,-7.924559e-02
1.735570e+00,8.590000e+00,6.743805e-01,-1.850429e+00,-6.710455e-01,-6.875768e-02
1.605186e+00,9.536748e+00,-6.481412e-01,-1.986816e+00,-7.606243e-01,-9.375676e-03
4.666669e-01,9.839775e+00,1.413296e+00,-2.294094e+00,-8.896387e-01,8.582675e-02
1.481647e+00,1.067191e+01,2.663666e+00,-2.708400e+00,-1.058861e+00,9.270483e-02
7.932460e+00,1.352456e+01,-1.306161e+00,-3.250992e+00,-1.125304e+00,3.169349e-01
6.253676e+00,1.825740e+01,-4.485685e+00,-3.447026e+00,-9.100324e-01,5.326964e-01
-6.381594e+00,1.559021e+01,1.179190e+01,-4.067704e+00,-1.871617e+00,4.528380e-01
-8.272568e+00,2.415604e+01,1.644996e+01,-4.418123e+00,-3.321967e+00,1.222637e-02
-8.534164e+00,1.423372e+01,1.664068e+01,-4.875402e+00,-3.767648e+00,-1.332178e-01
3.795577e+00,4.402587e+00,1.246387e+01,-3.885687e+00,-2.527916e+00,-2.817771e-01
8.895432e+00,1.040603e+01,8.300295e+00,-1.114206e+00,7.720580e-01,5.433739e-01
5.803046e+00,6.688357e+00,1.021690e+01,-1.028369e+00,1.547180e+00,1.141306e-01
4.133105e+00,3.083071e+00,7.330034e+00,1.093103e+00,9.037329e-01,-8.456836e-01
2.952668e+00,2.208161e+00,8.196451e+00,2.440806e+00,6.467668e-01,-1.202109e+00
2.266519e+00,1.858941e+00,9.662897e+00,3.988556e+00,8.481434e-01,-1.527572e+00
2.660263e+00,3.149388e+00,1.014344e+01,4.695169e+00,1.166742e+00,-1.714682e+00
4.071279e+00,3.774624e+00,1.247487e+01,5.805843e+00,1.669748e+00,-1.583259e+00
6.138262e+00,4.419343e+00,1.546502e+01,6.625630e+00,1.893238e+00,-1.398476e+00
9.394410e+00,1.051635e+01,1.283105e+01,7.942665e+00,1.723656e+00,-9.242650e-01
3.387155e+00,6.243692e+00,8.750883e+00,8.339811e+00,1.220960e+00,-4.914065e-01
-2.093424e+01,-6.096775e+00,9.119234e+00,7.884839e+00,-2.676207e-01,-3.222446e-01
-3.254473e+00,-1.485726e+01,1.868342e+00,6.364468e+00,-6.435650e-01,-8.418558e-01
9.180806e+00,3.072754e+01,-4.020772e+00,2.514136e+00,2.503179e+00,-2.144016e-01
3.039297e+01,3.771047e+01,4.010125e+00,-1.123799e+00,4.125383e+00,1.331318e+00
2.157191e+00,-8.095700e+00,1.325804e+01,-2.687240e+00,4.081778e+00,1.636583e+00
-4.398688e+00,-4.994117e+00,1.384447e+01,-3.524767e+00,5.194760e-01,-6.679957e-01
-5.862532e+00,2.369861e+01,1.380028e+01,-3.365432e+00,-1.084764e+00,-7.152043e-01
-4.499203e+00,1.519674e+01,9.099202e+00,-3.565242e+00,-1.320877e+00,-2.531810e-01
-8.550342e-01,4.962113e+00,6.154477e+00,-1.992330e+00,1.316993e-01,-5.743542e-02
7.107290e+00,9.869644e+00,5.840440e+00,-1.172684e+00,1.269101e+00,3.726907e-01
6.116964e+00,1.068407e+01,4.086651e+00,-1.109429e+00,2.139750e+00,6.553314e-01
3.233853e+00,8.308251e+00,4.045650e+00,-1.063162e+00,1.495404e+00,3.826265e-01
5.544142e-02,1.100910e+01,2.651009e+00,-9.038913e-01,-7.255823e-01,-2.398940e-01
-1.746785e+00,9.616073e+00,8.400004e-01,-9.795348e-01,-1.155829e+00,-3.647004e-01
-3.662219e+00,7.308726e+00,8.922321e-01,-1.035125e+00,-1.229297e+00,-3.492857e-01
-2.897942e+00,7.089994e+00,1.722026e+00,-1.104877e+00,-1.211443e+00,-3.280634e-01
1.301050e+00,7.590444e+00,3.103925e+00,-1.396331e+00,-9.334028e-01,-2.049870e-01
2.625237e+00,8.545501e+00,2.312039e+00,-1.567032e+00,-6.683851e-01,-1.348984e-01
2.678522e+00,8.561478e+00,-1.421374e+00,-1.816659e+00,-6.608355e-01,-7.776239e-02
2.631414e+00,8.345707e+00,-1.750758e+00,-1.980164e+00,-7.554954e-01,-8.737210e-03
1.395211e+00,9.803247e+00,5.655278e-02,-2.562410e+00,-1.149626e+00,1.142311e-02
3.941394e+00,1.187909e+01,-6.901351e-01,-3.048287e+00,-1.450427e+00,7.487789e-03
1.690910e+00,1.901538e+01,-5.152461e-03,-3.771599e+00,-1.456217e+00,3.081158e-01
-5.565837e+00,1.822026e+01,1.220220e+01,-4.202686e+00,-1.627323e+00,4.127329e-01
-5.023201e+00,2.515081e+01,1.674973e+01,-4.857879e+00,-3.092527e+00,2.773013e-02
-4.456687e+00,1.354086e+01,1.653725e+01,-5.086963e+00,-3.262650e+00,-1.208127e-01
7.349433e+00,7.625590e+00,9.001834e+00,-3.105853e+00,-1.514238e+00,-3.803325e-02
7.926833e+00,1.064954e+01,7.935768e+00,-1.380401e+00,-2.623762e-01,-9.518425e-02
2.279886e+00,5.708446e+00,1.074446e+01,-1.700848e-01,8.467985e-01,-4.359432e-01
2.632200e+00,3.221048e+00,8.498440e+00,1.353726e+00,4.253927e-01,-1.150884e+00
2.873008e+00,2.757016e+00,9.612351e+00,3.511175e+00,7.905043e-01,-1.376229e+00
3.213534e+00,2.095280e+00,1.004323e+01,4.342676e+00,1.199027e+00,-1.455121e+00
4.841281e+00,2.572906e+00,1.094888e+01,5.765329e+00,1.803236e+00,-1.545593e+00
6.077955e+00,2.771837e+00,1.264653e+01,6.380806e+00,1.943838e+00,-1.352778e+00
8.858775e+00,7.754943e+00,1.097666e+01,7.585917e+00,1.761931e+00,-1.091308e+00
6.583206e+00,1.098497e+01,1.025471e+01,8.090792e+00,1.266784e+00,-8.354201e-01
-1.324793e+01,-3.755585e+00,6.737026e+00,8.036412e+00,-1.150353e-01,-3.973336e-01
-1.456500e+01,-1.517654e+01,3.564464e+00,7.044833e+00,-8.847454e-01,-9.706489e-01
1.369996e+00,-9.572091e+00,8.563139e+00,4.032597e+00,8.807956e-01,-9.034449e-01
6.701520e+00,1.896725e+01,6.149440e+00,-7.233847e-01,3.496005e+00,9.155335e-01
8.977738e+00,1.677688e+01,9.235518e+00,-3.816186e+00,3.348243e+00,8.153377e-01
7.726880e-01,-1.083757e+01,1.095212e+01,-2.035871e+00,2.781764e+00,1.341786e+00
-5.704490e+00,4.099410e+00,1.822106e+01,-2.985154e+00,-3.975266e-02,-7.129726e-01
5.016407e-01,2.210580e+01,1.099710e+01,-3.990272e+00,3.510777e-02,-1.550372e-01
-4.235280e+00,6.231299e+00,7.917488e+00,-2.086809e+00,-2.459709e-01,5.909051e-02
-3.750422e+00,7.706734e+00,5.744417e+00,-1.520139e+00,-2.087306e-01,-2.236965e-01
6.523441e+00,1.222443e+01,4.943708e+00,-1.282671e+00,1.205913e+00,6.042479e-01
5.349799e+00,9.657090e+00,3.105139e+00,-1.082483e+00,1.665640e+00,5.615672e-01
1.202958e+00,9.534246e+00,1.974209e+00,-1.018740e+00,3.893297e-01,1.321499e-01
-1.692265e+00,1.026752e+01,1.655887e+00,-1.031227e+00,-4.025537e-01,-1.091265e-01
-2.417702e+00,7.933400e+00,8.592462e-01,-1.155206e+00,-8.891082e-01,-3.324156e-01
-9.474716e-01,7.094078e+00,7.909723e-01,-1.253527e+00,-6.849059e-01,-2.860148e-01
1.948435e+00,7.482714e+00,2.784645e+00,-1.531871e+00,-3.692278e-01,-1.588940e-01
1.801597e+00,7.950875e+00,4.407909e+00,-1.721434e+00,-3.674382e-01,-1.480129e-01
1.496090e+00,8.375685e+00,1.394789e+00,-1.961968e+00,-7.414526e-01,-2.035656e-01
2.344407e+00,9.365763e+00,-1.032238e+00,-2.119450e+00,-7.732865e-01,-8.035422e-02
5.065120e-01,1.008518e+01,4.472597e-02,-2.548716e+00,-8.259503e-01,1.200743e-01
6.634720e-01,1.047647e+01,4.290369e-01,-2.954435e+00,-1.090651e+00,1.350367e-01
9.298565e+00,1.606694e+01,-4.164783e+00,-3.652624e+00,-1.226521e+00,3.810003e-01
7.424269e-01,1.853139e+01,2.721420e+00,-4.098470e+00,-1.408313e+00,4.337465e-01
-8.691671e+00,2.432090e+01,1.769116e+01,-4.814805e+00,-3.627874e+00,-3.877393e-02
-1.112304e+01,2.563066e+01,1.742227e+01,-4.980644e+00,-4.457959e+00,-3.694723e-01
-3.238212e-01,2.465267e+00,1.839129e+01,-3.539215e+00,-2.243606e+00,1.124678e-01
7.918470e+00,8.732081e+00,9.247548e+00,-1.108875e+00,-7.340987e-02,4.087637e-01
6.852098e+00,7.646799e+00,1.026116e+01,-3.228498e-01,1.800728e+00,7.213086e-02
5.373348e+00,4.503109e+00,8.816293e+00,1.282843e+00,1.336238e+00,-6.403100e-01
3.652925e+00,2.223343e+00,8.405738e+00,3.535374e+00,8.717086e-01,-1.343124e+00
3.475495e+00,1.881365e+00,9.576690e+00,4.556210e+00,7.943903e-01,-1.580548e+00
3.908885e+00,2.735311e+00,1.021058e+01,5.796401e+00,1.159649e+00,-2.105721e+00
4.507584e+00,3.652378e+00,1.098717e+01,6.345472e+00,1.303619e+00,-2.008335e+00
4.758557e+00,5.629108e+00,1.346468e+01,7.479768e+00,1.332781e+00,-1.676430e+00
5.040895e+00,1.024428e+01,1.276973e+01,8.090501e+00,9.868108e-01,-1.340651e+00
-9.780015e+00,-1.660711e+00,5.576542e+00,8.078557e+00,4.435353e-01,-6.714115e-01
-2.030830e+01,-5.064807e+00,1.068320e+01,7.380479e+00,1.200000e-01,-8.089574e-01
2.661377e+00,-1.573158e+01,4.473943e+00,4.031010e+00,2.051955e+00,-5.054790e-01
1.051797e+01,2.561140e+01,-8.877778e-01,9.965571e-01,4.233388e+00,8.546802e-01
1.641933e+01,2.843767e+01,1.105079e+01,-3.563912e+00,3.663927e+00,1.030605e+00
-4.339634e+00,-1.078685e+01,1.508896e+01,-2.966371e+00,3.116483e+00,1.427904e+00
-4.836078e+00,1.692876e+00,1.751127e+01,-3.183482e+00,-7.680066e-01,-1.885115e+00
-1.859863e+00,2.458034e+01,1.280276e+01,-3.770668e+00,-7.490430e-02,-3.073209e-02
-2.786712e+00,5.658954e+00,8.078764e+00,-2.631343e+00,2.572049e-01,1.389393e-02
1.869574e+00,5.895189e+00,4.960936e+00,-1.739144e+00,5.664177e-01,7.305998e-02
8.470280e+00,1.147815e+01,5.275144e+00,-1.536747e+00,1.780532e+00,6.027806e-01
5.398403e+00,1.094364e+01,4.450733e+00,-1.416588e+00,1.832828e+00,4.080919e-01
3.005581e-01,9.065655e+00,3.813519e+00,-1.323397e+00,-3.267514e-01,-1.740658e-01
-5.408738e-01,9.990235e+00,3.422362e+00,-1.294601e+00,-1.043715e+00,-3.550058e-01
-4.999619e-01,8.712540e+00,2.467492e+00,-1.321402e+00,-1.036473e+00,-4.949424e-01
-2.263242e+00,7.307722e+00,2.789210e+00,-1.340943e+00,-9.623727e-01,-5.045418e-01
-2.343891e+00,7.284890e+00,4.075876e+00,-1.420949e+00,-1.059913e+00,-4.684254e-01
-5.122573e-01,7.347868e+00,5.909625e+00,-1.527409e+00,-9.343548e-01,-3.976536e-01
1.656436e+00,8.580094e+00,2.794034e+00,-1.544637e+00,-5.056438e-01,-2.558489e-01
1.579889e+00,8.069779e+00,7.020396e-02,-1.579517e+00,-3.980193e-01,-1.358963e-01
3.693065e+00,8.734692e+00,-2.459589e+00,-1.873644e+00,-5.957454e-01,4.526785e-02
2.039633e+00,9.186755e+00,-4.130611e-01,-2.357383e+00,-8.388316e-01,-1.684831e-02
6.736967e+00,1.266070e+01,-2.920067e+00,-3.244045e+00,-1.476188e+00,-4.709014e-02
5.920698e+00,1.865216e+01,-2.758199e+00,-3.679573e+00,-1.572835e+00,7.551593e-02
-7.177479e+00,1.902281e+01,1.407249e+01,-4.554852e+00,-2.879525e+00,8.288899e-02
-8.556098e+00,2.752858e+01,1.656105e+01,-4.869409e+00,-4.212967e+00,-2.796747e-01
-7.639443e+00,5.106389e+00,2.316570e+01,-4.312975e+00,-2.537866e+00,1.212745e-01
5.267297e+00,7.950657e+00,1.248246e+01,-2.387072e+00,-1.030405e+00,1.904350e-01
8.815241e+00,9.829087e+00,1.194444e+01,-1.186470e+00,2.445334e+00,7.730086e-01
7.773485e+00,5.392593e+00,1.147708e+01,2.677556e-01,2.329939e+00,3.564681e-01
6.547457e+00,9.264178e-01,8.050903e+00,3.085385e+00,1.450487e+00,-5.494807e-01
5.429700e+00,8.484121e-01,9.249527e+00,4.090506e+00,1.016008e+00,-7.488236e-01
3.368377e+00,4.067575e-01,9.462028e+00,5.413651e+00,4.019897e-01,-1.484776e+00
3.077986e+00,1.887641e+00,9.598054e+00,6.159319e+00,3.265498e-01,-1.643080e+00
3.266052e+00,3.261338e+00,1.427499e+01,7.064459e+00,4.670242e-01,-1.672769e+00
3.398946e+00,5.762041e+00,1.198391e+01,7.691690e+00,4.879566e-01,-1.487786e+00
3.670681e+00,1.097820e+01,9.890790e+00,8.360819e+00,3.938262e-01,-8.539685e-01
-3.852224e+00,3.015525e+00,4.944020e+00,8.109866e+00,2.196145e-01,-2.498876e-01
-7.115955e+00,-1.470831e+01,-1.453283e+00,6.304175e+00,-3.257094e-02,-3.220411e-01
2.191838e+00,-1.332791e+01,2.105644e+00,4.508429e+00,1.098294e+00,-3.061064e-01
1.922737e+01,3.572594e+01,-6.543719e+00,-1.396001e+00,2.204948e+00,7.796472e-01
4.944899e+00,3.023993e+01,1.326447e+01,-4.091046e+00,1.350650e+00,4.780880e-01
-2.884576e+00,-1.518252e+01,1.418594e+01,-2.940679e+00,-7.987530e-01,-5.957352e-01
-6.150246e+00,-1.100101e+00,1.910760e+01,-3.233715e+00,-1.304119e+00,-1.799262e+00
-6.062138e-01,2.486198e+01,1.426422e+01,-3.637720e+00,6.168118e-01,5.633525e-01
6.828253e-01,6.442303e+00,8.416405e+00,-2.487192e+00,1.184459e+00,-5.087244e-03
4.644441e+00,8.152700e+00,4.514765e+00,-1.067539e+00,1.360518e+00,3.919677e-01
6.531922e+00,1.187053e+01,4.797155e+00,-1.019578e+00,1.466456e+00,4.499876e-01
1.379247e+00,1.021244e+01,3.608824e+00,-9.141531e-01,8.126811e-01,1.315983e-01
-1.366732e+00,9.116959e+00,2.679859e+00,-8.829969e-01,-3.295882e-01,-9.784238e-02
-2.433654e-01,9.516250e+00,1.030993e+00,-8.277085e-01,-9.511055e-01,-2.868994e-01
-6.389972e-01,8.431610e+00,-2.723482e-01,-8.678363e-01,-8.191398e-01,-2.377155e-01
-2.490610e+00,6.363573e+00,3.694882e-01,-1.059596e+00,-9.101548e-01,-2.783650e-01
-3.532605e+00,6.711159e+00,1.395983e+00,-1.301035e+00,-1.107601e+00,-3.268560e-01
4.518429e-02,7.842536e+00,3.793804e+00,-1.712735e+00,-9.989597e-01,-2.669733e-01
2.668135e+00,8.578231e+00,3.452673e+00,-1.834909e+00,-6.546539e-01,-1.589152e-01
3.602490e+00,8.584155e+00,1.019515e+00,-2.004204e+00,-3.549787e-01,-8.787694e-02
3.133532e+00,9.859752e+00,1.505965e-01,-2.192945e+00,-4.746052e-01,-1.962130e-02
-7.766696e-02,1.046222e+01,2.365605e+00,-2.755194e+00,-1.068611e+00,-4.831812e-02
3.637916e+00,1.193352e+01,2.337142e+00,-3.100793e+00,-1.347164e+00,-7.587652e-03
8.766815e+00,1.935213e+01,-4.634795e+00,-3.598991e+00,-9.980394e-01,3.961078e-01
-1.304929e+00,1.734500e+01,4.872567e+00,-3.989341e+00,-1.394952e+00,4.377540e-01
-8.638919e+00,2.275280e+01,1.668049e+01,-4.615727e+00,-3.854613e+00,-1.203725e-03
-1.076727e+01,2.380777e+01,1.700142e+01,-4.873384e+00,-4.521101e+00,-2.179594e-01
2.770002e+00,2.439731e+00,1.444552e+01,-3.105276e+00,-1.876508e+00,1.442967e-01
1.001344e+01,9.089869e+00,7.705039e+00,-8.839883e-01,-3.050215e-02,3.667852e-01
7.176019e+00,7.574410e+00,1.046683e+01,-1.161991e-01,1.745110e+00,6.566295e-02
5.629193e+00,4.458796e+00,8.851971e+00,1.165072e+00,1.334083e+00,-5.898887e-01
3.951203e+00,1.554074e+00,8.424829e+00,3.450360e+00,5.986135e-01,-1.342830e+00
2.893038e+00,1.481294e+00,1.013154e+01,4.511886e+00,5.179954e-01,-1.576499e+00
1.800237e+00,2.710243e+00,1.063001e+01,5.674150e+00,8.879412e-01,-1.951961e+00
2.333976e+00,3.417851e+00,1.249105e+01,6.383766e+00,1.142833e+00,-1.788049e+00
5.339062e+00,6.589935e+00,1.243329e+01,7.615398e+00,1.637691e+00,-1.466857e+00
7.772211e+00,1.186614e+01,1.217117e+01,8.264553e+00,1.618378e+00,-1.046648e+00
9.219210e-01,2.730348e+00,6.104431e+00,8.421397e+00,8.911312e-01,3.046517e-02
-1.495546e+01,-1.031066e+01,1.044918e+01,7.663065e+00,1.024445e-01,-3.634774e-01
1.662911e+00,-1.238355e+01,2.982654e+00,4.279680e+00,1.191105e+00,-6.876915e-01
2.670335e+00,-7.285919e+00,9.609611e+00,1.761598e+00,2.781321e+00,2.509469e-01
2.695296e+01,3.935920e+01,-2.286583e+00,-3.442785e+00,2.564532e+00,5.430464e-01
-5.527712e+00,-7.583438e+00,1.111125e+01,-3.219589e+00,2.166097e+00,9.057592e-01
-3.045753e-01,6.296198e-01,1.363494e+01,-2.047031e+00,-3.126134e-01,-1.420835e+00
-3.290000e+00,1.153212e+01,1.561950e+01,-3.123395e+00,3.987085e-01,-4.491528e-01
1.185808e+00,1.561072e+01,8.316694e+00,-3.278967e+00,7.696473e-01,-7.254086e-02
-2.975562e-02,3.169291e+00,5.485260e+00,-2.353833e+00,5.224428e-01,-2.800288e-01
1.651707e-01,1.033244e+01,5.039707e+00,-1.384734e+00,5.295564e-01,5.588387e-02
4.338419e+00,1.211035e+01,4.754494e+00,-1.508919e+00,8.916952e-01,2.091168e-01
1.516087e+00,8.095511e+00,3.450339e+00,-1.246232e+00,9.012616e-01,9.783700e-02
-2.409314e-01,8.245167e+00,3.454605e+00,-1.195309e+00,2.426142e-02,-1.337856e-01
-3.622647e-01,9.636186e+00,2.355697e+00,-1.213010e+00,-4.849776e-01,-2.422600e-01
-4.321151e-01,8.768122e+00,1.905094e+00,-1.252669e+00,-4.386468e-01,-2.290436e-01
-5.509252e-01,7.595452e+00,1.944527e+00,-1.294901e+00,-4.729496e-01,-2.998399e-01
1.576439e+00,8.317813e+00,3.318845e+00,-1.435121e+00,-4.932723e-01,-3.190581e-01
2.340107e+00,7.892874e+00,3.839513e+00,-1.665169e+00,-4.721182e-01,-3.113941e-01
9.829730e-01,7.595725e+00,2.434406e+00,-1.752023e+00,-5.666700e-01,-3.222222e-01
1.449319e-01,9.339728e+00,8.898639e-01,-1.990586e+00,-8.404883e-01,-2.508981e-01
4.472812e-02,9.446059e+00,1.249803e+00,-2.289348e+00,-9.494115e-01,-1.546311e-01
3.635599e+00,1.057171e+01,1.489821e+00,-2.849341e+00,-1.060970e+00,-5.739842e-02
1.023552e+01,1.444684e+01,-3.166302e+00,-3.150942e+00,-1.041153e+00,1.107603e-01
5.880963e+00,1.978049e+01,-9.239657e-01,-3.750481e+00,-1.146008e+00,2.118900e-01
-6.011172e+00,1.685551e+01,1.398006e+01,-4.411344e+00,-2.549823e+00,8.037889e-02
-9.417285e+00,2.677120e+01,1.610627e+01,-4.867995e+00,-4.973359e+00,-6.298753e-01
-7.711587e+00,1.124327e+01,1.805267e+01,-4.756116e+00,-4.309161e+00,-4.652445e-01
5.179236e+00,7.223637e+00,8.325468e+00,-1.707419e+00,-1.300987e+00,-1.834055e-01
6.121358e+00,1.128880e+01,8.792012e+00,-6.264906e-01,8.408267e-01,4.679992e-02
4.630270e+00,5.267192e+00,1.061000e+01,8.218647e-01,1.524281e+00,-5.507336e-01
5.135483e+00,2.359572e+00,7.965325e+00,2.539573e+00,1.388198e+00,-1.053059e+00
4.012565e+00,2.292565e+00,1.052574e+01,4.242730e+00,1.458515e+00,-9.756552e-01
3.729952e+00,1.654106e+00,1.055411e+01,5.000457e+00,1.434299e+00,-1.222954e+00
4.298132e+00,2.518755e+00,1.131283e+01,6.419462e+00,1.453735e+00,-1.318163e+00
6.932460e+00,3.291722e+00,1.475945e+01,7.184166e+00,1.496946e+00,-1.268200e+00
7.739330e+00,1.407570e+01,1.162014e+01,8.255585e+00,1.140718e+00,-1.107117e+00
2.679441e+00,1.077928e+01,1.051857e+01,8.502383e+00,4.559990e-01,-8.206286e-01
-1.689712e+01,-7.067013e+00,8.394639e+00,7.948171e+00,-9.887304e-01,-8.593750e-01
-2.504440e+00,-1.658297e+01,-2.189313e+00,6.467048e+00,-6.099252e-01,-1.083002e+00
5.795028e+00,-7.477642e+00,8.104667e+00,2.459638e+00,2.983149e+00,2.864452e-01
7.088948e+00,2.814501e+01,7.170295e+00,-8.964774e-01,3.462871e+00,9.889124e-01
1.179075e+01,1.997187e+01,3.480203e+00,-4.810197e+00,1.859686e+00,5.204041e-01
-1.025606e+01,-7.931134e+00,1.312600e+01,-1.552428e+00,1.247313e+00,1.105362e+00
-6.900248e+00,5.127935e+00,1.590431e+01,-2.576895e+00,-1.111944e+00,-1.467846e+00
-1.280600e+00,1.967776e+01,1.248714e+01,-3.144970e+00,5.735293e-01,3.065212e-01
3.263687e+00,6.507851e+00,6.651618e+00,-2.398744e+00,1.678129e+00,1.635608e-01
1.780141e+00,7.187925e+00,3.734755e+00,-1.372163e+00,1.427664e+00,1.935826e-01
3.061620e+00,1.153140e+01,2.775433e+00,-1.114212e+00,1.093565e+00,2.125614e-01
1.092984e+00,1.065898e+01,2.570419e+00,-9.606574e-01,7.642938e-01,1.110617e-01
-9.942650e-02,7.437930e+00,1.324979e+00,-9.970901e-01,-1.692289e-02,-2.286956e-01
8.956482e-01,8.896570e+00,1.127546e+00,-1.029325e+00,-3.275791e-01,-3.194892e-01
9.939764e-01,9.003950e+00,8.853325e-01,-1.297073e+00,-5.154769e-01,-2.483020e-01
-8.735822e-01,8.552979e+00,1.245520e+00,-1.472027e+00,-7.785882e-01,-3.431382e-01
-1.733340e+00,7.755929e+00,3.887403e+00,-1.755473e+00,-1.200880e+00,-4.900888e-01
3.396155e-01,8.226232e+00,4.846426e+00,-1.869887e+00,-1.227076e+00,-4.807319e-01
2.425523e+00,9.538134e+00,3.838359e+00,-1.922441e+00,-7.576729e-01,-3.061068e-01
1.544092e+00,9.161023e+00,-2.292433e-01,-1.964478e+00,-6.915505e-01,-2.128673e-01
-6.235799e-01,9.476721e+00,-1.367397e-01,-2.161165e+00,-9.559440e-01,-1.438296e-01
-1.462965e+00,9.169012e+00,1.580807e+00,-2.509420e+00,-1.198790e+00,-1.368907e-01
6.816421e+00,1.105019e+01,6.923862e-01,-3.119358e+00,-1.261492e+00,-1.076225e-02
1.034349e+01,1.587125e+01,-3.775540e+00,-3.506532e+00,-8.521738e-01,3.560750e-01
-6.294340e-01,1.456074e+01,6.395111e+00,-4.150831e+00,-1.525930e+00,2.961232e-01
-5.930873e+00,1.961148e+01,1.553832e+01,-4.530184e+00,-3.030044e+00,-1.432923e-01
-9.688115e+00,1.710428e+01,1.658132e+01,-5.087770e+00,-4.609953e+00,-6.155462e-01
-3.057609e+00,3.756351e+00,1.837782e+01,-4.271297e+00,-3.189216e+00,-5.526533e-01
9.849770e+00,1.168325e+01,7.123951e+00,-1.030698e+00,-2.502913e-01,7.074451e-02
7.688391e+00,1.005401e+01,1.018447e+01,-9.380140e-01,1.253586e+00,-1.104060e-01
4.555891e+00,3.633511e+00,7.606382e+00,1.333051e+00,8.092081e-01,-9.526407e-01
3.611935e+00,1.944721e+00,6.991818e+00,2.654956e+00,5.550315e-01,-1.201771e+00
3.482870e+00,1.888218e+00,9.498611e+00,4.242570e+00,7.960024e-01,-1.298468e+00
3.679199e+00,2.315853e+00,9.971745e+00,4.985442e+00,1.158309e+00,-1.523849e+00
4.970163e+00,3.187902e+00,1.326848e+01,6.189869e+00,1.580029e+00,-1.433220e+00
5.909408e+00,3.574183e+00,1.565986e+01,7.081478e+00,1.608900e+00,-1.229180e+00
8.465955e+00,9.395725e+00,1.320988e+01,8.152959e+00,1.234282e+00,-8.368422e-01
2.088429e+00,5.228244e+00,8.120757e+00,8.576638e+00,5.709727e-01,-3.139426e-01
-1.543768e+01,-8.258624e+00,8.695596e+00,7.730684e+00,-6.659113e-01,-6.363874e-01
-1.005228e+01,-1.591889e+01,8.636439e-01,5.635958e+00,-5.079473e-01,-1.038626e+00
5.598229e+00,2.410789e+01,-7.373245e-01,1.232268e+00,2.825112e+00,3.861044e-01
2.039877e+01,3.646291e+01,7.947518e-01,-1.813718e+00,3.760048e+00,1.391573e+00
-1.341425e-01,-8.721091e+00,1.208158e+01,-2.734809e+00,3.209571e+00,1.364935e+00
-4.502616e+00,-4.892276e+00,1.441372e+01,-2.895171e+00,-6.308554e-01,-1.415005e+00
-7.727880e+00,2.290374e+01,1.407030e+01,-3.506920e+00,-8.243613e-01,-1.291483e-01
-5.139108e+00,1.665797e+01,1.060185e+01,-3.567634e+00,-6.524398e-01,-1.817873e-02
5.034531e-01,4.421126e+00,5.647742e+00,-1.690216e+00,6.238526e-01,1.112412e-01
8.229073e+00,1.101494e+01,5.284546e+00,-1.278919e+00,1.815501e+00,7.014496e-01
6.907552e+00,1.115490e+01,4.261225e+00,-1.237410e+00,2.206124e+00,6.075764e-01
1.807929e+00,7.622264e+00,4.032600e+00,-1.196200e+00,1.238584e+00,3.436253e-01
-7.176592e-01,9.897886e+00,2.998644e+00,-1.061582e+00,-7.533619e-01,-2.809183e-01
-2.954349e-01,9.939131e+00,1.563261e+00,-1.151808e+00,-9.871457e-01,-3.279975e-01
-9.465561e-01,8.200758e+00,1.281170e+00,-1.242238e+00,-7.241316e-01,-3.107199e-01
-1.493054e+00,7.649549e+00,1.676881e+00,-1.333337e+00,-7.295739e-01,-2.881186e-01
1.818252e-01,7.176584e+00,2.502620e+00,-1.566143e+00,-8.943165e-01,-3.066376e-01
1.305372e+00,7.637688e+00,2.781552e+00,-1.667722e+00,-8.376589e-01,-2.962567e-01
2.312924e+00,9.511874e+00,-3.149559e-01,-2.006569e+00,-7.096815e-01,-1.184500e-01
3.491682e+00,9.793785e+00,-2.453042e-01,-2.324639e+00,-7.278844e-01,2.337043e-02
4.527111e+00,1.018098e+01,1.515377e-01,-2.916246e+00,-1.141667e+00,-9.271015e-03
7.504145e+00,1.378346e+01,-2.971421e+00,-3.300840e+00,-1.501974e+00,-2.941234e-02
3.980792e+00,2.021089e+01,-1.618666e+00,-4.061870e+00,-1.740590e+00,2.675720e-01
-1.001907e+01,2.144030e+01,1.779431e+01,-4.643607e+00,-2.854886e+00,3.174668e-01
-1.356545e+01,2.354242e+01,1.791250e+01,-5.011325e+00,-4.746478e+00,-1.075361e-01
-9.675129e+00,1.143669e+01,1.935533e+01,-4.784017e+00,-3.469500e+00,1.778334e-01
8.656943e+00,7.343571e+00,1.092843e+01,-1.452211e+00,-5.893853e-02,9.936319e-01
1.049786e+01,9.970758e+00,9.821040e+00,-5.581527e-01,2.399408e+00,1.126395e+00
6.740064e+00,3.671322e+00,1.011082e+01,1.180103e+00,2.049574e+00,3.127335e-01
5.326744e+00,8.435837e-01,7.883738e+00,2.694796e+00,1.372324e+00,-4.640410e-01
2.823237e+00,6.443209e-01,9.134733e+00,4.517134e+00,6.789378e-01,-8.946806e-01
2.318132e+00,1.777466e-01,1.005728e+01,5.351110e+00,4.817370e-01,-1.390797e+00
3.481768e+00,1.476409e+00,1.165354e+01,6.573516e+00,7.578132e-01,-1.605173e+00
4.440689e+00,2.643239e+00,1.356078e+01,7.165130e+00,1.002325e+00,-1.564288e+00
6.594378e+00,7.469961e+00,1.260377e+01,8.177472e+00,1.020065e+00,-1.319341e+00
2.721075e+00,1.033365e+01,1.100397e+01,8.597201e+00,7.172071e-01,-9.928650e-01
-1.837309e+01,-3.335190e+00,9.608961e+00,7.741882e+00,-4.390727e-01,-7.581963e-01
-1.188152e+01,-1.579767e+01,1.394191e+00,6.227566e+00,-3.743293e-01,-1.111997e+00
4.585376e+00,-9.857602e+00,7.966066e+00,2.362619e+00,2.789118e+00,-1.324466e-01
9.565023e+00,4.063858e+00,1.813758e+01,-1.358265e+00,3.676474e+00,1.067836e+00
2.593488e+01,3.890239e+01,-4.153962e+00,-5.407221e+00,2.124788e+00,2.775555e-01
-1.714500e+01,-3.379314e+00,1.157041e+01,-6.073826e+00,6.370219e-01,6.256292e-02
-5.273017e+00,-4.106048e+00,1.351109e+01,1.355321e+00,-1.004338e+00,-1.504933e+00
-1.358133e-01,1.060052e+01,1.598593e+01,-2.571355e+00,3.826454e-01,-7.363082e-01
1.300828e+01,1.504812e+01,1.069793e+01,-2.680905e+00,3.726579e+00,9.739337e-01
1.276685e+00,7.504134e+00,7.667417e+00,-1.713796e+00,2.369537e+00,2.414568e-01
8.070052e-01,1.014271e+01,7.017279e+00,-1.171885e+00,1.108169e-01,-1.490925e-01
4.188570e+00,1.389140e+01,3.039899e+00,-9.556096e-01,-5.887211e-02,-9.858155e-02
3.455186e+00,8.332187e+00,-2.168459e+00,-7.262921e-01,8.655010e-02,-2.436829e-01
-1.195934e+00,7.697893e+00,-8.114150e-01,-7.044304e-01,-4.819171e-01,-3.527507e-01
-5.668457e+00,7.079973e+00,1.197681e+00,-1.104011e+00,-1.889612e+00,-4.735306e-01
-3.138199e+00,6.422899e+00,1.282603e-01,-1.371867e+00,-2.044967e+00,-5.433049e-01
-5.836665e-01,7.340223e+00,2.429188e+00,-1.628819e+00,-1.517693e+00,-3.736586e-01
-7.888049e-02,7.802071e+00,3.640377e+00,-1.885951e+00,-1.227932e+00,-3.436143e-01
1.990418e+00,8.924320e+00,2.836574e-01,-2.108116e+00,-9.424965e-01,-2.418092e-01
2.380091e+00,8.795148e+00,-1.514784e+00,-2.308291e+00,-5.729528e-01,-2.361854e-02
4.717644e+00,9.944564e+00,-7.230802e-01,-2.768453e+00,-5.659885e-01,1.162900e-01
6.582647e+00,1.124041e+01,2.673879e-01,-3.209773e+00,-6.784654e-01,1.942072e-01
5.249278e+00,1.627835e+01,-2.738128e+00,-3.900632e+00,-1.019830e+00,3.606926e-01
-2.187826e+00,1.862683e+01,5.295902e+00,-4.266692e+00,-1.595971e+00,4.376825e-01
-3.472636e+00,2.573509e+01,1.648587e+01,-4.971449e+00,-3.179761e+00,-1.214088e-02
-5.252641e+00,1.678444e+01,1.780634e+01,-5.211442e+00,-3.555380e+00,-3.290790e-01
3.875182e+00,6.212010e+00,1.316973e+01,-3.131512e+00,-1.873404e+00,-2.844891e-01
5.899856e+00,1.316678e+01,9.122428e+00,-1.757937e+00,-6.899236e-01,-1.081086e-01
1.342046e+00,6.523405e+00,1.131909e+01,-9.100276e-01,3.273182e-01,-5.562775e-01
2.254263e+00,4.001721e+00,9.151982e+00,1.105901e+00,2.603564e-02,-1.395422e+00
2.455813e+00,1.982746e+00,1.006883e+01,3.413966e+00,8.486119e-01,-1.489485e+00
2.355916e+00,1.831268e+00,9.692677e+00,4.290019e+00,1.224095e+00,-1.591217e+00
2.763394e+00,2.003560e+00,1.080662e+01,5.631632e+00,1.776915e+00,-1.414008e+00
4.303691e+00,2.357167e+00,1.321577e+01,6.518553e+00,2.005796e+00,-1.112334e+00
7.062248e+00,7.549509e+00,1.273209e+01,7.579299e+00,2.107917e+00,-7.473638e-01
8.908567e+00,1.096332e+01,1.175058e+01,8.153371e+00,1.926482e+00,-3.963303e-01
-2.857262e+00,2.328400e-01,4.667328e+00,8.433313e+00,1.134542e+00,3.588846e-01
-1.518942e+01,-4.677031e+00,7.500977e+00,7.847660e+00,3.926966e-01,-3.957448e-01
8.565964e-01,-1.642608e+01,6.801625e-01,4.551018e+00,1.017233e+00,-6.078866e-01
3.215852e+00,1.686646e+00,8.183012e+00,1.721665e+00,2.847674e+00,3.712316e-01
3.037399e+01,3.743744e+01,5.131090e+00,-3.379590e+00,2.501279e+00,4.931516e-01
-4.843553e+00,-5.725520e+00,1.111231e+01,-3.401542e+00,1.963504e+00,7.555577e-01
-7.207985e+00,-4.594683e+00,1.855534e+01,-2.355883e+00,-6.369974e-01,-1.565748e+00
-2.335650e+00,1.918339e+01,1.402764e+01,-3.436505e+00,-2.539652e-01,-7.392217e-01
7.778555e-01,1.565843e+01,1.003354e+01,-3.458847e+00,1.228190e+00,1.550242e-02
-6.314025e-01,4.495469e+00,5.496700e+00,-1.861157e+00,8.325281e-01,2.380301e-01
9.152971e+00,1.183610e+01,4.405371e+00,-1.319259e+00,1.394584e+00,3.300619e-01
6.535576e+00,1.292595e+01,4.300425e+00,-1.270703e+00,1.681387e+00,4.005987e-01
4.923617e-02,8.837802e+00,3.486099e+00,-1.242222e+00,2.115180e-01,-1.214195e-01
-1.283758e+00,1.022517e+01,2.622013e+00,-1.112099e+00,-1.060169e+00,-4.388703e-01
-1.647975e+00,8.643444e+00,1.387714e+00,-1.139249e+00,-1.226598e+00,-4.799555e-01
-1.340542e+00,7.343923e+00,7.200000e-01,-1.164344e+00,-1.022637e+00,-4.422792e-01
-4.556448e-01,7.358759e+00,2.127397e+00,-1.337187e+00,-7.700321e-01,-3.347238e-01
4.261965e-01,7.274560e+00,3.223129e+00,-1.551059e+00,-7.840409e-01,-3.219850e-01
1.019275e+00,7.434650e+00,3.053224e+00,-1.776040e+00,-9.019179e-01,-2.932733e-01
1.111489e+00,9.239488e+00,7.610066e-01,-1.890858e+00,-9.167392e-01,-2.593598e-01
3.026925e+00,1.012504e+01,-2.187698e-01,-2.213768e+00,-9.462926e-01,-3.664926e-02
1.735723e+00,1.008295e+01,2.100577e-01,-2.559193e+00,-8.616109e-01,1.130334e-01
9.484392e+00,1.199157e+01,-1.751041e+00,-3.152024e+00,-1.203142e+00,2.336007e-01
7.326911e+00,1.665432e+01,-2.948965e+00,-3.491469e+00,-1.221436e+00,3.666957e-01
-6.713719e+00,1.728914e+01,1.025889e+01,-4.213692e+00,-2.234277e+00,1.686302e-01
-1.082675e+01,2.904251e+01,1.771005e+01,-4.774069e+00,-4.050269e+00,-1.956943e-01
-1.037133e+01,1.318938e+01,1.868608e+01,-4.980277e+00,-4.042277e+00,-1.553956e-01
1.674385e+00,4.360901e+00,1.514227e+01,-3.466609e+00,-2.322432e+00,1.685654e-01
8.627082e+00,1.328257e+01,1.043457e+01,-8.896358e-01,1.006502e+00,8.147996e-01
7.071378e+00,7.286610e+00,1.088097e+01,-5.246752e-01,2.230307e+00,4.727173e-01
6.180702e+00,1.667264e+00,7.401404e+00,2.413181e+00,1.568928e+00,-5.521552e-01
4.913402e+00,2.460928e+00,8.369382e+00,3.554259e+00,1.362802e+00,-8.854678e-01
3.763914e+00,2.065843e+00,9.759438e+00,4.753652e+00,1.153687e+00,-1.491211e+00
3.122308e+00,2.591451e+00,1.021965e+01,5.657180e+00,1.160905e+00,-1.816181e+00
3.899848e+00,3.560988e+00,1.471157e+01,6.736513e+00,1.223077e+00,-1.691855e+00
4.670482e+00,6.726262e+00,1.319067e+01,7.369842e+00,1.284509e+00,-1.527944e+00
2.767668e+00,9.998815e+00,1.254499e+01,8.274316e+00,1.068149e+00,-9.024904e-01
-9.623538e+00,-1.107817e+00,5.140518e+00,8.384878e+00,7.318162e-01,-2.185217e-01
-8.224422e+00,-1.237735e+01,4.272093e+00,6.956005e+00,6.303793e-01,-3.941151e-01
5.494848e+00,-1.190624e+01,3.716425e+00,4.591358e+00,2.312296e+00,-3.050346e-01
6.799918e+00,2.012914e+01,3.104376e+00,6.422334e-01,4.384747e+00,1.112409e+00
1.978710e+01,3.369417e+01,8.421735e-02,-2.593797e+00,3.319719e+00,9.130962e-01
-1.428230e+00,-8.924876e+00,1.110505e+01,-1.870063e+00,1.930775e+00,1.144474e+00
-6.172568e+00,-3.039114e+00,1.582739e+01,-2.082944e+00,-1.380164e+00,-1.918441e+00
-6.937812e+00,2.858007e+01,1.650732e+01,-3.059717e+00,-6.568373e-01,-3.692894e-01
-2.779825e+00,1.463998e+01,8.618845e+00,-3.769635e+00,-6.791712e-01,-5.779811e-01
2.096094e+00,5.823002e+00,4.960334e+00,-1.615453e+00,6.208591e-01,1.906790e-01
4.264206e+00,1.140272e+01,4.645849e+00,-1.129253e+00,1.260447e+00,3.353462e-01
6.352151e+00,1.180125e+01,3.659874e+00,-1.347054e+00,1.596542e+00,4.395627e-01
3.647792e-02,8.202196e+00,2.936468e+00,-1.128970e+00,9.055404e-01,1.642309e-01
-8.907555e-02,9.539496e+00,2.204958e+00,-1.102075e+00,-9.041332e-01,-3.625162e-01
2.257116e-01,1.003254e+01,1.441643e+00,-1.121085e+00,-9.394773e-01,-3.286146e-01
-2.560283e+00,7.854645e+00,1.341848e+00,-1.250044e+00,-6.501848e-01,-2.387930e-01
-3.767036e+00,7.542170e+00,2.122706e+00,-1.319179e+00,-8.644485e-01,-3.631242e-01
-7.064621e-01,7.568975e+00,4.503306e+00,-1.554297e+00,-9.699252e-01,-4.405554e-01
4.145945e+00,9.426559e+00,4.682855e+00,-1.634927e+00,-4.350583e-01,-2.624062e-01
4.269233e+00,8.877374e+00,-3.715336e-01,-1.753009e+00,2.550191e-02,-4.563439e-02
3.241862e+00,9.118758e+00,-2.081251e+00,-1.864020e+00,-1.547028e-01,4.928641e-02
4.302311e-02,1.017353e+01,4.196661e-01,-2.417635e+00,-1.066206e+00,-4.746592e-02
4.603017e+00,1.152213e+01,-4.175973e-01,-2.926568e+00,-1.521034e+00,-1.455433e-01
8.775688e+00,1.702561e+01,-3.974610e+00,-3.526805e+00,-1.349969e+00,1.509387e-01
1.631136e+00,1.790052e+01,2.379102e+00,-3.935498e+00,-1.103132e+00,4.394418e-01
-6.978865e+00,2.404272e+01,1.742986e+01,-4.624686e+00,-2.940888e+00,9.468634e-02
-1.062108e+01,2.565296e+01,1.773473e+01,-4.986112e+00,-4.394520e+00,-3.562039e-01
-1.002286e+00,4.778344e+00,1.518940e+01,-3.795166e+00,-2.767537e+00,3.605962e-03
8.154710e+00,1.167693e+01,8.786555e+00,-1.399656e+00,-1.011472e+00,3.563078e-01
6.193380e+00,9.178174e+00,1.116627e+01,-5.875547e-01,1.571841e+00,3.468303e-01
5.037469e+00,3.458899e+00,9.256205e+00,1.351643e+00,1.319229e+00,-2.484090e-01
3.807202e+00,8.972025e-01,9.204071e+00,3.873633e+00,1.020245e+00,-7.372545e-01
3.700741e+00,8.901711e-01,1.012840e+01,4.865102e+00,9.248237e-01,-8.033542e-01
3.340347e+00,1.487048e+00,1.132549e+01,6.000613e+00,1.056998e+00,-1.198337e+00
4.167650e+00,1.997104e+00,1.464634e+01,6.866486e+00,1.177385e+00,-1.189404e+00
5.736012e+00,7.044413e+00,1.227881e+01,8.082817e+00,1.265305e+00,-1.203302e+00
5.456364e+00,1.162764e+01,1.173782e+01,8.653868e+00,1.082498e+00,-1.042671e+00
-1.287977e+01,1.145247e+00,6.519462e+00,8.534814e+00,5.965678e-01,-5.322492e-01
-1.308083e+01,-1.155930e+01,5.608273e+00,7.519392e+00,-1.512426e-01,-1.082891e+00
2.336950e+00,-1.280641e+01,3.377098e+00,4.396353e+00,1.581942e+00,-5.866131e-01
6.694984e+00,-1.177964e+00,1.471570e+01,8.371469e-01,3.113301e+00,5.495586e-01
1.032549e+01,3.867795e+01,-2.558756e-01,-3.775447e+00,2.043219e+00,2.730748e-01
-7.839620e+00,-1.236320e+00,5.988692e+00,-5.757764e+00,7.798856e-01,-1.272186e-01
-9.924012e+00,1.114917e+00,1.500975e+01,5.405548e-01,4.342322e-01,-2.415784e-01
-1.505974e+01,1.153970e+01,1.973805e+01,-1.704520e+00,-8.402438e-02,-1.250211e+00
1.466907e+01,1.509671e+01,7.681332e+00,-3.176637e+00,2.522277e+00,5.339402e-01
1.565480e+00,4.380736e+00,5.650815e+00,-1.918719e+00,2.872861e+00,3.893533e-01
2.274709e+00,1.381346e+01,5.239378e+00,-1.283186e+00,3.404876e-01,-4.201443e-01
-3.537043e-01,1.315911e+01,3.515630e+00,-1.429195e+00,-3.239292e-02,-6.542614e-02
-1.038151e+00,8.130107e+00,1.811984e+00,-1.147691e+00,-1.792418e-01,-3.000913e-01
9.256293e-01,9.988711e+00,1.307641e+00,-9.624106e-01,-4.965811e-01,-4.520173e-01
9.155188e-01,8.828674e+00,1.426427e+00,-1.122543e+00,-1.755996e-01,-4.780100e-02
-8.314244e-02,6.591389e+00,5.853228e-01,-1.183704e+00,-2.043407e-01,-1.313249e-01
-1.304717e+00,7.096485e+00,1.154725e+00,-1.358486e+00,-6.331586e-01,-2.833902e-01
-4.300915e-01,6.948947e+00,3.177597e+00,-1.611023e+00,-9.242792e-01,-3.654343e-01
1.834931e+00,9.031806e+00,3.432743e+00,-1.890303e+00,-8.436371e-01,-3.400002e-01
1.108691e+00,8.547631e+00,2.241211e+00,-2.007874e+00,-6.569529e-01,-2.449369e-01
2.465453e+00,9.375257e+00,-3.861906e-01,-2.199057e+00,-6.412444e-01,-1.168419e-01
1.402016e+00,1.001890e+01,7.921999e-01,-2.453970e+00,-7.443271e-01,-5.136163e-02
5.958818e+00,1.035275e+01,5.503571e-01,-3.071756e+00,-1.081143e+00,-5.637317e-02
1.161671e+01,1.408390e+01,-4.586389e+00,-3.393896e+00,-1.184583e+00,1.668566e-01
8.578581e-01,1.942345e+01,4.078588e+00,-3.898706e+00,-1.093251e+00,4.013022e-01
-7.331176e+00,1.966177e+01,1.621098e+01,-4.650470e+00,-2.704062e+00,2.947704e-01
-1.380451e+01,2.432284e+01,1.879850e+01,-4.948361e+00,-5.069576e+00,-4.935763e-01
-2.228971e+00,2.900053e+00,1.877879e+01,-4.660910e+00,-3.887013e+00,-3.860772e-01
8.299374e+00,9.873833e+00,8.619853e+00,-1.432871e+00,-5.730335e-01,2.745695e-01
8.320799e+00,9.946859e+00,9.923643e+00,-8.220569e-01,1.691339e+00,3.221746e-01
6.231726e+00,4.176501e+00,8.265343e+00,1.050354e+00,1.739513e+00,-5.650661e-01
4.962738e+00,2.231187e+00,7.590000e+00,2.303631e+00,1.388044e+00,-9.084508e-01
3.663115e+00,2.480000e+00,9.301759e+00,3.976069e+00,1.204572e+00,-1.120529e+00
3.478865e+00,1.894180e+00,9.327472e+00,4.860193e+00,1.280233e+00,-1.411871e+00
5.295642e+00,2.283662e+00,1.307461e+01,6.183955e+00,1.651551e+00,-1.324647e+00
6.364443e+00,3.011290e+00,1.357852e+01,6.771580e+00,1.731179e+00,-1.199839e+00
5.619984e+00,6.623095e+00,1.330858e+01,7.883408e+00,1.223018e+00,-6.014122e-01
-2.182360e+00,2.603047e+00,8.548009e+00,8.240669e+00,3.362815e-01,2.544518e-02
-1.274555e+01,-3.705975e+00,7.784668e+00,7.422179e+00,-4.521043e-01,-8.990911e-02
-3.087138e+00,-1.051291e+01,6.381883e+00,5.935541e+00,-7.638448e-02,-2.394686e-01
7.111236e+00,5.315149e+00,1.742321e+00,2.613840e+00,2.280091e+00,3.358800e-01
1.659802e+01,3.207530e+01,-9.818172e+00,-5.242209e-01,3.401834e+00,1.110303e+00
-8.408931e+00,1.814274e+00,1.308645e+01,-2.597538e+00,1.745973e+00,3.947544e-01
3.597289e+00,-9.489840e+00,1.527774e+01,-2.712480e+00,3.642000e-01,6.594204e-03
1.626621e+00,9.414468e+00,1.317974e+01,-3.477113e+00,-1.500960e-01,-1.026714e+00
-2.595987e+00,2.021736e+01,1.137188e+01,-3.276102e+00,7.280577e-01,3.579708e-02
-3.646343e+00,6.507706e+00,5.283322e+00,-1.844815e+00,-2.447749e-02,-2.762044e-01
4.085934e-01,5.861106e+00,3.950213e+00,-1.296770e+00,2.973387e-01,-1.395864e-01
5.320795e+00,1.282887e+01,5.317301e+00,-8.474302e-01,1.503492e+00,4.098721e-01
2.725602e+00,9.039843e+00,4.271623e+00,-8.281821e-01,1.379819e+00,2.732140e-01
1.129340e+00,9.003748e+00,3.256759e+00,-6.631137e-01,9.517225e-02,-2.566005e-03
1.294507e+00,9.931226e+00,5.430911e-01,-5.602770e-01,-3.695800e-01,-1.720636e-01
-8.878416e-01,8.236314e+00,-1.016594e+00,-5.661367e-01,-6.343253e-01,-3.025132e-01
-3.135005e+00,7.300214e+00,3.160666e-01,-7.089380e-01,-8.846214e-01,-3.803540e-01
-1.538148e+00,8.194236e+00,1.767560e+00,-1.133670e+00,-1.175766e+00,-4.654022e-01
3.258690e+00,7.872485e+00,1.691046e+00,-1.390161e+00,-9.091139e-01,-3.416380e-01
3.933614e+00,6.677109e+00,1.417525e+00,-1.676659e+00,-4.839867e-01,-1.705463e-01
1.716138e+00,9.040861e+00,2.347117e+00,-1.849774e+00,-5.999259e-01,-2.115565e-01
-8.837480e-01,1.076657e+01,3.267892e+00,-2.255480e+00,-1.179276e+00,-2.259236e-01
-3.462947e+00,9.777707e+00,4.221802e+00,-2.549985e+00,-1.408172e+00,-2.102709e-01
2.035139e+00,1.227626e+01,2.906976e+00,-2.848725e+00,-1.320492e+00,1.972343e-03
7.433647e+00,1.617161e+01,-3.369189e+00,-2.982508e+00,-8.040005e-01,3.799664e-01
3.089024e+00,1.619874e+01,1.065625e+00,-3.266524e+00,-5.509032e-01,7.425550e-01
2.920731e-02,1.287346e+01,9.449171e+00,-3.815796e+00,-1.195370e+00,7.013466e-01
-8.009390e+00,2.686269e+01,1.601061e+01,-4.261153e+00,-3.543005e+00,5.415783e-02
-6.697163e+00,1.822939e+01,1.682490e+01,-4.471345e+00,-3.246373e+00,-3.474283e-01
5.253674e+00,5.614321e+00,9.296397e+00,-2.703587e+00,-1.522257e+00,-5.038320e-01
4.860582e+00,1.046806e+01,1.113583e+01,-1.418316e+00,3.918504e-01,1.379075e-01
3.407597e+00,5.010615e+00,9.466817e+00,-8.619950e-01,9.961049e-01,-2.209187e-01
4.477088e+00,3.541648e+00,7.669042e+00,4.212019e-01,9.246106e-01,-7.385309e-01
3.504048e+00,1.440081e+00,8.477989e+00,2.378937e+00,1.415172e+00,-9.568830e-01
3.469357e+00,1.803969e+00,7.707295e+00,3.456560e+00,1.525135e+00,-1.260005e+00
3.826673e+00,1.641623e+00,8.895943e+00,4.796263e+00,1.566001e+00,-1.183358e+00
4.950334e+00,1.038714e+00,1.136335e+01,5.520571e+00,1.543703e+00,-1.000233e+00
6.348207e+00,3.068091e+00,1.146417e+01,6.618269e+00,1.261653e+00,-7.307643e-01
6.580527e+00,3.372850e+00,1.230199e+01,7.294475e+00,7.256065e-01,-4.823094e-01
-5.690830e+00,5.389699e+00,9.380098e+00,7.811637e+00,-1.919133e-01,-2.086745e-01
-1.461551e+01,-1.038251e+00,8.927861e+00,7.553536e+00,-9.823645e-01,-3.683415e-01
-7.287570e+00,-9.440436e+00,5.911568e+00,5.496047e+00,-4.183462e-01,-4.802751e-01
2.967766e+00,2.805043e+00,1.479481e+00,3.112993e+00,2.046897e+00,1.232853e-02
1.142354e+01,2.368598e+01,4.046164e+00,-1.263714e+00,3.757540e+00,1.023108e+00
3.149939e+00,1.574888e+00,1.343015e+01,-2.983968e+00,3.641747e+00,1.398416e+00
4.890440e+00,-8.362756e+00,1.353921e+01,-3.259306e+00,8.397448e-01,-4.535541e-01
6.956081e-01,1.773542e+01,1.111525e+01,-2.811861e+00,6.170548e-02,-9.173653e-01
-8.408904e+00,1.945164e+01,9.757645e+00,-2.923654e+00,-8.051581e-01,-7.946562e-02
-5.049105e+00,5.648386e+00,7.114032e+00,-2.156009e+00,-6.794871e-01,-2.343316e-01
4.846130e+00,8.122495e+00,4.631521e+00,-1.129396e+00,7.707230e-01,2.215534e-01
7.227308e+00,1.198503e+01,5.055817e+00,-9.289979e-01,2.004772e+00,6.524345e-01
3.447314e+00,9.032319e+00,3.559981e+00,-8.882167e-01,1.300218e+00,3.208660e-01
2.376867e+00,1.018250e+01,3.297131e+00,-8.086950e-01,2.524649e-01,1.130028e-01
-1.563003e-01,1.018853e+01,2.728347e+00,-7.771646e-01,-5.410859e-01,-2.367145e-01
-2.215687e+00,9.093095e+00,2.438233e+00,-8.016817e-01,-7.991066e-01,-3.084411e-01
-2.274143e+00,8.191438e+00,2.486199e+00,-8.759231e-01,-8.927512e-01,-3.196707e-01
-4.325930e-01,7.171816e+00,2.654546e+00,-1.011735e+00,-7.094479e-01,-2.174935e-01
3.684559e+00,7.646830e+00,3.586846e+00,-1.195899e+00,-3.576226e-01,-1.148795e-01
1.644506e+00,8.369410e+00,2.542807e+00,-1.286931e+00,-3.061821e-01,-1.160435e-01
-3.260629e-01,7.078993e+00,3.922550e-01,-1.529713e+00,-7.950405e-01,-2.066878e-01
1.323761e+00,8.181694e+00,-6.393898e-01,-1.710737e+00,-1.017884e+00,-1.857090e-01
1.705562e+00,9.619205e+00,1.731260e+00,-2.243202e+00,-8.833807e-01,-6.243839e-03
2.627518e+00,9.531955e+00,2.269511e+00,-2.639989e+00,-9.240333e-01,1.073723e-02
8.226160e+00,1.656837e+01,-3.199628e+00,-3.298340e+00,-1.237804e+00,8.352943e-02
1.750330e+00,2.004629e+01,2.054111e+00,-3.635365e+00,-1.330649e+00,1.897901e-01
-6.886520e+00,2.146755e+01,1.604729e+01,-4.416412e+00,-2.657853e+00,1.741349e-01
-9.025374e+00,2.666647e+01,1.809133e+01,-4.702341e+00,-4.317781e+00,-2.786118e-01
-2.049972e-01,3.060653e+00,1.956602e+01,-4.237235e+00,-2.971721e+00,-6.698947e-02
7.972897e+00,6.492051e+00,1.009071e+01,-2.119024e+00,-1.230610e+00,1.383765e-01
5.653015e+00,7.412780e+00,1.028788e+01,-9.835890e-01,1.305204e+00,3.495712e-01
2.761691e+00,3.077555e+00,8.697854e+00,-3.235617e-01,1.454459e+00,4.658187e-02
1.982433e+00,1.199498e+00,8.187297e+00,2.104252e+00,8.390057e-01,-1.097199e+00
1.968489e+00,2.021575e+00,9.235429e+00,3.335622e+00,1.081560e+00,-1.147212e+00
2.872548e+00,1.341198e+00,9.335318e+00,4.508241e+00,1.672170e+00,-1.469018e+00
4.550912e+00,1.171814e+00,1.025031e+01,5.224121e+00,1.983393e+00,-1.423509e+00
6.974260e+00,1.799135e+00,1.344538e+01,6.418661e+00,2.228413e+00,-1.285894e+00
9.092534e+00,3.318879e+00,1.265220e+01,7.240760e+00,1.930855e+00,-1.172631e+00
2.898880e+00,8.920382e+00,9.871498e+00,8.115102e+00,6.099628e-01,-1.004675e+00
-9.312535e+00,6.478322e+00,8.498190e+00,7.957537e+00,4.926748e-02,-9.221324e-01
-1.570299e+01,-1.154127e+01,6.081027e+00,5.903508e+00,-1.228392e+00,-1.090642e+00
-2.915634e+00,-1.384906e+01,3.858775e+00,4.585102e+00,8.481409e-02,-7.797090e-01
1.150002e+01,2.241570e+01,4.147235e+00,-4.672924e-01,5.013063e+00,1.287718e+00
2.951018e+01,3.818849e+01,-9.027095e-01,-2.167078e+00,5.041743e+00,1.628906e+00
-2.936232e+00,-8.859826e+00,8.228760e+00,-9.910636e-01,2.557372e+00,1.037876e+00
2.164515e+00,-8.396765e-01,1.200073e+01,-1.488827e+00,-2.573727e-01,-1.086971e+00
-2.566144e+00,1.880292e+01,1.166193e+01,-3.269543e+00,-1.013945e-01,2.228687e-02
-2.573003e+00,1.266548e+01,8.792946e+00,-3.034196e+00,-7.763500e-02,-7.770352e-02
-1.351318e+00,6.973422e+00,4.624032e+00,-1.696522e+00,1.491999e-01,-2.427872e-01
1.789826e+00,1.021388e+01,3.583940e+00,-1.276102e+00,6.498263e-01,1.182426e-01
2.410046e+00,1.015769e+01,4.275836e+00,-1.018422e+00,7.325721e-01,1.201867e-01
1.804614e+00,8.673984e+00,3.993553e+00,-1.019033e+00,3.518914e-01,2.525911e-02
1.793823e+00,9.399409e+00,2.250886e+00,-9.377502e-01,-2.632776e-01,-1.594786e-01
1.456719e+00,9.630239e+00,4.144770e-01,-9.969792e-01,-4.674145e-01,-2.077107e-01
-1.005422e+00,8.055471e+00,3.274907e-01,-1.154352e+00,-9.490071e-01,-3.625630e-01
-3.501152e+00,8.130028e+00,2.504775e+00,-1.299183e+00,-1.247591e+00,-4.409701e-01
-1.075925e+00,8.683753e+00,3.910473e+00,-1.593753e+00,-1.319582e+00,-3.949669e-01
1.210146e+00,8.796956e+00,3.939304e+00,-1.689828e+00,-9.280457e-01,-2.604022e-01
1.434549e+00,8.414816e+00,1.600966e+00,-1.740151e+00,-5.932235e-01,-1.330724e-01
2.727228e+00,9.132243e+00,-2.046262e+00,-1.878846e+00,-5.584783e-01,-1.275047e-02
2.019345e+00,9.019031e+00,-2.051427e-01,-2.391335e+00,-7.575352e-01,8.064920e-02
2.558038e+00,1.010011e+01,2.662405e+00,-2.863292e+00,-1.135070e+00,-1.478773e-02
9.064465e+00,1.360874e+01,-2.399208e+00,-3.549412e+00,-1.345095e+00,1.209807e-01
7.180563e+00,1.790778e+01,-2.795917e+00,-3.898120e+00,-1.470739e+00,1.899561e-01
-9.389944e+00,1.843815e+01,1.568609e+01,-4.526824e+00,-3.004309e+00,2.752503e-02
-1.301904e+01,2.985121e+01,1.925210e+01,-4.944010e+00,-4.638468e+00,-5.193366e-01
-8.789956e+00,1.374379e+01,1.788761e+01,-4.768329e+00,-3.403935e+00,3.392553e-02
5.444186e+00,1.912838e+00,1.573145e+01,-2.652054e+00,-1.157697e+00,6.651864e-01
1.112898e+01,9.669380e+00,8.646742e+00,-9.041041e-01,2.105426e+00,6.551770e-01
6.448009e+00,5.449041e+00,1.062457e+01,-8.728617e-02,1.791705e+00,1.288667e-01
4.313307e+00,1.644969e+00,6.856300e+00,1.879370e+00,5.944015e-01,-1.142460e+00
2.448954e+00,1.202221e+00,7.470250e+00,3.324634e+00,3.637246e-01,-1.520282e+00
2.909772e+00,1.569142e+00,9.636114e+00,4.665234e+00,6.540022e-01,-1.927351e+00
3.628720e+00,1.964284e+00,9.311578e+00,5.410203e+00,1.096588e+00,-1.945135e+00
5.420282e+00,1.620673e+00,1.419175e+01,6.498161e+00,1.554786e+00,-1.776154e+00
6.220301e+00,2.367399e+00,1.275170e+01,7.395020e+00,1.532769e+00,-1.573934e+00
8.155514e+00,5.737320e+00,1.367629e+01,8.323099e+00,1.019498e+00,-1.018012e+00
-4.989501e+00,4.715220e+00,7.835300e+00,8.340937e+00,5.963754e-01,-6.756188e-01
-1.881873e+01,-8.087601e+00,7.191383e+00,6.959904e+00,-1.132947e+00,-7.362653e-01
-5.554946e+00,-1.588485e+01,6.014421e+00,4.492942e+00,1.125087e-01,-6.600203e-01
1.904203e+01,3.592729e+01,-1.002792e+01,-1.379446e-01,4.234467e+00,1.074053e+00
2.449856e+01,3.750942e+01,3.286432e+00,-2.953357e+00,4.321749e+00,1.527364e+00
1.080688e-01,-1.036396e+01,1.264899e+01,-2.072492e+00,2.090718e+00,8.728146e-01
3.773271e-01,4.140533e-01,1.434583e+01,-2.873634e+00,-1.368605e+00,-1.943234e+00
-9.279048e+00,2.300493e+01,1.321258e+01,-3.365066e+00,-9.662364e-01,-1.609661e-01
-9.140987e+00,1.440971e+01,9.732113e+00,-3.008090e+00,-1.085992e+00,-3.751670e-01
-3.837740e-01,5.411949e+00,4.604684e+00,-1.323373e+00,2.870325e-01,5.618660e-02
4.617533e+00,9.096820e+00,4.494681e+00,-9.395151e-01,1.883721e+00,7.186765e-01
6.192542e+00,1.127142e+01,3.448441e+00,-8.270107e-01,1.961179e+00,5.955233e-01
1.566693e+00,7.836150e+00,2.741590e+00,-8.619239e-01,1.006569e+00,3.901836e-01
-8.526619e-02,9.375897e+00,1.610074e+00,-7.593225e-01,-5.150458e-01,-1.266345e-01
1.558518e-02,1.021416e+01,4.109155e-01,-8.637686e-01,-7.269506e-01,-2.494969e-01
-1.381631e+00,7.567780e+00,5.313705e-01,-1.050965e+00,-7.747285e-01,-2.473811e-01
-2.083535e+00,7.887878e+00,1.820552e+00,-1.220901e+00,-8.774743e-01,-2.692413e-01
7.694381e-01,8.098866e+00,3.390782e+00,-1.546053e+00,-8.185634e-01,-2.072176e-01
2.063868e+00,9.346590e+00,4.499596e+00,-1.699679e+00,-5.385274e-01,-1.246589e-01
1.224475e+00,8.245345e+00,1.726158e+00,-1.794834e+00,-5.849232e-01,-7.333333e-02
1.013272e+00,9.033983e+00,2.018548e-02,-1.824172e+00,-7.058144e-01,-6.622820e-02
4.004693e-01,9.713616e+00,1.685991e+00,-2.232340e+00,-9.029584e-01,2.295700e-02
7.859547e-01,1.019171e+01,2.772228e+00,-2.674963e+00,-1.110369e+00,3.298736e-02
7.544664e+00,1.173600e+01,-8.513310e-01,-3.196650e+00,-1.138372e+00,2.419457e-01
9.367807e+00,1.809096e+01,-4.225207e+00,-3.456649e+00,-9.908073e-01,3.834155e-01
-1.522352e+00,1.688930e+01,7.827498e+00,-4.114609e+00,-2.077419e+00,3.583111e-01
-7.909250e+00,2.050546e+01,1.603886e+01,-4.530496e+00,-3.968196e+00,-1.739947e-01
-8.792344e+00,1.712817e+01,1.791588e+01,-4.576554e+00,-3.712217e+00,-3.383781e-01
1.864487e+00,4.091524e+00,1.578805e+01,-3.253658e+00,-2.034211e+00,1.995766e-02
1.065089e+01,9.864159e+00,7.885936e+00,-1.069834e+00,9.962713e-01,5.003068e-01
5.947566e+00,6.488081e+00,1.045288e+01,-8.672553e-01,1.385550e+00,1.237817e-01
3.551764e+00,2.690869e+00,7.377626e+00,1.430951e+00,4.849050e-01,-1.140279e+00
2.528156e+00,1.420350e+00,6.901383e+00,2.382854e+00,3.623536e-01,-1.428305e+00
1.324421e+00,1.285579e+00,9.767181e+00,3.812698e+00,6.718609e-01,-1.744538e+00
1.435904e+00,2.329789e+00,9.820000e+00,4.698285e+00,1.083208e+00,-2.007879e+00
1.555912e+00,3.039416e+00,1.240627e+01,6.007008e+00,1.659149e+00,-1.779442e+00
3.672018e+00,3.039970e+00,1.522640e+01,6.833382e+00,1.745570e+00,-1.565900e+00
9.545459e+00,3.576547e+00,1.330131e+01,7.980564e+00,1.755871e+00,-9.007559e-01
3.856098e+00,2.393334e+00,9.410233e+00,8.389784e+00,1.498342e+00,-2.440632e-01
-1.619551e+01,-5.655467e+00,6.052312e+00,7.105530e+00,-1.375314e-01,-4.965251e-01
-7.423695e+00,-1.148749e+01,7.686393e+00,4.956192e+00,4.635622e-01,-6.951856e-01
6.963225e+00,7.880830e+00,2.271892e+00,1.294004e+00,3.526449e+00,4.992672e-01
3.315088e+01,3.895682e+01,-4.068518e+00,-1.786104e+00,4.834085e+00,1.348765e+00
-1.197675e-01,-6.815830e+00,1.344074e+01,-2.265619e+00,3.977505e+00,1.725478e+00
2.918328e-01,-9.234158e+00,1.693693e+01,-2.204799e+00,8.656736e-02,-1.065692e+00
-3.787992e+00,1.930615e+01,1.257411e+01,-3.418533e+00,-5.956126e-01,-9.033430e-01
-8.187438e+00,1.521874e+01,1.008421e+01,-3.217044e+00,-7.746357e-01,5.230031e-02
-5.026211e+00,7.272186e+00,6.373900e+00,-1.354652e+00,-7.289841e-01,-6.720497e-01
3.238416e+00,8.451507e+00,4.119194e+00,-8.848458e-01,9.008907e-01,3.448109e-01
6.920185e+00,1.181610e+01,2.749272e+00,-6.179635e-01,2.080558e+00,5.704100e-01
4.884721e+00,9.288071e+00,2.004036e+00,-7.136510e-01,1.402873e+00,3.927030e-01
1.956745e+00,8.715388e+00,-1.572715e-01,-5.923817e-01,-5.807157e-02,-1.210253e-01
-3.176895e+00,7.852701e+00,-4.073134e-01,-7.428026e-01,-9.951882e-01,-4.178639e-01
-5.746950e+00,7.066975e+00,1.164826e+00,-1.136677e+00,-1.660194e+00,-5.672696e-01
-3.555314e+00,7.412994e+00,2.507652e+00,-1.362563e+00,-1.432396e+00,-4.699154e-01
4.833355e+00,8.455749e+00,4.561317e+00,-1.645269e+00,-5.370204e-01,-1.859406e-01
5.766902e+00,9.123262e+00,3.904255e+00,-1.729447e+00,-9.899169e-02,-8.803720e-02
1.920291e+00,7.817942e+00,1.497978e+00,-1.933729e+00,-7.206893e-01,-1.919467e-01
1.675411e+00,9.774968e+00,6.834512e-01,-2.044170e+00,-1.147912e+00,-2.059397e-01
-1.354280e+00,1.006645e+01,2.902347e+00,-2.590455e+00,-1.382411e+00,-1.316985e-01
1.045587e+00,9.907240e+00,3.049678e+00,-2.892047e+00,-1.573333e+00,-1.326935e-01
8.413827e+00,1.424344e+01,-3.238134e+00,-3.299503e+00,-1.187183e+00,2.381433e-01
5.063820e+00,1.972342e+01,-1.915980e+00,-3.504380e+00,-1.044841e+00,4.331443e-01
-4.380458e+00,1.596136e+01,1.154901e+01,-4.337531e+00,-2.668979e+00,3.741959e-01
-8.157719e+00,2.381209e+01,1.714757e+01,-4.601097e+00,-4.096584e+00,-9.803783e-02
-3.138438e+00,1.183962e+01,1.820406e+01,-4.459863e+00,-2.774607e+00,-1.053550e-01
5.560707e+00,2.243132e+00,1.370007e+01,-2.594613e+00,-1.155749e+00,6.394378e-02
7.056033e+00,9.755463e+00,8.647717e+00,-7.907250e-01,1.250212e+00,1.636200e-01
3.172271e+00,6.083593e+00,1.063296e+01,-3.486659e-01,1.197146e+00,-2.605213e-01
2.591198e+00,2.498067e+00,8.316813e+00,2.246251e+00,3.843966e-01,-1.561957e+00
2.962507e+00,2.212513e+00,8.898772e+00,3.543275e+00,7.569903e-01,-1.533713e+00
2.361738e+00,2.616086e+00,1.002871e+01,4.809276e+00,1.389019e+00,-1.670636e+00
2.588667e+00,2.373961e+00,1.017157e+01,5.695218e+00,1.672476e+00,-1.585271e+00
4.349554e+00,1.806812e+00,1.408761e+01,6.813545e+00,1.948961e+00,-1.342891e+00
6.723785e+00,4.801723e+00,1.252638e+01,7.751668e+00,1.950030e+00,-1.067505e+00
6.248085e+00,8.501941e+00,1.066106e+01,8.572478e+00,1.355505e+00,-3.391638e-01
-6.503316e+00,3.232765e+00,5.805153e+00,8.400922e+00,6.925180e-01,4.408762e-02
-1.356163e+01,-7.138454e+00,4.970772e+00,6.889299e+00,-2.404378e-01,-3.467275e-01
6.212698e-01,-1.318114e+01,1.477104e-01,4.580774e+00,1.446895e+00,-2.307382e-01
7.206079e+00,-2.061881e+00,1.025665e+01,1.840904e-01,4.131369e+00,1.088773e+00
9.692030e+00,3.016517e+01,5.851421e+00,-2.353385e+00,3.495312e+00,1.120643e+00
2.919333e+01,3.681911e+01,-5.231779e+00,-4.962514e+00,1.366993e+00,-3.747639e-02
-1.541618e+01,-8.052157e+00,1.150647e+01,-2.004634e+00,5.409120e-01,5.674829e-01
-2.403913e+00,5.791018e+00,1.583888e+01,-2.089445e+00,-2.352431e+00,-2.234438e+00
1.469367e-01,1.697891e+01,1.030151e+01,-3.407263e+00,9.095644e-01,1.028087e-01
4.057032e+00,1.088707e+01,8.230749e+00,-2.338281e+00,1.906552e+00,3.836168e-01
8.966537e-01,7.595088e+00,4.490179e+00,-1.465461e+00,1.141340e+00,-4.730635e-02
1.338093e+00,1.017121e+01,3.592063e+00,-1.121869e+00,2.103630e-01,5.554707e-02
3.121087e+00,1.208632e+01,3.528913e+00,-1.062821e+00,2.742528e-01,1.359836e-02
2.131891e+00,8.565855e+00,3.173774e+00,-1.202828e+00,1.894219e-01,-2.217206e-02
1.616792e+00,8.635472e+00,2.921462e+00,-1.129779e+00,-2.933207e-01,-1.922198e-01
5.158548e-01,8.637856e+00,2.240313e+00,-1.161947e+00,-7.995242e-01,-2.465454e-01
-1.271289e+00,8.151215e+00,2.003777e+00,-1.182334e+00,-1.085184e+00,-3.335116e-01
-3.684063e+00,7.528929e+00,2.847545e+00,-1.339178e+00,-1.418661e+00,-4.380893e-01
-2.905684e+00,7.532070e+00,4.170434e+00,-1.440651e+00,-1.358458e+00,-4.300342e-01
2.820187e+00,8.959576e+00,4.248051e+00,-1.578856e+00,-6.751283e-01,-1.898178e-01
3.966402e+00,8.498177e+00,1.857733e+00,-1.608497e+00,-1.521269e-01,-2.429169e-02
2.674029e+00,8.521943e+00,-1.587820e+00,-1.772303e+00,-4.084552e-01,-6.788393e-02
2.162490e+00,8.933257e+00,2.729123e-01,-2.078114e+00,-8.084567e-01,-6.953527e-03
4.195060e+00,1.018400e+01,9.819552e-01,-2.796219e+00,-1.240710e+00,-1.049620e-01
7.643728e+00,1.313548e+01,-2.586548e+00,-3.306871e+00,-1.329162e+00,6.683089e-02
2.683069e+00,1.796012e+01,9.181624e-01,-3.981414e+00,-1.572868e+00,3.037156e-01
-6.556415e+00,1.882243e+01,1.317670e+01,-4.378857e+00,-2.371623e+00,3.090186e-01
-8.896289e+00,2.620039e+01,1.875302e+01,-4.959510e+00,-4.242861e+00,-2.756723e-01
-7.167192e+00,1.143754e+01,1.907902e+01,-4.793589e+00,-3.393040e+00,6.651586e-02
6.618951e+00,4.967027e+00,1.280446e+01,-1.905459e+00,-6.324684e-01,6.240330e-01
7.504853e+00,1.019607e+01,9.222197e+00,-1.091009e+00,1.166839e+00,7.632758e-01
2.851580e+00,4.325171e+00,1.049349e+01,9.481723e-02,1.308187e+00,2.409717e-01
3.076569e+00,2.182340e+00,7.966492e+00,1.616094e+00,9.186885e-01,-5.390101e-01
2.593789e+00,1.009575e+00,8.552830e+00,3.646985e+00,1.128130e+00,-7.106550e-01
2.728940e+00,1.255673e+00,9.288853e+00,4.508091e+00,1.329339e+00,-9.409863e-01
3.382330e+00,4.297172e-01,9.593162e+00,5.741447e+00,1.674711e+00,-1.056556e+00
4.058615e+00,1.042671e+00,1.130182e+01,6.508210e+00,1.727641e+00,-9.849344e-01
5.026034e+00,3.606030e+00,1.382440e+01,7.345640e+00,1.536327e+00,-9.674708e-01
5.161986e+00,6.364417e+00,1.234041e+01,8.144645e+00,1.133687e+00,-7.946346e-01
-3.314376e+00,6.777756e+00,7.265936e+00,8.446322e+00,4.644813e-01,-4.593555e-01
-1.765077e+01,-5.655804e+00,5.410427e+00,7.479437e+00,-2.140436e-01,-4.806555e-01
-2.785430e+00,-1.311325e+01,4.000624e+00,5.149101e+00,6.367201e-01,-6.242380e-01
7.479229e+00,-6.432889e+00,6.509207e+00,2.388858e+00,3.401598e+00,2.115594e-01
1.871553e+01,3.814555e+01,-6.093251e+00,-1.887472e+00,4.385449e+00,1.182644e+00
1.794807e+01,2.292277e+01,2.439632e-01,-4.290171e+00,2.862713e+00,3.719688e-01
-7.048518e+00,-1.339223e+01,1.155782e+01,-6.306567e-01,9.973072e-01,5.038944e-01
-3.192721e+00,9.112302e+00,1.846383e+01,-2.037686e+00,-1.035549e+00,-1.892796e+00
-8.296350e-01,1.731397e+01,1.065232e+01,-3.793760e+00,1.229182e+00,3.141009e-01
-7.659966e-01,6.046994e+00,8.651487e+00,-2.745298e+00,1.070837e+00,6.507584e-02
3.803198e-01,9.444413e+00,5.273307e+00,-1.452299e+00,5.217876e-01,-1.110737e-01
5.027995e+00,1.173769e+01,4.598965e+00,-1.378461e+00,9.275387e-01,3.499330e-01
3.565118e+00,9.625118e+00,3.800918e+00,-1.186395e+00,1.242579e+00,2.737960e-01
9.939657e-01,8.783939e+00,3.595584e+00,-1.140784e+00,5.654629e-01,2.503188e-02
6.444744e-01,8.971591e+00,2.881671e+00,-1.046467e+00,-4.690307e-01,-1.906629e-01
5.400516e-01,8.048382e+00,2.408176e+00,-1.033741e+00,-5.682759e-01,-2.390389e-01
-5.710934e-01,6.792520e+00,2.115137e+00,-1.048497e+00,-6.698467e-01,-3.472914e-01
-2.301068e+00,7.072764e+00,2.728922e+00,-1.195776e+00,-8.320464e-01,-3.760066e-01
-1.805714e+00,8.161746e+00,4.775873e+00,-1.459040e+00,-9.306307e-01,-3.776621e-01
2.159230e+00,9.020312e+00,5.417459e+00,-1.540162e+00,-6.531303e-01,-2.861710e-01
3.331287e+00,6.603709e+00,1.602109e+00,-1.530366e+00,-2.083797e-01,-1.450199e-01
3.083828e+00,6.736427e+00,1.451506e-01,-1.577086e+00,-3.476111e-01,-1.463518e-01
1.725773e+00,1.056194e+01,6.871429e-01,-1.964115e+00,-1.048415e+00,-2.163491e-01
-1.464557e+00,9.811438e+00,3.214834e+00,-2.430871e+00,-1.380036e+00,-1.618745e-01
7.263991e+00,1.271287e+01,-1.244002e-01,-3.033057e+00,-1.639207e+00,-6.939969e-02
1.070097e+01,2.027460e+01,-4.774672e+00,-3.284328e+00,-1.117485e+00,3.301916e-01
-5.543197e+00,1.467298e+01,9.710541e+00,-4.122563e+00,-1.923108e+00,4.470826e-01
-7.152110e+00,1.906970e+01,1.634673e+01,-4.474717e+00,-3.650404e+00,-1.085588e-02
-9.188531e+00,2.149717e+01,1.861906e+01,-4.945144e+00,-4.214222e+00,-1.242843e-01
-1.698455e+00,6.478979e+00,1.775639e+01,-4.298916e+00,-2.308763e+00,-1.245601e-02
9.994572e+00,9.083405e+00,8.294374e+00,-1.163043e+00,6.674070e-01,5.488500e-01
5.821469e+00,8.433305e+00,9.924827e+00,-1.185731e+00,1.397278e+00,4.483948e-01
2.369880e+00,3.116972e+00,7.809053e+00,9.460214e-01,5.148831e-01,-7.125692e-01
2.748942e+00,2.072287e+00,6.895290e+00,2.061168e+00,4.040745e-01,-1.066555e+00
2.461523e+00,9.846192e-01,9.243037e+00,3.635674e+00,1.069199e+00,-1.012487e+00
3.318881e+00,1.520933e+00,8.749775e+00,4.659877e+00,1.470418e+00,-1.307818e+00
4.215947e+00,1.462400e+00,1.051177e+01,5.889143e+00,1.903272e+00,-1.197603e+00
4.914172e+00,1.460185e+00,1.394914e+01,6.529138e+00,1.905625e+00,-1.112270e+00
5.483608e+00,5.465388e+00,1.326221e+01,7.693086e+00,1.445642e+00,-9.648222e-01
5.148845e+00,6.327943e+00,1.394150e+01,8.195249e+00,1.010583e+00,-8.017518e-01
-9.197599e+00,2.762849e+00,7.613196e+00,8.282376e+00,3.573723e-01,-4.646937e-01
-1.729309e+01,-8.560826e+00,7.179176e+00,7.080534e+00,5.985773e-02,-5.814515e-01
-9.118657e-01,-1.253196e+01,7.540211e+00,4.325996e+00,1.889996e+00,-3.064553e-01
7.509913e+00,2.255639e-02,9.046704e+00,1.267160e+00,4.908046e+00,7.993182e-01
3.837147e+01,3.869359e+01,-2.984087e+00,-3.257514e+00,5.066710e+00,1.539037e+00
3.866198e+00,-2.335987e+00,7.947640e+00,-3.687536e+00,4.192420e+00,1.198454e+00
-8.504148e-01,-5.187065e+00,1.459250e+01,-1.057157e+00,5.761953e-01,-6.919757e-01
-1.111126e+00,1.447841e+01,1.149814e+01,-2.955324e+00,-1.428789e+00,-1.993683e+00
-7.109433e+00,1.412090e+01,9.939238e+00,-3.134345e+00,-5.477132e-01,-7.085507e-03
-6.973306e+00,8.925010e+00,5.975975e+00,-2.122031e+00,-9.523488e-01,-7.629731e-01
7.874730e-01,8.601611e+00,4.177213e+00,-1.377631e+00,2.128537e-01,4.777418e-02
3.872040e+00,1.126614e+01,4.319330e+00,-9.291035e-01,1.563678e+00,3.842268e-01
3.674412e+00,8.597843e+00,4.074804e+00,-1.047510e+00,1.525792e+00,3.418662e-01
2.867563e+00,8.630432e+00,3.544784e+00,-9.478243e-01,9.116801e-01,1.377397e-01
1.688760e+00,9.259198e+00,2.544453e+00,-9.300603e-01,7.698717e-02,-1.587472e-01
1.919405e-01,8.084262e+00,1.763839e+00,-9.679034e-01,-3.611854e-01,-3.097684e-01
-1.727234e+00,7.669660e+00,2.882358e+00,-1.107166e+00,-8.740403e-01,-4.226376e-01
6.400170e-01,8.739870e+00,4.057652e+00,-1.268229e+00,-9.189120e-01,-4.132994e-01
1.958325e+00,9.755722e+00,3.538504e+00,-1.426935e+00,-6.126922e-01,-2.800757e-01
2.558622e+00,7.965675e+00,-1.793571e-01,-1.502453e+00,-5.754516e-01,-2.198261e-01
2.797403e+00,7.175090e+00,-2.307526e+00,-1.674968e+00,-7.606558e-01,-1.698965e-01
8.796042e-01,9.308748e+00,-4.393092e-01,-2.056375e+00,-9.965959e-01,-1.454139e-01
-5.679763e-01,9.446274e+00,3.397788e+00,-2.976660e+00,-1.596683e+00,-1.460313e-01
7.755694e+00,1.043830e+01,6.719016e-01,-3.414976e+00,-1.623818e+00,2.574916e-02
1.340806e+01,2.100068e+01,-4.568836e+00,-3.724385e+00,-9.735035e-01,2.835147e-01
-7.629284e-01,1.847554e+01,7.292166e+00,-4.347244e+00,-1.479864e+00,3.032537e-01
-1.389805e+01,2.464463e+01,1.924257e+01,-4.903408e+00,-4.844983e+00,-4.084576e-01
-1.521589e+01,1.735356e+01,2.037169e+01,-4.835379e+00,-5.353164e+00,-6.188490e-01
4.611256e+00,5.299658e+00,1.507791e+01,-3.675604e+00,-2.753326e+00,-2.034033e-02
1.172356e+01,1.168557e+01,9.238515e+00,-1.678079e+00,6.153675e-01,7.056908e-01
7.298061e+00,4.891562e+00,9.204336e+00,-3.475628e-01,1.958055e+00,4.178133e-01
3.029869e+00,1.810330e+00,7.142554e+00,1.477349e+00,1.026586e+00,-6.227989e-01
-6.059887e-01,2.007375e+00,8.824214e+00,2.879211e+00,3.398487e-01,-1.149273e+00
-1.109438e+00,1.865313e+00,1.068819e+01,3.804969e+00,5.331899e-01,-1.380415e+00
2.290250e+00,1.336771e+00,1.097384e+01,5.232973e+00,1.833947e+00,-1.583295e+00
4.863258e+00,1.224457e+00,1.258429e+01,6.221978e+00,2.755733e+00,-1.361080e+00
9.475038e+00,2.304867e+00,1.399377e+01,7.293409e+00,3.268715e+00,-9.823789e-01
1.105803e+01,4.580984e+00,1.355529e+01,8.218207e+00,2.806059e+00,-5.706783e-01
-3.912948e+00,7.646518e+00,8.316892e+00,8.684809e+00,1.057916e+00,-1.285317e-01
-1.958867e+01,2.140814e+00,8.790655e+00,8.302534e+00,-2.175913e-01,-4.164514e-01
-2.501599e+00,-1.655786e+01,-2.024224e+00,6.232245e+00,-2.325968e-01,-8.191859e-01
4.018968e+00,-1.135512e+01,3.044800e+00,3.500377e+00,3.339975e+00,-2.226427e-02
1.810064e+01,3.337243e+01,-8.273818e-01,-2.072287e+00,4.597570e+00,1.321059e+00
2.216184e+01,2.262385e+01,2.477173e+00,-4.218870e+00,3.673832e+00,9.987311e-01
-1.317451e+00,-9.698066e+00,1.357718e+01,-1.759340e+00,2.332145e+00,7.042129e-01
-2.554984e+00,-1.576624e+00,1.717156e+01,-2.508199e+00,-1.936106e+00,-2.583773e+00
-1.260367e+01,2.173215e+01,1.414897e+01,-3.773055e+00,-1.703035e+00,-7.607848e-01
-7.354123e+00,8.306914e+00,8.540573e+00,-3.531367e+00,-1.608593e+00,-5.691920e-01
-5.966871e-01,5.697848e+00,5.154986e+00,-1.975640e+00,-1.328055e-01,-2.605411e-01
6.249029e+00,1.086887e+01,5.257735e+00,-1.417426e+00,1.801144e+00,7.312853e-01
6.025180e+00,9.711437e+00,4.853661e+00,-1.326598e+00,2.335121e+00,5.711288e-01
2.028498e+00,7.685290e+00,5.397811e+00,-1.287628e+00,1.260152e+00,3.105084e-01
-4.561618e-01,8.819891e+00,5.138650e+00,-1.141097e+00,-3.697814e-01,-1.752073e-01
-9.613353e-01,9.163164e+00,4.017497e+00,-1.104316e+00,-7.270148e-01,-2.619662e-01
-2.256602e+00,8.169523e+00,2.686017e+00,-1.021561e+00,-6.543294e-01,-2.486300e-01
-9.746882e-01,7.494476e+00,2.458015e+00,-9.977642e-01,-6.434149e-01,-2.202311e-01
4.275848e+00,8.621542e+00,2.026412e+00,-1.079918e+00,-3.709057e-01,-1.104939e-01
4.729082e+00,8.293591e+00,2.519655e-02,-1.217746e+00,-1.959792e-01,-1.012230e-01
5.484083e-01,7.013138e+00,-2.130108e+00,-1.620969e+00,-9.471150e-01,-2.571930e-01
-6.774132e-01,9.141974e+00,6.386423e-01,-2.101391e+00,-1.680070e+00,-3.582691e-01
-1.146763e+00,9.245241e+00,3.168052e+00,-2.940011e+00,-1.997706e+00,-3.231274e-01
3.427967e+00,1.076502e+01,2.358844e+00,-3.324926e+00,-1.925982e+00,-2.202381e-01
1.075018e+01,2.455471e+01,-5.837619e+00,-3.768332e+00,-1.388385e+00,1.944295e-01
6.021176e+00,2.364200e+01,2.507090e+00,-4.267273e+00,-1.419810e+00,4.158845e-01
-1.045930e+01,1.900213e+01,1.785843e+01,-4.914941e+00,-3.905475e+00,5.481209e-01
-8.584820e+00,1.776856e+01,2.180728e+01,-4.812148e+00,-4.385921e+00,-1.213844e-01
5.312502e+00,3.773868e+00,1.835037e+01,-3.911357e+00,-2.564726e+00,-6.491381e-01
1.052708e+01,1.104750e+01,8.115688e+00,-1.840758e+00,1.910543e-01,-8.587646e-03
3.116033e+00,5.222681e+00,1.260102e+01,-7.678408e-01,1.601366e+00,-2.566289e-01
3.357360e+00,2.877787e+00,9.348063e+00,1.051049e+00,1.040115e+00,-1.334025e+00
2.462939e+00,1.191754e+00,1.003298e+01,2.776289e+00,1.235259e+00,-1.381278e+00
2.247089e+00,1.030660e+00,9.392033e+00,4.030266e+00,1.746209e+00,-1.524716e+00
2.510000e+00,8.252509e-01,1.041663e+01,5.583332e+00,2.289712e+00,-1.461307e+00
3.023191e+00,2.110841e-02,1.129381e+01,6.417687e+00,2.507358e+00,-1.053032e+00
6.912203e+00,-1.118666e-02,1.385983e+01,7.295289e+00,2.463505e+00,-5.718130e-01
8.752874e+00,1.408140e+00,1.194945e+01,7.918356e+00,2.307189e+00,7.589706e-03
2.136874e+00,7.066408e+00,8.367672e+00,8.121048e+00,1.182957e+00,6.298595e-01
-1.021889e+01,-3.580668e+00,7.310411e+00,7.300393e+00,-1.083826e-01,7.790350e-01
-5.674408e+00,-1.294626e+01,6.709524e+00,5.314225e+00,-6.888753e-01,-1.285517e-01
1.832859e+00,-6.020121e+00,6.026881e+00,2.787671e+00,9.563151e-01,3.927761e-02
2.159631e+01,3.920544e+01,7.560683e-02,-1.654609e+00,2.915980e+00,8.280581e-01
2.686519e+00,1.059612e+01,7.677677e+00,-3.571283e+00,2.398628e+00,7.508610e-01
1.009892e+01,-1.123633e+01,1.280695e+01,-2.187128e+00,7.623653e-01,-3.220895e-01
4.279702e+00,1.072753e+01,1.205681e+01,-3.333105e+00,9.588029e-02,-1.277252e+00
-9.756575e+00,1.651877e+01,1.323323e+01,-3.818295e+00,-5.102022e-01,-1.687939e-01
-5.788257e+00,1.102200e+01,9.135976e+00,-2.724554e+00,-1.299836e+00,-5.737815e-01
-2.309210e+00,6.053815e+00,6.369844e+00,-1.677462e+00,-7.453726e-01,-4.119729e-01
3.200231e+00,1.206370e+01,6.609594e+00,-1.110471e+00,3.409675e-01,3.296292e-01
2.615966e+00,9.125026e+00,5.070913e+00,-1.194834e+00,1.156724e+00,3.647177e-01
2.286374e-01,7.766905e+00,4.281473e+00,-9.520712e-01,6.509615e-01,3.037904e-01
-1.222271e+00,9.762582e+00,3.675784e+00,-6.159292e-01,-5.597969e-01,-6.548519e-02
-1.513636e+00,9.635054e+00,2.900610e+00,-6.593577e-01,-7.005207e-01,-1.122134e-01
-2.525911e+00,7.323361e+00,2.065838e+00,-6.972048e-01,-5.664504e-01,-1.592114e-01
-2.049119e+00,6.943293e+00,2.575863e+00,-7.754184e-01,-4.992343e-01,-1.693483e-01
1.869442e+00,7.838781e+00,2.463276e+00,-1.003114e+00,-3.457748e-01,-1.499304e-01
3.174832e+00,7.205504e+00,1.209848e+00,-1.109954e+00,-2.075803e-01,-1.089026e-01
2.477934e+00,8.464787e+00,-1.147236e+00,-1.358276e+00,-3.847546e-01,-1.382568e-01
2.085366e+00,9.879408e+00,-5.201861e-01,-1.678381e+00,-6.042405e-01,-1.082831e-01
9.223525e-01,1.014877e+01,2.394366e+00,-2.300766e+00,-9.902004e-01,-1.013346e-01
5.236052e+00,1.235061e+01,1.125669e+00,-2.775029e+00,-1.242920e+00,-1.510109e-01
7.972194e+00,1.764220e+01,-4.182216e+00,-3.227123e+00,-1.095240e+00,1.540681e-01
2.421508e+00,1.535454e+01,9.381747e-01,-3.553912e+00,-1.247281e+00,2.864022e-01
-4.799659e+00,2.381712e+01,1.591190e+01,-4.166408e+00,-2.922472e+00,2.670221e-02
-9.060761e+00,2.619193e+01,1.767929e+01,-4.564907e+00,-3.972161e+00,-2.096070e-01
-3.189317e+00,2.031942e+00,1.909899e+01,-3.675810e+00,-2.677712e+00,-3.076890e-01
4.232097e+00,8.939710e+00,9.739650e+00,-1.990170e+00,-1.286634e+00,1.182595e-01
3.319933e+00,9.743360e+00,1.144336e+01,-1.596095e+00,1.428144e+00,5.000843e-01
3.552784e+00,5.169413e+00,9.894505e+00,-3.934229e-01,1.683490e+00,4.293766e-01
5.456683e+00,1.512755e+00,7.698787e+00,1.609997e+00,1.743536e+00,3.378237e-02
5.186814e+00,5.564525e-01,8.812105e+00,3.043575e+00,1.874479e+00,-1.584062e-01
3.586421e+00,2.160520e+00,8.414649e+00,4.407262e+00,1.655211e+00,-5.704029e-01
2.188292e+00,1.356970e+00,1.048157e+01,5.156877e+00,1.326013e+00,-5.905847e-01
2.371693e+00,9.983074e-01,1.381961e+01,6.212171e+00,8.786952e-01,-5.441743e-01
1.780157e+00,2.114451e+00,1.441801e+01,7.097996e+00,7.045445e-01,-5.075288e-01
-3.382726e-01,1.014053e+00,1.257704e+01,8.147878e+00,6.291852e-01,-2.483916e-01
-4.867050e+00,3.909267e+00,1.084236e+01,8.387136e+00,7.863837e-01,-5.227386e-02
-7.027503e+00,-9.464709e+00,7.609669e+00,6.988160e+00,5.133364e-01,4.937591e-01
3.655172e+00,-1.120651e+01,6.808777e+00,4.742093e+00,1.477309e+00,2.966605e-01
1.082347e+01,1.511672e+01,6.547166e-01,4.415535e-01,2.828990e+00,3.662065e-01
2.334799e+01,3.877262e+01,-8.043910e-01,-2.163537e+00,2.014790e+00,1.121465e-01
-7.945708e+00,-1.029885e+01,1.218910e+01,-2.236386e+00,8.707733e-01,3.775036e-01
-6.025918e+00,-6.781528e+00,1.337007e+01,-1.032839e+00,-8.251125e-01,-1.153153e+00
1.116017e+00,1.824383e+01,7.984522e+00,-3.109835e+00,9.090809e-01,-1.995526e-01
1.428383e+00,1.237670e+01,8.890245e+00,-2.776327e+00,1.593052e+00,6.386438e-01
-1.700923e+00,7.888447e+00,4.583019e+00,-1.185329e+00,3.832391e-01,-3.304484e-01
2.990049e-01,9.485535e+00,5.502938e+00,-1.115419e+00,2.110257e-01,8.561511e-02
3.642308e+00,1.146461e+01,3.838712e+00,-7.656216e-01,9.996256e-01,2.333985e-01
3.810327e+00,9.805254e+00,2.271409e+00,-7.574059e-01,1.014190e+00,1.935445e-01
2.911251e+00,9.554286e+00,4.903573e-01,-5.245972e-01,3.189325e-01,-3.306965e-02
-9.013555e-02,8.292377e+00,6.695933e-02,-6.079312e-01,-1.011312e-01,-1.327891e-01
-3.214771e+00,6.629379e+00,-1.670915e-01,-7.978391e-01,-6.610398e-01,-3.316642e-01
-3.897038e+00,6.954444e+00,7.938878e-01,-1.036487e+00,-9.909390e-01,-4.324062e-01
9.195838e-01,8.338380e+00,3.579059e+00,-1.484264e+00,-8.907800e-01,-3.481252e-01
2.010752e+00,8.866862e+00,2.805717e+00,-1.640122e+00,-5.402805e-01,-2.386527e-01
2.041155e+00,8.165488e+00,1.112709e+00,-1.785430e+00,-5.071066e-01,-2.244151e-01
2.281418e+00,9.483284e+00,-4.032427e-01,-1.937943e+00,-7.267706e-01,-1.807482e-01
2.250548e-01,9.710110e+00,1.560219e+00,-2.405466e+00,-9.913100e-01,-6.818075e-02
1.226501e+00,1.014158e+01,1.932667e+00,-2.793925e+00,-1.217121e+00,-6.755340e-02
1.633616e+01,1.098748e+01,-4.289701e+00,-3.244896e+00,-1.261232e+00,9.934072e-02
1.163594e+01,1.572729e+01,-4.654609e+00,-3.472256e+00,-1.092571e+00,3.354107e-01
-9.346125e+00,1.880914e+01,1.322171e+01,-4.119064e+00,-2.318171e+00,2.793090e-01
-2.097180e+01,3.197793e+01,2.093405e+01,-4.574892e+00,-5.430922e+00,-1.159269e-01
-8.486031e+00,1.272975e+01,1.737423e+01,-4.858643e+00,-4.226692e+00,-1.926115e-02
2.792749e+00,5.885507e-01,1.937547e+01,-3.374317e+00,-1.550885e+00,1.067049e+00
1.352991e+01,9.381398e+00,1.123915e+01,-6.357647e-01,2.630637e+00,2.035025e+00
1.082103e+01,7.428748e+00,1.003770e+01,-6.300457e-01,3.759666e+00,1.404756e+00
5.142944e+00,2.795069e+00,6.300295e+00,8.278854e-01,2.137379e+00,7.861486e-01
7.759797e-01,2.843130e+00,7.703866e+00,2.290710e+00,8.804479e-01,1.425959e-01
2.500207e-02,-1.677166e+00,9.575961e+00,3.401755e+00,-3.238744e-02,-2.509428e-01
1.472297e+00,7.359609e-01,8.560287e+00,4.656051e+00,3.577470e-01,-7.334788e-01
3.107758e+00,1.617427e+00,1.334116e+01,5.783847e+00,1.389579e+00,-5.650519e-01
3.729561e+00,-4.238242e-01,1.420646e+01,6.532581e+00,1.527303e+00,-2.872665e-01
3.590049e+00,-1.410291e+00,1.489668e+01,7.856583e+00,1.403557e+00,-1.442426e-02
1.288164e+00,-3.045971e-02,1.253378e+01,8.436337e+00,1.112743e+00,1.391873e-01
-6.067711e+00,-3.727152e+00,9.050349e+00,7.872149e+00,4.748106e-01,1.348511e-01
-1.027410e+01,-1.257697e+01,1.018841e+01,5.746036e+00,3.729580e-01,3.646612e-01
5.953908e-01,1.471676e+01,2.502091e-01,2.016800e+00,3.779373e-01,-5.886041e-01
2.094422e+01,3.766909e+01,1.703590e+00,-8.249757e-01,1.243703e+00,-2.673945e-01
-1.908414e+00,-5.787858e+00,1.180016e+01,-2.359043e+00,2.204133e+00,9.100844e-01
7.936001e+00,7.547832e-01,1.476274e+01,-1.267826e+00,8.983746e-01,-2.892920e-01
2.519598e+00,1.265090e+01,7.254179e+00,-3.549700e+00,1.247992e+00,-3.791320e-01
-5.502064e+00,1.112890e+01,8.765197e+00,-3.070442e+00,5.619501e-01,2.353387e-01
-6.257525e+00,9.412312e+00,5.399516e+00,-1.495766e+00,-7.690187e-01,-6.229019e-01
-4.533503e-01,7.259118e+00,5.501078e+00,-1.436022e+00,-3.758237e-01,-2.357619e-01
7.152665e+00,1.218002e+01,4.931947e+00,-7.720272e-01,1.237589e+00,2.486702e-01
7.115394e+00,1.025700e+01,4.146764e+00,-8.443545e-01,1.698559e+00,2.884610e-01
3.126013e+00,9.264213e+00,3.696319e+00,-6.494036e-01,9.027749e-01,7.295414e-02
6.289634e-01,9.584778e+00,2.869809e+00,-5.351088e-01,-3.022107e-01,-3.018730e-01
-4.467900e+00,7.867012e+00,2.481011e-01,-5.425438e-01,-1.333814e+00,-6.109223e-01
-5.470057e+00,5.724231e+00,3.850252e-01,-6.479540e-01,-1.546510e+00,-6.042288e-01
-1.327353e+00,7.566645e+00,1.898523e+00,-8.082670e-01,-1.185879e+00,-4.955141e-01
2.118320e+00,8.920928e+00,3.048320e+00,-1.122655e+00,-4.816794e-01,-2.563832e-01
1.502635e+00,7.800000e+00,1.332412e+00,-1.373727e+00,-1.052781e-01,-1.684985e-01
1.684287e+00,8.278991e+00,-1.626807e-01,-1.541858e+00,-3.966876e-01,-1.967128e-01
4.417220e+00,1.000843e+01,-9.587445e-01,-1.789787e+00,-6.243161e-01,-1.752601e-01
2.107808e+00,1.091280e+01,1.555592e+00,-2.217437e+00,-6.536951e-01,-6.397147e-02
7.520028e+00,1.165576e+01,7.612764e-01,-2.893857e+00,-1.278156e+00,-1.087682e-01
1.401755e+01,1.279827e+01,-3.649963e+00,-3.177785e+00,-1.369825e+00,2.590459e-02
-4.689254e+00,1.531614e+01,3.525218e+00,-3.551507e+00,-1.396167e+00,3.850616e-01
-1.118305e+01,2.105992e+01,1.246655e+01,-3.965357e+00,-2.510265e+00,3.742363e-01
-1.531168e+01,2.888394e+01,1.853764e+01,-4.401110e+00,-4.770696e+00,-3.652823e-02
-7.041537e+00,1.516926e+01,1.715337e+01,-4.377242e+00,-3.214292e+00,3.096855e-01
6.640420e+00,5.852863e+00,1.219536e+01,-1.625615e+00,3.050801e-01,1.656335e+00
7.814105e+00,1.023427e+01,1.013077e+01,-2.923707e-01,2.440378e+00,1.634977e+00
5.905367e+00,6.908882e+00,1.042689e+01,-5.110377e-01,2.783681e+00,1.228956e+00
4.888962e+00,5.308422e+00,8.392737e+00,1.062600e+00,1.993763e+00,1.042149e+00
2.990606e+00,-5.011294e-01,8.915565e+00,3.245490e+00,9.635467e-01,1.807690e-01
3.583050e+00,1.510053e-01,8.760168e+00,4.461233e+00,6.368957e-01,-4.989668e-01
3.329467e+00,1.730415e+00,1.064077e+01,5.563195e+00,6.548375e-01,-8.712011e-01
2.765592e+00,1.399709e+00,1.245925e+01,6.403160e+00,4.888301e-01,-7.699038e-01
3.062981e-01,1.982860e+00,1.270604e+01,7.636080e+00,4.686566e-02,-7.593433e-01
-1.583817e+00,2.801469e+00,1.347406e+01,8.306185e+00,8.003786e-02,-8.352864e-01
-7.018896e+00,7.736442e+00,1.155360e+01,8.547790e+00,7.096716e-01,-7.052314e-01
-9.538449e+00,-8.760888e+00,7.017267e+00,7.451394e+00,9.884136e-01,1.193065e-01
7.226276e+00,-9.666852e+00,6.146388e+00,4.782310e+00,2.396986e+00,4.859807e-01
1.052532e+01,4.738121e+00,5.655756e+00,2.088473e+00,3.602146e+00,7.498515e-01
2.316080e+01,3.779183e+01,5.924661e-01,-2.081447e+00,3.149191e+00,3.016632e-01
-9.626725e+00,3.030281e+00,1.263884e+01,-3.411128e+00,1.553162e+00,5.109373e-01
4.934830e+00,-4.698872e+00,1.421011e+01,-2.840022e+00,-2.081348e+00,-1.915716e+00
5.317802e+00,8.916535e+00,1.155507e+01,-3.656995e+00,-1.069361e+00,-1.745279e+00
-4.610421e+00,2.046818e+01,1.027418e+01,-2.902691e+00,8.657870e-01,2.188889e-01
-7.441900e+00,1.159448e+01,8.628108e+00,-2.251273e+00,5.838657e-02,-3.632286e-01
2.568724e+00,7.379465e+00,2.728748e+00,-1.103466e+00,-2.652506e-02,-3.303906e-01
4.212463e+00,1.172010e+01,3.978473e+00,-6.801219e-01,7.932934e-01,6.555909e-02
4.005395e+00,9.806833e+00,2.797203e+00,-7.236287e-01,1.276624e+00,1.336964e-01
-4.533954e-01,8.737822e+00,3.370328e+00,-6.442856e-01,5.945540e-01,-7.549457e-02
-2.828826e-01,9.404214e+00,1.733796e+00,-5.758966e-01,-3.516720e-01,-2.290373e-01
1.386914e+00,9.613711e+00,2.322461e-01,-5.619182e-01,-4.890225e-01,-3.806195e-01
-1.789825e+00,7.121158e+00,1.603954e+00,-7.324436e-01,-2.880824e-01,-2.745171e-01
-3.366471e+00,9.141663e+00,4.346612e+00,-9.188308e-01,-5.105918e-01,-3.686172e-01
8.578431e-01,1.041753e+01,5.420000e+00,-1.197563e+00,-6.655809e-01,-3.743931e-01
4.317432e+00,1.056644e+01,3.640221e+00,-1.249620e+00,-2.128442e-01,-1.775073e-01
2.244200e+00,7.839920e+00,-4.556530e-01,-1.171987e+00,-5.244163e-02,-1.023396e-01
1.313587e+00,7.841834e+00,-2.404507e+00,-1.263197e+00,-4.268894e-01,-7.207860e-02
1.794050e+00,1.167480e+01,-8.472835e-01,-1.742433e+00,-7.211149e-01,1.149546e-02
1.925961e+00,1.080566e+01,1.766415e+00,-2.279976e+00,-8.441184e-01,8.841184e-02
5.742791e+00,1.271172e+01,1.404140e+00,-2.909028e+00,-1.140962e+00,5.701651e-02
8.723507e+00,1.354471e+01,-2.968239e+00,-3.297317e+00,-1.201349e+00,2.686812e-01
-3.176744e+00,1.214307e+01,2.839278e+00,-3.581222e+00,-1.475566e+00,3.328903e-01
-6.920483e+00,1.722132e+01,9.689065e+00,-3.922576e+00,-2.703526e+00,1.831125e-01
-9.912405e+00,2.824931e+01,1.735608e+01,-4.584665e+00,-3.678422e+00,-9.759701e-02
-8.778378e+00,1.838229e+01,1.652007e+01,-4.500798e+00,-2.990169e+00,3.322890e-01
-5.542980e-01,-6.004054e-01,1.594621e+01,-1.947745e+00,-7.123103e-01,1.295813e+00
6.410526e+00,1.103337e+01,1.110779e+01,-3.430831e-01,1.255363e+00,1.599927e+00
4.611876e+00,5.533598e+00,1.016884e+01,-9.470387e-01,2.579426e+00,1.446006e+00
3.849030e+00,4.315760e+00,7.838193e+00,4.944015e-01,2.244810e+00,1.643592e+00
3.493447e+00,1.528013e+00,8.786904e+00,2.633448e+00,1.549158e+00,7.457388e-01
4.174902e+00,6.999324e-01,8.297026e+00,3.824466e+00,1.115543e+00,2.719783e-01
3.913963e+00,2.833260e+00,8.751131e+00,4.887441e+00,1.065470e+00,-2.362260e-01
3.063257e+00,2.397511e+00,1.115495e+01,5.621342e+00,6.850221e-01,-4.347498e-01
1.486485e-01,1.016839e+00,1.511016e+01,6.775441e+00,4.549320e-02,-5.755037e-01
-1.471149e+00,1.162841e+00,1.304111e+01,7.527447e+00,-1.974989e-01,-8.068702e-01
-3.771854e+00,4.038573e+00,1.247136e+01,8.137476e+00,-6.008902e-02,-1.008274e+00
-5.698982e+00,6.798529e-01,1.073518e+01,7.869248e+00,7.072946e-01,-7.095776e-01
1.390716e-01,-1.249039e+01,7.943695e+00,5.860191e+00,1.437434e+00,6.600029e-02
5.853555e+00,-9.560987e+00,9.048140e+00,3.562137e+00,2.286033e+00,1.354358e-01
2.538422e+01,3.922601e+01,-4.919219e+00,-8.496003e-01,2.636136e+00,2.902736e-01
5.411381e+00,2.419297e+01,7.759107e+00,-3.749659e+00,1.899570e+00,1.747540e-01
-4.987842e+00,-9.853622e+00,1.200206e+01,-2.163194e+00,-3.201280e-02,3.609896e-01
3.048905e+00,1.055315e+01,1.291917e+01,-2.299763e+00,-1.118626e+00,-1.851893e+00
2.044402e+00,1.850765e+01,9.287780e+00,-2.862344e+00,1.565164e+00,1.876253e-01
-3.995329e+00,9.567717e+00,7.641162e+00,-2.353806e+00,1.144331e+00,1.385376e-01
2.565648e+00,7.376707e+00,4.600331e+00,-1.155938e+00,3.177506e-01,-1.663035e-01
4.747220e+00,1.168931e+01,4.746271e+00,-8.529852e-01,8.147907e-01,2.286548e-01
4.164416e+00,9.534697e+00,3.002434e+00,-8.566917e-01,1.577124e+00,2.868320e-01
2.501718e+00,9.076679e+00,1.677996e+00,-8.083725e-01,9.651564e-01,1.325868e-01
4.443025e-01,1.026461e+01,1.785482e+00,-7.283229e-01,-7.242308e-02,-1.800450e-01
-4.673542e-01,9.664529e+00,1.796009e+00,-8.770722e-01,-4.825345e-01,-3.455870e-01
-1.359982e+00,8.109696e+00,2.430734e+00,-9.904669e-01,-6.139066e-01,-4.316851e-01
-1.326618e+00,8.343979e+00,3.513979e+00,-1.111388e+00,-6.032024e-01,-4.267649e-01
2.097203e-01,8.960000e+00,4.232189e+00,-1.289276e+00,-6.656590e-01,-3.890367e-01
1.823231e+00,8.927928e+00,4.812072e+00,-1.399692e+00,-5.809486e-01,-3.735128e-01
1.129745e+00,9.016561e+00,3.079719e+00,-1.447428e+00,-5.232290e-01,-3.199508e-01
1.005729e+00,8.537206e+00,1.268945e+00,-1.459089e+00,-6.132110e-01,-2.667224e-01
3.580444e+00,1.001136e+01,-4.139689e+00,-1.586879e+00,-6.248252e-01,-6.074286e-02
5.069724e+00,1.014192e+01,-3.342282e+00,-1.831034e+00,-5.324481e-01,1.306758e-01
3.992007e+00,1.284062e+01,1.386500e-01,-2.627439e+00,-8.796552e-01,1.414070e-01
5.431697e+00,1.609681e+01,-1.572427e+00,-3.227895e+00,-1.601663e+00,9.284477e-02
-2.906859e+00,1.809733e+01,9.306933e+00,-3.776278e+00,-2.144564e+00,3.436649e-01
-4.680875e+00,2.186409e+01,1.312354e+01,-4.241240e+00,-2.879497e+00,2.083137e-01
-6.132166e+00,1.884468e+01,1.761957e+01,-4.529721e+00,-3.091850e+00,1.987136e-01
-2.653279e-01,6.507172e+00,1.642831e+01,-3.840856e+00,-1.973094e+00,-8.686998e-02
6.283591e+00,1.201010e+01,1.063399e+01,-1.535135e+00,-3.988125e-02,4.403594e-01
4.556269e+00,8.677377e+00,1.261514e+01,-1.700413e+00,1.100823e+00,3.394751e-01
4.431903e+00,4.808724e+00,8.745262e+00,-2.217720e-01,9.109361e-01,-8.761110e-02
3.798450e+00,2.100956e+00,8.048435e+00,1.568606e+00,7.248718e-01,-4.203489e-01
1.923804e+00,1.735739e+00,7.851424e+00,3.313254e+00,5.611770e-01,-9.924729e-01
1.491021e+00,2.320408e+00,7.885306e+00,4.128610e+00,5.578761e-01,-1.319326e+00
1.860479e+00,2.386814e+00,9.156482e+00,4.960717e+00,7.422026e-01,-1.284788e+00
2.604477e+00,1.735266e+00,1.152185e+01,5.653122e+00,9.767636e-01,-1.242758e+00
3.348065e+00,2.898710e+00,1.271242e+01,6.647438e+00,1.242966e+00,-1.162915e+00
2.919969e+00,2.276677e+00,1.095904e+01,7.205517e+00,1.417285e+00,-9.729310e-01
-3.807748e+00,2.625422e+00,9.872285e+00,7.576181e+00,1.315575e+00,-5.855692e-01
-7.849672e+00,-5.719187e+00,7.722431e+00,6.964468e+00,9.347619e-01,-2.353082e-01
-4.151625e+00,-1.093625e+01,7.287995e+00,5.259173e+00,1.160491e+00,1.764240e-01
6.611608e+00,-3.612657e+00,8.165510e+00,2.661792e+00,2.411187e+00,5.373443e-01
2.605161e+01,3.929725e+01,2.765976e+00,-1.644386e+00,3.512697e+00,6.829036e-01
-4.269574e+00,3.512098e+00,1.465486e+01,-3.653136e+00,2.717877e+00,6.838471e-01
-2.170382e+00,-9.300972e+00,1.392647e+01,-2.317520e+00,4.257008e-01,6.233291e-01
2.412451e+00,1.164183e+01,1.274697e+01,-2.740496e+00,-9.092166e-01,-1.882294e+00
-1.287030e+00,1.446567e+01,8.812855e+00,-3.192106e+00,1.308677e+00,7.479357e-01
-3.293922e+00,7.377720e+00,8.429466e+00,-2.166067e+00,8.975273e-01,2.215308e-01
4.590356e+00,8.571801e+00,4.959491e+00,-1.140311e+00,7.963095e-01,-3.666158e-02
5.213676e+00,1.132913e+01,5.861798e+00,-9.332628e-01,1.274126e+00,3.059708e-01
2.914055e+00,9.365793e+00,3.403224e+00,-7.639396e-01,9.648973e-01,8.595270e-02
2.344849e+00,9.526515e+00,2.681591e+00,-7.141093e-01,2.893307e-01,-6.302594e-02
1.072396e+00,9.574094e+00,1.937061e+00,-6.335933e-01,-2.394646e-01,-2.282977e-01
-6.438604e-02,8.733735e+00,1.769994e+00,-6.996529e-01,-4.402351e-01,-3.370044e-01
-1.607282e+00,8.241546e+00,2.165112e+00,-8.092398e-01,-8.042680e-01,-4.502379e-01
-3.104043e+00,8.584549e+00,3.512772e+00,-1.002231e+00,-9.155589e-01,-4.499993e-01
-2.092134e+00,8.545118e+00,4.507880e+00,-1.197641e+00,-9.672064e-01,-4.143357e-01
7.516083e-01,8.325874e+00,2.757273e+00,-1.185047e+00,-7.380986e-01,-3.881358e-01
2.163298e+00,7.825579e+00,-2.220098e+00,-1.229013e+00,-2.046629e-01,-1.166538e-01
2.391839e+00,9.308888e+00,-2.793052e+00,-1.335308e+00,9.720264e-02,5.480726e-02
4.269435e+00,1.052056e+01,-8.318276e-01,-1.874835e+00,-7.316537e-02,1.643597e-01
4.452693e+00,1.028542e+01,2.889556e-01,-2.461599e+00,-4.705167e-01,6.383492e-02
9.242243e+00,1.313788e+01,-1.488190e+00,-3.235237e+00,-1.287020e+00,-3.908558e-02
1.743107e+00,1.567195e+01,3.162284e-02,-3.666798e+00,-1.701497e+00,7.659240e-02
-5.661633e+00,1.974638e+01,1.328404e+01,-4.115754e+00,-2.672128e+00,1.085936e-01
-8.127781e+00,2.649723e+01,1.826057e+01,-4.497659e+00,-3.890393e+00,-7.042890e-02
-5.733277e+00,8.186378e+00,1.902289e+01,-4.791388e+00,-2.818662e+00,1.480849e-01
4.820558e+00,1.394960e+00,1.414158e+01,-3.243186e+00,-1.316398e+00,4.309981e-01
8.640216e+00,1.010182e+01,9.699914e+00,-6.114159e-01,8.844526e-01,9.047407e-01
5.206089e+00,8.055016e+00,1.099104e+01,-1.104207e+00,1.941130e+00,7.368919e-01
2.600946e+00,3.220164e+00,8.375641e+00,8.232063e-01,1.104113e+00,1.098063e-01
2.018378e+00,1.641410e-01,8.588533e+00,2.425980e+00,6.206060e-01,-2.600518e-01
1.547603e+00,8.714610e-01,8.440862e+00,3.966214e+00,5.643088e-01,-5.456066e-01
1.487306e+00,2.671897e+00,9.278570e+00,4.769850e+00,8.838332e-01,-9.915148e-01
2.222708e+00,2.301202e+00,1.020549e+01,5.645624e+00,1.123723e+00,-1.057112e+00
3.424909e+00,3.193612e+00,1.108241e+01,6.488938e+00,1.124552e+00,-1.004544e+00
5.169273e+00,7.795674e+00,1.127268e+01,7.439043e+00,1.030073e+00,-9.993480e-01
4.784078e+00,9.333053e+00,9.065308e+00,7.852383e+00,8.104762e-01,-9.302686e-01
-7.988764e+00,8.431452e-01,6.863135e+00,7.917493e+00,-3.703187e-03,-6.088253e-01
-1.153765e+01,-3.867373e+00,3.537376e+00,7.224937e+00,-4.536311e-01,-8.985223e-01
-4.061853e+00,-5.802113e+00,4.121584e+00,5.327259e+00,1.131395e-01,-4.915911e-01
5.656269e+00,-5.465835e+00,7.483872e+00,2.437393e+00,2.593897e+00,2.401568e-01
8.900608e+00,1.196471e+01,9.252258e+00,-9.918399e-01,3.680459e+00,8.933398e-01
1.764876e+01,3.809638e+01,-1.375139e+01,-3.539405e+00,2.651787e+00,5.510680e-01
-1.105683e+01,1.540645e+00,1.055654e+01,-4.621886e+00,6.231471e-01,-1.127144e-01
-7.653146e+00,-6.600382e+00,1.157402e+01,-9.419870e-01,-9.020697e-01,-2.949140e-01
2.060631e+00,1.073845e+01,1.463097e+01,-2.747688e+00,-9.218309e-01,-1.413691e+00
-3.443738e+00,1.609952e+01,9.648051e+00,-3.345337e+00,1.838020e+00,6.706806e-01
5.278048e-01,8.959205e+00,7.625282e+00,-2.790500e+00,9.964224e-01,1.590571e-01
2.620054e+00,7.532517e+00,4.488929e+00,-1.375647e+00,8.402176e-01,1.202679e-01
5.491470e+00,1.151111e+01,5.711344e+00,-9.691142e-01,1.294941e+00,3.114785e-01
5.481915e+00,1.071460e+01,3.644229e+00,-9.058129e-01,1.149517e+00,1.407746e-01
-2.849988e-01,8.315553e+00,3.246684e+00,-8.671113e-01,1.432198e-01,-1.448270e-01
-2.252123e+00,9.931494e+00,3.074993e+00,-7.520426e-01,-8.063229e-01,-4.472707e-01
-4.479964e-01,9.937999e+00,1.213996e+00,-7.786662e-01,-8.746166e-01,-4.288408e-01
7.713732e-01,8.833865e+00,2.829112e-01,-7.436106e-01,-5.419522e-01,-3.536636e-01
1.961538e-01,7.529784e+00,1.329744e+00,-9.482425e-01,-3.967335e-01,-2.115950e-01
-1.348537e+00,7.831671e+00,3.049909e+00,-1.213222e+00,-6.332435e-01,-2.886258e-01
6.025167e-02,7.852933e+00,5.034749e+00,-1.437416e+00,-9.471230e-01,-3.835615e-01
1.157682e+00,8.121569e+00,5.092226e+00,-1.489019e+00,-8.204267e-01,-3.315804e-01
2.420745e-01,8.798609e+00,3.019756e+00,-1.498774e+00,-6.139841e-01,-1.683701e-01
8.672505e-01,9.067791e+00,7.738540e-01,-1.542558e+00,-5.406454e-01,-1.311300e-02
5.539909e+00,1.061847e+01,-1.749283e+00,-1.777900e+00,-3.858171e-01,2.001466e-01
5.615189e+00,1.080058e+01,-1.148001e-01,-2.223415e+00,-5.958001e-01,2.023390e-01
7.779411e+00,1.080665e+01,1.413105e-01,-2.899910e+00,-1.748586e+00,-6.024777e-02
5.818333e+00,1.368545e+01,-3.373537e+00,-3.290741e+00,-2.394266e+00,-8.608230e-02
-7.348900e+00,1.615866e+01,6.207198e+00,-3.771222e+00,-3.223854e+00,1.136228e-01
-1.051477e+01,1.820996e+01,1.087556e+01,-4.179907e+00,-4.542535e+00,4.442708e-01
-1.074706e+01,2.544361e+01,1.803622e+01,-4.644266e+00,-3.085705e+00,4.596904e-01
-3.489989e+00,6.379379e+00,2.043752e+01,-3.904719e+00,-7.328433e-01,7.269229e-01
8.638219e+00,7.983548e+00,1.108596e+01,-1.474498e+00,2.013857e+00,1.422634e+00
9.083165e+00,1.077625e+01,1.049613e+01,-1.229494e+00,3.047554e+00,1.372474e+00
5.627393e+00,6.102228e+00,1.018232e+01,2.648083e-02,2.249613e+00,8.844083e-01
4.546170e+00,3.804511e+00,8.624530e+00,1.822929e+00,1.274511e+00,1.625288e-01
1.326966e+00,5.850628e-01,9.584728e+00,3.554641e+00,4.507960e-01,-2.848935e-01
9.073540e-01,2.182880e+00,9.111105e+00,4.456727e+00,3.515725e-01,-7.909182e-01
1.090930e+00,2.420863e+00,1.024094e+01,5.554515e+00,7.407798e-01,-9.709279e-01
1.680214e+00,1.218808e+00,1.150775e+01,6.377220e+00,9.715385e-01,-9.284113e-01
4.125655e+00,4.290353e+00,1.327204e+01,7.370806e+00,1.244790e+00,-9.178926e-01
5.216691e+00,5.633978e+00,1.258626e+01,7.942484e+00,1.504709e+00,-7.736639e-01
-2.887785e-01,5.335642e+00,9.216920e+00,8.507376e+00,1.421901e+00,-4.707286e-01
-7.860671e+00,7.354623e-01,7.893872e+00,7.682982e+00,8.734700e-01,-2.342575e-01
-7.697574e+00,-7.515283e+00,4.823773e+00,5.766572e+00,5.920967e-01,1.328375e-01
8.277106e-01,-8.827810e+00,3.411306e+00,3.603660e+00,1.818338e+00,3.964266e-01
1.003626e+01,1.493731e+01,8.924929e-01,-4.289048e-01,3.333440e+00,5.960603e-01
1.529602e+01,3.652583e+01,-7.740013e+00,-3.184770e+00,2.023590e+00,2.575337e-01
-8.400070e+00,-2.411851e+00,9.924329e+00,-2.626826e+00,1.668728e-03,5.473049e-01
4.600919e+00,-4.475553e+00,1.229444e+01,-2.659251e+00,-1.953074e+00,-1.686093e+00
1.181518e+00,9.889062e+00,1.356131e+01,-3.310736e+00,4.497029e-01,-1.880943e-01
-3.551016e-01,2.203649e+01,1.112582e+01,-3.187198e+00,8.364099e-01,2.803375e-01
3.200429e-01,5.754839e+00,5.734825e+00,-2.443240e+00,6.821908e-01,-2.026584e-01
3.292152e+00,7.695185e+00,5.025449e+00,-1.410474e+00,6.500278e-01,4.008326e-02
2.520576e+00,1.098341e+01,6.407280e+00,-1.243786e+00,6.614088e-01,6.875959e-02
1.754712e+00,1.038490e+01,4.484071e+00,-1.103596e+00,-9.408361e-02,-3.236008e-01
4.059006e-01,9.523486e+00,3.185917e+00,-9.490418e-01,-6.568587e-01,-2.776371e-01
-4.136967e-01,1.059209e+01,3.170000e+00,-8.278290e-01,-8.758362e-01,-3.914505e-01
-2.704522e+00,9.219651e+00,2.871515e+00,-8.782879e-01,-1.008393e+00,-3.193053e-01
-3.253496e+00,8.291878e+00,2.458002e+00,-8.298380e-01,-1.020743e+00,-2.685588e-01
-5.693066e+00,7.520406e+00,2.566122e+00,-8.502980e-01,-6.825208e-01,-1.698918e-01
-2.349072e+00,7.932653e+00,2.907703e+00,-9.035593e-01,-3.525800e-01,-1.240490e-01
4.103126e+00,7.895158e+00,3.232676e+00,-1.022810e+00,3.700854e-01,-3.743903e-03
5.997426e+00,7.433317e+00,3.135643e+00,-1.130004e+00,5.767137e-01,2.940053e-02
6.743776e-01,8.073501e+00,2.945930e+00,-1.293124e+00,2.161345e-01,-8.326843e-02
2.448063e-02,9.317260e+00,2.078820e+00,-1.571087e+00,-3.572893e-01,-4.644919e-02
4.129753e+00,1.044704e+01,-7.393828e-01,-1.918279e+00,-3.792393e-01,6.938855e-02
2.372199e+00,1.015612e+01,1.130781e+00,-2.276652e+00,-5.851662e-01,1.834313e-02
6.678709e+00,1.302984e+01,1.843974e+00,-2.851707e+00,-1.339882e+00,-9.372591e-02
1.172705e+01,1.498666e+01,-3.852301e+00,-3.311560e+00,-1.662127e+00,-2.873401e-02
-2.058857e+00,1.543769e+01,5.455677e+00,-3.875678e+00,-2.249240e+00,1.237297e-01
-1.025892e+01,2.055502e+01,1.410574e+01,-4.294761e+00,-4.393664e+00,1.074855e-01
-1.543719e+01,2.661038e+01,1.946922e+01,-4.624168e+00,-4.402127e+00,3.546415e-02
-8.588880e+00,5.066995e+00,2.091740e+01,-4.124228e+00,-2.461315e+00,1.616728e-01
9.870790e+00,1.135473e+01,1.008556e+01,-8.274012e-01,1.531127e+00,1.405035e+00
9.936335e+00,1.214321e+01,1.071710e+01,-1.305867e+00,3.432505e+00,1.512339e+00
7.987513e+00,4.549367e+00,8.377854e+00,5.486974e-01,2.595284e+00,8.603785e-01
6.043411e+00,2.376096e+00,8.162305e+00,2.228852e+00,1.545463e+00,1.722140e-01
2.252532e+00,7.137338e-01,8.861314e+00,3.507715e+00,3.963158e-01,-3.576192e-01
1.239574e-01,1.955857e+00,7.784290e+00,4.267290e+00,-6.607313e-02,-9.063236e-01
-6.362762e-01,1.269211e+00,9.976523e+00,5.219720e+00,7.538391e-02,-1.027839e+00
-3.608299e-02,9.964887e-01,1.065708e+01,6.059125e+00,4.385323e-01,-9.884008e-01
3.200384e+00,2.290525e+00,1.416859e+01,7.026670e+00,9.241762e-01,-9.072486e-01
3.636840e+00,8.511814e-01,1.331222e+01,7.737109e+00,1.169644e+00,-6.957632e-01
-2.126198e+00,4.355645e+00,1.074254e+01,8.208565e+00,1.103185e+00,-3.729841e-01
-9.419071e+00,2.381936e+00,1.068368e+01,7.461800e+00,4.154800e-01,8.957183e-02
-1.831594e+00,-1.590405e+01,7.203836e+00,4.872134e+00,8.189647e-01,3.639092e-01
6.754195e+00,-1.044632e+01,1.008519e+01,2.276948e+00,2.658801e+00,6.881036e-01
1.316609e+01,2.870935e+01,-4.953408e+00,-1.817679e+00,3.393083e+00,5.242761e-01
1.987871e+01,3.641748e+01,9.140635e+00,-3.868713e+00,1.608735e+00,3.451391e-02
-8.316449e+00,-1.129442e+01,1.344910e+01,-1.080415e+00,-1.541522e-01,8.066306e-01
5.186617e+00,-1.641599e+00,1.548974e+01,-2.766683e+00,-2.552032e+00,-2.439245e+00
1.359206e+00,1.618884e+01,9.447080e+00,-3.642775e+00,2.154256e+00,7.715671e-01
-6.967590e-01,1.597436e+01,1.105394e+01,-2.546240e+00,9.528091e-01,3.599993e-01
-2.366807e+00,5.152824e+00,3.473983e+00,-1.393322e+00,-2.340969e-01,-2.738101e-01
2.850199e+00,9.458929e+00,4.905993e+00,-9.310786e-01,1.066671e-01,3.751132e-01
6.339086e+00,1.413523e+01,4.105179e+00,-8.945772e-01,1.193521e+00,3.235994e-01
2.506916e+00,9.331057e+00,3.444831e+00,-1.033286e+00,1.038320e+00,3.996005e-01
-1.006058e+00,8.435444e+00,3.132495e+00,-6.420075e-01,-2.881234e-01,-4.957464e-02
-1.297198e+00,8.799745e+00,2.472988e+00,-6.669229e-01,-4.870941e-01,-1.246440e-01
1.955863e-01,7.214679e+00,2.054247e-01,-6.948014e-01,-3.449624e-01,-1.000050e-01
-3.279585e-02,6.619351e+00,-1.350575e-01,-7.934609e-01,-1.761859e-01,-1.178465e-01
-1.692187e+00,6.909757e+00,3.306864e+00,-1.188891e+00,-4.370610e-01,-2.047959e-01
-6.736067e-01,7.849958e+00,5.180750e+00,-1.427786e+00,-6.009304e-01,-2.866667e-01
4.405048e+00,8.299726e+00,2.588700e+00,-1.562620e+00,-3.662454e-01,-2.065906e-01
5.191467e+00,8.380443e+00,5.877826e-01,-1.620522e+00,-1.862468e-01,-1.014394e-01
6.421235e+00,9.774741e+00,-1.021466e+00,-1.951912e+00,-6.226439e-01,-3.127764e-02
3.458570e+00,1.055281e+01,7.497330e-01,-2.440026e+00,-1.231163e+00,-1.178034e-01
6.139867e+00,1.313531e+01,1.467377e-01,-3.139483e+00,-2.088497e+00,-1.567919e-01
9.952994e+00,1.631410e+01,-5.137552e+00,-3.548262e+00,-2.180907e+00,1.092713e-02
-3.576111e+00,1.790807e+01,8.081549e+00,-4.057140e+00,-2.440139e+00,1.266667e-01
-8.947641e+00,1.983295e+01,1.448748e+01,-4.441321e+00,-4.516070e+00,2.740558e-01
-1.222031e+01,2.466717e+01,1.877109e+01,-4.595002e+00,-4.338030e+00,-7.624550e-02
-2.938775e+00,7.735041e-01,2.012510e+01,-3.397512e+00,-1.859030e+00,5.202800e-01
7.629264e+00,9.502448e+00,1.053860e+01,-9.307845e-01,1.337415e+00,1.313732e+00
6.796536e+00,9.231332e+00,1.084649e+01,-9.362632e-01,2.734323e+00,1.116416e+00
4.334431e+00,4.306608e+00,9.078304e+00,6.911100e-01,2.320039e+00,8.069045e-01
3.448931e+00,1.896646e+00,8.320184e+00,2.390263e+00,1.763649e+00,2.561850e-01
3.085339e+00,9.873305e-02,9.234661e+00,4.082177e+00,1.355712e+00,-3.199704e-01
3.489689e+00,1.751760e+00,8.663005e+00,4.848355e+00,1.547289e+00,-7.758255e-01
3.217407e+00,1.675112e+00,9.880746e+00,5.722659e+00,1.599972e+00,-9.730919e-01
3.011009e+00,1.869991e+00,1.076648e+01,6.452296e+00,1.391391e+00,-1.005464e+00
3.368394e+00,4.656861e+00,1.407944e+01,7.424328e+00,1.066344e+00,-1.180248e+00
2.761909e+00,8.377118e+00,1.239853e+01,8.036687e+00,1.044578e+00,-1.223155e+00
-5.213725e+00,7.381363e+00,7.970198e+00,8.242697e+00,1.045397e+00,-1.088411e+00
-1.390956e+01,-2.660090e+00,4.912027e+00,7.522070e+00,7.990560e-01,-8.150836e-01
5.798958e-01,-1.218682e+01,3.577641e+00,5.062580e+00,1.720944e+00,-2.094427e-01
8.253487e+00,-7.420075e+00,6.609315e+00,2.439813e+00,4.212063e+00,5.919526e-02
1.251996e+01,2.051615e+01,3.857145e+00,-1.632393e+00,4.440557e+00,8.383127e-01
3.651444e+01,3.939811e+01,-1.515795e+01,-3.986260e+00,2.440644e+00,9.681641e-02
-1.402910e+01,-1.172881e+01,1.153105e+01,-1.749010e+00,6.660948e-01,1.242712e+00
-3.604457e+00,-3.676603e-01,1.640351e+01,-2.115776e+00,-3.118556e+00,-2.779718e+00
2.745532e+00,1.827696e+01,1.052279e+01,-4.065513e+00,7.160310e-01,1.618893e-02
5.761564e+00,1.526230e+01,7.716019e+00,-3.468595e+00,2.073503e+00,7.875290e-01
-1.905912e+00,6.817673e+00,5.294593e+00,-1.508278e+00,9.100872e-01,-2.721298e-01
8.231105e-01,9.529486e+00,5.066197e+00,-1.192095e+00,-1.983566e-02,-8.667762e-02
4.563612e+00,1.178274e+01,4.507236e+00,-9.676974e-01,3.942340e-01,-3.927438e-02
1.896165e+00,9.195427e+00,3.303903e+00,-1.007734e+00,5.592443e-01,-1.142082e-01
-1.367680e+00,1.090907e+01,3.068606e+00,-8.325973e-01,-4.916634e-01,-3.079264e-01
-2.065246e+00,9.952197e+00,2.944886e+00,-8.610555e-01,-7.954606e-01,-2.599907e-01
-2.464269e-01,8.484220e+00,6.320539e-01,-7.373758e-01,-6.361172e-01,-2.865649e-01
-1.354919e+00,7.094771e+00,4.295973e-01,-7.979279e-01,-4.139156e-01,-2.538978e-01
-3.642548e+00,6.722662e+00,2.763232e+00,-1.083467e+00,-5.671228e-01,-3.210406e-01
-1.141176e+00,7.181414e+00,4.439704e+00,-1.356267e+00,-6.406103e-01,-3.789957e-01
4.315571e+00,8.302173e+00,3.331435e+00,-1.508313e+00,-2.064918e-01,-2.802082e-01
3.499952e+00,6.949098e+00,1.578686e+00,-1.580917e+00,2.664511e-03,-1.759871e-01
2.442712e+00,9.196033e+00,2.646348e-02,-1.758723e+00,-4.646859e-01,-2.421296e-01
2.611374e+00,1.003408e+01,1.220698e+00,-2.145948e+00,-7.518714e-01,-1.536988e-01
4.470109e+00,1.119201e+01,1.831425e+00,-2.703601e+00,-1.072178e+00,-2.102784e-01
9.154513e+00,1.139679e+01,4.639270e-01,-3.116091e+00,-1.391867e+00,-1.052475e-01
5.655683e+00,1.770271e+01,-1.385369e+00,-3.528835e+00,-1.532952e+00,-1.846485e-03
-1.984840e+00,1.523560e+01,5.221237e+00,-4.098177e+00,-2.699624e+00,-7.441364e-02
-8.132104e+00,2.459926e+01,1.801274e+01,-4.625373e+00,-4.489070e+00,-6.118588e-01
-7.653999e+00,2.251718e+01,1.828577e+01,-4.974943e+00,-4.142201e+00,-4.833377e-01
1.807652e+00,1.570204e+00,1.823946e+01,-3.288784e+00,-1.896715e+00,-3.485191e-02
8.750716e+00,7.885907e+00,8.871525e+00,-1.564689e+00,-2.113404e-01,1.982990e-01
1.762070e+00,6.703037e+00,1.131072e+01,-1.429291e+00,9.631741e-01,9.721848e-02
1.319301e+00,4.816540e+00,9.679237e+00,3.372878e-01,3.181548e-01,-5.799200e-01
1.820206e+00,7.402748e-01,8.159553e+00,2.114863e+00,6.483727e-01,-8.617595e-01
1.850707e+00,3.162623e-01,9.013410e+00,3.272860e+00,1.119774e+00,-9.435978e-01
2.605605e+00,1.182066e+00,8.392304e+00,4.525255e+00,1.749062e+00,-1.289738e+00
3.102898e+00,1.295524e+00,9.154217e+00,5.312675e+00,2.012613e+00,-1.166276e+00
4.906442e+00,1.335617e+00,1.190759e+01,6.282552e+00,1.966240e+00,-1.080948e+00
6.254584e+00,2.141886e+00,1.499755e+01,7.103110e+00,1.721976e+00,-1.060378e+00
4.948658e+00,6.181872e+00,1.170425e+01,8.090515e+00,9.164848e-01,-9.013421e-01
-7.311314e+00,6.139874e+00,8.057529e+00,8.438487e+00,3.596068e-02,-8.729714e-01
-1.582935e+01,-1.101372e+01,7.863994e+00,7.340574e+00,-6.928197e-01,-1.111009e+00
-7.178608e+00,-1.878091e+01,6.058007e+00,5.126513e+00,1.274934e-01,-7.627665e-01
1.328051e+01,2.693978e+01,-9.729866e-01,7.072091e-01,4.061682e+00,5.441302e-01
3.498712e+01,3.452620e+01,-2.296777e+00,-3.024195e+00,4.723889e+00,1.317981e+00
2.946808e+00,-1.317934e+01,1.217483e+01,-3.003058e+00,4.464069e+00,2.451857e+00
6.419954e+00,-4.286848e+00,1.732317e+01,-2.742976e+00,4.118474e-01,-1.380780e+00
-9.895983e+00,1.775236e+01,1.561815e+01,-4.031523e+00,-1.420512e+00,-7.920906e-01
-1.956322e+01,2.034535e+01,1.559678e+01,-2.840460e+00,-2.919966e+00,-1.036363e+00
-6.941688e+00,3.841196e+00,6.141196e+00,-1.750155e+00,-2.513870e+00,-1.097604e+00
1.624515e+00,6.606098e+00,6.059212e+00,-6.559205e-01,6.274646e-01,5.165282e-01
1.124420e+01,1.179827e+01,1.866090e+00,-4.056365e-01,3.098978e+00,1.038665e+00
5.728638e+00,8.548486e+00,1.700505e+00,-4.265063e-01,2.402879e+00,9.177310e-01
-3.612238e+00,1.002349e+01,9.104998e-01,-1.852572e-01,-4.926835e-01,-9.319604e-02
-5.025065e+00,9.783083e+00,-3.052720e-01,-3.755344e-01,-1.657770e+00,-4.830790e-01
-3.736258e+00,6.544808e+00,-9.876219e-01,-6.171521e-01,-1.488069e+00,-4.437433e-01
-3.174376e+00,6.650126e+00,9.069594e-01,-8.300321e-01,-9.645608e-01,-3.079984e-01
1.635630e+00,8.459633e+00,3.939763e+00,-1.242951e+00,-3.865451e-01,-1.024049e-01
4.578746e+00,7.913615e+00,3.622988e+00,-1.455827e+00,-7.426080e-02,-3.563480e-02
1.875807e+00,7.889702e+00,2.825509e+00,-1.601181e+00,-2.739918e-01,-1.242071e-01
1.644808e+00,8.971412e+00,2.738786e+00,-1.764924e+00,-6.999208e-01,-1.495682e-01
1.173891e+00,1.119215e+01,6.473129e-01,-2.044872e+00,-8.627513e-01,-4.665822e-03
-2.558255e-01,1.010125e+01,2.215070e+00,-2.372860e+00,-8.921540e-01,6.540714e-02
2.947089e+00,1.181866e+01,2.331518e+00,-2.789779e+00,-1.162790e+00,7.319938e-02
6.965880e+00,1.350740e+01,-6.980071e-02,-3.109402e+00,-1.135121e+00,2.007276e-01
3.414258e+00,1.542537e+01,1.701601e+00,-3.373375e+00,-1.466442e+00,2.874705e-01
4.529417e-01,1.311226e+01,8.614828e+00,-3.804310e+00,-2.244892e+00,2.561896e-01
-1.114545e+01,2.472545e+01,1.795534e+01,-4.300489e+00,-4.671542e+00,-1.457177e-01
-8.361775e+00,1.520298e+01,1.719890e+01,-4.437475e+00,-3.970346e+00,-5.814752e-01
2.502447e+00,4.870379e+00,1.239468e+01,-2.567132e+00,-1.761372e+00,-1.367415e-01
5.995230e+00,1.132686e+01,9.382385e+00,-1.407756e+00,1.811408e-01,3.872329e-01
4.859016e+00,6.843816e+00,9.268190e+00,-8.296872e-01,1.344517e+00,1.404365e-01
3.732338e+00,4.161714e+00,7.937919e+00,9.248493e-01,1.187262e+00,-3.255878e-01
1.755716e+00,2.024674e+00,8.898307e+00,2.470495e+00,1.054609e+00,-6.940098e-01
1.205698e+00,2.296421e+00,9.657222e+00,3.237523e+00,1.189756e+00,-9.613446e-01
1.409650e+00,2.444488e+00,9.438265e+00,4.521192e+00,1.787903e+00,-1.137923e+00
2.802810e+00,1.533953e+00,1.086118e+01,5.519865e+00,2.206056e+00,-9.504793e-01
5.818410e+00,1.394526e+00,1.429855e+01,6.658829e+00,2.506924e+00,-7.377634e-01
6.761024e+00,2.693723e+00,1.361105e+01,7.405731e+00,2.450857e+00,-5.336255e-01
3.997790e+00,5.292085e+00,1.092532e+01,8.247349e+00,1.661726e+00,-1.260791e-01
-1.015073e+01,2.176526e+00,8.607251e+00,7.969163e+00,6.739304e-01,4.927576e-02
-1.546871e+01,-1.197276e+01,5.731963e+00,6.270120e+00,-4.657260e-01,-3.078819e-01
-2.599552e+00,-1.524857e+01,9.675808e+00,3.989732e+00,8.902233e-01,-3.400865e-01
1.556008e+01,2.676843e+01,4.255707e+00,-8.031204e-01,4.092667e+00,8.889111e-01
3.659870e+01,3.760050e+01,-7.673154e+00,-3.724317e+00,3.999635e+00,1.191996e+00
-1.934636e+01,-8.999727e+00,1.341284e+01,-1.850240e+00,2.042779e+00,1.241463e+00
-5.253199e+00,-9.661572e-01,1.323592e+01,-7.153133e-01,-2.259910e+00,-1.943127e+00
3.068503e+00,1.711891e+01,6.757733e+00,-2.905556e+00,4.513054e-01,-5.365810e-03
3.394412e+00,1.554544e+01,6.898562e+00,-2.093701e+00,1.500738e+00,8.203891e-01
2.894147e-02,5.358961e+00,4.913638e-01,-1.230735e+00,7.816925e-01,-2.038918e-01
-1.229473e+00,8.327960e+00,1.221074e+00,-9.469838e-01,3.351681e-02,1.128328e-02
2.222548e+00,1.123362e+01,2.637315e+00,-1.088802e+00,1.860429e-02,-5.074025e-02
2.376238e+00,8.122861e+00,2.536656e+00,-1.233406e+00,9.229798e-03,-5.333418e-02
4.489996e-01,9.285126e+00,3.067308e+00,-1.309037e+00,-4.422609e-01,-1.795189e-01
-8.995572e-01,9.791892e+00,3.283880e+00,-1.422802e+00,-7.646387e-01,-2.157867e-01
-1.245630e+00,7.989600e+00,2.352978e+00,-1.500091e+00,-1.061613e+00,-2.619507e-01
-1.418437e+00,7.653125e+00,2.077191e+00,-1.487903e+00,-1.060063e+00,-2.934590e-01
-8.889517e-01,7.791336e+00,5.043686e+00,-1.642634e+00,-8.810375e-01,-2.116529e-01
1.796828e-01,8.893019e+00,6.688324e+00,-1.729121e+00,-6.330204e-01,-1.139640e-01
2.692173e+00,9.772722e+00,3.612627e+00,-1.679061e+00,-2.665027e-01,2.555351e-02
1.584713e+00,8.354686e+00,1.727420e+00,-1.591195e+00,-2.302279e-01,3.008675e-02
3.430573e+00,1.024543e+01,-3.039920e+00,-1.632459e+00,-5.219691e-01,9.310463e-02
3.584408e+00,1.182938e+01,-2.954082e+00,-1.906593e+00,-6.561821e-01,1.389337e-01
2.882062e+00,1.170418e+01,-2.793095e-02,-2.744659e+00,-1.293041e+00,6.240185e-02
6.017607e+00,1.520053e+01,-3.307296e+00,-3.248630e+00,-1.743317e+00,5.313620e-02
-1.496906e+00,1.522607e+01,4.995948e+00,-3.755553e+00,-1.694943e+00,4.055621e-01
-4.317461e+00,1.820824e+01,1.263856e+01,-4.191698e+00,-2.366547e+00,4.361938e-01
-9.536636e+00,2.817112e+01,1.963555e+01,-4.924476e+00,-3.694459e+00,-7.139180e-02
-8.061376e+00,1.239183e+01,2.113882e+01,-4.520289e+00,-2.547961e+00,-1.162150e-02
5.756802e+00,7.450460e+00,1.078155e+01,-1.905299e+00,-6.540844e-01,5.068920e-01
4.368269e+00,1.000409e+01,1.196050e+01,-1.461802e+00,1.183037e+00,9.197341e-01
2.960587e+00,4.367889e+00,8.676533e+00,-1.400777e-01,1.409895e+00,5.769883e-01
3.314451e+00,1.356022e+00,7.304035e+00,1.672264e+00,1.402517e+00,1.071721e-01
3.108643e+00,5.483230e-02,8.223050e+00,3.333332e+00,1.575134e+00,-2.632726e-01
2.697815e+00,2.125102e+00,8.076108e+00,4.139851e+00,1.710458e+00,-6.566753e-01
2.099264e+00,2.036610e+00,9.559538e+00,5.213892e+00,1.678304e+00,-7.119304e-01
2.943928e+00,9.517992e-01,1.113426e+01,6.095773e+00,1.559286e+00,-6.152585e-01
3.941928e+00,2.843472e+00,1.460339e+01,7.086383e+00,1.451532e+00,-4.841563e-01
3.809364e+00,3.130952e+00,1.503222e+01,7.721631e+00,1.268745e+00,-3.332839e-01
-7.615532e+00,4.623170e+00,1.189981e+01,8.549309e+00,9.071627e-01,-1.495265e-01
-1.122865e+01,-1.888722e+00,1.030401e+01,8.075654e+00,6.290052e-01,1.331214e-02
-2.931477e+00,-1.092749e+01,7.951491e+00,5.914814e+00,1.224854e+00,6.509513e-01
6.891793e+00,-1.166786e+01,7.292539e+00,3.582582e+00,3.067043e+00,1.019852e+00
2.139287e+01,3.922700e+01,-1.456232e+01,-1.229636e+00,3.384590e+00,4.384177e-01
3.182555e+01,3.927605e+01,-6.378171e-01,-4.072923e+00,1.552855e+00,-3.975894e-01
-2.418761e+01,-1.397612e+01,1.329537e+01,-1.478761e+00,-1.156975e-01,6.116849e-01
-4.792685e-01,4.774999e+00,1.636518e+01,-1.421832e+00,-3.362134e+00,-2.689667e+00
5.987019e+00,1.702676e+01,9.450365e+00,-3.869482e+00,2.446932e+00,1.118373e+00
1.958871e+00,1.147231e+01,1.057318e+01,-2.412625e+00,2.102820e+00,2.907674e-01
-1.169320e+00,7.504433e+00,4.838154e+00,-1.385896e+00,6.643035e-01,-3.761549e-01
2.721862e+00,1.023770e+01,5.417604e+00,-1.097626e+00,2.625425e-01,1.599652e-01
3.378947e+00,1.061218e+01,3.382596e+00,-7.624042e-01,8.022586e-01,4.036664e-02
1.811472e+00,9.634533e+00,2.406729e+00,-7.178056e-01,3.740062e-01,-3.066833e-02
4.718653e-01,1.015765e+01,1.454810e+00,-6.250930e-01,-3.237369e-01,-2.125986e-01
-6.838818e-01,9.272828e+00,3.820821e-01,-6.663791e-01,-5.629757e-01,-3.210877e-01
-1.587163e+00,7.055133e+00,-3.019766e-01,-8.101769e-01,-7.630923e-01,-3.995478e-01
-3.767286e+00,7.069183e+00,7.837274e-01,-1.050485e+00,-8.692613e-01,-4.411310e-01
-1.778556e+00,9.135951e+00,3.735101e+00,-1.415066e+00,-1.122551e+00,-4.840223e-01
1.877967e+00,9.040318e+00,2.456237e+00,-1.609273e+00,-8.932728e-01,-3.959628e-01
5.660283e+00,6.268339e+00,-2.227665e+00,-1.706544e+00,-5.558295e-01,-2.930215e-01
4.407710e+00,8.694580e+00,-1.798378e+00,-1.909107e+00,-7.856468e-01,-2.423460e-01
4.472391e-01,1.032383e+01,2.532685e+00,-2.587243e+00,-1.579695e+00,-2.912967e-01
1.109869e+00,1.083559e+01,2.731859e+00,-3.043356e+00,-1.923045e+00,-3.030222e-01
1.230039e+01,1.512391e+01,-4.858971e+00,-3.548792e+00,-1.657578e+00,1.316844e-01
-4.220513e-02,1.792591e+01,1.209962e+00,-3.799182e+00,-1.365636e+00,4.167209e-01
-9.874399e+00,2.221948e+01,1.552650e+01,-4.456748e+00,-3.157973e+00,2.385620e-01
-1.209863e+01,2.726779e+01,1.876501e+01,-4.734147e+00,-4.760524e+00,-2.859351e-01
-1.310638e+00,5.510219e+00,1.936273e+01,-4.391689e+00,-2.636121e+00,1.107479e-01
4.637369e+00,3.366141e+00,1.455996e+01,-2.313370e+00,-4.543837e-01,7.286033e-01
5.543377e+00,1.004465e+01,1.065535e+01,-1.584470e+00,1.643255e+00,9.248196e-01
2.903391e+00,6.621512e+00,1.060395e+01,-1.157522e+00,1.629714e+00,6.432652e-01
3.086734e+00,1.310466e+00,7.468534e+00,1.310936e+00,1.003059e+00,-2.751099e-01
2.892877e+00,3.222426e-01,8.351467e+00,2.768065e+00,1.144452e+00,-5.206835e-01
3.544974e+00,1.704767e+00,7.425336e+00,3.913112e+00,1.410727e+00,-1.006331e+00
3.223881e+00,1.623990e+00,8.038029e+00,4.634706e+00,1.618380e+00,-1.139355e+00
2.407506e+00,1.022245e+00,1.071721e+01,5.794460e+00,1.563753e+00,-1.095949e+00
2.842099e+00,2.624348e+00,1.363071e+01,6.506221e+00,1.375036e+00,-1.146066e+00
4.944019e+00,3.419431e+00,1.331119e+01,7.369438e+00,1.265901e+00,-9.555221e-01
4.563626e+00,4.651884e+00,1.220919e+01,8.103169e+00,1.210554e+00,-7.512726e-01
-1.148781e+01,-1.195661e+00,9.919267e+00,8.076828e+00,5.830904e-01,-3.364158e-01
-1.376674e+01,-1.446408e+01,6.978033e+00,6.558181e+00,-1.843711e-01,-2.336126e-01
-7.878654e-01,-1.205130e+01,8.650666e+00,3.267184e+00,1.362462e+00,-9.186870e-02
2.604577e+01,3.690250e+01,-8.691362e+00,-1.258976e-01,3.508057e+00,7.627127e-01
6.803015e-01,-4.624162e+00,1.195396e+01,-4.346270e+00,4.411812e+00,1.674161e+00
1.144610e+00,-1.735725e+01,1.313452e+01,-2.435550e+00,1.742926e+00,7.907464e-01
1.347831e+00,1.323124e+01,1.400266e+01,-2.847366e+00,-8.265958e-01,-1.844280e+00
-5.582630e+00,2.222673e+01,1.231524e+01,-3.355923e+00,-3.485439e-01,4.469875e-03
-4.167534e+00,6.059565e+00,7.695349e+00,-2.272835e+00,-4.116964e-01,-4.018215e-01
1.350938e+00,4.909281e+00,5.412375e+00,-1.384324e+00,2.994629e-01,-1.399220e-01
6.907236e+00,1.282593e+01,5.051154e+00,-9.137572e-01,1.732224e+00,5.464652e-01
6.131178e+00,1.093375e+01,3.577338e+00,-9.469633e-01,1.646743e+00,3.506611e-01
1.623920e+00,9.769065e+00,2.897678e+00,-8.162376e-01,1.490894e-01,1.044117e-02
-7.918211e-01,1.041907e+01,2.901744e+00,-8.090150e-01,-6.912698e-01,-3.466442e-01
-3.151003e+00,9.039050e+00,2.869683e+00,-9.323399e-01,-1.089890e+00,-3.859070e-01
-2.878487e+00,7.024955e+00,2.305282e+00,-8.991714e-01,-1.137812e+00,-4.612409e-01
-9.836221e-01,8.462528e+00,2.955540e+00,-9.709105e-01,-7.836648e-01,-3.238742e-01
8.641793e-01,7.962910e+00,3.391095e+00,-1.129287e+00,-6.035534e-01,-2.435296e-01
1.656869e+00,7.847346e+00,3.231246e+00,-1.238198e+00,-5.325120e-01,-2.674083e-01
9.123074e-01,7.241657e+00,8.534308e-01,-1.328423e+00,-7.848022e-01,-3.426065e-01
1.295280e+00,9.013153e+00,-2.784180e+00,-1.566281e+00,-1.065448e+00,-3.018715e-01
1.073984e+00,9.876339e+00,3.591206e-01,-2.022402e+00,-1.128470e+00,-5.956965e-02
1.538434e+00,1.151846e+01,3.120000e+00,-2.647501e+00,-1.178163e+00,-9.112178e-02
4.734641e+00,1.276959e+01,1.103936e+00,-3.134366e+00,-1.258333e+00,8.596433e-02
4.351282e+00,1.711534e+01,-2.806832e+00,-3.511646e+00,-1.122193e+00,5.113448e-01
-4.372279e-02,1.522032e+01,8.794159e+00,-3.966310e+00,-1.730347e+00,6.385522e-01
-5.501583e+00,2.516898e+01,1.694775e+01,-4.506186e+00,-3.663390e+00,9.720697e-02
-6.688035e+00,2.074960e+01,1.889928e+01,-4.842872e+00,-3.446562e+00,-1.335595e-01
2.400137e+00,5.096191e+00,1.228349e+01,-3.105924e+00,-1.951876e+00,-4.073903e-01
4.100590e+00,1.055780e+01,1.045506e+01,-1.628232e+00,-2.349790e-01,1.810897e-01
1.265527e+00,7.645976e+00,1.295874e+01,-1.128377e+00,1.064292e+00,1.955153e-01
3.578016e+00,3.590529e+00,9.917832e+00,6.494351e-01,1.254859e+00,-2.387152e-01
5.503045e+00,1.102985e+00,9.111827e+00,2.772692e+00,2.017657e+00,-4.385369e-01
5.050496e+00,5.330557e-01,8.758631e+00,3.802286e+00,2.292280e+00,-6.539809e-01
3.322702e+00,2.136467e+00,9.255720e+00,5.263463e+00,1.980787e+00,-9.575592e-01
2.960517e+00,1.386756e+00,1.065693e+01,5.978098e+00,1.560995e+00,-9.085678e-01
3.498615e+00,2.132244e+00,1.412540e+01,7.022216e+00,1.031695e+00,-8.782801e-01
4.112140e+00,3.097101e+00,1.231033e+01,7.677942e+00,8.497156e-01,-8.152535e-01
-4.842471e-01,5.727995e+00,8.622136e+00,8.388884e+00,7.757948e-01,-6.325691e-01
-6.629641e+00,2.978544e+00,8.651561e+00,8.022247e+00,6.145454e-01,-4.440813e-01
-9.504331e+00,-1.131776e+01,5.708471e+00,6.113815e+00,3.018447e-02,-2.426660e-01
-1.065460e+00,-1.122610e+01,8.364497e+00,4.130449e+00,8.841809e-01,-2.830127e-01
8.499340e+00,8.768881e+00,1.138669e+01,-3.596475e-01,3.003098e+00,5.421737e-01
3.265415e+01,3.932507e+01,-1.034243e+01,-3.225978e+00,2.996779e+00,6.457479e-01
-1.084880e+01,-5.069799e+00,1.245980e+01,-3.594249e+00,1.821055e+00,9.104468e-01
-5.942346e+00,-9.604084e+00,1.537499e+01,-1.007775e+00,6.751286e-01,7.278570e-01
8.490476e+00,1.688551e+01,6.982975e+00,-3.478711e+00,6.582533e-01,-9.016471e-01
3.470222e+00,1.617127e+01,8.866517e+00,-3.510917e+00,2.256515e+00,1.052192e+00
-6.418521e+00,8.484068e+00,7.287456e+00,-1.632558e+00,-4.519369e-01,-7.410865e-01
-3.873266e+00,7.452865e+00,5.417371e+00,-1.392967e+00,-1.321846e+00,-6.506428e-01
6.674677e-01,1.294488e+01,4.936972e+00,-8.685216e-01,-3.456310e-01,-1.555138e-01
2.021713e+00,1.012524e+01,3.771254e+00,-8.868317e-01,4.260797e-01,-9.570690e-02
3.038148e-01,9.059725e+00,2.738077e+00,-5.465963e-01,3.385930e-01,9.714623e-02
8.151928e-02,9.218780e+00,1.374617e+00,-4.892944e-01,-7.629530e-02,-8.155167e-02
1.030822e+00,8.043403e+00,-2.539931e-01,-5.411503e-01,-2.892429e-01,-1.990893e-01
2.974371e-02,6.136812e+00,-2.104173e-01,-7.245368e-01,-4.101670e-01,-2.441546e-01
-2.755474e+00,7.003552e+00,4.427639e+00,-1.151521e+00,-9.250857e-01,-4.507382e-01
-1.405797e+00,7.842864e+00,5.975243e+00,-1.436392e+00,-1.127998e+00,-4.795759e-01
1.623913e+00,9.162480e+00,3.465783e+00,-1.540788e+00,-7.553325e-01,-3.802018e-01
2.252521e+00,8.141568e+00,1.569777e+00,-1.537778e+00,-3.953337e-01,-2.542337e-01
3.149095e+00,9.611811e+00,-1.939503e+00,-1.622852e+00,-1.093382e-01,5.938214e-02
1.714458e+00,1.064000e+01,-7.089168e-01,-1.959039e+00,-2.053968e-01,1.880257e-01
3.836108e+00,1.238983e+01,1.460141e+00,-2.628780e+00,-8.504818e-01,1.136002e-01
6.193963e+00,1.316964e+01,-1.811431e-01,-3.083369e+00,-1.285814e+00,9.190852e-02
5.132693e+00,1.535099e+01,-2.862271e+00,-3.592693e+00,-1.732833e+00,3.490065e-01
-2.368220e+00,1.550152e+01,9.170526e+00,-3.957660e+00,-2.330364e+00,4.114561e-01
-7.552797e+00,2.773478e+01,1.667370e+01,-4.698010e+00,-4.182135e+00,1.069232e-01
-9.966363e+00,2.366537e+01,1.961408e+01,-5.053397e+00,-3.906353e+00,9.594635e-03
3.242609e+00,4.609694e+00,1.401905e+01,-3.543504e+00,-1.996433e+00,-2.138569e-01
7.616187e+00,1.172563e+01,1.075835e+01,-1.563320e+00,9.068130e-02,5.279805e-01
4.384775e+00,7.235982e+00,1.291866e+01,-1.395642e+00,1.774649e+00,5.278173e-01
4.921102e+00,3.086674e+00,9.409543e+00,3.517284e-01,1.391255e+00,-1.360316e-02
4.566059e+00,-9.954728e-02,8.514991e+00,2.731657e+00,1.366773e+00,-5.602492e-01
3.031248e+00,1.241948e-01,8.119637e+00,3.802006e+00,1.347325e+00,-8.605396e-01
1.796750e+00,2.000000e-01,9.257105e+00,5.074531e+00,1.089788e+00,-1.495609e+00
2.490836e+00,3.922926e-01,9.937294e+00,5.873714e+00,1.023272e+00,-1.514734e+00
4.324969e+00,2.796825e+00,1.360780e+01,6.890962e+00,1.200481e+00,-1.516476e+00
4.755911e+00,3.378036e+00,1.271212e+01,7.593964e+00,1.117400e+00,-1.394097e+00
-4.213043e-01,6.052125e+00,1.138092e+01,8.390278e+00,8.190604e-01,-1.214072e+00
-7.670521e+00,4.652243e+00,9.045687e+00,8.451653e+00,4.906162e-01,-9.932732e-01
-9.863077e+00,-1.263328e+01,7.217915e+00,6.701250e+00,-1.479122e-01,-3.987120e-01
-7.763300e-01,-1.519021e+01,4.446078e+00,4.533405e+00,1.313349e+00,-9.440152e-02
1.260637e+01,1.023178e+01,6.402360e+00,5.591498e-01,4.096570e+00,6.627798e-01
2.679783e+01,3.938155e+01,-6.161646e+00,-2.407007e+00,4.155279e+00,1.020087e+00
-8.919080e+00,-8.395116e+00,1.216731e+01,-3.784717e+00,1.447742e+00,5.746282e-01
2.650179e+00,-8.790538e+00,1.531819e+01,-1.721381e+00,-1.536838e+00,-1.032906e+00
2.144377e+00,1.984755e+01,1.277637e+01,-3.365232e+00,-5.346078e-01,-9.069913e-01
-4.871852e+00,1.729480e+01,1.114872e+01,-3.795271e+00,8.291747e-01,7.308129e-01
-7.947728e-01,6.673750e+00,6.044158e+00,-1.891652e+00,5.129130e-02,-3.452214e-01
1.859962e+00,8.130640e+00,6.082708e+00,-1.240277e+00,4.617934e-01,1.740683e-01
7.288740e+00,1.276060e+01,4.758490e+00,-8.356682e-01,9.583511e-01,2.805071e-01
5.584607e+00,1.070844e+01,3.588559e+00,-9.098838e-01,1.016788e+00,2.027060e-01
-8.670097e-01,1.022897e+01,3.207177e+00,-7.618189e-01,-2.615127e-01,-7.252276e-02
-4.642110e+00,9.459997e+00,2.351952e+00,-6.981221e-01,-1.178747e+00,-3.540461e-01
-4.152898e+00,7.177838e+00,1.085428e-02,-6.746747e-01,-1.539782e+00,-3.776409e-01
-2.798308e+00,5.802677e+00,-3.575817e-01,-6.784214e-01,-1.289002e+00,-3.483749e-01
-1.960869e+00,7.811155e+00,2.414478e+00,-1.043177e+00,-6.832719e-01,-1.386344e-01
1.804005e+00,8.303657e+00,3.671714e+00,-1.333542e+00,-6.065794e-01,-1.697768e-01
4.001836e+00,7.740223e+00,1.299181e+00,-1.524988e+00,-3.794107e-01,-1.389354e-01
1.700469e+00,7.592093e+00,-1.816508e+00,-1.569655e+00,-5.227194e-01,-2.315137e-01
7.779264e-01,9.723667e+00,-1.411777e+00,-1.990897e+00,-1.102767e+00,-2.045848e-01
2.772986e+00,1.138271e+01,1.187134e+00,-2.466810e+00,-1.279987e+00,-1.294633e-01
7.634771e+00,1.251779e+01,4.788311e-01,-3.167290e+00,-1.268946e+00,-6.317623e-02
7.821085e+00,1.621229e+01,-2.669766e+00,-3.577135e+00,-1.341795e+00,1.372923e-01
-4.572885e+00,1.701515e+01,7.900068e+00,-4.039996e+00,-1.729036e+00,4.250245e-01
-7.263330e+00,2.519193e+01,1.609903e+01,-4.388785e+00,-2.747031e+00,3.864813e-01
-7.292020e+00,2.294995e+01,1.842982e+01,-5.055300e+00,-3.401284e+00,-1.015241e-01
-6.842558e-01,2.056637e+00,2.004802e+01,-4.603300e+00,-2.400351e+00,1.899380e-01
6.690289e+00,1.100310e+01,1.045420e+01,-1.420819e+00,-1.061925e-01,6.789344e-01
3.063511e+00,9.718980e+00,1.301602e+01,-1.621712e+00,1.038486e+00,5.996590e-01
1.182124e+00,4.568005e+00,9.902046e+00,-1.479740e-01,6.234274e-01,3.917736e-01
2.169453e+00,1.619053e+00,8.632225e+00,1.514658e+00,6.031551e-01,-5.077559e-02
2.657143e+00,2.038108e-01,8.742857e+00,3.750966e+00,1.287780e+00,-5.045997e-01
2.996253e+00,4.115004e-01,8.191744e+00,4.624931e+00,1.508214e+00,-8.262157e-01
2.720051e+00,4.130537e-02,1.000074e+01,5.605155e+00,1.503689e+00,-7.296083e-01
2.545187e+00,2.189050e-01,1.187327e+01,6.258741e+00,1.344411e+00,-6.666667e-01
2.764439e+00,2.332254e+00,1.375556e+01,7.442426e+00,9.216708e-01,-7.400262e-01
1.251392e+00,2.735540e+00,1.213117e+01,8.022779e+00,8.501572e-01,-7.784494e-01
-6.170752e+00,5.335234e+00,9.920000e+00,8.356022e+00,8.984333e-01,-6.598797e-01
-9.918996e+00,-3.780526e+00,7.576919e+00,7.540208e+00,5.443132e-01,-4.281674e-01
2.193541e+00,-1.219861e+01,6.019245e+00,4.841916e+00,1.316286e+00,-1.928166e-01
7.591721e+00,-7.398942e+00,8.403443e+00,2.242666e+00,2.736215e+00,3.431083e-01
2.061579e+01,3.941000e+01,-1.404054e+01,-1.892340e+00,3.038849e+00,3.056937e-01
-8.564210e+00,8.148448e+00,1.208351e+01,-4.175094e+00,1.659010e+00,3.152044e-02
7.463376e-01,-7.868433e+00,1.244075e+01,-6.672574e-01,1.334150e-01,2.158020e-01
7.810857e+00,1.294960e+01,1.557011e+01,-2.010329e+00,-3.531171e-01,-1.748957e+00
-1.734220e+00,1.195287e+01,1.058230e+01,-3.725296e+00,2.552425e+00,9.416853e-01
-2.628637e+00,1.026493e+01,9.418133e+00,-2.908736e+00,1.445335e+00,3.758508e-01
-5.960061e+00,7.868826e+00,7.721473e+00,-1.592327e+00,-8.913099e-01,-4.368318e-01
2.711229e+00,1.268137e+01,6.164522e+00,-1.162266e+00,-6.750364e-01,-1.491917e-02
6.892612e+00,1.055650e+01,3.546667e+00,-9.454276e-01,9.405857e-01,2.713325e-01
5.678913e+00,9.274740e+00,2.353543e+00,-8.199832e-01,1.436047e+00,5.353211e-01
-3.304008e-01,9.076565e+00,1.320523e+00,-6.047320e-01,1.951026e-01,6.940896e-02
-2.682268e+00,8.077450e+00,4.947886e-01,-6.445853e-01,-6.503521e-01,-1.679437e-01
-2.030344e+00,5.384086e+00,-4.562580e-01,-8.018450e-01,-1.323606e+00,-4.322618e-01
-1.203278e+00,7.022093e+00,1.676694e+00,-1.037314e+00,-1.182157e+00,-3.459786e-01
-5.417543e-01,8.755263e+00,4.292399e+00,-1.444031e+00,-1.080965e+00,-2.760292e-01
1.614952e-01,8.640979e+00,4.215772e+00,-1.645661e+00,-1.071354e+00,-3.011809e-01
3.445388e+00,8.540868e+00,-1.290773e+00,-1.686893e+00,-8.998151e-01,-2.134364e-01
4.240486e+00,1.002204e+01,-1.974801e+00,-1.754311e+00,-6.662904e-01,-4.933127e-02
1.968491e+00,1.084390e+01,4.380907e-01,-2.252566e+00,-7.272490e-01,1.262525e-01
1.567267e+00,1.160218e+01,1.078565e+00,-2.673258e+00,-1.209120e+00,-7.624939e-03
2.987421e+00,1.584631e+01,-2.282830e+00,-3.413209e+00,-1.731325e+00,1.117779e-01
-2.177853e-01,1.612734e+01,1.700257e-01,-3.716095e+00,-1.492326e+00,4.339746e-01
-3.106711e+00,2.280071e+01,1.392829e+01,-4.257357e+00,-2.092704e+00,5.318250e-01
-4.582050e+00,2.609683e+01,1.790025e+01,-4.762883e+00,-2.668084e+00,2.498381e-01
-1.457675e+00,6.244214e+00,1.995296e+01,-4.551885e+00,-1.912835e+00,3.459469e-01
6.001154e+00,6.529662e+00,1.138675e+01,-2.617084e+00,-1.150511e+00,4.848883e-01
2.577561e+00,8.782246e+00,1.197712e+01,-1.614201e+00,7.436848e-01,6.763879e-01
1.160000e+00,6.289582e+00,1.139362e+01,-1.237570e+00,1.093523e+00,5.717062e-01
2.638872e+00,1.400618e+00,8.315876e+00,1.420634e+00,7.752516e-01,-2.920295e-01
3.389190e+00,3.525099e-01,8.786541e+00,2.875247e+00,1.248039e+00,-6.004373e-01
3.828573e+00,7.397513e-01,7.994346e+00,4.201560e+00,1.701124e+00,-1.042138e+00
4.130000e+00,7.842000e-01,8.231257e+00,5.229200e+00,1.685418e+00,-1.124777e+00
4.533719e+00,3.889256e-01,1.221669e+01,6.126221e+00,1.473376e+00,-1.120886e+00
4.180871e+00,1.162441e+00,1.436183e+01,7.123755e+00,9.471936e-01,-1.264000e+00
4.038400e+00,1.769866e+00,1.401893e+01,7.770504e+00,5.055301e-01,-1.354274e+00
-2.817372e-01,5.271923e+00,1.158137e+01,8.421667e+00,1.716771e-01,-1.344938e+00
-1.018772e+01,1.559231e+00,9.072234e+00,7.969987e+00,-1.162365e-01,-1.148058e+00
-1.038067e+01,-1.236821e+01,5.195620e+00,6.079137e+00,-2.424145e-01,-8.778466e-01
4.586074e+00,-8.170465e+00,9.435385e+00,1.823046e+00,2.752922e+00,3.503312e-01
1.063419e+01,2.329763e+01,2.470160e+00,-1.335830e+00,4.291249e+00,9.720130e-01
1.428474e+01,2.196968e+01,6.418744e+00,-4.237731e+00,3.793042e+00,1.488327e+00
-6.786615e+00,-1.868975e+01,1.207345e+01,-1.208979e+00,2.584853e+00,1.765733e+00
3.055165e+00,9.112382e+00,1.384321e+01,-3.000789e+00,-6.544501e-01,-1.641852e+00
-2.029404e+00,2.001499e+01,1.061477e+01,-3.652130e+00,7.531357e-01,7.990601e-01
-5.829427e+00,1.021754e+01,7.389996e+00,-2.101366e+00,-2.931164e-01,-4.774353e-01
-2.214796e+00,4.732969e+00,2.678175e+00,-1.336399e+00,-1.537422e-01,-1.518196e-01
4.666235e+00,1.194591e+01,3.582294e+00,-7.847492e-01,1.174760e+00,4.301157e-01
6.286225e+00,1.187907e+01,2.243316e+00,-9.086123e-01,1.343881e+00,3.110517e-01
-8.460802e-02,8.236019e+00,2.037684e+00,-9.715789e-01,1.157270e-01,7.011809e-03
-3.066274e+00,8.528137e+00,1.787332e+00,-9.381186e-01,-8.894920e-01,-3.974778e-01
-3.012388e+00,8.567712e+00,5.917958e-02,-1.078567e+00,-1.089688e+00,-3.856098e-01
-2.832928e+00,7.275198e+00,-4.679477e-01,-1.193776e+00,-8.078251e-01,-3.175142e-01
-3.499714e+00,7.296812e+00,2.416205e+00,-1.503151e+00,-3.969985e-01,-2.333333e-01
4.277401e-01,8.323112e+00,5.786095e+00,-1.713410e+00,-2.409686e-01,-2.355271e-01
6.469275e+00,9.738936e+00,5.880834e+00,-1.790068e+00,1.322148e-01,-1.641911e-01
5.684938e+00,8.516097e+00,3.485799e+00,-1.787920e+00,1.082328e-01,-2.233906e-01
3.078935e+00,8.667409e+00,9.893456e-02,-1.855182e+00,-8.530717e-01,-2.953297e-01
2.057523e-01,1.054759e+01,5.220202e-01,-2.189449e+00,-1.234805e+00,-2.326876e-01
-2.098614e+00,1.130892e+01,3.204320e+00,-2.826190e+00,-1.593477e+00,-1.125691e-01
4.401798e+00,1.160732e+01,1.108055e+00,-3.114244e+00,-1.588187e+00,2.933524e-02
7.986831e+00,1.778807e+01,-5.258949e+00,-3.486434e+00,-1.088403e+00,5.075337e-01
1.737790e-01,1.779576e+01,5.630324e+00,-4.018423e+00,-1.752812e+00,6.000456e-01
-7.109703e+00,2.167210e+01,1.646608e+01,-4.678172e+00,-4.220542e+00,8.476344e-02
-1.040540e+01,2.671271e+01,1.887299e+01,-4.896973e+00,-4.236121e+00,-2.228533e-01
4.030285e-01,5.012703e-01,2.067284e+01,-3.210132e+00,-1.773542e+00,-2.773440e-01
8.956179e+00,9.241396e+00,9.403295e+00,-1.156108e+00,2.327127e-01,2.862285e-01
2.717379e+00,8.693860e+00,1.324601e+01,-1.308015e+00,1.742287e+00,3.207982e-01
2.647045e+00,4.861819e+00,1.132966e+01,-5.713732e-02,1.376147e+00,-1.369755e-01
4.364687e+00,-5.326831e-01,8.130662e+00,2.883908e+00,1.500997e+00,-7.431607e-01
3.510808e+00,5.328518e-01,8.085228e+00,3.994216e+00,1.784113e+00,-9.447040e-01
2.363363e+00,1.229842e+00,8.899887e+00,4.969310e+00,1.752443e+00,-1.259537e+00
2.939260e+00,1.101562e+00,9.682658e+00,5.710045e+00,1.654115e+00,-1.117365e+00
5.353081e+00,1.635673e+00,1.283532e+01,6.983397e+00,1.564004e+00,-9.220825e-01
7.156901e+00,2.509329e+00,1.377160e+01,7.663922e+00,1.300757e+00,-7.543171e-01
5.312084e+00,3.689573e+00,1.268812e+01,8.426468e+00,6.254417e-01,-6.152223e-01
-2.554859e+00,4.039549e+00,1.005725e+01,8.259520e+00,8.856613e-02,-5.259655e-01
-1.590257e+01,-7.856919e+00,7.118291e+00,6.085083e+00,-1.353042e+00,-7.468103e-01
-7.509521e+00,-1.363755e+01,8.091090e+00,4.045422e+00,-1.056417e-01,-5.247483e-01
9.108455e+00,4.236349e+00,8.236748e+00,2.426838e-01,3.288226e+00,5.489700e-01
2.697212e+01,3.939962e+01,-1.376800e+01,-2.475454e+00,4.371908e+00,1.062195e+00
-8.153582e+00,-8.919202e+00,1.008731e+01,-2.255880e+00,3.157375e+00,1.769902e+00
-3.617380e+00,-9.589186e+00,1.447423e+01,-1.351970e+00,-9.041679e-01,-1.602022e+00
2.918083e-01,1.332602e+01,1.138937e+01,-3.402988e+00,-1.775554e-01,-7.230578e-01
-4.504586e+00,1.942973e+01,1.413234e+01,-3.200075e+00,1.421009e-01,5.256203e-01
-2.228607e+00,5.790839e+00,4.849402e+00,-1.744887e+00,-1.838372e-01,-3.818444e-01
1.767344e+00,6.727215e+00,5.059224e+00,-1.151107e+00,6.128718e-01,4.624988e-01
7.913054e+00,1.332237e+01,3.577196e+00,-9.392164e-01,1.456799e+00,4.003266e-01
2.191353e+00,9.299858e+00,3.361094e+00,-1.047299e+00,1.253760e+00,3.811997e-01
-1.793517e+00,9.392029e+00,3.055138e+00,-8.460119e-01,-7.578066e-01,-2.434384e-01
-3.292057e+00,9.404757e+00,2.045683e+00,-8.925408e-01,-1.247941e+00,-3.252379e-01
-7.472810e-01,7.559914e+00,4.429823e-01,-9.393341e-01,-1.038985e+00,-2.801665e-01
-7.274651e-01,7.025033e+00,7.473626e-01,-1.042411e+00,-7.702055e-01,-2.136690e-01
-1.059148e+00,6.938154e+00,3.114158e+00,-1.411983e+00,-7.909353e-01,-2.028584e-01
4.194920e-01,7.438200e+00,4.506212e+00,-1.599890e+00,-8.929291e-01,-2.277749e-01
1.699482e+00,9.101381e+00,3.548035e+00,-1.714148e+00,-8.686389e-01,-2.473713e-01
2.850892e+00,8.638327e+00,-2.436796e-01,-1.788421e+00,-9.213887e-01,-2.354242e-01
7.634187e-01,9.608139e+00,-6.187442e-01,-2.029220e+00,-1.145026e+00,-2.020993e-01
4.120998e-01,1.126074e+01,2.763778e-01,-2.424423e+00,-1.355232e+00,-1.323299e-01
8.696310e+00,1.273730e+01,-2.075743e+00,-3.014351e+00,-1.351405e+00,1.655265e-01
9.073295e+00,1.385175e+01,-6.009363e+00,-3.355651e+00,-1.202162e+00,4.061717e-01
-1.349648e+00,1.696966e+01,5.461077e+00,-3.971777e+00,-2.349348e+00,2.270673e-01
-8.555442e+00,2.792754e+01,1.705446e+01,-4.624271e+00,-4.246754e+00,1.007639e-01
-1.333829e+01,1.657125e+01,1.993729e+01,-4.927579e+00,-4.267329e+00,-2.404018e-02
-2.396785e+00,2.213665e+00,2.174743e+01,-3.838513e+00,-2.971141e+00,2.394843e-01
9.173448e+00,1.039310e+01,1.170035e+01,-1.292595e+00,1.691071e+00,1.267036e+00
7.541786e+00,8.469423e+00,1.264371e+01,-1.360256e+00,2.626860e+00,9.162811e-01
5.199670e+00,4.040927e+00,9.197425e+00,1.096601e+00,1.924591e+00,1.781701e-01
4.171024e+00,1.740952e-01,8.370157e+00,2.233951e+00,1.512853e+00,-1.330245e-01
3.513358e+00,2.362847e-01,8.433500e+00,4.171061e+00,1.229174e+00,-1.038180e+00
3.037081e+00,1.486584e+00,8.779952e+00,4.986326e+00,1.334662e+00,-1.436694e+00
2.670000e+00,7.478133e-01,1.087249e+01,6.240399e+00,1.208674e+00,-1.378847e+00
2.817049e+00,8.188526e-01,1.344885e+01,7.068439e+00,1.154407e+00,-1.326372e+00
4.005679e+00,3.581810e+00,1.293307e+01,8.000624e+00,1.195313e+00,-1.116384e+00
3.708839e+00,5.075263e+00,1.201829e+01,8.313701e+00,1.300112e+00,-7.979717e-01
-7.729897e+00,-3.195093e+00,8.454077e+00,7.507153e+00,7.442345e-01,2.290976e-01
-7.963987e+00,-1.232437e+01,5.423431e+00,5.902581e+00,4.434096e-01,2.682342e-01
6.638308e+00,-1.010935e+01,9.266137e+00,2.705340e+00,1.710005e+00,3.094974e-01
1.043687e+01,1.147173e+01,1.081962e+01,-3.589981e-01,2.671383e+00,4.334858e-01
3.297245e+00,3.899957e+01,1.584415e+01,-4.173566e+00,4.254212e-01,-3.880527e-01
-2.495405e+01,3.564014e+00,1.323270e+01,-1.677349e+00,-5.324757e-01,9.684600e-02
7.706732e+00,-4.304268e+00,1.489595e+01,-2.154248e+00,-1.869804e+00,-1.955093e+00
9.562269e+00,1.359157e+01,7.602330e+00,-2.797854e+00,2.435351e+00,2.126026e-01
8.327919e+00,1.556758e+01,9.335460e+00,-2.168572e+00,2.862809e+00,8.372163e-01
-2.623236e+00,7.360922e+00,4.532443e+00,-1.422366e+00,6.917946e-01,-3.475236e-01
-2.370506e+00,1.151282e+01,4.765466e+00,-1.151556e+00,-1.227739e+00,-2.623813e-01
1.310347e+00,1.448036e+01,4.425598e+00,-9.856442e-01,-1.003383e+00,-3.578431e-01
3.703827e+00,8.724039e+00,2.055074e+00,-1.085384e+00,4.588514e-01,2.242013e-01
1.056743e+00,7.728991e+00,1.820461e+00,-9.251701e-01,2.808084e-01,1.453473e-01
-3.246334e+00,7.740917e+00,2.259204e+00,-9.464173e-01,-4.857131e-01,-6.687627e-02
-3.159179e+00,7.273060e+00,1.897224e+00,-1.014728e+00,-9.699924e-01,-2.214594e-01
-1.124078e+00,7.263828e+00,2.515511e+00,-1.200494e+00,-7.812697e-01,-2.077959e-01
1.047452e-01,6.667476e+00,3.936934e+00,-1.346730e+00,-6.025581e-01,-1.859466e-01
2.057437e+00,7.613914e+00,4.346621e+00,-1.487523e+00,-6.030764e-01,-1.973186e-01
9.338663e-01,9.004085e+00,1.387437e+00,-1.540049e+00,-7.430724e-01,-2.833276e-01
8.456000e-01,8.898781e+00,-1.516149e+00,-1.753873e+00,-1.136304e+00,-2.250660e-01
1.366319e+00,1.012855e+01,-1.345163e+00,-2.018305e+00,-1.191916e+00,-7.570023e-02
1.690548e+00,1.018267e+01,1.009033e+00,-2.663486e+00,-1.201966e+00,-1.505385e-02
6.485412e+00,1.213235e+01,8.129176e-01,-3.173565e+00,-1.282154e+00,1.158026e-01
4.857929e+00,1.990016e+01,-2.508376e+00,-3.752620e+00,-1.275159e+00,4.988989e-01
-3.271662e+00,1.669466e+01,1.079859e+01,-4.160119e+00,-1.797343e+00,5.835386e-01
-8.698364e+00,2.676737e+01,1.744607e+01,-4.802348e+00,-4.202996e+00,2.013871e-01
-7.851526e+00,1.536582e+01,1.972141e+01,-4.994820e+00,-3.089821e+00,2.977431e-02
5.791531e+00,7.310784e+00,1.102881e+01,-2.686956e+00,-1.050211e+00,1.082797e-01
6.309058e+00,1.223984e+01,1.004553e+01,-1.731793e+00,5.734512e-01,5.535882e-01
1.842208e+00,7.029310e+00,1.277559e+01,-8.179035e-01,1.259932e+00,2.151048e-01
3.183002e+00,2.741159e+00,9.154161e+00,9.140126e-01,1.071341e+00,-3.133705e-01
3.681454e+00,1.663257e+00,9.230753e+00,3.018516e+00,1.561043e+00,-4.416475e-01
3.423046e+00,1.170000e+00,9.598444e+00,3.837603e+00,1.847427e+00,-6.213745e-01
2.700963e+00,8.808502e-01,9.579857e+00,5.434555e+00,1.998802e+00,-8.538828e-01
3.168756e+00,5.064050e-01,1.109224e+01,6.257552e+00,1.875767e+00,-7.938840e-01
4.953957e+00,1.834319e+00,1.525503e+01,7.258621e+00,1.623389e+00,-6.992134e-01
5.673908e+00,2.943830e+00,1.223303e+01,7.930448e+00,1.395994e+00,-5.671609e-01
6.053931e-01,5.136897e+00,9.341478e+00,8.682226e+00,8.626631e-01,-3.342944e-01
-8.517528e+00,4.291765e+00,9.057630e+00,8.374804e+00,5.376824e-01,-2.755609e-01
-8.281079e+00,-1.374917e+01,5.653153e+00,5.535331e+00,-3.847966e-02,-2.685744e-01
6.032591e-01,-1.307433e+01,7.659137e+00,3.414272e+00,1.275316e+00,5.106991e-03
1.713844e+01,3.212103e+01,-6.298721e+00,-8.326399e-01,3.228518e+00,6.519147e-01
1.102045e+01,2.957042e+01,8.148950e+00,-4.066747e+00,2.587123e+00,4.493593e-01
-5.749027e-01,-1.455586e+01,1.274927e+01,-2.481412e+00,2.272306e-01,5.499747e-01
4.272255e+00,-5.301892e+00,1.472191e+01,-2.613393e+00,-2.564875e+00,-2.427746e+00
-5.329814e+00,2.430155e+01,1.237461e+01,-3.462783e+00,-5.370359e-02,2.907517e-01
-9.285350e+00,1.611439e+01,1.076848e+01,-3.388996e+00,-3.217067e-01,2.093518e-01
1.158563e-01,4.012537e+00,4.930977e+00,-1.361381e+00,4.103792e-02,2.655531e-02
5.006365e+00,9.831139e+00,5.976732e+00,-9.112524e-01,1.317620e+00,6.394489e-01
7.381213e+00,1.277774e+01,3.923061e+00,-7.839444e-01,1.534910e+00,4.543813e-01
3.124822e+00,9.137638e+00,3.450192e+00,-8.398482e-01,1.131752e+00,3.724278e-01
-2.483183e+00,1.016551e+01,3.310699e+00,-5.445546e-01,-6.867038e-01,-2.169484e-01
-2.989632e+00,9.966576e+00,1.635344e+00,-5.462114e-01,-1.097268e+00,-3.371759e-01
-1.389804e+00,6.967005e+00,-3.148256e-01,-5.774142e-01,-8.306135e-01,-1.954544e-01
-2.547077e+00,6.478187e+00,4.821301e-01,-6.974773e-01,-5.777350e-01,-1.405378e-01
-9.052039e-01,7.578782e+00,2.886937e+00,-1.098165e+00,-5.458347e-01,-1.382412e-01
1.082675e+00,7.860920e+00,4.140801e+00,-1.344072e+00,-5.049215e-01,-1.493651e-01
2.834575e+00,7.772736e+00,9.178793e-01,-1.514187e+00,-5.076604e-01,-1.888966e-01
1.862122e+00,8.148010e+00,-7.818581e-01,-1.589790e+00,-6.412701e-01,-2.260936e-01
1.898237e+00,1.068947e+01,-1.354400e-01,-2.092254e+00,-1.088988e+00,-1.287107e-01
-1.665119e+00,1.150147e+01,1.952659e+00,-2.566807e+00,-1.271899e+00,-6.534958e-02
5.182217e+00,1.236188e+01,2.466684e+00,-3.238324e+00,-1.479936e+00,5.880419e-02
1.299544e+01,1.362350e+01,-3.256695e+00,-3.560175e+00,-1.234004e+00,2.823709e-01
4.158387e+00,1.784007e+01,4.157595e+00,-4.058170e+00,-1.505527e+00,2.312056e-01
-1.163780e+01,2.028490e+01,1.747768e+01,-4.539018e+00,-3.241481e+00,2.361077e-01
-2.219084e+01,2.959288e+01,2.332185e+01,-4.970491e+00,-5.643824e+00,-1.230550e-01
-4.175985e+00,1.118604e+00,2.229573e+01,-4.682575e+00,-3.926616e+00,-2.078354e-01
1.033941e+01,1.095240e+01,1.052462e+01,-1.385704e+00,1.008848e+00,1.490770e+00
9.546018e+00,1.039255e+01,1.173806e+01,-1.179575e+00,3.434705e+00,1.783356e+00
5.774062e+00,4.101004e+00,9.021020e+00,6.554109e-01,2.857251e+00,1.040667e+00
4.041004e+00,7.861550e-01,7.928724e+00,1.935292e+00,2.095520e+00,5.941437e-01
3.182693e+00,5.623109e-01,9.348462e+00,3.867241e+00,1.403599e+00,-1.588559e-01
3.228214e+00,1.316429e+00,8.245840e+00,4.537609e+00,1.357061e+00,-6.007309e-01
2.721432e+00,8.759157e-01,1.014636e+01,5.652073e+00,1.329497e+00,-7.938585e-01
2.851127e+00,5.341725e-01,1.158595e+01,6.401885e+00,1.143501e+00,-9.387638e-01
3.601806e+00,2.276037e+00,1.646866e+01,7.551244e+00,7.357830e-01,-1.029394e+00
3.723451e+00,3.552585e+00,1.349345e+01,8.150229e+00,5.859212e-01,-1.019945e+00
-4.123219e+00,4.793427e+00,8.902444e+00,8.674526e+00,3.060323e-01,-8.527035e-01
-1.469156e+01,-5.713218e+00,8.309906e+00,7.969358e+00,1.814002e-01,-6.991463e-01
-4.249345e+00,-1.548732e+01,7.130822e+00,4.554832e+00,1.011182e+00,-2.622403e-01
6.236218e+00,-5.526669e+00,7.705987e+00,1.847470e+00,3.097472e+00,5.050681e-01
3.057728e+01,3.864687e+01,2.392430e+00,-3.365641e+00,4.547186e+00,1.115733e+00
-1.800008e+00,-2.189851e+00,1.392064e+01,-4.523375e+00,4.097043e+00,1.476973e+00
5.101177e+00,-4.502409e+00,1.319924e+01,-2.536795e+00,-1.284928e+00,-2.161534e+00
2.133906e+00,1.705555e+01,1.403936e+01,-3.108347e+00,-6.756250e-01,-1.567788e+00
-1.253064e+01,1.499395e+01,1.212065e+01,-3.209283e+00,-3.621107e-01,-1.001157e-02
-5.553355e+00,6.480200e+00,7.295830e+00,-2.548035e+00,-1.009795e+00,-8.230103e-01
4.101212e+00,8.069288e+00,6.486837e+00,-1.065719e+00,9.236162e-01,4.319446e-01
8.770476e+00,1.508275e+01,3.847424e+00,-8.810448e-01,1.600431e+00,3.799668e-01
-4.019600e-01,8.553375e+00,3.413375e+00,-1.043506e+00,8.110534e-01,2.076778e-01
-2.649106e+00,9.273037e+00,3.648276e+00,-8.175626e-01,-3.914214e-01,-6.796778e-02
-3.528292e+00,1.013378e+01,2.800974e+00,-7.450425e-01,-1.479317e+00,-4.519663e-01
-1.575419e+00,8.906499e+00,1.738799e+00,-7.367100e-01,-1.190571e+00,-3.175440e-01
-5.248206e-01,7.061919e+00,2.034555e+00,-8.126947e-01,-4.886934e-01,-8.551589e-02
-4.246671e-02,7.672763e+00,2.983816e+00,-9.297888e-01,-3.785794e-01,-3.942333e-02
1.272231e+00,7.426625e+00,4.019051e+00,-1.238148e+00,-5.192587e-01,-7.955006e-02
1.449046e+00,8.028494e+00,3.951607e+00,-1.341555e+00,-6.356949e-01,-1.317721e-01
-1.032068e-01,7.504049e+00,-1.383017e+00,-1.464320e+00,-9.247790e-01,-1.562868e-01
7.371123e-01,8.097030e+00,-3.107400e+00,-1.616658e+00,-1.031629e+00,-8.451470e-02
2.931031e+00,9.886908e+00,-1.027996e+00,-2.212558e+00,-1.056717e+00,9.042306e-02
3.500209e+00,1.057632e+01,6.426773e-01,-2.731525e+00,-1.093124e+00,1.222680e-01
7.352573e+00,1.586759e+01,-4.576301e+00,-3.483625e+00,-1.456600e+00,2.376344e-01
2.308737e+00,1.817330e+01,-8.165038e-01,-3.731158e+00,-1.517015e+00,3.985934e-01
-6.962821e+00,2.104866e+01,1.386757e+01,-4.551944e+00,-3.178777e+00,4.886530e-01
-1.048497e+01,2.585108e+01,1.960557e+01,-4.965324e+00,-4.210348e+00,1.894052e-01
-9.104214e-01,7.301300e+00,2.139079e+01,-4.765927e+00,-2.495857e+00,-1.977573e-02
9.893176e+00,8.955406e+00,1.168596e+01,-2.663109e+00,-3.424460e-01,4.286719e-01
4.363175e+00,1.002183e+01,1.227583e+01,-1.759252e+00,1.846440e+00,6.401363e-01
2.755239e+00,6.401424e+00,1.131873e+01,-1.076906e+00,1.675156e+00,4.470174e-01
3.569294e+00,7.605919e-01,7.591883e+00,1.983462e+00,1.113922e+00,-6.635925e-01
3.054161e+00,3.068150e-01,8.421678e+00,3.057935e+00,1.350563e+00,-8.368179e-01
2.844009e+00,9.930399e-01,8.079956e+00,4.558564e+00,1.656056e+00,-1.305247e+00
3.225165e+00,8.615347e-01,9.056749e+00,5.280980e+00,1.711818e+00,-1.272448e+00
4.817967e+00,1.081261e+00,1.266580e+01,6.344631e+00,1.667627e+00,-1.138277e+00
6.104532e+00,1.874083e+00,1.564361e+01,6.978412e+00,1.504572e+00,-1.094004e+00
8.064982e+00,3.179751e+00,1.418722e+01,7.977342e+00,8.405703e-01,-9.540334e-01
-3.536729e-01,3.821730e+00,9.104729e+00,8.437120e+00,1.181578e-01,-8.826051e-01
-1.432639e+01,-4.252494e+00,8.801739e+00,7.617684e+00,-1.056663e+00,-1.281807e+00
-1.508115e+01,-1.507312e+01,8.268624e+00,5.990824e+00,-1.573668e+00,-1.259798e+00
5.698483e+00,2.393225e+00,9.705277e+00,1.605987e+00,1.630472e+00,1.532798e-01
3.045354e+01,3.905398e+01,-1.516387e+01,-1.648558e+00,4.026288e+00,1.206367e+00
-6.435145e+00,-7.534864e+00,1.116003e+01,-4.537538e+00,4.427940e+00,1.686653e+00
-4.640670e+00,-1.480067e+01,1.681517e+01,-1.805103e+00,2.379410e+00,1.581765e+00
4.082193e+00,1.792133e+01,1.112551e+01,-3.465304e+00,4.178733e-01,-7.973323e-01
1.293551e+00,2.361407e+01,1.245988e+01,-3.565710e+00,1.361320e+00,8.192012e-01
-5.539887e+00,2.889835e+00,5.498909e+00,-1.768350e+00,-2.234007e-01,-5.191308e-01
-3.541132e-01,4.950222e+00,5.285234e+00,-1.270969e+00,-5.794179e-01,-3.277532e-01
7.305317e+00,1.484580e+01,4.531638e+00,-8.070161e-01,1.184015e+00,4.415046e-01
1.822433e+00,9.407544e+00,2.869686e+00,-9.329899e-01,1.100887e+00,2.561008e-01
-2.111230e+00,1.072083e+01,1.462698e+00,-7.105113e-01,-6.580431e-01,-5.375740e-02
-2.332897e+00,1.144211e+01,5.807809e-01,-6.702241e-01,-1.122764e+00,-2.491990e-01
-1.504952e+00,7.191489e+00,-9.039784e-01,-7.989205e-01,-9.759180e-01,-1.825333e-01
-2.431774e+00,6.283335e+00,4.164826e-01,-9.359867e-01,-8.725586e-01,-1.978734e-01
-1.212108e+00,7.722030e+00,3.381277e+00,-1.378526e+00,-1.124931e+00,-2.360487e-01
1.892280e+00,7.601260e+00,3.704055e+00,-1.586112e+00,-1.133960e+00,-2.452560e-01
1.974365e+00,7.800992e+00,8.455540e-01,-1.719110e+00,-8.798446e-01,-1.937008e-01
3.272169e-01,7.918316e+00,-2.451923e+00,-1.830717e+00,-1.035442e+00,-1.924754e-01
2.180090e+00,9.334513e+00,-1.803789e+00,-2.294768e+00,-1.329705e+00,-1.170088e-02
4.704654e+00,1.033436e+01,-4.239221e-01,-2.746471e+00,-1.300722e+00,7.957194e-02
1.026536e+01,1.086341e+01,-1.948888e+00,-3.481845e+00,-1.295536e+00,1.632406e-01
7.169630e+00,1.745914e+01,-2.228273e+00,-3.938561e+00,-1.261057e+00,4.024233e-01
-8.770991e+00,2.541345e+01,1.539731e+01,-4.772787e+00,-2.671273e+00,3.161579e-01
-1.444607e+01,3.086354e+01,2.082542e+01,-5.205208e+00,-4.539295e+00,3.356523e-02
-7.432673e+00,6.151809e+00,2.380681e+01,-5.059943e+00,-3.651367e+00,1.220928e-01
9.261290e+00,6.676165e+00,1.431245e+01,-2.647941e+00,-1.127463e+00,8.046624e-01
1.102382e+01,1.233069e+01,1.088046e+01,-1.266025e+00,2.291165e+00,1.314396e+00
5.514478e+00,4.828097e+00,1.019161e+01,-6.075812e-01,2.363670e+00,9.811905e-01
3.966024e+00,1.154418e-01,6.436647e+00,2.144550e+00,1.159515e+00,-1.893869e-01
2.737775e+00,-1.181954e+00,7.144408e+00,3.162905e+00,8.380174e-01,-4.771723e-01
2.031083e+00,4.900611e-01,8.496446e+00,4.614395e+00,8.456462e-01,-1.167379e+00
1.736197e+00,1.772609e+00,9.409652e+00,5.090092e+00,1.079719e+00,-1.412871e+00
1.780350e+00,1.060000e+00,1.247539e+01,6.040114e+00,1.224249e+00,-1.304858e+00
1.786089e+00,1.992425e+00,1.623920e+01,6.759405e+00,1.261104e+00,-1.229966e+00
2.023588e+00,4.571924e+00,1.416894e+01,7.984440e+00,1.070133e+00,-9.759392e-01
-1.559891e+00,4.024330e+00,9.704361e+00,8.516968e+00,8.613357e-01,-6.997872e-01
-1.182755e+01,-8.310544e+00,7.623626e+00,8.057329e+00,9.112937e-01,-1.210621e-01
-4.010316e+00,-1.468203e+01,7.987941e+00,6.343292e+00,9.827736e-01,-1.577050e-01
8.938796e+00,-4.091058e+00,9.491634e+00,1.690225e+00,3.455892e+00,2.762906e-01
3.041205e+01,3.854364e+01,-1.428027e+01,-1.436002e+00,3.666668e+00,7.488190e-01
-1.003578e+01,-9.146888e+00,1.590623e+01,-4.081600e+00,2.035279e+00,7.302944e-01
1.422211e+00,-1.696218e+01,1.626844e+01,-2.803098e+00,7.358623e-01,1.017818e+00
3.891100e+00,1.382100e+01,1.404859e+01,-3.536760e+00,3.108899e-01,-1.205477e+00
-6.759783e+00,1.969726e+01,1.305715e+01,-3.672379e+00,9.109628e-01,5.097672e-01
-4.521373e+00,9.620350e+00,8.652332e+00,-2.003559e+00,-9.382124e-01,-6.416750e-01
-1.019769e-01,3.503531e+00,6.577740e+00,-1.648697e+00,-5.491456e-01,-4.313756e-01
9.619508e+00,1.499280e+01,5.481927e+00,-7.208725e-01,1.306075e+00,4.068357e-01
7.262716e+00,1.260165e+01,4.053724e+00,-9.697987e-01,1.710373e+00,3.398584e-01
-7.865394e-01,9.018006e+00,3.472903e+00,-6.880408e-01,2.228312e-04,9.089886e-02
-3.408809e+00,9.592928e+00,2.507546e+00,-5.079504e-01,-1.067287e+00,-3.693151e-01
-2.029109e+00,8.026393e+00,-9.724437e-02,-5.114782e-01,-1.295754e+00,-4.264154e-01
-2.270902e+00,6.658613e+00,-2.620741e-01,-5.623096e-01,-9.949261e-01,-3.954594e-01
-8.614794e-01,7.012268e+00,1.955935e+00,-9.759159e-01,-8.315152e-01,-2.722525e-01
1.221739e+00,7.809097e+00,2.098453e+00,-1.212832e+00,-8.610166e-01,-3.197384e-01
2.571500e+00,6.479604e+00,-2.226129e+00,-1.544426e+00,-9.258952e-01,-4.074101e-01
3.169647e-01,6.933652e+00,-1.410224e+00,-1.706091e+00,-1.143619e+00,-4.802554e-01
-1.555628e-01,1.109450e+01,1.037312e+00,-2.427835e+00,-1.566786e+00,-4.141347e-01
3.546618e+00,1.246318e+01,1.082279e+00,-2.877302e+00,-1.318884e+00,-1.363526e-01
9.899418e+00,1.805877e+01,-5.530926e+00,-3.477814e+00,-5.760552e-01,3.345897e-01
6.791885e+00,1.608052e+01,-1.164803e+00,-3.696571e+00,-4.705617e-01,5.113134e-01
-1.926139e+00,2.389075e+01,1.607925e+01,-4.595812e+00,-2.359026e+00,2.456385e-01
-8.450275e+00,2.711827e+01,2.034979e+01,-5.264841e+00,-4.044132e+00,-3.296934e-01
-1.853359e+00,4.227712e+00,1.876755e+01,-4.572313e+00,-3.459638e+00,-5.107424e-01
5.193808e+00,7.484879e+00,1.113539e+01,-2.696943e+00,-2.402482e+00,-2.714077e-01
9.491384e-01,8.951102e+00,1.304122e+01,-1.808524e+00,4.678940e-01,2.169576e-01
5.068667e-01,5.870365e+00,1.205193e+01,-7.524043e-01,8.461950e-01,1.174579e-01
2.884755e+00,2.207887e-01,9.061522e+00,2.242853e+00,1.333783e+00,-4.613488e-01
3.833087e+00,5.627750e-01,8.838604e+00,3.451423e+00,1.919596e+00,-4.532354e-01
3.184454e+00,4.355990e-01,9.105010e+00,4.651200e+00,2.431294e+00,-7.180840e-01
3.322864e+00,-5.055285e-02,9.123568e+00,5.416821e+00,2.400858e+00,-6.734097e-01
5.172097e+00,8.581300e-01,1.207489e+01,6.720968e+00,1.920544e+00,-5.893239e-01
6.355006e+00,2.437339e+00,1.273022e+01,7.305932e+00,1.600023e+00,-5.236859e-01
5.389075e+00,3.535797e+00,1.171407e+01,8.207442e+00,9.275988e-01,-4.931526e-01
-6.018739e+00,5.856010e+00,8.289748e+00,8.472343e+00,3.324122e-01,-4.769188e-01
-1.802826e+01,-1.022567e+01,8.617028e+00,6.915170e+00,-1.089584e+00,-4.511681e-01
-1.002609e+01,-1.681783e+01,9.637536e+00,5.084860e+00,-7.226147e-01,-3.444089e-01
1.667571e+01,2.776569e+01,-4.919995e+00,1.041715e+00,3.250906e+00,9.770285e-01
2.993827e+01,3.306679e+01,-7.810253e-01,-2.207180e+00,5.174843e+00,1.589110e+00
-2.461378e+00,-1.324228e+01,1.356611e+01,-3.018188e+00,4.530194e+00,2.455956e+00
-2.947725e-01,-5.344817e+00,1.425805e+01,-2.098834e+00,-5.887872e-01,-1.193655e+00
-8.511295e+00,2.171262e+01,1.445151e+01,-3.374099e+00,-1.304739e+00,-1.336274e+00
-1.118930e+01,2.015981e+01,1.110464e+01,-3.529796e+00,-9.691612e-01,-1.915174e-01
-2.635083e+00,4.093703e+00,7.365351e+00,-2.196600e+00,-4.819983e-01,-5.180192e-01
4.607936e+00,9.171949e+00,6.487483e+00,-1.307034e+00,1.342563e+00,4.871685e-01
9.103277e+00,1.334728e+01,5.807966e+00,-9.382624e-01,2.487830e+00,7.080979e-01
3.288877e+00,8.451163e+00,3.117487e+00,-8.776415e-01,2.217894e+00,6.576642e-01
4.060215e-02,8.849944e+00,3.034457e+00,-5.549095e-01,6.851353e-03,4.216989e-02
1.601030e-01,1.058398e+01,2.772152e+00,-4.975462e-01,-4.133095e-01,-2.211917e-01
2.892140e-01,8.513319e+00,1.410197e+00,-6.908944e-01,-3.632220e-01,-2.541906e-01
4.060604e-02,7.514056e+00,2.301328e+00,-7.299748e-01,-3.725293e-01,-2.979955e-01
6.912769e-01,9.118608e+00,4.927518e+00,-1.061688e+00,-8.180363e-01,-4.089234e-01
2.330799e+00,9.142622e+00,3.462847e+00,-1.243076e+00,-1.017371e+00,-4.246237e-01
3.798245e-01,6.836239e+00,-4.224870e+00,-1.329330e+00,-1.266971e+00,-3.701744e-01
8.487353e-01,7.665065e+00,-4.732784e+00,-1.491916e+00,-1.450990e+00,-2.775172e-01
1.707191e+00,1.072291e+01,-3.548268e-01,-2.304603e+00,-1.475780e+00,2.894007e-02
2.361097e+00,1.093225e+01,6.438063e-01,-2.946369e+00,-1.518890e+00,8.303212e-02
9.391424e+00,1.391169e+01,-3.678973e+00,-3.795449e+00,-1.783189e+00,2.543072e-01
4.742512e+00,1.865874e+01,-1.248208e+00,-4.064143e+00,-1.698136e+00,4.228986e-01
-9.303759e+00,2.391071e+01,1.840742e+01,-4.785709e+00,-3.119810e+00,3.484712e-01
-1.638482e+01,2.996482e+01,2.135898e+01,-5.019694e+00,-4.984414e+00,1.342413e-01
-1.294173e+00,1.567355e+00,2.242760e+01,-4.436795e+00,-3.290832e+00,-1.507072e-01
6.711275e+00,7.205644e+00,1.384463e+01,-2.500236e+00,-1.286234e+00,5.766456e-01
6.193940e+00,8.303232e+00,1.222872e+01,-1.317372e+00,2.281670e+00,1.146999e+00
4.206179e+00,4.087836e+00,1.013356e+01,-2.012407e-01,2.300336e+00,7.656631e-01
3.712625e+00,6.759733e-01,8.223349e+00,2.595927e+00,1.551358e+00,-3.201977e-01
2.890000e+00,9.241727e-01,9.380029e+00,3.634688e+00,1.504195e+00,-5.297552e-01
3.005665e+00,1.690386e+00,8.643905e+00,4.803596e+00,1.621114e+00,-1.254433e+00
3.460151e+00,8.002200e-01,1.014239e+01,5.540402e+00,1.709393e+00,-1.320055e+00
3.822874e+00,1.588154e+00,1.323618e+01,6.848433e+00,1.633264e+00,-1.328629e+00
4.175722e+00,4.418782e+00,1.412894e+01,7.449077e+00,1.422482e+00,-1.308765e+00
2.796202e+00,6.707004e+00,1.177355e+01,8.215444e+00,1.032979e+00,-1.196282e+00
-1.995977e+00,4.789336e+00,8.179804e+00,8.525727e+00,7.481391e-01,-9.723467e-01
-1.005254e+01,-3.895198e+00,8.363757e+00,7.522107e+00,4.122775e-01,-1.234555e+00
2.107988e-01,-1.549868e+01,2.521790e-01,5.806260e+00,6.765214e-01,-8.285727e-01
7.306054e+00,-2.327073e+00,1.060021e+01,2.461301e+00,2.891854e+00,4.287269e-02
1.060925e+01,2.408775e+01,5.234304e+00,-8.580077e-01,3.184606e+00,6.048945e-01
-1.408158e-01,1.461743e+01,1.298322e+01,-4.880732e+00,1.686964e+00,3.236236e-01
-9.387664e+00,-1.263393e+01,1.498283e+01,-2.765311e+00,1.400678e+00,1.251768e+00
3.793405e+00,9.218616e+00,1.774468e+01,-2.397688e+00,-1.898775e+00,-2.228443e+00
8.197406e-01,1.689574e+01,1.099109e+01,-4.031288e+00,7.980712e-01,-7.626988e-02
-6.788657e-01,1.044563e+01,7.069321e+00,-2.701013e+00,1.339316e+00,6.138903e-01
-1.858366e+00,6.118525e+00,3.895220e+00,-1.647939e+00,3.074825e-01,-2.742515e-01
4.283790e+00,1.284493e+01,4.256473e+00,-1.059847e+00,4.286167e-01,3.304389e-01
3.482545e+00,1.170943e+01,3.437801e+00,-9.593266e-01,8.541011e-01,2.737576e-01
-9.550327e-01,9.194371e+00,3.023013e+00,-9.048224e-01,2.088488e-01,7.669329e-02
-2.532599e+00,9.487294e+00,2.367080e+00,-7.709308e-01,-4.222273e-01,-1.461574e-01
-1.848494e+00,8.335690e+00,8.558933e-01,-7.780035e-01,-5.026366e-01,-1.078770e-01
4.524363e-01,7.340568e+00,-1.176682e-01,-7.960001e-01,-3.311375e-01,-1.089600e-01
-8.513272e-01,7.229160e+00,2.399439e+00,-1.065189e+00,-1.335289e-01,-1.327090e-01
-4.662692e-01,7.893390e+00,4.049087e+00,-1.309757e+00,-3.712912e-01,-2.274752e-01
2.134602e+00,8.826691e+00,4.344142e+00,-1.654799e+00,-7.861936e-01,-3.091254e-01
2.691395e+00,7.711305e+00,1.569667e-01,-1.663465e+00,-7.762726e-01,-3.322116e-01
1.602984e+00,8.221270e+00,-1.908336e+00,-1.807304e+00,-9.671514e-01,-3.050287e-01
8.398820e-01,1.012380e+01,-2.959472e-01,-2.048961e+00,-1.194097e+00,-2.472929e-01
1.153528e+00,1.010013e+01,2.239306e+00,-2.884940e+00,-1.499610e+00,-1.339623e-01
8.653841e+00,1.169939e+01,3.991245e-02,-3.291991e+00,-1.517454e+00,-3.710952e-02
5.745230e+00,2.049425e+01,-2.527340e+00,-3.781160e+00,-1.195935e+00,4.343896e-01
-6.050863e+00,1.684466e+01,9.704336e+00,-4.084282e+00,-1.707615e+00,3.966666e-01
-1.044929e+01,2.621095e+01,1.762696e+01,-4.847664e+00,-4.525196e+00,4.300353e-04
-8.620452e+00,2.228442e+01,1.821712e+01,-5.116616e+00,-4.210472e+00,8.245005e-02
6.351765e+00,2.485542e+00,1.391381e+01,-3.679204e+00,-1.665561e+00,1.309728e-01
1.086593e+01,8.975978e+00,9.038348e+00,-1.548993e+00,1.444814e-01,5.201071e-01
4.848684e+00,7.755507e+00,1.235410e+01,-1.279382e+00,1.826779e+00,3.587065e-01
2.882269e+00,3.241211e+00,9.216812e+00,1.660996e-01,1.216084e+00,-3.035586e-01
2.544318e+00,3.954556e-01,8.872843e+00,2.584061e+00,7.877720e-01,-9.194901e-01
2.377062e+00,7.779101e-01,8.975140e+00,3.551042e+00,1.112104e+00,-1.058446e+00
2.758728e+00,1.133301e+00,9.215819e+00,4.944722e+00,1.722569e+00,-1.448714e+00
4.090568e+00,1.099152e+00,1.042791e+01,5.760735e+00,1.905970e+00,-1.254845e+00
6.528731e+00,2.110554e+00,1.328186e+01,6.829512e+00,1.957669e+00,-9.985602e-01
9.146693e+00,4.658207e+00,1.254191e+01,7.487739e+00,1.699603e+00,-7.692351e-01
5.766483e+00,5.823524e+00,9.583145e+00,8.348814e+00,6.674816e-01,-4.074717e-01
-7.089273e+00,2.897988e+00,7.991429e+00,8.420735e+00,-1.581784e-01,-3.885830e-01
-2.115755e+01,-1.116280e+01,4.919010e+00,6.822416e+00,-1.929973e+00,-1.177162e+00
-1.146253e+01,-1.275511e+01,8.984360e+00,4.670839e+00,-1.340304e+00,-1.202119e+00
1.243282e+01,1.495203e+01,3.545353e+00,2.200219e-01,3.488502e+00,8.285596e-01
2.797707e+01,3.706275e+01,6.766406e+00,-2.545136e+00,5.238935e+00,1.705751e+00
2.119901e+00,-1.827185e+01,1.262171e+01,-3.469742e+00,4.587113e+00,2.065889e+00
6.941299e+00,-1.080563e+01,1.358088e+01,-1.970861e+00,1.142776e+00,-3.377729e-01
8.866801e-01,2.329690e+01,1.110326e+01,-3.071885e+00,2.226987e-01,-4.544221e-01
-9.469240e+00,1.272131e+01,9.703172e+00,-3.641662e+00,-3.241713e-01,2.120505e-01
-5.097226e+00,5.532554e+00,5.862386e+00,-1.886799e+00,-1.455133e+00,-8.707790e-01
7.414331e-01,9.640932e+00,5.091430e+00,-1.298187e+00,-5.345596e-01,-3.083122e-01
3.800924e+00,1.194926e+01,3.777529e+00,-9.381057e-01,9.214303e-01,3.409515e-01
2.560029e+00,8.761679e+00,3.396665e+00,-9.561563e-01,1.036843e+00,2.511071e-01
-8.741767e-01,8.567088e+00,3.366592e+00,-5.833539e-01,1.592030e-01,9.825124e-02
-1.775368e+00,9.339726e+00,1.596738e+00,-5.880702e-01,-3.260235e-01,-8.974014e-02
-1.975542e+00,7.694944e+00,9.277103e-01,-6.568208e-01,-3.490170e-01,-1.000000e-01
-1.446447e+00,6.808177e+00,1.422800e+00,-7.879100e-01,-2.512593e-01,-1.000000e-01
2.631358e+00,7.777752e+00,3.515621e+00,-1.022203e+00,-1.247404e-01,-1.725748e-01
4.129172e+00,8.415389e+00,3.196279e+00,-1.232340e+00,-1.031048e-01,-1.648700e-01
2.039493e+00,8.315208e+00,-7.134638e-01,-1.377484e+00,-3.310476e-01,-2.877761e-01
1.444796e+00,7.640687e+00,-2.880958e+00,-1.567577e+00,-7.259968e-01,-3.489646e-01
1.563386e+00,1.045006e+01,-1.294741e-02,-2.090544e+00,-1.157695e+00,-2.878190e-01
4.299473e-01,1.020429e+01,2.911430e+00,-2.653553e+00,-1.276478e+00,-2.057996e-01
1.065505e+01,1.124830e+01,-1.552260e+00,-3.316363e+00,-1.354553e+00,-5.038266e-02
8.369412e+00,1.662252e+01,-3.927109e+00,-3.585857e+00,-1.065357e+00,2.665709e-01
-6.033829e+00,1.706666e+01,1.019235e+01,-4.116045e+00,-1.650920e+00,3.577025e-01
-7.742471e+00,2.583654e+01,1.745250e+01,-4.584481e+00,-3.193311e+00,9.794246e-02
-9.534865e+00,2.352314e+01,1.920358e+01,-5.298878e+00,-4.126321e+00,-3.069737e-01
7.914131e-01,1.063263e+00,2.043394e+01,-4.610949e+00,-2.764097e+00,1.106484e-01
1.047338e+01,1.091422e+01,9.292221e+00,-1.423118e+00,-1.519692e-01,6.417599e-01
4.672407e+00,8.773694e+00,1.223515e+01,-1.298716e+00,1.300335e+00,7.129230e-01
2.649061e+00,2.848009e+00,8.936573e+00,4.206552e-01,7.358722e-01,-9.193410e-02
3.436973e+00,-3.276746e-01,7.882108e+00,1.726114e+00,6.112243e-01,-5.522618e-01
3.388554e+00,6.531127e-02,8.229148e+00,3.891094e+00,1.210161e+00,-1.003062e+00
3.256016e+00,8.717531e-01,7.940955e+00,4.693353e+00,1.444111e+00,-1.347521e+00
3.189357e+00,1.696783e-01,1.089163e+01,5.877203e+00,1.529068e+00,-1.145628e+00
3.787633e+00,7.124421e-01,1.356787e+01,6.460530e+00,1.455536e+00,-1.080576e+00
5.405428e+00,2.253574e+00,1.350185e+01,7.590194e+00,1.179638e+00,-9.683512e-01
4.786277e+00,3.070415e+00,1.436934e+01,8.229316e+00,8.879441e-01,-7.892895e-01
-1.093975e+01,4.363061e-01,9.135392e+00,8.445196e+00,3.576158e-01,-4.338522e-01
-1.557172e+01,-1.104266e+01,6.548811e+00,7.625609e+00,-4.545688e-01,-1.883654e-01
7.775688e-02,-1.269371e+01,8.738788e+00,4.191287e+00,1.224508e-01,-4.172306e-01
9.239343e+00,1.178533e+01,4.187054e+00,1.001711e+00,2.387274e+00,2.744504e-01
9.865766e+00,2.072057e+01,5.045782e+00,-3.835659e+00,3.582002e+00,1.023393e+00
-3.787836e+00,-1.312715e+01,8.848394e+00,-3.287027e+00,2.988757e+00,1.321183e+00
6.511037e+00,5.343682e+00,1.451276e+01,-1.295453e+00,-1.803157e-01,-1.760454e+00
1.814891e+00,2.048993e+01,1.229752e+01,-3.099411e+00,6.532529e-01,-5.246470e-01
-6.737801e+00,8.255967e+00,9.932496e+00,-3.155424e+00,1.121257e-02,-7.843884e-02
-5.681964e+00,8.151974e+00,6.216559e+00,-2.151344e+00,-8.128271e-01,-6.433695e-01
-3.752137e-01,1.002444e+01,6.318944e+00,-1.328435e+00,-1.410070e-01,1.033201e-01
5.696542e+00,1.241083e+01,4.899113e+00,-9.542752e-01,1.016526e+00,3.726277e-01
5.572884e+00,8.872665e+00,2.553762e+00,-8.586102e-01,1.662668e+00,5.069000e-01
4.443150e+00,9.858885e+00,1.938233e+00,-6.832868e-01,1.073909e+00,3.095257e-01
-1.586308e+00,9.305227e+00,6.286930e-01,-6.587888e-01,-3.427734e-01,-1.152189e-01
-5.102861e+00,6.521444e+00,1.400000e-01,-7.645569e-01,-1.058528e+00,-2.917377e-01
-2.739885e+00,6.768710e+00,1.490864e+00,-9.570003e-01,-1.480750e+00,-4.021618e-01
1.981803e+00,8.084651e+00,3.458537e+00,-1.171025e+00,-1.227109e+00,-3.091777e-01
3.524339e+00,9.325244e+00,3.126484e+00,-1.499908e+00,-5.891140e-01,-1.305670e-01
2.595780e+00,8.244146e+00,-6.345418e-01,-1.615524e+00,-7.538229e-01,-1.552387e-01
7.290050e-01,8.629539e+00,-2.926536e+00,-1.834207e+00,-1.249194e+00,-1.865419e-01
-1.130681e+00,1.005122e+01,2.551179e-01,-2.337685e+00,-1.544500e+00,-9.194902e-02
4.457293e-01,1.014357e+01,1.560718e+00,-3.076007e+00,-1.731885e+00,4.576831e-02
1.227145e+01,1.114661e+01,-2.547112e+00,-3.479671e+00,-1.645024e+00,2.043219e-01
9.282917e-01,1.859869e+01,5.904756e+00,-4.036373e+00,-1.142209e+00,6.689018e-01
-7.429168e+00,1.801570e+01,1.457123e+01,-4.599600e+00,-1.964258e+00,6.805410e-01
-1.854300e+01,2.867426e+01,2.199129e+01,-4.834802e+00,-5.212494e+00,2.668357e-01
-5.504343e+00,5.834952e+00,2.035972e+01,-4.270332e+00,-2.867119e+00,2.830545e-01
1.127620e+01,7.263628e+00,1.336484e+01,-2.016298e+00,2.066663e-01,1.298439e+00
1.367847e+01,1.165614e+01,1.035980e+01,-1.179324e+00,3.134174e+00,1.592924e+00
6.933849e+00,3.574797e+00,8.808017e+00,-2.031205e-01,2.753691e+00,9.724026e-01
4.869229e+00,1.263396e-01,6.528672e+00,2.091089e+00,9.865918e-01,-3.177407e-01
7.761353e-01,-8.604202e-01,7.776050e+00,3.743240e+00,8.018603e-02,-1.309311e+00
3.115914e-01,-2.916222e-01,8.320281e+00,4.293851e+00,2.230398e-01,-1.808629e+00
1.433489e+00,1.930601e+00,9.370504e+00,5.281849e+00,9.884233e-01,-2.091154e+00
2.237088e+00,1.868703e+00,1.055406e+01,5.873049e+00,1.449654e+00,-2.020701e+00
4.778561e+00,2.928426e+00,1.532027e+01,7.064133e+00,1.824648e+00,-1.820143e+00
6.133995e+00,5.213771e+00,1.314605e+01,7.801624e+00,1.863130e+00,-1.556559e+00
2.654686e+00,9.088278e+00,1.111103e+01,8.403970e+00,1.307551e+00,-9.296786e-01
-1.514595e+01,-1.707078e+00,6.526113e+00,7.812270e+00,3.890242e-01,-5.208845e-01
-6.888296e+00,-1.865541e+01,3.109432e+00,5.611458e+00,4.186435e-01,-3.945509e-01
5.240269e+00,-1.319878e+01,7.657139e+00,3.317918e+00,3.042598e+00,4.437535e-03
2.488491e+01,3.922140e+01,-8.370781e+00,-2.553662e+00,5.505679e+00,1.723094e+00
2.801491e+01,3.628402e+01,3.656405e+00,-4.493141e+00,4.489906e+00,1.448263e+00
-3.075348e+00,-1.727487e+01,1.457230e+01,-1.406262e+00,5.811642e-01,-6.659713e-01
2.172553e+00,9.953983e+00,1.719264e+01,-3.063248e+00,-1.163326e+00,-2.199706e+00
-8.722800e+00,1.872633e+01,1.320546e+01,-3.896828e+00,-5.262744e-01,-7.978062e-02
-1.091118e+01,1.194731e+01,1.160145e+01,-2.635859e+00,-1.226373e+00,-5.546302e-01
-1.319807e+00,5.881879e+00,4.792368e+00,-1.345679e+00,1.728974e-02,3.721983e-02
7.742406e+00,1.307479e+01,5.028797e+00,-8.961195e-01,1.837635e+00,7.494887e-01
7.448750e+00,1.011891e+01,2.864842e+00,-8.976625e-01,2.351783e+00,7.134678e-01
3.068970e+00,8.400472e+00,2.100393e+00,-8.230667e-01,1.451953e+00,4.887869e-01
-1.471511e+00,1.003366e+01,6.247608e-01,-7.644002e-01,-6.342232e-01,-2.293896e-01
-2.636794e+00,8.701843e+00,-4.550223e-02,-9.048530e-01,-1.048520e+00,-3.244549e-01
-2.675022e+00,6.463643e+00,4.901747e-01,-1.164907e+00,-9.605249e-01,-2.999346e-01
7.115726e-02,7.095226e+00,3.318368e+00,-1.384369e+00,-7.975926e-01,-2.216521e-01
3.586880e+00,8.194840e+00,5.947080e+00,-1.706897e+00,-5.639815e-01,-1.597676e-01
4.208519e+00,9.232961e+00,4.993301e+00,-1.791691e+00,-5.775713e-01,-1.962839e-01
1.455832e+00,7.449764e+00,1.804220e+00,-1.867016e+00,-1.076671e+00,-2.717144e-01
4.718032e-01,8.508361e+00,4.618443e-01,-1.963294e+00,-1.379205e+00,-2.362877e-01
-2.677565e+00,1.101788e+01,2.136238e+00,-2.435494e+00,-1.410301e+00,1.171429e-01
-2.125044e+00,1.229949e+01,6.230183e-01,-2.765830e+00,-1.342251e+00,2.644465e-01
8.290722e+00,1.632559e+01,-4.673342e+00,-3.265408e+00,-1.037739e+00,8.075552e-01
9.409872e+00,1.739839e+01,2.291334e+00,-3.652508e+00,-7.242587e-01,9.850613e-01
-6.363406e+00,1.710526e+01,1.394344e+01,-4.401415e+00,-3.245420e+00,4.966545e-01
-9.705908e+00,2.447701e+01,1.828208e+01,-4.562429e+00,-4.398717e+00,-1.723514e-01
-2.175735e+00,5.078409e+00,1.824545e+01,-4.075529e+00,-3.237045e+00,-1.283759e+00
6.779868e+00,8.562554e+00,1.000349e+01,-2.443405e+00,-1.372946e+00,-4.993275e-01
6.915793e+00,1.095103e+01,1.084707e+01,-1.452762e+00,1.376300e+00,-3.188080e-01
3.016020e+00,4.598675e+00,1.016992e+01,-1.368977e-01,1.342849e+00,-6.265394e-01
1.421044e+00,1.115268e+00,7.980026e+00,2.348922e+00,1.317476e+00,-1.048435e+00
1.201855e+00,1.316968e+00,9.525014e+00,3.160923e+00,1.658689e+00,-1.100225e+00
3.205813e+00,1.820267e+00,9.287360e+00,4.464645e+00,2.431349e+00,-9.963369e-01
5.363294e+00,1.438595e+00,1.016653e+01,5.502417e+00,2.889476e+00,-5.845635e-01
6.969604e+00,1.735663e+00,1.186547e+01,6.900156e+00,2.888523e+00,-3.441084e-02
7.534089e+00,2.735467e+00,1.250227e+01,7.572546e+00,2.356046e+00,2.491590e-01
2.550115e+00,5.334813e+00,9.920817e+00,8.243978e+00,1.316022e+00,5.352165e-01
-4.256808e+00,4.303535e+00,7.536038e+00,8.169268e+00,7.080861e-01,4.750359e-01
-1.354939e+01,-8.893446e+00,7.577696e+00,6.277690e+00,5.511644e-01,1.023078e-01
-2.491909e+00,-1.134089e+01,3.014584e+00,4.679992e+00,1.675093e+00,2.271657e-01
7.739182e+00,1.587542e+01,1.544576e+00,3.229676e-01,4.189239e+00,1.306608e+00
3.656588e+01,3.934005e+01,-4.352085e+00,-2.743418e+00,3.850549e+00,1.096015e+00
-1.499905e+01,-1.067402e+01,2.082920e+01,-2.871772e+00,2.134725e+00,9.870758e-01
-5.681728e+00,-8.786368e+00,2.047283e+01,-2.441379e+00,-1.678214e+00,-1.444673e+00
-1.601787e+00,1.698677e+01,1.166662e+01,-4.081025e+00,3.037275e-03,-7.651256e-01
-3.486211e+00,1.544302e+01,9.995138e+00,-3.001060e+00,8.144710e-01,9.762532e-01
3.897606e+00,7.342289e+00,4.711224e+00,-1.239100e+00,1.318147e+00,-6.700883e-02
6.646636e+00,7.107278e+00,3.773439e+00,-1.085994e+00,1.808046e+00,4.698665e-01
4.616669e+00,1.153693e+01,3.813470e+00,-6.781133e-01,1.178879e+00,2.260935e-01
3.179512e+00,1.044773e+01,2.968820e+00,-8.083892e-01,3.973849e-01,-2.946985e-02
2.086421e+00,8.395051e+00,1.304647e+00,-7.244737e-01,-2.573304e-01,-2.461693e-01
-1.015055e+00,7.959504e+00,1.182277e+00,-7.656101e-01,-5.362507e-01,-4.044701e-01
-3.142393e+00,7.206752e+00,2.132649e+00,-1.046308e+00,-1.148625e+00,-5.246439e-01
-1.706287e+00,7.367109e+00,2.986256e+00,-1.225261e+00,-1.100665e+00,-5.220188e-01
1.625454e+00,7.777580e+00,4.867573e+00,-1.455760e+00,-6.313946e-01,-3.169804e-01
1.932997e+00,8.518381e+00,3.178475e+00,-1.505592e+00,-4.773543e-01,-2.698087e-01
2.547352e+00,8.437892e+00,-9.412908e-01,-1.648050e+00,-7.039909e-01,-2.264853e-01
2.423270e+00,8.640000e+00,-2.175894e+00,-1.855872e+00,-8.737119e-01,-1.544857e-01
-9.732115e-01,1.003088e+01,2.305365e+00,-2.521572e+00,-1.308668e+00,-1.469989e-01
3.111329e+00,1.109990e+01,2.897255e+00,-3.017085e+00,-1.543840e+00,-1.359558e-01
1.217655e+01,1.944605e+01,-5.737930e+00,-3.616266e+00,-1.198347e+00,2.279906e-01
6.843825e-01,2.035504e+01,4.791928e+00,-4.017754e+00,-1.342732e+00,4.647219e-01
-9.350417e+00,2.087865e+01,1.772912e+01,-4.644866e+00,-4.210322e+00,3.389790e-01
-1.353306e+01,2.677582e+01,2.054740e+01,-4.658312e+00,-4.893827e+00,-3.057627e-02
-1.060124e+00,4.331614e+00,1.871317e+01,-3.640799e+00,-2.440507e+00,1.272069e-01
8.162246e+00,6.211316e+00,1.055875e+01,-1.385756e+00,2.053160e-02,7.787096e-01
4.513124e+00,8.942814e+00,1.171553e+01,-9.757046e-01,1.725755e+00,6.005439e-01
2.361497e+00,5.682171e+00,1.104314e+01,1.471782e-01,1.260205e+00,4.474581e-02
1.749688e+00,3.185238e-01,8.866080e+00,2.655182e+00,6.691643e-01,-5.067204e-01
1.407127e+00,-1.044894e+00,1.006500e+01,4.001870e+00,8.951652e-01,-5.842776e-01
2.458821e+00,5.864238e-01,8.555897e+00,5.244964e+00,1.691540e+00,-8.065325e-01
1.888544e+00,5.884076e-01,1.005081e+01,5.966106e+00,2.051498e+00,-5.947015e-01
1.411367e+00,-7.765830e-01,1.503050e+01,7.227388e+00,2.115164e+00,-3.421165e-01
1.319761e+00,2.935923e+00,1.269330e+01,8.031729e+00,2.199795e+00,-2.350470e-01
6.684188e-03,9.481375e+00,1.172321e+01,8.738357e+00,2.510743e+00,3.888180e-01
-6.448892e+00,4.449835e+00,9.019904e+00,8.524390e+00,2.864746e+00,9.548435e-01
-4.876340e+00,-1.016771e+01,5.825137e+00,6.404497e+00,3.180340e+00,1.355569e+00
1.166941e+01,-8.961108e+00,-1.420388e-01,4.341235e+00,4.490449e+00,9.354321e-01
1.307273e+01,9.139972e+00,-9.714897e-01,5.081694e-01,5.290808e+00,1.103537e+00
1.456616e+01,3.452816e+01,8.238457e+00,-2.609432e+00,2.471280e+00,1.418783e-01
-1.080554e+01,-3.681402e+00,2.076882e+01,-3.560791e+00,-3.929860e-01,-4.152304e-01
-1.105241e+00,-4.353915e+00,1.419848e+01,-3.335245e+00,-2.899535e+00,-2.234945e+00
-4.127939e+00,1.794255e+01,1.138478e+01,-3.441198e+00,9.435328e-02,-9.029314e-01
-6.999935e+00,1.680403e+01,9.625930e+00,-2.904470e+00,4.202317e-01,5.632803e-01
-5.361218e-01,8.074123e+00,7.353187e+00,-1.330829e+00,1.134285e+00,-5.736672e-02
8.284555e+00,1.007564e+01,3.399618e+00,-8.474009e-01,2.009120e+00,3.869901e-01
6.100851e+00,1.023726e+01,4.362388e+00,-6.968460e-01,2.175879e+00,5.268669e-01
4.653899e+00,9.131016e+00,3.105762e+00,-5.000776e-01,1.034351e+00,1.275789e-01
4.053956e+00,7.925931e+00,2.845363e-01,-4.350083e-01,1.225375e-01,-2.403979e-01
2.500082e-02,7.095769e+00,-7.065615e-02,-5.112583e-01,-4.273759e-01,-4.721775e-01
-4.593371e+00,7.544168e+00,2.308702e+00,-9.054159e-01,-1.376846e+00,-7.671568e-01
-3.604729e-01,7.993100e+00,3.141879e+00,-1.139591e+00,-1.151374e+00,-6.605564e-01
5.144057e+00,8.719604e+00,4.024850e+00,-1.381658e+00,1.115628e-01,-1.906267e-01
4.242857e+00,9.506385e+00,3.593455e+00,-1.482859e+00,3.026840e-01,-9.848942e-02
6.934482e-01,8.115609e+00,3.236007e-01,-1.630938e+00,-5.885393e-01,-2.522504e-01
1.055504e+00,9.454480e+00,-9.738541e-01,-1.783732e+00,-1.033435e+00,-2.675265e-01
2.646808e-01,1.061064e+01,2.692855e+00,-2.391697e+00,-1.210326e+00,-1.440438e-01
6.387345e+00,1.002904e+01,1.685704e+00,-2.808432e+00,-1.293679e+00,-5.640961e-02
9.544770e+00,1.438951e+01,-2.489539e+00,-3.283401e+00,-1.101928e+00,2.234288e-01
4.239024e+00,1.952554e+01,-2.055748e+00,-3.651802e+00,-1.368817e+00,3.047974e-01
-1.034770e+01,1.541027e+01,1.370072e+01,-4.386995e+00,-3.354543e+00,2.596048e-02
-1.127427e+01,3.070962e+01,1.888966e+01,-4.687036e+00,-4.278794e+00,-3.662029e-01
-7.552296e+00,1.302879e+01,1.689486e+01,-4.880739e+00,-2.877452e+00,5.107643e-01
5.593243e+00,-3.247909e-01,1.553406e+01,-2.890527e+00,-9.548605e-01,1.141358e+00
8.901150e+00,1.078194e+01,8.595211e+00,-6.726595e-01,1.804100e+00,1.191487e+00
4.653188e+00,7.157943e+00,1.045220e+01,-4.584894e-01,1.639616e+00,8.045504e-01
7.642104e-01,1.938026e+00,7.383816e+00,2.248190e+00,2.284001e-01,-4.127402e-01
-4.137423e-02,4.163373e-01,8.770602e+00,3.621198e+00,1.121288e-01,-7.294537e-01
1.212261e+00,1.466776e+00,1.083226e+01,4.875171e+00,6.143552e-01,-8.298685e-01
1.498947e+00,1.272556e+00,1.097221e+01,5.614474e+00,1.387125e+00,-1.036721e+00
2.535121e+00,1.701598e+00,1.373085e+01,6.868738e+00,2.072966e+00,-8.494167e-01
4.388530e+00,2.841055e+00,1.716360e+01,7.672249e+00,2.313808e+00,-6.985048e-01
7.734411e+00,1.127412e+01,1.171168e+01,8.738191e+00,2.397438e+00,-3.769086e-01
1.199693e-01,6.611051e+00,7.588361e+00,9.101102e+00,2.127531e+00,1.019391e-02
-1.248741e+01,-4.353224e+00,1.263048e+01,7.841391e+00,1.020402e+00,-3.487694e-01
3.284370e+00,-1.517572e+01,-4.721141e+00,6.194394e+00,8.874072e-01,-1.023561e+00
5.698110e+00,-7.859266e+00,5.989375e+00,1.925415e+00,2.672891e+00,-6.752718e-03
8.142097e+00,1.741640e+00,1.418154e+01,-1.795256e+00,1.824113e+00,1.757163e-01
3.814203e+01,3.934402e+01,-1.262277e+01,-5.464249e+00,7.902944e-02,-7.435725e-01
-2.150850e+01,-1.192100e+00,1.223126e+01,-5.303113e+00,-7.905333e-01,-3.425591e-01
-1.200252e+01,-3.926800e-01,2.038044e+01,-5.669339e-01,-3.085816e+00,-2.597381e+00
6.683537e+00,1.434434e+01,1.043882e+01,-3.761260e+00,6.094938e-01,-1.804840e-01
1.418297e+01,1.028299e+01,7.031052e+00,-2.583231e+00,4.459320e+00,1.432974e+00
3.815049e+00,7.462710e+00,7.178501e+00,-1.851603e+00,2.891474e+00,4.893285e-01
-1.207160e+00,1.077328e+01,6.817497e+00,-1.708233e+00,-3.533561e-01,-1.873658e-01
-4.417877e-01,1.264076e+01,5.576540e+00,-1.620295e+00,-8.431371e-01,-1.594189e-01
3.733428e+00,9.976887e+00,3.992145e+00,-1.467654e+00,-2.490363e-01,-2.123505e-01
-2.535286e+00,4.840078e+00,2.439940e+00,-1.303491e+00,6.175864e-02,-1.275164e-01
3.237755e-01,7.475156e+00,3.626224e+00,-1.369490e+00,-1.103229e+00,-3.909114e-01
1.439996e+00,7.207217e+00,3.396076e+00,-1.487952e+00,-9.098391e-01,2.487666e-01
-1.463484e+00,7.300346e+00,4.967088e+00,-1.491619e+00,-7.468820e-01,-3.062005e-01
-1.760992e+00,7.753462e+00,6.575507e+00,-1.538785e+00,-9.721186e-01,-3.122113e-01
2.220728e+00,8.107788e+00,1.848371e+00,-1.506613e+00,-7.446451e-01,-1.974846e-01
3.456289e+00,7.908992e+00,-2.011083e+00,-1.449983e+00,-4.945573e-01,-5.760937e-02
3.018557e+00,8.513668e+00,-7.599654e-01,-1.744578e+00,-4.860173e-01,7.117676e-02
2.811320e+00,1.080703e+01,1.022482e+00,-2.215383e+00,-9.154717e-01,4.983242e-03
5.960230e+00,1.257943e+01,-1.672176e+00,-3.060241e+00,-1.382035e+00,-5.912895e-02
1.103880e+01,2.246329e+01,-6.165959e+00,-3.498726e+00,-1.553737e+00,4.323303e-02
-4.329662e+00,2.107402e+01,1.608005e+01,-4.523490e+00,-2.356635e+00,4.309017e-01
-1.323989e+01,1.997999e+01,2.073618e+01,-4.874595e+00,-3.928650e+00,3.203771e-01
-1.286040e+01,1.807916e+01,2.079407e+01,-4.626410e+00,-4.745699e+00,-4.505387e-01
9.645950e-02,5.058325e-01,2.122208e+01,-3.396596e+00,-2.191809e+00,4.577928e-03
7.668495e+00,9.594585e+00,7.998838e+00,-6.187449e-01,1.936596e+00,6.758024e-01
3.337180e+00,6.535074e+00,1.058532e+01,-5.434274e-01,2.435953e+00,4.739862e-01
2.325697e+00,1.482294e+00,7.912973e+00,2.083744e+00,1.633332e+00,-5.339790e-01
2.054267e+00,-3.237777e-01,8.080741e+00,3.587188e+00,1.593525e+00,-5.240925e-01
3.121392e+00,1.032088e+00,8.933952e+00,4.848264e+00,1.992981e+00,-6.896125e-01
3.682361e+00,1.765573e+00,1.004871e+01,5.433375e+00,2.275752e+00,-7.493109e-01
5.037025e+00,1.831921e+00,1.178001e+01,6.486949e+00,2.294416e+00,-5.090374e-01
5.816919e+00,3.637785e+00,1.472319e+01,7.350427e+00,2.054165e+00,-5.142563e-01
3.909660e+00,7.592692e+00,1.088443e+01,8.340628e+00,1.309378e+00,-3.893755e-01
-3.038380e+00,6.646153e+00,7.869397e+00,8.551416e+00,8.212143e-01,-2.698858e-01
-1.517390e+01,-1.293616e+01,5.436942e+00,7.155499e+00,2.620949e-01,-3.074042e-01
-4.520796e+00,-1.549452e+01,2.607887e+00,5.732531e+00,8.651099e-01,-1.622207e-01
6.662314e+00,1.630703e+00,6.090905e+00,1.311621e+00,4.458156e+00,6.374606e-01
3.838438e+01,3.936372e+01,3.291620e-01,-2.323791e+00,4.572200e+00,1.254752e+00
-5.135573e+00,-9.988925e+00,2.019453e+01,-3.314716e+00,3.992426e+00,1.758693e+00
-1.124475e+00,-1.163462e+01,2.428305e+01,-3.185695e+00,-3.004918e-01,-9.500645e-01
-6.807946e+00,1.736699e+01,1.269494e+01,-4.427601e+00,-1.652194e+00,-1.584510e+00
-9.259523e+00,1.968388e+01,1.389513e+01,-3.604021e+00,-1.783958e+00,4.737208e-01
-1.404675e+00,6.834216e+00,4.983552e+00,-1.886403e+00,-2.995103e-01,-7.434541e-01
4.165085e+00,7.806051e+00,5.260695e+00,-1.089169e+00,1.414609e+00,8.331085e-01
4.432748e+00,1.120870e+01,5.259741e+00,-5.592281e-01,2.065735e+00,3.754206e-01
1.345963e+00,9.606392e+00,4.682388e+00,-6.240616e-01,1.074995e+00,2.739516e-01
2.584260e-01,9.119120e+00,2.487454e+00,-3.911165e-01,-3.284063e-01,-1.669850e-01
1.776094e+00,7.958895e+00,5.956493e-02,-3.857784e-01,-4.202650e-01,-2.203643e-01
1.250075e+00,6.577338e+00,-1.317188e+00,-4.836421e-01,-3.460798e-01,-2.240367e-01
-1.781438e+00,6.135050e+00,3.296248e-01,-7.810289e-01,-5.890371e-01,-3.106944e-01
-1.430017e+00,7.207490e+00,3.592493e+00,-1.331454e+00,-1.048390e+00,-3.842574e-01
6.866625e-01,8.722103e+00,3.294564e+00,-1.568008e+00,-9.195402e-01,-3.083232e-01
3.390361e+00,7.084807e+00,-1.026607e+00,-1.772835e+00,-5.611388e-01,-2.044999e-01
3.786270e+00,8.668524e+00,-7.076030e-01,-1.918773e+00,-6.446870e-01,-1.953669e-01
-3.962297e-01,1.041794e+01,2.171294e+00,-2.518719e+00,-1.124033e+00,-1.690636e-01
9.131540e-01,1.161958e+01,2.836061e+00,-3.018094e+00,-1.434268e+00,-1.826860e-01
1.038719e+01,1.668162e+01,-4.651468e+00,-3.474024e+00,-1.044313e+00,2.460740e-01
1.016872e+01,2.140635e+01,-6.628674e+00,-3.667659e+00,-6.649372e-01,5.119548e-01
-3.710703e+00,1.631371e+01,1.298790e+01,-4.447990e+00,-2.126839e+00,5.281734e-01
-1.140252e+01,2.760920e+01,1.983040e+01,-4.729786e+00,-4.433102e+00,6.714993e-02
-6.126641e+00,7.792815e+00,2.078838e+01,-4.636209e+00,-3.635325e+00,3.449129e-03
2.769296e+00,2.730276e+00,1.443416e+01,-3.149111e+00,-2.266183e+00,2.672425e-01
5.357015e+00,9.653538e+00,1.158482e+01,-8.683667e-01,1.703442e+00,1.126825e+00
3.233142e+00,6.951266e+00,1.205669e+01,-3.196656e-01,2.144241e+00,1.004730e+00
1.938104e+00,2.045257e+00,9.011421e+00,2.379300e+00,1.495887e+00,2.754647e-01
2.135177e+00,-3.878616e-01,9.356697e+00,3.674309e+00,1.442731e+00,2.234638e-01
3.108050e+00,-8.994396e-02,9.299963e+00,5.021445e+00,1.850366e+00,-7.295544e-02
3.217170e+00,4.960774e-01,9.792734e+00,5.691125e+00,2.057128e+00,-1.763420e-01
3.726499e+00,4.712935e-01,1.311458e+01,6.790142e+00,1.734924e+00,-1.288100e-01
3.638423e+00,1.488098e+00,1.497775e+01,7.593253e+00,1.299794e+00,-2.365314e-01
1.673578e+00,4.300908e+00,1.249729e+01,8.567115e+00,7.160532e-01,-4.079296e-01
-8.132062e+00,6.462965e+00,9.241627e+00,8.788901e+00,5.820738e-01,-4.667670e-01
-1.635694e+01,-4.500446e+00,8.430861e+00,7.251837e+00,6.950886e-01,-4.835266e-01
-4.474587e+00,-1.308952e+01,8.151840e+00,5.082678e+00,1.903591e+00,-2.933829e-01
1.047621e+01,4.023677e-01,7.786677e+00,1.395347e+00,4.964908e+00,6.792903e-01
2.759120e+01,3.217018e+01,-6.465737e+00,-1.264438e+00,5.161256e+00,1.004360e+00
7.257698e+00,5.765232e+00,9.112159e+00,-3.812226e+00,3.044712e+00,1.968603e-01
-5.528343e+00,-1.096454e+01,1.743422e+01,-1.239614e+00,1.830500e+00,1.282915e+00
-3.323404e+00,1.767420e+01,1.610517e+01,-3.425676e+00,-1.999999e+00,-2.143721e+00
-9.382514e+00,1.455639e+01,1.147229e+01,-4.602099e+00,-2.147468e-01,-6.271559e-01
-8.408797e+00,1.076261e+01,9.137334e+00,-1.996664e+00,-1.504652e+00,-8.294418e-01
2.209150e-01,8.662666e+00,6.212998e+00,-1.442577e+00,-8.722809e-02,-1.973565e-01
8.601314e+00,1.173107e+01,4.330746e+00,-7.611728e-01,2.404938e+00,6.978370e-01
7.949843e+00,1.007077e+01,2.893711e+00,-6.533215e-01,2.726702e+00,6.236832e-01
3.618424e+00,8.947798e+00,2.518696e+00,-5.852498e-01,1.169653e+00,3.497384e-01
5.715083e-01,9.289671e+00,1.496119e+00,-5.331830e-01,-1.058016e-01,-1.684379e-01
-9.673128e-01,5.962766e+00,-3.726872e-01,-6.996645e-01,-7.157913e-01,-4.202987e-01
-1.940786e+00,5.575997e+00,1.967042e-01,-8.567576e-01,-7.920449e-01,-4.401333e-01
-1.441264e+00,7.052490e+00,2.626054e+00,-1.288483e+00,-9.058230e-01,-3.835726e-01
2.855769e-01,8.043022e+00,4.314512e+00,-1.563565e+00,-8.702109e-01,-4.175999e-01
2.942810e+00,8.483955e+00,2.225951e+00,-1.733312e+00,-6.983129e-01,-3.286201e-01
3.000890e+00,8.075085e+00,1.280340e+00,-1.841544e+00,-5.677435e-01,-2.479623e-01
2.791812e+00,1.060501e+01,1.021106e-01,-2.130787e+00,-8.136358e-01,-1.109856e-01
4.409956e-01,1.025059e+01,1.831864e+00,-2.580288e+00,-1.139099e+00,-5.905807e-02
1.971743e+00,1.040546e+01,3.100773e+00,-3.182373e+00,-1.693505e+00,-7.173128e-02
1.274393e+01,1.336065e+01,-3.128762e+00,-3.506894e+00,-1.559892e+00,2.014478e-01
7.158349e-01,2.030904e+01,2.503212e+00,-3.982249e+00,-1.492066e+00,5.123367e-01
-8.083763e+00,1.486020e+01,1.387679e+01,-4.706437e+00,-2.973361e+00,6.043936e-01
-1.291463e+01,2.586043e+01,1.974262e+01,-4.709818e+00,-5.233756e+00,-2.570089e-02
-2.940862e+00,7.747340e+00,1.955542e+01,-4.756593e+00,-3.331211e+00,4.077178e-03
9.279540e+00,9.012103e+00,1.038712e+01,-2.235593e+00,-1.090329e-01,4.913712e-01
8.827116e+00,1.056434e+01,8.754035e+00,-1.404775e+00,1.770565e+00,5.626892e-01
2.198066e+00,4.546259e+00,1.018868e+01,-2.155802e-01,1.504544e+00,-2.222292e-01
9.543854e-01,2.492635e+00,8.747179e+00,1.396414e+00,7.361462e-01,-8.283328e-01
-8.131922e-01,2.606611e-01,9.927097e+00,3.269576e+00,8.700839e-01,-6.918012e-01
-3.777386e-01,7.461459e-02,9.512580e+00,4.169111e+00,1.419853e+00,-7.914057e-01
2.569067e+00,9.665233e-01,9.758752e+00,5.399871e+00,2.535275e+00,-6.729026e-01
5.813699e+00,4.851863e-01,1.111963e+01,6.101385e+00,3.090832e+00,-3.653648e-01
7.901431e+00,2.143316e+00,1.504429e+01,7.092583e+00,3.099811e+00,-1.585838e-01
7.434594e+00,3.696599e+00,1.317075e+01,7.866941e+00,2.417898e+00,-3.567992e-02
2.196626e+00,4.955508e+00,8.762764e+00,8.611721e+00,7.949727e-01,6.676282e-03
-1.684749e+01,-3.576175e+00,7.910377e+00,8.036928e+00,2.449241e-01,-3.284964e-01
-1.520413e+01,-1.399268e+01,8.934208e+00,5.024735e+00,-2.818735e-01,-5.501808e-01
2.137890e+00,1.606696e+01,2.572622e+00,2.391864e+00,1.634212e+00,-4.193155e-02
2.949823e+01,2.800952e+01,4.761572e+00,-2.956319e+00,5.834928e+00,1.727682e+00
1.627927e+01,-1.302747e+01,1.801327e+01,-4.365819e+00,7.844803e+00,3.234186e+00
-3.351549e+00,8.772667e+00,1.230257e+01,-2.476823e+00,-6.782068e-01,-2.214161e+00
-2.687953e+01,2.285589e+01,2.012541e+01,-3.270397e+00,-3.584469e+00,-1.863221e+00
-1.184585e+01,1.500423e+01,1.063503e+01,-2.037277e+00,-3.131550e+00,-4.367214e-01
7.534336e+00,2.284246e+00,5.544770e+00,-1.238254e+00,1.027752e+00,-2.569426e-01
1.850706e+01,1.392184e+01,2.765007e+00,-1.247117e-01,4.623383e+00,1.493674e+00
1.093154e+01,1.178955e+01,3.237449e+00,-4.647786e-01,4.070141e+00,1.046905e+00
-1.559544e+00,9.559512e+00,3.910182e+00,-3.955324e-01,-1.813415e-01,-3.425938e-03
-3.398760e+00,9.272383e+00,1.400273e+00,-3.876563e-01,-1.789692e+00,-6.261082e-01
-1.158073e+00,8.011868e+00,-7.041674e-01,-4.934805e-01,-1.361792e+00,-5.466304e-01
-8.657138e-01,5.771016e+00,-2.028957e-01,-6.303820e-01,-8.401729e-01,-4.281624e-01
-2.299308e+00,6.330822e+00,1.917085e+00,-1.030232e+00,-5.833849e-01,-2.788631e-01
-4.817886e-02,6.969632e+00,2.597526e+00,-1.307175e+00,-6.953729e-01,-3.067211e-01
2.122866e+00,7.489359e+00,3.625872e+00,-1.657520e+00,-5.248098e-01,-1.781042e-01
3.747070e+00,7.814524e+00,2.142620e+00,-1.776950e+00,-4.640592e-01,-2.132116e-01
2.263165e+00,8.550553e+00,2.026878e-02,-2.007804e+00,-6.848118e-01,-1.723609e-01
1.547492e+00,1.048578e+01,2.324601e-03,-2.243129e+00,-9.570019e-01,-1.170462e-01
2.032761e+00,1.000321e+01,1.593009e+00,-2.783627e+00,-1.271048e+00,-5.597483e-02
6.784569e+00,1.191616e+01,-1.109484e+00,-3.122075e+00,-1.311915e+00,-6.098341e-03
3.145726e+00,1.967489e+01,-1.852649e+00,-3.654251e+00,-1.296388e+00,4.464111e-01
-6.427288e+00,1.957956e+01,9.890919e+00,-4.092778e+00,-1.994635e+00,5.565258e-01
-7.585538e+00,2.493186e+01,1.759676e+01,-4.638300e+00,-3.844025e+00,2.463408e-01
-6.224403e+00,2.097030e+01,1.643437e+01,-4.649463e+00,-2.944446e+00,3.669646e-01
1.973483e+00,3.142759e-01,1.780788e+01,-2.319714e+00,-8.131222e-01,4.197490e-01
5.334769e+00,6.454474e+00,1.164708e+01,-5.992645e-01,4.777821e-01,6.527920e-01
2.015492e+00,8.777413e+00,1.232943e+01,-5.928016e-01,1.512824e+00,3.462636e-01
1.434581e+00,5.698869e+00,1.072148e+01,4.499680e-01,1.352466e+00,2.446974e-01
3.068761e+00,3.251106e-01,1.024518e+01,2.731504e+00,1.448928e+00,-7.579565e-02
4.583872e+00,-1.479445e+00,9.388524e+00,4.318307e+00,1.802231e+00,-3.253508e-01
5.119003e+00,8.260113e-01,1.002097e+01,5.792293e+00,2.234045e+00,-7.050404e-01
5.599057e+00,4.008611e-01,1.127578e+01,6.406199e+00,1.917352e+00,-5.367519e-01
3.954290e+00,2.357533e-02,1.259494e+01,7.523722e+00,1.074845e+00,-3.471446e-01
4.005690e+00,2.903818e-01,1.275071e+01,8.224406e+00,4.695503e-01,-4.832243e-01
-3.274989e+00,9.372226e+00,9.048766e+00,8.493899e+00,6.560310e-01,-7.490954e-01
-1.043021e+01,2.446625e+00,7.155840e+00,7.776055e+00,4.295570e-01,-5.600142e-01
-7.358597e+00,-1.583027e+01,3.404264e+00,5.347175e+00,6.613201e-01,-3.203999e-01
4.962980e+00,-1.019657e+01,5.754159e+00,2.784953e+00,2.362904e+00,3.911425e-02
1.188288e+01,1.995997e+01,4.894154e+00,-1.965833e+00,4.207666e+00,8.641320e-01
3.357821e+01,3.931030e+01,-8.818857e+00,-4.101248e+00,3.113683e+00,5.136623e-01
-3.136096e+01,-1.209270e+01,1.820441e+01,-2.636529e+00,1.085457e+00,5.337612e-01
-1.044385e+00,-1.001673e+00,1.920481e+01,-1.461032e-01,-2.110586e+00,-2.048243e+00
1.240717e+01,1.547401e+01,6.499657e+00,-3.836056e+00,3.069804e+00,1.121219e-01
4.947052e+00,1.288017e+01,1.096641e+01,-2.820650e+00,3.990515e+00,1.719010e+00
-1.872808e+00,1.022504e+01,5.351731e+00,-1.172966e+00,7.056856e-01,-6.744453e-01
-5.878037e+00,1.104848e+01,5.966629e+00,-1.219150e+00,-9.997905e-01,-3.271515e-01
5.139669e+00,1.325068e+01,1.270574e+00,-6.810887e-01,-6.745176e-01,-3.500921e-01
7.393929e+00,1.008243e+01,-1.055279e+00,-5.332983e-01,6.120320e-01,2.364029e-02
4.894399e-01,6.413309e+00,-3.858320e-01,-4.293798e-01,5.895531e-01,9.797697e-02
-3.702294e+00,6.342881e+00,7.071604e-01,-6.241842e-01,-6.462470e-01,-2.580207e-01
-3.040284e+00,5.768810e+00,3.614584e-03,-1.076090e+00,-1.421058e+00,-5.022933e-01
-2.406791e+00,7.249508e+00,1.486932e+00,-1.300451e+00,-1.236191e+00,-4.494113e-01
4.498493e-01,8.016762e+00,3.233826e+00,-1.708720e+00,-8.316832e-01,-3.253746e-01
2.641358e+00,8.415310e+00,1.218222e+00,-1.837237e+00,-5.801318e-01,-2.996034e-01
3.398715e+00,8.448003e+00,-1.152919e+00,-2.078564e+00,-5.491276e-01,-3.525792e-01
1.820396e+00,9.825225e+00,1.085225e+00,-2.314878e+00,-8.451525e-01,-3.868039e-01
1.383055e+00,1.119486e+01,2.232467e+00,-2.965618e+00,-1.495879e+00,-3.638828e-01
6.475726e+00,1.065760e+01,-4.198492e-01,-3.409697e+00,-1.544500e+00,-1.901853e-01
4.763350e+00,2.049945e+01,-3.787669e+00,-3.689948e+00,-1.121198e+00,3.443304e-01
-1.404258e+00,1.972680e+01,7.430103e+00,-4.090587e+00,-1.512617e+00,6.600194e-01
-4.644514e+00,2.492499e+01,1.671882e+01,-4.618459e+00,-2.976664e+00,3.170885e-01
-5.977219e+00,1.618695e+01,1.887383e+01,-4.872262e+00,-3.149382e+00,2.693471e-01
4.021490e+00,4.258161e+00,1.552499e+01,-2.624008e+00,-1.706163e+00,2.486929e-01
4.233207e+00,1.091816e+01,1.049439e+01,-1.365491e+00,-3.421810e-01,4.105455e-01
-2.885432e+00,8.196949e+00,1.390032e+01,-9.977801e-01,4.701489e-01,3.502202e-01
-1.293679e+00,4.304521e+00,1.193838e+01,8.863209e-01,1.749150e-01,-1.039871e-01
3.503517e+00,-1.066254e+00,1.073362e+01,3.526454e+00,1.314671e+00,-1.965751e-01
5.194792e+00,-9.796781e-01,9.583858e+00,4.688518e+00,2.051703e+00,-4.125020e-01
5.406001e+00,-7.275118e-01,1.014507e+01,6.032588e+00,2.265467e+00,-3.387012e-01
4.217468e+00,-1.459639e-01,1.184232e+01,6.828584e+00,1.721615e+00,-2.297677e-01
8.441603e-01,1.911541e+00,1.335885e+01,7.851189e+00,4.477009e-01,-5.896125e-01
1.138465e-01,3.833537e+00,1.185188e+01,8.432095e+00,1.783268e-02,-8.323085e-01
-3.571894e+00,9.124131e+00,7.715748e+00,8.611125e+00,7.835446e-01,-9.066116e-01
-1.202966e+01,-2.657103e+00,6.821970e+00,7.779610e+00,1.206864e+00,-6.196828e-01
5.306219e+00,-1.436449e+01,-6.507824e-01,5.200290e+00,2.054966e+00,-2.616150e-01
5.367170e+00,-8.050176e+00,4.657579e+00,3.032010e+00,3.600545e+00,2.355086e-01
6.568731e+00,1.654964e+01,9.546546e+00,-1.598130e+00,2.715222e+00,4.599485e-01
1.946123e+01,3.437106e+01,-1.132477e+01,-4.194893e+00,1.082660e+00,-4.329452e-01
-1.234394e+01,-1.071208e+01,1.221710e+01,-2.245745e+00,4.579524e-01,6.294558e-01
3.873072e+00,-3.031684e+00,1.542580e+01,-1.611541e+00,-1.607876e+00,-1.225443e+00
3.925455e+00,1.420146e+01,1.122117e+01,-4.144716e+00,1.466229e+00,2.550983e-01
-2.618727e-01,1.489520e+01,1.222239e+01,-3.544470e+00,1.900726e+00,6.475171e-01
-8.844518e+00,7.048605e+00,6.824301e+00,-2.037828e+00,-1.298666e+00,-7.803199e-01
-3.098818e+00,8.891848e+00,7.864621e+00,-1.685042e+00,-1.316144e+00,-2.942051e-01
6.283799e+00,1.269378e+01,6.935120e+00,-1.096926e+00,5.715899e-01,2.755585e-01
7.230533e+00,8.697065e+00,4.650482e+00,-1.019772e+00,1.862300e+00,5.298922e-01
3.589653e+00,9.136288e+00,3.548343e+00,-7.170258e-01,9.321308e-01,3.657305e-01
5.902848e-01,1.006823e+01,3.263575e+00,-6.717116e-01,8.336745e-02,9.274984e-02
-2.985389e+00,8.626606e+00,1.849467e+00,-6.634345e-01,-9.042745e-01,-2.159372e-01
-3.171531e+00,6.490483e+00,8.870756e-01,-6.657748e-01,-1.122003e+00,-3.186696e-01
-1.243653e+00,7.608412e+00,2.693650e+00,-8.698750e-01,-8.209304e-01,-1.327155e-01
1.569143e+00,7.879610e+00,3.506458e+00,-1.054411e+00,-5.237487e-01,-7.104800e-02
2.815837e+00,8.095096e+00,-3.658668e-02,-1.212341e+00,-4.196785e-01,-4.679449e-02
1.388326e+00,7.322930e+00,-3.983675e+00,-1.337597e+00,-6.043267e-01,-1.290371e-01
2.398762e+00,8.485201e+00,-1.297965e+00,-1.917736e+00,-1.374166e+00,-1.303871e-01
1.143487e+00,1.053800e+01,2.742440e+00,-2.490470e+00,-1.586624e+00,-1.447436e-01
2.509695e+00,1.352562e+01,1.931486e+00,-3.259821e+00,-1.704655e+00,-3.349239e-02
4.834029e+00,2.360652e+01,-4.007145e+00,-3.644335e+00,-1.532537e+00,3.723872e-01
-3.122191e+00,1.444382e+01,1.060304e+01,-4.220647e+00,-1.425053e+00,1.121732e+00
-5.773733e+00,2.087692e+01,1.518918e+01,-4.362960e+00,-2.674786e+00,6.440314e-01
-1.863637e+00,1.721165e+01,1.684198e+01,-4.522965e+00,-2.316343e+00,3.064750e-01
4.073618e+00,1.438911e+00,1.494993e+01,-3.175214e+00,-1.008433e+00,1.999307e-01
4.819802e+00,1.008042e+01,9.081409e+00,-8.637698e-01,2.190472e-01,3.442702e-01
-1.462578e+00,9.698623e+00,1.307666e+01,-1.026930e+00,4.788171e-01,2.687433e-01
-1.084242e+00,3.322614e+00,1.083057e+01,1.129974e+00,2.087345e-01,-3.753087e-01
4.250888e-01,3.870983e-01,1.018079e+01,2.818905e+00,8.063388e-01,-4.504167e-01
1.758902e+00,-5.126589e-01,1.018064e+01,4.608824e+00,1.754204e+00,-1.874872e-01
2.211448e+00,-1.821924e-01,1.105233e+01,5.502711e+00,2.318839e+00,-2.474829e-01
2.996029e+00,-1.934890e-01,1.366562e+01,6.613892e+00,2.505989e+00,-1.245959e-01
3.610050e+00,9.344477e-01,1.352361e+01,7.196458e+00,2.401098e+00,-8.935930e-02
5.828816e+00,4.345177e+00,1.083517e+01,8.184498e+00,2.137818e+00,-8.818340e-02
9.685538e-01,7.174689e+00,7.430793e+00,8.445158e+00,2.280753e+00,-9.301800e-02
-1.117801e+01,-1.301304e+00,1.208227e+01,7.286924e+00,1.668049e+00,-1.281240e-01
-1.177547e-01,-1.419214e+01,1.364350e-01,5.984810e+00,1.164651e+00,-2.455179e-01
7.064550e+00,4.896133e-01,2.440448e+00,2.939173e+00,3.170584e+00,1.400211e-01
2.861963e+01,3.941000e+01,-6.025737e+00,-6.386473e-01,3.222693e+00,3.560991e-01
-5.344759e+00,-2.972266e+00,1.355742e+01,-4.023721e+00,1.927399e+00,2.479435e-01
-6.674394e-01,-7.427839e+00,1.451316e+01,-3.031754e+00,9.082076e-01,7.776549e-01
-2.091233e-01,6.536465e+00,1.704871e+01,-3.904190e+00,-1.089009e+00,-1.540617e+00
-5.812686e+00,2.294854e+01,1.462753e+01,-3.726256e+00,-5.383697e-01,-3.763238e-01
-7.474018e+00,7.389082e+00,8.340365e+00,-2.425291e+00,-9.439139e-01,-5.765022e-01
-8.647857e-02,4.877147e+00,4.735571e+00,-1.570978e+00,-5.936477e-01,-5.154226e-01
8.460817e+00,1.252323e+01,5.270877e+00,-6.838939e-01,1.828533e+00,5.474171e-01
6.636962e+00,1.087679e+01,2.866927e+00,-6.636203e-01,2.183421e+00,5.121835e-01
1.134454e+00,9.493198e+00,2.323217e+00,-6.549734e-01,5.921564e-01,1.950672e-01
-1.179006e+00,9.588952e+00,8.903468e-01,-5.286734e-01,-4.274816e-01,-1.429229e-01
-2.045537e+00,8.392398e+00,-2.912394e-01,-6.134938e-01,-1.028333e+00,-3.696819e-01
-3.073150e+00,6.811314e+00,5.660985e-01,-7.980626e-01,-8.949592e-01,-3.048915e-01
-2.355416e+00,6.931338e+00,2.854713e+00,-1.144224e+00,-7.504079e-01,-2.464440e-01
4.798575e-01,7.677434e+00,4.187121e+00,-1.326304e+00,-6.469553e-01,-2.046010e-01
2.512167e+00,8.810040e+00,2.925715e+00,-1.570087e+00,-3.150057e-01,-1.285359e-01
3.293444e+00,8.846649e+00,-1.844579e+00,-1.631598e+00,-3.012706e-01,-1.180746e-01
2.105874e+00,9.327716e+00,-9.103423e-01,-1.946704e+00,-5.048410e-01,-3.902259e-02
1.776262e+00,1.042206e+01,5.804350e-01,-2.281335e+00,-7.600875e-01,-3.797353e-02
7.616604e+00,1.041652e+01,5.005750e-02,-3.049798e+00,-1.017937e+00,1.574097e-02
1.205664e+01,1.954346e+01,-5.504552e+00,-3.448376e+00,-1.018150e+00,1.881828e-01
-2.061583e+00,1.557094e+01,7.336961e+00,-4.066678e+00,-1.488186e+00,4.032811e-01
-1.020510e+01,2.605869e+01,1.910421e+01,-4.540079e+00,-3.223352e+00,1.863185e-01
-1.211661e+01,1.689211e+01,1.899675e+01,-5.121036e+00,-4.681724e+00,-3.026498e-01
2.002163e+00,1.276897e+00,1.870230e+01,-4.445055e+00,-2.963372e+00,1.167550e-01
1.307719e+01,1.111093e+01,8.590762e+00,-1.126109e+00,6.369029e-01,9.390405e-01
7.088996e+00,7.323722e+00,9.955459e+00,-1.237637e+00,2.357627e+00,7.861466e-01
3.313832e+00,3.254815e+00,7.676534e+00,9.368606e-01,1.064959e+00,-3.051019e-01
9.200471e-01,2.799190e-01,6.376694e+00,2.260104e+00,4.188799e-01,-8.449779e-01
-3.000000e-02,-1.051993e+00,7.845105e+00,3.916716e+00,1.541163e-01,-1.044723e+00
6.600397e-01,8.868957e-01,8.731783e+00,4.690738e+00,5.876666e-01,-1.196475e+00
1.952640e+00,1.541687e+00,1.124961e+01,5.510966e+00,1.413038e+00,-1.028954e+00
3.799185e+00,7.124069e-01,1.440067e+01,6.201580e+00,1.752953e+00,-8.035150e-01
5.034981e+00,1.815129e+00,1.420478e+01,7.568869e+00,1.897252e+00,-5.009912e-01
3.158387e+00,5.916356e+00,1.247383e+01,8.196041e+00,1.622014e+00,-1.656476e-01
-1.112622e+01,-3.301641e+00,6.394986e+00,8.157272e+00,1.065806e+00,2.784447e-01
-1.185065e+01,-1.257794e+01,5.923286e+00,6.657239e+00,1.777880e-01,2.598537e-01
5.635868e+00,-6.505667e+00,1.180324e+01,2.666598e+00,2.070241e+00,-1.078500e-02
8.965933e+00,1.822508e+01,7.999817e+00,-3.682263e-01,3.452260e+00,3.075440e-01
1.192205e+01,2.655217e+01,5.590555e+00,-4.373806e+00,2.432449e+00,1.081270e-01
-2.550222e+01,-8.455405e+00,1.605756e+01,-2.514755e+00,1.105938e+00,2.687004e-02
5.299938e+00,1.134528e+01,1.514083e+01,-1.702206e+00,-2.244815e+00,-2.262155e+00
7.450467e+00,1.207605e+01,9.698053e+00,-3.496090e+00,1.145088e+00,-6.654642e-01
4.672440e-01,1.341203e+01,1.201302e+01,-2.181705e+00,2.908365e+00,8.637146e-01
-7.565957e+00,6.868980e+00,7.075280e+00,-1.078075e+00,2.281059e-01,-8.741174e-01
2.736454e+00,1.275709e+01,5.265147e+00,-8.433219e-01,-7.667983e-01,-6.581155e-02
1.011109e+01,1.459373e+01,3.660038e+00,-5.601660e-01,3.599377e-01,-7.117688e-02
8.740537e+00,9.433425e+00,2.717229e-01,-5.292636e-01,1.899495e+00,2.837026e-01
1.620458e+00,7.926597e+00,3.322806e-01,-4.370543e-01,7.800115e-01,4.240109e-03
-6.376843e+00,6.157980e+00,1.426600e-01,-6.955577e-01,-1.816128e+00,-7.090171e-01
-5.139028e+00,6.118949e+00,1.301669e-01,-9.085991e-01,-2.424135e+00,-8.620483e-01
-9.475405e-01,7.762916e+00,1.822808e+00,-1.296581e+00,-1.856071e+00,-5.281536e-01
1.827839e+00,8.472260e+00,2.289980e+00,-1.579934e+00,-1.111634e+00,-2.790725e-01
2.293637e+00,7.661826e+00,-1.472112e+00,-1.805841e+00,-6.648346e-01,-1.511111e-01
1.982259e+00,6.834409e+00,-1.822366e+00,-1.984622e+00,-7.948137e-01,-1.574981e-01
4.221288e+00,9.186062e+00,7.793479e-02,-2.434450e+00,-1.062176e+00,-1.703378e-01
6.427086e+00,1.132429e+01,1.354226e+00,-2.938740e+00,-1.082495e+00,-7.224379e-02
2.107712e+00,1.985892e+01,-3.047191e+00,-3.612703e+00,-1.250917e+00,1.475416e-01
-4.049786e+00,1.889579e+01,4.167298e+00,-3.823068e+00,-1.673487e+00,3.082426e-01
-5.161381e+00,2.416000e+01,1.547242e+01,-4.439084e+00,-2.719947e+00,5.033843e-01
-5.670914e+00,2.212192e+01,1.822696e+01,-4.796729e+00,-2.858495e+00,3.052153e-01
2.105233e+00,4.086358e+00,1.966765e+01,-4.009203e+00,-1.379466e+00,1.965179e-01
7.411433e+00,9.412551e+00,9.811809e+00,-2.208074e+00,-8.565892e-02,3.691096e-01
4.016003e+00,8.516401e+00,1.137101e+01,-1.287001e+00,1.378240e+00,2.533745e-01
2.425305e+00,5.394769e+00,9.685916e+00,-2.020676e-01,9.562983e-01,1.253521e-01
1.605941e+00,-6.608959e-01,7.571714e+00,2.302926e+00,5.081176e-01,-2.982280e-01
8.071657e-01,-8.803403e-01,7.477256e+00,3.439354e+00,4.654942e-01,-3.707924e-01
5.875968e-01,-5.463449e-02,8.337812e+00,4.560042e+00,7.018474e-01,-5.406721e-01
1.613237e+00,1.111779e+00,9.304374e+00,5.224454e+00,1.089404e+00,-4.966960e-01
3.953834e+00,1.672531e+00,1.269435e+01,6.184795e+00,1.503327e+00,-4.337948e-01
4.744886e+00,1.649924e+00,1.331191e+01,6.837125e+00,1.573417e+00,-3.392618e-01
3.359637e+00,3.441182e+00,1.050863e+01,7.823130e+00,1.467797e+00,-2.280172e-01
-5.600318e+00,6.973530e+00,9.990873e+00,7.986823e+00,1.114219e+00,-1.229178e-01
-1.229698e+01,-9.776225e+00,4.293897e+00,6.380695e+00,3.715863e-02,3.310486e-01
-1.162948e+00,-1.293706e+01,8.703527e+00,5.084619e+00,1.642336e-01,9.399013e-02
9.100491e+00,2.300336e+01,1.468583e+00,1.129024e+00,2.633816e+00,3.216782e-01
3.798405e+01,3.937129e+01,-9.264619e+00,-2.149504e+00,2.898766e+00,2.195799e-01
-1.688322e+01,-1.340275e+01,1.604807e+01,-1.955961e+00,1.936764e+00,9.304713e-01
1.083562e+00,2.609584e+00,1.749714e+01,-5.487168e-01,-7.385411e-02,-4.447512e-01
9.618992e+00,1.612433e+01,8.182496e+00,-3.560769e+00,1.476617e+00,-1.625193e-01
5.863160e+00,1.167499e+01,8.693523e+00,-3.251092e+00,2.875839e+00,1.144821e+00
-3.601362e+00,8.859775e+00,4.101705e+00,-1.415281e+00,-1.590651e-01,-6.019112e-01
-2.021731e+00,9.691608e+00,4.028145e+00,-1.411832e+00,-8.374063e-01,-4.801441e-01
3.320629e-01,1.154957e+01,2.760363e+00,-9.593231e-01,-3.836466e-01,-2.639192e-01
3.348817e+00,9.392001e+00,7.659093e-01,-1.009227e+00,-2.669111e-01,-2.535474e-01
2.116467e+00,8.311579e+00,8.172773e-01,-9.414562e-01,2.717931e-02,-4.581014e-02
-1.542752e+00,8.144760e+00,1.209687e+00,-9.771923e-01,-2.461637e-01,-1.313724e-01
-4.470950e+00,8.232849e+00,2.430869e+00,-1.302730e+00,-1.138467e+00,-4.099257e-01
-3.688983e+00,8.395663e+00,3.277348e+00,-1.439311e+00,-1.094909e+00,-4.320493e-01
3.445634e+00,8.026176e+00,5.485382e+00,-1.578437e+00,-3.901149e-01,-2.200365e-01
4.573111e+00,8.907873e+00,4.139555e+00,-1.595851e+00,-5.389561e-02,-1.255071e-01
2.698987e+00,7.716113e+00,-1.923889e+00,-1.689869e+00,-2.598051e-01,-5.230279e-02
3.057746e+00,8.170075e+00,-3.593089e+00,-1.903608e+00,-6.521161e-01,-3.279279e-02
1.590263e+00,1.080950e+01,1.310208e+00,-2.658158e+00,-1.037122e+00,-3.880676e-03
1.628246e+00,1.228877e+01,3.077895e+00,-3.182678e+00,-1.348891e+00,-2.365623e-02
6.741196e+00,2.247406e+01,-4.290413e+00,-3.760813e+00,-1.651360e+00,3.279698e-01
-1.120861e+00,1.412920e+01,9.275555e+00,-4.294088e+00,-1.787917e+00,7.180438e-01
-4.194522e+00,2.268358e+01,1.604958e+01,-4.568670e+00,-3.564658e+00,9.947574e-03
-6.966495e+00,2.396967e+01,1.924045e+01,-4.753137e+00,-3.191755e+00,-1.118878e-01
2.415119e+00,2.662259e+00,1.541969e+01,-2.820376e+00,-1.680987e+00,-3.266631e-01
6.653870e+00,9.690109e+00,9.383876e+00,-1.465899e+00,-2.368770e-03,2.496931e-01
1.745947e+00,8.268009e+00,1.233576e+01,-8.755869e-01,7.119013e-01,-4.943207e-03
1.998695e+00,3.215189e+00,8.929636e+00,6.113096e-01,5.036379e-01,-4.398604e-01
2.061082e+00,3.554226e-01,8.456533e+00,2.835309e+00,1.010396e+00,-4.202315e-01
1.306372e+00,-7.112092e-01,8.482993e+00,3.951860e+00,1.385252e+00,-3.995380e-01
1.112775e+00,1.989600e-01,8.921446e+00,5.099367e+00,1.800890e+00,-5.343020e-01
1.931502e+00,6.943832e-01,9.614166e+00,5.632301e+00,2.023219e+00,-3.931947e-01
4.703346e+00,1.144647e+00,1.228387e+01,6.654451e+00,2.281842e+00,-1.728914e-01
6.360285e+00,2.542939e+00,1.292978e+01,7.473835e+00,2.098743e+00,2.635876e-02
1.996073e-01,4.218599e+00,1.004102e+01,8.264229e+00,1.281639e+00,2.400000e-01
-7.673859e+00,7.432063e+00,7.112376e+00,8.126480e+00,6.235886e-01,1.870231e-01
-1.273554e+01,-8.963389e+00,4.817157e+00,6.107448e+00,1.003955e-01,9.850822e-03
7.147577e-01,-1.206242e+01,5.554560e+00,3.650772e+00,1.911048e+00,-1.766376e-01
8.740076e+00,1.861044e+01,-2.280190e+00,-7.419393e-01,3.698334e+00,4.848942e-01
2.087874e+01,3.717218e+01,5.177042e+00,-3.088701e+00,3.200085e+00,4.527615e-01
3.410186e+00,-9.930947e+00,1.249240e+01,-2.794728e+00,2.085801e+00,1.277909e+00
4.921768e+00,-6.005065e+00,1.707279e+01,-2.865240e+00,-4.219869e-01,-1.665342e+00
-2.440835e+00,1.918094e+01,1.237553e+01,-3.881179e+00,1.355442e-01,-3.423644e-01
-8.268670e+00,1.372582e+01,1.257314e+01,-3.450476e+00,-2.986359e-01,-1.250629e-01
-8.978196e+00,5.864444e+00,7.889322e+00,-1.894034e+00,-1.282259e+00,-8.788814e-01
2.494279e-01,1.008769e+01,7.889752e+00,-1.209958e+00,-2.142189e-02,2.022282e-01
7.631964e+00,1.164188e+01,5.720781e+00,-9.042451e-01,1.787051e+00,4.601955e-01
7.442833e+00,9.180306e+00,4.319663e+00,-7.365820e-01,1.900415e+00,5.668786e-01
4.193748e+00,1.014090e+01,4.061600e+00,-4.386331e-01,4.414811e-01,1.877525e-01
5.016836e-01,9.785421e+00,3.340821e+00,-4.510593e-01,-3.970362e-01,-1.644036e-01
-2.349501e+00,8.200879e+00,1.866047e+00,-4.912064e-01,-1.233117e+00,-4.883387e-01
-3.912967e+00,7.198643e+00,1.888519e+00,-6.066695e-01,-1.285554e+00,-4.633318e-01
-4.284052e-01,7.444033e+00,2.480347e+00,-8.051936e-01,-1.095871e+00,-3.085398e-01
1.685497e+00,7.876442e+00,7.405685e-01,-9.687962e-01,-7.457719e-01,-1.889198e-01
1.176132e+00,6.215761e+00,-5.884281e+00,-1.236455e+00,-7.303233e-01,-1.433968e-01
6.836029e-01,7.776329e+00,-3.807774e+00,-1.506984e+00,-9.989413e-01,-2.349705e-01
2.589021e+00,9.285361e+00,-8.529122e-01,-2.567463e+00,-1.409125e+00,-2.301118e-03
5.096804e+00,1.241508e+01,-3.483603e-02,-3.106574e+00,-1.167519e+00,1.197343e-01
9.030051e+00,2.008686e+01,-4.887464e+00,-3.816813e+00,-1.053103e+00,7.261782e-01
5.585168e-01,1.870343e+01,7.874886e+00,-4.243732e+00,-1.415907e+00,9.742884e-01
-7.493666e+00,2.449154e+01,1.846790e+01,-4.893700e+00,-3.918733e+00,3.740086e-01
-8.670611e+00,2.102489e+01,1.884224e+01,-4.818192e+00,-3.637371e+00,-1.530763e-01
2.874340e+00,4.930587e+00,1.456270e+01,-2.515753e+00,-1.601453e+00,-2.043789e-02
4.266404e+00,1.186629e+01,1.099107e+01,-1.289786e+00,3.148536e-01,3.527617e-01
-9.956632e-02,8.148951e+00,1.290377e+01,-8.001285e-01,1.058733e+00,9.691197e-02
1.119778e-01,4.304664e+00,1.100640e+01,1.287657e+00,9.601301e-01,-3.939606e-01
2.067925e+00,1.743098e-01,1.037878e+01,3.712718e+00,1.699852e+00,-2.233732e-01
2.400000e+00,-5.666271e-01,9.888041e+00,4.659745e+00,2.134438e+00,-2.314323e-01
2.482271e+00,-2.516223e-02,1.073785e+01,5.785845e+00,2.536768e+00,-3.740276e-01
3.950778e+00,6.884725e-02,1.163146e+01,6.485766e+00,2.556631e+00,-2.580389e-01
6.467138e+00,2.117074e+00,1.275305e+01,7.382540e+00,2.397593e+00,-1.881050e-01
7.863866e+00,3.822101e+00,1.186160e+01,7.941523e+00,2.054360e+00,-1.738951e-01
1.941272e-01,7.678776e+00,7.359262e+00,8.226219e+00,1.384890e+00,-2.818245e-01
-1.333150e+01,2.843338e+00,8.167027e+00,7.310467e+00,4.004857e-01,-8.225107e-01
-2.829471e+00,-1.481434e+01,6.396414e-01,4.670520e+00,4.957873e-01,-1.199457e+00
-7.763490e-01,-1.100376e+01,5.414317e+00,2.697184e+00,2.034176e+00,-4.811918e-01
7.586172e+00,1.324240e+01,1.090534e+01,-1.812474e+00,2.466608e+00,1.287953e-01
2.708172e+01,3.941000e+01,-9.048229e+00,-4.612676e+00,2.189750e+00,1.481674e-01
-1.987586e+01,-1.531804e+01,1.031736e+01,-2.078266e+00,2.237128e+00,1.614188e+00
1.848507e-01,6.256000e+00,1.249190e+01,-9.979929e-01,-6.678667e-01,-1.386670e+00
7.817978e+00,1.122486e+01,8.539258e+00,-4.658742e+00,2.265181e+00,7.166805e-01
6.440300e+00,8.963450e+00,1.301233e+01,-3.282729e+00,2.392086e+00,1.219568e+00
-3.861038e+00,8.503554e+00,8.589316e+00,-2.479730e+00,-1.607720e-01,-9.769241e-01
-7.107424e-01,1.110570e+01,7.477579e+00,-2.294491e+00,-8.902071e-01,5.858383e-02
4.804487e+00,1.341997e+01,5.860606e+00,-1.801395e+00,-2.323492e-01,-3.086149e-01
4.497348e+00,8.502809e+00,4.860452e+00,-1.719579e+00,4.527644e-01,3.403232e-02
3.926835e-01,7.004731e+00,6.514886e+00,-1.379553e+00,-3.240335e-01,-2.786160e-01
-2.209082e+00,6.517517e+00,7.100828e+00,-1.400786e+00,-9.146316e-01,-3.861513e-01
-3.525829e+00,8.125561e+00,6.677915e+00,-1.223505e+00,-1.425317e+00,-5.262559e-01
-1.615543e+00,8.233391e+00,6.226655e+00,-1.125220e+00,-1.080841e+00,-3.387688e-01
1.673165e+00,8.069795e+00,3.910048e+00,-9.257154e-01,-3.238280e-01,-3.218797e-02
1.012028e+00,7.867120e+00,-1.568159e-01,-8.824575e-01,-1.215563e-01,6.913138e-02
1.451908e+00,6.119381e+00,-1.332645e-01,-1.104510e+00,-5.910054e-01,3.332184e-02
5.842220e+00,8.949520e+00,-7.858126e-01,-1.429671e+00,-8.888560e-01,-1.048644e-01
6.869778e+00,9.902382e+00,-3.054997e+00,-2.214398e+00,-1.120758e+00,-1.659245e-01
3.608782e+00,1.172159e+01,-3.650222e+00,-2.637089e+00,-1.625911e+00,-2.286876e-01
5.598167e-01,1.777628e+01,-4.035344e-01,-3.498538e+00,-2.678547e+00,-1.467254e-01
-8.530289e+00,2.704155e+01,1.418912e+01,-4.265564e+00,-3.271365e+00,5.343060e-02
-1.192580e+01,2.160571e+01,1.859851e+01,-4.912014e+00,-4.151582e+00,1.420263e-01
-5.799268e+00,1.060976e+01,2.131091e+01,-4.245985e+00,-2.614008e+00,4.918607e-01
8.606130e+00,7.039569e+00,1.320967e+01,-1.938747e+00,2.066981e-01,1.079491e+00
8.295154e+00,9.786749e+00,1.199191e+01,-1.167819e+00,2.212107e+00,1.034495e+00
3.792325e+00,5.729299e+00,1.097064e+01,5.005309e-01,1.638461e+00,4.774684e-01
3.512733e+00,1.885278e+00,8.828199e+00,2.014530e+00,1.151973e+00,-1.819734e-01
3.398195e+00,-5.071346e-01,8.981031e+00,3.884851e+00,1.182483e+00,-7.091518e-01
3.710313e+00,-8.984335e-02,8.509171e+00,4.899327e+00,1.333653e+00,-1.219263e+00
4.569449e+00,7.295488e-01,8.936191e+00,5.985602e+00,1.362756e+00,-1.335050e+00
4.246290e+00,9.280342e-01,1.185362e+01,6.498487e+00,1.239946e+00,-1.291345e+00
2.907265e+00,1.741995e+00,1.215852e+01,7.525805e+00,8.987823e-01,-1.297188e+00
4.912282e-01,4.214219e+00,1.183542e+01,8.170554e+00,8.338814e-01,-1.333389e+00
-7.135624e+00,7.907340e+00,1.004681e+01,7.941490e+00,1.062745e+00,-6.910456e-01
-1.077420e+01,-2.559382e+00,7.165176e+00,7.259675e+00,1.032664e+00,-4.816614e-02
3.593405e+00,-1.238971e+01,6.939022e-01,5.091314e+00,2.293822e+00,3.775553e-01
1.126176e+01,-6.173722e+00,7.566048e+00,1.993550e+00,3.969880e+00,7.379353e-01
1.465325e+01,3.234027e+01,-4.977060e+00,-3.092189e+00,2.170273e+00,1.937436e-01
2.566226e+00,2.305631e+01,2.640821e+00,-4.638642e+00,2.417072e-01,-5.706781e-01
-7.460482e+00,-7.534410e+00,1.214324e+01,-8.326334e-01,-1.364729e+00,-2.625415e-01
5.474757e+00,1.571457e+00,1.297446e+01,-2.014471e+00,-1.280013e+00,-1.859264e+00
2.767703e+00,1.871396e+01,8.604253e+00,-3.463105e+00,2.341315e+00,7.915121e-01
1.391982e-01,7.647418e+00,7.738063e+00,-3.096308e+00,1.785954e+00,4.724412e-01
-1.991318e+00,8.098985e+00,5.387852e+00,-1.652405e+00,-1.366599e-01,-3.721784e-01
-2.155347e+00,1.016640e+01,6.405669e+00,-1.540026e+00,-1.564127e-01,-1.040932e-01
4.134240e+00,1.063120e+01,4.776720e+00,-1.348726e+00,3.975022e-01,-4.243373e-02
5.154948e+00,8.993677e+00,3.384846e+00,-1.325557e+00,5.580304e-01,7.852004e-02
4.462319e-01,8.384974e+00,4.037924e+00,-1.181434e+00,-2.904463e-01,-1.934243e-01
-1.670996e+00,9.958612e+00,3.787402e+00,-1.235067e+00,-1.220023e+00,-5.228294e-01
-2.851103e+00,8.471430e+00,2.836773e+00,-1.232617e+00,-1.258582e+00,-3.455265e-01
-2.182563e+00,6.977906e+00,2.847789e+00,-1.191182e+00,-1.011661e+00,-3.603410e-01
1.859186e+00,7.835891e+00,3.320000e+00,-1.180398e+00,-7.508428e-01,-2.844458e-01
2.595715e+00,7.286174e+00,3.136888e+00,-1.341475e+00,-6.089835e-01,-2.353014e-01
-4.122841e-01,7.282948e+00,3.264279e-01,-1.486558e+00,-1.004562e+00,-3.908739e-01
8.848799e-01,9.151730e+00,-2.611530e+00,-1.681638e+00,-1.313825e+00,-3.760337e-01
5.849370e+00,9.359859e+00,-1.892404e+00,-2.266900e+00,-1.128045e+00,-1.788740e-01
8.109611e+00,1.022550e+01,-1.956926e+00,-2.801457e+00,-1.060796e+00,-1.440050e-01
7.071032e+00,1.608082e+01,-2.458807e+00,-3.703026e+00,-1.549023e+00,4.052889e-02
-3.017403e+00,1.872958e+01,7.901498e+00,-4.262729e+00,-2.160374e+00,-3.707201e-02
-1.432520e+01,3.079393e+01,2.148526e+01,-4.756852e+00,-3.701286e+00,-3.434084e-01
-1.304603e+01,2.201937e+01,2.047604e+01,-5.288434e+00,-4.420615e+00,-5.504866e-01
-5.556057e-02,3.862503e+00,1.928918e+01,-2.898540e+00,-1.732742e+00,9.047676e-01
1.021658e+01,8.017862e+00,9.757735e+00,-1.063522e+00,9.254822e-01,1.149390e+00
4.358571e+00,6.549786e+00,1.182884e+01,-4.367820e-01,1.767722e+00,7.203367e-01
3.044302e+00,3.143172e+00,8.605602e+00,1.145808e+00,8.122797e-01,2.648308e-01
2.584441e+00,-8.025663e-01,8.039869e+00,3.241636e+00,3.016452e-01,-4.303552e-01
1.999531e+00,2.207090e-01,8.584220e+00,4.618049e+00,3.751931e-01,-8.062098e-01
1.778597e+00,8.848125e-01,9.942789e+00,5.749374e+00,7.611086e-01,-1.257742e+00
2.210998e+00,5.586675e-01,1.115066e+01,6.507868e+00,9.801337e-01,-1.130658e+00
2.334067e+00,1.598439e+00,1.386390e+01,7.418776e+00,1.255113e+00,-1.063741e+00
2.252952e+00,3.735952e+00,1.274393e+01,8.085217e+00,1.461774e+00,-9.588724e-01
-2.315953e+00,8.306608e+00,1.028831e+01,8.392862e+00,1.728738e+00,-4.115968e-01
-1.106708e+01,-3.142162e+00,6.731025e+00,7.917897e+00,1.359951e+00,-6.359931e-03
-1.945216e+00,-1.471642e+01,5.623865e+00,5.641348e+00,1.833177e+00,2.488457e-01
8.621835e+00,-6.036718e+00,4.069210e+00,2.516438e+00,3.666406e+00,4.125578e-01
3.420529e+01,3.920848e+01,-5.993150e+00,-2.501470e+00,3.994600e+00,8.103778e-01
3.069897e+00,8.895547e+00,1.161254e+01,-3.787734e+00,2.911818e+00,7.216540e-01
1.374582e+00,-1.198903e+01,1.531030e+01,-3.526480e+00,-1.076260e+00,-1.371608e+00
-2.966233e+00,6.436072e+00,1.612405e+01,-3.573333e+00,-1.172047e+00,-1.589888e+00
-1.052752e+01,2.183720e+01,1.332124e+01,-3.472548e+00,-8.148092e-01,-1.770864e-01
-7.231102e+00,9.495102e+00,9.791044e+00,-2.619755e+00,-4.798334e-01,-3.247181e-01
3.222076e+00,5.314976e+00,5.784099e+00,-1.115455e+00,1.019269e+00,2.004023e-01
7.514132e+00,1.060769e+01,5.889173e+00,-6.740287e-01,2.530004e+00,6.649006e-01
4.352624e+00,9.641191e+00,3.541453e+00,-7.509816e-01,1.899427e+00,4.538366e-01
2.294951e+00,8.594672e+00,2.950168e+00,-6.103417e-01,9.006074e-01,2.752204e-01
2.602961e+00,1.064584e+01,5.765880e-01,-4.846163e-01,-2.824093e-01,-2.714490e-01
1.053898e+00,9.822781e+00,-5.449040e-01,-6.144560e-01,-4.434820e-01,-3.431408e-01
-3.276905e+00,6.546693e+00,7.249209e-01,-9.096145e-01,-9.452127e-01,-4.556194e-01
-3.985519e+00,7.636745e+00,2.112924e+00,-1.106563e+00,-1.118458e+00,-5.082290e-01
3.540713e-01,8.072197e+00,3.680854e+00,-1.474738e+00,-8.963685e-01,-3.598509e-01
2.183332e+00,8.102903e+00,4.065679e+00,-1.599667e+00,-4.056633e-01,-2.181109e-01
1.113701e+00,8.393701e+00,6.905772e-01,-1.689004e+00,-3.472290e-01,-2.290244e-01
1.860276e+00,9.249336e+00,-1.131767e+00,-1.825034e+00,-4.904320e-01,-1.530488e-01
2.662085e+00,1.055965e+01,4.175284e-02,-2.288085e+00,-6.290773e-01,-9.100351e-03
4.510385e+00,1.122447e+01,1.705280e+00,-2.834538e+00,-8.263024e-01,-3.047194e-02
1.014285e+01,1.790865e+01,-3.914569e+00,-3.427295e+00,-1.013664e+00,1.766825e-01
3.109086e+00,1.832338e+01,7.757279e-01,-3.853746e+00,-1.332034e+00,4.031106e-01
-6.568557e+00,2.041542e+01,1.592949e+01,-4.474597e+00,-3.548745e+00,8.172018e-02
-8.279848e+00,2.807233e+01,1.833774e+01,-4.707590e+00,-4.600355e+00,-3.355280e-01
-3.025279e+00,4.831597e+00,1.795898e+01,-3.908658e+00,-2.341299e+00,9.886956e-02
6.664293e+00,6.608694e+00,1.031493e+01,-1.654691e+00,-7.520187e-01,4.994759e-01
4.125866e+00,9.641878e+00,1.088520e+01,-1.327230e+00,1.317831e+00,5.719090e-01
1.722871e+00,6.030452e+00,1.085574e+01,-4.495775e-01,1.126270e+00,3.360723e-01
1.490037e+00,1.125493e+00,7.794844e+00,2.286294e+00,7.514706e-01,-3.551453e-01
1.467764e+00,-3.602301e-01,8.818349e+00,3.471205e+00,1.017576e+00,-3.427012e-01
1.825870e+00,7.757957e-01,8.522607e+00,4.511759e+00,1.439096e+00,-5.265648e-01
1.483504e+00,1.138322e+00,9.952191e+00,5.269292e+00,1.776389e+00,-6.188842e-01
2.703733e+00,1.616748e+00,1.188212e+01,6.426886e+00,1.738768e+00,-5.689795e-01
4.793317e+00,2.213177e+00,1.542295e+01,7.167692e+00,1.687402e+00,-5.840727e-01
6.169530e+00,5.024806e+00,1.111103e+01,8.233045e+00,1.390454e+00,-5.085623e-01
-1.497807e+00,5.601816e+00,8.708163e+00,8.491653e+00,9.047554e-01,-4.029681e-01
-1.612884e+01,-4.688856e+00,7.663142e+00,7.370530e+00,1.694908e-01,-6.491149e-01
-7.088871e+00,-1.402386e+01,6.726011e+00,5.204755e+00,2.004298e-01,-7.688052e-01
6.006597e+00,1.173377e+01,1.095566e+00,1.276549e+00,3.478111e+00,3.272682e-01
3.311057e+01,3.938403e+01,-4.352692e+00,-1.303717e+00,4.281730e+00,8.375260e-01
1.790754e+00,-1.038494e+01,1.112563e+01,-3.508623e+00,4.508895e+00,1.721674e+00
4.690142e+00,-1.366558e+01,1.307648e+01,-2.555289e+00,8.898704e-01,-7.063705e-01
1.756789e-01,1.478253e+01,1.748940e+01,-3.320604e+00,-3.170622e-01,-8.413868e-01
-1.052146e+01,2.367128e+01,1.242835e+01,-3.572631e+00,-1.337593e+00,-6.145681e-01
-1.025830e+01,3.395878e+00,7.322996e+00,-2.422141e+00,-1.708437e+00,-1.000990e+00
-2.761631e+00,5.914951e+00,7.119974e+00,-1.066384e+00,-3.926325e-01,-1.369207e-01
9.904025e+00,1.371964e+01,5.170190e+00,-8.183109e-01,2.729245e+00,8.373667e-01
9.052200e+00,9.795227e+00,2.358118e+00,-7.695508e-01,2.917835e+00,8.440054e-01
5.166047e+00,8.712494e+00,1.402644e+00,-5.834548e-01,1.183545e+00,4.321523e-01
1.251246e+00,1.145702e+01,1.126675e+00,-6.308354e-01,-2.915244e-01,-2.024045e-01
-1.561887e+00,8.625418e+00,2.187463e-01,-8.995888e-01,-1.347881e+00,-5.562317e-01
-3.795416e+00,7.114272e+00,1.580048e+00,-1.036736e+00,-1.517625e+00,-6.274840e-01
-1.834264e+00,7.335949e+00,4.106309e+00,-1.288262e+00,-1.585999e+00,-6.292448e-01
8.960282e-02,7.176573e+00,4.654284e+00,-1.524688e+00,-1.299728e+00,-4.989716e-01
1.736679e+00,8.323769e+00,4.647353e-01,-1.598305e+00,-8.611673e-01,-2.595525e-01
1.752107e+00,9.347731e+00,-2.968437e+00,-1.737973e+00,-7.536589e-01,-1.026780e-01
4.247510e+00,1.065001e+01,-1.361808e+00,-2.278003e+00,-8.950254e-01,1.382403e-01
4.341094e+00,1.067561e+01,1.492451e-01,-2.800051e+00,-1.079357e+00,8.601239e-02
7.234836e+00,1.454516e+01,-3.468595e+00,-3.445666e+00,-1.528262e+00,1.022691e-01
2.018873e+00,1.775119e+01,-1.614363e-01,-3.861437e+00,-1.716988e+00,3.020385e-01
-7.778237e+00,2.351851e+01,1.545850e+01,-4.542653e+00,-3.352772e+00,1.328683e-01
-7.274436e+00,2.599288e+01,1.723445e+01,-5.063425e+00,-4.035496e+00,-3.186972e-01
1.016053e+00,3.300189e+00,1.854188e+01,-4.387037e+00,-2.182520e+00,3.641757e-01
7.962894e+00,4.222272e+00,1.199590e+01,-1.973842e+00,-5.847932e-01,5.395597e-01
6.438394e+00,8.692110e+00,9.778598e+00,-1.424599e+00,1.359922e+00,3.026726e-01
1.543368e+00,5.357257e+00,9.781997e+00,-6.218029e-01,9.152076e-01,-1.054099e-02
8.302013e-01,1.656220e+00,7.509210e+00,1.941885e+00,6.425818e-02,-1.099214e+00
1.176711e+00,1.192843e+00,8.272107e+00,2.944410e+00,4.062113e-01,-1.129733e+00
2.427528e+00,1.667528e+00,9.267780e+00,4.232196e+00,1.364737e+00,-1.348572e+00
3.146901e+00,2.665809e+00,8.922006e+00,5.162541e+00,1.982353e+00,-1.319694e+00
4.643048e+00,1.445201e+00,1.332365e+01,6.338282e+00,2.241291e+00,-9.518089e-01
6.033398e+00,3.007739e+00,1.326249e+01,7.180284e+00,2.067413e+00,-7.978408e-01
7.681741e+00,4.856846e+00,1.334593e+01,8.060807e+00,1.542721e+00,-5.211374e-01
9.576300e-01,4.875030e+00,8.567527e+00,8.340899e+00,9.210119e-01,-1.245520e-01
-1.676886e+01,-1.069617e+01,6.941565e+00,6.971397e+00,-6.718157e-01,-3.863796e-01
-9.443245e+00,-1.335951e+01,8.904137e+00,5.197231e+00,-4.276556e-01,-7.648307e-01
9.104193e+00,-2.521914e+00,1.177986e+01,1.096050e+00,2.712419e+00,2.592669e-01
2.108684e+01,3.734113e+01,-5.714508e+00,-2.200375e+00,4.214214e+00,1.092373e+00
1.100473e+01,1.736204e+01,4.889256e+00,-3.686144e+00,2.680289e+00,9.041002e-01
-2.244045e+01,-1.240102e+01,1.823042e+01,-5.109229e-01,2.133279e+00,1.707634e+00
3.888393e+00,1.733874e+01,1.172668e+01,-2.428389e+00,-2.331615e+00,-2.156004e+00
3.447324e+00,1.468497e+01,7.121410e+00,-3.813941e+00,1.078736e+00,-1.436302e-01
-1.515423e+00,1.020304e+01,8.368760e+00,-1.505605e+00,8.133333e-01,-1.027382e-01
2.359895e+00,9.402188e+00,3.133794e+00,-1.255744e+00,5.887656e-01,-3.427291e-01
2.036194e+00,1.111594e+01,3.414415e+00,-1.154946e+00,6.388686e-01,2.661854e-01
1.903503e+00,1.027478e+01,2.481911e+00,-9.621079e-01,1.415347e-01,-4.109894e-02
2.468536e-01,8.464895e+00,1.176587e+00,-8.978913e-01,-3.214733e-01,-1.512697e-01
-9.048635e-01,7.704378e+00,1.304156e+00,-9.429022e-01,-6.177104e-01,-2.022380e-01
-9.516212e-01,7.292719e+00,1.368077e+00,-1.104540e+00,-7.635538e-01,-2.305534e-01
-8.491250e-01,8.812296e+00,1.941204e+00,-1.257722e+00,-7.298540e-01,-2.461308e-01
2.081768e-02,8.373668e+00,4.635327e+00,-1.590360e+00,-6.752098e-01,-2.631259e-01
1.701335e+00,8.537729e+00,5.079657e+00,-1.658697e+00,-6.767949e-01,-3.181837e-01
3.156474e+00,7.785952e+00,-3.188381e-01,-1.686772e+00,-6.507631e-01,-2.243731e-01
3.853220e+00,9.599576e+00,-2.067966e+00,-1.803720e+00,-5.923246e-01,-3.555977e-02
1.252874e+00,1.057174e+01,4.878902e-01,-2.405849e+00,-9.291648e-01,1.172812e-01
1.894890e+00,1.083439e+01,2.432729e+00,-2.844557e+00,-1.265316e+00,4.432105e-02
1.321356e+01,1.478089e+01,-4.598502e+00,-3.447871e+00,-1.514076e+00,1.704397e-01
8.675197e+00,2.158917e+01,-5.083115e+00,-3.735674e+00,-1.249491e+00,4.644533e-01
-1.061123e+01,1.783945e+01,1.549078e+01,-4.554598e+00,-3.309332e+00,5.254738e-01
-1.300692e+01,2.581347e+01,1.853074e+01,-4.664146e+00,-5.342604e+00,-1.556921e-01
-7.300354e+00,1.012846e+01,1.904029e+01,-4.559504e+00,-2.886090e+00,4.448997e-01
5.817357e+00,1.832176e+00,1.585067e+01,-2.782163e+00,-1.017490e+00,9.506303e-01
9.815852e+00,9.599374e+00,9.369626e+00,-1.037600e+00,2.437128e+00,1.225212e+00
6.950044e+00,5.931094e+00,9.461519e+00,-5.926702e-01,2.190000e+00,8.890225e-01
3.127158e+00,1.585180e+00,6.817655e+00,1.410922e+00,1.012113e+00,-1.666184e-01
2.019253e+00,-2.996294e-02,7.117020e+00,2.806021e+00,3.454797e-01,-6.729728e-01
1.146006e+00,-2.996846e-02,8.605413e+00,4.087973e+00,4.867380e-01,-1.327190e+00
1.607435e+00,8.936287e-01,8.884072e+00,4.833297e+00,1.111529e+00,-1.695188e+00
2.724154e+00,1.159221e+00,1.192332e+01,5.696916e+00,1.649891e+00,-1.643307e+00
4.183145e+00,1.308970e+00,1.475160e+01,6.489879e+00,1.924416e+00,-1.559417e+00
7.140874e+00,3.463594e+00,1.293921e+01,7.659920e+00,1.911185e+00,-1.343045e+00
3.986717e+00,6.810439e+00,1.138351e+01,8.225645e+00,1.541963e+00,-1.083584e+00
-1.257336e+01,-9.885095e-01,7.385932e+00,7.877803e+00,4.884007e-01,-5.095852e-01
-1.819042e+01,-1.430064e+01,6.659111e+00,6.163125e+00,-4.804739e-01,-4.314672e-01
8.919368e+00,1.586305e+01,-1.598561e+00,2.086767e+00,2.454660e+00,1.479249e-02
2.965275e+01,3.210957e+01,-3.675771e+00,-5.952252e-01,4.730185e+00,8.160810e-01
8.290408e+00,-5.270511e+00,1.373168e+01,-2.810016e+00,5.422439e+00,1.979217e+00
1.103330e+01,-1.225058e+01,1.522753e+01,-2.792503e+00,2.104990e+00,1.220015e-01
-3.559502e+00,1.636409e+01,1.691151e+01,-3.406243e+00,-1.303725e+00,-1.387814e+00
-2.150342e+01,2.125004e+01,1.398361e+01,-3.947445e+00,-3.000180e+00,-8.694457e-01
-9.995880e+00,5.689500e+00,7.090292e+00,-1.978975e+00,-3.512176e+00,-1.199577e+00
-2.525235e+00,4.228554e+00,4.868990e+00,-1.012575e+00,-1.083068e+00,-3.315174e-01
1.342058e+01,1.551083e+01,3.309863e+00,-3.169124e-01,3.383615e+00,1.270985e+00
6.917852e+00,9.261694e+00,2.117803e+00,-5.561174e-01,3.546611e+00,1.195528e+00
9.050435e-01,8.575577e+00,3.839315e-01,-3.963162e-01,1.219997e+00,5.963231e-01
-1.786715e+00,9.598386e+00,-1.463732e+00,-2.905815e-01,-6.279390e-01,-2.081061e-01
-4.775317e+00,5.269791e+00,-1.128949e+00,-6.732013e-01,-1.107212e+00,-3.440749e-01
-4.488963e+00,5.611886e+00,7.721283e-01,-9.638816e-01,-9.685580e-01,-3.703575e-01
2.509669e+00,8.423865e+00,4.160627e+00,-1.494829e+00,-2.633451e-01,-8.314105e-02
3.678263e+00,9.520455e+00,4.470925e+00,-1.686278e+00,9.885759e-02,1.310187e-02
1.839039e+00,8.432224e+00,2.625969e+00,-1.797931e+00,-1.456682e-01,-1.086770e-01
1.919212e+00,8.065892e+00,-4.968890e-01,-1.854256e+00,-6.831363e-01,-1.849254e-01
2.972206e+00,9.830911e+00,-6.656212e-01,-2.210428e+00,-7.996754e-01,8.612832e-02
2.431278e+00,1.042618e+01,1.330769e+00,-2.700288e+00,-1.003145e+00,1.086499e-01
9.248823e+00,1.252907e+01,-2.348040e-01,-3.233115e+00,-1.446988e+00,1.035115e-01
6.700204e+00,2.031917e+01,-4.974678e+00,-3.620408e+00,-1.366711e+00,4.170519e-01
-8.166074e+00,1.634395e+01,1.199834e+01,-4.375912e+00,-2.416445e+00,6.485494e-01
-9.837214e+00,2.608097e+01,1.771025e+01,-4.607371e+00,-4.336178e+00,7.292245e-02
-6.864565e+00,1.407591e+01,1.774475e+01,-4.972985e+00,-3.263279e+00,1.283727e-01
3.654059e+00,1.894495e+00,1.756071e+01,-3.638137e+00,-1.336783e+00,4.973385e-01
1.134166e+01,1.131787e+01,8.333141e+00,-1.187255e+00,1.708426e+00,9.400664e-01
6.102966e+00,7.117496e+00,1.026842e+01,-1.291432e+00,1.950740e+00,5.550687e-01
3.167185e+00,4.042676e+00,8.746010e+00,7.996406e-01,7.109061e-01,-6.100025e-01
1.705975e+00,6.865030e-01,7.301681e+00,2.450206e+00,1.542721e-01,-1.138647e+00
4.592912e-01,2.999301e-01,8.473689e+00,4.049309e+00,4.352902e-01,-1.311447e+00
8.284517e-01,1.673532e+00,9.184307e+00,4.695346e+00,8.945269e-01,-1.409333e+00
1.732759e+00,2.345650e+00,1.099925e+01,5.676148e+00,1.624325e+00,-1.141302e+00
3.619619e+00,1.883188e+00,1.374519e+01,6.544141e+00,2.034498e+00,-8.488015e-01
8.188577e+00,3.593507e+00,1.125417e+01,7.793400e+00,2.224444e+00,-4.137672e-01
7.344967e+00,6.197708e+00,1.145501e+01,8.453799e+00,2.028863e+00,-1.901276e-03
-4.926218e+00,2.006849e+00,9.424242e+00,8.336064e+00,1.134226e+00,4.491294e-01
-1.220413e+01,-9.391784e+00,4.554443e+00,6.895730e+00,-2.769529e-01,3.210734e-01
-1.453336e+00,-1.285527e+01,4.580840e+00,3.619725e+00,3.665596e-01,-2.492750e-01
9.882464e+00,2.345748e+01,-1.119108e+00,8.188085e-01,2.053835e+00,3.287130e-01
-4.311556e+00,1.245008e+01,1.118682e+01,-3.655779e+00,2.388212e+00,7.015394e-01
-1.255792e+01,-8.809719e+00,1.628859e+01,-2.018340e+00,1.864220e+00,1.235110e+00
8.959037e-01,1.580389e+00,1.571367e+01,-2.719039e+00,-2.529092e+00,-2.641615e+00
-1.627917e+00,1.515053e+01,1.369085e+01,-3.534319e+00,5.201631e-01,-4.686058e-01
-5.732045e+00,1.373837e+01,8.529208e+00,-2.730780e+00,2.085819e-01,3.369697e-01
-5.616497e-01,3.983103e+00,5.461915e+00,-1.711275e+00,2.888520e-01,-6.836517e-02
9.908177e+00,1.182223e+01,2.611532e+00,-6.314177e-01,2.119860e+00,7.452089e-01
1.088053e+01,1.295479e+01,3.346609e+00,-6.975094e-01,2.886323e+00,7.900429e-01
2.655234e+00,7.447938e+00,1.199612e+00,-5.731421e-01,1.321252e+00,2.353427e-01
-1.044742e+00,7.555946e+00,1.217129e+00,-5.852905e-01,-1.252288e-01,-2.607512e-01
-1.536272e+00,8.968170e+00,-8.142554e-01,-6.409491e-01,-1.208748e+00,-6.958821e-01
-1.481346e+00,7.110254e+00,-1.804616e+00,-8.985669e-01,-1.126760e+00,-6.049429e-01
-3.563460e+00,7.211231e+00,1.522462e+00,-1.374842e+00,-1.031861e+00,-4.882093e-01
-1.948086e+00,7.741058e+00,3.016288e+00,-1.690345e+00,-1.024003e+00,-4.314340e-01
1.703228e+00,1.024807e+01,5.394842e+00,-2.052726e+00,-6.589118e-01,-2.489241e-01
3.940809e+00,9.879113e+00,4.882104e+00,-2.184102e+00,-2.128596e-01,-1.236761e-01
5.053500e+00,8.720112e+00,2.116380e-01,-2.151148e+00,-1.979870e-01,-7.523529e-02
1.984873e+00,9.571540e+00,1.975905e-01,-2.244347e+00,-4.671978e-01,-8.957946e-02
-3.241730e-01,1.140484e+01,4.327955e+00,-2.812466e+00,-1.435766e+00,-2.129773e-01
3.482891e+00,1.154222e+01,3.321783e+00,-3.398686e+00,-1.726005e+00,-9.023644e-02
1.143983e+01,2.126671e+01,-4.517577e+00,-3.807806e+00,-1.191691e+00,2.505626e-01
-1.549289e+00,2.044553e+01,7.080067e+00,-4.190973e+00,-1.292553e+00,4.058643e-01
-1.194079e+01,1.896967e+01,1.900092e+01,-4.804971e+00,-3.415685e+00,1.841444e-01
-1.061546e+01,2.279882e+01,1.903831e+01,-4.804270e+00,-5.168797e+00,-4.394702e-01
4.967516e+00,2.113071e+00,1.738194e+01,-3.335160e+00,-2.104594e+00,3.820288e-01
1.026575e+01,8.559064e+00,7.955724e+00,-1.316915e+00,6.811331e-02,6.269352e-01
3.571047e+00,6.467916e+00,9.428283e+00,-2.076274e-01,1.529265e+00,5.727120e-01
2.861636e+00,1.583341e+00,7.199420e+00,1.259194e+00,9.118914e-01,-1.944527e-01
2.780809e+00,1.700403e+00,6.937571e+00,3.332950e+00,5.448704e-01,-1.028508e+00
3.106770e+00,3.508629e+00,9.114028e+00,4.334442e+00,7.152243e-01,-1.261230e+00
1.654861e+00,1.795783e+00,1.017841e+01,5.438931e+00,1.103171e+00,-1.558305e+00
1.036442e+00,1.927539e+00,1.164377e+01,6.253361e+00,1.262754e+00,-1.516228e+00
3.164260e+00,5.162819e+00,1.461468e+01,6.992094e+00,1.606443e+00,-1.465657e+00
5.239936e+00,9.353402e+00,1.157283e+01,7.372437e+00,1.915519e+00,-1.211035e+00
1.361510e-01,6.152769e-01,7.310213e+00,7.648304e+00,1.726608e+00,-1.720781e-01
-1.090045e+01,-9.532483e+00,9.991075e+00,6.959296e+00,1.323183e+00,5.701510e-02
-5.282383e+00,-1.141038e+01,1.726540e+01,3.255438e+00,1.098552e+00,1.860217e-01
3.011841e+00,1.338761e+01,1.276629e+01,5.835204e-01,2.554691e+00,7.533488e-01
2.122392e+01,1.394036e+01,1.391563e+01,-4.394949e+00,3.957848e+00,1.324796e+00
2.679330e-01,-1.626440e+01,1.603537e+01,-4.352702e+00,4.393471e+00,2.177718e+00
4.690958e-01,1.891934e+01,1.311654e+01,-1.876955e+00,-1.057997e+00,-2.237849e+00
-1.548120e+01,1.528732e+01,1.364384e+01,-2.834664e+00,-1.263620e+00,-9.217308e-02
6.421651e+00,7.402619e+00,6.262489e+00,-1.333183e+00,-2.726034e-01,-3.914526e-01
9.433413e+00,7.746781e+00,4.723089e+00,-6.584592e-01,2.308908e+00,6.436647e-01
7.260064e+00,1.225478e+01,3.970447e+00,-3.760944e-01,2.449053e+00,4.725233e-01
2.937379e-01,1.127286e+01,5.264939e+00,-4.431508e-01,8.829597e-01,2.622731e-01
-2.076764e+00,9.647352e+00,2.997640e+00,-3.307028e-01,-1.244071e+00,-4.348285e-01
-1.693622e+00,9.143945e+00,3.989167e-01,-2.517995e-01,-1.461116e+00,-5.038366e-01
-2.254961e+00,5.939076e+00,-1.475479e+00,-1.930472e-01,-9.078112e-01,-3.260871e-01
-2.718774e+00,4.616331e+00,-7.263309e-01,-3.979043e-01,-5.889543e-01,-1.609273e-01
2.064987e-01,6.271301e+00,1.198834e+00,-8.903382e-01,-4.615721e-01,-8.007156e-02
2.164942e+00,7.846375e+00,3.004267e+00,-1.235096e+00,-4.260789e-01,-5.692470e-02
2.192913e+00,8.086295e+00,2.489150e+00,-1.616910e+00,-6.336234e-01,-1.758326e-01
7.900842e-02,6.834795e+00,1.595424e+00,-1.805441e+00,-9.754660e-01,-2.826477e-01
2.937710e+00,1.090994e+01,-2.288207e+00,-2.084216e+00,-1.183321e+00,-6.664795e-02
4.104505e+00,1.037553e+01,-2.305649e+00,-2.447859e+00,-9.090959e-01,2.652891e-01
7.197602e+00,1.154474e+01,-1.494773e+00,-2.954512e+00,-8.634445e-01,4.168366e-01
5.940437e+00,1.676982e+01,-2.187329e+00,-3.443244e+00,-1.245447e+00,4.027121e-01
-4.044087e+00,2.296624e+01,1.330858e+01,-4.272345e+00,-2.281790e+00,4.213143e-01
-1.145678e+01,2.735790e+01,1.732955e+01,-4.842223e+00,-4.098604e+00,4.312912e-01
-6.212929e+00,8.530282e+00,2.026293e+01,-4.629210e+00,-3.390141e+00,-5.452742e-03
3.346609e+00,5.514939e+00,1.564515e+01,-3.221903e+00,-1.818838e+00,1.867982e-01
9.634126e+00,1.105426e+01,1.061106e+01,-1.632280e+00,1.517028e+00,8.063329e-01
6.832033e+00,8.444059e+00,1.049771e+01,-1.085598e+00,2.285865e+00,4.194823e-01
3.775268e+00,2.155280e+00,7.869988e+00,1.230399e+00,1.421871e+00,-4.546799e-01
3.343192e+00,6.927966e-01,8.918390e+00,2.594333e+00,1.058835e+00,-9.277305e-01
3.489755e+00,2.406449e+00,8.582898e+00,3.957160e+00,1.207856e+00,-1.527856e+00
2.883200e+00,2.743002e+00,9.890532e+00,4.766492e+00,1.593324e+00,-1.735657e+00
3.028206e+00,1.565114e+00,1.180107e+01,5.770399e+00,1.746036e+00,-1.596613e+00
4.824076e+00,2.297223e+00,1.465243e+01,6.743530e+00,1.832200e+00,-1.441550e+00
7.710870e+00,6.664484e+00,1.257712e+01,7.858888e+00,1.995540e+00,-1.058387e+00
5.225436e+00,6.694208e+00,1.000907e+01,8.340867e+00,1.847325e+00,-5.397156e-01
-1.068826e+01,-4.580511e+00,6.418001e+00,7.963091e+00,1.091929e+00,2.260697e-02
-8.628143e+00,-1.521586e+01,3.450269e+00,6.364495e+00,2.124758e-01,6.071689e-03
5.937491e+00,-3.998449e+00,7.032782e+00,2.814280e+00,2.209864e+00,2.535892e-01
2.474141e+01,3.863252e+01,-8.401872e+00,-4.682961e-01,3.375192e+00,8.408157e-01
-6.457883e+00,-5.314413e+00,1.178048e+01,-4.352345e+00,2.518240e+00,6.524299e-01
-1.326725e+01,-1.180149e+01,1.686541e+01,-2.567245e+00,9.655172e-01,9.176795e-01
-4.733609e+00,1.132727e+01,1.880312e+01,-3.683906e+00,-3.122762e+00,-2.643786e+00
-1.143152e+01,1.841618e+01,1.457176e+01,-4.167101e+00,-8.331070e-01,-1.996472e-01
-3.491724e+00,1.258616e+01,1.074343e+01,-2.560061e+00,-3.396674e-01,1.419290e-02
3.397884e+00,5.893880e+00,4.153257e+00,-1.267863e+00,8.004439e-01,1.560519e-01
1.004721e+01,1.234300e+01,3.951528e+00,-5.649489e-01,2.564440e+00,8.990592e-01
6.803777e+00,1.171145e+01,3.022027e+00,-5.989064e-01,2.277199e+00,7.056309e-01
-8.159540e-01,9.462187e+00,2.512809e+00,-7.257500e-01,6.614662e-01,2.077735e-01
-2.501910e+00,9.434901e+00,9.836150e-01,-5.653057e-01,-8.965841e-01,-3.068515e-01
-2.141100e+00,7.680825e+00,-6.005501e-01,-6.313303e-01,-1.284448e+00,-3.606255e-01
-2.762887e+00,7.012057e+00,7.139503e-01,-7.656976e-01,-1.098820e+00,-2.910148e-01
-1.741625e+00,8.085596e+00,4.902382e+00,-1.123152e+00,-9.797401e-01,-2.500858e-01
1.130029e+00,8.684673e+00,6.092678e+00,-1.368128e+00,-9.800202e-01,-2.729938e-01
3.370740e+00,8.528576e+00,2.341763e+00,-1.398899e+00,-6.369926e-01,-2.034911e-01
1.754203e+00,7.794901e+00,-3.631516e+00,-1.359912e+00,-7.379992e-01,-2.427147e-01
1.371350e+00,1.064081e+01,-4.189192e+00,-1.551534e+00,-1.051754e+00,-1.326779e-01
-1.041415e+00,1.040920e+01,3.805649e-01,-2.133518e+00,-1.314118e+00,-7.871322e-03
6.668927e+00,1.193319e+01,2.222038e+00,-3.022434e+00,-1.558092e+00,-4.301906e-02
1.205897e+01,1.313433e+01,-3.952155e+00,-3.492048e+00,-1.354235e+00,2.287599e-01
-2.661992e+00,1.671307e+01,2.986758e+00,-3.792580e+00,-1.106517e+00,4.552591e-01
-1.011770e+01,1.810162e+01,1.306181e+01,-4.423544e+00,-2.668672e+00,6.351295e-01
-1.167666e+01,2.293962e+01,1.902791e+01,-4.811563e+00,-4.467093e+00,1.917128e-01
-1.671265e+00,5.440852e+00,1.854785e+01,-4.922585e+00,-2.796004e+00,2.406966e-01
1.412672e+01,1.097443e+01,9.314605e+00,-2.182579e+00,3.417488e-01,9.237477e-01
1.295284e+01,1.239262e+01,8.922852e+00,-1.446061e+00,2.615851e+00,9.780612e-01
5.525392e+00,4.422478e+00,9.424242e+00,-3.781306e-02,1.637754e+00,-9.097223e-02
2.793990e+00,7.803826e-01,7.893225e+00,1.720458e+00,5.115064e-01,-1.058752e+00
1.249041e+00,4.989339e-01,8.846887e+00,3.315617e+00,-2.852183e-01,-1.630379e+00
3.271854e-01,9.739523e-01,9.125649e+00,4.311260e+00,1.493175e-02,-2.013865e+00
9.849234e-01,2.014004e+00,1.101330e+01,5.523482e+00,9.192065e-01,-2.041899e+00
1.849228e+00,2.218785e+00,1.267547e+01,6.266333e+00,1.464128e+00,-1.809805e+00
5.506587e+00,3.285479e+00,1.255710e+01,7.249738e+00,2.061711e+00,-1.390360e+00
9.958789e+00,5.647869e+00,1.264121e+01,8.109286e+00,2.233932e+00,-8.471793e-01
-6.329411e+00,6.731474e-01,7.927874e+00,8.432218e+00,1.604367e+00,1.568849e-01
-1.635877e+01,-1.091505e+01,4.981761e+00,7.414270e+00,1.383196e-01,2.551636e-01
-3.034450e+00,-1.043021e+01,3.997287e+00,4.783540e+00,-1.810500e-01,-1.931517e-01
6.779560e+00,2.063474e+01,-4.268930e+00,1.392681e+00,2.381962e+00,3.325650e-01
-6.513239e-01,1.478653e+01,1.112618e+01,-3.098020e+00,4.190715e+00,1.463119e+00
-4.281853e-01,-5.416442e+00,1.764474e+01,-3.147185e+00,3.796616e+00,1.342244e+00
6.192479e+00,4.788591e+00,1.663827e+01,-3.444260e+00,-1.837537e-01,-1.517898e+00
-4.272848e+00,2.412071e+01,1.468172e+01,-2.964773e+00,3.119845e-01,-8.796314e-01
-1.185578e+01,1.074866e+01,9.794485e+00,-3.045057e+00,-1.336665e+00,-3.623786e-01
-1.874055e+00,5.622058e+00,5.793268e+00,-1.707485e+00,-1.233639e+00,-5.051190e-01
8.183269e+00,1.125204e+01,4.622065e+00,-6.802152e-01,1.943984e+00,6.024556e-01
5.973751e+00,1.265016e+01,2.611415e+00,-4.248230e-01,2.390646e+00,6.328972e-01
1.125304e+00,8.717518e+00,2.802594e-01,-5.532241e-01,9.797898e-01,3.777697e-01
7.307166e-01,8.790000e+00,-1.485180e+00,-3.407127e-01,-2.621786e-01,-4.944967e-02
-1.288531e+00,6.900187e+00,-3.092858e+00,-5.377244e-01,-5.869573e-01,-2.955765e-01
-5.485685e+00,5.507118e+00,-6.868507e-01,-8.896942e-01,-6.149702e-01,-2.496840e-01
-3.971606e+00,7.232512e+00,2.591685e+00,-1.421965e+00,-7.983603e-01,-2.902923e-01
1.497809e+00,8.363331e+00,4.239194e+00,-1.735266e+00,-5.343340e-01,-1.933412e-01
5.035803e+00,8.220228e+00,3.652944e+00,-1.960666e+00,3.203884e-01,-2.675520e-02
5.321711e+00,8.171447e+00,2.292632e+00,-2.001361e+00,2.188834e-01,-1.659080e-01
1.432795e-01,1.015257e+01,-1.204819e-01,-2.178233e+00,-5.789982e-01,-3.380909e-01
-2.160630e+00,1.010424e+01,2.220891e+00,-2.490053e+00,-1.161626e+00,-3.591064e-01
2.763238e+00,1.099192e+01,2.808034e+00,-3.059916e+00,-1.580488e+00,-2.343250e-01
1.173119e+01,1.693628e+01,-3.332170e+00,-3.465703e+00,-1.282140e+00,-8.924881e-02
1.650176e+00,1.826592e+01,5.785421e+00,-4.030123e+00,-9.497311e-01,4.396219e-01
-1.641439e+00,1.528360e+01,1.323753e+01,-4.580095e+00,-1.882620e+00,4.909947e-01
-1.084286e+01,2.897634e+01,1.952854e+01,-4.766796e+00,-4.409646e+00,-1.378934e-01
-6.838962e+00,9.964920e+00,2.086427e+01,-4.768699e+00,-3.725122e+00,-4.831757e-01
7.468588e+00,6.557757e+00,8.716342e+00,-2.039127e+00,-1.349990e+00,2.687690e-03
5.199472e+00,1.003541e+01,1.131319e+01,-1.158478e+00,1.033170e+00,5.972753e-01
3.327199e+00,4.919541e+00,1.086484e+01,-6.846198e-01,1.599851e+00,2.806563e-01
3.788346e+00,1.620404e+00,9.051575e+00,1.419223e+00,9.905222e-01,-6.332334e-01
2.723832e+00,-4.441844e-01,8.297930e+00,3.594558e+00,1.041238e+00,-7.430563e-01
1.532549e+00,5.024838e-01,9.227037e+00,4.529366e+00,1.082325e+00,-8.859821e-01
1.262855e+00,7.580921e-01,1.003474e+01,5.427088e+00,1.145421e+00,-8.557994e-01
2.047957e+00,9.099851e-01,1.226588e+01,6.308418e+00,1.193856e+00,-7.279158e-01
4.182746e+00,2.818866e+00,1.262597e+01,7.439791e+00,1.215984e+00,-5.684070e-01
5.194012e+00,2.778438e+00,1.176139e+01,8.153738e+00,1.180093e+00,-3.702789e-01
-1.623154e+00,6.441288e+00,7.673872e+00,8.677898e+00,1.068677e+00,-7.569845e-02
-1.079291e+01,-4.486366e+00,6.958859e+00,7.652258e+00,5.197284e-01,2.000856e-01
2.047337e+00,-1.284154e+01,5.784287e+00,4.657760e+00,4.377866e-01,-8.337863e-02
9.497139e+00,-5.391964e-01,7.869149e+00,2.033774e+00,1.981620e+00,1.938862e-01
3.138278e+01,3.937259e+01,-1.426226e+00,-1.860240e+00,3.164863e+00,4.045802e-01
-1.078875e+01,-6.614432e-01,1.183162e+01,-3.910382e+00,1.859548e+00,2.102187e-01
5.531936e+00,5.281013e+00,1.862914e+01,-6.730667e-01,-1.825663e+00,-1.383617e+00
1.044805e+01,1.879829e+01,1.211708e+01,-2.964116e+00,-1.373417e+00,-2.144030e+00
3.523772e+00,9.437028e+00,8.090795e+00,-3.877760e+00,2.765511e+00,1.413048e+00
2.883649e-02,1.021411e+01,8.477683e+00,-1.683363e+00,1.301730e+00,-1.632222e-01
-9.629379e-01,1.047068e+01,3.973566e+00,-1.294723e+00,-2.166359e-01,-2.901056e-01
-3.215133e+00,1.147004e+01,5.587433e+00,-1.074344e+00,-4.703247e-01,-2.140563e-01
2.207511e+00,9.577053e+00,2.745553e+00,-6.495154e-01,-2.860464e-01,-1.771316e-01
5.256387e+00,9.120762e+00,-3.171921e-01,-5.505040e-01,3.644578e-01,-7.845825e-02
9.735335e-01,7.516698e+00,-6.290052e-01,-4.686770e-01,6.067091e-01,6.863368e-02
-1.213926e+00,7.138411e+00,-2.958254e-01,-6.487611e-01,-1.460861e-01,-2.297528e-01
-2.516216e+00,7.729904e+00,3.250377e-01,-9.980531e-01,-9.790270e-01,-5.229441e-01
-2.035262e+00,7.760475e+00,1.872967e+00,-1.415182e+00,-1.164276e+00,-5.250405e-01
2.953369e-01,9.048219e+00,4.378222e+00,-1.788082e+00,-9.148201e-01,-4.274702e-01
-1.061271e-02,7.809963e+00,2.218626e+00,-1.911502e+00,-7.123421e-01,-3.818919e-01
3.054067e+00,9.474648e+00,1.997690e-01,-2.009438e+00,-7.021051e-01,-2.802942e-01
3.853398e+00,1.041057e+01,-6.188639e-02,-2.130794e+00,-5.536011e-01,-1.362101e-01
3.601978e+00,9.916258e+00,2.171536e+00,-2.737634e+00,-8.282063e-01,-5.687900e-02
9.608297e+00,1.152365e+01,1.930937e+00,-3.199277e+00,-1.397161e+00,-1.670700e-01
9.259345e+00,2.054056e+01,-4.209442e+00,-3.734332e+00,-1.564484e+00,6.966542e-02
-1.013263e+01,1.561265e+01,1.006981e+01,-4.121862e+00,-2.089160e+00,1.134466e-01
-1.579963e+01,2.875240e+01,2.077484e+01,-4.754097e+00,-4.507854e+00,-7.668123e-02
-1.536373e+01,2.882839e+01,2.172318e+01,-4.913990e+00,-5.523964e+00,-3.780352e-01
2.204343e+00,-1.303278e+00,1.904782e+01,-3.910849e+00,-1.736039e+00,1.027444e+00
1.086204e+01,9.471579e+00,9.886368e+00,-1.078630e+00,7.286152e-01,1.654353e+00
9.543955e+00,8.396981e+00,1.009953e+01,-9.962023e-01,3.397029e+00,1.904796e+00
7.524894e+00,2.885510e+00,8.158960e+00,7.730009e-02,2.772283e+00,1.548469e+00
4.111410e+00,-6.628633e-01,7.272870e+00,2.707254e+00,1.224153e+00,3.997720e-01
1.968426e+00,-2.043692e+00,8.117928e+00,3.813499e+00,3.516438e-01,-8.584536e-02
4.581224e-01,-4.158518e-01,8.133886e+00,4.676550e+00,-1.253436e-01,-6.191726e-01
6.981743e-01,6.551144e-01,9.712993e+00,5.365504e+00,1.074437e-01,-9.814258e-01
2.140206e+00,1.430657e+00,1.414238e+01,6.207796e+00,6.877880e-01,-1.034497e+00
2.950238e+00,2.061759e+00,1.362425e+01,6.944355e+00,1.038722e+00,-1.083870e+00
1.310039e+00,5.550176e+00,1.438724e+01,7.964864e+00,1.202846e+00,-9.580686e-01
-2.602837e+00,1.020286e+01,1.069266e+01,8.432767e+00,9.810941e-01,-6.095116e-01
-1.205794e+01,-1.317002e+01,4.915410e+00,7.242017e+00,-7.514546e-02,2.053934e-01
2.934860e+00,-1.179805e+01,6.786869e+00,5.302028e+00,2.376130e-01,-1.133884e-01
1.184214e+01,2.292406e+01,-1.756701e+00,1.369794e+00,2.355379e+00,-3.225395e-01
2.496716e+01,3.473291e+01,-4.325227e+00,-2.160577e+00,2.657951e+00,-1.549548e-02
-8.174345e+00,-4.796303e+00,1.502350e+01,-2.066628e+00,1.717916e+00,1.198722e+00
1.561233e+00,1.405412e+00,1.714767e+01,-1.700349e+00,-1.568802e+00,-1.823505e+00
2.558108e+00,1.574362e+01,1.026914e+01,-3.921725e+00,5.520029e-01,-3.113117e-01
-3.779681e+00,1.339286e+01,1.182547e+01,-3.266496e+00,7.070107e-01,1.985272e-01
-4.948838e+00,7.722793e+00,5.963715e+00,-1.599658e+00,-8.118015e-01,-7.150617e-01
3.332952e+00,9.566786e+00,6.342122e+00,-1.246160e+00,-2.130245e-01,-2.127891e-02
7.896100e+00,1.219115e+01,4.047787e+00,-6.447307e-01,1.426452e+00,3.845085e-01
5.170024e+00,9.807425e+00,3.130874e+00,-6.749744e-01,1.618305e+00,2.781569e-01
-6.344665e-01,9.933701e+00,6.419509e-01,-4.030354e-01,-2.647274e-02,-4.604668e-02
-3.633776e+00,9.173577e+00,-5.298510e-01,-3.766291e-01,-9.930003e-01,-3.842897e-01
-3.608617e+00,6.010552e+00,-1.503202e+00,-5.075400e-01,-1.460800e+00,-4.642815e-01
-3.319397e+00,6.618008e+00,-3.636754e-01,-7.224247e-01,-1.222075e+00,-4.288848e-01
1.391374e+00,7.998656e+00,3.729562e+00,-1.215183e+00,-8.505572e-01,-2.287042e-01
2.819853e+00,9.321174e+00,4.323948e+00,-1.511136e+00,-5.554999e-01,-1.521080e-01
3.202007e+00,8.364270e+00,7.109490e-01,-1.724992e+00,-4.676419e-01,-1.583615e-01
2.773873e+00,8.764451e+00,-1.433038e+00,-1.793155e+00,-6.740346e-01,-1.565845e-01
-1.096775e+00,1.107053e+01,1.683696e+00,-2.159629e+00,-1.073954e+00,-6.922927e-02
6.212359e-01,1.180229e+01,3.160225e+00,-2.635071e+00,-1.450847e+00,-3.177759e-02
9.626231e+00,1.470599e+01,-2.542817e+00,-3.191044e+00,-1.517479e+00,6.230696e-02
8.761882e+00,1.917293e+01,-6.246056e+00,-3.422306e+00,-1.044244e+00,4.439695e-01
-5.602265e+00,1.426718e+01,9.748220e+00,-3.883942e+00,-1.564105e+00,7.454996e-01
-7.063791e+00,2.542725e+01,1.678809e+01,-4.133303e+00,-3.126235e+00,3.532586e-01
-4.567845e+00,1.453885e+01,1.562081e+01,-4.636970e+00,-3.410690e+00,2.280873e-01
1.398105e+00,2.217537e+00,1.708885e+01,-3.704859e+00,-1.683667e+00,1.983866e-01
5.347445e+00,9.687048e+00,8.263118e+00,-1.064595e+00,3.469977e-01,5.289440e-01
1.362902e+00,9.283895e+00,9.706849e+00,-1.145717e+00,1.198692e+00,2.561585e-02
-2.255706e+00,5.069608e+00,9.033289e+00,1.064945e-01,5.089211e-01,-4.436083e-01
-2.745242e-01,2.102311e+00,8.770738e+00,1.445456e+00,4.406790e-01,-7.235563e-01
2.361348e+00,7.327683e-01,9.238103e+00,3.401330e+00,1.462332e+00,-4.716947e-01
3.196622e+00,2.707292e+00,9.253780e+00,4.462522e+00,2.207459e+00,-5.377330e-01
2.346155e+00,3.082143e+00,1.195132e+01,5.676984e+00,2.192660e+00,-3.185601e-01
2.631951e+00,2.950866e+00,1.435463e+01,6.629201e+00,1.680971e+00,-3.248040e-01
4.090691e+00,3.302317e+00,1.518935e+01,7.599934e+00,1.313362e+00,-2.894844e-01
4.509213e+00,3.401106e+00,1.035255e+01,8.184828e+00,1.333087e+00,-2.626603e-01
-4.459876e+00,1.636199e+00,8.652017e+00,8.010331e+00,1.289371e+00,-1.985706e-01
-7.535267e+00,-7.185939e+00,6.342721e+00,6.118158e+00,8.070022e-01,-1.884729e-01
2.478085e+00,-1.210855e+01,6.574864e+00,3.487657e+00,1.507457e+00,-2.965096e-01
8.769508e+00,1.483990e+01,-1.064412e+00,3.728062e-01,2.071731e+00,8.188016e-02
7.574538e+00,2.277751e+01,3.820874e+00,-3.839774e+00,1.489234e+00,1.962676e-01
-4.797419e+00,-7.316443e+00,1.340129e+01,-2.007329e+00,1.073001e+00,6.569097e-01
-1.028609e+00,1.524024e+00,1.459032e+01,-3.220974e+00,-7.379054e-01,-1.570882e+00
-1.119528e+00,1.733628e+01,1.188637e+01,-3.402465e+00,7.507640e-01,2.888213e-01
-3.255315e+00,1.158087e+01,7.521004e+00,-2.222880e+00,4.346702e-01,-1.165510e-01
-3.068037e+00,5.374363e+00,4.688417e+00,-1.342161e+00,1.939959e-01,-2.146176e-01
3.104354e+00,1.041143e+01,5.712863e+00,-8.577295e-01,8.092271e-01,2.635990e-01
4.800980e+00,1.249772e+01,4.011197e+00,-8.509247e-01,1.401022e+00,3.534702e-01
7.196175e-01,8.608924e+00,2.492881e+00,-7.454895e-01,5.775828e-01,1.198185e-01
3.414116e-02,9.607904e+00,1.673313e+00,-5.801621e-01,-2.312556e-01,-1.479871e-01
2.767420e-01,9.552315e+00,-4.589712e-01,-6.672901e-01,-5.036837e-01,-2.203967e-01
1.679248e-01,7.958715e+00,-5.509530e-01,-8.285700e-01,-5.277505e-01,-2.058470e-01
-2.362881e+00,7.985516e+00,2.011787e+00,-1.154242e+00,-7.597352e-01,-2.854889e-01
1.611670e+00,8.346007e+00,3.495889e+00,-1.458171e+00,-9.841466e-01,-3.416901e-01
1.514879e+00,9.144797e+00,3.900651e+00,-1.618939e+00,-7.923935e-01,-3.471010e-01
-2.985312e-01,8.494987e+00,2.253674e+00,-1.729183e+00,-1.075390e+00,-3.480889e-01
5.515120e-01,8.282549e+00,-2.447169e+00,-1.812861e+00,-1.261217e+00,-2.926848e-01
2.389049e+00,1.020717e+01,-2.532853e+00,-2.108326e+00,-9.633370e-01,-3.870592e-02
3.380673e+00,1.194040e+01,6.446124e-01,-2.851247e+00,-1.131470e+00,-1.226359e-02
5.338480e+00,1.261002e+01,9.178629e-01,-3.284873e+00,-1.442381e+00,-8.451744e-02
5.815828e+00,1.659906e+01,-2.526474e+00,-3.837679e+00,-1.417547e+00,2.702618e-01
4.533417e-01,1.464470e+01,3.331614e+00,-4.133222e+00,-1.834232e+00,4.048751e-01
-5.993254e+00,2.813620e+01,1.668481e+01,-4.642781e+00,-3.323361e+00,2.754889e-02
-1.057083e+01,1.975821e+01,1.894260e+01,-4.735295e+00,-3.238254e+00,7.647059e-02
7.387461e-01,5.346582e+00,1.431386e+01,-2.467430e+00,-1.712128e+00,3.100475e-01
5.192136e+00,1.098448e+01,1.031137e+01,-1.335967e+00,2.883924e-01,8.621446e-01
2.313182e+00,6.551637e+00,1.126044e+01,-7.292802e-01,1.379952e+00,7.828149e-01
2.470120e+00,4.705982e+00,9.213176e+00,9.915956e-01,1.207081e+00,4.909010e-01
3.799275e+00,5.161503e-01,9.119395e+00,2.748640e+00,1.255222e+00,1.483715e-01
3.969969e+00,3.075916e-01,8.439948e+00,3.936489e+00,1.401727e+00,-2.284218e-01
3.064866e+00,6.596033e-01,9.194165e+00,5.118717e+00,1.338916e+00,-6.149224e-01
2.887197e+00,5.400598e-01,9.780299e+00,5.941372e+00,1.009440e+00,-6.144199e-01
2.956140e+00,1.118093e+00,1.471935e+01,6.936705e+00,7.226153e-01,-7.924989e-01
2.620843e+00,2.174294e+00,1.396338e+01,7.711802e+00,6.786360e-01,-8.959847e-01
-1.379915e+00,5.093554e+00,1.326645e+01,8.405363e+00,8.505112e-01,-8.866287e-01
-8.221440e+00,2.397655e+00,1.090952e+01,8.219426e+00,8.908093e-01,-6.476310e-01
-6.705816e+00,-1.273801e+01,6.296528e+00,6.167505e+00,7.301886e-01,2.363014e-02
-6.755008e-01,-1.284030e+01,7.319186e+00,3.608963e+00,2.164283e+00,4.794711e-01
3.101651e+01,3.929500e+01,-8.466601e+00,-1.271613e+00,3.638167e+00,5.949990e-01
1.102925e+01,1.379057e+01,6.859995e+00,-3.693127e+00,3.243726e+00,7.098255e-01
-2.561177e+00,-7.181615e+00,1.429527e+01,-1.862083e+00,4.682623e-01,-2.571289e-01
-1.936249e+00,4.764390e+00,1.611412e+01,-3.154997e+00,-1.535496e+00,-1.935121e+00
-5.781062e+00,1.764078e+01,1.045188e+01,-3.454258e+00,-4.041059e-01,-3.077008e-02
-4.853037e+00,1.302947e+01,9.368727e+00,-2.456133e+00,-3.460867e-01,-1.415540e-01
3.368602e+00,6.839055e+00,3.379754e+00,-1.425805e+00,7.592868e-01,1.145744e-01
5.974495e+00,1.125579e+01,3.864129e+00,-1.047372e+00,1.463462e+00,4.489170e-01
3.081765e+00,1.137498e+01,3.475814e+00,-1.080041e+00,9.554704e-01,1.208560e-01
-1.339399e+00,8.944304e+00,3.576361e+00,-1.038348e+00,-1.631721e-01,-1.104522e-01
-2.226955e+00,9.170289e+00,1.726664e+00,-8.406815e-01,-1.029422e+00,-4.278582e-01
-2.320613e+00,8.707664e+00,1.055134e+00,-8.858446e-01,-7.833513e-01,-3.394917e-01
-6.754739e-01,6.818716e+00,1.463006e+00,-1.058303e+00,-2.244677e-01,-1.780750e-01
5.818624e-01,8.002322e+00,3.139843e+00,-1.246025e+00,-1.868528e-02,-1.736343e-01
3.516234e+00,7.918451e+00,4.791171e+00,-1.489090e+00,-1.749475e-01,-2.147529e-01
3.325993e+00,8.446494e+00,2.622964e+00,-1.538939e+00,-4.152770e-01,-3.033854e-01
2.292130e+00,8.465342e+00,-2.935848e+00,-1.719786e+00,-8.964789e-01,-3.018271e-01
1.914616e+00,1.045401e+01,-1.349919e+00,-2.008388e+00,-1.082166e+00,-1.894335e-01
-6.136179e-01,1.194513e+01,2.587947e+00,-2.819659e+00,-1.381850e+00,-5.340237e-02
3.629728e+00,1.328617e+01,-1.062810e+00,-3.282111e+00,-1.557625e+00,3.891982e-02
7.040699e+00,1.948436e+01,-3.190367e+00,-3.551737e+00,-1.211903e+00,6.080247e-01
2.417564e+00,1.594850e+01,8.816827e+00,-4.108033e+00,-1.454572e+00,8.991367e-01
-7.774690e+00,2.653530e+01,1.791438e+01,-4.611615e+00,-3.861213e+00,1.468359e-01
-8.483414e+00,2.628141e+01,1.745025e+01,-4.696767e+00,-3.467050e+00,-4.185360e-01
4.482425e-01,2.654486e+00,1.347675e+01,-2.616127e+00,-1.959296e+00,-4.995718e-01
4.011131e+00,9.229579e+00,1.024245e+01,-1.243259e+00,2.161901e-01,1.224199e-01
2.573063e+00,7.581637e+00,1.144391e+01,-6.754247e-01,1.470242e+00,1.063466e-01
3.768609e+00,4.157210e+00,8.882997e+00,8.977732e-01,1.672441e+00,-1.569040e-01
5.242655e+00,-6.371378e-01,8.406431e+00,2.869343e+00,2.099944e+00,-3.773681e-01
5.059771e+00,-1.336136e-01,7.915449e+00,4.067621e+00,2.227972e+00,-5.968944e-01
4.030482e+00,2.103040e+00,8.973118e+00,5.107983e+00,1.846781e+00,-5.638961e-01
3.566780e+00,1.476765e+00,9.846810e+00,5.905182e+00,1.330076e+00,-2.180468e-01
3.639578e+00,1.581496e+00,1.306887e+01,6.862559e+00,8.484347e-01,-1.716305e-01
3.925540e+00,2.682975e+00,1.222872e+01,7.575821e+00,6.620381e-01,-1.380414e-01
-1.585869e+00,3.060628e+00,9.687008e+00,8.175218e+00,5.965464e-01,-2.564442e-02
-5.891292e+00,5.409900e+00,1.093459e+01,7.885899e+00,5.144192e-01,-5.288264e-02
-5.495748e+00,-1.203766e+01,7.254508e+00,5.188445e+00,5.482458e-01,6.012729e-02
1.462558e+00,-9.335326e+00,8.411585e+00,2.727672e+00,1.567714e+00,-1.461510e-01
1.646210e+01,3.673661e+01,-4.256722e+00,-1.707053e+00,1.818306e+00,7.653026e-02
-7.591265e-01,1.914828e+01,1.142739e+01,-4.096304e+00,1.459583e+00,-2.667122e-02
-5.107259e+00,-1.114562e+01,1.393346e+01,-1.659542e+00,4.210563e-01,-1.569750e-02
1.666413e+00,1.523138e+00,1.619340e+01,-2.935355e+00,-1.840406e-01,-1.485148e+00
7.179213e+00,1.821684e+01,9.274418e+00,-3.456785e+00,2.266412e+00,1.039881e+00
-7.803097e-01,1.079872e+01,8.652985e+00,-1.962424e+00,1.292056e+00,7.973646e-02
6.993049e-02,6.936636e+00,5.105592e+00,-1.369551e+00,-1.463189e-01,-1.184811e-01
2.943911e+00,1.170164e+01,5.500959e+00,-1.099337e+00,2.780693e-01,-2.429591e-02
3.692302e+00,9.800954e+00,3.617051e+00,-1.114448e+00,5.570620e-01,-2.902422e-02
2.805607e+00,8.561806e+00,3.202352e+00,-1.018229e+00,2.267147e-01,-8.465787e-02
1.116729e+00,9.738636e+00,2.508620e+00,-8.905375e-01,-6.576422e-01,-3.796634e-01
-1.100080e+00,9.244302e+00,1.180008e+00,-1.035352e+00,-1.066025e+00,-4.505272e-01
-8.845648e-01,8.859682e+00,1.588812e+00,-1.209805e+00,-1.328003e+00,-4.594125e-01
-7.910830e-01,7.900274e+00,3.429726e+00,-1.414000e+00,-1.344778e+00,-4.422844e-01
2.213261e+00,7.418136e+00,4.128726e+00,-1.540401e+00,-1.482451e+00,-4.044331e-01
4.258796e-02,8.076552e+00,2.202935e+00,-1.612495e+00,-1.477498e+00,-3.836119e-01
1.146964e+00,9.890137e+00,-4.781379e+00,-1.850259e+00,-1.661217e+00,-2.079157e-01
4.490576e+00,1.082425e+01,-4.476344e+00,-2.223407e+00,-1.421106e+00,1.222934e-01
6.402367e+00,1.245015e+01,-1.911374e+00,-3.013231e+00,-1.350791e+00,1.612053e-01
6.104598e+00,1.661418e+01,-4.508037e+00,-3.665413e+00,-1.718155e+00,1.978732e-01
-7.450408e+00,2.128169e+01,1.228622e+01,-4.487687e+00,-2.368730e+00,3.709273e-01
-6.860650e+00,2.628934e+01,1.837737e+01,-4.870796e+00,-3.606741e+00,2.297300e-01
-7.104703e+00,2.128377e+01,1.884706e+01,-5.011997e+00,-2.958085e+00,2.076931e-01
-2.915153e+00,3.642739e+00,2.257586e+01,-3.462767e+00,-1.563719e+00,7.813694e-01
8.071385e+00,9.091651e+00,1.184999e+01,-6.043326e-01,8.690376e-01,8.029299e-01
5.903206e+00,9.411779e+00,1.231568e+01,-5.470090e-01,2.070088e+00,5.505986e-01
2.476340e+00,3.492488e+00,9.378828e+00,1.070832e+00,1.662937e+00,6.038809e-01
2.182118e+00,1.523722e+00,7.966914e+00,2.859315e+00,1.231622e+00,-2.771919e-02
3.837818e+00,-2.480844e+00,7.789698e+00,4.762971e+00,1.305300e+00,-5.624461e-01
4.754409e+00,-2.343252e-01,7.882917e+00,5.626519e+00,1.720528e+00,-9.508713e-01
3.772700e+00,1.119709e+00,1.037562e+01,6.179769e+00,1.725239e+00,-1.029572e+00
3.156060e+00,1.644943e+00,1.228950e+01,6.790403e+00,1.387200e+00,-1.008162e+00
9.923877e-01,2.032081e+00,1.175225e+01,7.828259e+00,1.006565e+00,-1.057000e+00
-3.534444e+00,8.283381e+00,1.103914e+01,8.315173e+00,1.139752e+00,-1.091609e+00
-6.993870e+00,4.395596e+00,9.697396e+00,7.573258e+00,1.434621e+00,-4.940163e-01
-4.659059e+00,-9.840214e+00,4.371681e+00,6.132097e+00,1.461128e+00,1.859341e-01
5.951031e+00,-6.445596e+00,6.960460e+00,2.891129e+00,2.690435e+00,4.519138e-01
9.059043e+00,2.682429e+01,-5.203637e+00,-4.896778e-01,3.036491e+00,2.047829e-01
-2.835561e+00,8.820560e+00,6.284305e+00,-3.851639e+00,1.853726e+00,3.076597e-01
-9.900043e-01,-9.113127e+00,1.412040e+01,-2.829788e+00,1.156623e+00,8.301977e-01
2.422348e+00,-1.112845e+00,1.380831e+01,-3.815434e+00,4.453919e-01,-7.551854e-01
1.549790e+00,1.829950e+01,1.027124e+01,-3.236204e+00,1.291012e+00,3.612737e-01
-6.005521e+00,1.409760e+01,8.740237e+00,-2.632488e+00,4.872047e-01,-2.268955e-01
-4.179276e+00,3.006255e+00,3.383145e+00,-1.937813e+00,2.529750e-01,-1.355733e-01
5.473347e+00,1.099860e+01,5.185141e+00,-8.450337e-01,1.357201e+00,2.641659e-01
6.753144e+00,1.267296e+01,3.379920e+00,-1.025392e+00,1.826552e+00,3.610362e-01
1.904188e+00,7.154150e+00,2.671736e+00,-1.100153e+00,9.821218e-01,9.164096e-02
2.329347e-01,9.409239e+00,3.330109e+00,-8.651677e-01,-2.383100e-01,-2.751643e-01
-8.631360e-01,9.906922e+00,3.454733e+00,-1.033793e+00,-8.719239e-01,-4.913306e-01
-1.029572e+00,8.557216e+00,2.867452e+00,-1.035039e+00,-8.548646e-01,-4.855556e-01
-1.762520e+00,8.256155e+00,4.009848e+00,-1.115567e+00,-7.376470e-01,-4.023604e-01
8.733226e-01,9.226558e+00,4.863946e+00,-1.194611e+00,-6.985650e-01,-3.299975e-01
3.160214e+00,9.287351e+00,3.938559e+00,-1.230975e+00,-6.257499e-01,-3.627243e-01
2.060618e+00,8.136117e+00,-2.001648e-01,-1.217074e+00,-9.079177e-01,-3.991850e-01
-7.235307e-01,6.351076e+00,-4.987666e+00,-1.385444e+00,-1.490469e+00,-4.148626e-01
2.334396e-01,8.151669e+00,-2.823017e+00,-1.821451e+00,-1.746232e+00,-2.869034e-01
3.330530e+00,1.220488e+01,1.142781e+00,-2.872372e+00,-1.557824e+00,-4.771255e-02
9.493156e+00,1.129659e+01,-9.708697e-01,-3.506251e+00,-1.379735e+00,1.838826e-01
1.066870e+01,1.414465e+01,-4.207434e+00,-3.955461e+00,-1.433575e+00,3.695617e-01
-2.216389e+00,1.582273e+01,9.393237e+00,-4.527174e+00,-2.489794e+00,1.301846e-01
-1.931501e+01,3.017925e+01,2.258883e+01,-5.182196e+00,-5.447485e+00,-3.674696e-01
-1.722908e+01,1.963071e+01,2.022466e+01,-5.411466e+00,-4.831559e+00,-3.446381e-01
4.390385e+00,2.215251e+00,1.962434e+01,-2.844627e+00,-7.505354e-01,1.028185e+00
1.242500e+01,1.149284e+01,1.334973e+01,-1.217540e+00,2.569057e+00,1.528206e+00
7.879812e+00,4.996900e+00,1.168799e+01,-5.418374e-01,3.336767e+00,1.013592e+00
5.957748e+00,1.674280e+00,8.846884e+00,1.490789e+00,2.306616e+00,3.083606e-01
2.495218e+00,-1.876838e+00,7.606956e+00,3.453365e+00,1.119062e+00,-4.181807e-01
1.468787e+00,-1.325583e+00,7.792068e+00,4.456321e+00,7.605550e-01,-8.949559e-01
1.766343e+00,1.409802e+00,8.360376e+00,5.431330e+00,1.121023e+00,-1.491457e+00
2.571524e+00,1.969988e+00,1.058838e+01,6.150680e+00,1.505977e+00,-1.303917e+00
3.155222e+00,3.021812e+00,1.353760e+01,7.021279e+00,1.807984e+00,-9.694896e-01
3.221438e+00,2.368560e+00,1.254141e+01,7.767538e+00,1.801338e+00,-5.684795e-01
-2.492239e-01,4.466795e+00,1.088359e+01,8.399981e+00,1.793353e+00,1.871423e-01
-4.031371e+00,8.064072e-01,8.855030e+00,7.778586e+00,1.398508e+00,9.238695e-01
-3.774391e+00,-1.308771e+01,6.130331e+00,5.802278e+00,1.231314e+00,1.145621e+00
4.508841e+00,-8.065534e+00,8.002429e+00,2.903656e+00,2.233844e+00,8.305793e-01
8.272605e+00,3.683402e+01,1.601883e+01,-2.409476e+00,2.569020e+00,5.150886e-01
-6,8.203735e+00,1.636980e+01,-4.994007e+00,1.643070e+00,3.398174e-01
4.918492e+00,-1.702553e+01,1.181261e+01,-3.409993e+00,-1.252561e+00,-1.419525e+00
-1.581935e+00,1.345732e+01,1.490337e+01,-2.778798e+00,-3.172175e-01,-1.443599e+00
-4.592305e+00,1.845001e+01,1.249700e+01,-3.103023e+00,5.990413e-01,5.321280e-01
6.807019e+00,8.428178e+00,5.327889e+00,-1.780367e+00,1.187083e+00,6.654906e-02
5.147978e+00,6.289516e+00,6.635071e+00,-8.734032e-01,2.452720e+00,3.775435e-01
6.310078e+00,1.329594e+01,5.862090e+00,-5.284723e-01,1.355338e+00,5.435064e-02
7.475052e-01,9.437790e+00,4.092379e+00,-7.530912e-01,-2.766781e-01,-3.587497e-01
-8.161340e-01,9.521899e+00,2.888905e+00,-5.039928e-01,-1.230735e+00,-6.479886e-01
-2.868208e+00,1.026020e+01,2.497222e+00,-4.543262e-01,-1.353419e+00,-6.065108e-01
-4.996286e+00,8.863003e+00,1.042828e+00,-4.769844e-01,-1.205060e+00,-5.035463e-01
-2.452172e+00,7.055500e+00,1.225995e+00,-4.995708e-01,-9.396747e-01,-4.171314e-01
-1.496281e+00,8.371078e+00,2.069706e+00,-6.698066e-01,-5.622172e-01,-3.508492e-01
4.344846e+00,7.806476e+00,2.233987e+00,-9.548275e-01,-3.979654e-01,-3.487597e-01
2.059859e+00,7.728219e+00,2.240446e-01,-1.126131e+00,-5.977659e-01,-4.863641e-01
-2.112496e+00,7.367575e+00,-4.177433e+00,-1.492094e+00,-1.443908e+00,-6.266987e-01
2.815552e-01,9.610242e+00,-2.418972e+00,-1.902377e+00,-1.639760e+00,-4.924909e-01
5.970188e+00,1.094252e+01,-2.226282e-01,-2.674104e+00,-1.248841e+00,-2.583635e-01
7.850380e+00,1.150946e+01,-9.405565e-02,-3.204727e+00,-9.932194e-01,-1.232390e-01
1.000755e+01,1.416628e+01,-1.944996e+00,-3.846817e+00,-1.320706e+00,8.686254e-02
-4.230704e+00,1.684970e+01,7.756879e+00,-4.226978e+00,-1.993465e+00,-8.593422e-02
-1.332134e+01,3.268580e+01,1.988878e+01,-4.797522e+00,-4.192386e+00,-5.510446e-01
-1.432902e+01,2.581840e+01,1.920437e+01,-5.307273e+00,-4.766851e+00,-6.277057e-01
4.645460e+00,3.909737e+00,1.562687e+01,-2.875375e+00,-2.187191e+00,6.088305e-01
1.148274e+01,1.242550e+01,9.985803e+00,-1.080876e+00,8.837489e-01,1.003029e+00
4.592827e+00,6.951321e+00,1.199653e+01,-1.220350e+00,2.038877e+00,7.180593e-01
1.434462e+00,3.874343e+00,9.081332e+00,6.521461e-01,9.324693e-01,3.284490e-01
9.799606e-01,-3.360577e-01,8.643942e+00,3.140619e+00,3.260560e-01,-4.444803e-01
1.168373e+00,4.455897e-01,9.142330e+00,4.351598e+00,6.996441e-01,-9.001291e-01
2.645900e+00,7.895394e-01,1.029452e+01,5.403908e+00,1.290313e+00,-1.287981e+00
3.358281e+00,3.306821e-01,1.074622e+01,6.233059e+00,1.507837e+00,-1.040095e+00
2.185910e+00,7.914056e-02,1.408121e+01,7.428377e+00,1.352165e+00,-7.671632e-01
1.940084e-02,-1.296090e+00,1.562411e+01,8.078431e+00,1.037225e+00,-7.806713e-01
-3.679613e+00,6.978206e+00,1.154137e+01,8.471773e+00,9.745091e-01,-7.529501e-01
-5.818295e+00,2.833415e+00,1.029043e+01,7.955187e+00,1.115666e+00,-3.741617e-01
9.092990e-01,-1.390653e+01,6.070369e+00,5.276127e+00,2.004902e+00,4.009429e-01
9.649208e+00,-1.031321e+01,5.875509e+00,2.646004e+00,2.957298e+00,3.151439e-01
3.252899e+01,3.941000e+01,-1.563788e+01,-1.476907e+00,2.958219e+00,8.343152e-02
-1.137752e+01,-9.407125e-01,1.366467e+01,-3.730208e+00,1.296135e+00,-7.844802e-02
3.005658e+00,-4.832015e+00,1.631449e+01,-1.945548e+00,-1.885913e+00,-1.628489e+00
8.852878e-01,8.078154e+00,1.736644e+01,-3.531630e+00,-3.780311e-01,-1.302806e+00
-6.210215e+00,1.951040e+01,1.160471e+01,-3.612568e+00,7.124135e-01,4.803174e-01
-3.850530e+00,1.213556e+01,9.562925e+00,-2.254247e+00,5.903308e-02,-1.025182e-01
1.703835e+00,7.161243e+00,4.314380e+00,-9.716792e-01,7.746857e-01,3.012341e-01
6.308650e+00,1.210901e+01,4.976693e+00,-7.596599e-01,1.646272e+00,5.911111e-01
5.633475e+00,1.033222e+01,2.646366e+00,-7.371095e-01,1.738130e+00,4.806682e-01
4.018391e+00,8.288391e+00,1.746192e+00,-7.695029e-01,9.539904e-01,2.941915e-01
3.026640e-01,1.013835e+01,5.465530e-01,-6.554006e-01,-3.979283e-01,-2.922460e-01
-3.303392e+00,8.090798e+00,3.119743e-01,-8.599945e-01,-9.410016e-01,-3.460263e-01
-4.615842e+00,6.374158e+00,8.981235e-01,-1.024770e+00,-1.317296e+00,-4.738121e-01
-1.886370e+00,7.191756e+00,2.046444e+00,-1.210171e+00,-1.217965e+00,-4.230116e-01
-1.015880e+00,8.919008e+00,3.981143e+00,-1.535809e+00,-7.743558e-01,-2.787776e-01
1.039945e+00,8.365478e+00,2.083177e+00,-1.631390e+00,-7.031594e-01,-2.500526e-01
3.410423e+00,8.815896e+00,-3.404557e+00,-1.696894e+00,-6.671304e-01,-2.527560e-01
2.234236e+00,9.503357e+00,-4.373652e-01,-2.071381e+00,-9.274698e-01,-1.834220e-01
1.461484e+00,1.317732e+01,2.604947e+00,-2.769686e+00,-1.478759e+00,-2.719279e-01
4.617959e+00,1.515668e+01,-9.078058e-01,-3.293138e+00,-1.650515e+00,-1.768867e-01
8.392690e-01,1.707211e+01,3.765909e-01,-3.737736e+00,-1.389295e+00,3.505258e-01
-4.764546e-01,1.646237e+01,7.938303e+00,-4.125196e+00,-1.710167e+00,6.024416e-01
-3.376002e+00,2.569929e+01,1.589744e+01,-4.568526e+00,-2.930416e+00,1.744653e-01
-3.911670e+00,1.770341e+01,1.824843e+01,-4.769816e+00,-2.558637e+00,1.391820e-02
1.995191e+00,4.624306e+00,1.146962e+01,-2.547999e+00,-1.693149e+00,-2.795360e-01
1.398478e+00,1.145547e+01,1.049174e+01,-1.361280e+00,-3.227195e-01,-1.632928e-02
-2.100709e+00,5.011729e+00,1.136502e+01,-9.096291e-01,3.367154e-01,1.729397e-01
-1.640388e-01,3.247056e+00,9.369196e+00,7.489782e-01,4.016150e-01,-1.560235e-01
3.837988e+00,6.962722e-02,9.016460e+00,3.165603e+00,1.808719e+00,-1.735709e-01
5.064805e+00,4.326888e-01,8.455772e+00,4.262152e+00,2.324915e+00,-3.003919e-01
4.309600e+00,1.444529e+00,8.910600e+00,5.235139e+00,2.262180e+00,-3.530098e-01
3.007543e+00,9.296274e-01,1.087763e+01,5.950930e+00,1.638375e+00,-3.123150e-01
1.573913e+00,2.090962e+00,1.439606e+01,7.069446e+00,5.487513e-01,-5.201880e-01
1.645007e+00,2.116229e+00,1.374999e+01,7.762607e+00,1.878449e-01,-6.990019e-01
-2.825809e+00,5.920250e+00,9.480328e+00,8.289342e+00,4.703451e-01,-8.385374e-01
-6.205391e+00,2.657083e+00,8.285071e+00,7.868043e+00,7.502554e-01,-8.510656e-01
-6.321582e+00,-1.155025e+01,5.543000e+00,5.232653e+00,1.101512e+00,-2.779075e-01
1.979014e+00,-9.825414e+00,7.553808e+00,3.017582e+00,1.914854e+00,-4.683082e-02
1.084019e+01,2.413203e+01,3.581804e+00,-8.065107e-01,3.002576e+00,4.727232e-01
3.371125e+01,3.936712e+01,-1.729341e+01,-3.407587e+00,2.774979e+00,4.108880e-01
-2.137566e+01,-1.258352e+01,9.888867e+00,-2.065257e+00,1.419093e+00,1.136242e+00
-4.330414e+00,-3.011267e+00,1.386986e+01,-6.500290e-01,-1.798594e+00,-1.574985e+00
9.334696e+00,1.827348e+01,7.717128e+00,-3.466276e+00,1.316736e+00,1.427125e-01
9.831860e+00,1.496683e+01,9.283255e+00,-3.433961e+00,3.169187e+00,1.365997e+00
-3.307001e+00,5.650599e+00,5.743800e+00,-1.607313e+00,3.176111e-01,-4.611617e-01
-1.979501e+00,8.517697e+00,6.050837e+00,-1.504826e+00,-9.068375e-01,-3.946641e-01
4.833998e+00,1.260300e+01,4.845747e+00,-1.201204e+00,1.192960e-01,-1.332781e-02
4.360225e+00,9.759194e+00,3.542285e+00,-1.182112e+00,7.156486e-01,-2.546254e-02
-5.123860e-01,9.371124e+00,3.558028e+00,-9.496123e-01,-3.838935e-02,-1.317636e-01
-2.607171e+00,1.005205e+01,3.528976e+00,-8.795423e-01,-8.033013e-01,-3.852208e-01
-2.471490e+00,7.659496e+00,1.736616e+00,-8.523318e-01,-1.167906e+00,-4.501823e-01
-1.659155e+00,6.744153e+00,1.134157e+00,-8.146074e-01,-9.791634e-01,-4.087131e-01
-2.321626e+00,6.991296e+00,2.777971e+00,-9.573182e-01,-5.337564e-01,-2.625605e-01
-1.630326e+00,7.561935e+00,4.008387e+00,-1.158921e+00,-5.013653e-01,-2.267142e-01
1.490920e+00,7.673283e+00,9.492319e-01,-1.284184e+00,-3.155049e-01,-2.027810e-01
3.825632e+00,8.148929e+00,-9.213848e-01,-1.375120e+00,-2.942031e-02,-1.233204e-01
2.147640e+00,1.035124e+01,-7.398921e-01,-1.724789e+00,-3.387141e-02,7.521314e-02
-4.828822e-01,1.110311e+01,1.088818e+00,-2.168430e+00,-5.464478e-01,-3.330939e-02
7.007346e+00,1.378839e+01,1.001386e+00,-2.896008e+00,-1.371419e+00,-1.710458e-01
2.254239e+01,1.188199e+01,-4.897755e+00,-3.364520e+00,-1.232058e+00,5.051720e-02
-3.245019e-02,1.399374e+01,7.310427e+00,-3.782878e+00,-1.468830e+00,-9.511932e-02
-9.527269e+00,2.091285e+01,1.615501e+01,-4.341720e+00,-3.348042e+00,-4.687194e-01
-2.485597e+01,2.559897e+01,2.178483e+01,-4.999188e+00,-7.272336e+00,-7.466067e-01
-1.075515e+01,4.180905e+00,2.137904e+01,-4.750934e+00,-5.158164e+00,-3.316034e-01
8.495607e+00,6.507837e+00,1.457038e+01,-1.628610e+00,-3.150041e-01,1.699507e+00
1.095437e+01,1.082351e+01,1.110730e+01,-1.009569e+00,3.238305e+00,2.027188e+00
7.498749e+00,4.973632e+00,8.251250e+00,-3.782538e-01,3.620619e+00,1.542306e+00
4.815816e+00,3.016820e+00,7.552834e+00,1.520153e+00,2.371958e+00,7.831453e-01
9.616415e-01,-3.185177e-01,9.144655e+00,3.252620e+00,7.258382e-01,1.525152e-01
6.564294e-01,1.363903e-01,9.161346e+00,4.169727e+00,3.471944e-01,-3.781150e-01
2.076671e+00,1.082497e+00,1.009084e+01,5.157425e+00,7.103193e-01,-9.246363e-01
2.437181e+00,-1.781885e-01,1.258645e+01,5.923969e+00,9.560060e-01,-9.034882e-01
7.274119e-01,-5.061246e-01,1.480438e+01,7.120588e+00,8.881153e-01,-1.127596e+00
-2.250026e-02,-2.500073e+00,1.585162e+01,7.909894e+00,7.037525e-01,-1.216138e+00
-1.876933e+00,5.874911e+00,1.082205e+01,8.445476e+00,8.593480e-01,-1.045056e+00
-9.039646e+00,-2.079261e+00,1.024133e+01,7.774037e+00,1.209499e+00,-5.993166e-01
-2.699403e-01,-1.443964e+01,5.524182e+00,4.599133e+00,1.876899e+00,1.450916e-01
1.479586e+01,2.773098e+01,-1.005748e+01,1.854387e+00,3.238826e+00,5.091486e-01
5.322839e+00,1.330137e+01,7.782636e+00,-2.756267e+00,4.040618e+00,1.123652e+00
4.202466e+00,-5.109093e+00,1.371618e+01,-3.148397e+00,3.954381e+00,2.054822e+00
2.729677e+00,4.211702e+00,1.290158e+01,-3.000616e+00,3.221912e-01,-1.427664e+00
-6.765115e+00,2.026713e+01,1.351496e+01,-2.664789e+00,-2.620929e-01,-5.438819e-01
-1.163312e+01,1.612165e+01,1.063797e+01,-2.466324e+00,-1.153648e+00,-4.006439e-01
-1.053787e+00,3.380525e+00,5.356796e+00,-1.622615e+00,-1.434163e+00,-8.676706e-01
1.072509e+01,1.333103e+01,4.890452e+00,-4.659047e-01,1.835321e+00,6.109724e-01
1.104594e+01,1.375567e+01,3.376345e+00,-5.846523e-01,2.305155e+00,4.146573e-01
2.308518e+00,8.884151e+00,2.651617e+00,-5.794336e-01,1.033369e+00,4.037780e-01
-9.328570e-01,9.821128e+00,2.615188e+00,-4.055765e-01,-6.700611e-01,-2.600676e-01
-3.338955e+00,9.233688e+00,9.768814e-01,-5.284671e-01,-1.563615e+00,-5.431845e-01
-3.354648e+00,7.627830e+00,6.917430e-01,-5.579954e-01,-1.394163e+00,-5.465582e-01
-2.919330e+00,6.233403e+00,1.781603e+00,-7.076113e-01,-9.166282e-01,-2.762337e-01
-1.732333e+00,7.237545e+00,2.119018e+00,-8.552488e-01,-6.628650e-01,-1.801223e-01
2.096173e+00,7.636445e+00,2.307070e+00,-1.207020e+00,-2.282845e-01,-5.708751e-02
2.739471e+00,7.755066e+00,8.378826e-01,-1.364018e+00,-1.202615e-01,-9.500651e-03
2.201578e+00,8.985322e+00,-6.814129e-01,-1.573460e+00,-3.533618e-01,-1.656255e-02
2.474347e+00,9.105623e+00,-2.750742e-01,-1.851003e+00,-6.189828e-01,1.599080e-02
3.190738e+00,1.157837e+01,2.578309e+00,-2.456425e+00,-8.142071e-01,2.925047e-02
6.897339e+00,1.238387e+01,2.076513e+00,-2.943910e+00,-8.779793e-01,1.279276e-01
1.026184e+01,1.984516e+01,-5.337510e+00,-3.324006e+00,-9.467167e-01,3.254250e-01
-4.333481e+00,1.600380e+01,5.644295e+00,-3.661368e+00,-1.382998e+00,3.630900e-01
-1.364174e+01,2.509421e+01,1.927082e+01,-4.345533e+00,-4.224617e+00,9.511985e-02
-1.336627e+01,2.393244e+01,1.975664e+01,-4.616340e+00,-4.830306e+00,-3.985465e-02
-3.645874e-01,8.240062e-01,1.823408e+01,-3.834112e+00,-2.028323e+00,7.746461e-01
5.811481e+00,1.872457e+00,1.309500e+01,-1.717580e+00,9.593013e-02,1.480921e+00
5.529408e+00,7.956105e+00,9.988330e+00,-5.490056e-01,2.652047e+00,1.616180e+00
3.439747e+00,5.391099e+00,9.435860e+00,-9.194832e-03,2.246726e+00,1.291185e+00
1.843904e+00,5.385285e-01,7.480931e+00,1.800243e+00,1.344631e+00,6.005524e-01
1.745449e+00,-6.798849e-01,7.772936e+00,2.978910e+00,9.714755e-01,5.101464e-01
2.093285e+00,-3.167874e-01,8.182683e+00,4.526290e+00,9.159536e-01,3.341070e-02
1.891386e+00,1.359225e+00,9.754971e+00,5.219052e+00,1.099531e+00,-2.504426e-01
1.722418e+00,2.939782e-01,1.340275e+01,6.059974e+00,1.103131e+00,-3.430577e-01
4.940294e-01,4.592519e-01,1.229955e+01,6.738247e+00,9.592659e-01,-4.297169e-01
-8.292381e-01,1.954935e+00,1.268218e+01,7.808748e+00,1.113320e+00,-4.664265e-01
-4.834940e+00,9.069568e+00,1.144335e+01,7.933025e+00,1.622001e+00,-2.323176e-01
-5.884478e+00,-8.540449e+00,6.060691e+00,6.482744e+00,1.895497e+00,7.241257e-01
3.888894e+00,-9.006339e+00,5.289624e+00,4.899487e+00,2.421019e+00,7.912103e-01
1.453226e+01,1.694125e+01,-1.304902e-01,8.570745e-01,4.378700e+00,9.249784e-01
2.356254e+01,3.502821e+01,-1.591530e-01,-2.064161e+00,3.297533e+00,1.692002e-01
-9.638772e+00,-8.068240e-01,1.304183e+01,-2.002650e+00,1.607599e+00,1.048115e+00
-2.876790e-01,1.698320e+00,1.417326e+01,-1.234339e+00,-1.582664e+00,-1.342840e+00
-6.397632e-01,1.108422e+01,8.852057e+00,-3.389240e+00,4.852788e-01,-5.913573e-01
-3.285197e+00,1.534674e+01,7.019503e+00,-2.530062e+00,9.928583e-01,2.806044e-01
-2.316853e+00,8.771291e+00,5.968518e+00,-1.494304e+00,5.063150e-01,-3.018425e-01
-3.553943e-01,6.373970e+00,4.711481e+00,-1.098877e+00,8.253964e-01,2.063064e-03
6.096663e+00,1.184234e+01,4.426342e+00,-7.099539e-01,1.673858e+00,3.219674e-01
5.511137e+00,9.529841e+00,4.153135e+00,-7.655430e-01,1.951509e+00,4.358200e-01
4.351647e+00,8.709018e+00,2.455780e+00,-5.016052e-01,1.161680e+00,1.358736e-01
2.911864e+00,8.992656e+00,2.371803e+00,-4.808864e-01,3.936650e-01,-1.169732e-01
-2.729804e-01,8.919119e+00,1.505933e+00,-5.605755e-01,-4.506553e-01,-4.492788e-01
-2.911402e+00,7.778785e+00,1.310280e+00,-6.951128e-01,-8.256876e-01,-5.984869e-01
-1.516967e+00,8.885002e+00,3.607009e+00,-9.209556e-01,-9.171623e-01,-5.785016e-01
1.120666e+00,8.693166e+00,4.203669e+00,-1.075828e+00,-6.231368e-01,-4.584079e-01
3.293602e+00,9.189430e+00,3.037755e+00,-1.258149e+00,1.880764e-01,-1.209426e-01
2.578157e+00,8.306007e+00,4.055994e-01,-1.353797e+00,1.284745e-01,-4.693549e-02
2.693060e+00,9.064379e+00,-1.028983e+00,-1.595105e+00,-4.559055e-01,-5.936093e-02
1.009263e+00,1.105019e+01,1.904248e+00,-2.038707e+00,-8.064681e-01,-5.780125e-02
1.588363e+00,1.055897e+01,3.748960e+00,-2.659649e+00,-1.202756e+00,-6.276537e-02
6.701817e+00,1.272017e+01,-3.119724e-02,-3.025695e+00,-1.467418e+00,-8.566731e-03
7.816545e+00,2.110665e+01,-2.367989e+00,-3.497509e+00,-1.107294e+00,4.702817e-01
-1.507320e+00,1.785834e+01,8.016622e+00,-4.103588e+00,-1.695253e+00,8.139547e-01
-1.279178e+01,2.346743e+01,1.799986e+01,-4.407095e+00,-4.325953e+00,3.875897e-01
-8.302454e+00,2.127702e+01,1.688018e+01,-4.302198e+00,-3.857659e+00,-1.085434e-01
3.051883e+00,-2.612667e-01,1.436489e+01,-3.274497e+00,-1.083181e+00,8.096360e-01
6.830320e+00,7.656436e+00,8.798018e+00,-5.626513e-01,1.201730e+00,1.161763e+00
2.499440e+00,7.922374e+00,1.076787e+01,-5.483780e-01,2.110717e+00,1.169000e+00
1.583930e+00,3.609039e+00,9.411791e+00,9.496610e-01,1.367969e+00,6.992659e-01
5.051678e-01,-1.454866e-01,8.529144e+00,2.927595e+00,9.430730e-01,2.787576e-01
2.142030e-01,9.173598e-02,8.945218e+00,4.011188e+00,7.726942e-01,2.155996e-01
-2.781515e-01,1.882148e+00,9.673064e+00,5.033866e+00,9.775423e-01,2.413957e-02
-5.192168e-01,1.970522e+00,1.063419e+01,5.783637e+00,1.214778e+00,1.326433e-02
2.953500e-01,1.528245e+00,1.349864e+01,6.741643e+00,1.398878e+00,-2.205036e-02
4.506730e-01,2.265677e-01,1.319821e+01,7.293922e+00,1.629762e+00,-5.815109e-02
-4.709210e-01,4.932145e+00,1.102682e+01,7.988007e+00,2.480614e+00,8.776530e-02
-3.765947e-01,1.494148e+00,9.043932e+00,7.430343e+00,2.535260e+00,5.076447e-01
7.659329e-01,-9.163970e+00,7.477495e+00,5.032195e+00,2.538297e+00,1.243484e+00
3.344215e+00,-5.214632e+00,6.594106e+00,2.921060e+00,2.114648e+00,3.659200e-01
1.574859e+01,3.547413e+01,6.562573e+00,-1.672228e+00,9.908132e-01,-7.715236e-01
-3.405375e+00,3.868861e+00,8.502806e+00,-3.334764e+00,7.610673e-01,-3.571960e-02
-1.510812e+00,-3.893110e+00,1.533350e+01,-2.836032e+00,5.852454e-02,8.826014e-02
4.745030e+00,5.744431e+00,1.485964e+01,-2.726504e+00,2.659132e-01,-8.743296e-01
2.829965e+00,1.822254e+01,7.255760e+00,-2.331187e+00,2.535627e+00,4.323639e-01
-1.656440e+00,8.845298e+00,6.106347e+00,-1.710070e+00,1.793070e+00,5.086104e-01
-1.526881e+00,6.421175e+00,5.781063e+00,-7.891426e-01,3.057527e-01,-1.843304e-01
2.664758e+00,1.241484e+01,4.326510e+00,-4.509414e-01,5.704813e-01,-2.027079e-01
3.098443e+00,1.020033e+01,2.891889e+00,-5.696703e-01,1.377016e+00,1.851433e-01
1.636622e+00,8.526709e+00,2.525844e+00,-3.517202e-01,1.036432e+00,3.987482e-02
2.034406e+00,9.324954e+00,2.357063e+00,-2.992476e-01,3.612085e-01,-2.195287e-01
2.699489e+00,8.629197e+00,7.238316e-01,-3.828108e-01,1.338042e-01,-3.174122e-01
-1.600335e-01,7.345920e+00,5.858529e-01,-5.767234e-01,-1.474626e-01,-4.499606e-01
-4.017170e+00,8.763305e+00,3.853733e+00,-8.677552e-01,-6.546530e-01,-5.333633e-01
-1.794233e-01,9.027623e+00,5.988926e+00,-1.186254e+00,-9.871037e-01,-6.676552e-01
2.479696e+00,9.057031e+00,5.536690e+00,-1.275065e+00,-6.567062e-01,-5.195610e-01
3.560140e+00,8.576277e+00,3.621527e-01,-1.151470e+00,4.670147e-02,-3.133524e-01
2.388691e+00,9.442134e+00,-2.553803e+00,-1.227385e+00,-6.395510e-02,-1.141348e-01
-1.551860e-01,1.042811e+01,-1.323435e+00,-1.620201e+00,-4.858525e-01,-1.055876e-01
-7.592449e-01,1.099215e+01,1.890265e+00,-2.121464e+00,-9.964386e-01,-2.005317e-01
1.056217e+01,1.266755e+01,1.943066e-01,-3.035880e+00,-1.462893e+00,-2.168339e-01
1.329116e+01,1.476961e+01,-3.366844e+00,-3.457647e+00,-1.194423e+00,3.145674e-02
-1.659696e+00,1.500447e+01,5.378578e+00,-3.867993e+00,-1.532671e+00,-1.539770e-01
-8.746504e+00,2.435661e+01,1.466036e+01,-4.114820e+00,-3.318525e+00,-3.098513e-01
-1.498502e+01,2.302387e+01,1.755091e+01,-4.707899e+00,-4.821369e+00,-3.085036e-01
-5.503697e+00,1.591862e-02,2.033029e+01,-4.011370e+00,-3.041420e+00,1.829514e-01
7.631878e+00,1.159050e+01,8.938074e+00,-1.063071e+00,1.325932e-01,1.239630e+00
6.824112e+00,9.453197e+00,1.020906e+01,-1.368638e+00,2.682859e+00,1.515636e+00
5.476912e+00,4.701455e+00,6.969893e+00,2.861846e-02,2.563204e+00,1.372309e+00
4.948659e+00,3.302426e+00,7.470154e+00,1.534643e+00,2.052257e+00,5.715669e-01
3.510796e+00,2.519735e+00,9.317732e+00,2.980657e+00,1.187857e+00,-1.964062e-01
2.637533e+00,2.738769e+00,8.699590e+00,3.662262e+00,7.767221e-01,-6.222658e-01
1.564371e+00,1.192187e+00,1.111821e+01,4.926990e+00,2.658080e-01,-7.053921e-01
1.309528e+00,3.030593e-01,1.328716e+01,5.804879e+00,3.840219e-02,-7.862322e-01
-4.626699e-01,1.293085e+00,1.644638e+01,6.839317e+00,-8.222222e-02,-1.050595e+00
-2.407868e+00,-1.466665e+00,1.558310e+01,7.514838e+00,1.708297e-02,-1.163936e+00
-3.448475e+00,1.594256e+00,1.253946e+01,8.404707e+00,5.262940e-01,-1.040176e+00
-4.628673e+00,-6.282818e+00,1.183534e+01,7.515059e+00,1.165606e+00,-3.664756e-01
3.339059e+00,-1.195374e+01,1.094917e+01,4.533741e+00,1.992773e+00,3.663400e-01
7.091915e+00,4.978498e+00,4.479163e+00,2.172279e+00,2.433974e+00,8.314679e-02
1.002514e+01,3.159824e+01,7.213117e+00,-2.290463e+00,2.208889e+00,-1.333333e-01
-1.313695e+01,-8.452457e+00,1.119224e+01,-1.734390e+00,2.033095e+00,1.097556e+00
4.421635e+00,5.163229e+00,1.353332e+01,-1.314785e+00,-5.392458e-01,-1.572032e+00
7.313585e+00,1.680402e+01,7.919839e+00,-3.110635e+00,1.322725e+00,-7.395770e-01
-8.626587e-02,1.241788e+01,7.978926e+00,-2.425998e+00,1.934014e+00,7.019493e-01
-6.244959e+00,7.335415e+00,7.059110e+00,-1.263745e+00,2.887210e-01,-4.800946e-01
1.374869e+00,1.026608e+01,5.890095e+00,-1.167820e+00,-5.439297e-01,-2.340828e-01
3.274405e+00,1.308259e+01,4.213929e+00,-8.613669e-01,5.585631e-01,-1.032735e-01
5.100104e+00,8.180772e+00,9.837370e-01,-7.498445e-01,9.221150e-01,8.573766e-03
4.104905e+00,9.137662e+00,9.133421e-02,-4.492573e-01,6.165682e-01,-1.477044e-01
-2.403551e+00,8.083415e+00,-2.905073e-01,-6.665113e-01,-3.496807e-01,-2.758854e-01
-4.610413e+00,7.407622e+00,-4.020472e-01,-8.798534e-01,-1.238766e+00,-5.366831e-01
-4.307432e+00,7.306422e+00,2.669852e+00,-1.238205e+00,-1.611904e+00,-6.314803e-01
6.303779e-01,9.134654e+00,4.054465e+00,-1.469917e+00,-1.287105e+00,-5.186395e-01
4.508037e+00,9.585658e+00,1.690309e-01,-1.652998e+00,-6.056084e-01,-3.776034e-01
3.465768e+00,8.775179e+00,-3.351275e+00,-1.750629e+00,-3.539953e-01,-2.376541e-01
1.161737e-01,1.046966e+01,1.098836e+00,-2.250617e+00,-9.304902e-01,-2.145235e-01
2.547451e+00,1.225115e+01,2.666575e+00,-2.823454e+00,-1.374708e+00,-2.743037e-01
1.105304e+01,1.281268e+01,-2.711896e+00,-3.506680e+00,-1.388475e+00,-1.049096e-01
6.978184e+00,1.946408e+01,-4.930040e+00,-3.753529e+00,-1.117827e+00,1.273697e-01
-5.634145e+00,1.807344e+01,1.052726e+01,-4.392062e+00,-2.311974e+00,4.275818e-01
-8.297368e+00,2.714682e+01,1.800882e+01,-4.737342e+00,-3.791564e+00,-2.683911e-02
-7.748595e+00,1.477758e+01,1.892980e+01,-5.142906e+00,-3.753436e+00,2.180939e-02
2.685847e+00,1.231310e+00,1.769865e+01,-3.974820e+00,-2.119674e+00,3.175629e-01
9.011095e+00,1.046931e+01,9.050125e+00,-6.347325e-01,1.146733e+00,7.155855e-01
3.146944e+00,6.740868e+00,1.097536e+01,-9.986300e-01,1.870605e+00,5.852358e-01
1.626611e+00,3.519510e+00,8.647706e+00,1.045992e+00,8.748752e-01,-1.545320e-01
1.902321e+00,2.240562e-02,8.148678e+00,2.481272e+00,6.210653e-01,-5.479152e-01
3.212066e+00,-1.204440e+00,7.912696e+00,4.467092e+00,1.065873e+00,-7.315984e-01
3.551816e+00,6.553182e-01,8.190186e+00,5.212870e+00,1.418698e+00,-8.764618e-01
3.193789e+00,1.663789e+00,1.078159e+01,5.942100e+00,1.527664e+00,-7.169742e-01
3.453666e+00,1.288392e+00,1.380572e+01,6.520306e+00,1.264123e+00,-6.416105e-01
3.513466e+00,2.105162e+00,1.330894e+01,7.771048e+00,7.438004e-01,-6.364190e-01
1.690553e+00,3.980618e+00,1.132926e+01,8.252972e+00,5.021918e-01,-5.442181e-01
-9.668339e+00,-5.165131e+00,8.775497e+00,7.727776e+00,2.567175e-01,-1.810331e-01
-9.901160e+00,-1.173058e+01,8.212351e+00,6.147157e+00,-8.426074e-02,-6.945099e-02
4.935236e+00,2.295070e-01,8.165749e+00,2.120741e+00,1.079718e+00,-2.503102e-01
2.253026e+01,3.936503e+01,-1.047051e+01,-1.162086e+00,2.462065e+00,3.456835e-01
-9.735014e+00,-5.916645e+00,1.538359e+01,-3.567572e+00,2.285374e+00,6.190973e-01
1.188762e+00,-9.522219e+00,1.409224e+01,-1.448341e+00,1.285692e+00,7.737752e-01
7.390734e+00,1.538010e+01,1.278033e+01,-2.894468e+00,1.449097e+00,-5.589462e-01
2.553184e+00,1.792384e+01,9.196252e+00,-3.063353e+00,2.216855e+00,6.935516e-01
-4.023237e+00,8.690579e+00,7.311617e+00,-2.089695e+00,4.437019e-01,-1.099079e-01
-2.022909e+00,6.978814e+00,4.335554e+00,-1.332564e+00,-5.446868e-01,-5.801918e-01
3.333142e+00,1.280797e+01,4.929913e+00,-8.935999e-01,5.509219e-01,8.359767e-02
2.271277e+00,1.053994e+01,3.242788e+00,-7.335899e-01,8.674774e-01,3.881799e-02
6.940517e-01,8.946494e+00,2.522895e+00,-6.963406e-01,2.596292e-01,1.601970e-02
4.567754e-01,9.951172e+00,1.288177e+00,-5.435835e-01,-1.829933e-01,-1.125076e-01
-9.715897e-01,8.384513e+00,-1.054015e+00,-5.741138e-01,-5.235083e-01,-2.443070e-01
-2.688821e+00,6.724623e+00,-7.251410e-01,-7.378215e-01,-6.578914e-01,-2.506872e-01
-1.661439e+00,7.966692e+00,2.599231e+00,-1.067137e+00,-7.450585e-01,-2.861470e-01
8.328619e-01,8.932250e+00,3.997954e+00,-1.352871e+00,-6.442017e-01,-2.403931e-01
5.724425e+00,8.670602e+00,4.343548e-01,-1.663357e+00,-2.300756e-01,-1.795176e-01
3.377371e+00,8.142595e+00,-2.949793e+00,-1.730847e+00,-3.325760e-01,-2.461694e-01
-4.839026e-01,8.862492e+00,1.325046e-01,-2.165832e+00,-1.060997e+00,-3.001501e-01
-2.178686e+00,1.113429e+01,2.560266e+00,-2.626205e+00,-1.582717e+00,-3.521748e-01
1.491927e+01,1.134378e+01,-3.129015e+00,-3.511382e+00,-1.572406e+00,-6.620605e-02
1.955321e+01,1.656126e+01,-6.694656e+00,-3.761027e+00,-9.827938e-01,2.976697e-01
-1.897344e+00,1.567784e+01,1.005374e+01,-4.403891e+00,-1.174263e+00,3.389951e-01
-2.010030e+01,3.392628e+01,2.484652e+01,-4.865252e+00,-3.546660e+00,-1.469217e-01
-1.675254e+01,1.367094e+01,2.011112e+01,-5.369281e+00,-6.309930e+00,-7.346395e-01
-2.299385e-01,6.162630e-02,2.155471e+01,-4.531587e+00,-3.758507e+00,3.074719e-01
1.360885e+01,1.085862e+01,9.527008e+00,-9.743364e-01,1.260269e+00,1.627460e+00
1.139796e+01,8.538759e+00,8.735289e+00,-8.839664e-01,3.565174e+00,1.647607e+00
6.607605e+00,1.600156e+00,5.833032e+00,9.196885e-01,2.519893e+00,6.306815e-01
3.149917e+00,-3.759209e-01,6.680364e+00,3.092982e+00,6.574776e-01,-3.881584e-01
1.114948e+00,-2.096959e-01,9.118860e+00,3.833217e+00,7.621196e-02,-6.910369e-01
1.475449e+00,1.191103e+00,9.357984e+00,4.786848e+00,1.862017e-01,-1.337633e+00
2.471463e+00,1.951415e+00,1.153212e+01,5.710868e+00,8.690074e-01,-1.507088e+00
3.853127e+00,1.611208e+00,1.431082e+01,6.806263e+00,1.375903e+00,-1.357303e+00
4.915089e+00,2.462393e+00,1.326707e+01,7.456010e+00,1.566704e+00,-1.310211e+00
3.675069e+00,4.402715e+00,1.449497e+01,8.328459e+00,1.488011e+00,-1.001493e+00
-6.731402e+00,1.355554e+00,7.642504e+00,8.437616e+00,8.863570e-01,-3.862848e-01
-1.617604e+01,-1.257219e+01,4.939814e+00,6.254714e+00,2.779935e-02,1.693941e-01
3.087648e+00,-1.237463e+01,6.554301e+00,4.424527e+00,6.536304e-01,-1.475025e-01
1.158089e+01,1.067164e+01,8.307753e+00,-3.892011e-01,3.765271e+00,5.697388e-01
3.156652e+01,3.468259e+01,-2.061750e+00,-4.718051e+00,2.700036e+00,6.725635e-01
-1.518725e+01,-1.339469e+01,1.000675e+01,-4.728779e-01,2.040790e+00,1.235385e+00
-2.850144e+00,3.661340e+00,1.448370e+01,-1.685631e+00,-1.646919e+00,-2.204196e+00
-1.171714e+00,1.743693e+01,1.021166e+01,-3.616327e+00,5.908851e-02,-2.683640e-01
-4.158961e-01,1.204013e+01,9.957878e+00,-2.296353e+00,8.305442e-01,-1.627891e-01
-2.396673e+00,7.034615e+00,4.968134e+00,-1.518265e+00,2.690859e-01,-3.412280e-01
1.649229e+00,1.055427e+01,3.899064e+00,-1.077941e+00,2.963782e-01,1.081428e-01
5.338446e+00,1.316287e+01,2.994861e+00,-9.986239e-01,8.475063e-01,2.061196e-01
2.312115e+00,7.665834e+00,1.439213e+00,-1.061985e+00,5.459917e-01,1.550745e-01
-3.110829e-01,7.762593e+00,1.383854e+00,-1.002844e+00,-3.120478e-01,-2.052403e-01
-2.818653e+00,8.090950e+00,1.658455e+00,-1.168363e+00,-9.815418e-01,-3.630303e-01
-2.262570e+00,7.762698e+00,1.112634e+00,-1.300330e+00,-9.518711e-01,-3.581274e-01
-2.356545e-01,7.798629e+00,3.142940e+00,-1.563235e+00,-5.262617e-01,-2.179676e-01
5.787805e-01,8.109867e+00,5.030849e+00,-1.690754e+00,-5.323450e-01,-3.276417e-01
3.080278e+00,8.609861e+00,1.431519e+00,-1.835759e+00,-7.436132e-01,-3.305659e-01
2.522668e+00,8.502638e+00,-2.049301e+00,-1.927190e+00,-8.580726e-01,-3.258823e-01
1.288153e+00,9.174744e+00,-7.112996e-01,-2.414171e+00,-1.369277e+00,-2.233527e-01
5.313968e-01,1.082443e+01,2.371639e+00,-2.917606e+00,-1.563279e+00,-2.311097e-01
4.167756e+00,1.285653e+01,-5.349810e-01,-3.586257e+00,-1.595040e+00,-5.149541e-02
6.522559e+00,2.409960e+01,-4.517581e+00,-3.860719e+00,-1.402888e+00,3.136511e-01
-6.159030e-01,1.729630e+01,1.254206e+01,-4.624265e+00,-2.111588e+00,6.812744e-01
-5.656213e+00,2.451426e+01,1.660448e+01,-4.788533e+00,-3.682589e+00,-2.352850e-02
-2.423899e+00,1.034322e+01,1.999669e+01,-4.655902e+00,-2.896791e+00,-3.959446e-01
5.309813e+00,5.292900e+00,1.085881e+01,-2.760051e+00,-1.733589e+00,-5.861822e-01
3.634859e+00,1.142044e+01,1.104979e+01,-1.433595e+00,4.736307e-01,-1.596275e-01
3.408229e-01,6.629493e+00,1.280759e+01,-4.063500e-01,4.530713e-01,-4.053300e-01
2.650625e+00,2.054754e+00,8.684621e+00,1.964226e+00,7.530558e-01,-9.503538e-01
3.283797e+00,8.219109e-01,9.607990e+00,3.291056e+00,1.433861e+00,-8.214298e-01
3.238644e+00,9.939445e-01,8.093590e+00,4.903217e+00,2.159696e+00,-9.886497e-01
3.668140e+00,7.879232e-01,1.007432e+01,5.762438e+00,2.288535e+00,-7.657459e-01
5.045574e+00,7.571345e-01,1.122870e+01,6.749100e+00,2.097225e+00,-5.066112e-01
6.393366e+00,2.338220e+00,1.428871e+01,7.422322e+00,1.807790e+00,-2.897822e-01
6.008314e+00,4.183586e+00,1.206718e+01,8.393930e+00,9.736577e-01,1.297429e-01
-2.355596e+00,4.549096e+00,9.299019e+00,8.388358e+00,5.495721e-01,2.476752e-01
-1.486357e+01,-7.150058e+00,7.166414e+00,6.902209e+00,-6.196695e-01,-1.292218e-01
-4.601536e+00,-1.368261e+01,9.113772e+00,5.011593e+00,-3.944164e-02,-3.905560e-01
8.952057e+00,-3.015306e+00,8.254266e+00,4.938390e-01,2.937594e+00,5.409733e-01
2.851439e+01,3.941000e+01,-1.247018e+01,-2.637175e+00,3.162787e+00,6.567700e-01
-1.059144e+01,-1.145570e+01,9.497117e+00,-2.914506e+00,1.929862e+00,9.306157e-01
-1.552862e+01,-9.924729e+00,1.686342e+01,-1.063246e+00,-7.967387e-01,-2.885896e-01
-1.244858e+00,1.464043e+01,1.431455e+01,-4.359287e+00,-7.978981e-01,-6.821481e-01
-4.148852e+00,1.440344e+01,1.106363e+01,-3.865150e+00,4.490249e-01,6.373452e-01
-2.604320e+00,9.943969e+00,7.430449e+00,-1.791922e+00,-1.339261e-01,-4.782085e-01
2.591477e-02,7.471827e+00,4.439454e+00,-1.469811e+00,4.262035e-01,1.933981e-01
6.463566e+00,1.266059e+01,3.967228e+00,-8.956604e-01,1.615672e+00,4.361048e-01
3.383242e+00,1.070616e+01,3.725573e+00,-1.026247e+00,1.305478e+00,3.746770e-01
-9.976743e-01,9.219943e+00,3.400369e+00,-8.238403e-01,-1.652876e-01,-7.835509e-02
-1.423580e+00,9.005138e+00,1.932482e+00,-7.658635e-01,-6.274034e-01,-2.126238e-01
-1.491450e-01,8.455420e+00,3.550383e-01,-7.879754e-01,-3.930511e-01,-2.099743e-01
8.696055e-02,7.032863e+00,-1.399328e-01,-9.234562e-01,-2.859451e-01,-2.046501e-01
-8.187299e-01,7.159088e+00,3.694597e+00,-1.281879e+00,-5.012042e-01,-2.996987e-01
5.561926e-01,8.112076e+00,4.479921e+00,-1.426046e+00,-6.167093e-01,-3.298589e-01
3.958729e+00,8.347166e+00,-5.821464e-01,-1.632157e+00,-5.932326e-01,-2.521430e-01
3.599833e+00,8.714809e+00,-2.842281e+00,-1.778202e+00,-5.664875e-01,-1.752268e-01
-8.909461e-01,1.052920e+01,1.501637e+00,-2.453469e+00,-1.164871e+00,-9.832490e-02
-1.219733e+00,1.112680e+01,2.899733e+00,-3.036671e+00,-1.648116e+00,-1.454042e-01
1.146473e+01,1.131777e+01,-1.712567e+00,-3.553801e+00,-1.660933e+00,4.879612e-02
1.363148e+01,1.746563e+01,-6.164432e+00,-3.713188e+00,-1.266266e+00,2.801059e-01
-3.850699e+00,1.896631e+01,1.172341e+01,-4.531453e+00,-3.046854e+00,3.861037e-01
-1.867603e+01,2.942699e+01,2.041808e+01,-4.821408e+00,-5.677686e+00,1.120402e-02
-1.195633e+01,8.627044e+00,2.250866e+01,-4.682512e+00,-4.540977e+00,-1.137519e-01
1.538487e+00,1.684185e-01,2.044925e+01,-2.529508e+00,-1.520160e+00,8.036811e-01
1.082478e+01,1.207340e+01,1.179894e+01,-9.124603e-01,3.250328e+00,1.456420e+00
8.215243e+00,7.403296e+00,1.134660e+01,-3.747252e-01,3.220781e+00,1.368547e+00
4.556906e+00,2.196474e+00,7.735657e+00,2.153627e+00,1.932773e+00,4.180871e-01
2.631930e+00,-7.549250e-01,8.268569e+00,3.326775e+00,1.189719e+00,1.226384e-02
2.453499e+00,-7.583259e-01,7.800000e+00,4.942096e+00,7.371547e-01,-8.097789e-01
2.674186e+00,6.130994e-01,8.407866e+00,5.531151e+00,9.816931e-01,-1.125959e+00
1.697500e+00,1.860375e+00,1.191850e+01,6.251326e+00,1.031108e+00,-1.186940e+00
1.928370e+00,2.147068e+00,1.441851e+01,6.865051e+00,8.919586e-01,-1.279751e+00
2.183235e+00,4.218023e+00,1.367698e+01,7.916762e+00,8.052577e-01,-1.238240e+00
-1.477715e-01,6.597965e+00,1.074427e+01,8.353163e+00,9.269470e-01,-1.105745e+00
-1.181038e+01,-7.486241e+00,6.044639e+00,7.185463e+00,8.410483e-01,-4.784616e-01
-8.731108e+00,-1.192655e+01,7.345216e+00,5.381165e+00,9.631097e-01,-4.317964e-01
7.576825e+00,-7.691589e+00,9.886587e+00,1.519353e+00,2.860022e+00,2.512806e-02
1.049850e+01,3.464028e+01,-1.625944e+00,-1.142370e+00,3.547276e+00,3.710038e-01
8.267691e+00,3.013020e+01,1.071515e+01,-4.622260e+00,1.923427e+00,1.698597e-01
-1.428991e+01,-1.553516e+01,1.238920e+01,-8.653471e-01,1.847850e+00,1.374558e+00
1.223679e+01,1.380971e+01,1.551437e+01,-2.326333e+00,2.267647e-01,-1.675697e+00
1.295733e+01,2.233249e+01,7.236679e+00,-3.636517e+00,3.143032e+00,7.422282e-01
-3.661953e+00,6.505610e+00,9.693658e+00,-2.252706e+00,3.187279e-01,-4.721823e-01
-9.446460e+00,9.089465e+00,6.811622e+00,-1.625401e+00,-1.809782e+00,-1.012664e+00
-1.328326e+00,1.187979e+01,5.946808e+00,-1.541274e+00,-1.135755e+00,-2.926548e-01
5.149589e+00,1.192082e+01,3.845206e+00,-1.195358e+00,4.951010e-01,8.246785e-02
3.694942e+00,8.409931e+00,2.912517e+00,-1.004165e+00,9.402722e-01,2.464326e-01
7.957120e-01,8.962575e+00,2.666455e+00,-9.296857e-01,1.442871e-01,-1.858718e-02
-2.519170e+00,9.287486e+00,1.788406e+00,-9.927033e-01,-8.149850e-01,-3.054882e-01
-3.148201e+00,7.546817e+00,1.014844e+00,-1.050470e+00,-1.098450e+00,-4.198643e-01
-1.764075e+00,6.979164e+00,2.929821e+00,-1.268646e+00,-9.569050e-01,-4.073389e-01
1.369208e+00,7.952288e+00,4.136880e+00,-1.417318e+00,-7.886702e-01,-3.757994e-01
3.803577e+00,8.196255e+00,-1.336591e+00,-1.549526e+00,-7.349883e-01,-3.482632e-01
2.321019e+00,7.330847e+00,-3.717966e+00,-1.705257e+00,-9.451698e-01,-3.856806e-01
1.266535e+00,9.576700e+00,-1.356371e+00,-2.394379e+00,-1.830494e+00,-3.728913e-01
3.337574e+00,1.077867e+01,4.986679e-01,-2.976143e+00,-1.998579e+00,-3.530416e-01
1.327863e+01,1.320451e+01,-5.377352e+00,-3.649026e+00,-1.878179e+00,-2.606045e-02
4.240761e+00,1.986115e+01,-1.162528e+00,-3.934631e+00,-1.687994e+00,3.062031e-01
-1.053081e+01,2.875531e+01,1.938002e+01,-4.779133e+00,-4.053460e+00,1.740168e-01
-1.274965e+01,2.726384e+01,2.009513e+01,-5.184992e+00,-4.819923e+00,-3.335737e-01
1.835288e+00,2.955428e+00,2.102152e+01,-3.916395e+00,-2.328958e+00,4.907363e-01
1.197540e+01,8.060553e+00,1.064529e+01,-1.658172e+00,-2.252423e-01,7.882517e-01
7.688343e+00,9.387924e+00,1.020389e+01,-9.463522e-01,1.896204e+00,4.215862e-01
3.333573e+00,5.489679e+00,1.031603e+01,6.133427e-01,9.337799e-01,-2.575606e-01
2.431505e+00,3.757453e-01,8.717815e+00,2.961122e+00,1.798864e-01,-1.134578e+00
2.531895e+00,-9.324558e-02,9.170994e+00,4.130265e+00,3.474350e-01,-1.311978e+00
2.452719e+00,7.791221e-01,9.426017e+00,5.391874e+00,1.102060e+00,-1.790234e+00
2.610124e+00,2.186355e+00,9.936893e+00,6.058626e+00,1.391848e+00,-1.780271e+00
3.732969e+00,2.334414e+00,1.312743e+01,6.969971e+00,1.613360e+00,-1.650935e+00
4.235407e+00,4.639990e+00,1.034926e+01,7.605921e+00,1.672731e+00,-1.512843e+00
4.807727e+00,1.018108e+01,9.824299e+00,8.296683e+00,1.461954e+00,-7.683691e-01
-5.568851e+00,1.771931e+00,5.251436e+00,7.870364e+00,9.385644e-01,-1.112088e-01
-8.645575e+00,-1.249002e+01,6.598466e-01,6.409373e+00,2.403014e-01,-2.457124e-01
5.283093e+00,-1.070803e+01,3.349949e+00,4.413456e+00,1.377241e+00,-3.377498e-01
5.751835e+00,7.387549e-01,1.410479e+01,-2.095045e-01,3.124033e+00,6.795621e-01
7.311030e+00,3.669740e+01,-8.876127e-01,-3.169989e+00,2.019658e+00,6.346549e-01
-1.290674e+01,7.770531e-01,1.283696e+01,-4.468973e+00,4.900455e-01,3.140535e-01
-1.704292e+01,-1.019149e+01,1.692293e+01,-1.688551e+00,7.857592e-02,8.426383e-01
3.362210e+00,9.896960e+00,1.506912e+01,-3.583111e+00,-9.935182e-01,-1.833029e+00
3.490109e+00,1.877800e+01,8.952311e+00,-3.973346e+00,2.504669e+00,5.296013e-01
-3.165172e+00,9.270209e+00,8.455064e+00,-1.909524e+00,1.016516e+00,2.494058e-01
-2.722216e+00,6.688429e+00,5.039232e+00,-1.242425e+00,2.209886e-01,4.737357e-03
5.099679e+00,1.151333e+01,5.958891e+00,-8.621057e-01,9.659803e-01,4.229988e-01
6.320051e+00,1.147980e+01,4.056287e+00,-7.170603e-01,1.477018e+00,4.342948e-01
1.850475e+00,9.084295e+00,3.133916e+00,-6.915848e-01,6.818681e-01,1.263524e-01
-6.716987e-01,9.639529e+00,2.155563e+00,-5.011957e-01,-2.621811e-01,-2.334219e-01
-6.423042e-01,8.721144e+00,-9.151212e-01,-5.309740e-01,-6.970022e-01,-3.814303e-01
-5.051333e-01,6.904907e+00,-1.654524e+00,-6.576504e-01,-6.955829e-01,-3.593078e-01
-2.690961e+00,7.014731e+00,2.458836e+00,-1.077628e+00,-8.087616e-01,-3.552498e-01
8.914428e-01,8.837986e+00,5.119874e+00,-1.421704e+00,-1.019943e+00,-3.813245e-01
3.905370e+00,9.378700e+00,2.982761e+00,-1.629135e+00,-8.798050e-01,-3.381072e-01
3.411514e+00,7.096211e+00,-1.387365e+00,-1.680166e+00,-8.975891e-01,-3.301418e-01
5.466265e-01,1.058759e+01,-2.293253e+00,-2.057212e+00,-1.426957e+00,-2.069720e-01
-9.691512e-01,1.091767e+01,3.414764e-01,-2.585865e+00,-1.671278e+00,-6.989318e-02
4.206936e+00,1.171672e+01,1.856290e+00,-3.334008e+00,-1.759009e+00,4.772893e-02
1.296540e+01,1.791873e+01,-6.979655e+00,-3.693937e+00,-1.572431e+00,2.532601e-01
-5.076147e-02,2.064038e+01,4.843612e+00,-4.316185e+00,-1.778776e+00,6.143722e-01
-1.098664e+01,2.182621e+01,1.611008e+01,-4.811230e+00,-3.923792e+00,7.271409e-01
-1.170437e+01,2.167656e+01,2.095271e+01,-4.899243e+00,-4.538951e+00,1.365985e-01
6.893211e-01,3.532551e+00,2.199799e+01,-4.143485e+00,-2.707910e+00,2.258223e-01
8.626158e+00,1.191975e+01,9.996283e+00,-1.032744e+00,1.721978e+00,1.066321e+00
2.866308e+00,7.238169e+00,1.319693e+01,-8.871255e-01,2.373486e+00,1.008077e+00
2.954793e+00,4.417893e+00,1.005215e+01,1.339510e+00,1.630198e+00,1.933137e-01
5.195804e+00,7.358537e-01,8.579612e+00,2.733807e+00,1.625408e+00,-2.565393e-01
5.952840e+00,2.309244e-01,7.814538e+00,4.792627e+00,1.876854e+00,-1.089324e+00
5.625687e+00,1.031979e+00,8.079661e+00,5.512581e+00,1.641471e+00,-1.445725e+00
2.925493e+00,1.540186e+00,9.903576e+00,6.403550e+00,8.477937e-01,-1.506626e+00
2.390656e-01,3.068223e+00,1.420813e+01,6.965639e+00,2.668470e-01,-1.645190e+00
-3.004026e-01,6.994565e+00,1.239332e+01,7.946206e+00,-8.463909e-02,-1.726515e+00
-5.135843e-01,7.428356e+00,1.152161e+01,8.286057e+00,4.931891e-01,-1.525078e+00
-7.635057e+00,-2.473884e+00,5.126229e+00,7.931367e+00,1.562650e+00,-9.702847e-01
-7.340869e+00,-9.800396e+00,9.564522e+00,6.850508e+00,1.546288e+00,-5.155088e-01
3.106041e+00,-1.033239e+01,8.119539e+00,2.872639e+00,3.141477e+00,1.780672e-01
1.164674e+01,3.060571e+01,-1.790082e+00,-4.859454e-01,3.454354e+00,5.702632e-01
2.292277e+01,3.558304e+01,4.163281e+00,-4.312778e+00,2.487663e+00,5.236942e-01
-1.010839e+01,-1.181106e+01,1.589617e+01,-3.087314e+00,2.555462e+00,1.602458e+00
-6.440187e-01,3.644453e+00,1.734166e+01,-3.736200e+00,-1.134899e+00,-1.784200e+00
7.963558e-01,2.008402e+01,1.344804e+01,-3.979198e+00,9.947588e-01,1.548819e-01
-4.382246e+00,1.551972e+01,1.145808e+01,-2.408548e+00,4.111557e-01,5.907374e-02
-9.027041e-01,2.630029e+00,4.210368e+00,-1.617324e+00,2.273230e-01,-2.472929e-01
9.684945e+00,1.369230e+01,4.259551e+00,-6.092597e-01,1.523832e+00,5.492873e-01
7.493188e+00,1.332580e+01,2.265975e+00,-7.272760e-01,1.933163e+00,4.768669e-01
-1.647915e+00,9.131351e+00,1.406611e+00,-6.715407e-01,1.531988e-01,1.068998e-03
-2.834563e+00,1.070270e+01,1.000724e+00,-5.104370e-01,-1.127414e+00,-4.750249e-01
-1.443600e+00,1.031746e+01,-6.974167e-01,-6.521708e-01,-1.140412e+00,-4.691183e-01
-1.563742e+00,6.154631e+00,-3.127952e-01,-7.710387e-01,-7.597137e-01,-3.440857e-01
-2.914532e+00,7.583657e+00,3.078469e+00,-1.118840e+00,-6.461093e-01,-3.059107e-01
1.307383e+00,9.106582e+00,4.748669e+00,-1.383672e+00,-7.456557e-01,-3.037011e-01
4.350747e+00,8.800000e+00,3.104279e+00,-1.624319e+00,-4.448851e-01,-1.604619e-01
3.046577e+00,8.653708e+00,-1.852210e+00,-1.634311e+00,-6.252341e-01,-1.482544e-01
2.530927e-01,8.727153e+00,-4.257505e+00,-1.930014e+00,-1.164300e+00,-7.456587e-02
-2.818181e-01,9.749546e+00,-4.481810e-01,-2.377857e+00,-1.477838e+00,-5.694519e-02
4.681002e+00,1.211707e+01,1.153171e+00,-3.347803e+00,-1.480226e+00,1.036777e-01
8.068802e+00,1.394633e+01,-5.634112e+00,-3.821795e+00,-1.222248e+00,4.726370e-01
-2.307831e+00,1.788502e+01,7.071014e+00,-4.181136e+00,-1.307609e+00,6.943682e-01
-2.082371e+00,2.075923e+01,1.300928e+01,-4.601521e+00,-2.385481e+00,7.481414e-01
-8.733855e+00,2.653715e+01,1.977049e+01,-5.001705e+00,-3.226886e+00,1.692439e-01
1.253566e+00,3.317927e+00,1.985637e+01,-4.198927e+00,-2.317547e+00,1.090760e-01
6.386138e+00,1.209274e+01,9.957896e+00,-1.671590e+00,1.930055e-01,4.707866e-01
3.546596e+00,9.227878e+00,1.199859e+01,-1.525021e+00,1.376270e+00,4.850345e-01
3.122665e+00,4.343044e+00,8.711920e+00,4.524491e-01,1.152602e+00,-1.056068e-01
4.110473e+00,2.438051e+00,8.240946e+00,1.849091e+00,1.315098e+00,-6.414212e-01
4.677024e+00,1.600390e+00,8.477707e+00,3.614126e+00,1.688421e+00,-1.285718e+00
3.899759e+00,1.883494e+00,7.710000e+00,4.364567e+00,1.714907e+00,-1.570923e+00
2.344724e+00,1.955446e+00,1.039971e+01,5.575696e+00,1.403399e+00,-1.453893e+00
1.929975e+00,2.175063e+00,1.229379e+01,6.329430e+00,1.137361e+00,-1.325194e+00
2.813556e+00,3.859185e+00,1.396462e+01,7.451615e+00,1.035209e+00,-1.079489e+00
4.514632e+00,3.574970e+00,1.391366e+01,8.096421e+00,1.146321e+00,-8.110859e-01
-3.448281e+00,2.932406e+00,8.876771e+00,8.352388e+00,1.232909e+00,-2.762229e-01
-1.206006e+01,-1.007752e+01,8.195930e+00,7.519922e+00,4.292539e-01,2.207104e-03
-2.025161e+00,-1.472520e+01,1.154785e+01,3.741407e+00,1.074367e+00,-8.688291e-02
9.686991e+00,6.818327e+00,9.304395e+00,6.167337e-01,2.754373e+00,5.585772e-01
3.317180e+01,3.679566e+01,9.225862e-01,-3.530337e+00,3.573473e+00,9.560759e-01
-1.249386e+01,-9.668494e+00,1.429272e+01,-3.363553e+00,2.922627e+00,1.166668e+00
-2.516971e+00,-1.866996e+00,1.685203e+01,-2.603245e+00,-2.687675e+00,-2.746528e+00
-3.106910e+00,1.534984e+01,9.701196e+00,-4.164821e+00,-7.579053e-01,-8.742331e-01
-4.880929e+00,1.643059e+01,1.137637e+01,-2.464454e+00,-1.066324e-01,1.557378e-01
-4.026904e+00,9.779729e+00,6.683312e+00,-1.589062e+00,-7.168309e-02,-3.668348e-01
5.469687e+00,9.640093e+00,4.618809e+00,-9.526334e-01,1.115165e+00,5.393419e-01
6.426839e+00,1.324911e+01,3.323413e+00,-6.791496e-01,1.585316e+00,3.883675e-01
1.523844e+00,9.730752e+00,2.395679e+00,-8.826759e-01,6.164828e-01,2.222091e-01
-2.450306e+00,9.871732e+00,1.886458e+00,-6.863822e-01,-3.209425e-01,-1.013581e-01
-3.238453e+00,8.330014e+00,7.892265e-01,-7.352576e-01,-9.283892e-01,-3.353321e-01
-1.151715e+00,6.890424e+00,-4.011924e-02,-7.889655e-01,-7.013737e-01,-3.097165e-01
2.377992e-01,8.009000e+00,2.358802e+00,-1.071884e+00,-2.443629e-01,-1.937251e-01
6.460735e-01,7.688795e+00,3.726083e+00,-1.287000e+00,-2.995161e-01,-2.072214e-01
2.081061e+00,7.083109e+00,4.962816e-01,-1.501991e+00,-7.742335e-01,-4.147016e-01
2.414449e+00,7.869650e+00,-3.175355e+00,-1.646400e+00,-9.068287e-01,-4.506825e-01
5.654752e-01,1.082112e+01,9.131996e-01,-2.186855e+00,-1.217586e+00,-4.399122e-01
6.116977e-01,1.167832e+01,1.745981e+00,-2.606557e+00,-1.362363e+00,-4.072272e-01
1.023210e+01,1.131477e+01,-2.854713e-01,-3.352900e+00,-1.358655e+00,-1.102707e-01
1.227924e+01,1.500818e+01,-4.779787e+00,-3.565709e+00,-1.118042e+00,1.191172e-01
-3.001413e+00,1.633751e+01,6.724002e+00,-4.034472e+00,-1.871750e+00,2.753173e-02
-8.633259e+00,2.507064e+01,1.657469e+01,-4.455301e+00,-3.612065e+00,-1.743137e-01
-1.146794e+01,1.883736e+01,1.852834e+01,-5.046737e+00,-4.331193e+00,-3.892013e-01
-1.145413e+00,2.696020e+00,2.122844e+01,-4.048658e+00,-2.855389e+00,3.189004e-02
9.724807e+00,1.179382e+01,9.092743e+00,-1.482988e+00,1.278327e-01,6.585459e-01
5.517827e+00,9.481316e+00,1.120227e+01,-1.747999e+00,1.525532e+00,6.415542e-01
2.693146e+00,4.652807e+00,8.844396e+00,3.777907e-01,8.607905e-01,-2.903262e-02
2.931305e+00,1.506080e+00,8.240657e+00,1.789224e+00,6.723144e-01,-4.403460e-01
3.031528e+00,1.077208e+00,8.826546e+00,3.651116e+00,1.118284e+00,-9.014006e-01
2.821611e+00,1.570470e+00,8.412349e+00,4.465197e+00,1.380098e+00,-1.165939e+00
2.666367e+00,1.907878e+00,9.364553e+00,5.504916e+00,1.470567e+00,-9.875772e-01
3.077499e+00,1.824630e+00,1.168212e+01,6.145204e+00,1.412960e+00,-8.190161e-01
4.036820e+00,2.837416e+00,1.162039e+01,7.329287e+00,1.188722e+00,-6.302813e-01
3.791787e+00,3.399491e+00,1.285924e+01,7.935083e+00,1.046899e+00,-4.558933e-01
-7.306598e+00,9.728169e-01,1.203398e+01,7.938242e+00,7.355451e-01,-2.742696e-02
-9.641711e+00,-6.813963e+00,1.005315e+01,7.169212e+00,8.629752e-03,4.209640e-02
2.129067e+00,-1.289497e+01,1.086808e+01,3.756218e+00,1.149967e+00,2.986098e-02
7.132706e+00,-6.040458e-01,1.381728e+01,1.078723e+00,2.232091e+00,2.435316e-01
1.744583e+01,3.934689e+01,1.493975e+01,-2.386230e+00,1.667725e+00,-3.998266e-01
-1.311670e+01,9.805289e+00,9.047608e+00,-3.239616e+00,1.354418e-01,-5.357775e-01
9.263983e+00,-5.959587e+00,1.365107e+01,-9.656875e-01,-2.330950e-02,-4.839195e-01
9.849804e+00,8.114224e+00,1.263281e+01,-2.345561e+00,1.944977e+00,-6.453337e-01
7.687238e+00,1.698874e+01,7.576189e+00,-2.991102e+00,3.013694e+00,7.185014e-01
-8.926869e+00,9.266140e+00,7.540816e+00,-1.360465e+00,-2.479730e-01,-6.855082e-01
-7.420598e+00,8.510401e+00,5.091720e+00,-9.821353e-01,-2.278900e+00,-8.966829e-01
8.883475e-01,1.323014e+01,3.866482e+00,-7.254938e-01,-8.699928e-01,-5.310537e-01
6.950777e+00,7.831342e+00,-1.601318e+00,-5.899990e-01,1.509598e+00,1.800614e-01
3.159224e+00,6.944926e+00,-1.442394e+00,-5.423088e-01,1.398728e+00,2.144905e-01
-1.312005e+00,8.140386e+00,-5.602571e-01,-8.819810e-01,-8.857031e-01,-4.398046e-01
-5.766255e+00,7.635533e+00,3.114277e-01,-1.277780e+00,-1.698521e+00,-6.402650e-01
-4.234000e+00,8.363814e+00,3.926421e+00,-1.651009e+00,-2.058788e+00,-6.999531e-01
-1.031925e+00,8.790199e+00,5.563825e+00,-1.836428e+00,-1.776654e+00,-6.089060e-01
2.932342e+00,9.505340e+00,1.685016e+00,-1.810946e+00,-7.231202e-01,-4.096105e-01
2.549897e+00,9.061479e+00,-4.151623e+00,-1.826507e+00,-4.822722e-01,-2.566926e-01
1.351784e+00,1.013000e+01,-2.566432e+00,-2.149087e+00,-6.972928e-01,-5.786560e-02
1.300072e+00,1.148383e+01,7.765500e-01,-2.673014e+00,-1.077619e+00,-3.791527e-02
8.702030e+00,1.271269e+01,-4.731354e-01,-3.642111e+00,-1.410018e+00,6.265608e-02
1.025289e+01,1.866909e+01,-5.447379e+00,-3.945398e+00,-1.200434e+00,3.156810e-01
-2.557633e+00,1.590005e+01,1.135772e+01,-4.337037e+00,-1.692478e+00,5.687078e-01
-4.495258e+00,2.587293e+01,1.670651e+01,-4.633774e+00,-2.957712e+00,1.455345e-01
-9.542119e+00,2.375717e+01,1.929022e+01,-5.144731e+00,-3.626955e+00,-2.716516e-01
3.847519e-01,3.013654e+00,1.879223e+01,-4.076130e+00,-2.848950e+00,-2.844361e-01
5.433502e+00,1.265948e+01,1.036672e+01,-1.492073e+00,-1.038233e-01,2.357656e-01
1.292029e+00,8.904288e+00,1.299885e+01,-1.679299e+00,7.288703e-01,2.839601e-01
4.604307e-01,3.031840e+00,9.356549e+00,8.334117e-01,2.495059e-01,-3.618073e-01
1.823893e+00,9.817579e-03,8.818516e+00,2.491019e+00,6.306653e-01,-5.409578e-01
2.605872e+00,-1.456278e-01,8.153244e+00,4.318137e+00,1.507992e+00,-6.801531e-01
2.869295e+00,3.793310e-01,8.343979e+00,4.889127e+00,1.758805e+00,-8.503327e-01
4.250578e+00,5.685488e-02,1.030362e+01,5.998587e+00,1.719477e+00,-6.917423e-01
4.724254e+00,7.405937e-01,1.215144e+01,6.576031e+00,1.598756e+00,-7.077547e-01
4.269035e+00,3.831102e+00,1.298452e+01,7.671110e+00,1.011266e+00,-7.479231e-01
-2.423368e-01,3.483251e+00,1.175074e+01,8.169660e+00,5.405427e-01,-7.119159e-01
-9.223159e+00,3.644808e+00,9.406119e+00,8.174329e+00,1.836304e-01,-7.543736e-01
-1.395530e+01,-9.224087e+00,6.738538e+00,7.082413e+00,-4.485195e-02,-6.347931e-01
2.465565e+00,-1.166666e+01,7.707092e+00,3.526276e+00,2.050333e+00,7.072180e-02
9.906204e+00,1.779187e+01,-4.398558e+00,7.231624e-01,3.854394e+00,7.415499e-01
4.657447e+00,1.838518e+01,9.496231e+00,-3.540691e+00,4.101046e+00,8.550083e-01
-5.154038e+00,-1.179359e+01,1.597116e+01,-3.351908e+00,3.859764e+00,1.603927e+00
1.853127e+00,1.701723e+00,1.707823e+01,-3.744282e+00,-1.429644e+00,-2.862906e+00
-6.038089e+00,2.306243e+01,1.592666e+01,-3.618568e+00,-1.343411e-01,-5.598616e-01
-8.692083e+00,1.321220e+01,1.243072e+01,-3.000013e+00,-9.039624e-01,-5.225132e-01
-1.839673e+00,4.584201e+00,8.924329e+00,-1.933394e+00,-6.702274e-01,-5.288859e-01
1.348508e+01,1.055979e+01,6.373429e+00,-5.525067e-01,2.929407e+00,9.822222e-01
1.183532e+01,1.368670e+01,2.553212e+00,-4.405110e-01,3.275090e+00,8.529871e-01
-1.259016e+00,9.920302e+00,1.831858e+00,-5.678334e-01,1.058063e+00,4.805002e-01
-3.267635e+00,1.105906e+01,9.818725e-01,-2.831110e-01,-1.065593e+00,-3.592609e-01
-3.673098e+00,9.181251e+00,-1.049319e+00,-4.651349e-01,-1.660219e+00,-6.059348e-01
-2.589798e+00,6.253186e+00,-7.502420e-01,-5.480558e-01,-1.283682e+00,-5.096592e-01
-8.729749e-01,6.788452e+00,1.939618e+00,-9.344701e-01,-6.204685e-01,-2.282463e-01
3.385103e-01,8.526562e+00,4.111004e+00,-1.247493e+00,-6.419947e-01,-2.393898e-01
2.053938e+00,8.233769e+00,1.883265e+00,-1.503968e+00,-9.526966e-01,-3.305459e-01
1.030855e+00,7.568689e+00,-2.446993e+00,-1.577180e+00,-1.136750e+00,-3.663587e-01
8.423956e-01,9.599195e+00,-1.947611e+00,-1.879573e+00,-1.180744e+00,-1.350733e-01
1.145933e+00,1.034497e+01,8.532284e-02,-2.314043e+00,-1.185911e+00,4.833721e-02
4.789854e+00,1.203923e+01,1.871832e+00,-3.175096e+00,-1.154707e+00,1.325405e-01
1.169356e+01,1.549685e+01,-5.591126e+00,-3.567703e+00,-1.220130e+00,3.131298e-01
-1.244463e+00,1.644471e+01,7.090125e+00,-3.858764e+00,-1.466714e+00,4.522081e-01
-5.941087e+00,1.931246e+01,1.278208e+01,-4.303647e+00,-2.812801e+00,4.817774e-01
-1.092167e+01,2.463760e+01,1.934540e+01,-4.707808e+00,-4.288882e+00,-8.602916e-02
-7.849286e-01,3.598181e+00,1.838793e+01,-4.345495e+00,-2.954066e+00,-1.594600e-01
5.607131e+00,9.521878e+00,1.064897e+01,-1.859339e+00,-1.770410e-01,6.314707e-01
4.041859e+00,9.809087e+00,1.237172e+01,-1.689353e+00,1.681517e+00,7.480624e-01
3.540003e+00,5.708241e+00,9.754121e+00,7.205610e-02,1.826420e+00,4.757343e-01
4.025604e+00,2.222000e+00,9.306693e+00,1.501886e+00,1.735235e+00,7.324218e-02
4.018538e+00,2.088723e+00,8.744975e+00,3.444750e+00,1.740513e+00,-5.147119e-01
2.980754e+00,1.787379e+00,8.428512e+00,4.249246e+00,1.658957e+00,-8.236353e-01
2.079922e+00,1.229793e+00,9.620311e+00,5.667085e+00,1.167425e+00,-8.500331e-01
1.672399e+00,1.247615e+00,1.280328e+01,6.298221e+00,9.581888e-01,-8.665272e-01
2.176062e+00,2.639844e+00,1.397017e+01,7.288441e+00,8.439975e-01,-8.251868e-01
3.255039e+00,2.007212e+00,1.227112e+01,7.843217e+00,1.063210e+00,-8.388889e-01
-3.423167e+00,5.036409e+00,9.176884e+00,8.302162e+00,1.740934e+00,-5.308905e-01
-8.119758e+00,-5.673103e+00,8.086366e+00,7.300274e+00,1.587756e+00,-2.057426e-01
-1.715753e+00,-1.395429e+01,7.460562e+00,4.260384e+00,2.180577e+00,3.158243e-01
9.591619e+00,1.676958e+00,6.203121e+00,1.872444e+00,3.129813e+00,6.280198e-01
1.901396e+01,3.394482e+01,4.375331e+00,-2.921924e+00,3.242531e+00,5.506805e-01
6.054578e-01,2.494333e+00,1.143618e+01,-4.418240e+00,2.520077e+00,8.033574e-01
-3.873388e+00,-5.862348e+00,1.651130e+01,-2.806346e+00,-2.234742e+00,-2.246269e+00
-3.801534e+00,1.330480e+01,1.469746e+01,-3.165022e+00,-1.939870e+00,-1.978817e+00
-5.686153e+00,1.984032e+01,1.230280e+01,-3.066259e+00,-3.213111e-01,2.174942e-01
-1.784779e+00,4.395595e+00,5.665926e+00,-2.015468e+00,1.326294e-01,-2.909075e-01
6.111921e+00,1.202051e+01,5.598249e+00,-8.720924e-01,1.080147e+00,4.638424e-01
6.832333e+00,1.383787e+01,4.922333e+00,-7.264494e-01,1.770855e+00,5.631161e-01
7.699118e-01,9.958121e+00,3.614676e+00,-7.596668e-01,6.964914e-01,2.128555e-01
-4.398668e-01,9.809900e+00,2.419270e+00,-5.818617e-01,-3.014379e-01,-7.908502e-03
-1.346693e+00,9.403700e+00,2.117999e-02,-5.061454e-01,-7.255524e-01,-2.709592e-01
-1.244232e+00,6.802087e+00,-5.022441e-01,-5.669109e-01,-6.230186e-01,-2.451445e-01
-1.941137e+00,6.840342e+00,1.700890e+00,-8.702803e-01,-5.318471e-01,-2.116835e-01
-3.395987e-01,7.148134e+00,2.937734e+00,-1.124149e+00,-6.255488e-01,-2.073618e-01
1.770970e+00,8.263545e+00,2.405827e+00,-1.462158e+00,-6.137234e-01,-2.311701e-01
9.310321e-01,7.524709e+00,-4.282353e-01,-1.584667e+00,-6.660958e-01,-2.572742e-01
2.797379e+00,9.729360e+00,-3.098520e+00,-1.861936e+00,-7.520215e-01,-1.190360e-01
3.867793e+00,1.110553e+01,-2.511494e+00,-2.174533e+00,-7.527132e-01,6.138436e-02
7.730934e+00,1.183733e+01,-7.257193e-01,-3.035045e+00,-1.002224e+00,1.192306e-01
1.303927e+01,1.310122e+01,-4.172011e+00,-3.500715e+00,-1.391230e+00,1.376802e-01
-3.947216e+00,1.792956e+01,6.122557e+00,-4.181099e+00,-1.928230e+00,3.977983e-01
-1.000510e+01,2.774486e+01,1.741892e+01,-4.625082e+00,-3.379712e+00,2.510421e-01
-1.343256e+01,2.083534e+01,1.993097e+01,-5.085683e+00,-4.891023e+00,-1.700089e-01
-2.133627e+00,3.386994e+00,2.122786e+01,-4.533985e+00,-3.287511e+00,5.420847e-02
1.129765e+01,1.255230e+01,1.092441e+01,-1.374584e+00,8.468108e-01,9.420489e-01
9.403277e+00,1.034026e+01,1.140249e+01,-1.634887e+00,2.368285e+00,7.023372e-01
4.743345e+00,4.672037e+00,8.123803e+00,7.198606e-01,1.420872e+00,-1.838041e-01
2.296753e+00,3.967528e-01,7.786035e+00,2.074601e+00,8.013183e-01,-6.674108e-01
1.721947e+00,7.615048e-01,8.679381e+00,3.906906e+00,5.340843e-01,-1.288263e+00
1.915196e+00,1.032188e+00,8.873769e+00,4.454087e+00,8.474019e-01,-1.676248e+00
3.082808e+00,1.819321e+00,1.013639e+01,5.677697e+00,1.516119e+00,-1.699553e+00
3.750750e+00,1.902109e+00,1.257783e+01,6.309752e+00,1.757978e+00,-1.556315e+00
6.135293e+00,2.714870e+00,1.180962e+01,7.520646e+00,1.760871e+00,-1.287215e+00
5.465997e+00,4.900082e+00,1.305996e+01,8.040028e+00,1.581798e+00,-1.049448e+00
-7.245271e+00,4.911630e-01,8.280759e+00,7.990864e+00,6.090726e-01,-4.483730e-01
-1.664692e+01,-1.305106e+01,6.386224e+00,7.031537e+00,-3.683366e-01,-3.281560e-01
-8.722637e-01,-1.393957e+01,1.247167e+01,4.021180e+00,5.581311e-01,-3.929615e-01
1.057043e+01,2.006509e+01,2.711613e-01,8.089876e-01,2.931649e+00,4.861059e-01
2.368728e+01,3.038050e+01,1.039092e+01,-4.357047e+00,4.494156e+00,1.446012e+00
-6.950929e+00,-1.937624e+01,1.636513e+01,-3.132914e+00,4.185888e+00,1.880380e+00
6.235653e+00,9.195627e+00,1.650549e+01,-2.208889e+00,-9.380414e-01,-2.849987e+00
-3.446068e-01,2.222992e+01,1.114736e+01,-3.833643e+00,3.330875e-01,-7.208756e-01
-9.184988e+00,1.234506e+01,1.101791e+01,-2.556752e+00,-5.839598e-01,3.360759e-01
-4.788496e+00,6.045465e+00,6.075688e+00,-1.392139e+00,-1.317694e+00,-9.680803e-01
4.195412e+00,1.176061e+01,4.764238e+00,-6.189822e-01,7.532623e-01,5.649201e-01
7.905814e+00,1.458277e+01,2.235448e+00,-4.509929e-01,1.724282e+00,6.405195e-01
2.976988e+00,9.228420e+00,9.597070e-03,-5.613401e-01,1.538375e+00,6.383237e-01
-5.716024e-03,9.400419e+00,-9.155239e-01,-2.478519e-01,3.806858e-01,1.434052e-01
-3.323829e+00,6.586448e+00,-1.439559e+00,-5.683152e-01,-8.562593e-01,-3.039255e-01
-3.451532e+00,5.938924e+00,-1.974688e-01,-8.003006e-01,-1.060754e+00,-4.230600e-01
-1.678202e+00,8.141254e+00,3.483107e+00,-1.250440e+00,-9.479933e-01,-3.227763e-01
2.610231e+00,8.139908e+00,3.574931e+00,-1.531425e+00,-8.451449e-01,-3.359179e-01
5.220265e+00,7.431776e+00,-1.524076e+00,-1.680688e+00,-6.444552e-01,-3.409713e-01
1.677466e+00,7.461390e+00,-2.844708e+00,-1.816287e+00,-8.340750e-01,-3.166094e-01
-2.356647e-01,1.075277e+01,1.009057e+00,-2.383843e+00,-1.692980e+00,-3.302422e-01
1.838976e+00,1.144830e+01,1.126026e+00,-2.879441e+00,-1.861442e+00,-2.713654e-01
1.355416e+01,1.074905e+01,-2.787046e+00,-3.539358e+00,-1.537795e+00,4.181415e-02
8.233249e+00,1.389134e+01,-2.019112e+00,-3.727575e+00,-1.281344e+00,2.786787e-01
-9.329946e+00,2.592543e+01,1.650995e+01,-4.323737e+00,-2.433701e+00,6.895699e-02
-1.720300e+01,3.162535e+01,2.096590e+01,-4.816786e+00,-5.101232e+00,-1.606424e-01
-8.543620e+00,9.422702e+00,1.974566e+01,-5.118991e+00,-4.127251e+00,-3.044651e-01
3.892422e+00,4.705972e+00,1.663247e+01,-3.404310e+00,-2.045796e+00,5.942698e-01
1.001874e+01,1.088480e+01,1.062928e+01,-1.469241e+00,2.651734e+00,1.317384e+00
6.547490e+00,5.960340e+00,9.865132e+00,-1.199743e+00,3.010927e+00,1.117403e+00
3.486832e+00,2.682442e+00,7.175065e+00,1.348838e+00,1.697019e+00,2.350915e-01
2.366785e+00,1.043790e+00,8.323875e+00,2.314637e+00,1.232120e+00,-1.052264e-01
2.159447e+00,1.915820e+00,8.560942e+00,4.012988e+00,9.372819e-01,-8.588301e-01
2.545310e+00,3.053274e+00,8.751862e+00,4.654375e+00,1.169015e+00,-1.159201e+00
3.250500e+00,2.056308e+00,1.005165e+01,5.727651e+00,1.477800e+00,-1.032189e+00
3.743453e+00,1.724646e+00,1.365169e+01,6.455938e+00,1.389283e+00,-1.033418e+00
3.625396e+00,2.589219e+00,1.350154e+01,7.592285e+00,1.045926e+00,-9.795500e-01
1.669039e+00,2.959936e+00,1.271685e+01,8.074238e+00,8.019578e-01,-9.102764e-01
-9.170669e+00,7.133632e-01,9.613586e+00,8.042048e+00,5.514461e-01,-6.025572e-01
-1.079888e+01,-9.937754e+00,8.026215e+00,6.749952e+00,1.592565e-01,-2.682025e-01
6.254941e+00,-8.808356e+00,1.087724e+01,3.146928e+00,1.709218e+00,9.916208e-02
1.262537e+01,1.556208e+01,4.075442e+00,5.805581e-01,3.134887e+00,7.469360e-01
6.304623e+00,2.071825e+01,1.414048e+01,-4.242461e+00,3.046184e+00,3.878142e-01
-1.584596e+01,-9.391971e+00,1.555567e+01,-3.089694e+00,1.959627e+00,9.424387e-01
2.393155e+00,2.725888e+00,1.576696e+01,-1.795486e+00,-2.452206e+00,-2.522153e+00
2.609171e+00,2.166406e+01,9.859140e+00,-3.074657e+00,3.425802e-01,-6.379789e-01
1.567933e+00,1.145601e+01,8.179862e+00,-2.552464e+00,1.576328e+00,5.958598e-01
2.478129e-01,5.753986e+00,4.127833e+00,-1.534430e+00,1.001014e+00,-2.484958e-01
2.472528e+00,1.165988e+01,4.367472e+00,-9.964000e-01,2.947452e-01,1.426637e-01
2.214792e+00,1.274239e+01,3.177990e+00,-8.374727e-01,3.651386e-01,6.694381e-02
-9.847146e-01,9.373084e+00,2.169918e+00,-9.805900e-01,-1.511394e-01,-6.103283e-02
-1.980377e+00,1.029524e+01,1.674200e+00,-8.859023e-01,-5.071197e-01,-1.261015e-01
-1.187383e+00,8.799538e+00,5.625378e-01,-9.329158e-01,-4.490730e-01,-1.111607e-01
-4.678351e-01,7.456357e+00,3.928695e-01,-9.061659e-01,-3.124751e-01,-6.199266e-02
-1.696196e+00,7.553016e+00,2.707214e+00,-1.162394e+00,-2.984708e-01,-1.663251e-01
5.601330e-01,7.630019e+00,4.285245e+00,-1.401988e+00,-5.514668e-01,-2.708661e-01
3.184570e+00,8.545193e+00,4.428664e+00,-1.605962e+00,-5.868236e-01,-3.543004e-01
2.817034e+00,8.667308e+00,5.876787e-01,-1.657353e+00,-6.272853e-01,-3.517102e-01
9.769190e-01,7.834299e+00,-3.082153e+00,-1.814158e+00,-1.048162e+00,-3.496590e-01
1.411762e+00,9.603226e+00,-1.026485e+00,-2.084749e+00,-1.316348e+00,-2.703905e-01
5.416941e+00,1.101277e+01,1.988755e-01,-2.855474e+00,-1.463680e+00,-1.699878e-01
1.083306e+01,1.303846e+01,-2.768610e+00,-3.408972e+00,-1.533505e+00,-2.391751e-02
1.937548e-01,2.002247e+01,3.249226e+00,-4.025824e+00,-1.729171e+00,2.457701e-01
-6.963993e+00,2.213309e+01,1.471379e+01,-4.514334e+00,-2.754186e+00,2.407568e-01
-1.407853e+01,2.663423e+01,1.999898e+01,-5.141397e+00,-5.092604e+00,-5.496880e-02
-3.769523e+00,6.742308e+00,2.168537e+01,-5.013927e+00,-3.623680e+00,1.248305e-01
1.196858e+01,1.057078e+01,9.849532e+00,-1.849182e+00,-2.365235e-01,7.782458e-01
9.204230e+00,1.092826e+01,1.024877e+01,-1.118886e+00,2.096013e+00,9.028999e-01
3.983891e+00,5.190133e+00,1.031402e+01,3.937636e-01,1.578185e+00,1.576271e-01
3.411850e+00,1.399854e+00,8.405517e+00,2.124736e+00,8.212206e-01,-6.106239e-01
3.170386e+00,-6.835826e-01,9.123742e+00,3.968135e+00,6.779614e-01,-1.052843e+00
3.192630e+00,-2.594943e-01,8.767883e+00,4.835760e+00,8.519449e-01,-1.410048e+00
2.840164e+00,9.266212e-01,1.052586e+01,5.943003e+00,1.198797e+00,-1.637461e+00
3.389008e+00,1.776767e+00,1.352075e+01,6.486754e+00,1.222901e+00,-1.571527e+00
3.584448e+00,4.054422e+00,1.360280e+01,7.502318e+00,1.175207e+00,-1.547429e+00
4.632633e+00,9.253086e+00,1.294263e+01,8.202987e+00,1.035321e+00,-1.434551e+00
-9.698992e+00,1.973852e+00,5.507261e+00,8.459496e+00,7.754907e-01,-8.314168e-01
-1.759959e+01,-1.368126e+01,7.837139e+00,7.547309e+00,-9.361721e-02,-4.202340e-01
3.445107e+00,-1.565415e+01,8.244605e+00,4.729562e+00,6.510028e-01,-6.628131e-01
8.142213e+00,6.437129e+00,8.433778e+00,1.705451e+00,3.195401e+00,4.504995e-02
3.184588e+01,3.524583e+01,2.163537e+00,-4.143051e+00,3.657751e+00,1.105519e+00
-1.141877e+01,-2.177798e+01,1.076086e+01,-3.207199e+00,2.815334e+00,1.383904e+00
-6.911891e+00,1.128757e+01,1.788736e+01,-1.564637e+00,-2.344431e+00,-3.086452e+00
-8.756583e-01,2.336714e+01,1.196233e+01,-3.670656e+00,-1.466446e+00,-6.058006e-01
-1.541827e-01,6.925159e+00,8.319828e+00,-3.135809e+00,9.159849e-01,-2.648508e-01
-6.007094e-01,6.706475e+00,5.121137e+00,-1.854387e+00,4.864197e-01,2.998341e-02
5.578628e+00,1.218725e+01,4.332260e+00,-1.628210e+00,7.480064e-01,4.349767e-01
4.215179e+00,1.107180e+01,3.491634e+00,-1.406924e+00,1.357534e+00,4.814499e-01
1.622955e-01,9.322459e+00,3.449344e+00,-1.308217e+00,6.631996e-02,-4.531122e-03
-2.404641e-01,9.666835e+00,3.188608e+00,-1.237189e+00,-7.114549e-01,-2.057693e-01
-5.458775e-01,8.565348e+00,2.292507e+00,-1.307896e+00,-7.876910e-01,-1.857175e-01
-5.870357e-01,7.977970e+00,1.609608e+00,-1.274212e+00,-6.792620e-01,-1.961839e-01
-7.138536e-01,7.845841e+00,2.746729e+00,-1.335905e+00,-6.946822e-01,-2.215421e-01
-8.193628e-01,8.157493e+00,4.529474e+00,-1.459424e+00,-7.999855e-01,-2.474886e-01
1.247709e+00,8.528749e+00,3.436293e+00,-1.642420e+00,-9.801973e-01,-3.246694e-01
2.163466e+00,8.396959e+00,-1.112083e+00,-1.675633e+00,-8.444398e-01,-2.511473e-01
4.670134e+00,9.771491e+00,-1.141740e+00,-1.870136e+00,-7.380083e-01,-5.384771e-02
1.699231e+00,1.038716e+01,1.682218e+00,-2.268173e+00,-8.958857e-01,3.126255e-02
5.509093e+00,1.338323e+01,8.152953e-02,-3.064300e+00,-1.517050e+00,-2.345255e-02
5.708517e+00,2.036110e+01,-5.563775e+00,-3.399439e+00,-1.535864e+00,2.911637e-01
-8.262376e+00,1.618793e+01,1.079734e+01,-3.876281e+00,-1.951151e+00,4.808361e-01
-6.980912e+00,2.232128e+01,1.551424e+01,-4.252501e+00,-3.188521e+00,2.434385e-01
-9.128817e+00,2.294272e+01,1.613061e+01,-4.913876e+00,-3.860972e+00,-2.015622e-02
3.164885e+00,1.467295e+00,1.634256e+01,-4.076102e+00,-2.321038e+00,2.418029e-02
7.463475e+00,1.067711e+01,8.778708e+00,-5.576156e-01,5.563943e-01,4.070192e-01
2.692545e+00,9.152121e+00,1.106470e+01,-9.545687e-01,1.300033e+00,1.859542e-01
-2.107469e-01,3.891541e+00,9.569761e+00,1.155399e+00,6.116462e-01,-3.971627e-01
9.774222e-01,1.751380e+00,9.364682e+00,2.563487e+00,6.924632e-01,-5.921363e-01
3.423605e+00,5.205262e-02,9.309579e+00,4.239100e+00,1.591653e+00,-6.235767e-01
4.865318e+00,9.688962e-01,9.425778e+00,5.041457e+00,2.190352e+00,-7.776770e-01
6.009217e+00,1.878460e+00,1.098649e+01,6.136726e+00,2.481694e+00,-6.269833e-01
6.088263e+00,2.522894e+00,1.443535e+01,6.706551e+00,2.168281e+00,-5.393599e-01
6.193582e+00,9.888007e+00,1.245706e+01,7.798592e+00,1.285437e+00,-6.165861e-01
2.334323e+00,1.176468e+01,9.941817e+00,8.334170e+00,5.564064e-01,-6.749277e-01
-1.850093e+01,-5.201001e+00,6.048763e+00,7.950743e+00,-1.935171e-01,-6.425920e-01
-6.066568e+00,-1.551385e+01,1.505073e+00,6.776677e+00,-5.255847e-01,-1.426499e+00
2.613337e+00,1.115361e+01,4.304775e+00,2.880454e+00,2.038030e+00,-6.591808e-01
2.243151e+01,3.938836e+01,-3.112128e+00,-4.684474e-01,3.137103e+00,5.531937e-01
6.410467e-01,-1.142542e+01,8.301518e+00,-3.543842e+00,2.820342e+00,6.519326e-01
8.246942e-01,-8.045329e+00,1.311003e+01,-1.720807e+00,2.602917e+00,1.683810e+00
-2.976673e+00,1.584502e+01,1.481709e+01,-3.695566e+00,7.226708e-01,-5.819554e-01
2.314500e-01,2.113534e+01,1.162105e+01,-4.004925e+00,6.103639e-01,2.702682e-01
-7.987507e+00,5.740390e+00,7.175086e+00,-2.271721e+00,-1.122657e+00,-7.496573e-01
-6.409108e+00,6.668296e+00,6.588780e+00,-1.482007e+00,-1.045010e+00,-2.965599e-01
1.162017e+01,1.343922e+01,4.705872e+00,-1.239155e+00,1.584624e+00,6.612086e-01
9.082312e+00,9.319045e+00,2.648605e+00,-1.086888e+00,2.799734e+00,8.790009e-01
1.525329e+00,8.245720e+00,3.076192e+00,-9.130820e-01,7.352739e-01,1.744938e-01
-2.332987e+00,1.242331e+01,2.253499e+00,-8.987012e-01,-6.523990e-01,-2.624604e-01
-1.759086e+00,9.019282e+00,-1.146983e-01,-1.059937e+00,-1.253012e+00,-3.983100e-01
-1.297908e+00,7.119124e+00,9.905075e-02,-1.054169e+00,-1.057751e+00,-4.595835e-01
6.441849e-01,7.637114e+00,3.183808e+00,-1.277321e+00,-6.520011e-01,-3.065793e-01
2.068244e+00,8.301959e+00,3.691660e+00,-1.525306e+00,-6.439262e-01,-2.492244e-01
1.170212e+00,7.450709e+00,-7.096475e-01,-1.764258e+00,-7.050636e-01,-1.938211e-01
9.043910e-01,9.985229e+00,-2.964771e+00,-1.905401e+00,-7.911567e-01,-1.313981e-01
4.284625e-01,9.751524e+00,-2.310097e-02,-2.441664e+00,-1.007502e+00,6.056479e-02
1.739534e+00,1.111202e+01,9.600129e-01,-2.952044e+00,-1.123408e+00,5.761077e-02
1.059575e+01,1.809806e+01,-5.373174e+00,-3.718501e+00,-1.169107e+00,3.688787e-01
2.815229e+00,1.887434e+01,6.603465e-01,-3.953188e+00,-1.094233e+00,5.372834e-01
-7.251470e+00,2.417319e+01,1.663314e+01,-4.713988e+00,-3.207109e+00,1.928611e-01
-1.125070e+01,2.891631e+01,1.827164e+01,-4.915989e+00,-4.657175e+00,-3.632487e-01
2.507400e+00,1.149701e+00,1.806389e+01,-4.394993e+00,-3.089124e+00,-3.252164e-01
9.275622e+00,7.805072e+00,8.762815e+00,-1.813147e+00,-1.192213e+00,-1.179525e-01
6.298639e+00,8.476876e+00,1.012518e+01,-1.003212e+00,1.428572e+00,-2.542461e-01
2.872735e+00,5.035916e+00,9.149738e+00,1.888991e-01,1.109324e+00,-6.845994e-01
2.203936e+00,1.079505e+00,7.788038e+00,2.457371e+00,5.110248e-01,-1.432506e+00
2.765872e+00,6.438432e-01,8.490178e+00,3.531993e+00,7.683912e-01,-1.488736e+00
3.613616e+00,3.145037e+00,9.942543e+00,4.788997e+00,1.814423e+00,-1.768631e+00
4.166987e+00,3.785515e+00,1.124184e+01,5.443949e+00,2.255369e+00,-1.586135e+00
5.256693e+00,3.891772e+00,1.475480e+01,6.547202e+00,2.334653e+00,-1.142387e+00
7.699390e+00,7.383924e+00,1.142190e+01,7.376789e+00,2.136046e+00,-8.795320e-01
7.936337e+00,8.197241e+00,9.609711e+00,8.394461e+00,1.325693e+00,-4.040298e-02
-8.477545e+00,-2.975205e+00,4.331294e+00,8.257418e+00,6.597198e-01,5.245905e-01
-8.773039e+00,-1.566317e+01,1.296758e+00,6.774047e+00,-7.685328e-01,-7.126849e-01
-1.765907e+00,-1.124403e+01,5.580356e+00,4.285776e+00,-2.990065e-01,-1.083109e+00
3.360249e+01,3.940996e+01,-2.197976e+00,-7.814441e-01,2.325790e+00,8.313361e-01
1.207081e+00,-3.834939e+00,1.156311e+01,-3.543548e+00,2.554182e+00,8.112473e-01
4.202000e+00,-1.484916e+01,1.404881e+01,-3.692740e+00,-1.433469e-02,-5.269188e-01
-3.129450e+00,1.286313e+01,1.826841e+01,-3.526901e+00,-2.683601e-01,-1.521203e+00
-7.422743e+00,2.096947e+01,1.195640e+01,-3.673919e+00,-7.382861e-01,7.657181e-02
-6.883704e+00,6.530739e+00,7.255223e+00,-2.947398e+00,-1.217463e+00,-8.183347e-01
2.795209e+00,7.627120e+00,5.235413e+00,-1.195147e+00,3.448489e-02,2.070690e-01
8.862043e+00,1.362917e+01,4.468834e+00,-1.111922e+00,1.512231e+00,6.082893e-01
4.101875e+00,9.244788e+00,2.686471e+00,-1.087815e+00,1.656212e+00,4.837787e-01
-9.171129e-01,8.591620e+00,2.223310e+00,-1.018594e+00,2.466642e-01,1.802548e-01
-2.597584e+00,9.503791e+00,1.229310e+00,-1.055941e+00,-1.211203e+00,-2.309387e-01
-2.183523e+00,9.066356e+00,7.246692e-01,-1.118851e+00,-1.206854e+00,-2.442246e-01
-2.962674e+00,7.399679e+00,1.840481e+00,-1.265320e+00,-8.055082e-01,-2.356857e-01
-3.803258e-02,7.694072e+00,4.848505e+00,-1.443707e+00,-7.089631e-01,-2.002943e-01
4.346172e+00,8.852619e+00,5.212510e+00,-1.625092e+00,-3.744497e-01,-1.830240e-01
3.559028e+00,8.868012e+00,2.106459e+00,-1.678035e+00,-2.395658e-01,-1.131582e-01
2.114355e+00,9.782511e+00,-3.141603e+00,-1.780309e+00,-4.704207e-01,-4.118908e-02
1.095052e+00,1.069270e+01,-1.873585e+00,-2.025989e+00,-7.784746e-01,6.250923e-02
1.830050e+00,1.165988e+01,8.830194e-01,-2.825729e+00,-1.248829e+00,1.258890e-02
8.345115e+00,1.454184e+01,-4.389359e+00,-3.250337e+00,-1.395535e+00,1.085020e-01
3.608073e-01,1.629792e+01,2.840723e+00,-3.798143e+00,-1.121600e+00,5.086855e-01
-5.388724e+00,1.863175e+01,1.474335e+01,-4.358854e+00,-2.057430e+00,4.923123e-01
-1.055439e+01,2.793646e+01,1.765938e+01,-4.956593e+00,-4.333796e+00,-4.262832e-01
-8.891320e+00,1.149338e+01,1.918325e+01,-4.883781e+00,-3.742897e+00,-3.046217e-01
8.919091e+00,9.363566e+00,7.759301e+00,-1.473532e+00,-1.456574e+00,-2.118737e-01
5.833274e+00,9.126440e+00,1.027344e+01,-6.582127e-01,8.587531e-01,-6.527382e-02
2.078815e+00,4.046731e+00,8.693570e+00,9.710401e-01,1.074738e+00,-7.269837e-01
2.193163e+00,2.093379e+00,8.622849e+00,2.424534e+00,8.349387e-01,-1.172365e+00
3.534781e+00,2.185492e+00,9.508321e+00,4.342064e+00,1.270548e+00,-1.222345e+00
3.725505e+00,2.638053e+00,1.041058e+01,5.212570e+00,1.752518e+00,-1.404771e+00
4.565073e+00,2.589451e+00,1.214517e+01,6.513055e+00,2.048810e+00,-1.194138e+00
4.909450e+00,4.119567e+00,1.334138e+01,7.127269e+00,2.004618e+00,-1.027364e+00
7.100759e+00,1.190320e+01,1.143445e+01,8.174880e+00,1.521060e+00,-5.782021e-01
1.245007e+00,6.143288e+00,6.925149e+00,8.422824e+00,9.027623e-01,-5.605614e-02
-1.211525e+01,-1.039316e+01,5.122654e+00,7.769369e+00,-1.261230e-01,-4.312694e-01
-3.569653e+00,-1.323187e+01,-1.781539e+00,6.539739e+00,-2.163789e-01,-8.882164e-01
1.733041e+00,2.738422e+00,7.501970e+00,2.187131e+00,2.409896e+00,8.924003e-02
2.395379e+01,3.933493e+01,-4.087286e-01,-1.324768e+00,2.496951e+00,6.925873e-01
1.657634e+00,-7.468845e+00,1.311213e+01,-3.426158e+00,2.052784e+00,8.537091e-01
4.554106e+00,-1.193662e+01,1.308306e+01,-2.914399e+00,1.801208e+00,1.069337e+00
-1.109840e+00,1.460485e+01,1.627344e+01,-3.653510e+00,2.693048e-01,-3.778860e-01
-2.873180e+00,2.497673e+01,1.274471e+01,-3.529220e+00,9.290420e-02,7.215778e-02
-5.817717e+00,3.487614e+00,5.740282e+00,-2.500665e+00,-5.522883e-01,-3.691886e-01
-5.940193e-01,6.889308e+00,5.025278e+00,-1.576836e+00,-3.821873e-01,-4.968166e-02
7.060280e+00,1.327949e+01,5.450297e+00,-1.183495e+00,1.539330e+00,6.171106e-01
5.502741e+00,1.005916e+01,3.739790e+00,-1.128951e+00,2.049239e+00,6.378358e-01
-2.524888e-02,9.405083e+00,3.380950e+00,-9.218956e-01,5.891579e-01,1.941536e-01
-1.305379e+00,1.076702e+01,2.802722e+00,-8.803786e-01,-1.515891e-01,2.392301e-02
-5.094912e-02,1.004124e+01,6.810778e-01,-8.733406e-01,-3.647221e-01,-1.768130e-01
3.168008e-01,6.811037e+00,9.756489e-01,-9.264683e-01,-2.216380e-01,-1.556229e-01
-2.139931e-01,7.771810e+00,4.140203e+00,-1.112699e+00,-3.118184e-01,-2.014556e-01
8.754864e-01,8.003190e+00,4.560662e+00,-1.328513e+00,-5.848582e-01,-2.487209e-01
4.188695e+00,9.162112e+00,-2.372734e+00,-1.460517e+00,-7.121680e-01,-2.695447e-01
1.105655e+00,7.444675e+00,-3.388801e+00,-1.609885e+00,-6.497000e-01,-1.440487e-01
-8.518660e-01,1.049800e+01,4.020115e-01,-2.206216e+00,-1.159370e+00,-1.015151e-01
8.617735e-01,1.151327e+01,1.343891e+00,-2.629325e+00,-1.366788e+00,-1.021768e-01
1.392795e+01,1.536855e+01,-6.908257e+00,-3.442329e+00,-1.147832e+00,1.770204e-01
8.478929e+00,1.902819e+01,-3.447606e+00,-3.644948e+00,-9.167944e-01,3.644706e-01
-7.505393e+00,2.184419e+01,1.682591e+01,-4.583375e+00,-2.946470e+00,3.089643e-01
-1.419282e+01,2.995243e+01,1.855929e+01,-4.898050e+00,-5.011906e+00,-4.050854e-01
-6.634592e+00,4.764436e+00,1.956336e+01,-4.542217e+00,-3.979121e+00,-3.980391e-01
6.662960e+00,7.177003e+00,1.040875e+01,-2.297010e+00,-1.984093e+00,1.688673e-02
6.619603e+00,8.944654e+00,1.078692e+01,-9.132373e-01,1.786687e+00,3.185868e-01
4.698299e+00,5.587315e+00,1.002610e+01,-2.724814e-01,1.972406e+00,1.626606e-01
3.406380e+00,1.741640e+00,7.935775e+00,2.398267e+00,1.261008e+00,-7.183287e-01
3.451619e+00,3.397583e-01,9.238835e+00,3.600814e+00,1.081491e+00,-8.832927e-01
3.130530e+00,1.234692e+00,9.434717e+00,4.926364e+00,1.415121e+00,-1.391030e+00
3.020000e+00,3.085235e+00,1.050958e+01,5.494889e+00,1.614649e+00,-1.554588e+00
3.590515e+00,3.264816e+00,1.514438e+01,6.531919e+00,1.659930e+00,-1.389266e+00
5.300059e+00,5.570820e+00,1.131731e+01,7.371820e+00,1.573660e+00,-1.256925e+00
2.997958e+00,8.687199e+00,9.961550e+00,8.327156e+00,1.299627e+00,-7.992567e-01
-1.075308e+01,-2.020485e+00,5.904641e+00,8.109359e+00,1.049236e+00,-3.485409e-01
-7.910741e+00,-1.608734e+01,6.727926e+00,6.365988e+00,1.384187e-02,-5.210257e-01
5.534172e+00,-7.333318e+00,7.083924e+00,3.904802e+00,1.211066e+00,-4.336169e-01
3.767845e+01,3.919075e+01,-5.149269e+00,-1.151370e+00,4.310441e+00,9.615641e-01
5.040416e+00,9.506161e+00,9.757787e+00,-3.223836e+00,3.754167e+00,1.163885e+00
5.453897e+00,-1.040576e+01,1.178819e+01,-3.111705e+00,9.151347e-01,5.196776e-02
-2.710479e+00,8.284139e+00,1.629481e+01,-3.299643e+00,-3.703161e-01,-1.590256e+00
-1.046271e+01,2.148302e+01,1.113401e+01,-3.347382e+00,-9.363600e-01,-3.748956e-01
-1.048988e+01,5.189065e+00,7.178612e+00,-3.067019e+00,-1.666836e+00,-8.857887e-01
1.337140e-01,8.867836e+00,6.156740e+00,-1.184143e+00,-2.200224e-01,-1.305961e-02
8.062967e+00,1.207403e+01,5.618404e+00,-1.029203e+00,1.376987e+00,6.273387e-01
9.605956e+00,9.053310e+00,3.092534e+00,-9.137240e-01,3.083423e+00,8.255385e-01
2.176821e+00,7.623521e+00,3.356965e+00,-8.829986e-01,2.115310e+00,5.474688e-01
-2.854538e+00,1.144079e+01,1.747309e+00,-8.789361e-01,-4.926389e-01,-2.347885e-01
-3.029797e+00,1.051305e+01,7.115565e-01,-9.602855e-01,-1.024060e+00,-4.071777e-01
-2.186327e+00,6.658893e+00,1.277539e+00,-1.050742e+00,-8.307353e-01,-4.177764e-01
-5.035108e-01,7.600189e+00,2.185276e+00,-1.123757e+00,-4.689749e-01,-3.314283e-01
5.664103e+00,8.563504e+00,3.784701e+00,-1.479727e+00,-2.087698e-01,-1.591235e-01
2.917491e+00,8.304935e+00,1.385802e+00,-1.589528e+00,-2.437451e-01,-1.943615e-01
-1.260947e+00,8.640631e+00,-1.793458e+00,-1.776392e+00,-1.066633e+00,-4.304405e-01
-2.181379e+00,9.417613e+00,-5.798376e-01,-2.024943e+00,-1.538646e+00,-4.220445e-01
-1.953080e+00,1.105981e+01,3.065662e+00,-2.748490e+00,-1.682772e+00,-2.524458e-01
5.573016e+00,1.279473e+01,-3.242548e+00,-3.225079e+00,-1.442782e+00,-6.583856e-02
1.315126e+01,2.317634e+01,-8.674930e+00,-3.673201e+00,-7.338175e-01,5.321943e-01
9.435050e+00,1.531703e+01,1.195196e+01,-4.134963e+00,-7.923479e-01,7.805276e-01
-1.027473e+01,3.020962e+01,2.010026e+01,-4.787501e+00,-3.795171e+00,9.222730e-02
-1.204140e+01,2.264416e+01,2.264023e+01,-4.905612e+00,-4.577613e+00,-8.308969e-01
1.878005e+00,6.845604e+00,1.008337e+01,-3.414821e+00,-3.659722e+00,-1.813172e+00
3.990416e-01,1.278804e+01,1.386801e+01,-1.453217e+00,-1.163487e+00,-9.087656e-01
1.881813e+00,5.259726e+00,1.244191e+01,-8.298410e-01,7.833982e-01,-6.588252e-01
5.048015e+00,1.366208e+00,9.168301e+00,1.122497e+00,1.299337e+00,-9.781893e-01
4.784145e+00,-1.546387e+00,8.729773e+00,3.673735e+00,2.664319e+00,-4.192393e-01
4.765005e+00,-1.780367e+00,6.820531e+00,4.621115e+00,2.869374e+00,-5.879772e-01
6.764453e+00,-1.342033e+00,8.498188e+00,5.801590e+00,2.801187e+00,-4.898399e-01
6.904655e+00,-8.548335e-01,1.056380e+01,6.289307e+00,2.668365e+00,-2.339166e-01
6.336285e+00,2.611315e+00,1.166612e+01,7.472595e+00,1.784143e+00,-3.017811e-01
4.560498e+00,9.065078e+00,1.021328e+01,8.002039e+00,8.654397e-01,-2.994441e-01
-1.031934e+01,3.892213e+00,6.217702e+00,8.135603e+00,-2.354642e-01,-4.004107e-02
-1.912985e+01,-4.246896e+00,8.419996e+00,7.476675e+00,-8.383069e-01,-1.282187e-01
6.319948e-01,-1.399776e+01,-1.672139e-01,5.004306e+00,7.227048e-03,-5.511555e-01
8.295935e+00,-3.395770e+00,8.925968e+00,2.659359e+00,2.552588e+00,1.237491e-01
1.551404e+01,2.911893e+01,2.626018e-01,-2.051341e+00,3.490230e+00,1.072635e+00
3.554447e+01,3.883094e+01,-3.646195e+00,-4.268039e+00,2.473880e+00,5.641504e-01
-2.101396e+01,-1.136740e+01,1.665639e+01,-1.628626e+00,8.329834e-01,1.279552e+00
-5.543766e+00,3.027148e+00,1.663519e+01,-1.379413e+00,-1.761405e+00,-1.337355e+00
-3.155078e+00,1.796875e+01,9.841186e+00,-4.247396e+00,-3.544272e-01,-6.781862e-01
3.455646e+00,8.459950e+00,8.959584e+00,-4.117430e+00,1.593559e+00,5.120522e-01
-7.444968e-02,1.009611e+01,8.783361e+00,-1.875397e+00,7.304367e-01,6.952102e-02
2.193256e+00,9.644574e+00,7.266202e+00,-1.867457e+00,6.121493e-01,2.007616e-01
3.613994e+00,1.083564e+01,5.450303e+00,-1.434605e+00,5.605958e-01,3.083341e-01
3.494712e+00,8.873931e+00,5.155767e+00,-1.200252e+00,6.134892e-01,8.439798e-02
2.270268e-01,8.544054e+00,4.065453e+00,-9.801967e-01,-3.670055e-02,-1.044722e-01
1.796488e-01,8.908363e+00,3.597017e+00,-8.761338e-01,-4.656374e-01,-2.778072e-01
-9.305058e-01,9.062464e+00,2.654587e+00,-8.997344e-01,-4.743198e-01,-3.323144e-01
-1.357131e+00,7.804180e+00,2.580451e+00,-8.825523e-01,-6.067206e-01,-4.457157e-01
1.666283e+00,7.316867e+00,1.300714e+00,-1.026285e+00,-8.355331e-01,-4.638833e-01
2.293645e+00,7.480670e+00,-3.548520e-01,-1.120572e+00,-7.568561e-01,-4.171804e-01
1.268743e+00,9.729439e+00,-1.957710e+00,-1.609087e+00,-7.509345e-01,-2.501911e-01
-9.198663e-01,9.433643e+00,9.265539e-01,-2.021784e+00,-1.109319e+00,-2.376190e-01
4.065734e+00,1.029555e+01,1.822435e+00,-2.911428e+00,-1.643190e+00,-2.359484e-01
9.728781e+00,1.249108e+01,-1.984884e+00,-3.244907e+00,-1.681207e+00,-1.622373e-01
8.997822e+00,2.503802e+01,-2.435791e+00,-3.904856e+00,-1.241111e+00,3.256642e-01
-1.837224e+00,1.975037e+01,1.433470e+01,-4.525500e+00,-2.038559e+00,4.350204e-01
-1.711255e+01,2.641778e+01,2.098669e+01,-4.974358e+00,-5.826721e+00,-1.769359e-01
-7.982767e+00,8.159251e+00,2.088783e+01,-4.862765e+00,-5.492558e+00,-4.344586e-01
8.468007e+00,6.362254e+00,1.097748e+01,-1.964348e+00,-8.552913e-01,5.700168e-01
6.465620e+00,1.023390e+01,1.023251e+01,-7.610289e-01,1.607436e+00,9.215806e-01
4.325865e+00,4.208641e+00,1.040253e+01,2.750010e-01,2.217598e+00,4.675632e-01
4.732798e+00,1.138442e+00,8.830219e+00,1.711390e+00,1.784339e+00,-1.884459e-01
4.917178e+00,4.782606e-01,9.569713e+00,4.262447e+00,1.731904e+00,-6.036211e-01
4.440039e+00,8.143411e-01,8.913837e+00,5.204801e+00,1.705397e+00,-9.674411e-01
3.463285e+00,6.868953e-01,1.051471e+01,6.271273e+00,1.480910e+00,-1.061601e+00
2.912264e+00,1.072199e+00,1.293895e+01,7.231143e+00,1.096781e+00,-1.106143e+00
3.729527e+00,4.909257e+00,1.046076e+01,8.174778e+00,9.781854e-01,-1.091439e+00
3.692386e+00,9.499203e+00,1.079708e+01,8.680446e+00,1.105967e+00,-9.552529e-01
-5.604959e+00,5.338647e+00,6.483811e+00,8.544295e+00,1.258415e+00,-3.663681e-01
-1.093899e+01,-1.287718e+01,1.394295e+00,7.121703e+00,8.055037e-01,-1.132680e-01
4.156091e+00,-1.346816e+01,7.512364e-01,3.825301e+00,2.675518e+00,2.412177e-01
9.000521e+00,-4.481150e+00,9.962697e+00,4.068972e-01,3.305446e+00,8.542063e-01
3.053671e+01,3.940001e+01,-1.365002e+01,-4.137347e+00,1.765062e+00,3.888401e-01
-1.007501e+01,-7.107222e-01,1.039651e+01,-5.079783e+00,1.748719e-01,-2.920011e-02
-1.423673e+01,-1.136835e+01,1.601795e+01,-1.590018e+00,-2.972711e+00,-2.256708e+00
9.964490e-01,7.689895e+00,1.537354e+01,-3.510367e+00,-1.394639e+00,-1.506887e+00
1.506047e+00,1.979264e+01,1.183868e+01,-3.392516e+00,2.118601e+00,1.093338e+00
1.806667e+00,1.095771e+01,9.759822e+00,-2.469888e+00,1.627083e+00,-8.861275e-03
3.923439e-01,6.773858e+00,4.510781e+00,-1.160955e+00,7.481106e-01,1.657740e-01
3.327736e+00,1.275956e+01,6.023175e+00,-1.035192e+00,7.888090e-01,1.737614e-01
2.737357e+00,1.036661e+01,4.405834e+00,-9.412756e-01,7.935099e-01,5.464504e-02
1.133798e-01,7.991347e+00,3.627306e+00,-8.693316e-01,3.659694e-01,6.715722e-03
1.136751e+00,9.637072e+00,2.074486e+00,-6.965970e-01,-3.012997e-01,-2.030053e-01
1.510269e+00,1.043460e+01,2.948769e-01,-7.337904e-01,-2.589976e-01,-1.885841e-01
-7.295862e-01,6.955486e+00,-8.605036e-01,-8.959030e-01,-5.746053e-01,-2.663410e-01
-3.654440e+00,6.823212e+00,1.150045e+00,-1.090871e+00,-9.615745e-01,-3.986175e-01
-2.407161e+00,7.464249e+00,3.546907e+00,-1.561919e+00,-1.247393e+00,-4.390418e-01
2.000090e+00,8.217408e+00,3.556530e+00,-1.702544e+00,-9.674928e-01,-3.843495e-01
3.410000e+00,7.011493e+00,4.548348e-01,-1.876985e+00,-6.809457e-01,-2.492250e-01
3.272889e+00,7.910263e+00,-6.321579e-01,-2.042570e+00,-8.476556e-01,-2.388468e-01
-4.867430e-01,1.094108e+01,1.311823e+00,-2.645611e+00,-1.339232e+00,-1.023185e-01
-3.953217e-01,9.821020e+00,2.772911e+00,-3.109443e+00,-1.621988e+00,-1.058931e-01
1.192683e+01,1.053587e+01,-1.442272e+00,-3.632726e+00,-1.366860e+00,2.219189e-01
1.507493e+01,2.001673e+01,-5.131813e+00,-3.948582e+00,-9.710843e-01,4.504953e-01
-9.606040e+00,2.015991e+01,1.810884e+01,-4.874192e+00,-3.482847e+00,1.308724e-01
-2.122549e+01,3.039422e+01,2.304228e+01,-5.023582e+00,-6.043344e+00,-4.126535e-01
-1.392822e+01,8.122485e+00,2.042688e+01,-4.645106e+00,-4.318339e+00,1.149028e-01
7.355359e+00,3.461519e+00,1.565928e+01,-2.313246e+00,-8.364530e-01,1.461570e+00
1.251655e+01,1.025636e+01,1.041663e+01,-7.813305e-01,3.763679e+00,1.976674e+00
9.641321e+00,5.141012e+00,9.974897e+00,5.132569e-02,3.503288e+00,1.528813e+00
5.458698e+00,-2.092198e-02,5.534990e+00,2.793954e+00,1.620658e+00,2.132426e-01
3.221782e+00,2.442984e-01,6.966941e+00,3.672972e+00,8.766840e-01,-1.248034e-01
2.319530e+00,8.137029e-01,9.413854e+00,4.790504e+00,3.353108e-01,-8.341115e-01
2.465099e+00,1.005956e+00,9.618274e+00,5.571798e+00,6.810051e-01,-1.124074e+00
3.164153e+00,2.574098e+00,1.295541e+01,6.624683e+00,1.050202e+00,-1.116094e+00
3.912208e+00,2.972372e+00,1.659971e+01,7.239343e+00,1.224903e+00,-1.078597e+00
6.313319e+00,8.030479e+00,1.276517e+01,8.384035e+00,1.338422e+00,-8.469466e-01
1.231087e+00,9.603257e+00,1.197364e+01,8.761919e+00,1.103116e+00,-4.533565e-01
-1.587870e+01,-1.006258e+01,6.435539e+00,7.639396e+00,-1.551356e-01,-2.153746e-01
-7.405327e+00,-1.605656e+01,1.019054e+01,5.514398e+00,9.967266e-02,-5.223550e-01
1.188787e+01,1.537760e+01,3.106674e+00,2.298608e-01,2.827184e+00,1.276202e-01
3.454860e+01,3.871745e+01,-1.321365e+01,-2.703490e+00,3.483264e+00,5.052087e-01
-1.256356e+01,-8.251996e+00,1.446225e+01,-3.382112e+00,1.844831e+00,1.331322e+00
-1.213214e+01,-1.413894e+01,1.568361e+01,-1.597334e+00,-1.849560e+00,-1.624802e+00
-1.063732e+00,1.889926e+01,1.452343e+01,-3.540394e+00,1.054837e-01,-4.675217e-01
-2.406797e+00,1.432362e+01,1.032281e+01,-3.603261e+00,1.347320e+00,7.020697e-01
-2.239015e-01,7.207422e+00,7.845225e+00,-1.688005e+00,5.965266e-01,-3.715431e-01
2.748522e+00,8.539944e+00,7.112823e+00,-1.379147e+00,9.444490e-01,2.385326e-01
8.321004e+00,1.306043e+01,5.070355e+00,-1.040307e+00,1.386943e+00,1.660717e-01
1.654473e+01,1.139624e+01,2.012504e+00,-9.973521e-01,1.176552e+00,1.878883e-02
-6.644767e+00,9.133631e+00,2.412000e+00,-8.811812e-01,-1.342500e+00,-6.940497e-01
-7.367314e+00,1.045167e+01,2.026528e+00,-7.170526e-01,-2.223550e+00,-8.258990e-01
6.800023e-01,6.064221e+00,-1.630000e+00,-7.747550e-01,-1.109584e+00,-5.939650e-01
1.963865e+00,5.456861e+00,-1.351311e+00,-7.819188e-01,-2.649439e-01,-3.078847e-01
-9.371910e-02,5.782969e+00,2.534485e+00,-1.275611e+00,-4.670766e-01,-3.205483e-01
-2.916119e+00,8.599178e+00,3.754912e+00,-1.616357e+00,-1.099154e+00,-5.320378e-01
-4.780320e-01,6.064571e+00,3.426029e-01,-1.962880e+00,-1.446836e+00,-6.129704e-01
3.985782e+00,8.517249e+00,-5.101270e-01,-2.110345e+00,-1.220188e+00,-4.308022e-01
4.612137e+00,9.670826e+00,6.516250e-01,-2.604266e+00,-8.018650e-01,-1.400396e-01
4.689724e+00,1.053013e+01,1.501182e+00,-3.097500e+00,-8.887874e-01,-7.735176e-02
1.700568e+01,1.289109e+01,-4.056760e+00,-3.744807e+00,-1.430011e+00,6.493201e-02
6.441470e+00,1.838463e+01,2.461815e+00,-4.234540e+00,-1.677170e+00,5.201404e-02
-1.462686e+01,2.535907e+01,2.234813e+01,-5.355361e+00,-5.060344e+00,-3.808060e-01
-2.434068e+01,3.151807e+01,2.461311e+01,-5.664493e+00,-6.821366e+00,-6.446857e-01
-4.718932e+00,1.494284e+00,2.340315e+01,-4.332581e+00,-3.388133e+00,9.595433e-01
1.005902e+01,5.336666e+00,1.398105e+01,-1.471850e+00,5.396105e-01,2.120988e+00
1.146286e+01,8.961391e+00,1.142890e+01,-8.856212e-01,3.983816e+00,2.039177e+00
7.949734e+00,3.281049e+00,9.916669e+00,3.091472e-01,3.091003e+00,1.546856e+00
5.299737e+00,-2.123981e+00,6.744778e+00,3.384097e+00,1.076528e+00,1.028951e-01
2.269186e+00,-1.201054e+00,9.233645e+00,4.669299e+00,2.908594e-01,-3.907710e-01
2.188559e+00,-1.144541e+00,9.526725e+00,5.700382e+00,7.489056e-04,-1.238722e+00
2.820927e+00,-7.045261e-01,9.798200e+00,6.321467e+00,3.321807e-01,-1.497434e+00
5.720908e+00,1.454412e-02,1.366043e+01,7.373973e+00,9.692568e-01,-1.734573e+00
5.324796e+00,2.608120e+00,1.282282e+01,8.023114e+00,1.014874e+00,-1.820598e+00
4.046340e+00,8.306489e+00,1.295315e+01,8.775302e+00,5.247621e-01,-1.964293e+00
-8.975791e+00,4.133258e+00,1.052930e+01,8.556134e+00,-5.300011e-02,-1.747715e+00
-1.916776e+01,-1.674317e+01,1.287162e+01,6.155677e+00,-9.862884e-01,-1.330117e+00
-2.802129e+00,-1.324265e+01,8.566601e+00,3.606480e+00,9.663549e-01,-6.479243e-01
2.841433e+01,3.940844e+01,-1.554581e+01,-1.247533e+00,5.544509e+00,1.191469e+00
5.913489e+00,4.031686e+00,6.380981e+00,-3.765150e+00,5.639750e+00,1.789480e+00
-6.881730e+00,-1.815535e+01,1.894677e+01,-1.783907e+00,2.080826e+00,8.714597e-01
4.643448e+00,4.657509e+00,1.834076e+01,-3.254912e+00,-8.662230e-01,-2.108514e+00
2.364840e-01,2.061549e+01,1.427805e+01,-4.198350e+00,6.753560e-01,-3.368121e-02
-1.151313e+01,1.139582e+01,1.257029e+01,-2.776525e+00,-1.022228e+00,-6.923619e-01
-6.231403e+00,7.064998e+00,8.948517e+00,-1.578441e+00,-1.658975e+00,-7.525689e-01
1.718760e+00,1.029383e+01,7.962328e+00,-1.126404e+00,2.204510e-01,3.311326e-01
7.815391e+00,1.107979e+01,2.900191e+00,-6.918156e-01,2.275681e+00,4.452737e-01
3.127151e+00,7.671080e+00,2.280354e+00,-5.427103e-01,1.531437e+00,4.810338e-01
-2.006560e+00,1.014729e+01,2.412356e+00,-3.323087e-01,-4.047998e-01,-1.341019e-01
-2.327468e+00,9.711519e+00,9.505916e-01,-4.131543e-01,-9.262041e-01,-3.065621e-01
-1.170339e+00,6.716903e+00,-1.791853e+00,-5.472677e-01,-7.656542e-01,-3.949058e-01
-1.954539e+00,6.295027e+00,6.764219e-01,-8.459573e-01,-7.188962e-01,-3.344469e-01
-9.332725e-01,7.588920e+00,3.348535e+00,-1.316161e+00,-9.119177e-01,-5.051246e-01
9.598922e-01,6.880254e+00,2.750380e+00,-1.567854e+00,-8.501111e-01,-4.209398e-01
1.679960e+00,7.437007e+00,8.812584e-01,-1.751484e+00,-6.516384e-01,-4.019586e-01
2.774225e+00,7.805931e+00,1.196457e+00,-2.052185e+00,-6.926318e-01,-2.220675e-01
-1.360466e+00,1.026975e+01,2.031456e+00,-2.586575e+00,-9.121765e-01,-1.178106e-01
1.181714e-01,1.133321e+01,3.614886e+00,-3.048220e+00,-1.169679e+00,7.712797e-03
1.009001e+01,1.556271e+01,-1.783588e+00,-3.456939e+00,-1.010230e+00,3.155189e-01
1.471924e+01,2.276650e+01,-6.863791e+00,-3.749865e+00,-7.782365e-01,4.318304e-01
-1.726054e+00,1.481695e+01,1.466735e+01,-4.598107e+00,-2.448328e+00,2.569325e-01
-1.117445e+01,2.296343e+01,1.925143e+01,-4.697729e+00,-5.017030e+00,-2.089380e-01
-1.163186e+01,1.668141e+01,1.866629e+01,-4.795086e+00,-4.834848e+00,-8.391289e-01
2.626540e+00,3.581057e+00,1.314182e+01,-3.001621e+00,-2.526446e+00,-2.806849e-01
6.549684e+00,9.181761e+00,9.123138e+00,-1.158892e+00,1.441899e+00,2.945560e-01
4.330746e+00,6.336031e+00,1.085595e+01,-1.836505e-01,1.875282e+00,-1.172351e-01
4.151764e+00,2.474252e+00,7.601906e+00,1.879984e+00,1.577640e+00,-8.169423e-01
3.464547e+00,1.968894e+00,8.537742e+00,3.073021e+00,1.676552e+00,-8.124162e-01
2.664932e+00,1.741942e+00,9.518194e+00,4.414290e+00,1.912257e+00,-1.162465e+00
2.744852e+00,2.692426e+00,9.975599e+00,5.366799e+00,2.068692e+00,-1.143127e+00
4.490084e+00,1.681114e+00,1.255724e+01,6.654873e+00,2.142897e+00,-8.456921e-01
6.379215e+00,2.718796e+00,1.546675e+01,7.424628e+00,1.996414e+00,-6.728866e-01
7.713696e+00,7.363567e+00,1.245576e+01,8.373163e+00,1.314294e+00,-3.230128e-01
-9.150882e-01,4.580038e+00,8.012511e+00,8.671947e+00,6.830540e-01,-1.230654e-01
-1.824988e+01,-4.972657e+00,7.807251e+00,7.367902e+00,-1.680004e-01,-6.271821e-01
-9.088077e+00,-1.476190e+01,3.908074e+00,5.693704e+00,6.391881e-03,-6.611889e-01
5.024723e+00,2.687289e+00,5.177379e+00,1.944751e+00,3.704131e+00,4.399472e-01
2.565033e+01,3.841312e+01,-9.065487e+00,-1.600337e+00,4.658384e+00,1.384048e+00
2.361218e+00,-3.797542e+00,7.387974e+00,-2.330770e+00,3.411251e+00,1.040825e+00
-1.235750e+00,-7.578696e+00,1.445232e+01,-1.959035e+00,-2.794894e-01,-1.112043e+00
-5.693309e+00,1.577631e+01,1.552235e+01,-3.741204e+00,-1.782453e+00,-9.920497e-01
-8.607627e+00,1.543702e+01,1.306047e+01,-3.991080e+00,-1.238879e+00,-1.141415e-01
-1.469052e+00,8.741239e+00,7.359952e+00,-2.306334e+00,-4.450244e-01,-5.871567e-01
3.168180e+00,7.570231e+00,5.014410e+00,-1.586681e+00,1.079953e+00,4.012816e-01
6.749899e+00,1.187714e+01,4.416746e+00,-1.161571e+00,1.606596e+00,3.480874e-01
2.063754e+00,9.360353e+00,3.885639e+00,-1.171438e+00,9.148944e-01,2.248954e-01
-1.908860e+00,8.655249e+00,3.640487e+00,-1.055219e+00,-7.350111e-01,-1.975131e-01
-9.154811e-01,9.726703e+00,2.512847e+00,-1.055732e+00,-9.382549e-01,-2.119240e-01
5.165731e-01,8.707504e+00,8.065766e-01,-1.089813e+00,-4.044861e-01,-1.131344e-01
1.424199e-01,7.336726e+00,2.037366e-01,-1.123372e+00,-2.434995e-01,-8.240781e-02
-4.679018e+00,8.254467e+00,3.734059e+00,-1.360975e+00,-6.358374e-01,-2.281970e-01
-4.308855e+00,6.866472e+00,4.522544e+00,-1.499860e+00,-8.667050e-01,-2.983142e-01
2.452273e+00,7.520027e+00,1.393255e+00,-1.507582e+00,-5.630896e-01,-3.422222e-01
4.751702e+00,8.619487e+00,-1.711528e+00,-1.684920e+00,-7.841289e-02,-2.535455e-01
1.373673e+00,9.028529e+00,6.458421e-01,-2.216458e+00,-6.420281e-01,-2.727683e-01
6.587890e-01,1.053092e+01,2.075541e+00,-2.592435e+00,-1.107123e+00,-3.426049e-01
1.611836e+01,1.260403e+01,-5.898771e+00,-3.391773e+00,-1.261153e+00,-6.007225e-02
1.240088e+01,1.839324e+01,-4.322497e+00,-3.704972e+00,-1.024613e+00,1.322646e-01
-2.898622e+00,2.069695e+01,1.414662e+01,-4.808618e+00,-2.801902e+00,1.178805e-01
-1.684953e+01,3.304635e+01,2.267143e+01,-5.223637e+00,-5.517924e+00,-3.677845e-01
-7.259020e+00,7.546473e+00,2.141620e+01,-4.783130e+00,-4.394369e+00,-2.071201e-01
5.255312e+00,1.697778e+00,1.679567e+01,-2.311680e+00,-1.650616e+00,8.476829e-01
1.088481e+01,1.144171e+01,9.808535e+00,-1.055727e+00,2.435710e+00,1.172357e+00
6.910873e+00,6.284748e+00,1.046844e+01,-4.314383e-01,2.398297e+00,7.841547e-01
4.743005e+00,-1.402948e-01,7.474197e+00,2.549744e+00,9.408327e-01,-5.642253e-01
2.834266e+00,-1.971483e+00,8.115341e+00,3.879532e+00,5.301018e-01,-8.747669e-01
1.401803e+00,3.141301e-03,8.005310e+00,4.919970e+00,3.239389e-01,-1.311784e+00
9.240283e-01,1.641550e+00,9.159142e+00,5.535308e+00,5.123256e-01,-1.505928e+00
1.785096e+00,1.876724e+00,1.335025e+01,6.549611e+00,8.592902e-01,-1.496787e+00
2.634816e+00,3.972321e+00,1.344427e+01,7.123574e+00,1.048193e+00,-1.536177e+00
5.078563e+00,7.232189e+00,1.357527e+01,8.229628e+00,1.321395e+00,-1.256720e+00
1.072762e+00,6.438900e+00,9.710666e+00,8.476945e+00,1.229544e+00,-7.619040e-01
-1.624732e+01,-1.104189e+01,5.586445e+00,6.974800e+00,-2.555486e-02,-2.652257e-01
-1.377047e+01,-1.208425e+01,8.233218e+00,4.949948e+00,3.089584e-01,-4.848165e-01
6.389536e+00,1.602017e+01,1.040255e+00,3.171739e-01,3.743031e+00,5.405609e-01
2.293398e+01,3.443455e+01,2.033200e+00,-2.501538e+00,4.819341e+00,1.128733e+00
1.583401e+00,-7.765564e+00,1.557639e+01,-2.481744e+00,3.683130e+00,1.466922e+00
1.019110e+01,-8.369021e+00,1.468417e+01,-3.102634e+00,2.873244e-01,-1.613693e+00
6.609208e-02,1.895836e+01,1.450876e+01,-3.369716e+00,9.910386e-01,-4.612414e-01
-8.699168e+00,2.137217e+01,1.260196e+01,-3.199357e+00,-6.375540e-01,-2.154638e-01
-7.457623e+00,6.639141e+00,7.931340e+00,-1.380617e+00,-8.423311e-01,-6.728609e-01
5.266808e+00,8.089029e+00,4.853002e+00,-7.419753e-01,1.018539e+00,1.656147e-01
9.943088e+00,1.195011e+01,2.421326e+00,-3.509648e-01,2.835975e+00,6.597311e-01
6.210593e+00,8.929732e+00,1.462473e+00,-4.635839e-01,2.254432e+00,4.427164e-01
1.126296e+00,9.919843e+00,9.686674e-02,-3.326206e-01,1.060834e-01,-2.107956e-01
-1.015706e+00,9.918866e+00,-1.200133e+00,-5.192170e-01,-8.387340e-01,-5.676559e-01
-3.220602e+00,5.949639e+00,-9.477281e-01,-9.044155e-01,-1.224347e+00,-5.856534e-01
-5.459571e+00,6.895646e+00,1.305900e+00,-1.142016e+00,-1.245017e+00,-5.747522e-01
-1.080148e+00,8.124664e+00,3.194012e+00,-1.627215e+00,-1.106876e+00,-4.496348e-01
1.631006e+00,8.956101e+00,4.837421e+00,-1.839998e+00,-6.711607e-01,-2.631019e-01
3.334323e+00,8.705291e+00,3.132713e+00,-1.893420e+00,-5.864754e-01,-3.640365e-01
2.496571e+00,8.190801e+00,1.054459e+00,-1.908889e+00,-7.105015e-01,-3.696302e-01
2.893747e+00,9.535113e+00,-1.252643e+00,-2.161167e+00,-1.012693e+00,-2.494264e-01
3.495063e+00,1.030453e+01,5.139232e-01,-2.567557e+00,-1.183341e+00,-1.211914e-01
8.644426e+00,1.055708e+01,-2.242290e-01,-3.287682e+00,-1.607014e+00,-3.749957e-02
1.041721e+01,1.411153e+01,-3.214789e+00,-3.709272e+00,-1.842723e+00,1.300511e-01
-6.221604e+00,1.449254e+01,7.824660e+00,-4.442344e+00,-3.005224e+00,-1.205756e-01
-1.356050e+01,2.599830e+01,1.784383e+01,-4.666465e+00,-4.134243e+00,-3.607686e-01
-1.863167e+01,2.709615e+01,2.023225e+01,-5.301204e+00,-5.053541e+00,-2.251715e-01
-2.687671e+00,3.507755e+00,2.094143e+01,-4.187202e+00,-2.804126e+00,5.718267e-01
9.777508e+00,9.105732e+00,1.209648e+01,-1.299493e+00,1.973293e+00,1.677674e+00
8.776582e+00,9.349854e+00,1.180235e+01,-1.277843e+00,3.104293e+00,1.419424e+00
4.863605e+00,2.793774e+00,8.506655e+00,1.007347e+00,1.960548e+00,4.646660e-01
3.514049e+00,6.042420e-01,7.848159e+00,2.457180e+00,1.342015e+00,-1.790494e-01
1.839393e+00,2.309112e-01,9.941215e+00,4.206699e+00,8.529090e-01,-7.850501e-01
2.550292e+00,9.561170e-01,9.078543e+00,5.025418e+00,1.037724e+00,-1.202641e+00
4.362825e+00,1.427601e+00,1.095564e+01,6.240184e+00,1.591945e+00,-1.131126e+00
5.018696e+00,1.747392e+00,1.202812e+01,6.818532e+00,1.718837e+00,-1.011396e+00
5.528841e+00,4.923608e+00,1.381367e+01,7.918400e+00,1.461073e+00,-8.876779e-01
2.562537e+00,8.840278e+00,1.235855e+01,8.574337e+00,1.032302e+00,-7.147150e-01
-6.875538e+00,4.402221e+00,7.774026e+00,8.568809e+00,1.829594e-01,-2.924677e-01
-1.374843e+01,-1.184465e+01,7.198881e+00,7.781682e+00,-3.025527e-01,-1.490290e-01
5.165347e+00,-1.336424e+01,2.808441e+00,4.609223e+00,1.649138e+00,-1.408523e-01
1.192272e+01,-5.714991e+00,9.461005e+00,1.172368e+00,3.409627e+00,6.416473e-01
1.979685e+01,3.941000e+01,-6.417803e+00,-3.991093e+00,2.107979e+00,4.714802e-01
4.988184e+00,1.159038e+01,2.846487e+00,-5.245526e+00,7.448294e-03,-5.933502e-01
-1.927193e+01,-1.084223e+01,2.046962e+01,-2.301132e-01,-3.138071e+00,-1.404925e+00
1.415948e+00,1.543519e+01,2.219747e+01,-2.777884e+00,-3.247288e+00,-2.454654e+00
2.424449e+00,8.252335e+00,8.895121e+00,-4.502882e+00,2.816736e+00,1.397174e+00
6.385646e+00,1.210907e+01,9.707350e+00,-1.771059e+00,2.359541e+00,7.168668e-01
1.626261e+00,9.218929e+00,4.324202e+00,-1.273970e+00,9.144420e-01,1.573460e-01
-1.315486e-02,1.074350e+01,4.538891e+00,-9.187701e-01,2.591374e-03,3.797057e-02
-6.676397e-02,1.214910e+01,3.163917e+00,-7.478636e-01,-2.803206e-01,-1.412104e-01
3.923026e-01,9.527965e+00,1.567705e+00,-7.118643e-01,-2.073579e-01,-4.267253e-02
6.396602e-01,7.938495e+00,7.428976e-02,-3.989987e-01,-1.777981e-01,-1.044424e-01
-1.384272e+00,7.121320e+00,-1.465826e-01,-4.899651e-01,-4.275326e-01,-6.435109e-02
-3.450307e+00,5.559036e+00,-4.039525e-01,-8.105002e-01,-1.079697e+00,-4.280891e-01
-3.734519e+00,6.867621e+00,8.132982e-01,-1.084547e+00,-1.232562e+00,-5.215431e-01
1.021054e+00,7.567893e+00,3.380277e+00,-1.578126e+00,-9.442985e-01,-3.856299e-01
3.279953e+00,9.099918e+00,2.747255e+00,-1.722838e+00,-4.941368e-01,-2.742337e-01
3.249917e+00,8.403351e+00,-2.703129e-01,-1.971195e+00,-4.424770e-01,-1.772654e-01
3.631043e+00,9.026426e+00,-1.283338e+00,-2.117371e+00,-6.028840e-01,-1.522645e-01
2.053706e+00,1.031457e+01,1.565433e+00,-2.679484e+00,-1.054254e+00,-3.283664e-02
-1.489995e+00,1.275777e+01,2.138895e+00,-3.180076e+00,-1.475869e+00,4.091715e-02
4.684405e+00,1.883085e+01,-1.886360e+00,-3.619395e+00,-1.528464e+00,4.859551e-01
4.664039e+00,1.429086e+01,1.654223e+00,-3.844014e+00,-1.100040e+00,8.809769e-01
3.545882e+00,1.723904e+01,1.256064e+01,-4.407405e+00,-1.665013e+00,1.043292e-01
1.139435e+00,2.602105e+01,1.720531e+01,-4.901334e+00,-2.948456e+00,-4.212408e-01
-6.564196e-01,6.307352e+00,1.838650e+01,-4.269087e+00,-3.232383e+00,-8.631504e-01
6.058351e-01,7.979617e+00,1.050388e+01,-2.452950e+00,-2.892276e+00,-7.533452e-01
-3.288244e+00,1.034269e+01,1.256889e+01,-1.686138e+00,-1.188590e+00,-6.766262e-01
-2.698763e+00,4.478852e+00,1.125821e+01,-3.732813e-01,-4.890403e-01,-7.286703e-01
3.085485e+00,1.935380e+00,8.228734e+00,2.268288e+00,1.487913e+00,-8.773497e-01
4.787172e+00,6.655384e-01,8.810189e+00,3.401577e+00,2.531543e+00,-7.744149e-01
5.784304e+00,2.523110e-01,8.525378e+00,4.948261e+00,3.036426e+00,-8.412023e-01
5.869261e+00,1.462587e+00,9.332402e+00,5.772909e+00,2.704173e+00,-5.850484e-01
5.054533e+00,2.449804e+00,1.167320e+01,6.659893e+00,1.857720e+00,-3.988062e-01
4.241443e+00,3.087544e+00,1.089785e+01,7.314304e+00,1.283726e+00,-3.944299e-01
8.952134e-01,4.757454e+00,1.082555e+01,8.148110e+00,7.369533e-01,-3.893562e-01
-7.271409e+00,4.269634e+00,8.054609e+00,8.055416e+00,7.620241e-01,-3.166506e-01
-1.229382e+01,-4.876068e+00,8.817411e+00,6.879427e+00,7.067469e-01,-6.236123e-02
7.878950e-01,-1.187423e+01,7.867052e-01,5.134570e+00,2.262020e+00,-9.531395e-02
6.238983e+00,-2.908138e+00,5.729117e+00,1.601614e+00,4.499303e+00,9.043803e-01
1.971898e+01,3.682819e+01,-9.844354e+00,-1.844223e+00,3.931782e+00,1.185774e+00
-1.002513e+01,-8.009682e+00,1.228897e+01,-3.524392e+00,1.663667e+00,2.005983e-01
-9.368076e+00,-1.191097e+01,1.718333e+01,-1.232732e+00,4.702634e-02,1.430950e-01
-1.421754e-01,1.440829e+01,1.697847e+01,-3.923478e+00,-1.645195e+00,-2.023694e+00
-6.055641e+00,1.289130e+01,1.640462e+01,-4.361242e+00,9.068841e-01,1.096080e+00
2.686256e+00,1.131469e+01,6.941772e+00,-1.584375e+00,9.828730e-01,-4.077190e-01
3.071138e+00,6.602785e+00,4.995511e+00,-1.252137e+00,1.465743e+00,2.353344e-01
8.228223e+00,1.291590e+01,4.226055e+00,-5.416227e-01,1.172737e+00,9.163457e-02
2.305707e+00,1.115655e+01,3.193141e+00,-6.888767e-01,7.596463e-01,1.283525e-01
-1.912270e+00,9.904509e+00,4.512777e-01,-4.461789e-01,-1.025259e+00,-4.128016e-01
-3.874653e+00,8.432173e+00,-7.965377e-01,-4.251445e-01,-1.473407e+00,-5.434931e-01
-1.798787e+00,5.686077e+00,-1.848716e+00,-5.936325e-01,-1.314474e+00,-4.760967e-01
-2.056452e+00,5.947071e+00,-7.571535e-01,-8.819981e-01,-8.985274e-01,-3.513258e-01
-2.080155e+00,7.825648e+00,3.152021e+00,-1.470618e+00,-7.733333e-01,-3.782691e-01
3.352710e+00,8.268664e+00,3.636358e+00,-1.726004e+00,-7.156151e-01,-2.924044e-01
5.893674e+00,7.937097e+00,8.915669e-01,-1.839103e+00,-3.046246e-01,-2.505946e-01
2.012501e+00,8.603633e+00,-4.213239e-01,-2.012201e+00,-5.490286e-01,-2.467378e-01
-3.667383e+00,1.098395e+01,3.388068e+00,-2.464317e+00,-1.190030e+00,-1.925740e-01
-3.205890e+00,1.118658e+01,4.406581e+00,-2.911562e+00,-1.385335e+00,-7.503561e-02
3.435924e+00,1.348935e+01,8.512379e-01,-3.249264e+00,-9.974425e-01,2.680862e-01
1.059220e+01,1.840887e+01,-4.161121e+00,-3.367636e+00,-5.101407e-01,7.086070e-01
4.394778e+00,1.373484e+01,8.053464e+00,-3.968722e+00,-9.099147e-01,6.392320e-01
1.583958e-01,1.880799e+01,1.394077e+01,-4.265652e+00,-2.549837e+00,-5.194880e-03
-6.327827e+00,1.913572e+01,1.772111e+01,-4.707085e+00,-3.881312e+00,-9.613742e-01
-3.712873e+00,6.294058e+00,1.719860e+01,-3.727868e+00,-3.527887e+00,-1.501729e+00
1.330549e+00,1.106432e+01,1.048121e+01,-1.845507e+00,-1.321237e+00,-6.839288e-01
1.106228e+00,9.043535e+00,1.183287e+01,-1.674780e+00,-2.033254e-03,-5.381130e-01
3.043268e+00,4.289537e+00,9.301919e+00,3.346503e-01,1.212678e+00,-5.498209e-01
4.333265e+00,1.440540e+00,8.187947e+00,2.012630e+00,2.039029e+00,-5.565969e-01
3.548868e+00,1.078417e+00,7.699819e+00,3.557782e+00,2.495318e+00,-6.176374e-01
3.426180e+00,1.301459e+00,8.051167e+00,4.262939e+00,2.492787e+00,-5.932042e-01
3.936095e+00,1.305215e+00,9.399567e+00,5.448343e+00,2.274734e+00,-2.401586e-01
5.270997e+00,1.254687e+00,1.081525e+01,6.244920e+00,2.008118e+00,-2.515114e-02
7.544439e+00,3.198335e+00,1.270571e+01,7.323919e+00,1.426122e+00,2.865354e-01
8.615867e+00,4.218013e+00,1.146401e+01,7.825666e+00,9.821854e-01,3.982589e-01
-4.666354e+00,6.022596e+00,8.056609e+00,8.167489e+00,5.219007e-02,2.866631e-01
-1.571194e+01,-3.562851e+00,7.129528e+00,7.187115e+00,-8.835988e-01,-3.010688e-01
-5.922753e+00,-1.416607e+01,5.245011e+00,4.294162e+00,2.273747e-01,-6.492640e-01
8.631778e+00,3.068272e-01,5.770218e+00,1.948532e+00,2.204166e+00,2.728730e-01
3.132010e+01,3.715928e+01,-3.502399e+00,-2.772310e+00,3.908859e+00,1.133407e+00
-4.555908e+00,-5.840295e+00,8.078043e+00,-3.928427e+00,2.836364e+00,7.687256e-01
-6.710308e+00,-5.700253e+00,1.226104e+01,-1.266298e+00,-2.798617e+00,-2.567457e+00
-6.449270e+00,1.158051e+01,1.419801e+01,-3.517199e+00,-2.861939e+00,-2.128107e+00
-3.868382e+00,1.754425e+01,1.219474e+01,-3.576330e+00,-3.366891e-01,5.190067e-01
-1.626750e+00,6.355046e+00,6.542298e+00,-2.507831e+00,9.661922e-02,-4.838121e-01
3.833281e+00,9.136353e+00,5.077712e+00,-1.354583e+00,1.154302e+00,5.981370e-01
6.035945e+00,1.214312e+01,5.218473e+00,-1.209174e+00,1.716062e+00,6.809785e-01
2.244528e+00,8.461871e+00,4.246682e+00,-1.180348e+00,1.287359e+00,4.104839e-01
9.488498e-01,8.124875e+00,3.412150e+00,-1.041804e+00,3.272590e-01,8.814574e-02
-2.443248e-01,8.556402e+00,2.311870e+00,-1.031688e+00,-2.740998e-01,-7.309362e-02
8.619779e-02,7.044851e+00,1.347306e+00,-1.074606e+00,-3.839551e-01,-1.165170e-01
-4.254415e-01,7.250575e+00,1.436047e+00,-1.222914e+00,-3.542906e-01,-1.587073e-01
-6.849674e-01,7.424768e+00,3.912781e+00,-1.499780e+00,-4.471634e-01,-1.406305e-01
3.641085e+00,9.070544e+00,4.122284e+00,-1.680777e+00,-6.033467e-01,-2.368139e-01
2.862410e+00,8.148638e+00,1.869089e+00,-1.757508e+00,-5.807460e-01,-2.323492e-01
1.004815e+00,7.721683e+00,6.504134e-02,-1.937266e+00,-8.939621e-01,-2.361581e-01
2.070139e+00,1.056626e+01,1.255464e-01,-2.241877e+00,-1.157901e+00,-1.396501e-01
1.546386e+00,1.013887e+01,1.893246e+00,-3.008028e+00,-1.334513e+00,4.540871e-02
7.110763e+00,1.181848e+01,1.589720e-01,-3.362002e+00,-1.590550e+00,5.147415e-02
1.261292e+01,2.361814e+01,-5.333282e+00,-4.020158e+00,-1.622415e+00,3.456940e-01
-3.880282e+00,2.031251e+01,1.283692e+01,-4.690926e+00,-2.351173e+00,3.571798e-01
-2.101224e+01,2.759556e+01,2.266720e+01,-5.108249e+00,-5.811866e+00,4.786807e-02
-1.377995e+01,1.000231e+01,2.342341e+01,-5.078926e+00,-5.270028e+00,-3.492744e-01
2.491856e+00,5.761750e-01,1.948406e+01,-2.772050e+00,-1.267211e+00,9.049219e-01
9.154446e+00,1.028082e+01,1.191146e+01,-8.231839e-01,2.564084e+00,1.955756e+00
7.100198e+00,2.824576e+00,1.167565e+01,3.860361e-01,3.345634e+00,1.548724e+00
6.599302e+00,-4.906976e-01,8.900387e+00,2.023727e+00,2.783823e+00,8.683893e-01
4.438949e+00,3.407236e-01,9.775481e+00,4.294419e+00,2.144615e+00,5.321466e-01
5.153742e+00,3.320224e-01,9.366785e+00,5.028829e+00,1.967573e+00,-4.916364e-01
5.066075e+00,-1.289110e+00,8.868446e+00,6.241186e+00,1.701732e+00,-5.122018e-01
5.377467e+00,4.351598e-01,1.022267e+01,6.829066e+00,1.262685e+00,-5.181190e-01
4.526111e+00,3.729108e+00,1.492417e+01,7.825126e+00,7.840155e-01,-9.182071e-01
4.094152e+00,9.099093e+00,1.155857e+01,8.422287e+00,2.693837e-01,-1.021798e+00
-3.969226e+00,1.061687e+01,9.653985e+00,8.916834e+00,-1.788264e-01,-8.543625e-01
-1.450032e+01,-3.733794e+00,8.388116e+00,8.469146e+00,-3.900853e-01,-7.316880e-01
1.766557e+00,-1.778862e+01,-3.063743e+00,6.183106e+00,9.781871e-01,-4.265492e-01
6.943630e+00,-9.930444e+00,3.400598e+00,3.710978e+00,3.335803e+00,2.260358e-01
5.882991e+00,1.661667e+01,1.103309e+01,-1.448200e+00,2.738652e+00,7.664823e-01
1.153228e+01,3.641414e+01,6.881080e-01,-4.684957e+00,9.168115e-01,3.571303e-02
-1.100863e+01,-9.572684e+00,1.314802e+01,-2.053060e+00,1.898739e-01,5.076467e-01
3.089438e+00,-8.323098e+00,1.550237e+01,-1.343789e+00,-1.530745e+00,-1.982102e+00
6.824806e+00,2.357690e+01,1.139594e+01,-3.409298e+00,1.613916e+00,3.083520e-01
-9.798996e-01,1.472889e+01,1.191387e+01,-3.512935e+00,2.051182e+00,4.652445e-01
-4.083209e+00,6.753034e+00,6.480200e+00,-1.688341e+00,-6.008853e-01,-6.360029e-01
-2.970915e+00,1.007009e+01,6.251081e+00,-1.292430e+00,-7.067536e-01,-3.251356e-01
3.315776e+00,1.329379e+01,4.754827e+00,-9.603957e-01,9.875740e-02,8.627438e-02
4.487841e+00,9.428167e+00,1.568554e+00,-8.499291e-01,6.616118e-01,2.210608e-01
2.115556e+00,9.508218e+00,-1.207503e-01,-6.222850e-01,1.615298e-01,1.227041e-01
-1.173606e+00,8.600974e+00,-2.422417e-01,-6.330784e-01,-4.448410e-01,-9.975249e-02
-4.025517e+00,5.833248e+00,-5.934094e-01,-8.679830e-01,-1.216327e+00,-3.795094e-01
-5.644637e+00,6.011790e+00,5.229841e-01,-1.121224e+00,-1.284414e+00,-4.173143e-01
-3.222250e+00,7.230888e+00,3.213424e+00,-1.552080e+00,-1.039028e+00,-3.144291e-01
5.361053e-01,8.509789e+00,4.087789e+00,-1.798750e+00,-4.957619e-01,-2.601002e-01
4.801481e+00,7.625384e+00,1.030227e+00,-1.942175e+00,2.383031e-02,-1.073548e-01
4.360000e+00,7.046091e+00,-1.245277e-01,-2.043740e+00,1.068186e-02,-1.190394e-01
2.582166e+00,9.888082e+00,2.942108e-01,-2.472913e+00,-6.167291e-01,-1.252885e-01
2.444943e-02,1.056282e+01,3.286618e+00,-3.064743e+00,-1.072003e+00,-1.020496e-01
6.916279e+00,1.409795e+01,6.532396e-01,-3.723560e+00,-1.426748e+00,1.202449e-01
1.305260e+01,2.350811e+01,-5.689513e+00,-3.920418e+00,-1.270961e+00,4.409446e-01
-2.048398e+00,1.396585e+01,1.289555e+01,-4.515102e+00,-1.654232e+00,7.412289e-01
-4.611523e+00,2.005205e+01,1.747266e+01,-4.986372e+00,-3.812590e+00,7.567348e-02
-7.305446e+00,2.302565e+01,1.781794e+01,-5.098841e+00,-3.929538e+00,-6.488359e-01
3.205335e+00,-1.969381e+00,1.617151e+01,-3.744567e+00,-2.662850e+00,-7.927390e-01
6.112409e+00,1.056902e+01,8.617144e+00,-3.944623e-01,2.352445e-01,-2.532534e-01
-8.653725e-01,9.286014e+00,1.330703e+01,-7.460772e-01,7.646885e-01,-6.256398e-01
6.511856e-01,3.725891e+00,1.054676e+01,1.480776e+00,5.151807e-01,-1.488778e+00
3.496729e+00,7.722599e-01,9.565851e+00,3.368464e+00,1.428630e+00,-1.317692e+00
4.401301e+00,6.741370e-01,1.006240e+01,5.172987e+00,2.460962e+00,-1.054510e+00
4.431688e+00,1.897044e+00,1.050198e+01,5.829590e+00,2.616837e+00,-1.203489e+00
5.086419e+00,2.343813e+00,1.222447e+01,6.913136e+00,2.253181e+00,-9.488032e-01
5.867900e+00,3.917070e+00,1.383238e+01,7.816333e+00,1.739827e+00,-7.894678e-01
6.847261e+00,9.278911e+00,1.027457e+01,8.677868e+00,8.562058e-01,-5.077221e-01
-4.506465e-01,3.828021e+00,6.324623e+00,8.762006e+00,5.583813e-01,-2.451199e-01
-1.404524e+01,-8.182702e+00,5.853016e+00,7.747934e+00,-9.228678e-02,-1.120036e+00
-2.303447e+00,-1.665450e+01,-1.270023e+00,5.343767e+00,7.821798e-01,-9.258945e-01
3.998432e+00,4.081896e-02,7.553900e+00,1.258155e+00,3.910973e+00,8.498245e-01
1.587282e+01,3.941000e+01,-5.836314e+00,-1.748106e+00,3.705918e+00,8.874628e-01
-1.882252e+00,-3.495843e+00,9.778129e+00,-4.437871e+00,2.798070e+00,1.022329e+00
-6.445188e+00,-8.933392e+00,1.642966e+01,-1.751639e+00,6.556368e-01,1.613094e-01
-1.646710e+00,1.130224e+01,1.714325e+01,-4.093410e+00,-2.006690e+00,-1.545752e+00
-6.128648e+00,1.816185e+01,1.391157e+01,-4.212415e+00,-5.322531e-01,-1.804086e-01
-1.476235e+00,9.718795e+00,7.950934e+00,-2.424287e+00,-1.320730e-01,-1.514603e-01
3.948842e+00,6.071420e+00,4.307313e+00,-1.589803e+00,1.017070e+00,1.742603e-01
8.026794e+00,1.201626e+01,4.776746e+00,-9.249922e-01,2.167570e+00,6.247019e-01
6.236863e+00,1.132062e+01,4.017810e+00,-9.747361e-01,1.663801e+00,3.737976e-01
-1.314781e+00,8.592756e+00,4.010919e+00,-9.483693e-01,-3.745033e-01,-9.591656e-02
-2.504895e+00,9.707153e+00,3.410519e+00,-8.602080e-01,-1.358652e+00,-3.717522e-01
-3.745365e-01,8.806134e+00,1.671341e+00,-8.879428e-01,-8.661990e-01,-2.023157e-01
2.028889e-02,8.330923e+00,1.026580e+00,-8.511117e-01,-4.710008e-01,-1.325153e-01
-1.541335e+00,6.551223e+00,1.574189e+00,-9.744862e-01,-2.880742e-01,-7.130473e-02
-3.077371e+00,7.471661e+00,3.366019e+00,-1.153776e+00,-5.609801e-01,-1.586524e-01
-1.023942e+00,7.751784e+00,4.546474e+00,-1.406612e+00,-7.814364e-01,-2.418969e-01
2.516355e+00,7.598411e+00,1.476683e+00,-1.396162e+00,-6.097677e-01,-2.973054e-01
3.483410e+00,8.590005e+00,-2.267042e+00,-1.550708e+00,-4.440810e-01,-1.549916e-01
2.656830e+00,1.005281e+01,-1.378373e-01,-1.866406e+00,-7.216465e-01,-1.828601e-01
-1.844650e+00,9.892519e+00,3.738032e+00,-2.639760e+00,-1.309614e+00,-2.496853e-01
3.522689e+00,1.058013e+01,3.008180e+00,-3.014058e+00,-1.498369e+00,-2.102585e-01
2.079260e+01,1.401359e+01,-4.936583e+00,-3.484174e+00,-8.165436e-01,4.329953e-01
2.823412e+00,1.933920e+01,2.281913e+00,-3.813913e+00,-1.013289e+00,3.965544e-01
-1.891112e+01,2.319951e+01,2.040790e+01,-4.853758e+00,-4.892061e+00,2.221275e-02
-2.321685e+01,3.118118e+01,2.207151e+01,-4.859362e+00,-6.585534e+00,-3.946684e-01
-3.403005e+00,3.691085e+00,1.914883e+01,-4.742462e+00,-3.235480e+00,3.897193e-01
1.051203e+01,2.086244e+00,1.584132e+01,-1.639504e+00,7.739592e-01,1.751622e+00
1.265194e+01,9.619823e+00,8.962162e+00,-7.868917e-01,3.700791e+00,1.543937e+00
7.208126e+00,4.935042e+00,9.829917e+00,-2.390748e-01,3.032872e+00,1.067735e+00
3.448269e+00,5.673467e-01,6.820389e+00,2.454881e+00,6.957758e-01,-6.226150e-01
1.752834e+00,-1.826203e-01,7.931230e+00,3.796738e+00,-2.116091e-02,-1.127014e+00
1.919707e+00,1.471968e+00,9.844817e+00,5.086458e+00,9.904650e-02,-1.804665e+00
2.223405e+00,2.120536e+00,1.063391e+01,5.696097e+00,4.741376e-01,-1.921841e+00
2.373159e+00,1.870000e+00,1.415442e+01,6.838578e+00,9.990488e-01,-1.784489e+00
3.733331e+00,4.058144e+00,1.334723e+01,7.709547e+00,1.247054e+00,-1.651402e+00
3.943557e+00,8.958352e+00,1.316490e+01,8.699990e+00,1.546020e+00,-1.098678e+00
1.375591e-01,6.588943e+00,8.772620e+00,8.772617e+00,1.499126e+00,-4.945182e-01
-1.083909e+01,-1.167152e+01,9.126200e+00,7.447515e+00,6.770533e-01,-1.593779e-01
5.928688e+00,-1.383795e+01,1.063198e+00,4.969281e+00,1.440529e+00,-3.569275e-01
1.113107e+01,8.968714e+00,3.667564e+00,1.232194e-01,3.504399e+00,7.442563e-01
3.705673e+01,3.941000e+01,-1.317836e+01,-2.736083e+00,2.852972e+00,8.582622e-01
-1.360675e+01,-1.085482e+01,1.392804e+01,-3.686935e+00,1.079998e+00,7.225052e-01
-1.187473e-01,-8.137739e+00,1.638137e+01,-1.852651e+00,-2.640425e+00,-1.819147e+00
-1.945928e+00,1.861787e+01,1.438051e+01,-3.736593e+00,-1.264649e-01,-5.049012e-01
-7.849889e+00,1.501737e+01,1.246872e+01,-3.695910e+00,2.750456e-01,5.719577e-01
-1.592873e+00,7.555833e+00,8.083214e+00,-2.080405e+00,5.195606e-02,-3.083782e-01
4.128342e+00,7.116633e+00,5.023467e+00,-1.299569e+00,1.047632e+00,5.110479e-01
6.619718e+00,1.267801e+01,4.417864e+00,-8.512981e-01,1.729683e+00,4.417947e-01
3.894627e+00,1.003207e+01,3.433564e+00,-9.253447e-01,1.337657e+00,3.404687e-01
4.712640e-01,8.540348e+00,2.615185e+00,-8.494921e-01,-5.850753e-02,7.266840e-02
-9.749881e-01,1.001559e+01,1.369124e+00,-7.872019e-01,-8.167910e-01,-2.600475e-01
-2.316127e+00,7.604396e+00,1.469974e-01,-8.887339e-01,-1.029886e+00,-2.013491e-01
-3.368779e+00,6.542548e+00,6.540459e-01,-9.558555e-01,-1.063992e+00,-2.171726e-01
-2.987481e+00,7.056671e+00,3.308354e+00,-1.250101e+00,-9.960307e-01,-1.735117e-01
2.871870e-01,7.857064e+00,4.480306e+00,-1.493901e+00,-8.061233e-01,-1.669082e-01
4.244642e+00,8.558933e+00,2.803468e+00,-1.635431e+00,-3.590056e-01,-1.365361e-01
3.445467e+00,7.595467e+00,-6.803256e-01,-1.686855e+00,-4.169241e-01,-1.841720e-01
3.318429e+00,9.045973e+00,-1.379314e+00,-1.991509e+00,-9.284768e-01,-1.236142e-01
-7.159226e-01,1.054878e+01,2.142248e+00,-2.484394e+00,-1.331078e+00,-8.302726e-02
4.546995e+00,1.047846e+01,2.771356e+00,-3.265865e+00,-1.758029e+00,-1.552616e-02
1.093821e+01,1.634269e+01,-3.358909e+00,-3.539941e+00,-1.546979e+00,2.689181e-01
2.070384e-01,2.115191e+01,3.738653e+00,-4.019480e+00,-1.246205e+00,6.887133e-01
-9.988244e+00,1.902464e+01,1.726572e+01,-4.631372e+00,-2.841662e+00,6.824211e-01
-1.190485e+01,1.880915e+01,2.020348e+01,-4.733588e+00,-4.601968e+00,1.290509e-01
1.160482e-01,3.434982e+00,1.993270e+01,-4.350162e+00,-2.709882e+00,2.193892e-01
1.124421e+01,1.058647e+01,8.877282e+00,-1.564564e+00,6.555170e-01,1.084208e+00
8.188834e+00,9.440138e+00,1.014277e+01,-1.224635e+00,2.239772e+00,1.137280e+00
4.034159e+00,3.944013e+00,8.803536e+00,8.614387e-01,1.436907e+00,1.044799e-01
3.138166e+00,9.555559e-01,7.651622e+00,2.131995e+00,8.749214e-01,-3.131296e-01
2.315870e+00,1.237472e-01,9.323979e+00,3.822769e+00,7.884113e-01,-6.125224e-01
2.281446e+00,2.132337e-01,8.739065e+00,4.659002e+00,1.094384e+00,-1.046588e+00
3.258821e+00,6.926473e-01,1.039392e+01,5.888324e+00,1.557775e+00,-1.132706e+00
4.305603e+00,9.580743e-01,1.269562e+01,6.574836e+00,1.700423e+00,-1.115963e+00
5.767392e+00,3.279644e+00,1.505634e+01,7.540271e+00,1.614975e+00,-1.095580e+00
7.386243e+00,7.780230e+00,1.267132e+01,8.292787e+00,1.255919e+00,-9.573757e-01
-9.139357e+00,3.306872e+00,7.051131e+00,8.625184e+00,4.848128e-01,-6.511135e-01
-2.099892e+01,-6.574472e+00,7.886953e+00,7.907359e+00,-1.922300e-01,-8.507604e-01
-1.684832e+00,-1.533018e+01,2.509051e+00,4.908431e+00,4.743760e-01,-8.671469e-01
7.007046e+00,-8.442814e-02,6.882090e+00,1.806993e+00,3.877552e+00,2.741362e-01
3.609551e+01,3.555393e+01,-6.335204e+00,-3.338941e+00,4.716666e+00,1.456438e+00
-7.091948e-01,-1.158355e+01,9.755711e+00,-3.809657e+00,4.371695e+00,1.497317e+00
-4.092326e+00,-2.541086e+00,1.734711e+01,-2.493798e+00,-1.513631e+00,-2.415356e+00
-6.715423e+00,1.573160e+01,1.629158e+01,-3.712115e+00,-2.226587e+00,-1.306038e+00
-1.057488e+01,1.619953e+01,1.229283e+01,-3.243187e+00,-1.373692e+00,-2.605152e-01
-7.824969e-01,4.867152e+00,6.457797e+00,-2.165021e+00,-6.360030e-01,-4.691132e-01
9.017295e+00,8.024965e+00,4.917767e+00,-9.586987e-01,2.202440e+00,8.652551e-01
1.311932e+01,1.318502e+01,3.176554e+00,-6.777778e-01,3.250741e+00,9.070369e-01
9.944816e-01,8.858140e+00,3.041598e+00,-8.422597e-01,1.604016e+00,3.853185e-01
-2.229276e+00,9.718210e+00,2.373222e+00,-7.454713e-01,-2.414395e-01,-1.564344e-01
-2.088672e+00,9.610159e+00,-6.132812e-02,-8.092363e-01,-1.408997e+00,-5.218494e-01
-1.836382e-01,6.621249e+00,-1.314533e+00,-8.997829e-01,-1.054289e+00,-3.723188e-01
-1.720142e+00,6.026071e+00,5.374347e-01,-1.198997e+00,-5.838405e-01,-1.936297e-01
-1.720853e+00,7.315347e+00,3.531453e+00,-1.488206e+00,-7.435199e-01,-1.950178e-01
1.612208e+00,7.931836e+00,5.328282e+00,-1.874474e+00,-9.040183e-01,-2.356637e-01
2.472398e+00,8.643048e+00,4.315939e+00,-1.939225e+00,-7.437913e-01,-2.489425e-01
2.259466e+00,6.828661e+00,1.849635e+00,-1.998187e+00,-8.574859e-01,-2.395319e-01
2.262516e+00,9.685790e+00,-1.151402e-01,-2.082629e+00,-1.023467e+00,-1.694077e-01
7.294455e-01,9.586673e+00,8.052773e-01,-2.514317e+00,-1.336477e+00,-5.304411e-02
3.728021e+00,1.092673e+01,1.211679e+00,-2.976151e+00,-1.532248e+00,2.750027e-02
8.764122e+00,2.053223e+01,-4.415997e+00,-3.561735e+00,-1.511886e+00,4.610194e-01
-8.960740e-01,2.126870e+01,2.904065e+00,-3.913382e+00,-1.576302e+00,6.105683e-01
-1.095994e+01,2.341589e+01,1.713594e+01,-4.726017e+00,-3.837076e+00,4.490927e-01
-1.117202e+01,2.061605e+01,1.901968e+01,-4.809743e+00,-4.596599e+00,2.338282e-01
3.751503e+00,1.917726e+00,2.010343e+01,-3.561075e+00,-1.548025e+00,5.905212e-01
1.230721e+01,9.928921e+00,1.003869e+01,-1.648352e+00,4.175051e-01,9.402819e-01
6.349583e+00,7.568539e+00,1.100238e+01,-1.029461e+00,2.214204e+00,7.750368e-01
3.856151e+00,4.563507e+00,9.821667e+00,3.463949e-01,1.499952e+00,1.570846e-01
2.499037e+00,8.974766e-02,7.641101e+00,2.853045e+00,5.750423e-01,-6.419796e-01
2.390000e+00,8.591518e-01,9.132232e+00,3.941905e+00,7.662473e-01,-8.437636e-01
2.365343e+00,9.462360e-01,8.902185e+00,4.929495e+00,1.310361e+00,-1.321204e+00
3.241664e+00,1.268891e+00,1.027846e+01,5.865360e+00,1.711015e+00,-1.302294e+00
5.539989e+00,1.854488e+00,1.470144e+01,7.016526e+00,1.983978e+00,-1.167763e+00
7.107359e+00,5.284954e+00,1.383464e+01,7.600860e+00,1.992691e+00,-1.067821e+00
5.383382e+00,1.044437e+01,1.050749e+01,8.489428e+00,1.609685e+00,-7.332340e-01
-1.158200e+01,2.314716e+00,5.070748e+00,8.559824e+00,8.572660e-01,-3.771996e-01
-1.177684e+01,-1.595585e+01,1.691655e+00,6.926328e+00,-3.561774e-01,-7.822592e-01
1.259079e+00,-1.616092e+01,1.598130e+00,5.198528e+00,7.865303e-01,-4.296233e-01
1.072125e+01,8.675907e+00,8.540611e+00,6.963931e-01,4.146592e+00,8.130032e-01
3.528758e+01,3.912408e+01,-1.024883e+01,-3.218736e+00,3.789570e+00,1.114379e+00
-1.143536e+01,-1.647029e+01,1.233916e+01,-3.916279e+00,2.105929e+00,1.191920e+00
-5.678479e+00,-1.245121e+01,1.773173e+01,-1.975167e+00,-1.032236e+00,-4.751855e-01
-3.977905e+00,2.075562e+01,1.396757e+01,-3.997847e+00,-1.731373e+00,-1.426143e+00
-1.133271e+01,1.550281e+01,1.253634e+01,-4.466723e+00,1.544991e-01,6.866344e-01
3.136261e+00,7.419238e+00,5.939506e+00,-1.958008e+00,3.243191e-01,-1.961508e-01
4.596548e+00,6.637546e+00,5.265569e+00,-1.570650e+00,1.419189e+00,3.443600e-01
6.673821e+00,1.348264e+01,5.030385e+00,-1.043060e+00,1.675784e+00,4.984072e-01
-3.901750e-01,9.286624e+00,5.072235e+00,-1.067485e+00,8.717751e-01,1.014365e-01
-1.919489e+00,8.906335e+00,4.045753e+00,-7.954078e-01,-6.564399e-01,-2.005468e-01
-8.090488e-01,9.183285e+00,2.994305e+00,-7.343802e-01,-7.600825e-01,-2.508539e-01
2.177432e+00,7.435559e+00,8.568753e-01,-7.243865e-01,-5.689031e-02,-8.236708e-02
1.097925e+00,6.471954e+00,8.900947e-01,-7.905699e-01,2.291850e-01,-3.111111e-02
-1.117075e+00,6.108086e+00,2.747427e+00,-1.121340e+00,-3.347522e-01,-1.820584e-01
1.458383e+00,7.618599e+00,4.234960e+00,-1.323223e+00,-6.859384e-01,-2.398895e-01
3.631223e+00,7.533666e+00,-8.751160e-01,-1.557306e+00,-7.720981e-01,-4.136448e-01
7.314808e-01,6.589851e+00,-2.690428e+00,-1.721689e+00,-9.942486e-01,-4.795874e-01
8.708324e-01,9.036095e+00,-3.527650e-01,-2.288161e+00,-1.556962e+00,-4.685373e-01
4.436783e+00,1.120802e+01,-5.116958e-01,-2.695573e+00,-1.589098e+00,-3.461652e-01
1.267487e+01,1.137655e+01,-4.551697e+00,-3.544106e+00,-1.348679e+00,8.976870e-03
8.522006e+00,1.986512e+01,-4.136228e-02,-3.995598e+00,-1.305935e+00,2.123933e-01
-1.363671e+01,3.251781e+01,2.240503e+01,-5.119108e+00,-3.264573e+00,1.318878e-01
-2.064587e+01,2.648364e+01,2.191459e+01,-5.566187e+00,-5.535182e+00,-2.167702e-01
-6.322291e-01,3.538709e+00,2.329037e+01,-4.722608e+00,-4.024156e+00,2.256351e-01
1.445666e+01,1.221451e+01,1.196985e+01,-1.932354e+00,-2.766978e-01,1.467801e+00
1.173688e+01,9.395318e+00,1.190012e+01,-1.150782e+00,2.868944e+00,1.244609e+00
7.474626e+00,2.267540e+00,9.842146e+00,6.954370e-02,2.402652e+00,8.133607e-01
4.951836e+00,2.952416e-01,8.880201e+00,3.114238e+00,7.845636e-01,-5.502407e-01
4.454955e+00,-1.746638e-01,8.499148e+00,4.506175e+00,2.869779e-01,-1.045198e+00
2.280743e+00,-1.573154e+00,1.107686e+01,5.815688e+00,5.805638e-01,-1.808881e+00
3.111213e+00,-1.484764e+00,1.145261e+01,6.483681e+00,5.306738e-01,-1.616422e+00
3.166515e+00,6.502289e-01,1.359036e+01,7.733889e+00,8.505406e-01,-1.596874e+00
4.846141e+00,5.172552e+00,1.258386e+01,8.372395e+00,1.017455e+00,-1.505927e+00
6.047940e-01,1.095911e+01,9.235274e+00,8.970825e+00,1.119148e+00,-1.101318e+00
-1.350375e+01,-3.654139e+00,6.874932e+00,8.616134e+00,7.123471e-01,-7.980926e-01
-6.554252e+00,-1.639540e+01,-1.535025e+00,6.628022e+00,2.380198e-01,-1.280274e+00
2.817750e+00,-1.232811e+01,5.068642e+00,4.019290e+00,2.136829e+00,-5.561998e-01
9.553510e+00,1.019705e+01,1.107590e+01,-1.326940e+00,3.766571e+00,8.743954e-01
3.686476e+01,3.932915e+01,-9.975296e+00,-3.865997e+00,3.076061e+00,4.209628e-01
-2.153552e+01,-1.650770e+01,1.542585e+01,-3.738805e+00,1.551739e+00,1.144810e+00
-2.851288e+00,-4.882838e+00,2.127459e+01,-8.343404e-01,-1.697747e+00,-1.795894e+00
2.729126e+00,2.123658e+01,1.152849e+01,-4.107143e+00,6.353639e-01,-1.602443e-01
9.437379e-02,9.718887e+00,9.093383e+00,-4.074264e+00,1.866999e+00,8.586004e-01
-4.256014e+00,1.003892e+01,7.094156e+00,-1.449773e+00,1.154248e-02,-4.384589e-01
8.045747e-01,1.027809e+01,5.208383e+00,-1.306808e+00,-8.179220e-02,1.274100e-01
3.553395e+00,1.166227e+01,3.230610e+00,-8.103132e-01,9.517527e-01,3.378560e-01
3.686687e+00,9.530728e+00,2.094224e+00,-7.626532e-01,9.876620e-01,3.205225e-01
4.745320e+00,9.466732e+00,2.531111e-01,-6.045994e-01,4.173973e-01,1.711540e-01
1.338294e+00,8.412566e+00,-1.707531e-01,-6.417562e-01,-7.904091e-02,-6.147437e-02
-3.709743e+00,5.857692e+00,4.951281e-01,-9.724258e-01,-1.177798e+00,-3.965093e-01
-4.136640e+00,6.600716e+00,1.788511e+00,-1.158905e+00,-1.690064e+00,-6.278056e-01
7.303416e-01,8.076784e+00,3.938515e+00,-1.591430e+00,-1.795205e+00,-6.422577e-01
2.387311e+00,8.905655e+00,3.570276e+00,-1.744225e+00,-1.356932e+00,-5.217973e-01
1.394381e+00,8.615595e+00,-1.525700e+00,-1.931501e+00,-1.028987e+00,-3.195123e-01
4.931313e-01,1.045308e+01,-1.156782e+00,-2.093461e+00,-1.124354e+00,-1.739998e-01
-4.989761e-01,1.139606e+01,2.000850e+00,-2.738990e+00,-1.374608e+00,9.971229e-02
1.925648e+00,1.342007e+01,2.019613e+00,-3.218700e+00,-1.458388e+00,2.523510e-01
1.035545e+01,2.410149e+01,-5.635251e+00,-3.716817e+00,-1.025291e+00,8.035355e-01
7.952386e+00,1.704728e+01,5.581318e+00,-4.080613e+00,-9.545284e-01,1.031545e+00
-8.899138e+00,2.293748e+01,1.849332e+01,-4.571401e+00,-3.673125e+00,5.295008e-01
-7.964886e+00,2.036324e+01,1.906309e+01,-4.666354e+00,-4.264279e+00,-5.320710e-01
2.776631e+00,4.879946e+00,1.171177e+01,-3.410495e+00,-3.043998e+00,-1.352301e+00
3.082520e+00,1.275548e+01,9.068230e+00,-1.305975e+00,-5.672501e-01,-6.353426e-01
-5.273120e-01,7.377035e+00,1.271067e+01,-8.454181e-01,7.805003e-01,-8.332267e-01
1.521385e+00,4.045026e+00,9.202564e+00,9.611362e-01,1.039199e+00,-1.250890e+00
3.983234e+00,2.154372e+00,1.039408e+01,3.328177e+00,2.379043e+00,-1.114253e+00
4.129359e+00,2.641557e+00,9.282473e+00,4.244530e+00,2.963260e+00,-1.128000e+00
4.562959e+00,2.078813e+00,1.104415e+01,5.790252e+00,3.208202e+00,-9.003792e-01
5.954269e+00,2.553267e+00,1.226537e+01,6.563285e+00,3.122001e+00,-4.935388e-01
8.309449e+00,5.528954e+00,1.151539e+01,7.609040e+00,2.693236e+00,7.207558e-02
9.109506e+00,6.837165e+00,1.048379e+01,8.186217e+00,2.056475e+00,5.886396e-01
-5.048666e+00,1.290001e+00,3.602175e+00,8.373713e+00,1.163690e+00,7.002380e-01
-7.363272e+00,-9.571626e+00,3.601482e+00,7.727163e+00,5.565021e-01,-2.514202e-02
-1.255931e+00,-1.300949e+01,2.511869e+00,4.590321e+00,7.438502e-01,-3.558039e-01
3.277324e+00,-7.235286e+00,9.626666e+00,1.647187e+00,1.965590e+00,2.331550e-01
1.632773e+01,3.833320e+01,-6.259343e+00,-3.231895e+00,1.662637e+00,1.674066e-01
-1.059783e+01,5.201510e+00,1.375676e+01,-4.892526e+00,1.027734e+00,-9.461635e-02
-1.539499e+01,-1.660181e+01,1.182828e+01,-1.236866e+00,1.164700e-01,8.774884e-01
-2.421252e+00,8.940394e+00,2.286550e+01,-1.319930e+00,-2.584840e+00,-2.564725e+00
6.824075e+00,1.452551e+01,9.422490e+00,-4.029475e+00,1.882603e+00,8.971107e-01
4.950694e+00,2.549156e+00,8.042474e+00,-3.725675e+00,2.739582e+00,9.278971e-01
-4.585325e-01,1.118620e+01,6.369556e+00,-1.321658e+00,7.490253e-01,-3.172927e-01
6.829082e-01,1.241897e+01,5.696629e+00,-1.632168e+00,-9.132447e-02,1.840019e-01
1.183982e+00,1.037888e+01,4.254451e+00,-1.214962e+00,1.887113e-02,-5.405847e-04
9.649780e-01,8.984973e+00,3.264954e+00,-1.150300e+00,-6.516831e-03,-2.143489e-03
1.061901e+00,9.094900e+00,2.874500e+00,-9.008952e-01,-1.704378e-01,3.777178e-02
-2.648020e-01,8.595450e+00,2.712029e+00,-8.806324e-01,-2.534715e-01,-1.369421e-02
-8.441298e-01,6.828471e+00,1.252109e+00,-8.729624e-01,-5.460315e-01,-1.817173e-01
-1.698753e+00,6.771929e+00,1.745054e+00,-9.230407e-01,-6.910049e-01,-2.642945e-01
-4.830311e-01,7.073575e+00,2.538471e+00,-1.192236e+00,-8.972714e-01,-4.326487e-01
5.669461e-01,7.418803e+00,2.539461e+00,-1.433167e+00,-9.712191e-01,-3.661403e-01
4.622967e-01,8.618117e+00,-1.665592e+00,-1.647517e+00,-8.974531e-01,-4.004710e-01
1.936948e+00,1.001462e+01,-1.244226e+00,-1.860843e+00,-9.833540e-01,-3.467406e-01
-4.492347e-01,1.021691e+01,2.523828e+00,-2.464989e+00,-1.172605e+00,-3.133970e-01
3.058637e+00,1.146827e+01,2.984622e+00,-2.983878e+00,-1.415684e+00,-2.947395e-01
1.490137e+01,1.402294e+01,-3.423907e+00,-3.500599e+00,-1.211739e+00,1.580314e-01
8.282582e+00,1.735326e+01,-2.910283e+00,-3.693478e+00,-1.057461e+00,2.267205e-01
-8.994520e+00,2.154237e+01,1.702150e+01,-4.439128e+00,-2.970895e+00,-6.010930e-02
-1.587353e+01,3.046557e+01,1.990321e+01,-4.851363e+00,-5.616621e+00,-5.486221e-01
-5.214645e+00,2.569532e+00,2.117733e+01,-4.764525e+00,-4.015909e+00,-2.956958e-01
6.979023e+00,6.216425e+00,1.278516e+01,-3.155660e+00,-2.288511e+00,2.711198e-01
7.096056e+00,8.959275e+00,1.168280e+01,-1.369174e+00,2.289148e+00,1.238044e+00
4.607797e+00,6.087278e+00,1.076322e+01,-6.322158e-01,2.577734e+00,8.478147e-01
3.920311e+00,1.420985e+00,9.214352e+00,1.885090e+00,1.748461e+00,1.876769e-02
3.744913e+00,1.237108e+00,1.003335e+01,2.988732e+00,1.622689e+00,-1.323353e-01
4.240944e+00,1.691951e+00,9.892832e+00,4.744999e+00,1.803493e+00,-8.682469e-01
4.232421e+00,8.675162e-01,1.059689e+01,5.514556e+00,1.903537e+00,-9.358498e-01
5.201158e+00,6.050961e-01,1.400784e+01,6.952428e+00,1.636382e+00,-8.547662e-01
5.318522e+00,2.629273e+00,1.448368e+01,7.697199e+00,1.319558e+00,-6.941680e-01
3.464389e+00,4.436147e+00,1.339093e+01,8.467633e+00,7.390548e-01,-4.736053e-01
-1.572984e+00,5.650175e+00,1.001494e+01,8.719384e+00,5.225951e-01,-4.300357e-01
-1.815251e+01,-5.459103e+00,7.506032e+00,7.683051e+00,6.136237e-02,-4.013058e-01
-2.406966e+00,-1.404346e+01,2.041886e+00,5.466734e+00,6.821363e-01,-4.109987e-01
9.913611e+00,1.626362e+01,2.494251e+00,1.789009e+00,4.047499e+00,7.955641e-01
3.489829e+01,3.936391e+01,-8.489536e+00,-9.802725e-01,4.650109e+00,1.290989e+00
-4.727108e+00,-8.065489e+00,1.044335e+01,-4.053844e+00,3.008266e+00,8.280949e-01
-4.358524e+00,-9.890871e+00,1.484218e+01,-2.071529e+00,-1.643659e-01,-3.140432e-01
-4.707015e+00,1.733585e+01,1.302942e+01,-3.454754e+00,-2.083680e+00,-1.496176e+00
-9.851545e+00,1.599422e+01,1.168504e+01,-3.858768e+00,-1.061560e+00,-3.002698e-02
-1.375219e+00,7.414452e+00,6.153189e+00,-2.223606e+00,-4.112904e-01,-4.112225e-01
4.367184e+00,7.276668e+00,4.257794e+00,-1.429785e+00,1.187141e+00,3.520319e-01
7.409509e+00,1.180111e+01,3.097281e+00,-9.718846e-01,2.200443e+00,6.695417e-01
3.405548e+00,9.668540e+00,3.385748e+00,-1.050101e+00,1.832735e+00,4.303934e-01
-1.097273e+00,9.314356e+00,3.660076e+00,-1.026189e+00,1.517425e-01,2.574477e-02
-5.310363e-02,9.613103e+00,3.154483e+00,-1.022702e+00,-6.515599e-01,-1.662368e-01
2.163633e+00,8.284282e+00,1.639296e+00,-1.052988e+00,-3.419125e-01,-1.149628e-01
1.512795e+00,7.292430e+00,1.600337e+00,-1.100578e+00,-1.801422e-01,-7.605332e-02
-1.563308e+00,7.492263e+00,3.785126e+00,-1.305826e+00,-6.465779e-01,-2.203312e-01
-1.019077e+00,7.658560e+00,5.077198e+00,-1.523628e+00,-1.185919e+00,-3.814060e-01
5.392424e-01,8.268216e+00,5.046974e+00,-1.678457e+00,-1.203201e+00,-2.700081e-01
2.253035e+00,7.613683e+00,1.562801e+00,-1.639462e+00,-8.846812e-01,-2.103537e-01
2.495133e+00,8.314988e+00,-1.137369e-01,-1.694874e+00,-6.219167e-01,1.672165e-02
2.725560e+00,1.047173e+01,1.719238e-01,-1.949434e+00,-7.788266e-01,1.041094e-01
1.415788e+00,1.080752e+01,6.799951e-01,-2.579223e+00,-1.216113e+00,1.644444e-01
4.489505e+00,1.931924e+01,-4.544692e+00,-2.900618e+00,-1.546565e+00,2.076304e-01
7.879717e-01,1.790550e+01,3.827105e+00,-3.428281e+00,-1.752319e+00,7.354242e-01
-2.991448e+00,1.589297e+01,1.164192e+01,-4.003304e+00,-2.206364e+00,8.613093e-01
-3.938817e+00,2.308185e+01,1.636311e+01,-4.443406e+00,-2.977826e+00,2.588036e-01
1.370476e+00,6.753869e+00,1.817756e+01,-4.589035e+00,-2.471389e+00,-2.631304e-01
6.047291e+00,8.977592e+00,9.852155e+00,-1.969990e+00,-5.576897e-01,-1.678555e-01
2.446443e+00,1.079425e+01,1.195704e+01,-1.429471e+00,4.129455e-01,-1.169936e-01
2.965511e-01,5.856277e+00,1.058275e+01,-5.597511e-01,3.044909e-01,-6.051497e-01
1.989631e+00,1.188848e+00,7.708986e+00,1.238730e+00,5.269971e-01,-9.288753e-01
3.187657e+00,9.203866e-01,8.382343e+00,3.204821e+00,1.647954e+00,-9.345398e-01
3.176493e+00,1.275069e+00,8.075972e+00,3.795908e+00,2.102467e+00,-1.059550e+00
3.747772e+00,1.570000e+00,9.315348e+00,5.047089e+00,2.424702e+00,-9.564668e-01
5.060722e+00,1.705530e+00,1.087298e+01,5.908759e+00,2.349653e+00,-7.422247e-01
6.981618e+00,3.048874e+00,1.352681e+01,6.977399e+00,2.062185e+00,-4.288446e-01
7.407766e+00,5.635086e+00,1.073950e+01,7.516998e+00,1.742335e+00,-2.605563e-01
-4.252604e+00,6.555901e+00,6.345144e+00,8.171069e+00,7.677792e-01,-6.850906e-02
-1.470069e+01,2.801953e+00,6.923901e+00,7.865229e+00,8.065360e-02,-2.926990e-01
-5.202728e+00,-1.611340e+01,-3.682404e-02,5.510004e+00,5.796920e-02,-3.757350e-01
4.799854e+00,-1.698206e+00,4.929801e+00,3.888919e+00,1.827642e+00,-3.492796e-01
2.443947e+01,3.705758e+01,-2.678197e+00,-8.899729e-01,3.806653e+00,9.697296e-01
5.575363e+00,1.118827e+01,6.054804e+00,-3.731644e+00,3.067896e+00,6.755922e-01
3.416969e-01,-6.172797e+00,1.683260e+01,-1.738509e+00,1.250138e+00,2.589574e-01
2.281636e-01,4.001306e+00,1.651688e+01,-2.790511e+00,-1.034944e+00,-2.197838e+00
-3.452780e+00,1.815353e+01,1.227783e+01,-3.930663e+00,-1.727905e-01,-3.055096e-01
-7.302996e+00,9.141141e+00,9.929966e+00,-3.263176e+00,-5.007829e-01,-1.177616e-01
7.906608e-01,9.252080e+00,6.631627e+00,-1.647423e+00,-4.477398e-01,-2.821999e-01
5.613067e+00,1.167241e+01,6.142201e+00,-1.452626e+00,3.798310e-01,2.982361e-01
6.558363e+00,9.670057e+00,3.529049e+00,-9.922222e-01,1.812938e+00,4.996566e-01
3.977287e+00,8.589122e+00,2.989122e+00,-9.646821e-01,1.234816e+00,3.299332e-01
5.681189e-01,9.177723e+00,2.242607e+00,-8.384079e-01,-2.158625e-01,-6.622775e-02
-5.151420e-01,8.812240e+00,1.530391e+00,-8.918288e-01,-6.576622e-01,-2.113905e-01
-1.674610e+00,6.593634e+00,1.593777e+00,-1.023475e+00,-8.446842e-01,-3.266245e-01
-2.483332e+00,6.690019e+00,2.493436e+00,-1.154513e+00,-9.374013e-01,-3.524593e-01
4.831178e-01,6.821160e+00,4.466015e+00,-1.474620e+00,-1.022453e+00,-3.140815e-01
1.839982e+00,7.504064e+00,4.328034e+00,-1.585521e+00,-9.104820e-01,-2.990356e-01
1.488106e+00,7.693657e+00,4.817396e-01,-1.684252e+00,-7.700025e-01,-2.999333e-01
8.428649e-01,8.961652e+00,-2.154835e-01,-1.843880e+00,-9.447276e-01,-2.569381e-01
6.147889e-02,9.637296e+00,1.374113e+00,-2.331184e+00,-1.341263e+00,-1.796052e-01
4.862529e+00,9.815131e+00,4.973891e-01,-2.700326e+00,-1.490479e+00,-1.671597e-01
1.651301e+01,1.385615e+01,-5.452941e+00,-3.306108e+00,-1.427502e+00,1.242351e-01
1.128764e+01,1.976506e+01,-3.572078e+00,-3.718804e+00,-1.228507e+00,4.233450e-01
-1.272167e+01,2.744298e+01,2.031728e+01,-4.793150e+00,-3.438166e+00,2.369630e-01
-2.089405e+01,2.505031e+01,2.147536e+01,-5.059651e+00,-5.881623e+00,-1.668711e-01
-4.287006e+00,4.335419e+00,2.182275e+01,-4.900381e+00,-4.196802e+00,1.801837e-01
1.138461e+01,6.732580e+00,1.455592e+01,-2.153104e+00,-6.753096e-01,1.537256e+00
1.042062e+01,8.198869e+00,1.133860e+01,-9.559704e-01,3.414299e+00,1.526995e+00
7.009419e+00,2.773395e+00,9.099819e+00,-5.253012e-01,3.180560e+00,1.378837e+00
4.948483e+00,-4.038336e-01,7.181941e+00,3.204847e+00,8.383293e-01,-5.338574e-01
3.071337e+00,4.665232e-01,8.889839e+00,3.898284e+00,5.724333e-01,-7.803635e-01
2.675093e+00,-1.639162e-01,1.031560e+01,5.384777e+00,5.011791e-01,-1.789208e+00
2.481832e+00,-2.390261e-01,1.043802e+01,5.742205e+00,6.440412e-01,-1.878911e+00
2.863130e+00,8.568216e-01,1.582339e+01,7.308431e+00,9.816600e-01,-1.865505e+00
3.757233e+00,3.214059e+00,1.454692e+01,7.622847e+00,1.051587e+00,-1.813247e+00
3.959499e+00,9.956662e+00,1.144275e+01,8.985379e+00,1.210590e+00,-1.344798e+00
-9.454626e+00,4.513547e-01,5.785226e+00,9.006144e+00,1.206661e+00,-1.073879e+00
-8.238531e+00,-1.340865e+01,4.253133e+00,6.619345e+00,9.313829e-01,-1.017600e+00
2.820504e+00,-1.592996e+01,6.405899e-01,3.982349e+00,2.825173e+00,-5.017062e-01
7.469124e+00,1.108430e+01,7.720533e+00,-8.772963e-01,4.222007e+00,1.083900e+00
3.570795e+01,3.889780e+01,-4.900777e+00,-2.217460e+00,3.704795e+00,8.010895e-01
-8.023690e+00,-9.058358e+00,1.105200e+01,-3.113995e+00,2.631598e+00,1.800757e+00
-4.320457e+00,-6.482349e+00,1.954341e+01,-1.967408e+00,-2.486154e+00,-2.390233e+00
-2.224033e+00,1.742556e+01,1.362431e+01,-4.418736e+00,-4.249387e-01,-2.487082e-01
-5.994552e+00,1.244898e+01,1.268737e+01,-3.993236e+00,1.984347e-01,6.738224e-01
-2.894347e+00,8.660304e+00,6.635511e+00,-1.912536e+00,-3.068533e-01,-4.773633e-01
3.149389e+00,8.347264e+00,5.941778e+00,-1.529910e+00,9.855638e-01,7.067028e-01
8.460082e+00,1.170344e+01,4.576230e+00,-1.119592e+00,1.963763e+00,5.763240e-01
3.186150e+00,8.704197e+00,3.984140e+00,-1.192171e+00,1.555701e+00,4.421060e-01
-1.135547e+00,8.255928e+00,4.141475e+00,-1.024338e+00,-2.553678e-01,-7.628790e-03
-1.556408e+00,7.900082e+00,4.509918e+00,-1.003666e+00,-8.492214e-01,-1.832283e-01
2.581044e-02,6.243185e+00,2.710787e+00,-9.485259e-01,-6.019535e-01,-2.174813e-01
-1.303834e+00,7.658068e+00,2.345902e+00,-9.561402e-01,-4.633562e-01,-2.016376e-01
-1.219153e+00,7.768972e+00,4.115073e+00,-1.160770e+00,-7.320080e-01,-1.943175e-01
1.564029e+00,8.401093e+00,4.300955e+00,-1.236982e+00,-6.495039e-01,-2.595602e-01
4.444181e+00,8.393335e+00,-1.240811e-01,-1.328492e+00,-3.283840e-01,-1.077129e-01
3.102964e+00,7.914691e+00,-2.324211e+00,-1.444140e+00,-3.783571e-01,-9.022766e-02
1.914977e+00,1.047715e+01,-1.474980e+00,-2.001858e+00,-1.070691e+00,-9.617912e-02
-2.052675e+00,1.034171e+01,1.221215e+00,-2.710533e+00,-1.564443e+00,-9.434576e-02
6.982808e+00,1.252573e+01,-1.253980e+00,-3.527941e+00,-1.881612e+00,1.283046e-01
1.273193e+01,1.978921e+01,-5.601527e+00,-3.826944e+00,-1.402629e+00,5.176382e-01
-1.539482e+00,1.922296e+01,1.207775e+01,-4.696763e+00,-1.714538e+00,6.940528e-01
-1.352386e+01,2.190935e+01,2.078777e+01,-5.104102e+00,-4.770637e+00,4.665284e-01
-1.482349e+01,1.316998e+01,2.149458e+01,-4.884348e+00,-4.566529e+00,-3.595823e-01
5.652425e+00,1.529812e+00,1.722942e+01,-2.977378e+00,-1.693454e+00,6.130075e-01
1.174356e+01,1.072362e+01,1.174726e+01,-1.121292e+00,2.966603e+00,1.527328e+00
8.785887e+00,7.756884e+00,1.230905e+01,-6.635416e-01,3.116194e+00,1.080468e+00
5.971438e+00,5.436559e-01,8.082097e+00,2.158549e+00,1.639517e+00,-2.920731e-01
4.841766e+00,-1.009411e+00,7.811333e+00,3.778667e+00,1.000152e+00,-6.887243e-01
4.044728e+00,1.472419e-01,9.645421e+00,5.026503e+00,1.061734e+00,-1.479753e+00
4.036667e+00,3.958671e-01,9.676267e+00,5.732302e+00,1.251992e+00,-1.621103e+00
3.833642e+00,2.383467e-01,1.237689e+01,7.097733e+00,1.425144e+00,-1.571289e+00
4.491851e+00,1.363124e+00,1.412183e+01,7.856019e+00,1.430602e+00,-1.488736e+00
5.714804e+00,6.288398e+00,1.208263e+01,8.645558e+00,1.615744e+00,-1.208081e+00
6.113948e-01,8.385001e+00,9.009760e+00,8.920296e+00,1.579358e+00,-6.776928e-01
-1.506529e+01,-4.643050e+00,9.700983e+00,7.542667e+00,6.364991e-01,-2.704606e-01
-2.344731e+00,-1.743458e+01,-1.638175e+00,5.989533e+00,7.624907e-01,-3.890807e-01
8.164609e+00,-5.977900e+00,4.962610e+00,2.223923e+00,3.550894e+00,4.389405e-01
1.531316e+01,3.085578e+01,-4.054503e+00,-2.011764e+00,3.860392e+00,1.178083e+00
-2.924444e+00,2.285378e+00,1.158090e+01,-4.567294e+00,1.812755e+00,4.352283e-01
-9.449715e+00,-1.465398e+01,1.917573e+01,-2.380063e+00,-1.246921e-01,2.843800e-01
-2.108150e+00,7.713946e+00,1.915860e+01,-3.916150e+00,-2.735130e+00,-2.763789e+00
-9.755952e+00,1.829916e+01,1.467062e+01,-4.389653e+00,-4.790839e-02,3.232822e-01
-2.122958e+00,1.258685e+01,9.684962e+00,-1.795894e+00,2.567529e-01,-4.127309e-01
4.460405e+00,4.016425e+00,4.053256e+00,-1.355140e+00,1.455382e+00,-4.012061e-03
9.923083e+00,1.322745e+01,3.267819e+00,-4.141223e-01,2.446366e+00,7.508447e-01
5.213193e+00,1.242760e+01,2.476933e+00,-7.080834e-01,1.666046e+00,2.697880e-01
-2.787464e+00,9.011066e+00,1.341188e+00,-5.726098e-01,-8.531150e-01,-2.892587e-01
-2.352539e+00,9.013987e+00,-3.241268e-02,-5.894271e-01,-1.357858e+00,-5.479063e-01
6.289808e-02,6.964093e+00,-9.443471e-01,-8.132767e-01,-9.950343e-01,-3.886963e-01
-1.366605e+00,6.548881e+00,4.634772e-01,-1.088288e+00,-7.559546e-01,-3.640421e-01
-9.464514e-01,7.776182e+00,4.568920e+00,-1.574383e+00,-1.061254e+00,-3.935630e-01
2.707325e+00,8.638474e+00,5.036715e+00,-1.739481e+00,-9.876897e-01,-3.795408e-01
4.505505e+00,8.033369e+00,1.812470e+00,-1.791237e+00,-7.910498e-01,-3.656168e-01
2.502262e+00,6.381779e+00,-1.985476e+00,-1.903863e+00,-1.019915e+00,-2.770354e-01
6.807072e-01,1.037000e+01,-5.460733e-01,-2.394418e+00,-1.574786e+00,-2.127942e-01
1.086215e+00,9.896335e+00,8.005236e-01,-2.961757e+00,-1.791693e+00,-7.391862e-02
7.924512e+00,1.126659e+01,-2.000428e+00,-3.512095e+00,-1.868735e+00,1.135688e-01
3.754761e+00,1.883158e+01,-1.897257e+00,-3.956160e+00,-1.734647e+00,5.701269e-01
-8.069867e+00,2.134966e+01,1.428248e+01,-4.807839e+00,-3.121182e+00,5.642142e-01
-1.118745e+01,2.443880e+01,1.796491e+01,-4.945902e+00,-4.430657e+00,2.559245e-01
-6.571682e-01,8.523841e+00,1.942481e+01,-4.717489e+00,-2.221096e+00,3.829130e-01
8.534738e+00,3.230796e+00,1.671275e+01,-2.634737e+00,-1.188031e-01,7.336580e-01
1.169974e+01,1.217945e+01,8.768562e+00,-1.390603e+00,2.214726e+00,5.544608e-01
6.202331e+00,7.224210e+00,1.028917e+01,-4.158850e-01,1.493659e+00,-4.853398e-02
1.898192e+00,1.598160e+00,8.235884e+00,2.262342e+00,-1.395402e-01,-1.557846e+00
1.060346e+00,1.467828e+00,8.604578e+00,3.269561e+00,-6.444801e-02,-1.738706e+00
2.339105e-01,1.481425e+00,1.038196e+01,4.559576e+00,7.444818e-01,-1.842601e+00
9.868147e-01,8.596815e-01,1.078608e+01,5.568974e+00,1.457290e+00,-1.648454e+00
3.894969e+00,2.686057e+00,1.262184e+01,6.810309e+00,2.464193e+00,-1.053779e+00
7.042828e+00,4.160375e+00,1.511250e+01,7.358715e+00,2.685400e+00,-6.100108e-01
6.788747e+00,5.288218e+00,9.475054e+00,8.415759e+00,2.392480e+00,3.442025e-01
-6.647606e-01,1.188040e+00,7.595942e+00,8.696783e+00,1.461141e+00,9.591474e-01
-1.033401e+01,-1.176154e+01,8.760308e+00,6.607378e+00,4.171368e-01,2.743083e-01
-2.214962e+00,-1.425966e+01,3.519202e+00,4.657494e+00,9.319066e-01,9.718640e-02
6.258236e+00,1.417012e+01,-7.288597e-01,6.190050e-01,2.822587e+00,6.055433e-01
1.797243e+01,3.654876e+01,8.226807e+00,-3.100957e+00,2.195481e+00,6.351728e-01
-3.810272e+00,-1.296306e+01,1.595113e+01,-4.115404e+00,3.563250e-01,4.824211e-01
4.901127e-01,-1.069497e+01,1.658040e+01,-3.377895e+00,-2.297759e+00,-2.695174e+00
-1.255107e+01,1.797032e+01,1.743011e+01,-3.663189e+00,-5.994707e-01,-6.593617e-02
-8.498745e+00,1.998267e+01,1.385345e+01,-3.134213e+00,-2.513973e-01,3.494131e-01
2.774736e+00,3.841879e+00,6.646976e+00,-1.631664e+00,1.385779e+00,7.516238e-02
9.643079e+00,9.329089e+00,6.144802e+00,-7.967822e-01,2.208462e+00,7.178661e-01
8.534342e+00,1.241458e+01,4.864950e+00,-1.017196e+00,1.752091e+00,3.479842e-01
2.038600e+00,8.765889e+00,4.066864e+00,-9.465936e-01,5.348260e-01,4.548214e-02
-3.205205e+00,8.484940e+00,3.471438e+00,-6.766667e-01,-1.546354e+00,-5.995343e-01
-4.334289e+00,8.172960e+00,2.866317e+00,-7.348621e-01,-1.989735e+00,-6.638613e-01
-3.717428e+00,6.635204e+00,2.213081e+00,-8.233239e-01,-1.644127e+00,-5.856746e-01
-2.713120e+00,5.895815e+00,2.788742e+00,-9.230450e-01,-1.080797e+00,-3.802968e-01
-1.006002e+00,6.366489e+00,4.670450e+00,-1.186170e+00,-4.863333e-01,-1.800938e-01
1.631779e+00,8.154494e+00,4.903955e+00,-1.298174e+00,-2.894917e-01,-1.828997e-01
2.993115e+00,7.012928e+00,1.983922e+00,-1.419697e+00,-1.400462e-01,-1.173366e-01
1.507237e+00,6.545841e+00,7.469298e-01,-1.464639e+00,-4.033486e-01,-2.122549e-01
2.959071e+00,9.070532e+00,6.929216e-01,-1.869325e+00,-1.038047e+00,-1.830778e-01
3.267599e+00,1.118135e+01,1.135673e+00,-2.221644e+00,-9.826882e-01,-1.396160e-01
7.796482e+00,1.209860e+01,-1.229628e+00,-2.786966e+00,-1.180398e+00,3.765940e-02
1.002973e+01,1.979789e+01,-4.505439e+00,-3.154704e+00,-1.353713e+00,2.050393e-01
-8.208434e+00,2.091527e+01,1.161626e+01,-4.153129e+00,-2.855164e+00,2.765716e-01
-1.018138e+01,2.543202e+01,1.699785e+01,-4.445364e+00,-4.162148e+00,-1.134731e-01
-8.529016e+00,2.055796e+01,1.705583e+01,-4.618930e+00,-3.485799e+00,1.409055e-01
1.301338e+00,8.483014e-01,2.105624e+01,-3.072044e+00,-1.461369e+00,5.470963e-01
8.132059e+00,1.151949e+01,8.689037e+00,-7.452806e-01,1.402669e+00,6.245819e-01
3.392260e+00,8.967690e+00,1.146356e+01,-8.844180e-01,1.680278e+00,4.615974e-01
7.390425e-01,3.964059e+00,8.857987e+00,1.094590e+00,8.017806e-01,-1.176867e-01
1.561217e+00,1.217632e+00,7.592299e+00,2.927618e+00,7.499167e-01,-4.975563e-01
2.837577e+00,-5.111474e-01,9.224617e+00,4.707636e+00,1.473960e+00,-7.159405e-01
3.718695e+00,1.673910e+00,9.324238e+00,5.404442e+00,1.819759e+00,-8.941147e-01
3.931867e+00,1.509517e+00,1.127464e+01,6.187679e+00,1.789255e+00,-6.369000e-01
4.215926e+00,1.722308e+00,1.376630e+01,7.083983e+00,1.463132e+00,-5.767767e-01
5.004544e+00,6.904169e+00,1.085086e+01,8.113249e+00,1.033298e+00,-6.863830e-01
8.200950e-02,8.250963e+00,9.765162e+00,8.539488e+00,7.659058e-01,-6.123728e-01
-1.159623e+01,-1.099749e-01,8.202683e+00,8.042974e+00,4.449237e-01,-5.133462e-01
-9.861095e+00,-1.296808e+01,3.710574e+00,6.410196e+00,3.614475e-01,-3.995632e-01
7.985592e+00,-7.017598e+00,5.310604e+00,2.985013e+00,3.364008e+00,2.639148e-01
1.206669e+01,2.232402e+01,1.115185e+00,3.332238e-02,4.029511e+00,7.430654e-01
1.563078e+01,2.551741e+01,3.881031e+00,-3.996974e+00,2.333928e+00,3.173967e-01
-7.411498e+00,-9.578673e+00,1.301184e+01,-1.985023e+00,1.527911e+00,1.383176e+00
-3.245342e+00,3.129644e+00,1.748847e+01,-3.304987e+00,-2.672898e+00,-2.397402e+00
-6.638838e+00,1.808371e+01,1.400461e+01,-3.854628e+00,-1.115198e+00,-5.484650e-01
-4.931845e+00,1.239506e+01,1.043318e+01,-2.829984e+00,-4.169757e-01,-1.534961e-01
3.396485e-01,6.523044e+00,5.883464e+00,-1.602353e+00,3.484942e-01,-2.328646e-01
8.541465e+00,1.074742e+01,3.357610e+00,-8.217171e-01,2.206562e+00,6.810728e-01
6.173097e+00,1.150647e+01,2.455218e+00,-7.864021e-01,2.043435e+00,4.187318e-01
-9.021694e-01,8.697337e+00,2.711385e+00,-8.580805e-01,-1.400511e-02,-7.343298e-02
-2.985309e+00,9.675211e+00,2.472314e+00,-8.254641e-01,-9.175697e-01,-3.882971e-01
-6.032199e-01,9.232431e+00,2.208547e-01,-8.660614e-01,-1.044689e+00,-4.169757e-01
-5.850977e-03,8.150478e+00,-7.176479e-01,-9.180542e-01,-6.090359e-01,-2.702523e-01
-3.390090e+00,6.306665e+00,1.188051e+00,-1.184865e+00,-5.210034e-01,-2.402035e-01
-2.226325e+00,7.762106e+00,3.797712e+00,-1.465005e+00,-6.966287e-01,-2.971035e-01
2.346710e+00,8.489267e+00,5.121347e+00,-1.779204e+00,-2.903846e-01,-1.376230e-01
4.550927e+00,8.850543e+00,3.681213e+00,-1.809075e+00,-3.634249e-02,-9.414097e-02
2.813588e+00,7.873436e+00,9.341529e-01,-1.905896e+00,-3.913166e-01,-1.588889e-01
8.853392e-01,9.359216e+00,1.037226e+00,-2.045630e+00,-8.153157e-01,-1.786221e-01
-2.216269e+00,1.032592e+01,3.099933e+00,-2.529868e+00,-1.409406e+00,-1.783055e-01
1.326254e+00,1.157357e+01,2.572363e+00,-2.967379e+00,-1.589455e+00,-5.714897e-02
8.114229e+00,1.892526e+01,-4.794676e+00,-3.379665e+00,-1.061529e+00,4.726267e-01
3.681196e+00,2.005669e+01,-2.280682e-01,-3.721820e+00,-1.141852e+00,6.500754e-01
-4.670363e+00,1.691104e+01,1.394021e+01,-4.421918e+00,-2.725764e+00,4.799503e-01
-9.119653e+00,2.361672e+01,1.703293e+01,-4.626166e+00,-4.187779e+00,2.177252e-02
3.848804e-01,5.055525e+00,1.829849e+01,-4.021471e+00,-2.448421e+00,-6.028871e-01
7.617806e+00,4.480817e+00,9.270961e+00,-2.112035e+00,-8.540599e-01,-1.817153e-01
4.306252e+00,9.598872e+00,9.659704e+00,-1.293151e+00,1.113794e+00,-2.409044e-01
8.225946e-01,6.951420e+00,1.109920e+01,-4.660692e-01,9.717276e-01,-5.407875e-01
2.850837e+00,1.027442e+00,7.747395e+00,2.062148e+00,8.769943e-01,-1.076956e+00
3.486674e+00,7.863859e-01,8.343725e+00,3.227737e+00,1.477329e+00,-1.006683e+00
4.209487e+00,2.165512e+00,9.304359e+00,4.662311e+00,2.228648e+00,-1.158755e+00
4.393117e+00,2.202196e+00,1.090185e+01,5.500702e+00,2.272892e+00,-9.158249e-01
5.485694e+00,1.504101e+00,1.515674e+01,6.592493e+00,1.998539e+00,-6.997629e-01
5.852619e+00,2.542922e+00,1.417892e+01,7.569138e+00,1.544792e+00,-4.575677e-01
4.536197e+00,4.020127e+00,1.215632e+01,8.585540e+00,6.779636e-01,-4.657911e-02
-3.535055e+00,4.042644e+00,9.116680e+00,8.624256e+00,3.577579e-01,1.058712e-01
-1.577804e+01,-1.026315e+01,5.408193e+00,6.890569e+00,-4.901909e-01,-1.626167e-01
-2.617835e+00,-1.602104e+01,6.010285e+00,4.361596e+00,6.263979e-01,-3.641963e-01
2.137692e+01,3.638388e+01,-1.047590e+01,-2.100598e-01,3.768457e+00,1.015571e+00
2.850619e+01,3.605860e+01,-1.870116e+00,-3.242480e+00,3.798481e+00,1.170038e+00
-6.383767e+00,-1.106560e+01,1.148695e+01,-2.312531e+00,2.100502e+00,1.042494e+00
3.488799e+00,-6.714500e+00,1.372035e+01,-2.399668e+00,-2.164571e+00,-2.457570e+00
-6.546130e+00,1.817676e+01,1.340431e+01,-3.450471e+00,-5.814219e-01,2.650271e-02
-7.337281e+00,1.375254e+01,1.039833e+01,-3.314603e+00,-7.674602e-01,1.410580e-01
1.807873e+00,5.621605e+00,4.988497e+00,-1.963399e+00,-1.587557e-01,-3.351932e-01
4.433684e+00,8.560207e+00,6.029914e+00,-1.369209e+00,1.363645e+00,5.902016e-01
5.237293e+00,1.120225e+01,4.897278e+00,-1.189340e+00,1.455900e+00,3.600653e-01
1.023932e+00,8.640910e+00,4.139917e+00,-1.170075e+00,8.523873e-01,2.341649e-01
-2.077798e+00,8.307176e+00,3.606998e+00,-9.133917e-01,-4.144073e-01,-8.960461e-02
-8.995157e-01,9.402042e+00,3.240450e+00,-8.600949e-01,-6.384315e-01,-1.642547e-01
1.220789e-01,8.091595e+00,2.824319e+00,-8.844444e-01,-8.213006e-02,-1.131481e-01
-6.001386e-02,7.432170e+00,2.873046e+00,-9.302036e-01,-2.132505e-02,-1.050426e-01
-4.424527e-01,7.716939e+00,3.798572e+00,-1.067327e+00,-2.608759e-01,-1.472754e-01
1.955106e+00,8.418042e+00,3.540457e+00,-1.163083e+00,-5.006154e-01,-2.355999e-01
3.032745e+00,8.066887e+00,1.865674e-01,-1.276683e+00,-5.396138e-01,-2.932044e-01
2.221413e+00,7.779058e+00,-3.021391e+00,-1.438701e+00,-6.706922e-01,-2.175471e-01
1.714741e-01,9.427672e+00,-2.047742e-02,-1.925150e+00,-1.021257e+00,-1.637624e-01
-9.354923e-01,1.017835e+01,1.778464e+00,-2.588238e+00,-1.411534e+00,-1.384162e-01
8.588272e+00,1.131455e+01,-1.389372e+00,-3.386187e+00,-1.520157e+00,7.585760e-02
1.213720e+01,2.066201e+01,-5.862037e+00,-3.648061e+00,-1.279571e+00,2.955861e-01
-1.605487e+00,1.821851e+01,1.062207e+01,-4.393337e+00,-2.070067e+00,4.606254e-01
-1.780094e+01,2.559231e+01,2.006637e+01,-4.846831e+00,-4.807190e+00,3.097243e-01
-8.040050e+00,1.245437e+01,1.921105e+01,-5.002622e+00,-4.328928e+00,-2.937467e-01
3.358377e+00,-5.381518e-01,2.046093e+01,-3.217790e+00,-1.399240e+00,6.350761e-01
1.246931e+01,1.123021e+01,8.850234e+00,-7.606136e-01,2.117537e+00,1.093249e+00
7.736221e+00,8.296221e+00,1.131676e+01,-8.216278e-01,2.964958e+00,8.457796e-01
4.420850e+00,2.931239e+00,8.752644e+00,1.667414e+00,1.507090e+00,-3.361818e-01
3.123504e+00,-1.065728e+00,7.870768e+00,3.295591e+00,8.527251e-01,-7.606901e-01
2.462757e+00,-4.563692e-01,9.232602e+00,4.799769e+00,8.668867e-01,-1.163073e+00
2.556048e+00,5.157250e-01,9.979919e+00,5.558233e+00,1.145893e+00,-1.293034e+00
3.469536e+00,1.257943e+00,1.134879e+01,6.488510e+00,1.337111e+00,-9.532702e-01
4.847909e+00,1.343500e+00,1.417340e+01,7.279592e+00,1.393424e+00,-7.893907e-01
7.471368e+00,3.444058e+00,1.069455e+01,8.413262e+00,1.325303e+00,-5.502763e-01
2.324108e+00,7.233518e+00,8.037830e+00,8.623472e+00,1.251671e+00,-4.367839e-01
-1.492457e+01,-6.311039e+00,8.796425e+00,7.037954e+00,1.953072e-01,-5.513010e-01
-8.248247e+00,-1.568761e+01,5.236302e-01,5.242451e+00,4.049451e-03,-6.772856e-01
6.603336e+00,-4.978293e-01,5.225385e+00,1.890116e+00,2.282885e+00,1.714303e-01
3.115703e+01,3.846103e+01,-8.860822e+00,-2.201432e+00,3.401330e+00,8.858201e-01
-8.865165e+00,-4.490945e+00,1.247924e+01,-3.547080e+00,2.507053e+00,1.029625e+00
-5.737276e+00,-1.132523e+01,1.809033e+01,-2.158193e+00,-5.369308e-01,-6.845612e-01
3.959510e-01,1.732507e+01,1.412536e+01,-3.626426e+00,-9.452746e-01,-1.178638e+00
-3.999349e+00,1.788161e+01,1.354364e+01,-3.712668e+00,3.548394e-01,4.237255e-01
-2.595305e-01,7.801996e+00,7.978865e+00,-1.969632e+00,3.510852e-01,-1.426205e-01
5.449608e+00,7.776028e+00,6.691398e+00,-1.478565e+00,1.162909e+00,4.612698e-01
6.628342e+00,1.254235e+01,5.259744e+00,-1.051364e+00,1.721055e+00,5.332365e-01
4.330954e+00,1.064688e+01,4.290365e+00,-1.038875e+00,1.064048e+00,2.589146e-01
1.779125e+00,8.848357e+00,2.973614e+00,-8.040499e-01,-1.744843e-01,-2.437915e-02
9.477164e-01,9.527701e+00,2.262325e+00,-7.291212e-01,-5.710642e-01,-2.340590e-01
-2.331585e+00,7.487744e+00,4.610366e-01,-8.305323e-01,-1.034935e+00,-3.382284e-01
-4.175635e+00,6.055943e+00,8.173364e-01,-9.750138e-01,-1.384314e+00,-4.232898e-01
3.780713e-01,6.948437e+00,1.488619e+00,-1.262457e+00,-1.355803e+00,-4.094229e-01
1.688537e+00,7.045969e+00,7.303174e-01,-1.456828e+00,-1.065576e+00,-2.904572e-01
-5.752714e-01,7.162582e+00,-1.338951e+00,-1.863890e+00,-1.016003e+00,-2.499696e-01
6.571669e-01,9.341414e+00,-6.071397e-01,-2.154132e+00,-1.265633e+00,-2.383627e-01
4.628743e+00,9.246518e+00,1.326620e+00,-2.914713e+00,-1.348717e+00,-4.273492e-02
9.588472e+00,1.176075e+01,-9.630492e-02,-3.381550e+00,-1.424567e+00,-2.606776e-03
2.048339e+00,2.515373e+01,1.004499e+00,-4.041899e+00,-1.747769e+00,3.376897e-01
-8.775125e+00,2.001274e+01,1.266299e+01,-4.681773e+00,-2.847977e+00,4.566274e-01
-1.797825e+01,2.583552e+01,2.012988e+01,-4.850077e+00,-5.159287e+00,3.480131e-01
-7.882850e+00,1.878264e+01,1.938330e+01,-4.885594e+00,-3.581865e+00,3.901865e-01
8.606832e+00,-6.079922e-02,1.797692e+01,-2.617112e+00,5.127787e-01,1.378304e+00
1.431582e+01,9.299204e+00,7.043158e+00,-6.569185e-01,2.841913e+00,1.380189e+00
5.722947e+00,5.894317e+00,9.957060e+00,-3.807859e-01,2.630974e+00,8.022406e-01
3.556842e+00,3.231436e+00,8.445550e+00,1.363768e+00,1.166236e+00,-3.160633e-01
1.730149e+00,-3.701864e-01,7.084342e+00,3.139782e+00,1.896555e-01,-9.656534e-01
2.215105e+00,1.144390e+00,9.052135e+00,4.329293e+00,2.852609e-01,-1.328570e+00
2.427417e+00,1.760779e+00,9.119667e+00,5.313687e+00,9.209098e-01,-1.638676e+00
3.279414e+00,1.474492e+00,1.115118e+01,6.123013e+00,1.172914e+00,-1.487556e+00
4.796625e+00,3.006432e+00,1.315367e+01,7.213509e+00,1.381055e+00,-1.325869e+00
7.109655e+00,5.062839e+00,1.253675e+01,7.848271e+00,1.351623e+00,-1.094636e+00
1.083114e+00,6.829927e+00,1.066591e+01,8.480460e+00,1.189365e+00,-6.338038e-01
-1.169656e+01,-4.690838e+00,6.531664e+00,8.062264e+00,3.550632e-01,-2.634957e-01
-3.053834e+00,-1.615307e+01,7.053833e+00,5.717378e+00,3.214382e-01,-4.634097e-01
1.070036e+01,-1.134521e+01,5.078880e+00,3.244149e+00,2.018564e+00,-1.047190e-01
3.281067e+01,3.940561e+01,-1.186443e+01,-1.187004e+00,3.805501e+00,1.108159e+00
2.175121e+01,3.605980e+01,5.590149e+00,-4.674889e+00,2.192202e+00,3.998230e-01
-9.085479e+00,-1.262774e+01,1.858555e+01,-1.979345e+00,-1.870647e+00,-5.886286e-01
-5.930193e+00,8.559559e+00,1.660303e+01,-3.001857e+00,-3.980781e+00,-3.385225e+00
-1.141894e+01,1.893867e+01,1.412230e+01,-4.107707e+00,-2.306594e-01,5.469437e-01
3.440489e-01,1.379034e+01,1.067909e+01,-2.918686e+00,1.053657e-01,6.039196e-01
6.316718e+00,6.060864e+00,5.202124e+00,-1.348552e+00,2.176104e+00,8.364097e-01
9.469930e+00,9.822918e+00,5.040709e+00,-9.862363e-01,2.696884e+00,1.170270e+00
5.038031e+00,1.185175e+01,3.949206e+00,-9.496034e-01,1.893677e+00,6.584862e-01
9.105235e-01,8.631997e+00,3.432842e+00,-9.767056e-01,4.305784e-01,2.605270e-01
1.311322e+00,8.518055e+00,1.681599e+00,-7.622173e-01,-7.757562e-01,-2.097601e-01
-3.015352e-01,8.273935e+00,1.173129e+00,-8.234396e-01,-8.078486e-01,-1.869765e-01
-3.989052e+00,6.909267e+00,2.002823e+00,-9.662503e-01,-1.168941e+00,-3.485358e-01
-3.578092e+00,6.997177e+00,2.754552e+00,-1.148183e+00,-1.423722e+00,-4.657697e-01
2.010998e+00,7.371201e+00,3.409646e+00,-1.400786e+00,-9.741112e-01,-2.991567e-01
3.216806e+00,7.455155e+00,2.216935e+00,-1.483234e+00,-5.644726e-01,-1.367861e-01
1.026664e+00,9.672765e+00,-1.542335e+00,-1.665485e+00,-6.643843e-01,-1.158305e-01
2.028909e+00,1.046960e+01,-5.540717e-01,-1.967401e+00,-1.194135e+00,-1.096618e-01
1.104881e+00,1.041325e+01,1.945196e+00,-2.709629e+00,-1.570150e+00,-6.097633e-02
5.523926e+00,1.273123e+01,3.818435e-01,-3.197288e+00,-1.805212e+00,4.627927e-03
6.880814e+00,2.392258e+01,-3.937278e+00,-3.725561e+00,-1.583767e+00,4.386221e-01
-2.861257e+00,1.887526e+01,9.612949e+00,-4.285968e+00,-2.122725e+00,7.289714e-01
-1.482379e+01,2.576764e+01,1.916574e+01,-4.607082e+00,-4.536173e+00,7.903918e-01
-7.216716e+00,1.943815e+01,1.909305e+01,-4.668799e+00,-3.435355e+00,2.098341e-01
7.766414e+00,1.788987e+00,1.328241e+01,-2.645974e+00,1.032442e-01,8.987439e-01
1.137919e+01,9.885506e+00,7.721546e+00,-1.063135e+00,2.181850e+00,1.070842e+00
4.194932e+00,6.984298e+00,1.119846e+01,-4.687233e-01,1.934003e+00,4.191543e-01
3.204174e+00,2.832036e+00,9.106626e+00,8.527918e-01,1.136466e+00,-3.187007e-01
3.319360e+00,2.089946e-01,8.713237e+00,3.131177e+00,7.521488e-01,-8.927538e-01
3.500058e+00,1.057509e+00,9.080000e+00,4.172996e+00,1.056751e+00,-1.220524e+00
2.523375e+00,9.816876e-01,9.286365e+00,5.272025e+00,1.388671e+00,-1.472167e+00
2.701750e+00,1.309455e+00,1.083760e+01,6.159627e+00,1.377091e+00,-1.376080e+00
4.101954e+00,1.990797e+00,1.540741e+01,7.020635e+00,1.368723e+00,-1.264331e+00
7.071849e+00,5.655447e+00,1.210537e+01,7.848437e+00,1.318585e+00,-9.811796e-01
8.569755e-02,7.673796e+00,8.456937e+00,8.631677e+00,1.097630e+00,-5.692854e-01
-1.092034e+01,7.455208e-01,6.529239e+00,8.378051e+00,5.437743e-01,-3.604121e-01
-6.860479e+00,-1.389640e+01,5.312255e+00,6.057410e+00,9.508081e-02,-5.435122e-01
7.149275e+00,-8.439182e+00,6.288391e+00,3.590269e+00,2.221138e+00,-1.083341e-01
7.883799e+00,1.945947e+01,3.564467e+00,-5.116045e-01,4.351484e+00,9.297357e-01
3.057902e+01,3.925133e+01,1.099579e-01,-3.696156e+00,3.246582e+00,7.165622e-01
-8.758523e+00,-1.130191e+01,1.176032e+01,-1.666799e+00,2.261163e+00,1.262211e+00
-2.912661e+00,6.668151e-01,1.549556e+01,-1.377774e+00,-6.451011e-01,-1.699906e+00
3.659781e-01,2.006235e+01,9.658883e+00,-3.517002e+00,4.390221e-02,-3.707787e-01
-1.498012e+00,8.661008e+00,7.013833e+00,-3.532079e+00,7.386652e-01,2.371604e-01
-4.336347e+00,7.856965e+00,5.789711e+00,-1.874921e+00,-3.413596e-01,-3.101909e-01
1.413728e+00,1.142465e+01,6.257530e+00,-1.815304e+00,8.403268e-02,2.192750e-01
4.041085e+00,9.907983e+00,6.899407e+00,-1.512528e+00,1.015054e+00,3.867338e-01
4.047750e+00,7.674833e+00,5.868069e+00,-1.273527e+00,1.129169e+00,2.724406e-01
2.735351e+00,9.127017e+00,5.497633e+00,-9.512958e-01,3.316208e-01,1.615364e-02
5.987704e-01,9.663708e+00,4.598724e+00,-8.225489e-01,-1.401232e-01,-9.465685e-02
-1.042135e+00,9.385221e+00,9.563351e-01,-6.298518e-01,-7.188537e-01,-2.899969e-01
-6.791703e-01,7.619734e+00,2.271311e-01,-6.236081e-01,-9.133604e-01,-3.607859e-01
3.651703e-01,8.015333e+00,1.773640e+00,-8.136506e-01,-8.630508e-01,-2.808401e-01
1.680356e+00,8.127240e+00,1.102721e-01,-1.058849e+00,-8.512499e-01,-2.126787e-01
2.123241e-01,8.485633e+00,-3.997465e+00,-1.425784e+00,-9.174238e-01,-8.585960e-02
3.307687e-01,1.022330e+01,-6.383435e-01,-1.916053e+00,-1.192337e+00,1.250183e-03
4.972608e-01,1.064068e+01,2.927795e+00,-2.787301e+00,-1.491826e+00,1.278915e-01
4.069941e+00,1.143363e+01,4.066310e+00,-3.250923e+00,-1.535222e+00,1.942893e-01
1.380070e+01,1.996222e+01,-5.762561e+00,-3.710253e+00,-1.212973e+00,5.876354e-01
6.611218e+00,2.152604e+01,-3.127904e-02,-3.927119e+00,-1.273795e+00,6.393832e-01
-1.771229e+01,1.781134e+01,1.833083e+01,-4.611710e+00,-4.315887e+00,7.084779e-01
-1.925887e+01,2.343776e+01,1.945762e+01,-4.469012e+00,-5.352259e+00,1.487551e-01
-4.566593e-01,1.070277e+00,1.912970e+01,-3.862140e+00,-2.405181e+00,3.770746e-01
1.143947e+01,7.817372e+00,1.052995e+01,-1.743435e+00,8.704850e-01,1.473973e+00
1.108711e+01,8.906666e+00,9.370962e+00,-1.031506e+00,3.530214e+00,1.495559e+00
7.705254e+00,5.339381e+00,8.922861e+00,4.217279e-02,2.763347e+00,9.279255e-01
3.250134e+00,1.414302e+00,6.731759e+00,2.309366e+00,9.083752e-01,-2.923148e-01
1.606220e+00,1.256542e+00,8.573728e+00,3.320358e+00,3.187336e-01,-8.005923e-01
1.933226e+00,1.765646e+00,9.475355e+00,4.158859e+00,4.379067e-01,-1.441810e+00
2.574307e+00,2.336370e+00,9.551617e+00,5.030746e+00,9.767798e-01,-1.703691e+00
4.515369e+00,2.663346e+00,1.386451e+01,6.234976e+00,1.437159e+00,-1.653971e+00
6.342450e+00,3.118536e+00,1.630712e+01,7.033481e+00,1.565361e+00,-1.594402e+00
7.869708e+00,8.448040e+00,1.292010e+01,7.942541e+00,1.568369e+00,-1.463884e+00
6.377139e-01,5.758098e+00,9.875447e+00,8.455318e+00,1.135910e+00,-1.139196e+00
-2.039463e+01,-9.619409e+00,1.087271e+01,7.138592e+00,-2.262657e-01,-8.144805e-01
-9.040014e+00,-1.610910e+01,4.536783e+00,4.951286e+00,-3.626337e-02,-7.760013e-01
1.712355e+01,3.941000e+01,-4.091464e+00,1.369103e+00,3.144022e+00,3.392909e-01
3.144381e+01,3.866687e+01,-2.895447e+00,-2.297685e+00,5.076270e+00,1.428054e+00
5.874777e+00,-7.655597e+00,1.094299e+01,-2.154563e+00,4.707891e+00,1.836150e+00
3.498397e+00,-4.657763e+00,1.304372e+01,-3.016550e+00,6.838023e-01,-1.056855e+00
-5.041886e+00,2.280142e+01,1.253655e+01,-3.254610e+00,-8.487700e-01,-6.244401e-01
-9.773490e+00,1.654003e+01,8.966369e+00,-3.291862e+00,-1.727744e+00,-5.863449e-01
-5.947097e+00,4.525848e+00,5.826144e+00,-2.111320e+00,-1.567664e+00,-7.888849e-01
2.503574e+00,8.866445e+00,6.231741e+00,-1.353460e+00,1.919442e-01,2.597952e-01
7.749838e+00,1.147747e+01,4.596485e+00,-1.155588e+00,2.172787e+00,6.743016e-01
2.817648e+00,7.049837e+00,3.749437e+00,-1.149319e+00,1.917917e+00,5.586918e-01
1.798167e-01,1.009472e+01,3.844003e+00,-9.570901e-01,1.578526e-01,1.608156e-01
3.061546e-01,1.069057e+01,3.500166e+00,-9.522838e-01,-4.812428e-01,-7.077010e-02
1.235844e+00,8.599648e+00,2.441197e+00,-9.920311e-01,-3.768877e-01,-8.612753e-02
-9.109528e-01,8.555731e+00,3.252414e+00,-1.004596e+00,-3.654657e-01,-1.032312e-01
-7.253071e-01,8.624057e+00,3.809232e+00,-1.146676e+00,-7.047846e-01,-1.056576e-01
1.496140e+00,8.523762e+00,3.518415e+00,-1.218162e+00,-8.140603e-01,-1.473202e-01
2.859316e+00,7.850811e+00,-5.094911e-01,-1.303820e+00,-6.760399e-01,-6.122374e-02
1.719357e+00,7.442580e+00,-2.749710e+00,-1.499573e+00,-7.561328e-01,2.631498e-02
1.359550e+00,9.312638e+00,-9.242737e-01,-2.067498e+00,-1.250767e+00,9.124560e-02
3.222235e-01,9.902496e+00,1.141565e+00,-2.587348e+00,-1.553405e+00,9.130183e-02
5.305079e+00,1.368917e+01,-1.807112e+00,-3.469177e+00,-1.821899e+00,1.766316e-01
8.103273e+00,2.008131e+01,-1.969877e+00,-3.970057e+00,-1.571337e+00,4.909625e-01
-1.242171e+01,2.179202e+01,1.726791e+01,-4.694613e+00,-2.551345e+00,7.273473e-01
-2.150638e+01,2.402863e+01,1.937958e+01,-4.778495e+00,-4.597057e+00,8.261523e-01
-6.574222e+00,4.315527e+00,2.255054e+01,-4.147669e+00,-4.099497e+00,-3.727575e-01
6.538308e+00,5.557348e+00,1.551067e+01,-2.091244e+00,-5.793231e-01,9.169790e-01
1.119325e+01,1.097015e+01,9.672723e+00,-8.415498e-01,3.299292e+00,1.438034e+00
7.028372e+00,4.417044e+00,8.858043e+00,3.299668e-01,3.205521e+00,1.179826e+00
3.205375e+00,1.906516e-02,7.372300e+00,2.586010e+00,1.757571e+00,2.206347e-01
2.480000e+00,9.331233e-01,8.504842e+00,3.804013e+00,9.052730e-01,-3.489595e-01
2.444465e+00,2.783690e+00,1.037952e+01,4.749466e+00,9.533547e-01,-1.166987e+00
3.044797e+00,1.866499e+00,1.102605e+01,5.648592e+00,1.210261e+00,-1.340513e+00
4.533049e+00,2.242780e+00,1.378998e+01,6.840575e+00,1.269760e+00,-1.320672e+00
6.662716e+00,6.685260e+00,1.285336e+01,7.380639e+00,1.079647e+00,-1.267657e+00
6.892824e-02,2.913784e+00,1.073631e+01,7.859058e+00,4.480290e-01,-9.411779e-01
-6.163961e+00,-1.232860e+00,7.845274e+00,7.894213e+00,-8.080055e-02,-8.913965e-01
-1.243717e+01,-3.397806e+00,1.000388e+01,5.974515e+00,5.083443e-02,-1.557794e+00
-4.162330e-01,-9.064647e+00,8.293343e+00,3.401518e+00,1.481946e+00,-8.192404e-01
9.079746e+00,2.119322e+01,3.855279e+00,4.406538e-01,3.874836e+00,7.296408e-01
3.444873e+01,3.929528e+01,-3.242177e+00,-2.588429e+00,3.957154e+00,8.168800e-01
-1.076027e+00,-9.829339e+00,7.146717e+00,-3.338359e+00,3.617700e+00,1.059665e+00
-3.796745e+00,-2.750171e+00,1.304279e+01,-6.791242e-01,2.355221e+00,7.350186e-01
2.295789e+00,1.834054e+01,8.371374e+00,-2.923688e+00,4.495946e-01,-3.797269e-01
1.240670e-02,1.294797e+01,7.056954e+00,-3.392278e+00,7.799759e-01,7.030389e-02
-7.932828e+00,8.007695e+00,5.542721e+00,-1.751671e+00,-8.220444e-01,-6.410060e-01
-3.460865e-01,1.010731e+01,6.416856e+00,-1.594649e+00,-7.764527e-01,-2.787106e-01
5.205473e+00,1.022443e+01,4.659418e+00,-1.343322e+00,1.147082e+00,4.222446e-01
5.211377e+00,8.499414e+00,3.885100e+00,-1.258819e+00,1.677318e+00,3.516878e-01
1.706742e+00,9.325719e+00,4.033983e+00,-1.130727e+00,7.064759e-01,1.101753e-01
3.272943e-01,9.672986e+00,3.564850e+00,-1.128113e+00,-1.070668e-01,-9.730874e-02
8.322559e-01,8.756919e+00,2.280753e+00,-1.094393e+00,-6.112318e-01,-3.082648e-01
9.216421e-01,8.235791e+00,2.456538e+00,-1.110729e+00,-7.114848e-01,-3.632534e-01
5.629659e-01,8.022004e+00,3.904689e+00,-1.269713e+00,-9.046405e-01,-3.874397e-01
7.750496e-01,8.403318e+00,2.682763e+00,-1.375655e+00,-1.072965e+00,-4.178015e-01
-1.257964e-01,7.139347e+00,-3.782834e+00,-1.561100e+00,-1.199407e+00,-3.481649e-01
1.281658e+00,8.619988e+00,-2.496132e+00,-1.869654e+00,-1.273302e+00,-2.310151e-01
3.926080e+00,1.073023e+01,1.315011e+00,-2.649446e+00,-1.309101e+00,-4.919091e-02
7.162879e+00,1.078683e+01,7.161416e-01,-3.159221e+00,-1.359533e+00,4.404282e-02
4.657723e+00,1.930399e+01,-1.561667e+00,-3.804514e+00,-1.427521e+00,3.440427e-01
-5.833696e+00,1.911320e+01,9.815874e+00,-4.335787e+00,-2.143611e+00,4.596789e-01
-9.115727e+00,2.485172e+01,1.566526e+01,-4.824604e+00,-4.191417e+00,-8.673765e-03
-5.854226e+00,1.486879e+01,1.573850e+01,-4.870972e+00,-3.665209e+00,8.603202e-02
6.835062e+00,2.331965e+00,1.469423e+01,-3.152991e+00,-1.333972e+00,5.663774e-01
1.244278e+01,9.790608e+00,8.848266e+00,-9.789394e-01,6.271465e-01,4.928236e-01
2.269433e+00,8.461375e+00,1.144617e+01,-1.164069e+00,1.261617e+00,1.348129e-01
1.384946e+00,2.644278e+00,8.806166e+00,4.613696e-01,2.324220e-01,-7.210381e-01
2.677437e+00,1.122613e-01,7.915176e+00,2.560538e+00,8.007174e-02,-1.300323e+00
3.060761e+00,1.763350e+00,9.777360e+00,3.940143e+00,8.125666e-01,-1.379870e+00
3.176799e+00,1.680000e+00,9.996620e+00,4.936940e+00,1.427351e+00,-1.644216e+00
3.391876e+00,1.508124e+00,1.088345e+01,5.936256e+00,1.522470e+00,-1.580705e+00
5.857044e+00,3.348434e+00,1.499516e+01,7.169745e+00,1.490050e+00,-1.456977e+00
6.821222e+00,6.657143e+00,1.194936e+01,7.877397e+00,1.227012e+00,-1.266203e+00
3.551412e-01,4.464744e+00,7.017215e+00,8.541791e+00,5.128360e-01,-8.516954e-01
-1.769467e+01,6.599950e-02,9.587336e+00,8.333053e+00,1.367999e-01,-7.642058e-01
-5.684825e+00,-1.667982e+01,4.350866e-01,6.248536e+00,-4.854422e-01,-1.216465e+00
1.135378e-01,-1.326805e+01,4.719033e+00,3.506474e+00,1.925599e+00,-4.421689e-01
9.514508e+00,3.103279e+01,3.305012e+00,-1.659582e+00,3.702580e+00,9.605300e-01
2.442733e+01,3.593653e+01,1.616300e-01,-4.650873e+00,3.297180e+00,8.772622e-01
-1.399363e+01,-1.641839e+01,1.370661e+01,-2.174344e+00,2.990197e+00,1.726376e+00
1.250330e+00,7.148148e+00,1.911861e+01,-1.188766e+00,-1.033085e+00,-2.019107e+00
-7.326927e-01,1.614803e+01,1.006097e+01,-4.021909e+00,3.076099e-01,-3.909305e-01
-4.857646e+00,1.063853e+01,1.076132e+01,-3.716121e+00,9.937902e-01,6.470864e-01
-2.638580e+00,8.712026e+00,7.612372e+00,-1.691133e+00,-6.643130e-01,-5.337504e-01
2.839812e+00,1.034871e+01,6.415035e+00,-1.472297e+00,1.510327e-01,2.643019e-01
7.398805e+00,1.170094e+01,3.617812e+00,-9.342293e-01,1.183951e+00,4.308566e-01
4.186314e+00,9.063890e+00,3.690897e+00,-9.384049e-01,1.297199e+00,3.332307e-01
1.241168e+00,9.076357e+00,2.475921e+00,-6.806253e-01,2.896409e-01,7.530374e-02
-1.470256e+00,8.923581e+00,2.003880e+00,-5.899595e-01,-6.639196e-01,-2.422291e-01
-4.156404e+00,7.241449e+00,1.127764e+00,-7.408117e-01,-1.550771e+00,-4.995768e-01
-2.458602e+00,7.076469e+00,1.607370e+00,-8.650330e-01,-1.573361e+00,-5.655521e-01
1.995952e+00,7.313422e+00,6.664334e-01,-1.134333e+00,-1.135845e+00,-3.964724e-01
2.800515e+00,6.516533e+00,-1.618627e+00,-1.332304e+00,-7.543411e-01,-2.482057e-01
1.981747e+00,9.350748e+00,-6.421373e-01,-1.789027e+00,-8.416235e-01,-2.006102e-01
5.571309e-01,9.306118e+00,1.370070e+00,-2.358294e+00,-1.305019e+00,-1.717914e-01
2.793680e+00,1.072408e+01,2.980996e+00,-3.005486e+00,-1.591167e+00,-1.576467e-01
1.067026e+01,1.386836e+01,-2.391419e+00,-3.529807e+00,-1.546214e+00,9.980720e-02
-1.517619e+00,1.863905e+01,5.590707e+00,-3.960640e+00,-1.301227e+00,4.025811e-01
-6.621857e+00,1.839863e+01,1.437285e+01,-4.629966e+00,-2.547334e+00,4.162498e-01
-1.343946e+01,2.504690e+01,1.853420e+01,-4.890817e+00,-4.870807e+00,6.091433e-04
-9.006864e+00,1.432296e+01,1.899651e+01,-4.895768e+00,-3.680374e+00,7.515823e-02
1.002574e+01,5.352664e+00,1.097205e+01,-2.052855e+00,-4.165426e-01,6.899502e-01
9.097104e+00,1.073603e+01,9.432737e+00,-9.132655e-01,1.865560e+00,9.536118e-01
4.482307e+00,5.295816e+00,1.037451e+01,-3.457201e-01,2.195957e+00,5.497537e-01
3.865758e+00,1.740017e+00,7.927635e+00,1.621754e+00,1.219222e+00,-4.105958e-01
2.716529e+00,-6.058350e-01,9.892503e+00,3.767477e+00,9.182720e-01,-7.788254e-01
3.501975e+00,3.615761e-01,8.748025e+00,4.714139e+00,1.069108e+00,-1.076790e+00
3.704439e+00,1.082448e+00,9.534273e+00,5.636917e+00,1.397790e+00,-1.230143e+00
4.861411e+00,1.012017e+00,1.231894e+01,6.411029e+00,1.511039e+00,-1.098895e+00
6.015895e+00,2.748571e+00,1.210563e+01,7.474416e+00,1.301027e+00,-1.080233e+00
5.709369e+00,6.165666e+00,1.334808e+01,8.250703e+00,8.644047e-01,-1.015695e+00
-5.519755e+00,7.610234e+00,7.051431e+00,8.530588e+00,5.322988e-01,-8.376283e-01
-1.413274e+01,-2.461939e+00,6.581742e+00,7.644994e+00,-3.442241e-01,-6.826355e-01
9.447138e-01,-1.537488e+01,-2.178207e+00,5.176422e+00,1.433364e-01,-9.384153e-01
6.307846e+00,-5.162439e+00,4.936641e+00,2.578909e+00,2.753198e+00,2.021456e-02
1.493258e+01,2.925062e+01,-2.005725e+00,-1.897088e+00,3.312843e+00,7.610410e-01
1.695807e+01,2.956118e+01,1.381584e+00,-4.608371e+00,2.196673e+00,4.243864e-01
-4.133293e+00,-1.096487e+01,1.126380e+01,-8.574150e-01,1.659158e+00,1.179046e+00
4.290566e+00,8.636838e+00,1.693377e+01,-1.687140e+00,-9.054237e-01,-2.090614e+00
2.458471e+00,2.009884e+01,1.123512e+01,-3.576956e+00,1.258846e+00,5.499439e-01
-2.404903e+00,8.799951e+00,9.396776e+00,-3.175321e+00,9.200218e-01,1.341480e-01
-2.563466e+00,7.642229e+00,5.538748e+00,-1.873375e+00,-5.638631e-01,-5.923267e-01
-1.506532e+00,1.049459e+01,5.596428e+00,-1.444470e+00,-2.463055e-01,7.855038e-03
3.722358e+00,1.006253e+01,3.696264e+00,-1.216898e+00,5.736753e-01,1.761573e-01
2.340824e+00,7.886344e+00,3.321810e+00,-1.150853e+00,8.764496e-01,2.230013e-01
2.128614e+00,8.852377e+00,3.250346e+00,-1.064378e+00,1.386179e-01,8.527121e-02
1.467198e+00,9.438340e+00,3.203174e+00,-1.055312e+00,-4.843893e-01,-6.438016e-02
-6.927629e-01,7.996070e+00,2.969079e+00,-1.109792e+00,-9.641291e-01,-1.962409e-01
-1.630143e+00,8.016351e+00,2.849526e+00,-1.128226e+00,-1.221144e+00,-2.911020e-01
-3.560274e+00,8.585210e+00,3.647742e+00,-1.207572e+00,-1.496271e+00,-3.606018e-01
-1.660716e+00,8.584085e+00,4.124436e+00,-1.305589e+00,-1.326787e+00,-2.999565e-01
1.548982e+00,7.611545e+00,2.885356e+00,-1.314744e+00,-7.647629e-01,-1.315739e-01
2.478862e+00,7.092419e+00,3.014963e-01,-1.315964e+00,-2.560981e-01,1.819124e-02
3.036151e+00,1.057961e+01,1.950360e-01,-1.581715e+00,-3.438817e-01,1.379101e-01
7.618265e-02,9.918609e+00,2.375415e+00,-1.975904e+00,-6.173725e-01,1.933333e-01
-6.596444e-01,1.377246e+01,3.279061e+00,-2.602766e+00,-1.270164e+00,2.519724e-02
7.481264e+00,2.062485e+01,-4.338528e+00,-3.023029e+00,-1.389931e+00,2.671453e-01
5.613854e+00,1.462635e+01,2.658365e+00,-3.474811e+00,-7.374765e-01,9.598504e-01
1.475537e+00,1.232614e+01,9.832444e+00,-4.028864e+00,-1.454517e+00,8.697230e-01
-8.817744e+00,2.718893e+01,1.645289e+01,-4.345756e+00,-3.670934e+00,3.060130e-01
-7.747792e+00,2.012221e+01,1.588915e+01,-4.513719e+00,-3.650775e+00,-5.588093e-01
3.247503e+00,3.665380e+00,1.017791e+01,-2.424153e+00,-1.910321e+00,-1.901077e-01
4.183294e+00,1.066904e+01,9.625819e+00,-7.525215e-01,3.135148e-01,2.349875e-01
2.208312e+00,6.489051e+00,1.042123e+01,-8.376696e-01,1.313403e+00,2.013902e-01
2.409286e+00,2.238766e+00,8.083734e+00,9.020377e-01,1.255048e+00,-1.023536e-01
2.712537e+00,2.786739e-01,9.208320e+00,3.120554e+00,1.592592e+00,-1.924073e-01
2.298657e+00,1.237946e+00,9.809315e+00,4.062063e+00,1.900513e+00,-3.385051e-01
1.539322e+00,1.987290e+00,1.024575e+01,4.994277e+00,2.152494e+00,-5.455408e-01
2.899711e+00,1.558975e+00,1.201696e+01,6.003295e+00,2.111343e+00,-3.956284e-01
6.915670e+00,3.986293e+00,1.322396e+01,7.224290e+00,2.115181e+00,-1.821780e-01
9.358880e+00,6.707984e+00,1.120243e+01,7.976734e+00,1.958427e+00,1.203592e-02
-3.289155e+00,1.974657e+00,7.259297e+00,8.449230e+00,1.368094e+00,1.368410e-01
-1.282808e+01,-4.284487e+00,7.837710e+00,7.810894e+00,6.839370e-01,-2.173942e-01
-7.666786e+00,-1.341146e+01,7.246622e+00,4.666321e+00,-1.105618e-01,-9.403966e-01
5.298824e+00,5.602790e+00,6.157681e+00,1.654504e+00,1.981766e+00,-8.537941e-02
2.923719e+01,3.424652e+01,4.465537e-02,-1.902390e+00,4.136211e+00,1.023585e+00
5.271410e+00,-3.121464e+00,8.811422e+00,-3.984093e+00,4.218686e+00,1.231410e+00
-3.588787e+00,4.524801e+00,1.795000e+01,-8.418245e-01,3.281031e-01,-6.813966e-01
-7.690746e-01,1.925380e+01,1.324141e+01,-2.694917e+00,-1.504521e+00,-1.948858e+00
-8.816857e-01,1.127128e+01,8.274853e+00,-3.589838e+00,3.352442e-01,4.579318e-01
-5.657893e+00,6.194968e+00,4.992832e+00,-1.656930e+00,1.889963e-01,-6.233097e-01
1.052890e+00,1.140954e+01,4.810668e+00,-1.229734e+00,6.656172e-02,9.447803e-02
3.389980e+00,1.287393e+01,4.077295e+00,-8.871708e-01,1.036819e+00,2.409829e-01
4.494919e+00,9.264508e+00,2.109912e+00,-8.351668e-01,1.042545e+00,2.124374e-01
3.378513e+00,9.124821e+00,1.169857e+00,-6.759220e-01,5.616051e-01,3.963360e-02
5.052987e-01,8.142108e+00,1.094179e+00,-8.382853e-01,-1.774367e-02,-1.024026e-01
-1.467442e+00,7.155649e+00,1.360114e+00,-1.004163e+00,-6.207495e-01,-2.904928e-01
-1.351191e+00,7.276408e+00,3.093308e+00,-1.315810e+00,-1.144603e+00,-4.143395e-01
6.237374e-01,7.675859e+00,4.344950e+00,-1.517630e+00,-1.198971e+00,-3.997340e-01
2.029597e+00,8.410269e+00,2.712611e+00,-1.638533e+00,-9.867378e-01,-3.438150e-01
1.793808e+00,8.153889e+00,1.569405e-01,-1.721383e+00,-9.702190e-01,-2.729507e-01
2.127911e+00,9.239773e+00,-2.431741e+00,-1.945218e+00,-1.076093e+00,-1.108448e-01
9.742049e-01,1.005402e+01,-2.987844e-01,-2.356148e+00,-1.215072e+00,3.377240e-02
4.234278e+00,1.061888e+01,8.499007e-02,-3.116527e+00,-1.522180e+00,6.459478e-02
9.835087e+00,1.518369e+01,-5.399782e+00,-3.579207e+00,-1.662465e+00,1.610207e-01
1.070206e+00,2.002028e+01,9.222158e+00,-4.004682e+00,-1.543804e+00,4.728968e-01
-7.010767e+00,1.924628e+01,1.564026e+01,-4.698993e+00,-2.823293e+00,7.777519e-01
-1.204235e+01,2.403460e+01,1.947613e+01,-4.768323e+00,-4.866527e+00,9.154488e-02
7.413705e-01,3.854980e+00,1.862364e+01,-4.368574e+00,-3.108013e+00,5.994866e-02
1.336929e+01,7.432020e+00,9.946337e+00,-1.262320e+00,8.585097e-01,1.159081e+00
1.124465e+01,9.532520e+00,9.413546e+00,-4.078332e-01,2.443247e+00,8.496647e-01
3.441579e+00,5.772356e+00,8.907163e+00,-5.925231e-02,2.021666e+00,1.938280e-01
8.736795e-01,1.991369e+00,7.757091e+00,1.635313e+00,6.713842e-01,-6.200124e-01
1.508266e+00,-9.037847e-01,8.625771e+00,3.584410e+00,3.058539e-01,-1.259881e+00
2.743773e+00,1.309843e+00,9.337924e+00,4.489495e+00,9.965526e-01,-1.475437e+00
3.779222e+00,2.521946e+00,1.138077e+01,5.627938e+00,2.053681e+00,-1.494622e+00
4.035987e+00,1.539645e+00,1.351164e+01,6.511783e+00,2.197606e+00,-1.136088e+00
5.429420e+00,2.947739e+00,1.240562e+01,7.699563e+00,2.114179e+00,-7.642036e-01
5.928818e+00,6.064550e+00,1.119390e+01,8.297250e+00,1.961975e+00,-4.614230e-01
-2.605612e+00,-3.052846e-01,6.669873e+00,8.375301e+00,1.848852e+00,2.553895e-01
-9.904047e+00,-1.122286e+01,3.530255e+00,7.126049e+00,1.006952e+00,6.248196e-01
4.024804e+00,-6.917014e+00,6.170227e+00,4.078200e+00,8.680659e-01,-3.096706e-01
1.083654e+01,2.557097e+01,-3.831853e+00,5.916081e-01,1.824620e+00,1.733771e-01
-1.237613e+00,1.515067e+01,8.993298e+00,-3.369971e+00,2.151862e+00,4.713735e-01
-1.071689e+01,-5.051440e+00,1.710312e+01,-2.507397e+00,1.878388e+00,1.479150e+00
4.886035e+00,5.587226e+00,1.506632e+01,-2.797707e+00,-1.604549e+00,-2.116227e+00
1.029515e+00,2.005152e+01,8.719925e+00,-3.400286e+00,1.059332e+00,-4.266288e-01
-1.222707e+00,1.094579e+01,8.302402e+00,-2.632025e+00,9.583988e-01,8.103632e-01
-1.985280e-01,7.650630e+00,5.993460e+00,-1.327451e+00,2.018694e-01,-3.544031e-01
4.122164e+00,1.107003e+01,4.991471e+00,-9.880723e-01,8.904179e-01,3.990240e-01
5.786588e+00,1.162581e+01,3.682097e+00,-6.864749e-01,9.577414e-01,1.539715e-01
2.985938e+00,9.060341e+00,2.698828e+00,-7.511364e-01,4.690763e-01,1.007599e-02
1.018027e+00,9.239024e+00,2.231563e+00,-6.346401e-01,-3.688850e-01,-1.676834e-01
-2.942816e+00,8.522369e+00,1.035548e-01,-6.377771e-01,-1.264321e+00,-4.340840e-01
-4.075133e+00,7.128393e+00,-3.821855e-01,-7.683138e-01,-1.537848e+00,-4.269924e-01
-3.618995e+00,6.844598e+00,8.999196e-01,-9.900356e-01,-1.447417e+00,-3.575208e-01
-2.605034e+00,8.187989e+00,3.101962e+00,-1.264290e+00,-1.116550e+00,-2.391847e-01
1.985008e+00,8.466389e+00,2.923935e+00,-1.585323e+00,-4.839524e-01,-7.881968e-02
4.063787e+00,8.305234e+00,1.438418e+00,-1.645842e+00,-1.486366e-01,-3.386220e-02
4.734628e+00,9.687190e+00,-1.084628e+00,-1.787753e+00,-6.536836e-02,2.010766e-02
4.002336e+00,9.443853e+00,-2.715640e-01,-2.006143e+00,-3.906430e-01,1.952371e-02
2.850353e+00,1.083342e+01,2.375897e+00,-2.673929e+00,-1.164204e+00,-2.684560e-02
6.048353e+00,1.487593e+01,-2.197968e+00,-3.144783e+00,-1.431181e+00,7.195592e-02
9.977697e-01,1.956166e+01,-1.136440e+00,-3.586659e+00,-1.225212e+00,5.707953e-01
-6.307066e+00,1.518224e+01,8.734773e+00,-4.041909e+00,-1.751430e+00,8.581441e-01
-8.205883e+00,2.568003e+01,1.776191e+01,-4.403702e+00,-3.225150e+00,3.656299e-01
-4.693720e+00,2.095708e+01,1.516506e+01,-4.701944e+00,-2.839714e+00,4.732854e-01
2.628278e+00,1.544749e+00,1.559865e+01,-3.438799e+00,-1.208891e+00,8.513605e-01
6.807014e+00,1.644998e+00,1.272955e+01,-8.791906e-01,3.205925e-01,1.232524e+00
4.109252e+00,8.823242e+00,1.068232e+01,1.522102e-01,1.167260e+00,4.034418e-01
1.106158e+00,4.698676e+00,1.038530e+01,4.124239e-01,8.889074e-01,2.956888e-01
1.718707e-01,-2.352338e-01,7.740891e+00,2.228934e+00,4.103508e-01,-6.338151e-02
1.816571e-01,-1.009943e+00,7.550978e+00,3.691841e+00,4.798826e-01,-2.597263e-01
1.839233e+00,-4.791601e-01,8.909604e+00,4.775840e+00,9.954473e-01,-4.156110e-01
3.318028e+00,2.463545e+00,1.091505e+01,5.598109e+00,1.765341e+00,-5.758339e-01
5.124731e+00,3.115800e+00,1.394999e+01,6.392127e+00,2.225679e+00,-5.658034e-01
5.228852e+00,3.713910e+00,1.362854e+01,7.251847e+00,2.063308e+00,-4.764954e-01
2.433428e-02,8.627588e+00,8.845633e+00,8.437904e+00,1.358003e+00,-2.799378e-01
-8.459399e+00,1.568479e+00,5.949189e+00,8.314253e+00,1.060481e+00,-2.280929e-01
-1.153445e+01,-8.738879e+00,8.571547e+00,6.580623e+00,4.682948e-01,-4.087879e-01
3.992794e+00,-1.159542e+01,3.063942e+00,4.445506e+00,1.362341e+00,-5.895291e-01
1.322389e+01,3.153559e+01,-2.692124e+00,2.159804e-01,3.374735e+00,2.025433e-01
3.420679e+01,3.879129e+01,-4.938078e+00,-3.147629e+00,2.783923e+00,5.811402e-01
-1.831916e+01,-9.064180e+00,1.529516e+01,-3.125702e+00,2.287168e+00,8.228202e-01
-5.372302e+00,-4.705406e+00,1.832221e+01,-1.330993e+00,-3.439637e-01,-4.002691e-01
6.103418e+00,1.568875e+01,9.854395e+00,-3.969987e+00,1.095918e+00,-5.020578e-01
1.756432e+00,1.313718e+01,1.013883e+01,-3.239497e+00,2.001611e+00,9.907076e-01
-4.919261e+00,7.682493e+00,5.235750e+00,-1.542669e+00,3.963543e-01,-4.111322e-01
-1.277255e-01,8.553718e+00,4.577112e+00,-1.236144e+00,-3.018616e-01,-2.054893e-01
5.216032e+00,1.142467e+01,4.414505e+00,-8.906519e-01,1.153255e+00,3.439008e-01
6.418269e+00,9.107283e+00,3.143462e+00,-8.455438e-01,1.394319e+00,1.855740e-01
4.103638e+00,8.692274e+00,1.525661e+00,-6.158988e-01,9.439489e-01,9.315482e-02
1.509874e+00,9.111582e+00,1.430047e+00,-6.074896e-01,1.191693e-01,-1.203081e-01
-3.839707e+00,7.948974e+00,1.545513e+00,-8.638176e-01,-1.325588e+00,-5.525484e-01
-4.433441e+00,8.220269e+00,1.939947e+00,-1.056773e+00,-1.791729e+00,-7.140768e-01
-9.302400e-04,8.231235e+00,3.833448e+00,-1.276708e+00,-1.555621e+00,-5.690587e-01
2.642803e+00,8.902539e+00,4.033891e+00,-1.420160e+00,-9.501152e-01,-3.173293e-01
1.146229e+00,7.210566e+00,3.814295e-01,-1.523210e+00,-4.484333e-01,-1.247818e-01
2.468389e+00,9.156932e+00,-1.792108e+00,-1.668645e+00,-6.329275e-01,-7.732367e-02
2.224247e+00,9.657748e+00,1.881083e-01,-2.034269e+00,-8.828538e-01,6.942800e-02
5.307955e-01,9.606955e+00,2.268802e+00,-2.613006e+00,-1.063560e+00,8.359736e-02
7.752320e+00,1.664887e+01,-3.375545e+00,-3.232893e+00,-1.482180e+00,1.443765e-01
8.602851e-01,1.880665e+01,-4.380335e-01,-3.574539e+00,-1.231821e+00,5.774644e-01
-6.066959e+00,1.460917e+01,1.220340e+01,-4.125349e+00,-1.686180e+00,8.876862e-01
-9.559678e+00,2.339416e+01,1.750165e+01,-4.313391e+00,-3.595940e+00,4.239752e-01
-2.010244e+00,1.513815e+01,1.321010e+01,-4.597856e+00,-2.688772e+00,1.620702e-01
2.995807e+00,3.473160e+00,1.373211e+01,-3.428705e+00,-9.296726e-01,7.086079e-01
8.159516e+00,3.731244e+00,1.164126e+01,-5.493448e-01,9.500479e-01,1.329090e+00
7.162242e+00,8.684350e+00,1.067610e+01,7.542402e-02,1.550363e+00,7.499402e-01
3.570730e+00,3.125114e+00,8.645849e+00,2.650463e-01,1.190157e+00,-4.839353e-02
1.386839e+00,1.041763e+00,5.634858e+00,1.666095e+00,6.156663e-01,-4.561533e-01
-8.026456e-01,3.889796e-01,7.823083e+00,3.150512e+00,4.060778e-01,-8.054599e-01
-2.064818e-01,-5.825225e-01,8.942681e+00,3.865165e+00,4.583831e-01,-1.045400e+00
3.727679e+00,2.695380e+00,1.102537e+01,5.318292e+00,1.706183e+00,-1.295100e+00
6.651455e+00,3.137612e+00,1.351909e+01,6.048484e+00,2.320541e+00,-9.803082e-01
8.462128e+00,4.116508e+00,1.281663e+01,7.068853e+00,2.281322e+00,-6.101162e-01
9.174327e+00,4.510470e+00,1.205817e+01,7.848554e+00,1.806290e+00,-2.872697e-01
-8.997261e+00,2.430882e+00,9.433091e+00,8.179141e+00,6.720925e-01,-2.937301e-01
-1.709240e+01,-7.620500e+00,7.914624e+00,6.811949e+00,-9.305707e-01,-7.918177e-01
-4.993529e+00,-1.459384e+01,7.010186e+00,4.509104e+00,-5.561893e-01,-9.388889e-01
1.051505e+01,3.058413e+01,-4.370602e+00,7.793238e-01,2.436360e+00,1.899887e-01
1.192504e+01,1.389643e+01,7.033629e+00,-3.169132e+00,4.210274e+00,1.043776e+00
2.262399e+00,-1.050981e+01,1.286388e+01,-2.497325e+00,3.940776e+00,2.018785e+00
-1.249638e+00,6.177794e+00,1.430399e+01,-2.952596e+00,-5.277891e-01,-2.334184e+00
-2.007602e+00,1.771726e+01,1.166337e+01,-3.228719e+00,-7.550024e-01,-4.384603e-01
-9.175864e+00,1.377272e+01,9.390221e+00,-2.581072e+00,-1.542055e+00,-4.492242e-01
-2.097730e+00,4.073262e+00,3.633575e+00,-1.461260e+00,-8.665966e-01,-6.898771e-01
6.317014e+00,1.071742e+01,4.989019e+00,-7.473235e-01,1.311418e+00,4.738306e-01
9.314319e+00,1.310489e+01,3.700657e+00,-7.347365e-01,2.139478e+00,4.750207e-01
2.415512e+00,8.193985e+00,3.002089e+00,-7.302496e-01,5.382950e-01,1.526367e-01
4.773488e-01,9.291887e+00,2.507460e+00,-6.462768e-01,-5.351473e-01,-2.444484e-01
-2.024328e+00,9.146405e+00,8.409366e-01,-7.602435e-01,-1.271013e+00,-4.219204e-01
-2.853158e+00,6.885148e+00,3.899344e-01,-8.810164e-01,-1.437027e+00,-4.238361e-01
-3.651998e+00,7.687672e+00,2.560517e+00,-1.102253e+00,-1.323599e+00,-3.463776e-01
-3.378097e+00,8.416330e+00,4.451146e+00,-1.351658e+00,-1.086315e+00,-2.718898e-01
2.049671e+00,8.370348e+00,4.539109e+00,-1.471191e+00,-5.750713e-01,-1.583298e-01
3.778282e+00,8.389618e+00,2.693190e+00,-1.468889e+00,-1.561177e-01,-3.554739e-02
3.749184e+00,8.589826e+00,-1.968882e+00,-1.624976e+00,-2.255403e-01,7.672363e-02
3.714807e+00,9.863482e+00,-1.300038e+00,-1.963711e+00,-6.236772e-01,8.452589e-02
1.932990e+00,1.010942e+01,2.483155e+00,-2.608660e+00,-1.193427e+00,-3.006038e-02
4.922260e+00,1.133108e+01,1.644741e+00,-3.098332e+00,-1.594490e+00,-7.522126e-02
4.053697e+00,1.814304e+01,-2.539358e+00,-3.621741e+00,-1.389597e+00,3.941058e-01
-1.842166e+00,1.658612e+01,3.133099e+00,-3.978157e+00,-1.918112e+00,5.348778e-01
-7.308713e+00,2.363441e+01,1.527592e+01,-4.343285e+00,-3.129788e+00,2.237744e-01
-8.527202e+00,2.391990e+01,1.673648e+01,-4.645035e+00,-3.230786e+00,2.267505e-01
7.292930e-01,-6.334648e-01,1.863675e+01,-2.962383e+00,-1.189378e+00,8.012217e-01
6.985283e+00,2.761487e+00,1.198194e+01,-7.153188e-01,4.852055e-01,1.064730e+00
6.559240e+00,9.508763e+00,1.028575e+01,-9.028692e-01,1.963333e+00,9.082812e-01
3.634671e+00,6.516618e+00,1.016441e+01,4.586571e-01,9.844433e-01,4.445979e-01
6.857135e-01,8.502149e-01,7.945711e+00,2.768610e+00,1.600504e-01,-4.712314e-01
1.006058e+00,-7.013139e-01,8.880790e+00,4.131280e+00,1.807065e-01,-7.537240e-01
2.075643e+00,1.716488e+00,9.566143e+00,5.147096e+00,9.506753e-01,-1.057089e+00
2.015653e+00,2.397880e+00,1.067180e+01,5.809059e+00,1.408243e+00,-1.098790e+00
2.432603e+00,4.106853e-01,1.515242e+01,6.979975e+00,1.541590e+00,-8.798495e-01
3.380269e+00,3.131788e+00,1.285300e+01,7.853411e+00,1.522072e+00,-7.420916e-01
2.323264e+00,3.002904e+00,1.115602e+01,8.167634e+00,1.643277e+00,-2.716203e-01
-6.100220e+00,2.007626e-01,9.522931e+00,7.851658e+00,1.374269e+00,4.187737e-02
-6.493033e+00,-1.128837e+01,7.406866e+00,4.933275e+00,1.227191e+00,1.207700e-01
1.917258e+00,-7.477908e+00,6.967421e+00,1.975261e+00,2.684652e+00,6.303466e-02
3.030163e+01,3.934143e+01,5.159754e-01,-2.080456e+00,3.627130e+00,9.248522e-01
2.363924e+00,5.386691e+00,1.390768e+01,-4.252604e+00,3.792369e+00,1.751433e+00
4.295069e+00,-7.217640e+00,1.426502e+01,-3.082273e+00,-3.784475e-01,-1.918831e+00
2.245802e+00,1.252343e+01,1.288104e+01,-2.553372e+00,-4.675985e-01,-1.435585e+00
-1.514885e+01,1.803103e+01,1.223496e+01,-2.664438e+00,-1.043388e+00,2.418949e-02
-5.994587e+00,1.076089e+01,9.235766e+00,-1.557910e+00,-1.188532e+00,-6.278828e-01
4.577011e+00,6.515473e+00,5.557897e+00,-6.258601e-01,1.895854e+00,6.947870e-01
9.908460e+00,1.284525e+01,4.518720e+00,-3.514607e-01,2.531523e+00,6.808357e-01
6.235029e+00,1.014113e+01,3.764400e+00,-5.415818e-01,1.699184e+00,4.070242e-01
2.754811e+00,9.295388e+00,3.630510e+00,-3.654723e-01,2.265046e-01,5.118610e-02
-1.347976e-01,1.021741e+01,9.874863e-01,-3.635857e-01,-1.016284e+00,-4.130314e-01
-2.412951e+00,7.889332e+00,-6.178617e-01,-4.244534e-01,-1.296334e+00,-4.528722e-01
-6.536084e+00,5.400250e+00,-5.666709e-02,-6.211196e-01,-1.460516e+00,-4.540412e-01
-3.071527e+00,6.219567e+00,1.655944e+00,-9.043356e-01,-1.313555e+00,-3.368820e-01
1.809812e+00,8.795077e+00,3.502317e+00,-1.338170e+00,-3.847391e-01,-7.740727e-02
4.919756e+00,9.135062e+00,3.301233e+00,-1.518044e+00,-1.066289e-01,1.801123e-03
1.476694e+00,7.982595e+00,1.193322e+00,-1.663709e+00,-5.179689e-01,-9.663898e-02
3.891418e-01,9.220172e+00,-5.234267e-01,-1.846049e+00,-1.060061e+00,-1.115458e-01
2.169912e+00,1.064031e+01,-2.140129e+00,-2.322389e+00,-1.128586e+00,8.368651e-02
5.716438e+00,1.083091e+01,-1.268954e+00,-2.789549e+00,-1.005496e+00,1.815863e-01
8.876779e+00,1.535451e+01,-3.358771e+00,-3.478432e+00,-1.020596e+00,3.859800e-01
9.470390e-01,1.722275e+01,2.985874e-01,-3.934232e+00,-1.363711e+00,4.847830e-01
-1.131542e+01,2.582668e+01,1.781098e+01,-4.630163e+00,-3.700410e+00,2.220368e-01
-1.040054e+01,2.414725e+01,1.737278e+01,-5.004228e+00,-4.282342e+00,-3.210719e-02
-2.038621e+00,4.725567e+00,1.781721e+01,-3.739077e+00,-1.454678e+00,1.021250e+00
8.270730e+00,4.623081e+00,1.396176e+01,-1.164280e+00,6.132825e-01,1.436428e+00
9.326200e+00,1.048576e+01,9.589613e+00,-8.695847e-01,2.336014e+00,1.011204e+00
4.085868e+00,6.135045e+00,9.385112e+00,-1.367917e-01,1.581421e+00,5.970117e-01
2.579345e-01,1.615070e+00,7.585466e+00,2.351723e+00,4.358531e-01,-4.046905e-01
-2.033854e-01,-6.782533e-01,8.247317e+00,3.624480e+00,2.570768e-01,-6.295866e-01
1.669937e+00,1.977049e-01,8.808189e+00,4.945067e+00,9.522543e-01,-1.076950e+00
2.285979e+00,2.242192e+00,1.027959e+01,5.567504e+00,1.692280e+00,-1.223776e+00
4.185422e+00,2.204706e+00,1.421949e+01,6.469078e+00,1.877858e+00,-9.911564e-01
5.304903e+00,2.217195e+00,1.671849e+01,7.309182e+00,1.822838e+00,-8.710880e-01
6.184010e+00,7.009573e+00,1.231039e+01,8.453035e+00,1.456437e+00,-7.560736e-01
-5.840988e-01,7.330931e+00,8.245743e+00,8.665054e+00,1.158459e+00,-5.523117e-01
-1.917121e+01,-4.608286e+00,9.339097e+00,7.325251e+00,3.328610e-01,-6.460596e-01
-6.024180e+00,-1.784088e+01,9.382227e-01,5.027799e+00,8.817712e-01,-6.573212e-01
1.040067e+01,1.316383e+00,1.094942e+01,5.912641e-01,4.151060e+00,6.552521e-01
1.452255e+01,3.753657e+01,-5.565995e-01,-3.224287e+00,4.184527e+00,1.167841e+00
-4.891103e+00,-2.469812e+00,5.925470e+00,-4.769252e+00,2.599726e+00,4.642835e-01
-2.054539e+01,-1.710783e+01,1.390305e+01,-3.354840e-01,1.267329e+00,9.772451e-01
-3.324464e+00,1.506394e+01,1.729755e+01,-3.184313e+00,-1.622859e+00,-1.426495e+00
3.436931e+00,1.622522e+01,1.004653e+01,-3.917865e+00,1.976955e+00,9.106952e-01
-2.080424e+00,6.682938e+00,7.621778e+00,-2.045739e+00,1.526563e+00,1.089387e-02
-2.240497e-01,8.548057e+00,5.184737e+00,-1.572626e+00,9.331878e-01,3.473253e-02
4.036817e+00,1.249868e+01,4.480746e+00,-1.330807e+00,1.136543e+00,4.036966e-01
3.907011e+00,9.771283e+00,2.859265e+00,-1.210910e+00,1.067332e+00,1.935333e-01
2.993558e+00,8.633274e+00,1.372526e+00,-1.075690e+00,5.431152e-01,-2.571749e-02
1.899861e+00,8.335374e+00,1.261787e+00,-1.106197e+00,7.618179e-02,-1.804694e-01
2.972781e-01,6.615473e+00,3.468489e-01,-1.287414e+00,-4.196526e-01,-3.495787e-01
-2.295087e-01,6.422787e+00,2.471728e-01,-1.466714e+00,-7.125785e-01,-4.573284e-01
-1.389153e+00,6.210648e+00,3.694719e+00,-1.789466e+00,-1.042982e+00,-5.664887e-01
-5.135728e-01,8.204615e+00,3.811802e+00,-1.963748e+00,-1.169096e+00,-6.256556e-01
4.671179e-01,8.033227e+00,-8.234872e-02,-2.208708e+00,-1.000214e+00,-5.287239e-01
2.810824e+00,8.197803e+00,5.373343e-01,-2.478825e+00,-9.447571e-01,-3.024774e-01
4.366811e+00,1.079067e+01,1.262642e+00,-2.964149e+00,-9.425642e-01,-1.588471e-01
6.074822e+00,1.448146e+01,-2.385782e+00,-3.460598e+00,-1.144921e+00,-9.337098e-02
6.578597e+00,2.639271e+01,1.094318e+00,-4.259776e+00,-1.812911e+00,2.306142e-01
-7.642385e-01,1.747301e+01,1.656147e+01,-4.820312e+00,-2.661518e+00,4.990100e-01
-7.867737e+00,2.472505e+01,1.977481e+01,-4.800243e+00,-4.499126e+00,-2.579070e-01
-9.861930e-01,9.967234e+00,2.061723e+01,-4.351653e+00,-3.556715e+00,-6.585963e-01
5.440266e+00,4.433067e+00,8.713626e+00,-1.471025e+00,-9.499533e-01,-3.611612e-01
1.749055e+00,1.035968e+01,8.491157e+00,-6.875109e-01,3.883028e-01,-2.202260e-01
-1.471652e+00,5.471836e+00,1.114486e+01,4.499772e-01,6.530845e-01,-5.188380e-01
2.350198e+00,-4.839634e-01,8.650483e+00,2.448687e+00,1.178453e+00,-6.021260e-01
5.108977e+00,-9.351727e-01,8.803473e+00,4.360007e+00,2.462013e+00,-2.813333e-01
6.022099e+00,8.353053e-01,8.092591e+00,5.100191e+00,2.912244e+00,-2.745234e-01
5.150000e+00,1.331823e+00,9.980935e+00,6.080500e+00,2.372632e+00,-1.853099e-01
5.236038e+00,1.893374e+00,1.167727e+01,6.835679e+00,1.570057e+00,-2.674037e-01
5.532685e+00,5.665319e+00,1.283414e+01,7.702938e+00,7.211079e-01,-4.374696e-01
4.282440e+00,7.931868e+00,1.115270e+01,8.243932e+00,1.469075e-01,-5.576034e-01
-9.256273e+00,2.683041e+00,7.595098e+00,8.055312e+00,-2.649636e-01,-9.518919e-01
-1.548632e+01,-6.537216e+00,6.472789e+00,6.526091e+00,-6.624548e-01,-1.256579e+00
1.317372e+00,-1.169109e+01,4.677665e+00,3.660670e+00,8.552480e-01,-4.802958e-01
6.634451e+00,-3.265406e+00,8.360218e+00,1.080830e+00,2.867457e+00,2.292410e-01
3.143846e+01,3.743100e+01,-5.690645e+00,-3.395437e+00,2.859825e+00,7.022545e-01
-6.047652e+00,-4.015566e+00,7.854421e+00,-3.125468e+00,2.431971e+00,1.177849e+00
-4.343132e+00,-1.487846e+00,1.585910e+01,-2.232054e+00,-1.554001e+00,-1.392677e+00
-4.945829e+00,7.742357e+00,1.643734e+01,-3.536270e+00,-1.154860e+00,-8.799557e-01
-9.479562e-01,1.676923e+01,8.222684e+00,-3.328692e+00,4.322386e-01,2.237257e-01
-9.490272e-01,8.407124e+00,6.932461e+00,-2.085979e+00,6.591935e-01,1.523890e-01
1.485649e+00,8.110274e+00,5.714553e+00,-1.124449e+00,1.132249e+00,4.751638e-01
8.154454e+00,1.156079e+01,5.263231e+00,-1.128195e+00,1.766649e+00,6.560625e-01
2.932098e+00,8.494434e+00,3.224662e+00,-1.019856e+00,1.560602e+00,3.669450e-01
5.339428e-03,8.327221e+00,3.419778e+00,-9.266245e-01,1.613921e-01,-2.579405e-02
-9.205601e-02,1.047206e+01,2.762878e+00,-8.515368e-01,-7.900350e-01,-3.558783e-01
1.336369e-01,9.737575e+00,2.084949e+00,-9.057449e-01,-6.971125e-01,-3.584280e-01
-9.619844e-01,8.085480e+00,1.365506e+00,-9.171762e-01,-5.907833e-01,-4.007514e-01
-2.172893e+00,8.135800e+00,2.303524e+00,-1.064015e+00,-7.734443e-01,-4.204177e-01
2.973614e-01,8.031738e+00,5.212803e+00,-1.311295e+00,-8.790356e-01,-4.265815e-01
6.885921e-01,7.816357e+00,5.584775e+00,-1.410000e+00,-6.938082e-01,-3.423889e-01
2.959757e+00,7.422919e+00,1.502575e-01,-1.413010e+00,-6.138118e-01,-3.181000e-01
2.406866e+00,8.592552e+00,-7.704098e-01,-1.584553e+00,-6.444304e-01,-1.638713e-01
-6.619617e-01,1.121392e+01,1.109394e+00,-2.056518e+00,-9.447657e-01,-1.407899e-02
8.734781e-01,1.047592e+01,1.267468e+00,-2.507168e+00,-1.181046e+00,5.406702e-03
1.033055e+01,1.216221e+01,-1.614430e+00,-3.076270e+00,-1.277381e+00,1.655954e-01
1.015784e+01,1.405888e+01,-4.915198e+00,-3.441752e+00,-1.410113e+00,1.681257e-01
-3.068738e+00,1.688825e+01,9.237290e+00,-3.965559e+00,-2.658934e+00,-8.093838e-02
-1.350207e+01,2.299027e+01,1.729786e+01,-4.378245e+00,-4.606854e+00,2.028844e-02
-1.183179e+01,2.123427e+01,1.924580e+01,-4.658393e+00,-4.304906e+00,-2.367898e-01
1.597804e+00,1.871137e+00,1.921716e+01,-3.411503e+00,-1.697764e+00,5.193371e-01
1.176487e+01,9.948134e+00,9.363063e+00,-1.208820e+00,1.776651e+00,1.306949e+00
9.643243e+00,9.110022e+00,9.671958e+00,-1.102115e+00,2.972475e+00,1.001483e+00
3.663136e+00,3.767119e+00,7.593190e+00,6.500930e-01,1.918805e+00,1.910368e-01
2.296633e+00,4.940775e-01,7.858714e+00,2.154373e+00,9.747257e-01,-5.114645e-01
2.735005e+00,1.169118e+00,8.845666e+00,3.493056e+00,9.125731e-01,-1.043614e+00
3.671460e+00,2.230000e+00,8.817977e+00,4.278768e+00,1.211437e+00,-1.325532e+00
4.068241e+00,1.850190e+00,9.772758e+00,5.587179e+00,1.393144e+00,-1.344290e+00
4.238352e+00,1.735881e+00,1.097255e+01,6.390803e+00,1.243628e+00,-1.321386e+00
5.080353e+00,4.498228e+00,1.472810e+01,7.249971e+00,9.081008e-01,-1.202550e+00
4.481106e+00,7.936197e+00,1.255099e+01,7.868334e+00,7.006551e-01,-1.198010e+00
-5.413612e+00,8.882105e+00,7.338064e+00,8.299948e+00,3.016264e-01,-8.821745e-01
-2.176382e+01,-2.223851e+00,9.064900e+00,7.551028e+00,-9.122484e-02,-7.603256e-01
6.610276e-01,-1.607142e+01,1.821904e+00,5.363258e+00,1.715189e+00,-3.676856e-01
9.652220e+00,-1.024457e+01,5.112292e+00,3.081934e+00,4.726177e+00,4.856789e-01
1.162079e+01,1.983121e+01,9.432101e+00,-2.434069e+00,5.074397e+00,1.552774e+00
3.478973e+01,3.916613e+01,-6.285586e+00,-4.712259e+00,2.695460e+00,4.689551e-01
-1.431857e+01,-8.259635e+00,1.093569e+01,-2.522095e+00,8.093644e-01,8.135953e-01
-1.118037e+01,4.065389e+00,1.658441e+01,-7.223632e-01,-2.638545e+00,-2.163575e+00
-1.439200e+00,1.358379e+01,6.447847e+00,-3.759058e+00,-7.057193e-01,-4.511256e-01
3.287816e-01,8.179195e+00,7.275908e+00,-2.881030e+00,1.246959e+00,4.174963e-01
2.323972e+00,1.073589e+01,5.156312e+00,-1.606492e+00,9.888628e-01,-2.033283e-02
2.636260e+00,1.014189e+01,4.926417e+00,-1.595258e+00,7.572757e-01,2.165658e-01
3.513678e+00,1.110181e+01,4.388653e+00,-1.198092e+00,3.458945e-01,1.763336e-02
2.017104e+00,1.009286e+01,4.566116e+00,-1.199546e+00,1.409523e-02,-1.071705e-01
-4.820396e-01,9.026177e+00,4.088046e+00,-1.050851e+00,-5.772781e-01,-3.211013e-01
-1.331209e+00,8.602261e+00,3.611442e+00,-1.006852e+00,-8.405767e-01,-3.527791e-01
-1.135996e+00,7.384707e+00,1.419287e+00,-9.549453e-01,-1.003626e+00,-3.745112e-01
-9.400000e-01,7.454551e+00,1.514490e+00,-9.917356e-01,-9.852215e-01,-4.208569e-01
8.213085e-01,6.872061e+00,3.582561e+00,-1.225803e+00,-1.030451e+00,-4.175396e-01
2.381720e+00,8.382719e+00,2.563392e+00,-1.322724e+00,-1.009417e+00,-4.211595e-01
-1.222303e-01,8.194179e+00,-2.803254e+00,-1.570293e+00,-9.876106e-01,-3.035185e-01
-7.950046e-02,8.986132e+00,-2.403613e+00,-1.788320e+00,-1.165259e+00,-2.384245e-01
-8.056845e-01,1.037317e+01,1.818600e+00,-2.537075e+00,-1.342973e+00,-7.702747e-02
4.137916e+00,1.199544e+01,2.930000e+00,-3.054156e+00,-1.328649e+00,4.623473e-02
9.280825e+00,1.937449e+01,-4.734731e+00,-3.511097e+00,-1.062060e+00,3.761427e-01
1.497825e+00,1.667036e+01,1.013930e+00,-3.840693e+00,-1.412012e+00,4.557984e-01
-7.614057e+00,2.181185e+01,1.697222e+01,-4.318895e+00,-3.303124e+00,1.722183e-01
-1.005207e+01,2.257839e+01,1.882586e+01,-4.671064e+00,-4.496710e+00,-1.918573e-01
-8.342464e-01,5.481740e+00,1.775228e+01,-4.095930e+00,-2.516357e+00,-1.945778e-01
8.659209e+00,4.665486e+00,1.059133e+01,-1.985058e+00,-3.716651e-01,4.217822e-01
6.629446e+00,8.672223e+00,9.522901e+00,-1.311865e+00,1.903928e+00,4.523516e-01
4.003376e+00,6.089739e+00,9.260779e+00,-3.039701e-01,1.464990e+00,-1.698929e-01
1.913733e+00,5.834475e-01,6.363600e+00,1.680195e+00,7.699908e-01,-9.748318e-01
1.431712e+00,2.500543e-01,7.577770e+00,2.915412e+00,8.679630e-01,-1.100439e+00
2.051591e+00,1.679416e+00,8.096981e+00,4.008868e+00,1.425968e+00,-1.342927e+00
3.164004e+00,2.658724e+00,9.121099e+00,4.707344e+00,1.908652e+00,-1.186889e+00
5.642847e+00,1.907231e+00,1.265246e+01,5.923964e+00,2.217065e+00,-7.916955e-01
7.436335e+00,2.073792e+00,1.495081e+01,6.802927e+00,2.101531e+00,-5.945798e-01
1.032717e+01,3.199887e+00,1.311435e+01,7.792167e+00,1.567235e+00,-2.486917e-01
1.013376e+00,4.357607e+00,1.109372e+01,8.276229e+00,8.119661e-01,-8.705379e-02
-1.677174e+01,-5.988994e+00,7.922283e+00,7.176768e+00,-1.458699e+00,-3.480920e-01
-1.348697e+01,-1.777403e+01,8.570793e+00,4.900945e+00,-1.175170e+00,-5.537250e-01
1.075526e+01,2.743704e+01,-5.204580e+00,9.770135e-01,2.134983e+00,6.811020e-01
2.568562e+01,3.936030e+01,1.781314e+00,-2.580767e+00,4.228674e+00,1.427815e+00
-2.707237e+00,-1.116452e+01,1.324801e+01,-2.363389e+00,3.337610e+00,1.406433e+00
4.154012e+00,-9.207391e-01,1.430149e+01,-2.099905e+00,-2.417260e-01,-1.682109e+00
-1.332941e+00,1.810320e+01,1.143918e+01,-3.139750e+00,-1.647485e-01,-3.723380e-01
-5.635029e+00,1.621380e+01,1.133976e+01,-3.025523e+00,-1.528016e-01,3.813394e-01
3.201749e+00,4.951002e+00,4.770634e+00,-1.427046e+00,4.220989e-01,-3.981373e-01
3.270529e+00,7.452139e+00,6.350927e+00,-9.570949e-01,1.413829e+00,3.741633e-01
4.584466e+00,1.245396e+01,5.123909e+00,-7.151866e-01,1.013709e+00,7.062417e-02
3.222792e+00,9.659211e+00,3.242024e+00,-7.956115e-01,5.861097e-01,3.131822e-02
2.305027e+00,8.998699e+00,2.107100e+00,-5.393135e-01,-2.763987e-01,-3.168511e-01
2.149455e-01,8.252965e+00,1.222965e+00,-6.102619e-01,-6.302901e-01,-4.156974e-01
-2.496623e+00,6.318955e+00,3.053812e-01,-7.673618e-01,-1.233017e+00,-5.291632e-01
-3.355922e+00,6.382535e+00,9.705608e-01,-9.670087e-01,-1.577808e+00,-5.739575e-01
-1.561032e-01,9.008956e+00,4.001952e+00,-1.351340e+00,-1.689718e+00,-5.900747e-01
1.768081e+00,8.712509e+00,3.438193e+00,-1.502447e+00,-1.467722e+00,-4.919439e-01
1.288385e+00,7.961222e+00,2.068366e-01,-1.534092e+00,-1.381595e+00,-4.723431e-01
9.420039e-01,9.052287e+00,-1.427449e+00,-1.666159e+00,-1.567288e+00,-4.854155e-01
6.908515e-01,1.101352e+01,1.178398e+00,-2.212227e+00,-1.774339e+00,-2.980388e-01
1.083312e+00,1.135524e+01,1.730950e+00,-2.712526e+00,-1.763166e+00,-1.764233e-01
2.210243e+00,1.717356e+01,-2.129878e+00,-3.198479e+00,-1.582568e+00,1.378819e-01
-2.852358e-01,1.683247e+01,-2.246429e-01,-3.450313e+00,-1.306784e+00,5.437441e-01
-1.441316e+00,1.936430e+01,1.072988e+01,-3.872198e+00,-1.603719e+00,6.497955e-01
-1.508512e+00,2.429837e+01,1.486349e+01,-4.374383e+00,-1.671712e+00,5.052641e-01
-1.287412e+00,1.030996e+01,1.791631e+01,-4.421719e+00,-1.394080e+00,5.500732e-01
2.196518e+00,5.591318e+00,1.494113e+01,-3.043953e+00,-1.187483e+00,4.188988e-01
2.293985e+00,1.120943e+01,1.025102e+01,-1.399496e+00,-1.250926e-01,2.938214e-01
-9.580908e-01,6.787105e+00,1.177074e+01,-1.093888e+00,9.345747e-02,2.564579e-01
1.855397e+00,1.664561e+00,7.192840e+00,1.409078e+00,1.352273e-01,-1.590647e-01
3.190096e+00,8.823415e-02,7.440621e+00,2.874684e+00,8.334682e-01,-3.377041e-01
3.970802e+00,5.501402e-01,7.738432e+00,4.219023e+00,1.433455e+00,-6.888091e-01
3.682827e+00,1.457698e+00,8.416285e+00,4.877281e+00,1.476250e+00,-8.328962e-01
3.012450e+00,1.290857e+00,1.167147e+01,5.898503e+00,1.194919e+00,-6.618988e-01
2.368919e+00,1.263066e+00,1.436314e+01,6.723819e+00,8.884392e-01,-7.034233e-01
2.503600e+00,2.275950e+00,1.369498e+01,7.730891e+00,6.805323e-01,-7.042183e-01
-7.025215e-01,3.885020e+00,1.163556e+01,8.065351e+00,8.162039e-01,-5.552437e-01
-9.250511e+00,-4.461197e+00,8.214405e+00,7.439782e+00,5.683226e-01,-1.081781e-01
-5.013214e+00,-1.400179e+01,7.162649e+00,5.566091e+00,8.366880e-01,1.429099e-01
5.256409e+00,1.109288e+00,5.359176e+00,2.247765e+00,2.468666e+00,2.163238e-01
2.863344e+01,3.939376e+01,-8.161029e+00,-1.028106e+00,3.249752e+00,5.183349e-01
-4.472826e+00,-2.836781e+00,1.203920e+01,-3.102666e+00,2.782432e+00,1.396803e+00
6.289483e+00,-1.075629e+01,1.432221e+01,-2.285335e+00,-3.063355e-01,-1.047250e+00
4.717148e+00,1.485325e+01,1.046531e+01,-3.150000e+00,3.215306e-01,-9.358005e-01
-2.435007e+00,1.821766e+01,1.001245e+01,-3.362254e+00,4.002036e-01,1.830075e-01
-5.535232e+00,8.710808e+00,8.190348e+00,-2.105509e+00,-1.017223e+00,-5.633584e-01
-2.627871e-01,6.288445e+00,5.848185e+00,-1.559046e+00,-6.701772e-01,-3.452211e-01
3.566533e+00,1.112912e+01,7.256624e+00,-1.122885e+00,6.359371e-01,3.334156e-01
5.607228e+00,1.071541e+01,5.565544e+00,-1.012228e+00,9.517999e-01,1.174388e-01
3.713025e+00,8.316451e+00,3.645920e+00,-8.264687e-01,5.318373e-01,2.128105e-01
9.566383e-01,9.929310e+00,3.773901e+00,-6.602008e-01,-1.089791e-01,-1.110649e-01
-4.517924e+00,9.594321e+00,3.580858e+00,-6.373443e-01,-8.185689e-01,-3.299784e-01
-7.273980e+00,7.126036e+00,2.284873e+00,-6.070343e-01,-1.225948e+00,-4.724194e-01
-1.832416e+00,6.824121e+00,3.037816e+00,-5.960899e-01,-7.953310e-01,-3.634070e-01
2.638004e+00,8.071905e+00,3.312265e+00,-7.828952e-01,2.711524e-02,-1.387000e-01
6.322917e+00,9.753132e+00,1.466571e+00,-9.445428e-01,7.100970e-01,1.107252e-01
3.340530e+00,8.603564e+00,-2.316550e+00,-1.090557e+00,5.566572e-01,1.074978e-01
2.345915e+00,9.417042e+00,-4.274649e+00,-1.482782e+00,-6.489660e-01,-1.519839e-01
4.304047e+00,1.025895e+01,-2.032762e+00,-2.109922e+00,-1.040446e+00,-1.419512e-01
1.034511e+01,1.271182e+01,-2.167052e+00,-2.957470e+00,-1.214206e+00,-3.708592e-02
1.540609e+01,1.540400e+01,-6.058902e+00,-3.626986e+00,-1.339844e+00,1.765163e-01
-5.609227e+00,1.302752e+01,7.877436e+00,-4.427111e+00,-1.801929e+00,2.594527e-01
-1.398973e+01,3.119826e+01,2.020686e+01,-4.612360e+00,-3.529344e+00,-1.273185e-01
-1.395566e+01,2.097348e+01,1.832806e+01,-5.338007e+00,-4.156259e+00,-1.749161e-01
-7.292491e+00,1.220082e+01,1.692695e+01,-4.778359e+00,-2.951107e+00,5.452108e-01
4.108749e+00,6.043331e-01,1.635673e+01,-7.101897e-01,9.352573e-01,2.130405e+00
6.960577e+00,4.926642e+00,1.148531e+01,8.546447e-01,2.571161e+00,1.727196e+00
3.218825e+00,3.240038e+00,1.017425e+01,1.162982e+00,2.106263e+00,1.421306e+00
2.621006e-01,-1.085442e-01,8.113889e+00,2.208500e+00,1.392658e+00,1.628688e+00
-1.755873e+00,2.692842e-02,7.460934e+00,4.103522e+00,1.238217e-01,9.775818e-01
-3.092282e-01,-2.016236e-01,9.075999e+00,4.913256e+00,-7.778046e-02,5.220882e-01
2.465667e+00,5.691476e-01,1.117260e+01,6.184862e+00,8.504518e-01,-6.380973e-02
3.958662e+00,1.253580e+00,1.339324e+01,6.803379e+00,1.139804e+00,-1.782970e-01
2.019004e+00,2.778800e+00,1.547108e+01,7.608514e+00,1.186974e+00,-3.847864e-01
-3.719124e+00,5.012832e+00,1.245663e+01,8.089756e+00,8.025716e-01,-5.542597e-01
-6.341575e+00,2.198968e+00,9.440647e+00,8.035629e+00,1.046322e+00,-1.012168e+00
-4.653032e+00,-6.897362e+00,5.747593e+00,6.591588e+00,1.896074e+00,-8.768467e-01
2.768731e+00,-6.243691e+00,5.927807e+00,3.167051e+00,2.705841e+00,-2.351467e-01
1.989613e+01,2.904930e+01,-3.787650e+00,2.714742e-01,2.670128e+00,-2.047728e-01
7.959807e+00,1.467113e+01,6.551058e+00,-3.007821e+00,2.444129e+00,6.752463e-02
2.649980e+00,-6.002400e+00,1.451582e+01,-1.683369e+00,3.753645e+00,1.742155e+00
1.195201e+00,1.484500e+01,1.406989e+01,-3.043858e+00,7.290038e-01,-1.255791e+00
5.106493e-01,1.801697e+01,8.456824e+00,-3.796761e+00,8.329025e-01,-4.261317e-01
-1.211687e+01,9.184541e+00,7.615729e+00,-2.474090e+00,-5.009781e-01,-4.938722e-01
-8.469525e+00,7.678423e+00,6.100757e+00,-1.218843e+00,-1.193248e+00,-8.237542e-01
5.630662e+00,1.129301e+01,5.362334e+00,-9.961794e-01,1.206945e+00,3.124823e-01
9.550000e+00,1.044436e+01,3.284457e+00,-8.015704e-01,2.762559e+00,6.834794e-01
6.594498e+00,8.100713e+00,2.267773e+00,-7.908761e-01,2.004422e+00,3.585542e-01
3.999800e+00,8.889451e+00,2.132731e+00,-7.048133e-01,8.394739e-01,-3.387111e-02
-1.837873e+00,8.472305e+00,1.645857e+00,-9.633257e-01,-9.906304e-01,-5.742209e-01
-3.448898e+00,8.141012e+00,1.857761e+00,-1.138664e+00,-1.646523e+00,-7.276376e-01
-1.665509e+00,9.528145e+00,3.386175e+00,-1.314673e+00,-1.669547e+00,-6.619909e-01
2.242436e+00,9.353415e+00,4.779269e+00,-1.447851e+00,-1.302751e+00,-4.556800e-01
1.761132e+00,9.326131e+00,5.956944e-03,-1.438176e+00,-7.065829e-01,-2.223401e-01
1.688032e+00,9.469847e+00,-3.310094e+00,-1.501381e+00,-8.864547e-01,-1.881087e-01
2.809464e+00,9.621437e+00,-2.577286e+00,-1.895237e+00,-1.311389e+00,-4.722745e-02
3.512332e+00,1.177942e+01,-1.117188e+00,-2.419759e+00,-1.460394e+00,3.775291e-02
7.028970e+00,1.544055e+01,-4.035998e+00,-3.275617e+00,-1.514164e+00,4.010063e-01
-2.186181e-01,1.872918e+01,-7.162037e-01,-3.592975e+00,-1.420941e+00,7.176424e-01
-7.071550e+00,2.108661e+01,1.340998e+01,-4.114614e+00,-2.434916e+00,9.404540e-01
-9.262349e+00,2.432423e+01,1.737899e+01,-4.346638e+00,-3.511842e+00,4.991813e-01
-2.752342e+00,1.389374e+01,1.399092e+01,-3.985787e+00,-1.856899e+00,8.740678e-01
2.381904e+00,3.947640e+00,1.498830e+01,-2.715331e+00,-6.965234e-01,1.247414e+00
2.817254e+00,8.481579e+00,1.238315e+01,6.860952e-02,1.622282e+00,1.478325e+00
3.877929e-01,9.154800e+00,1.237737e+01,-5.908840e-02,1.442985e+00,6.816022e-01
-3.192407e-01,1.756068e+00,1.004902e+01,1.417675e+00,9.434232e-01,6.370119e-01
2.498660e-01,-2.759076e-01,8.629781e+00,2.978781e+00,1.076845e+00,6.490685e-01
1.264874e+00,-1.806585e-01,8.295662e+00,4.387086e+00,1.291916e+00,5.527828e-01
1.949027e+00,4.001348e-02,9.321476e+00,5.020192e+00,1.451740e+00,3.230755e-01
2.530070e+00,1.496326e+00,1.160328e+01,6.110979e+00,1.760696e+00,-1.036263e-02
3.818136e+00,1.982657e+00,1.343170e+01,6.729768e+00,1.617010e+00,-1.496925e-01
3.236321e+00,5.163401e+00,1.232223e+01,7.630596e+00,1.482386e+00,-4.826841e-01
-2.822615e-01,7.222273e+00,9.569634e+00,7.934973e+00,1.374926e+00,-6.276592e-01
-8.619632e+00,-1.264851e+00,7.656406e+00,7.403241e+00,1.295989e+00,-9.452159e-01
-7.671430e+00,-9.606611e+00,7.458628e+00,6.103731e+00,1.178764e+00,-1.019062e+00
5.549657e+00,-4.434944e+00,7.667928e+00,2.544104e+00,2.092612e+00,-3.131163e-01
1.200565e+01,2.902848e+01,-1.789475e+00,-3.233663e-01,2.973592e+00,-1.514838e-01
1.178359e-01,9.089680e+00,6.858885e+00,-3.822997e+00,2.215125e+00,-1.249821e-01
-5.766575e+00,-6.266395e+00,1.114220e+01,-2.201421e+00,2.658152e+00,1.520721e+00
2.380103e+00,6.388431e+00,1.484618e+01,-3.034073e+00,1.054831e-01,-1.425466e+00
4.514732e+00,1.577079e+01,9.618798e+00,-3.635165e+00,1.854057e+00,2.520688e-02
-1.576412e-01,1.199765e+01,6.875136e+00,-2.425848e+00,8.235948e-01,-1.687492e-01
-5.498926e+00,6.280054e+00,5.746655e+00,-1.688177e+00,-3.030806e-01,-8.204637e-01
-5.017837e-01,1.091075e+01,5.977990e+00,-1.124444e+00,-2.916037e-01,-3.854278e-01
5.173584e+00,1.162187e+01,4.720409e+00,-1.071994e+00,8.671605e-01,-1.492202e-02
4.074074e+00,8.177436e+00,2.702792e+00,-8.473683e-01,1.584297e+00,1.052950e-01
1.939791e+00,8.415387e+00,2.765707e+00,-7.293753e-01,8.820776e-01,-7.478949e-04
1.516892e+00,9.641979e+00,1.233545e+00,-6.472538e-01,-5.169464e-01,-5.246702e-01
9.718792e-01,8.054707e+00,1.356896e-01,-8.151133e-01,-8.106788e-01,-5.510776e-01
-2.571557e+00,8.793058e+00,3.091726e+00,-1.121175e+00,-1.358844e+00,-6.751349e-01
-2.830201e+00,9.975058e+00,5.565438e+00,-1.430724e+00,-1.686067e+00,-6.602617e-01
-1.844317e-01,9.773569e+00,5.789816e+00,-1.624835e+00,-1.582817e+00,-5.681131e-01
1.621803e+00,8.091208e+00,7.983632e-01,-1.474959e+00,-1.071467e+00,-4.159597e-01
1.979227e+00,9.457058e+00,-3.355441e+00,-1.442550e+00,-6.955107e-01,-1.070975e-01
2.089735e+00,1.005940e+01,-2.005879e+00,-1.826220e+00,-8.170981e-01,4.852797e-02
2.593448e+00,1.247659e+01,9.686892e-01,-2.531950e+00,-1.207404e+00,-4.860881e-02
5.403539e+00,1.369478e+01,-2.318600e-02,-3.120084e+00,-1.502251e+00,-9.311758e-03
1.852924e+00,1.673934e+01,-1.375451e+00,-3.719637e+00,-1.474578e+00,3.679981e-01
-5.617454e+00,1.726214e+01,1.122417e+01,-4.093617e+00,-2.054546e+00,5.112714e-01
-7.829569e+00,2.551810e+01,1.770325e+01,-4.542820e+00,-3.446241e+00,1.815885e-01
-6.814041e+00,2.290722e+01,1.667621e+01,-4.733852e+00,-2.667848e+00,3.112866e-01
3.745886e+00,-1.100657e+00,1.504353e+01,-2.633663e+00,-5.622393e-01,8.547879e-01
9.537688e+00,6.453444e+00,9.304452e+00,-5.745458e-01,1.065552e+00,1.101718e+00
7.102789e+00,8.043787e+00,7.785943e+00,-9.798349e-01,2.059763e+00,7.416434e-01
2.642238e+00,4.675497e+00,6.297265e+00,-1.561188e-02,1.349074e+00,4.073905e-01
-3.246225e-01,2.874169e-01,7.676795e+00,2.209955e+00,4.500025e-02,-4.202959e-01
-1.850975e-01,-7.901430e-01,7.825215e+00,3.260802e+00,-7.529632e-02,-6.409192e-01
1.349692e+00,2.798850e+00,8.641445e+00,4.320447e+00,6.725946e-01,-8.411267e-01
2.020654e+00,2.878157e+00,9.791308e+00,4.771260e+00,1.151050e+00,-7.332767e-01
4.076480e+00,1.958310e+00,1.384395e+01,6.016408e+00,1.501206e+00,-3.677812e-01
5.114230e+00,2.977405e+00,1.464618e+01,6.830602e+00,1.449769e+00,-3.102163e-01
3.245058e+00,2.465654e-02,1.374895e+01,7.752999e+00,9.432677e-01,-2.993222e-01
-1.304835e+00,2.470706e+00,1.111641e+01,8.297042e+00,3.846350e-01,-4.046825e-01
-1.276945e+01,-8.942794e+00,1.064222e+01,7.018682e+00,-6.640644e-01,-4.709646e-01
-9.302780e+00,-1.322944e+01,9.528646e+00,4.962380e+00,-6.321932e-01,-5.216452e-01
1.122565e+01,3.570775e+01,-4.692729e+00,3.513546e-01,1.431872e+00,-2.383944e-01
4.577877e+00,1.768074e+01,8.050060e+00,-3.197131e+00,2.719559e+00,6.143531e-01
8.254994e+00,-1.240035e+01,1.224896e+01,-2.602593e+00,2.453872e+00,7.891969e-01
5.053144e+00,-2.546070e+00,1.258831e+01,-2.695599e+00,1.437805e+00,-1.074633e+00
1.761247e+00,2.328948e+01,9.235320e+00,-2.933920e+00,8.829877e-01,1.034905e-01
-6.419859e+00,9.660594e+00,8.107031e+00,-2.512290e+00,6.369109e-03,3.179294e-02
-3.489577e+00,5.200935e+00,5.936593e+00,-1.246593e+00,-7.302984e-01,-7.758313e-01
3.300874e+00,1.044633e+01,5.986260e+00,-8.995298e-01,2.030568e-01,-1.857899e-01
3.997986e+00,1.076585e+01,3.143955e+00,-7.106679e-01,1.298834e+00,6.694588e-02
3.428262e+00,8.423007e+00,2.802372e+00,-6.908390e-01,8.130354e-01,2.744112e-02
2.960909e+00,1.020910e+01,1.456102e+00,-4.173449e-01,-1.508032e-02,-2.156854e-01
-4.993892e-01,1.005320e+01,6.043730e-01,-5.452007e-01,-4.240806e-01,-3.978409e-01
-5.343078e+00,7.029343e+00,1.325155e+00,-8.063702e-01,-1.333185e+00,-5.607570e-01
-5.672223e+00,7.707406e+00,3.007036e+00,-9.756524e-01,-1.605477e+00,-6.743558e-01
-3.760560e-01,9.209489e+00,5.109489e+00,-1.220583e+00,-1.248491e+00,-5.911881e-01
1.903848e+00,9.079153e+00,4.160459e+00,-1.337878e+00,-7.038636e-01,-3.731935e-01
3.957978e+00,8.408329e+00,-2.525663e+00,-1.315699e+00,-2.639821e-01,-2.482052e-01
2.967884e+00,9.042977e+00,-5.507743e+00,-1.412759e+00,-3.134750e-01,-1.502003e-01
2.385710e+00,1.041267e+01,-1.651973e+00,-2.007696e+00,-8.075099e-01,-8.791963e-02
2.742426e+00,1.163434e+01,-4.490897e-01,-2.611043e+00,-1.233606e+00,-1.817635e-01
7.961576e+00,1.363258e+01,-3.372836e+00,-3.583676e+00,-1.622896e+00,-3.288322e-03
2.289213e+00,1.685420e+01,2.149826e-01,-3.891530e+00,-1.537491e+00,2.124012e-01
-5.559889e+00,2.261247e+01,1.378308e+01,-4.459450e+00,-2.520060e+00,3.146344e-01
-6.618606e+00,2.976061e+01,1.785335e+01,-4.768015e+00,-2.983525e+00,2.355720e-02
-3.293800e+00,9.170609e+00,1.892312e+01,-4.495781e+00,-2.348567e+00,3.446217e-01
4.965051e+00,1.684363e+00,1.485619e+01,-2.285736e+00,-1.223221e+00,6.642647e-01
6.954876e+00,1.029986e+01,1.057213e+01,-7.128202e-01,8.644634e-01,4.406183e-01
2.527369e+00,7.114610e+00,1.107166e+01,-9.402619e-01,1.208164e+00,3.493479e-01
-9.379129e-01,3.959516e+00,8.575160e+00,1.668553e+00,-6.115298e-02,-2.797499e-01
7.182893e-01,-1.152555e+00,8.430428e+00,3.059974e+00,-6.001089e-02,-5.759404e-01
2.549636e+00,-4.389442e-01,8.320842e+00,4.758899e+00,8.627723e-01,-9.021113e-01
3.752570e+00,1.470116e+00,9.177744e+00,5.394131e+00,1.486490e+00,-1.095992e+00
4.170000e+00,9.141382e-01,1.230934e+01,6.345781e+00,1.590837e+00,-7.411377e-01
3.353092e+00,1.471624e+00,1.362168e+01,7.099120e+00,1.303780e+00,-6.458704e-01
2.360754e+00,2.240177e+00,1.316933e+01,8.024737e+00,8.444176e-01,-7.045401e-01
-3.410615e+00,8.833347e+00,1.089164e+01,8.426309e+00,7.788241e-01,-7.166754e-01
-9.154596e+00,-9.884011e+00,5.023744e+00,7.337062e+00,4.842816e-01,3.037005e-02
-2.874892e+00,-1.411081e+01,5.783696e+00,5.626765e+00,7.368817e-01,3.755327e-01
1.348308e+01,-4.719081e+00,9.544777e+00,2.223693e+00,2.705356e+00,3.826946e-01
1.655811e+01,2.360912e+01,-1.337235e+00,-6.807181e-01,3.024549e+00,1.634896e-01
-9.025206e+00,1.040536e+01,1.084819e+01,-4.588668e+00,1.021196e-01,-5.046044e-01
-1.799769e+01,-9.894460e+00,1.551451e+01,-1.615229e+00,1.451656e-01,1.124751e+00
-1.104745e+00,7.115925e+00,1.715744e+01,-2.847295e+00,-2.775745e+00,-2.569767e+00
-2.348493e-01,1.993603e+01,1.136901e+01,-3.847125e+00,8.764801e-01,-1.644951e-01
9.273152e-01,1.031940e+01,7.724312e+00,-2.483234e+00,1.499051e+00,1.538937e-01
-1.452772e+00,6.963299e+00,5.592772e+00,-1.360534e+00,9.298510e-01,-1.206547e-01
4.596712e+00,9.842503e+00,5.555344e+00,-1.064609e+00,9.611786e-01,3.086107e-01
5.965937e+00,1.219392e+01,4.729947e+00,-9.509332e-01,1.498205e+00,2.861283e-01
2.467720e+00,8.543900e+00,3.719960e+00,-9.323213e-01,9.005577e-01,5.588172e-04
2.065781e+00,9.214814e+00,3.099388e+00,-7.659796e-01,8.783344e-03,-2.291000e-01
7.579498e-01,9.386241e+00,1.283183e+00,-7.470011e-01,-6.434638e-01,-4.629649e-01
1.124930e+00,8.575890e+00,4.079956e-01,-7.960372e-01,-9.244028e-01,-4.863785e-01
-3.135989e+00,7.458737e+00,1.586065e+00,-1.086130e+00,-1.427825e+00,-6.359567e-01
-3.030091e+00,7.299963e+00,2.403562e+00,-1.297067e+00,-1.957664e+00,-6.838857e-01
-1.075861e+00,8.477785e+00,1.345895e+00,-1.548376e+00,-1.895721e+00,-5.153983e-01
1.283121e+00,8.301198e+00,-2.558610e+00,-1.631411e+00,-1.495360e+00,-3.323144e-01
3.518744e+00,9.481758e+00,-2.058036e+00,-2.040583e+00,-1.030835e+00,-9.208149e-02
3.885279e+00,1.024112e+01,1.305582e-01,-2.572313e+00,-1.262866e+00,-1.088418e-01
7.068748e+00,1.340822e+01,-2.080483e+00,-3.287533e+00,-1.576059e+00,-8.091732e-02
5.735277e+00,1.923000e+01,-3.047021e+00,-3.793782e+00,-1.648188e+00,1.975742e-01
-7.947023e+00,2.270134e+01,1.490230e+01,-4.536791e+00,-2.337951e+00,4.630195e-01
-8.649964e+00,2.652647e+01,1.920432e+01,-4.850560e+00,-3.657847e+00,8.554644e-02
-4.501597e+00,1.897926e+01,1.628254e+01,-4.988979e+00,-3.242710e+00,1.123074e-01
4.121149e+00,8.664678e-01,1.862881e+01,-3.772585e+00,-1.812278e+00,5.821055e-01
1.055486e+01,3.389900e+00,1.210700e+01,-1.538743e-02,1.136258e+00,8.650458e-01
7.186651e+00,8.457654e+00,9.925235e+00,2.339346e-01,1.525914e+00,3.927936e-02
1.741068e+00,1.768090e+00,7.841716e+00,6.804637e-01,9.861614e-01,-2.369181e-01
-9.579016e-01,2.846471e-01,6.443689e+00,2.064662e+00,2.050225e-01,-7.296785e-01
-3.694788e-01,-1.003003e+00,7.783830e+00,3.903257e+00,-1.234446e-02,-1.305783e+00
3.213708e+00,3.059857e-01,8.678252e+00,4.711401e+00,9.034309e-01,-1.512583e+00
5.544550e+00,2.252095e+00,1.143670e+01,5.769100e+00,2.179660e+00,-1.694308e+00
7.313988e+00,2.841979e+00,1.315215e+01,6.417309e+00,2.404320e+00,-1.529377e+00
6.855671e+00,1.801092e+00,1.450261e+01,7.594565e+00,1.763139e+00,-1.242661e+00
3.324498e+00,3.681297e+00,1.174878e+01,7.993438e+00,1.222139e+00,-1.037947e+00
-1.464736e+01,-9.218205e-01,8.776942e+00,7.589831e+00,-3.607934e-01,-9.073797e-01
-9.483629e+00,-1.402949e+01,6.203117e+00,5.897524e+00,-1.036802e+00,-5.745799e-01
1.233348e+01,1.865115e+00,9.338273e+00,2.771632e+00,1.532438e+00,-9.267662e-02
2.082318e+01,3.666204e+01,-6.503512e+00,-1.221575e-01,3.625817e+00,6.857129e-01
-5.030009e-01,3.039267e+00,6.743956e+00,-4.437332e+00,3.043485e+00,1.201363e+00
-8.485863e+00,-8.526986e+00,1.096736e+01,-1.467993e+00,1.114604e+00,7.020975e-01
1.797552e-01,9.262060e+00,1.329530e+01,-2.236247e+00,-1.952471e+00,-2.164468e+00
-3.268805e+00,1.788882e+01,9.108640e+00,-3.317197e+00,-2.170437e-01,-1.236893e-01
-2.618194e+00,9.180048e+00,6.759131e+00,-2.410237e+00,3.187328e-01,-1.192286e-01
-5.632052e-01,6.567793e+00,4.601359e+00,-1.628172e+00,9.673409e-02,-1.261177e-01
5.083134e+00,1.159096e+01,6.002422e+00,-1.232366e+00,1.038525e+00,5.296775e-01
6.591189e+00,1.185336e+01,5.173294e+00,-1.090706e+00,1.217926e+00,3.948326e-01
2.085142e+00,8.625521e+00,4.485166e+00,-1.153091e+00,6.626916e-01,2.516108e-01
-5.023757e-01,9.824712e+00,4.124698e+00,-9.610396e-01,-3.375860e-01,-1.232083e-01
-9.218339e-01,9.160963e+00,2.067270e+00,-9.111111e-01,-1.021269e+00,-2.950290e-01
-5.376034e-01,8.635274e+00,1.497911e+00,-8.972905e-01,-1.131894e+00,-3.084465e-01
-1.494944e+00,8.010477e+00,2.779636e+00,-9.828063e-01,-1.059720e+00,-2.429713e-01
-2.978688e-01,7.988020e+00,3.783238e+00,-1.067796e+00,-1.187101e+00,-2.847213e-01
5.180818e-01,8.765959e+00,2.316087e+00,-1.184413e+00,-1.285466e+00,-2.950157e-01
7.112511e-01,8.451484e+00,-1.480026e+00,-1.258127e+00,-1.248223e+00,-2.398371e-01
3.983562e-01,9.076187e+00,-2.536016e+00,-1.505994e+00,-1.160431e+00,-6.843579e-02
1.136107e+00,9.513779e+00,-5.012788e-01,-1.914039e+00,-1.232400e+00,6.960186e-02
3.902097e+00,1.155468e+01,1.205804e+00,-2.635482e+00,-1.270101e+00,1.355163e-01
8.290683e+00,1.480565e+01,-3.572213e+00,-3.142869e+00,-1.277059e+00,2.902009e-01
1.215420e+00,1.698662e+01,-3.473887e-02,-3.684434e+00,-1.286467e+00,5.955139e-01
-5.376729e+00,1.886067e+01,1.249348e+01,-4.126500e+00,-2.140758e+00,5.943509e-01
-1.008965e+01,2.914010e+01,1.843681e+01,-4.697552e+00,-3.934068e+00,9.542427e-02
-7.217440e+00,2.005057e+01,1.650723e+01,-4.893917e+00,-3.432960e+00,1.300844e-01
7.074864e+00,5.043817e-01,1.484678e+01,-2.341361e+00,-1.000811e+00,6.792104e-01
1.113564e+01,1.068133e+01,9.306290e+00,-3.536712e-01,1.035568e+00,7.785366e-01
4.779895e+00,6.726597e+00,1.038165e+01,-6.217678e-01,1.797301e+00,3.586988e-01
1.657746e+00,3.342473e+00,8.269818e+00,5.839442e-01,1.086629e+00,-1.260388e-01
8.468803e-01,-1.985079e+00,8.379646e+00,3.234899e+00,1.693983e-01,-1.017330e+00
1.803405e+00,-1.227040e+00,8.204317e+00,4.344628e+00,4.326798e-01,-1.263139e+00
3.040707e+00,2.037327e+00,9.833387e+00,5.295120e+00,1.369549e+00,-1.605559e+00
4.814636e+00,2.300202e+00,1.188566e+01,5.814301e+00,1.805697e+00,-1.605022e+00
5.310152e+00,1.784642e+00,1.308757e+01,7.076704e+00,1.893619e+00,-1.371969e+00
7.505416e+00,3.909686e+00,1.289025e+01,7.861374e+00,1.646543e+00,-1.236706e+00
-2.269453e+00,7.797271e+00,8.297206e+00,8.267923e+00,1.267054e+00,-1.039876e+00
-1.528487e+01,-5.214690e+00,7.980101e+00,7.638694e+00,4.603082e-01,-6.709293e-01
-7.649974e+00,-1.575512e+01,9.154584e+00,4.747802e+00,-3.341565e-01,-7.660548e-01
8.310454e+00,1.647677e+01,1.058992e+00,1.750118e+00,1.926278e+00,-4.182524e-02
2.853458e+01,3.041601e+01,3.638001e+00,-2.716487e+00,4.656588e+00,9.842786e-01
-3.289691e+00,-1.179313e+01,1.212264e+01,-4.502302e+00,4.852103e+00,1.758236e+00
3.366929e-02,-3.518199e+00,1.559918e+01,-1.996984e+00,1.183652e-01,-1.896158e+00
4.029458e+00,1.939309e+01,1.578319e+01,-2.886692e+00,-1.574307e-01,-1.502151e+00
-7.503498e+00,1.366374e+01,1.005385e+01,-3.426957e+00,-1.323649e-01,4.555007e-02
-7.118769e+00,2.346902e+00,7.502056e+00,-2.226742e+00,-6.438393e-01,-3.026127e-01
7.131686e+00,1.174737e+01,5.883073e+00,-7.880489e-01,1.429140e-01,-1.441200e-01
8.616667e+00,1.390353e+01,4.884118e+00,-8.050124e-01,1.904651e+00,4.781920e-01
4.941977e+00,7.808179e+00,2.418030e+00,-7.148339e-01,1.666241e+00,3.164573e-01
3.142276e+00,9.357062e+00,2.050317e+00,-5.917533e-01,3.161396e-01,-2.335657e-02
-1.467367e+00,1.015083e+01,5.740515e-01,-6.552983e-01,-1.162576e+00,-5.144975e-01
-5.018132e+00,7.422698e+00,5.779767e-01,-8.912155e-01,-1.801227e+00,-6.063182e-01
-4.988260e+00,7.388585e+00,2.995754e+00,-1.034006e+00,-1.843881e+00,-5.818342e-01
-2.285981e+00,7.642669e+00,3.617520e+00,-1.252474e+00,-1.503008e+00,-4.381775e-01
1.556189e+00,9.165473e+00,4.231539e+00,-1.389248e+00,-6.700920e-01,-2.100328e-01
1.278516e+00,9.490033e+00,1.426022e+00,-1.411186e+00,-5.921818e-01,-2.054922e-01
2.234519e+00,8.659497e+00,-4.980235e+00,-1.531867e+00,-6.541898e-01,-3.641978e-02
1.649105e+00,1.004173e+01,-1.990019e+00,-1.843869e+00,-6.471665e-01,6.885176e-02
3.114127e+00,1.207004e+01,1.429882e+00,-2.827755e+00,-8.965660e-01,1.103140e-01
3.305528e+00,1.365657e+01,-3.261128e-01,-3.285581e+00,-8.823830e-01,3.424850e-01
3.712106e+00,1.540669e+01,-2.246124e-01,-3.632660e+00,-9.840013e-01,7.286171e-01
-3.417626e-01,1.531492e+01,1.007469e+01,-4.023501e+00,-1.251558e+00,6.924216e-01
1.249575e-01,2.634354e+01,1.554180e+01,-4.870514e+00,-2.777512e+00,-3.704491e-01
-6.547000e+00,1.893777e+01,1.732781e+01,-4.777586e+00,-2.702875e+00,-3.832403e-01
2.607308e+00,3.984686e+00,1.251633e+01,-2.403063e+00,-2.361305e+00,-5.490400e-01
6.114552e+00,1.226328e+01,9.386643e+00,-1.063232e+00,-9.817834e-01,-2.099035e-01
4.405203e-01,7.742733e+00,1.159111e+01,-9.483521e-01,3.979459e-01,-2.873739e-01
1.080684e+00,3.381744e+00,7.858638e+00,1.003204e+00,2.532218e-01,-6.274364e-01
2.857111e+00,-5.549102e-01,7.847661e+00,3.307700e+00,1.173414e+00,-4.693852e-01
2.972829e+00,1.032756e-01,7.736965e+00,4.188605e+00,1.656224e+00,-5.191585e-01
2.926873e+00,1.936203e+00,9.226203e+00,5.059721e+00,1.945039e+00,-6.397044e-01
3.551293e+00,1.747303e+00,1.002680e+01,5.663464e+00,1.886679e+00,-4.111511e-01
5.658083e+00,1.577895e+00,1.398805e+01,7.042519e+00,1.517830e+00,-2.003152e-01
6.184490e+00,3.946251e+00,1.325958e+01,7.648345e+00,1.108049e+00,-1.089449e-01
-2.919371e-01,3.276604e+00,1.030961e+01,8.177775e+00,1.227624e-01,-2.464261e-02
-9.289769e+00,1.277136e+00,1.004162e+01,7.955095e+00,-4.511644e-01,-2.624964e-01
-8.088119e+00,-1.345020e+01,7.776258e+00,4.821687e+00,-1.921823e-01,-6.991361e-01
5.603373e-01,-7.950578e+00,6.824964e+00,2.384028e+00,1.312562e+00,-4.823438e-01
2.862395e+01,3.936535e+01,-3.873949e+00,-1.913237e+00,2.666389e+00,4.808791e-01
-2.967625e+00,8.663045e-01,1.094626e+01,-3.964961e+00,2.727331e+00,1.002278e+00
3.270979e+00,-1.534719e+01,1.427253e+01,-2.438509e+00,2.082045e-01,-1.315031e+00
2.777739e+00,7.856777e+00,1.572443e+01,-2.783615e+00,9.509040e-01,-8.025417e-01
-1.614649e+00,2.169884e+01,1.083974e+01,-3.069694e+00,9.019963e-01,3.182577e-01
-5.648434e+00,7.823567e+00,8.214297e+00,-2.111624e+00,3.060769e-01,-2.252025e-02
-5.906369e-01,7.060564e+00,5.423786e+00,-7.593076e-01,3.934633e-01,1.806820e-02
7.188979e+00,1.361292e+01,5.742270e+00,-7.764974e-01,1.485390e+00,4.302389e-01
4.479846e+00,8.603028e+00,2.251665e+00,-6.733677e-01,1.686566e+00,3.731131e-01
3.482276e+00,8.290588e+00,1.430844e+00,-5.784778e-01,7.743471e-01,1.907798e-01
1.415676e+00,1.086211e+01,-4.969542e-02,-5.168720e-01,-5.872847e-01,-3.478525e-01
-1.131716e+00,8.513243e+00,-4.644474e-01,-7.290429e-01,-1.014319e+00,-3.997299e-01
-6.002076e+00,6.089309e+00,9.348317e-01,-1.003682e+00,-1.491375e+00,-5.375803e-01
-3.816295e+00,7.767662e+00,3.160817e+00,-1.233773e+00,-1.538172e+00,-4.955582e-01
2.942216e+00,9.755925e+00,5.664444e+00,-1.549265e+00,-7.165111e-01,-2.045949e-01
4.766290e+00,9.406446e+00,3.693483e+00,-1.517380e+00,-2.572428e-01,-1.329991e-01
2.049579e+00,7.442463e+00,-9.978110e-01,-1.555612e+00,-4.941052e-01,-1.089606e-01
1.003078e+00,9.566919e+00,-2.733588e+00,-1.721901e+00,-7.463452e-01,-4.836435e-02
2.781478e-01,1.052956e+01,6.427243e-01,-2.472405e+00,-9.869229e-01,1.200420e-01
3.686522e+00,1.222158e+01,1.734652e+00,-2.897261e+00,-1.066951e+00,9.582039e-02
1.031329e+01,1.801845e+01,-5.242488e+00,-3.456478e+00,-1.095142e+00,4.657996e-01
5.927674e-01,1.472688e+01,3.074481e+00,-3.785740e+00,-1.405088e+00,5.496654e-01
-6.287310e+00,2.040705e+01,1.393711e+01,-4.372974e+00,-3.750987e+00,1.465285e-01
-1.018649e+01,2.554451e+01,1.791577e+01,-4.617000e+00,-4.451195e+00,-1.085752e-01
-4.237011e+00,1.170379e+01,1.376426e+01,-3.559761e+00,-2.329244e+00,-7.844958e-03
2.796774e+00,-5.320113e-01,1.450074e+01,-1.616703e+00,-6.380780e-01,8.202495e-01
6.428046e+00,9.372222e+00,1.155199e+01,-2.120234e-01,1.423559e+00,6.771599e-01
4.683459e+00,7.698392e+00,1.112797e+01,-3.920426e-01,1.769564e+00,3.357712e-01
3.508787e+00,8.064017e-01,6.887774e+00,1.790215e+00,1.337520e+00,-4.430735e-02
8.130176e-01,1.861055e+00,6.766492e+00,2.935481e+00,1.164336e+00,-3.541186e-01
6.196674e-01,-2.465306e-01,8.264462e+00,3.996735e+00,9.439580e-01,-7.121329e-01
2.084165e+00,1.016451e+00,8.855593e+00,4.792063e+00,1.269533e+00,-9.723414e-01
3.666535e+00,3.108991e+00,1.132399e+01,5.965938e+00,1.922540e+00,-1.012348e+00
5.801934e+00,4.202486e+00,1.386762e+01,6.578265e+00,1.914952e+00,-9.282059e-01
6.575928e+00,3.970618e+00,1.227840e+01,7.702590e+00,1.503997e+00,-5.395988e-01
4.200724e-01,4.887702e+00,8.679196e+00,8.149019e+00,1.017538e+00,-4.712933e-01
-1.356808e+01,-1.998434e+00,9.336069e+00,7.047991e+00,-7.472317e-02,-6.346236e-01
-1.123097e+01,-1.451571e+01,8.760709e+00,5.170636e+00,-1.927395e-01,-6.220442e-01
3.886525e+00,9.811688e+00,7.128487e+00,1.149761e+00,2.643321e+00,8.085781e-02
3.157848e+01,3.847151e+01,-5.237213e+00,-1.522418e+00,3.877103e+00,7.374633e-01
3.709620e+00,-7.074319e+00,7.403512e+00,-2.666595e+00,4.668167e+00,2.570264e+00
5.002396e+00,-6.220878e+00,1.474583e+01,-1.805285e+00,1.205505e+00,-4.654384e-01
5.426149e+00,1.573880e+01,1.185274e+01,-3.007263e+00,4.972845e-02,-5.608760e-01
-5.092529e+00,1.939964e+01,1.087380e+01,-3.234572e+00,-5.525399e-01,-1.303890e-01
-1.299760e+01,6.070466e+00,5.309657e+00,-1.843634e+00,-2.513583e+00,-1.200228e+00
-4.824166e+00,6.825646e+00,4.286186e+00,-1.259916e+00,-1.655231e+00,-4.146955e-01
3.721996e+00,1.323047e+01,4.253451e+00,-8.728206e-01,1.423581e+00,5.345610e-01
4.890372e+00,9.584620e+00,3.231789e+00,-9.123784e-01,2.031163e+00,5.315886e-01
2.095225e+00,8.490241e+00,2.863258e+00,-6.940251e-01,9.566444e-01,3.165334e-01
2.237670e-01,9.736974e+00,2.311050e+00,-7.445914e-01,1.126600e-01,-2.071966e-02
-4.263790e-01,8.879053e+00,1.654774e+00,-9.158307e-01,-4.585446e-01,-1.959390e-01
-5.214612e-01,7.534828e+00,2.313266e+00,-1.027872e+00,-5.109962e-01,-2.521031e-01
1.137632e+00,9.059381e+00,5.286636e+00,-1.192750e+00,-5.261654e-01,-2.498849e-01
2.659779e+00,8.776093e+00,5.003956e+00,-1.291357e+00,-4.890423e-01,-2.092981e-01
5.142322e-01,8.824616e+00,-6.533237e-03,-1.258471e+00,-5.155828e-01,-1.550201e-01
1.671522e+00,8.685933e+00,-4.203447e+00,-1.304966e+00,-6.588949e-01,-6.577272e-02
2.849068e-01,9.683001e+00,-4.738556e+00,-1.759004e+00,-6.196074e-01,2.290491e-01
-2.566765e-01,9.194006e+00,-2.027040e+00,-2.364973e+00,-9.018502e-01,2.513228e-01
1.041490e+01,1.132563e+01,-1.803881e+00,-3.227440e+00,-1.330467e+00,2.005033e-01
1.508569e+01,1.020348e+01,-4.768730e+00,-3.749982e+00,-1.264720e+00,4.276998e-01
-1.221128e+00,1.892069e+01,1.189781e+01,-4.538843e+00,-2.437794e+00,7.161316e-02
-1.281595e+01,3.430457e+01,2.122465e+01,-5.123813e+00,-4.852367e+00,-1.791139e-01
-1.990034e+01,1.664450e+01,2.020957e+01,-5.289243e+00,-5.268896e+00,-4.109379e-01
-3.200952e-01,1.520526e+00,1.894647e+01,-3.192330e+00,-2.875094e+00,6.668525e-01
1.043757e+01,1.085513e+01,1.327122e+01,-1.179248e+00,2.523652e+00,1.919859e+00
9.544923e+00,8.079717e+00,1.195224e+01,-1.360646e+00,3.950465e+00,1.682709e+00
5.665134e+00,3.218127e+00,6.974011e+00,1.171376e+00,2.745946e+00,9.895519e-01
3.347776e+00,1.283715e+00,6.758905e+00,2.414497e+00,1.916138e+00,3.832421e-01
2.730506e+00,-5.480323e-01,1.026919e+01,4.137475e+00,9.889156e-01,-5.717069e-01
4.327028e+00,1.957743e+00,8.972188e+00,4.889519e+00,9.717405e-01,-1.080204e+00
4.471689e+00,1.266024e+00,1.131610e+01,5.947116e+00,1.024351e+00,-1.132899e+00
4.283996e+00,1.016063e+00,1.531896e+01,6.680586e+00,8.368518e-01,-1.146068e+00
1.924737e+00,2.002433e+00,1.511207e+01,7.913705e+00,4.210412e-01,-1.522299e+00
-1.508943e+00,2.684707e+00,1.425188e+01,8.507498e+00,2.865794e-01,-1.610514e+00
-1.005658e+01,-5.237804e+00,1.180506e+01,8.471125e+00,6.959485e-01,-1.227574e+00
-9.476966e+00,-1.621566e+01,1.027709e+01,6.580810e+00,8.335341e-01,-4.727861e-01
3.889690e+00,-3.680795e+00,7.447594e+00,1.478497e+00,2.634327e+00,8.119452e-02
3.266050e+01,3.941000e+01,1.528920e+00,-2.184125e+00,3.622339e+00,5.982948e-01
-4.993770e+00,-1.197874e+01,1.359392e+01,-3.795125e+00,3.848431e+00,2.143965e+00
-2.408868e+00,-1.322583e+01,1.712039e+01,-2.279959e+00,1.164668e+00,1.720742e-01
2.533844e+00,1.575248e+01,1.084500e+01,-3.514858e+00,2.923221e-01,-4.852699e-01
-5.928949e+00,1.945846e+01,1.281127e+01,-3.187474e+00,3.461299e-01,1.640573e-01
-6.735772e+00,5.274814e+00,6.937931e+00,-1.807672e+00,-7.238200e-01,-6.371757e-01
2.425401e+00,8.182520e+00,8.122550e+00,-1.283310e+00,-1.250068e-01,4.184327e-02
8.976026e+00,1.399029e+01,5.368786e+00,-8.403403e-01,1.831407e+00,4.870740e-01
5.875721e+00,1.036106e+01,4.770260e+00,-8.294572e-01,1.727509e+00,4.268797e-01
9.933447e-01,1.011348e+01,3.658478e+00,-4.391198e-01,-1.848131e-01,-1.348906e-02
-2.313440e+00,1.035683e+01,1.866669e+00,-4.649955e-01,-9.130030e-01,-2.938219e-01
-2.480032e+00,6.818006e+00,5.750162e-01,-5.288473e-01,-1.425176e+00,-4.138516e-01
-2.436028e+00,6.373441e+00,1.105821e+00,-6.192403e-01,-1.372029e+00,-3.801378e-01
1.106339e+00,6.003054e+00,1.036075e+00,-9.127373e-01,-1.370906e+00,-2.989510e-01
3.661091e+00,5.696424e+00,-1.235737e+00,-1.099082e+00,-1.348237e+00,-2.808108e-01
7.681353e-02,6.834784e+00,-2.865605e+00,-1.621540e+00,-1.561719e+00,-2.204375e-01
-6.228627e-01,1.054122e+01,-2.155533e+00,-2.131120e+00,-2.067334e+00,-2.026330e-01
-5.763156e-01,9.809899e+00,-1.055430e+00,-2.981363e+00,-2.009491e+00,4.294437e-03
2.395790e+00,1.077695e+01,-6.141641e-01,-3.342565e+00,-1.679408e+00,1.899934e-01
5.896464e+00,1.978819e+01,-1.439661e+00,-3.751887e+00,-1.041397e+00,7.017073e-01
8.464041e-01,2.210931e+01,8.361433e+00,-4.122322e+00,-1.001199e+00,8.404545e-01
-3.317893e+00,2.558699e+01,1.748711e+01,-5.021394e+00,-3.112299e+00,3.895610e-02
-2.022312e+00,9.764952e+00,2.174654e+01,-4.563471e+00,-2.950961e+00,-4.006092e-03
6.370329e+00,1.074622e+01,1.244101e+01,-2.202087e+00,-1.771437e+00,-3.455040e-01
4.055450e+00,1.195487e+01,1.335642e+01,-1.669215e+00,-2.929748e-01,-2.329428e-01
2.178837e-01,6.610678e+00,1.108575e+01,-4.917069e-01,5.739761e-01,-1.591890e-01
2.561695e+00,3.221320e+00,9.573459e+00,1.107408e+00,8.654539e-01,-7.277761e-01
5.485722e+00,3.404686e-01,9.006659e+00,3.330887e+00,2.088482e+00,-1.311814e+00
6.245262e+00,3.700000e-01,7.994818e+00,4.437990e+00,2.682182e+00,-1.472870e+00
6.387473e+00,1.116171e+00,8.831148e+00,5.750280e+00,2.443081e+00,-1.320605e+00
5.927660e+00,1.732340e+00,1.055730e+01,6.327247e+00,1.945842e+00,-1.126706e+00
4.324387e+00,2.705253e+00,1.180179e+01,7.362347e+00,1.069080e+00,-1.084611e+00
5.272598e+00,4.154190e+00,1.155390e+01,7.856399e+00,7.145715e-01,-1.146516e+00
-1.769025e+00,6.371480e+00,8.265419e+00,8.038849e+00,5.981982e-01,-8.289165e-01
-1.540843e+01,-8.295097e+00,5.854791e+00,7.226355e+00,-2.110084e-01,-5.686738e-01
-6.949953e+00,-1.395136e+01,9.440954e+00,4.783927e+00,3.878001e-02,-4.589727e-01
7.993971e+00,-8.225702e+00,1.130589e+01,2.270540e+00,1.945160e+00,1.995102e-01
3.236121e+01,3.934758e+01,-1.047471e+01,-3.087874e+00,4.270111e+00,1.286632e+00
-3.721305e+00,-8.837483e-01,1.070603e+01,-4.583933e+00,2.810583e+00,9.241887e-01
-6.818272e+00,-1.499486e+01,1.505066e+01,-1.327386e+00,-2.430885e-01,-4.999160e-02
5.255510e+00,1.044038e+01,1.506737e+01,-2.802883e+00,-1.206916e+00,-2.227186e+00
3.946564e+00,1.952592e+01,9.516917e+00,-3.617384e+00,1.871561e+00,1.103744e+00
-5.146910e+00,1.017063e+01,8.318353e+00,-2.141520e+00,6.281122e-01,-2.391358e-01
-5.235634e+00,7.111787e+00,4.446282e+00,-1.222630e+00,-1.149131e+00,-3.978007e-01
-2.200561e-02,1.220052e+01,5.156260e+00,-9.689006e-01,-5.823465e-01,-1.043762e-01
3.768275e+00,1.077793e+01,3.055344e+00,-9.319690e-01,1.105296e+00,2.925322e-01
2.218058e+00,8.597809e+00,2.205853e+00,-8.055608e-01,1.162985e+00,3.230915e-01
-9.894418e-01,9.334932e+00,1.131785e+00,-5.874178e-01,1.207854e-01,-2.820364e-02
-1.699018e+00,8.659259e+00,5.484891e-01,-6.666928e-01,-3.474249e-01,-1.617284e-01
-2.427969e+00,7.169305e+00,1.154763e+00,-9.297566e-01,-6.808594e-01,-3.257261e-01
-1.341118e+00,7.330411e+00,3.147680e+00,-1.143158e+00,-7.133608e-01,-3.330588e-01
3.933567e+00,8.756517e+00,4.748104e+00,-1.441732e+00,-5.784355e-01,-3.071572e-01
5.031505e+00,8.856627e+00,1.316636e+00,-1.502339e+00,-3.765579e-01,-2.454312e-01
1.084358e+00,8.598174e+00,-2.871203e+00,-1.654027e+00,-6.794227e-01,-2.251424e-01
-3.814564e-01,1.004296e+01,-1.294663e+00,-1.923694e+00,-1.138174e+00,-1.881585e-01
-1.738120e+00,1.171482e+01,3.332156e+00,-2.744961e+00,-1.520513e+00,-1.277426e-01
6.721875e+00,1.103570e+01,6.008772e-01,-3.145250e+00,-1.457574e+00,6.375535e-03
8.962204e+00,1.729634e+01,-5.482019e+00,-3.358353e+00,-7.731636e-01,3.881554e-01
-7.856929e-01,1.579727e+01,4.310057e+00,-3.707173e+00,-1.283911e+00,5.782831e-01
-6.262446e+00,2.445372e+01,1.511746e+01,-4.246172e+00,-3.375334e+00,1.590810e-01
-8.159184e+00,2.574070e+01,1.661733e+01,-4.672422e+00,-4.090612e+00,-1.181902e-01
1.542503e+00,2.158475e+00,1.920370e+01,-3.318461e+00,-2.237715e+00,9.877151e-03
7.464140e+00,6.551101e+00,1.102743e+01,-1.345018e+00,-7.731263e-01,2.244592e-01
4.619791e+00,9.158740e+00,1.145332e+01,-1.221602e+00,1.186474e+00,3.110994e-02
2.245968e+00,6.366543e+00,1.072649e+01,-2.341358e-01,8.401851e-01,-2.018280e-01
3.388932e+00,4.773932e-01,8.800157e+00,2.414111e+00,4.954050e-01,-9.788747e-01
3.618371e+00,-4.267418e-01,9.391101e+00,3.643914e+00,8.582115e-01,-1.167042e+00
3.319725e+00,2.131129e+00,8.816857e+00,4.964121e+00,1.404523e+00,-1.456959e+00
2.725283e+00,2.782826e+00,9.745303e+00,5.647603e+00,1.419717e+00,-1.261315e+00
2.764456e+00,3.333705e+00,1.340070e+01,6.864535e+00,1.149393e+00,-9.348539e-01
3.853264e+00,3.772938e+00,1.350786e+01,7.423349e+00,1.066976e+00,-8.394329e-01
3.328167e+00,4.933624e+00,1.120180e+01,8.370475e+00,1.169515e+00,-4.079800e-01
-1.192053e+00,3.314479e+00,7.936278e+00,8.325706e+00,1.163621e+00,-3.610574e-02
-1.250600e+01,-1.022270e+01,4.969682e+00,6.254080e+00,3.491317e-01,1.522074e-01
1.579116e-01,-1.209437e+01,8.202898e+00,4.436681e+00,7.031284e-01,-8.055889e-03
1.313159e+01,1.582846e+01,-1.573081e+00,2.354835e-01,2.694615e+00,4.702792e-01
3.276232e+01,3.937662e+01,-9.763555e+00,-2.900241e+00,2.739795e+00,3.647891e-01
-1.560155e+01,-9.636132e+00,1.540282e+01,-2.388818e+00,7.092747e-01,7.113973e-01
-3.911003e+00,-8.110639e+00,1.463426e+01,-1.524726e+00,-1.951206e+00,-1.064838e+00
-2.478113e-01,1.247625e+01,1.690303e+01,-3.480998e+00,4.544656e-01,-3.760549e-01
-4.581062e-01,2.128992e+01,1.102330e+01,-3.478342e+00,1.402309e+00,7.279979e-01
-2.935514e+00,5.312390e+00,5.548209e+00,-2.329230e+00,5.413312e-01,-4.930447e-01
-2.307910e+00,6.497073e+00,4.236422e+00,-1.346121e+00,4.298483e-01,1.567655e-01
3.019466e+00,1.275230e+01,5.552061e+00,-9.339401e-01,9.097007e-01,2.070204e-01
4.488153e+00,1.026796e+01,3.114957e+00,-8.214963e-01,1.424182e+00,3.274454e-01
2.760523e+00,8.072566e+00,1.629083e+00,-7.055674e-01,9.087250e-01,2.364673e-01
2.673229e+00,1.022141e+01,1.420789e+00,-6.026183e-01,1.499625e-01,-4.083174e-02
6.908189e-01,9.572584e+00,2.676935e-01,-8.123115e-01,-5.741176e-01,-2.707470e-01
-2.597346e+00,8.088489e+00,8.660105e-01,-9.315019e-01,-9.503316e-01,-3.629734e-01
-6.194166e+00,7.330049e+00,3.303520e+00,-1.170634e+00,-1.563162e+00,-5.254513e-01
-2.991196e+00,8.799097e+00,4.710423e+00,-1.337982e+00,-1.573130e+00,-5.254481e-01
3.172352e+00,9.551374e+00,4.924190e+00,-1.555101e+00,-7.363930e-01,-2.416703e-01
4.087783e+00,8.758079e+00,2.375127e+00,-1.524383e+00,-2.689755e-01,-1.218329e-01
3.164882e+00,8.959292e+00,-3.085184e+00,-1.536012e+00,-3.012452e-01,-2.742338e-02
3.878868e+00,1.131126e+01,-3.919239e+00,-1.754417e+00,-5.383731e-01,6.879221e-02
3.985904e+00,1.034060e+01,5.394126e-01,-2.608955e+00,-7.919332e-01,6.880747e-02
7.318027e+00,1.163533e+01,-3.733508e-02,-3.067723e+00,-1.164172e+00,1.100325e-03
5.216074e+00,1.575620e+01,-1.520595e+00,-3.715919e+00,-1.437228e+00,1.872117e-01
-5.849857e+00,1.609621e+01,8.441771e+00,-4.051893e+00,-2.142215e+00,8.988957e-02
-1.030805e+01,2.861202e+01,1.842602e+01,-4.506412e+00,-4.057137e+00,-3.531649e-01
-9.733793e+00,2.443614e+01,1.707683e+01,-4.964880e+00,-4.049862e+00,-3.241126e-01
2.525747e+00,2.761110e-01,1.812822e+01,-2.908321e+00,-1.579339e+00,9.318007e-01
1.056408e+01,8.950347e+00,9.543446e+00,-8.723188e-01,3.364596e-01,1.073746e+00
5.278234e+00,6.429169e+00,1.092000e+01,-9.750454e-01,2.049044e+00,9.281643e-01
1.103502e+00,4.526615e+00,8.458995e+00,5.333707e-01,1.066751e+00,4.590722e-01
6.950741e-01,1.795887e-01,8.744194e+00,2.529580e+00,3.092875e-01,-2.590744e-01
1.453102e+00,1.838662e-01,8.948584e+00,3.715974e+00,5.444846e-01,-5.249191e-01
3.084818e+00,1.915031e+00,9.378720e+00,5.133903e+00,1.415790e+00,-9.999324e-01
3.684386e+00,2.237652e+00,1.063154e+01,5.797830e+00,1.597230e+00,-8.338718e-01
3.306674e+00,3.142802e+00,1.447046e+01,6.818409e+00,1.331159e+00,-6.916684e-01
3.144994e+00,5.568184e+00,1.452266e+01,7.451199e+00,9.502097e-01,-7.169014e-01
1.005093e+00,4.973263e+00,1.013993e+01,8.238862e+00,4.997750e-01,-7.528969e-01
-6.602028e+00,-1.588375e+00,7.814800e+00,8.215555e+00,6.261584e-01,-7.579663e-01
-1.038282e+01,-9.636669e+00,7.657725e+00,6.285068e+00,4.680344e-01,-9.826542e-01
4.072206e-02,-1.106137e+01,7.098791e+00,4.079309e+00,1.011495e+00,-8.526882e-01
1.878922e+01,3.098389e+01,-3.169702e+00,-4.433577e-01,2.960655e+00,3.308496e-01
1.165635e+01,1.702989e+01,1.824821e+00,-3.243381e+00,3.162224e+00,7.058821e-01
2.991715e-01,-8.107685e+00,1.477176e+01,-2.503390e+00,2.136356e+00,1.447105e+00
1.242639e+00,-4.614336e+00,1.464091e+01,-3.103355e+00,-9.157503e-01,-2.007512e+00
-5.815606e+00,2.275757e+01,1.350622e+01,-3.165978e+00,-3.283177e-01,-3.069687e-01
-7.659666e+00,1.268835e+01,8.722963e+00,-2.745453e+00,-9.614118e-01,-2.363371e-01
-3.102639e+00,4.478379e+00,5.385246e+00,-1.218738e+00,2.201025e-03,-3.119656e-01
4.964787e+00,1.077530e+01,4.248226e+00,-4.815019e-01,1.318098e+00,4.905133e-01
9.453391e+00,1.126315e+01,1.265582e+00,-4.040333e-01,3.163348e+00,7.833276e-01
4.060473e+00,7.378612e+00,-1.355538e-01,-3.010847e-01,2.407986e+00,6.205738e-01
2.752085e-01,9.416041e+00,-1.120521e+00,-2.135960e-01,2.166998e-01,-3.079607e-01
-7.509878e-01,8.301820e+00,-2.344478e+00,-5.165320e-01,-6.121065e-01,-5.221786e-01
-4.956561e+00,6.107613e+00,-2.150867e-01,-1.119762e+00,-1.162623e+00,-6.019252e-01
-5.341948e+00,8.322997e+00,2.370525e+00,-1.478546e+00,-1.337835e+00,-5.769130e-01
1.638074e+00,9.765446e+00,5.948886e+00,-1.952527e+00,-9.910148e-01,-3.620176e-01
4.123344e+00,1.008517e+01,6.396439e+00,-2.017715e+00,-3.908279e-01,-2.308595e-01
4.049982e+00,9.111659e+00,4.086098e+00,-1.927485e+00,-1.482474e-01,-2.348636e-01
5.110487e-01,7.947948e+00,1.481232e-01,-1.894239e+00,-4.911371e-01,-2.724780e-01
1.412180e+00,1.137982e+01,-1.858111e-01,-2.099800e+00,-9.751143e-01,-2.253476e-01
8.399281e-01,1.119815e+01,1.926139e+00,-2.506637e+00,-1.095173e+00,-3.877719e-02
5.489219e+00,1.204319e+01,3.308567e+00,-3.204777e+00,-1.356564e+00,-4.275078e-02
1.050602e+01,1.558632e+01,-4.324212e+00,-3.472993e+00,-1.444951e+00,8.128103e-02
6.599487e-01,1.660117e+01,5.358817e+00,-3.889260e+00,-1.893429e+00,4.924232e-01
-7.878515e+00,1.682170e+01,1.403463e+01,-4.351635e+00,-3.301648e+00,4.441652e-01
-8.687244e+00,2.555042e+01,1.694102e+01,-4.613414e+00,-4.585845e+00,-2.861477e-01
-4.179198e+00,8.810081e+00,1.691656e+01,-4.620224e+00,-3.381340e+00,-5.453358e-01
7.709384e+00,7.614981e+00,9.498432e+00,-1.381278e+00,-2.061240e-01,2.596917e-01
6.280629e+00,1.179764e+01,1.008009e+01,-1.067489e+00,1.375484e+00,2.394850e-01
2.822471e+00,5.147940e+00,9.368888e+00,-1.914310e-02,1.125432e+00,-3.906525e-01
2.690000e+00,1.872903e+00,7.372056e+00,1.311701e+00,8.652522e-01,-7.479179e-01
2.150000e+00,7.278761e-02,8.426428e+00,3.503716e+00,9.107005e-01,-1.031777e+00
1.916050e+00,1.192477e+00,8.683637e+00,4.259294e+00,1.158794e+00,-1.241293e+00
1.433131e+00,2.360047e+00,1.019565e+01,5.281618e+00,1.527520e+00,-1.326881e+00
2.531385e+00,2.538524e+00,1.155166e+01,5.830035e+00,1.620043e+00,-1.186686e+00
5.457232e+00,3.928490e+00,1.478170e+01,7.005674e+00,1.813192e+00,-9.207563e-01
8.603389e+00,5.731139e+00,1.221249e+01,7.618473e+00,1.833736e+00,-6.088372e-01
-1.790869e+00,1.901638e+00,7.521518e+00,8.196534e+00,1.293836e+00,-8.894225e-02
-1.188777e+01,-5.157835e+00,8.798036e+00,7.735139e+00,5.870178e-01,-1.513030e-01
-8.723903e+00,-1.568567e+01,1.284166e+01,4.676884e+00,-1.631725e-01,-7.120969e-01
7.174011e+00,1.414259e+01,4.962522e+00,1.954204e+00,1.533741e+00,-2.649007e-01
2.844469e+01,2.960506e+01,1.345706e+00,-2.609135e+00,3.696281e+00,8.447554e-01
-4.284647e+00,-1.006201e+01,1.031356e+01,-3.243424e+00,3.684778e+00,1.286074e+00
1.755723e+00,1.099144e-01,1.496522e+01,-2.154340e+00,-5.816665e-01,-1.906191e+00
2.650588e+00,1.735940e+01,1.206664e+01,-3.467585e+00,-1.610927e-01,-1.103768e+00
-3.952545e+00,1.464396e+01,1.026114e+01,-3.102532e+00,3.048450e-01,2.816076e-01
-6.650521e+00,6.280280e+00,5.866653e+00,-1.882346e+00,-6.428828e-01,-5.951506e-01
1.615749e-01,8.487557e+00,4.489935e+00,-1.020829e+00,-1.789223e-01,2.471407e-02
5.776481e+00,1.339699e+01,3.584580e+00,-7.828362e-01,8.747419e-01,2.712777e-01
4.666862e+00,8.479431e+00,7.846504e-01,-8.390566e-01,1.227478e+00,2.781567e-01
2.195066e+00,8.812444e+00,5.034354e-01,-6.526090e-01,5.178092e-01,3.822586e-02
-3.039964e+00,9.298453e+00,7.934284e-02,-8.042794e-01,-9.760046e-01,-3.823458e-01
-5.622532e+00,6.187247e+00,-2.455693e-01,-1.043606e+00,-1.493939e+00,-4.887000e-01
-3.833126e+00,7.430454e+00,4.384351e+00,-1.329822e+00,-1.508979e+00,-4.856865e-01
-1.763154e-01,8.662971e+00,6.467869e+00,-1.590773e+00,-1.181133e+00,-3.620158e-01
5.723234e+00,1.045665e+01,4.130745e+00,-1.742678e+00,-3.426371e-01,-1.808204e-01
5.163710e+00,8.792587e+00,-5.068724e-01,-1.724308e+00,-2.375159e-01,-1.430293e-01
1.611097e+00,8.987631e+00,-4.737138e+00,-1.821951e+00,-7.993806e-01,-1.255110e-01
6.942132e-01,1.071471e+01,-2.589453e+00,-2.193558e+00,-1.310578e+00,-9.776250e-02
7.740282e+00,1.172050e+01,-7.311459e-01,-3.216477e+00,-1.815574e+00,-5.087346e-02
1.387186e+01,1.312482e+01,-4.943893e+00,-3.784152e+00,-1.770303e+00,1.415313e-01
-7.374061e+00,1.739388e+01,1.093405e+01,-4.386652e+00,-1.865378e+00,3.661806e-01
-1.214521e+01,2.628972e+01,1.959150e+01,-4.929844e+00,-3.395215e+00,1.263240e-01
-1.320737e+01,2.647446e+01,2.032477e+01,-5.554927e+00,-4.960249e+00,-3.908621e-01
-1.727227e-02,-7.309479e-01,2.288669e+01,-4.591924e+00,-3.025508e+00,4.358334e-01
1.231798e+01,1.019415e+01,1.059567e+01,-9.316335e-01,4.994337e-01,1.259730e+00
8.589511e+00,9.911726e+00,1.074149e+01,-8.526691e-01,2.372848e+00,1.112537e+00
2.458100e+00,3.995574e+00,9.548546e+00,5.188452e-01,1.707096e+00,4.674081e-01
1.287713e+00,2.825665e-01,7.706205e+00,2.241765e+00,8.830660e-01,-2.463628e-01
1.751442e+00,-1.958486e+00,8.167658e+00,4.322033e+00,8.403185e-01,-6.357200e-01
3.322297e+00,-2.181318e-01,8.294903e+00,4.949809e+00,1.237274e+00,-9.409768e-01
5.631039e+00,9.085058e-01,9.553833e+00,5.858046e+00,1.993045e+00,-1.095734e+00
5.903099e+00,1.057662e+00,1.097246e+01,6.479422e+00,1.985106e+00,-9.700773e-01
5.074696e+00,3.505170e+00,1.385641e+01,7.473066e+00,1.395548e+00,-1.040764e+00
1.548743e+00,8.771214e+00,1.259403e+01,8.045241e+00,8.563138e-01,-1.048167e+00
-7.246143e+00,1.025527e+01,9.270563e+00,8.483975e+00,1.362749e-01,-9.416870e-01
-1.735629e+01,-8.989047e+00,7.105648e+00,7.671159e+00,-3.662576e-01,-4.941732e-01
7.455678e+00,-1.533751e+01,3.177928e+00,5.582206e+00,6.903206e-01,-2.233294e-01
1.407248e+01,-4.431425e+00,8.443356e+00,2.847267e+00,3.346938e+00,2.589396e-01
3.899692e+01,3.939051e+01,-1.399231e+01,-3.337885e+00,3.396158e+00,7.674624e-01
-1.439566e+01,-1.210650e+01,1.245554e+01,-4.986201e+00,1.271104e+00,-1.860330e-02
-6.007365e+00,-1.110027e+01,1.538962e+01,-2.396305e+00,-2.899060e+00,-1.569697e+00
-4.215906e+00,1.074646e+01,1.841417e+01,-3.432836e+00,-2.629274e+00,-2.187231e+00
-1.923048e-01,2.052425e+01,1.200585e+01,-3.862955e+00,1.004504e+00,8.006249e-01
-7.329956e-01,6.096320e+00,7.421221e+00,-2.649593e+00,1.072826e+00,-9.666776e-02
2.875859e+00,7.258954e+00,6.155415e+00,-1.199376e+00,9.740394e-01,4.346159e-01
6.759661e+00,1.360966e+01,5.929693e+00,-1.071374e+00,1.309592e+00,6.123969e-01
3.080613e+00,9.907906e+00,3.923366e+00,-1.110264e+00,1.365018e+00,3.020573e-01
-1.705782e+00,8.759294e+00,3.219272e+00,-9.892669e-01,4.032289e-01,1.886998e-01
-9.605347e-01,9.927179e+00,1.129326e+00,-8.249029e-01,-7.017418e-01,-1.946967e-01
-1.737940e-01,9.300795e+00,2.819948e-01,-8.822967e-01,-5.381660e-01,-1.172510e-01
-5.701121e-01,6.715989e+00,1.333608e-01,-1.013265e+00,-1.010242e-01,-7.008067e-03
-1.324108e+00,7.992740e+00,3.076851e+00,-1.223713e+00,-2.441788e-01,-4.990342e-02
2.682602e+00,7.824690e+00,4.537945e+00,-1.559993e+00,-6.200915e-01,-2.461580e-01
4.332269e+00,7.672577e+00,4.009020e+00,-1.647200e+00,-6.827664e-01,-3.311232e-01
9.099367e-01,7.344715e+00,-1.095546e+00,-1.770406e+00,-9.468734e-01,-4.562627e-01
8.111886e-01,9.972147e+00,-7.076227e-01,-1.954570e+00,-1.260924e+00,-4.243340e-01
8.842144e-01,1.146131e+01,1.071120e+00,-2.579026e+00,-1.418342e+00,-1.655184e-01
6.643401e+00,1.150123e+01,-1.646468e+00,-2.979602e+00,-1.376819e+00,-1.745612e-01
8.045156e+00,2.007769e+01,-2.549420e+00,-3.601243e+00,-1.326443e+00,1.917760e-01
-3.684188e+00,1.937985e+01,1.159735e+01,-4.138479e+00,-1.748476e+00,3.128237e-01
-1.457411e+01,2.909006e+01,2.096763e+01,-4.888363e+00,-4.659020e+00,-2.553628e-01
-1.513789e+01,2.024874e+01,2.098715e+01,-5.035109e+00,-4.831272e+00,-3.798659e-01
4.617815e+00,4.672323e+00,1.430672e+01,-2.767864e+00,-1.904513e+00,2.894078e-02
9.726924e+00,1.122159e+01,1.089975e+01,-1.190847e+00,9.559470e-01,6.352843e-01
6.162668e+00,5.746727e+00,9.704085e+00,-6.715675e-01,2.439910e+00,5.182766e-01
4.441117e+00,2.237257e+00,6.848512e+00,1.040131e+00,1.856391e+00,-2.066713e-02
2.208086e+00,-9.847846e-01,7.823565e+00,3.234484e+00,1.138362e+00,-6.529163e-01
2.204311e+00,-9.187744e-01,7.599103e+00,3.938471e+00,1.096947e+00,-8.300413e-01
3.559459e+00,1.311756e+00,8.820856e+00,5.075215e+00,1.685544e+00,-9.798012e-01
4.013787e+00,1.513787e+00,1.073958e+01,5.653611e+00,1.905764e+00,-6.877082e-01
4.762128e+00,2.450424e+00,1.398042e+01,6.713683e+00,1.692668e+00,-3.560415e-01
4.647240e+00,2.522059e+00,1.379191e+01,7.367003e+00,1.350228e+00,-1.208309e-01
-7.272992e-01,4.655877e+00,1.207554e+01,8.348541e+00,7.234565e-01,1.679685e-01
-5.277233e+00,8.039471e+00,9.307938e+00,8.408582e+00,2.258894e-01,2.920514e-01
-1.229882e+01,-1.336437e+01,7.342598e+00,6.061152e+00,2.020375e-01,5.138372e-01
1.689235e+00,-1.135987e+01,8.943228e+00,3.980779e+00,1.198067e+00,1.831795e-01
3.039627e+01,3.914963e+01,-3.684581e-01,-1.259032e+00,3.240645e+00,5.932744e-01
5.837231e+00,1.456986e+01,2.958340e+00,-3.758187e+00,3.160305e+00,6.295123e-01
4.580587e+00,-1.685771e+01,1.365516e+01,-2.811360e+00,3.552261e-01,2.745771e-01
8.268328e-01,5.749374e+00,1.757609e+01,-2.820636e+00,-1.286426e+00,-2.374988e+00
-3.981911e+00,2.683669e+01,1.258966e+01,-3.261109e+00,-1.590878e-01,1.814927e-01
-6.628203e+00,9.320528e+00,8.719229e+00,-3.124169e+00,-2.044330e-01,1.559149e-01
3.793437e+00,5.112102e+00,3.948034e+00,-1.277312e+00,2.417384e-01,-1.332803e-01
7.435244e+00,1.269184e+01,4.561844e+00,-8.184696e-01,1.544518e+00,4.897774e-01
1.158264e+00,1.075154e+01,3.445801e+00,-8.740693e-01,1.511097e+00,1.410442e-01
-4.109966e+00,8.149221e+00,3.726806e+00,-8.356450e-01,5.589744e-01,-1.106893e-01
-2.722465e+00,9.700847e+00,2.652411e+00,-5.817284e-01,-1.108170e+00,-4.847641e-01
7.489742e-01,9.668754e+00,2.693768e-01,-6.569901e-01,-7.057441e-01,-4.021500e-01
-6.993361e-01,6.572015e+00,1.022878e+00,-7.936919e-01,2.035112e-01,-5.981529e-02
-1.549237e+00,6.499655e+00,2.214172e+00,-9.528752e-01,2.312016e-01,-8.061595e-02
1.257778e+00,7.972466e+00,4.544640e+00,-1.284139e+00,-1.589762e-01,-2.611305e-01
2.615970e+00,8.093920e+00,4.238598e+00,-1.467484e+00,-1.508877e-01,-2.519997e-01
3.409682e+00,8.234663e+00,4.721716e-01,-1.508696e+00,-2.723910e-01,-3.251046e-01
2.898705e+00,8.347150e+00,-3.167459e+00,-1.589670e+00,-4.230036e-01,-3.014437e-01
3.714564e+00,1.027647e+01,-1.183319e+00,-2.045641e+00,-8.079147e-01,-1.159618e-01
6.110560e+00,1.134455e+01,-6.245617e-01,-2.582781e+00,-1.140584e+00,-1.186885e-01
8.281686e+00,1.771330e+01,-4.877111e+00,-3.368211e+00,-1.687928e+00,-9.936778e-02
-5.460579e-01,1.805196e+01,2.739230e+00,-3.772661e+00,-1.957724e+00,1.611315e-01
-6.885744e+00,2.368134e+01,1.702675e+01,-4.490110e+00,-3.515722e+00,1.052558e-01
-7.547164e+00,2.611937e+01,1.800651e+01,-4.842155e+00,-4.594727e+00,-3.992014e-01
-5.187399e-01,3.678584e+00,1.832138e+01,-4.074409e+00,-2.639826e+00,2.691239e-02
4.095904e+00,3.495648e+00,1.316952e+01,-2.506545e+00,-1.482273e+00,3.661300e-01
4.313587e+00,9.682249e+00,1.108106e+01,-8.084705e-01,8.348448e-01,2.100461e-01
1.442852e+00,5.729350e+00,1.000783e+01,-6.239150e-01,1.284814e+00,1.426555e-01
8.886695e-01,2.683474e+00,7.425459e+00,1.596092e+00,9.136294e-01,-3.341443e-01
2.394726e+00,-2.420364e-01,8.431754e+00,2.984555e+00,1.113320e+00,-5.616541e-01
4.683791e+00,6.513350e-01,7.945023e+00,4.698475e+00,1.959788e+00,-8.486115e-01
5.037331e+00,1.782940e+00,8.838956e+00,5.305116e+00,2.242500e+00,-9.703156e-01
4.890347e+00,2.528419e+00,1.091255e+01,6.110131e+00,1.978741e+00,-7.124503e-01
4.697469e+00,3.884411e+00,1.431791e+01,6.773340e+00,1.498134e+00,-6.837455e-01
2.153744e+00,7.574483e+00,1.111577e+01,7.843826e+00,8.061566e-01,-7.304710e-01
-6.414708e-01,8.955914e+00,9.581040e+00,8.240343e+00,5.651155e-01,-7.668382e-01
-1.306248e+01,-6.865757e+00,5.752111e+00,7.403052e+00,2.842570e-01,-5.519699e-01
-8.227772e+00,-1.464510e+01,7.042140e+00,5.855022e+00,-4.151869e-02,-2.197186e-01
6.306501e+00,2.873085e+00,8.639431e+00,2.140173e+00,2.277021e+00,2.713088e-01
2.872612e+01,3.705787e+01,-6.550165e+00,-5.656645e-01,3.236007e+00,4.446152e-01
2.423431e+00,-3.370019e+00,7.978965e+00,-4.059253e+00,2.700587e+00,7.442760e-01
-2.214684e+00,-7.634506e+00,1.617837e+01,-2.257581e+00,1.971532e+00,1.849229e+00
-5.075490e-01,1.333194e+01,1.491220e+01,-3.557473e+00,-1.791906e+00,-1.754877e+00
-7.928939e+00,1.732484e+01,1.066691e+01,-4.066299e+00,-9.385824e-01,-7.910060e-01
-1.251119e+01,1.206387e+01,8.923480e+00,-2.722994e+00,-1.874922e+00,-5.238920e-01
-5.707706e+00,6.779748e+00,5.233773e+00,-1.722315e+00,-1.593830e+00,-6.781843e-01
6.191843e+00,1.154633e+01,3.642160e+00,-7.649090e-01,1.551121e+00,6.191079e-01
6.914388e+00,9.727296e+00,1.982324e+00,-6.132676e-01,2.674269e+00,7.879922e-01
-3.142431e-01,9.005312e+00,3.920738e+00,-6.184531e-01,1.687022e+00,5.211763e-01
-5.528626e-01,1.011584e+01,3.168952e+00,-5.833491e-01,3.570802e-01,6.406453e-02
1.019841e+00,9.010987e+00,3.833196e-01,-6.682172e-01,-2.490772e-01,-1.391023e-01
3.682231e-01,7.810739e+00,5.170661e-01,-6.908866e-01,-1.070084e-01,-1.286442e-01
-1.595042e-01,9.178887e+00,4.285046e+00,-1.037467e+00,-2.926587e-01,-1.506923e-01
1.360021e+00,9.360368e+00,5.146684e+00,-1.196668e+00,-4.566119e-01,-2.213339e-01
3.584989e+00,9.469707e+00,2.917087e+00,-1.412587e+00,-3.788889e-01,-1.459254e-01
3.186634e+00,7.354677e+00,-1.011382e+00,-1.405619e+00,-4.861910e-01,-1.590370e-01
2.704841e+00,1.003729e+01,-2.705423e+00,-1.655978e+00,-8.816961e-01,-4.693674e-02
-7.886006e-01,1.138167e+01,1.197449e+00,-2.205405e+00,-1.331428e+00,-6.814196e-03
-1.962497e+00,1.260779e+01,3.391933e+00,-2.867368e+00,-1.858382e+00,-9.792889e-02
5.464449e+00,1.340681e+01,-7.459605e-01,-3.348524e+00,-1.761074e+00,1.468500e-01
5.655627e+00,1.814247e+01,-1.502445e-01,-3.630512e+00,-1.190828e+00,5.817045e-01
-1.615865e+00,1.441261e+01,8.755061e+00,-4.057667e+00,-1.977618e+00,7.596435e-01
-1.077918e+01,2.596225e+01,1.738450e+01,-4.384669e+00,-4.174105e+00,-8.148757e-02
-6.042977e+00,1.282412e+01,1.844658e+01,-4.331707e+00,-3.255132e+00,-6.288614e-01
3.787122e+00,5.157771e+00,1.077830e+01,-1.687340e+00,-4.800143e-01,1.949948e-01
5.676859e+00,1.140002e+01,9.881521e+00,-1.176679e+00,1.100932e+00,2.658788e-01
3.886300e+00,7.728152e+00,9.446549e+00,-6.877199e-01,1.890657e+00,2.710004e-01
3.504514e+00,2.751661e+00,7.115345e+00,9.940421e-01,1.747874e+00,-7.393593e-02
4.559037e+00,5.848236e-01,7.926673e+00,2.981295e+00,1.849293e+00,-6.500691e-01
4.317881e+00,1.382842e+00,7.979716e+00,3.695677e+00,1.986220e+00,-8.042662e-01
3.663324e+00,2.231715e+00,8.748074e+00,4.705858e+00,1.847860e+00,-7.795001e-01
3.294819e+00,1.858191e+00,9.840968e+00,5.524698e+00,1.575550e+00,-6.280921e-01
4.459983e+00,2.159990e+00,1.450994e+01,6.743678e+00,1.216258e+00,-4.469137e-01
5.129848e+00,2.782235e+00,1.299122e+01,7.308296e+00,1.064171e+00,-3.202911e-01
2.032931e+00,4.778679e+00,1.140458e+01,8.223158e+00,6.806161e-01,-9.789889e-02
-5.590576e+00,5.238735e+00,9.994172e+00,7.910501e+00,3.303445e-01,2.448062e-03
-7.972704e+00,-1.233940e+01,6.415063e+00,5.607240e+00,-2.936853e-02,-2.956834e-02
-2.708343e+00,-1.323206e+01,7.724382e+00,3.693787e+00,1.021827e+00,-1.381417e-01
8.861445e+00,1.019595e+01,7.900227e+00,-1.108290e+00,2.580435e+00,5.430874e-01
3.483726e+01,3.608260e+01,-7.320282e+00,-3.880660e+00,2.162392e+00,5.194038e-01
-2.089685e+01,-1.410036e+01,1.727627e+01,-1.331217e+00,1.282323e+00,1.562187e+00
-8.929346e+00,-1.680061e+00,1.697237e+01,-1.310358e+00,-1.913806e+00,-1.419242e+00
-3.332235e+00,1.588252e+01,9.883411e+00,-4.126170e+00,-3.070235e-01,-1.651648e-01
-3.955224e+00,1.368003e+01,1.031138e+01,-2.858101e+00,2.680624e-01,4.668407e-01
-2.052210e-01,8.219925e+00,3.716793e+00,-1.394765e+00,2.564598e-01,-1.954506e-01
4.415297e+00,8.514134e+00,4.040546e+00,-1.265166e+00,1.030180e+00,5.766347e-01
6.177375e+00,1.171369e+01,3.361135e+00,-9.628182e-01,1.608645e+00,4.443877e-01
1.900505e+00,1.004723e+01,3.101281e+00,-1.050169e+00,7.365524e-01,2.193485e-01
-2.865944e+00,8.534668e+00,2.494618e+00,-9.049537e-01,-8.216436e-01,-2.849901e-01
-3.142023e+00,8.077159e+00,1.705550e+00,-9.000000e-01,-1.111123e+00,-3.374615e-01
-6.622636e-01,7.225484e+00,6.970986e-01,-9.762203e-01,-7.462299e-01,-2.614077e-01
9.379045e-02,7.757242e+00,1.375878e+00,-1.116761e+00,-4.256115e-01,-1.914029e-01
5.487816e-01,7.828885e+00,5.284158e+00,-1.408320e+00,-5.918682e-01,-2.779795e-01
2.638699e+00,8.853500e+00,5.186919e+00,-1.500171e+00,-7.544955e-01,-3.693332e-01
3.915082e+00,8.260855e+00,-1.008177e+00,-1.596171e+00,-7.575282e-01,-3.438834e-01
2.130653e+00,8.999282e+00,-2.267867e+00,-1.747230e+00,-1.023995e+00,-2.825661e-01
-1.449810e+00,1.127220e+01,1.579810e+00,-2.386891e+00,-1.529997e+00,-1.324535e-01
3.960992e-01,1.179604e+01,2.287916e+00,-2.778732e+00,-1.653393e+00,-6.981092e-02
1.113648e+01,1.431903e+01,-5.113266e+00,-3.304915e+00,-1.224421e+00,3.649957e-01
8.219512e+00,1.813498e+01,-6.137160e+00,-3.475923e+00,-9.224397e-01,6.663994e-01
-4.454459e+00,1.996430e+01,1.230587e+01,-4.164189e+00,-2.797416e+00,5.401961e-01
-9.447243e+00,2.500836e+01,1.694421e+01,-4.522866e+00,-4.277451e+00,5.299724e-02
-9.242249e+00,1.963112e+01,1.611709e+01,-4.294566e+00,-3.179373e+00,1.619052e-01
1.117553e+00,1.155292e+00,1.751909e+01,-2.508561e+00,-1.501952e+00,5.375475e-01
6.303138e+00,6.893860e+00,1.125000e+01,8.577876e-03,1.682729e+00,1.102469e+00
4.888045e+00,8.201619e+00,1.153108e+01,-2.996930e-01,2.156490e+00,4.649803e-01
3.114851e+00,6.006503e+00,7.999598e+00,8.349459e-01,1.672232e+00,2.175477e-01
2.517506e+00,3.224116e+00,7.855190e+00,2.212646e+00,1.420749e+00,5.939326e-02
4.055884e+00,-1.000145e+00,8.522307e+00,4.396979e+00,1.419909e+00,-5.165685e-01
5.009371e+00,1.950830e+00,8.735293e+00,5.308467e+00,1.713323e+00,-9.572027e-01
4.082777e+00,2.580000e+00,1.103065e+01,6.172219e+00,1.420529e+00,-8.383823e-01
3.595797e+00,2.731304e+00,1.315957e+01,6.762810e+00,1.042972e+00,-8.024772e-01
3.293036e+00,3.905978e+00,1.197634e+01,7.916676e+00,6.535795e-01,-8.163362e-01
7.078736e-01,6.137985e+00,1.034767e+01,8.359940e+00,6.802237e-01,-7.466980e-01
-1.141471e+01,-5.318144e+00,7.366603e+00,7.590494e+00,5.340041e-01,-3.028323e-01
-1.224811e+01,-1.228816e+01,5.572001e+00,6.077872e+00,2.828939e-01,5.694775e-02
2.862245e+00,1.741275e+00,4.620956e+00,2.104032e+00,2.177700e+00,1.552373e-01
2.404702e+01,3.575549e+01,-4.362732e+00,-1.286686e+00,3.340044e+00,6.905975e-01
-2.062047e+00,4.852926e-01,1.709337e+01,-3.870648e+00,3.386543e+00,1.779836e+00
2.811987e+00,-1.361066e+01,1.644704e+01,-4.044813e+00,2.825334e-01,-8.970025e-01
6.388314e-01,9.631500e+00,1.463304e+01,-3.150106e+00,2.676776e-01,-9.292138e-01
-1.630513e+00,2.635931e+01,1.231310e+01,-2.718125e+00,4.967197e-02,2.571208e-01
1.413047e-01,4.364132e+00,4.852542e+00,-1.492263e+00,8.427344e-01,-2.339596e-01
6.071000e+00,5.388963e+00,2.367189e+00,-6.917452e-01,1.642382e+00,2.319090e-01
5.763065e+00,1.368883e+01,2.210094e+00,-5.738014e-01,1.711792e+00,2.548878e-01
-2.549050e-01,9.425095e+00,1.851908e+00,-7.486743e-01,3.834653e-01,-1.390519e-01
-1.104878e+00,9.455436e+00,9.134211e-01,-6.616478e-01,-1.180586e+00,-5.519971e-01
-3.911337e-01,1.081660e+01,4.421775e-02,-7.495825e-01,-1.110827e+00,-5.902075e-01
-2.365184e+00,7.547853e+00,9.188648e-01,-9.809493e-01,-8.668537e-01,-4.874497e-01
-3.760516e+00,7.618775e+00,2.543845e+00,-1.135930e+00,-9.765336e-01,-5.261956e-01
-4.446004e-01,8.137734e+00,3.891362e+00,-1.505657e+00,-1.037673e+00,-4.588381e-01
2.172389e+00,7.595785e+00,5.156289e+00,-1.605973e+00,-7.292455e-01,-3.786873e-01
1.927623e+00,9.392103e+00,4.197126e+00,-1.616296e+00,-5.034119e-01,-3.640067e-01
3.036894e-01,8.135243e+00,2.394563e+00,-1.686021e+00,-6.246470e-01,-2.492656e-01
2.116376e+00,1.045902e+01,-1.624704e+00,-1.789395e+00,-6.262983e-01,-5.671607e-02
2.111744e+00,1.125274e+01,-8.659132e-01,-2.096206e+00,-5.729225e-01,1.216395e-01
4.845698e+00,1.064758e+01,-4.886664e-01,-2.694003e+00,-9.004675e-01,1.682230e-01
1.227142e+01,1.278897e+01,-4.541119e+00,-3.016684e+00,-1.068881e+00,3.125001e-01
1.089543e+00,1.520806e+01,1.675487e+00,-3.496997e+00,-1.450005e+00,4.620206e-01
-6.735819e+00,2.170612e+01,1.158219e+01,-4.092314e+00,-3.126518e+00,9.994430e-02
-1.448599e+01,2.918164e+01,1.739377e+01,-4.857175e+00,-4.893836e+00,-3.183784e-01
-7.262071e+00,1.037323e+01,1.929392e+01,-4.173217e+00,-3.505163e+00,-1.209070e-02
8.551837e+00,7.697499e+00,1.205378e+01,-1.188272e+00,-1.536563e-02,8.287446e-01
9.702160e+00,1.249224e+01,1.081821e+01,-1.110161e+00,2.151572e+00,6.811035e-01
4.462266e+00,6.076785e+00,9.226167e+00,-9.556135e-02,1.801640e+00,1.321359e-01
2.943879e+00,3.579532e+00,6.964277e+00,1.876508e+00,9.896872e-01,-5.375677e-01
2.025524e+00,-5.863322e-01,8.939206e+00,3.843784e+00,6.275507e-01,-1.140227e+00
3.238080e+00,1.888014e+00,9.255738e+00,4.615122e+00,8.865257e-01,-1.511703e+00
3.550978e+00,2.876884e+00,1.115153e+01,5.508617e+00,1.505583e+00,-1.541247e+00
3.459982e+00,2.154938e+00,1.310610e+01,6.372814e+00,1.618714e+00,-1.150953e+00
2.368552e+00,2.683589e+00,1.222000e+01,7.638892e+00,1.548758e+00,-7.986919e-01
1.324774e+00,4.366442e+00,1.390772e+01,8.292368e+00,1.530911e+00,-4.279111e-01
-4.193860e+00,3.244346e+00,1.045832e+01,8.217856e+00,1.516200e+00,4.853129e-01
-5.302492e+00,-8.307576e+00,6.763721e+00,7.383474e+00,1.525509e+00,9.171677e-01
3.225728e+00,-1.169004e+01,8.477098e+00,4.205226e+00,3.070439e+00,6.854676e-01
1.219199e+01,1.017393e+01,3.041384e+00,6.179014e-01,3.467231e+00,7.053968e-01
6.371945e+00,2.552466e+01,8.296080e+00,-3.690706e+00,1.308379e+00,2.966551e-02
-1.225012e+01,-3.311126e+00,1.487113e+01,-3.272222e+00,4.330076e-01,1.053901e-01
3.559634e+00,-5.005167e+00,1.677300e+01,-3.204880e+00,-3.335269e+00,-3.042712e+00
-5.523008e+00,1.681752e+01,1.222567e+01,-3.776495e+00,-2.140914e-01,-9.832760e-01
-5.286502e+00,1.521670e+01,1.124194e+01,-2.744162e+00,-5.048505e-02,2.535111e-01
1.038855e+00,7.726435e+00,5.736058e+00,-1.698732e+00,4.171186e-01,-2.121038e-01
6.223312e+00,9.284381e+00,4.056608e+00,-7.336857e-01,1.919580e+00,6.313604e-01
6.373346e+00,1.307307e+01,4.215680e+00,-5.934770e-01,1.493316e+00,3.555952e-01
-1.555604e-01,1.072359e+01,2.773901e+00,-7.994003e-01,3.280068e-02,-5.229436e-02
-2.330403e+00,9.611912e+00,9.065447e-01,-6.228072e-01,-8.592611e-01,-2.640234e-01
-2.464573e+00,9.707910e+00,-8.991045e-01,-4.778176e-01,-1.154626e+00,-4.926562e-01
-4.382042e+00,6.022304e+00,-1.252199e+00,-6.559541e-01,-9.196813e-01,-2.915804e-01
-2.541745e+00,7.792489e+00,2.284978e+00,-1.001043e+00,-6.853396e-01,-3.659234e-01
2.676279e+00,7.870459e+00,2.836607e+00,-1.286890e+00,-3.515447e-01,-2.726164e-01
5.125492e+00,8.545132e+00,2.232038e+00,-1.474023e+00,6.387501e-02,-2.353065e-01
2.127614e+00,8.257503e+00,-5.175869e-01,-1.631227e+00,-4.060757e-01,-4.701933e-01
-1.339895e+00,9.047969e+00,-1.191335e+00,-2.018301e+00,-1.211275e+00,-4.863559e-01
-2.537613e+00,1.029082e+01,1.873228e+00,-2.366439e+00,-1.306530e+00,-4.045932e-01
3.847522e+00,1.153641e+01,2.451161e+00,-3.022828e+00,-1.080780e+00,-8.501030e-02
1.230867e+01,1.165740e+01,-1.111601e+00,-3.376638e+00,-5.322759e-01,2.788505e-01
1.408727e+01,1.612892e+01,-5.388019e+00,-3.622170e+00,-5.939946e-01,3.986510e-01
-3.815636e+00,1.746008e+01,1.164449e+01,-4.051331e+00,-1.613972e+00,2.722446e-01
-1.196751e+01,3.193359e+01,1.833886e+01,-4.698930e+00,-5.012518e+00,-5.920261e-01
-1.489046e+01,2.051588e+01,1.842782e+01,-4.853734e+00,-5.104208e+00,-5.212519e-01
5.146095e+00,4.700698e+00,1.380082e+01,-2.019554e+00,-2.352986e+00,1.790287e-01
8.799631e+00,1.366161e+01,1.014996e+01,-1.004739e+00,6.373789e-01,6.209018e-01
4.254621e+00,9.050565e+00,1.136614e+01,-9.618688e-01,1.524924e+00,2.674821e-01
1.486492e+00,3.557629e+00,8.862748e+00,1.385370e+00,5.716605e-01,-5.014504e-01
1.802225e+00,4.143737e-01,8.934374e+00,3.732695e+00,5.567351e-01,-8.569283e-01
2.470000e+00,1.020131e+00,9.918099e+00,4.716355e+00,9.918884e-01,-9.808383e-01
2.715160e+00,1.362420e+00,1.040541e+01,5.681961e+00,1.667563e+00,-1.142394e+00
2.776081e+00,1.131606e+00,1.269111e+01,6.534829e+00,1.791164e+00,-9.452354e-01
2.653094e+00,2.623048e+00,1.292501e+01,7.627179e+00,1.742482e+00,-7.292355e-01
2.590089e+00,4.116165e+00,1.438788e+01,8.159476e+00,1.596179e+00,-5.543244e-01
-3.080395e+00,5.795225e+00,9.020302e+00,8.281273e+00,1.685276e+00,-1.146435e-01
-1.023057e+01,-5.332702e+00,6.390535e+00,7.394567e+00,1.216977e+00,1.663206e-01
1.379630e+00,-1.248539e+01,4.648497e-01,4.505097e+00,2.099965e+00,-2.153842e-01
8.642843e+00,-3.916078e+00,2.721867e+00,2.168879e+00,3.226691e+00,1.143767e-01
2.823818e+01,3.823651e+01,-2.684189e+00,-2.701670e+00,3.107419e+00,7.570528e-01
-9.147906e-01,3.560242e-01,1.644004e+01,-4.083508e+00,3.452921e+00,1.774896e+00
4.962670e+00,-1.532537e+01,1.513383e+01,-4.612780e+00,-1.130688e+00,-2.317515e+00
-7.750689e-01,1.272926e+01,1.543453e+01,-3.401242e+00,-8.420101e-01,-1.463222e+00
-1.959117e+01,2.812746e+01,1.529443e+01,-3.296546e+00,-2.030298e+00,-3.172625e-01
-3.308699e+00,4.194222e+00,6.904392e+00,-2.300192e+00,-1.571406e+00,-7.762324e-01
7.314067e+00,4.704200e+00,5.330594e+00,-4.909189e-01,2.618243e+00,1.064870e+00
1.145366e+01,1.511366e+01,4.301817e+00,-3.715250e-01,3.278880e+00,8.916676e-01
1.171100e+00,8.996020e+00,3.073588e+00,-6.621209e-01,1.496712e+00,4.585158e-01
2.377597e-01,9.966640e+00,2.088610e+00,-3.095106e-01,-2.662251e-01,-1.769675e-02
3.272470e-01,9.385136e+00,2.925680e-01,-4.459724e-01,-7.663820e-01,-3.524651e-01
-1.200973e+00,7.893163e+00,9.460303e-01,-5.842458e-01,-4.504390e-01,-2.635639e-01
-2.803263e+00,7.251957e+00,3.951251e+00,-9.114265e-01,-5.227819e-01,-2.381856e-01
9.633117e-02,8.143000e+00,4.621333e+00,-1.039342e+00,-5.724457e-01,-2.545750e-01
3.660445e+00,7.921444e+00,3.743649e+00,-1.179103e+00,-3.916160e-01,-2.086036e-01
3.321395e+00,8.610263e+00,-1.488186e-01,-1.154782e+00,-5.187564e-01,-2.337390e-01
-9.522948e-01,8.179996e+00,-4.386078e+00,-1.382029e+00,-1.022180e+00,-1.863648e-01
-3.542362e-01,1.035823e+01,-3.150002e+00,-1.681953e+00,-1.286455e+00,-6.545276e-02
6.712607e-01,1.052022e+01,6.765161e-01,-2.533495e+00,-1.215458e+00,1.277336e-01
5.140382e+00,1.270580e+01,-6.258901e-01,-3.094761e+00,-1.118025e+00,2.628898e-01
7.314459e+00,1.805749e+01,-2.914303e+00,-3.602338e+00,-9.819583e-01,7.909140e-01
-7.670533e-01,1.721252e+01,8.955194e+00,-3.901839e+00,-1.275000e+00,8.520626e-01
-8.253848e+00,2.816066e+01,1.691062e+01,-4.501142e+00,-3.802333e+00,1.794329e-01
-1.012590e+01,1.225520e+01,2.029643e+01,-4.556132e+00,-3.426787e+00,-1.483313e-01
2.044037e+00,7.633726e+00,1.270844e+01,-2.224863e+00,-1.205851e+00,1.040484e-02
6.603269e+00,1.254590e+01,1.075595e+01,-1.750253e+00,1.450243e+00,5.953065e-01
5.414490e+00,5.692775e+00,8.630675e+00,-7.247120e-01,2.284071e+00,3.317014e-01
4.430985e+00,3.212755e+00,7.207669e+00,1.423243e+00,1.616426e+00,-2.337383e-01
2.991660e+00,1.560361e+00,7.606897e+00,3.210926e+00,9.027922e-01,-7.246240e-01
2.225903e+00,2.588195e+00,8.188226e+00,3.981823e+00,8.317926e-01,-1.043683e+00
1.389175e+00,2.966080e+00,1.017873e+01,4.919454e+00,9.058411e-01,-1.129368e+00
1.412789e+00,2.526732e+00,1.143963e+01,5.671498e+00,1.036583e+00,-1.120303e+00
3.239810e+00,3.483321e+00,1.536833e+01,6.904107e+00,1.413252e+00,-1.003719e+00
4.714868e+00,5.215094e+00,1.302798e+01,7.544451e+00,1.688860e+00,-7.843077e-01
9.871460e-01,5.187042e+00,9.204261e+00,8.129639e+00,1.735076e+00,-3.175783e-01
-1.004429e+01,-4.532948e+00,6.793936e+00,7.641040e+00,1.285382e+00,-2.133087e-01
-4.159963e+00,-1.439113e+01,8.938072e+00,5.028936e+00,1.088048e+00,-4.075468e-01
3.033442e+00,-7.712699e+00,7.920657e+00,2.895134e+00,2.170603e+00,-3.073446e-01
3.711409e+01,3.938835e+01,-5.507600e+00,-1.575834e+00,3.617918e+00,6.836616e-01
1.048912e+01,1.571394e+01,6.426423e+00,-3.893008e+00,3.287019e+00,8.849724e-01
-3.806621e+00,-4.703541e+00,1.575626e+01,-2.519737e+00,2.076170e-02,-8.820960e-01
1.760215e+00,1.254244e+01,8.757711e+00,-3.527973e+00,-6.211940e-01,-1.637491e+00
-8.513312e+00,1.685686e+01,1.422538e+01,-3.226910e+00,4.385714e-02,1.404418e-01
-8.451035e+00,9.336086e+00,6.580050e+00,-1.967027e+00,-6.812196e-01,-7.653395e-01
2.456649e+00,9.175071e+00,5.120604e+00,-1.252447e+00,2.383998e-01,1.311306e-01
7.667010e+00,1.303298e+01,3.942714e+00,-9.016604e-01,1.304991e+00,3.501334e-01
3.557527e+00,9.119031e+00,3.296699e+00,-9.822007e-01,1.397548e+00,1.492981e-01
-6.001094e-01,8.659242e+00,3.343285e+00,-7.823320e-01,1.386024e-01,-1.529676e-01
-9.425022e-01,9.353563e+00,2.387001e+00,-8.201163e-01,-8.938247e-01,-4.461758e-01
1.026209e+00,8.991252e+00,1.561656e+00,-8.450325e-01,-9.258466e-01,-4.562891e-01
3.871268e-01,7.451322e+00,1.328606e+00,-9.810796e-01,-7.044166e-01,-3.914072e-01
-2.450209e+00,7.731605e+00,4.271291e+00,-1.222750e+00,-9.479175e-01,-4.229827e-01
3.424321e-01,9.077464e+00,5.645392e+00,-1.414088e+00,-1.177748e+00,-4.034776e-01
2.749264e+00,8.767108e+00,2.734939e+00,-1.441047e+00,-9.071010e-01,-3.136424e-01
-5.191419e-01,7.007926e+00,-2.628113e+00,-1.424640e+00,-8.302492e-01,-2.621777e-01
-6.531770e-01,1.015857e+01,-2.918605e+00,-1.570881e+00,-1.158018e+00,-2.119112e-01
-1.049148e+00,1.044915e+01,1.220598e-01,-2.180941e+00,-1.214279e+00,-6.768616e-02
5.275548e+00,1.069567e+01,-1.729875e-01,-2.715051e+00,-1.136948e+00,6.179236e-02
1.447519e+01,1.059318e+01,-3.183033e+00,-3.304727e+00,-8.014337e-01,4.509876e-01
8.944449e+00,1.212180e+01,-3.933750e-01,-3.584216e+00,-1.017990e+00,3.780553e-01
-5.206740e+00,2.517817e+01,1.403837e+01,-4.308974e+00,-3.213753e+00,-2.400282e-01
-1.513167e+01,2.963431e+01,1.913771e+01,-4.927585e+00,-5.614377e+00,-6.145669e-01
-1.049022e+01,9.339174e+00,1.900295e+01,-4.293715e+00,-4.443339e+00,-3.368300e-01
6.325287e+00,4.592701e+00,1.493072e+01,-2.609911e+00,-2.424210e+00,4.812680e-01
1.172578e+01,1.167248e+01,1.140770e+01,-1.060225e+00,2.094873e+00,8.669236e-01
6.331483e+00,6.222868e+00,8.966288e+00,-8.781492e-01,2.611449e+00,6.908060e-01
1.753526e+00,2.913972e+00,6.399107e+00,1.609596e+00,1.211020e+00,-2.206774e-01
1.193351e+00,1.006502e+00,7.953552e+00,2.615268e+00,7.906081e-01,-6.398698e-01
2.988661e+00,2.255813e+00,9.795740e+00,4.011765e+00,1.011491e+00,-1.240407e+00
3.689983e+00,3.820050e+00,9.917805e+00,4.839800e+00,1.611338e+00,-1.530904e+00
4.092998e+00,1.449009e+00,1.416597e+01,6.064773e+00,1.687145e+00,-1.346702e+00
3.985655e+00,1.411769e+00,1.583076e+01,6.810629e+00,1.522301e+00,-1.298803e+00
4.009980e+00,1.075719e+00,1.414345e+01,7.862646e+00,1.094901e+00,-1.249139e+00
-1.680569e+00,2.256652e+00,9.415390e+00,8.392343e+00,7.661595e-01,-1.111092e+00
-1.673159e+01,-1.288759e+01,8.224151e+00,6.901097e+00,3.902108e-01,-7.875655e-01
-1.948854e+00,-1.454580e+01,1.362799e+01,4.868075e+00,6.236969e-01,-5.480827e-01
1.188314e+01,2.491134e+01,-2.556861e+00,3.426043e-01,3.711426e+00,7.143445e-01
3.718965e+01,3.898820e+01,-3.622265e+00,-3.023319e+00,4.388861e+00,1.099837e+00
-2.195848e+01,-7.002752e+00,1.722039e+01,-9.409618e-01,3.937305e+00,2.173815e+00
3.658228e+00,-4.827691e+00,1.949597e+01,-1.347758e+00,4.167485e-01,-2.872490e-01
9.406646e+00,1.156819e+01,5.760452e+00,-3.645345e+00,2.646884e+00,1.705723e-01
-3.609217e+00,1.764611e+01,1.082588e+01,-2.345146e+00,1.512337e+00,8.888506e-01
-7.099493e+00,6.185200e+00,5.314560e+00,-1.828683e+00,-9.935498e-01,-9.016527e-01
-4.862847e+00,8.650754e+00,5.715513e+00,-1.498191e+00,-8.736366e-01,-1.463256e-01
2.565323e+00,1.163566e+01,5.175747e+00,-1.039973e+00,1.792530e-01,-1.677365e-01
2.633023e+00,9.119961e+00,4.572471e+00,-1.020693e+00,9.257651e-01,2.340295e-01
1.272414e+00,8.582210e+00,3.303370e+00,-7.772191e-01,4.482725e-01,8.421893e-02
4.950558e-01,8.425901e+00,1.825311e+00,-7.393423e-01,9.123737e-02,-1.889185e-02
9.074504e-01,7.204770e+00,1.302307e+00,-8.010860e-01,-2.731129e-01,-1.950399e-01
1.683755e-01,6.102082e+00,3.248171e+00,-9.481965e-01,-4.894868e-01,-3.015143e-01
1.495480e+00,7.770089e+00,4.461684e+00,-1.185197e+00,-9.068429e-01,-4.534424e-01
-2.705867e-01,8.121350e+00,6.118429e-01,-1.271588e+00,-9.643052e-01,-5.340268e-01
-3.941980e-01,6.439105e+00,-1.794357e+00,-1.463497e+00,-1.125316e+00,-5.436874e-01
6.230371e-01,1.222131e+01,-1.402314e+00,-1.621591e+00,-1.143625e+00,-5.059934e-01
1.140783e+00,1.123673e+01,9.026902e-01,-2.419993e+00,-1.130575e+00,-3.156500e-01
4.078559e+00,1.410954e+01,4.027215e-02,-2.893656e+00,-1.245538e+00,-2.929908e-01
9.415729e+00,1.817370e+01,-4.239359e+00,-3.425406e+00,-1.019500e+00,2.121349e-01
5.452118e+00,1.627558e+01,6.514811e+00,-3.676230e+00,-1.103801e+00,4.368198e-01
2.786420e+00,2.107719e+01,1.463322e+01,-4.354869e+00,-2.534461e+00,-2.596401e-01
-4.155158e+00,2.441743e+01,1.671595e+01,-4.914395e+00,-3.705337e+00,-8.603124e-01
-1.248654e+00,1.966130e+00,1.535261e+01,-3.416228e+00,-3.697912e+00,-1.404884e+00
3.243033e+00,9.983923e+00,1.006479e+01,-1.511516e+00,-2.575329e+00,-1.242354e+00
-1.299246e+00,8.532259e+00,1.218463e+01,-1.572711e+00,-5.218899e-01,-1.036184e+00
-7.773382e-01,5.249065e+00,1.020640e+01,-7.877224e-02,4.820589e-02,-1.211692e+00
2.579063e+00,2.181088e+00,9.486271e+00,2.305579e+00,1.330687e+00,-1.004028e+00
4.708585e+00,5.761532e-02,9.274754e+00,3.681326e+00,2.470876e+00,-7.993437e-01
5.513633e+00,1.167689e+00,9.370000e+00,5.217370e+00,3.066038e+00,-8.005182e-01
5.784816e+00,1.231826e+00,1.012423e+01,5.816881e+00,2.901635e+00,-5.968092e-01
6.857389e+00,9.929087e-01,1.346223e+01,6.918990e+00,2.122757e+00,-1.958796e-01
7.867598e+00,2.050199e+00,1.092330e+01,7.675837e+00,1.393199e+00,-1.395965e-01
2.628804e+00,4.705596e+00,9.411767e+00,8.348774e+00,4.181566e-01,-1.834466e-01
-9.658768e+00,4.969793e+00,8.589280e+00,7.982873e+00,-9.944932e-02,-2.822498e-01
-1.104542e+01,-1.219452e+01,6.883466e+00,5.989299e+00,-8.590547e-01,-5.000581e-01
-9.945167e-01,-1.323176e+01,3.970821e+00,3.886931e+00,4.386101e-01,-5.672212e-01
1.062362e+01,2.375222e+01,-2.741439e-01,-8.797026e-01,2.875512e+00,5.705549e-01
2.118223e+01,3.661445e+01,3.495402e+00,-3.805505e+00,2.568340e+00,5.186711e-01
-9.625898e+00,-1.514205e+01,1.429622e+01,-2.069709e+00,9.546858e-01,1.379600e+00
-4.814794e-01,-1.335833e+00,1.724636e+01,-1.350923e+00,-1.873001e+00,-1.727533e+00
3.601172e-01,2.188829e+01,1.093360e+01,-3.731394e+00,4.055243e-01,-5.394839e-03
-1.246668e+00,1.611694e+01,1.004004e+01,-3.470567e+00,1.003795e+00,4.401603e-01
-4.032952e+00,5.666227e+00,4.933593e+00,-1.322170e+00,-7.368985e-02,-1.591588e-01
1.990570e+00,1.011515e+01,4.801894e+00,-9.550103e-01,1.869546e-01,1.727921e-01
5.432997e+00,1.107482e+01,2.848230e+00,-8.048154e-01,1.079013e+00,4.087034e-01
3.813691e+00,8.935699e+00,2.194752e+00,-8.628700e-01,1.031760e+00,3.077534e-01
3.706892e-01,9.904479e+00,1.584709e+00,-7.280530e-01,-2.331702e-01,-3.837343e-03
-1.317340e+00,9.577800e+00,1.257120e+00,-7.816288e-01,-9.633470e-01,-2.554351e-01
-2.809352e+00,7.435324e+00,5.374417e-01,-9.088073e-01,-1.413312e+00,-3.538980e-01
-5.443916e+00,7.155926e+00,2.096875e+00,-1.092411e+00,-1.450805e+00,-4.339845e-01
-1.404628e+00,8.633336e+00,4.751056e+00,-1.377938e+00,-1.327856e+00,-4.420078e-01
2.695621e+00,8.743465e+00,4.565668e+00,-1.516088e+00,-8.223672e-01,-3.016535e-01
3.272198e+00,8.260214e+00,-3.238873e-01,-1.511167e+00,-2.905189e-02,-1.132961e-01
3.465276e+00,9.578585e+00,-1.735847e+00,-1.617964e+00,-8.735527e-02,-6.776934e-02
3.136915e+00,1.185171e+01,-6.678952e-01,-2.113932e+00,-5.055627e-01,-1.049901e-02
3.339399e+00,1.171283e+01,8.531109e-01,-2.598523e+00,-8.207895e-01,-4.048693e-03
7.886141e+00,1.474852e+01,-3.183111e+00,-3.282249e+00,-1.412840e+00,6.520857e-02
5.840557e+00,1.807318e+01,-3.391898e+00,-3.685364e+00,-1.439600e+00,3.462319e-01
-6.006599e+00,2.014910e+01,1.352406e+01,-4.276534e+00,-2.490561e+00,3.677210e-01
-9.221691e+00,3.051474e+01,1.862841e+01,-4.576369e+00,-3.483843e+00,1.609752e-02
-9.018754e+00,1.353886e+01,1.850543e+01,-4.915170e+00,-3.558898e+00,-1.420940e-01
4.099215e+00,1.714739e+00,1.383934e+01,-2.921916e+00,-1.965085e+00,3.754387e-01
6.040261e+00,1.063197e+01,1.002571e+01,-9.082344e-01,1.094482e+00,5.214754e-01
1.369985e+00,6.875733e+00,1.202551e+01,-9.705013e-01,1.452710e+00,2.860815e-01
1.738413e+00,1.975397e+00,7.363686e+00,1.867586e+00,4.551411e-01,-6.445042e-01
3.649564e+00,2.856223e-01,8.675256e+00,3.209685e+00,8.215456e-01,-8.463674e-01
4.969242e+00,1.259545e+00,8.658091e+00,4.720918e+00,1.649984e+00,-1.058591e+00
4.632649e+00,1.218129e+00,1.006313e+01,5.522498e+00,2.073321e+00,-1.064650e+00
3.712068e+00,2.107199e+00,1.390500e+01,6.547701e+00,1.885730e+00,-7.570359e-01
2.890521e+00,2.938010e+00,1.276570e+01,7.183065e+00,1.522760e+00,-6.049964e-01
4.396041e+00,4.606407e+00,1.284086e+01,8.112512e+00,1.124929e+00,-2.282763e-01
3.126001e-01,4.602647e+00,8.936699e+00,8.355426e+00,1.138123e+00,1.263787e-01
-8.790218e+00,-9.973036e+00,5.882426e+00,6.976079e+00,2.004872e-01,4.360738e-01
-6.751346e-01,-1.372359e+01,6.590781e+00,4.865458e+00,1.706084e-01,-9.926579e-02
8.508085e+00,2.709595e+01,-4.379944e+00,7.472904e-01,1.228973e+00,-9.419440e-04
1.814903e+01,3.935767e+01,-2.138311e-01,-2.704000e+00,1.345398e+00,1.180318e-01
-5.240852e+00,-6.204682e+00,1.442697e+01,-2.746929e+00,7.733926e-01,9.006337e-01
4.282090e+00,-6.126284e+00,1.316208e+01,-2.383301e+00,-1.008657e+00,-1.335083e+00
-1.446979e-01,2.155589e+01,1.397426e+01,-2.949032e+00,8.663248e-01,-3.221453e-01
-5.092869e+00,1.803310e+01,9.180715e+00,-3.199862e+00,6.412064e-01,1.655530e-01
-3.337713e+00,4.394286e+00,5.591142e+00,-1.827251e+00,-3.195588e-01,-2.451095e-01
5.332215e-01,8.827254e+00,5.055774e+00,-9.352705e-01,2.080295e-01,4.690144e-03
6.308561e+00,1.276948e+01,4.697595e+00,-1.027164e+00,1.504245e+00,5.525831e-01
3.689484e+00,9.128786e+00,2.530052e+00,-8.757644e-01,1.645772e+00,4.108055e-01
1.152804e+00,8.918784e+00,2.306416e+00,-7.583385e-01,3.218080e-01,8.440006e-02
6.439840e-01,1.006397e+01,1.486467e+00,-7.119686e-01,-3.324725e-01,-1.795553e-01
-1.783437e+00,7.446886e+00,5.775317e-01,-8.382462e-01,-6.599500e-01,-2.775822e-01
-4.182140e+00,6.876590e+00,1.901080e+00,-9.586554e-01,-9.235796e-01,-3.542089e-01
-1.252530e+00,8.765209e+00,4.988992e+00,-1.253775e+00,-1.045627e+00,-3.979928e-01
6.285387e+00,9.408406e+00,4.840181e+00,-1.368267e+00,-5.977142e-01,-2.583471e-01
5.352146e+00,9.586130e+00,1.270810e+00,-1.311623e+00,-3.952451e-02,-1.119799e-01
1.117382e+00,8.989387e+00,-2.680022e-01,-1.421432e+00,-4.877863e-01,-1.680594e-01
-2.050174e+00,1.216187e+01,-1.086674e+00,-1.704184e+00,-1.517190e+00,-2.770787e-01
-3.348572e+00,1.049364e+01,1.001817e+00,-2.206725e+00,-1.901714e+00,-2.207680e-01
6.593610e+00,1.327560e+01,9.681215e-01,-2.930825e+00,-1.821453e+00,1.041807e-01
1.275717e+01,1.600075e+01,-6.128855e+00,-3.309440e+00,-1.276446e+00,5.100511e-01
-2.596465e+00,1.445653e+01,6.148619e+00,-3.728543e+00,-1.586147e+00,5.269858e-01
-8.574880e+00,2.075674e+01,1.429045e+01,-4.155404e+00,-3.468484e+00,3.745857e-01
-1.310745e+01,2.632735e+01,1.692197e+01,-4.609213e+00,-5.071599e+00,-2.819109e-02
-3.915055e+00,5.561008e+00,1.785609e+01,-4.438237e+00,-3.496781e+00,5.981746e-02
6.977967e+00,5.129905e+00,1.254005e+01,-1.310429e+00,4.668750e-02,1.044002e+00
7.645597e+00,1.130232e+01,1.139720e+01,-9.275993e-01,2.029184e+00,8.495770e-01
2.715872e+00,5.784208e+00,9.619266e+00,-2.698554e-01,1.981714e+00,4.061875e-01
1.406311e+00,2.594719e+00,7.955435e+00,1.252244e+00,1.356514e+00,-1.532420e-02
1.967590e+00,-3.492347e-01,9.154870e+00,3.245070e+00,9.880112e-01,-4.438480e-01
3.289717e+00,1.447006e+00,9.312834e+00,4.294624e+00,1.368310e+00,-8.117899e-01
4.077013e+00,2.749546e+00,1.033458e+01,5.377226e+00,2.067575e+00,-1.147721e+00
3.856145e+00,1.662289e+00,1.266304e+01,6.122556e+00,1.978673e+00,-1.104830e+00
3.378832e+00,3.775871e+00,1.479922e+01,7.325708e+00,1.565065e+00,-1.185574e+00
4.577940e+00,6.085102e+00,1.271062e+01,7.942092e+00,1.306603e+00,-1.215385e+00
-1.262902e+00,4.131038e+00,8.275401e+00,8.539363e+00,1.044846e+00,-9.861033e-01
-1.223419e+01,-6.754165e+00,7.418543e+00,8.009121e+00,9.844039e-01,-7.273417e-01
-6.368127e+00,-1.446955e+01,1.042372e+01,4.978999e+00,6.847499e-01,-7.857082e-01
7.854142e+00,3.739978e+00,6.530863e+00,1.930918e+00,2.377415e+00,-1.106757e-01
2.947993e+01,3.474723e+01,7.481855e-01,-2.646919e+00,4.153215e+00,9.044303e-01
2.182012e-01,-6.853380e+00,1.111761e+01,-3.585854e+00,4.095570e+00,1.635657e+00
-1.230268e+00,-6.340833e-01,1.590882e+01,-1.893424e+00,-3.446609e-01,-1.466941e+00
-2.704442e+00,1.994872e+01,1.146147e+01,-3.116105e+00,-6.841092e-01,-1.604262e+00
-4.321529e+00,1.883630e+01,8.760035e+00,-3.108491e+00,-3.913440e-01,2.389396e-01
-8.094633e+00,4.460777e+00,3.874932e+00,-2.064904e+00,-1.005284e+00,-6.168373e-01
2.859980e+00,1.052839e+01,3.983981e+00,-9.843205e-01,1.650750e-01,2.524191e-01
6.108736e+00,1.296586e+01,3.162724e+00,-9.324894e-01,1.714470e+00,6.720104e-01
2.587804e+00,7.833771e+00,2.352466e+00,-1.028334e+00,1.637758e+00,4.703956e-01
1.965929e-01,8.578653e+00,2.361749e+00,-9.267165e-01,5.995124e-01,1.486151e-01
-1.067933e+00,9.214451e+00,1.495754e+00,-1.003917e+00,-4.438710e-01,-2.596192e-01
-5.539639e-01,7.574737e+00,9.193958e-01,-1.055458e+00,-5.317522e-01,-3.208896e-01
-1.447710e-01,8.846632e+00,3.857962e+00,-1.205311e+00,-4.036562e-01,-2.977679e-01
1.147399e+00,9.756958e+00,6.235226e+00,-1.389280e+00,-3.918481e-01,-2.586237e-01
4.418340e+00,1.047722e+01,5.134933e+00,-1.520411e+00,-4.423000e-01,-2.504665e-01
1.329353e+00,8.200051e+00,3.378139e-01,-1.451589e+00,-5.377791e-01,-2.859606e-01
3.560739e-01,8.641892e+00,-3.110464e+00,-1.460947e+00,-1.028669e+00,-2.535113e-01
-3.680520e-01,1.192132e+01,-3.402853e+00,-1.681020e+00,-1.200818e+00,-1.299505e-01
3.049069e-01,9.994617e+00,5.717495e-01,-2.602153e+00,-1.347283e+00,1.128977e-01
5.156432e+00,1.238624e+01,3.889841e-01,-3.093270e+00,-1.584264e+00,1.385874e-01
1.030122e+01,1.831712e+01,-5.862841e+00,-3.576308e+00,-1.373771e+00,4.658317e-01
-8.758490e-01,1.534620e+01,9.439237e+00,-3.907039e+00,-1.508547e+00,6.319903e-01
-9.250973e+00,2.447179e+01,1.674777e+01,-4.669218e+00,-4.106394e+00,3.528558e-01
-1.010127e+01,2.545530e+01,1.847340e+01,-4.936716e+00,-4.133932e+00,-2.024057e-01
5.139358e+00,1.778535e+00,1.400147e+01,-3.570111e+00,-1.968568e+00,-2.050967e-01
1.013518e+01,1.022506e+01,8.517225e+00,-1.346417e+00,3.256242e-01,3.118643e-01
4.817303e+00,7.777326e+00,1.040862e+01,-1.274255e+00,1.740466e+00,-5.089418e-03
2.108236e+00,3.429137e+00,7.217897e+00,-1.094972e-01,1.217156e+00,-5.378233e-01
1.643217e+00,7.464344e-01,7.401764e+00,2.207146e+00,6.747858e-01,-1.308206e+00
2.133658e+00,1.117294e+00,8.880066e+00,3.439067e+00,9.235012e-01,-1.489156e+00
2.814661e+00,3.282932e+00,1.020857e+01,4.654219e+00,1.731608e+00,-1.622601e+00
3.223525e+00,2.486858e+00,1.184165e+01,5.461820e+00,1.985800e+00,-1.253388e+00
4.097082e+00,3.344998e+00,1.383111e+01,6.653836e+00,2.026814e+00,-9.179465e-01
6.757329e+00,4.632774e+00,1.268414e+01,7.530152e+00,1.920406e+00,-6.224333e-01
2.120155e+00,5.761435e+00,9.111195e+00,8.553107e+00,1.589198e+00,-3.066402e-02
-6.913715e+00,1.612369e+00,8.389158e+00,8.586576e+00,1.034566e+00,2.502553e-01
-1.081317e+01,-1.381533e+01,7.354482e+00,7.075419e+00,1.679440e-01,2.628286e-02
-4.953825e-01,-1.292434e+01,6.036637e+00,4.649455e+00,1.195602e+00,-1.015537e-01
6.868738e+00,8.418659e+00,1.175669e+01,-2.286403e-03,3.451350e+00,8.803738e-01
3.731428e+01,3.934257e+01,-1.012036e+01,-2.681210e+00,3.569567e+00,1.129176e+00
-3.956255e+00,-2.006647e+00,9.707811e+00,-4.496898e+00,2.122366e+00,5.281117e-01
-4.884102e+00,-8.634420e+00,1.206904e+01,-5.110207e-01,3.875159e-01,2.356219e-01
-2.731550e+00,2.155507e+01,1.172372e+01,-3.094279e+00,-2.458180e-01,-3.513319e-01
-3.838961e+00,1.337172e+01,8.655705e+00,-3.339310e+00,4.507847e-01,4.851547e-01
-4.244339e+00,5.857752e+00,4.628137e+00,-1.677701e+00,-1.921698e-01,-5.863701e-01
1.954819e+00,1.022392e+01,3.843680e+00,-1.368985e+00,2.725790e-03,-7.848088e-02
7.119414e+00,1.079920e+01,2.686698e+00,-1.209602e+00,1.345240e+00,2.134588e-01
4.741358e+00,8.771989e+00,2.813929e+00,-1.212736e+00,1.235961e+00,1.748043e-01
-2.778561e-01,8.710911e+00,3.630152e+00,-1.297800e+00,-5.659348e-01,-3.729873e-01
-2.139322e+00,9.562700e+00,3.343876e+00,-1.318118e+00,-9.113434e-01,-4.718074e-01
-1.589358e+00,8.315259e+00,2.439358e+00,-1.422222e+00,-1.194885e+00,-4.650209e-01
-7.741090e-01,8.977776e+00,2.132055e+00,-1.393980e+00,-9.297275e-01,-4.044461e-01
-1.210235e+00,8.518198e+00,4.991671e+00,-1.513030e+00,-8.968684e-01,-3.921869e-01
1.193972e+00,8.815421e+00,5.028300e+00,-1.532642e+00,-9.376739e-01,-4.325828e-01
2.788480e+00,6.904437e+00,-1.622164e+00,-1.562562e+00,-7.591363e-01,-3.233302e-01
2.828496e+00,9.857281e+00,-4.269499e+00,-1.664568e+00,-8.391579e-01,-2.591370e-01
1.592555e-01,1.023620e+01,-8.820519e-02,-2.375250e+00,-1.289129e+00,-1.250552e-01
1.259381e+00,1.075058e+01,1.412082e+00,-2.966686e+00,-1.604505e+00,-1.709271e-01
1.385977e+01,1.408069e+01,-5.247439e+00,-3.682068e+00,-1.503456e+00,2.045497e-01
5.894710e+00,1.835220e+01,-1.472112e+00,-3.951122e+00,-1.497391e+00,3.099706e-01
-9.791666e+00,2.278817e+01,1.615167e+01,-4.671686e+00,-3.895061e+00,2.479973e-01
-1.512763e+01,2.815322e+01,1.976658e+01,-5.023208e+00,-5.409255e+00,-1.053234e-01
-2.266437e+00,6.167611e+00,1.985066e+01,-3.877437e+00,-2.106719e+00,5.975946e-01
9.654129e+00,5.182389e+00,1.366543e+01,-1.419655e+00,7.497163e-01,1.204759e+00
9.531678e+00,9.242494e+00,1.038506e+01,-9.985350e-01,2.898528e+00,8.422260e-01
6.062060e+00,5.176487e+00,1.029790e+01,-1.335126e-02,2.210029e+00,4.837930e-01
3.100487e+00,2.089357e+00,7.567594e+00,2.542351e+00,6.573749e-01,-7.165285e-01
2.444397e+00,-6.587946e-03,8.787573e+00,3.785250e+00,4.018304e-01,-1.103948e+00
2.904509e+00,1.317549e+00,8.970308e+00,5.080018e+00,8.566649e-01,-1.601643e+00
2.704590e+00,2.665481e+00,9.620962e+00,5.674727e+00,1.168934e+00,-1.580790e+00
2.192136e+00,1.465520e+00,1.418189e+01,6.754709e+00,1.309406e+00,-1.304365e+00
3.149898e+00,2.259237e+00,1.491650e+01,7.720219e+00,1.323377e+00,-1.083713e+00
4.088102e+00,8.101197e+00,1.314473e+01,8.554392e+00,1.490327e+00,-3.951560e-01
-2.719031e+00,2.584548e+00,8.106690e+00,8.534390e+00,1.391501e+00,2.830272e-01
-1.057648e+01,-8.612979e+00,7.537624e+00,7.141013e+00,7.312007e-01,3.606905e-01
-5.159117e-01,-1.374434e+01,4.463877e+00,4.459115e+00,1.515933e+00,4.081402e-02
1.082535e+01,1.295275e+01,4.507781e+00,-8.555024e-02,3.154554e+00,6.255816e-01
2.063003e+01,3.833723e+01,-1.330425e-01,-2.899118e+00,2.429316e+00,5.792362e-01
-1.246644e+01,-4.388638e+00,1.450741e+01,-3.395843e+00,2.926202e-01,9.018851e-02
1.452153e+00,-9.638728e+00,1.558711e+01,-2.570342e+00,-3.172901e+00,-2.395807e+00
-2.026555e+00,1.715581e+01,1.482425e+01,-3.581647e+00,3.117470e-01,-3.228676e-01
-4.203601e+00,2.302117e+01,1.220951e+01,-3.675911e+00,5.007952e-01,4.426051e-01
-1.975042e+00,6.339010e+00,7.382735e+00,-1.784984e+00,3.929110e-01,-2.439025e-01
5.231966e-01,7.502655e+00,5.229968e+00,-8.042849e-01,6.777080e-01,1.832675e-01
3.175505e+00,1.322141e+01,5.721038e+00,-5.926825e-01,1.067693e+00,2.949897e-01
3.433945e+00,1.112560e+01,3.557958e+00,-5.527034e-01,1.028173e+00,2.301264e-01
2.612119e+00,8.589633e+00,1.038381e+00,-3.003029e-01,4.469890e-01,1.572801e-01
3.435348e+00,9.634265e+00,-1.497600e+00,-1.893072e-01,4.161150e-03,-1.416135e-01
-2.177438e+00,6.903629e+00,-1.545977e+00,-6.007338e-01,-6.089970e-01,-2.072777e-01
-6.273266e+00,6.916019e+00,1.178720e+00,-8.934097e-01,-1.199981e+00,-4.623594e-01
-3.513714e+00,7.975784e+00,3.415256e+00,-1.320278e+00,-1.387897e+00,-4.633499e-01
3.270000e+00,8.866627e+00,3.389880e+00,-1.521799e+00,-7.810248e-01,-3.422939e-01
3.922202e+00,8.342865e+00,3.514994e-01,-1.580598e+00,-4.056415e-01,-3.482052e-01
2.192625e+00,7.996213e+00,-1.814367e+00,-1.718938e+00,-7.546755e-01,-3.576156e-01
-5.719913e-01,1.159610e+01,-1.087379e+00,-2.197352e+00,-1.350002e+00,-3.255556e-01
1.132493e+00,1.109994e+01,1.354417e+00,-2.869090e+00,-1.552086e+00,-1.784873e-01
9.185956e+00,1.192200e+01,1.126414e+00,-3.468760e+00,-1.223783e+00,8.510567e-02
1.034379e+01,1.684875e+01,-4.264204e+00,-3.719253e+00,-9.827766e-01,4.037555e-01
-6.863141e+00,1.596043e+01,8.757595e+00,-4.124004e+00,-1.910152e+00,3.829201e-01
-9.881244e+00,2.393049e+01,1.517414e+01,-4.481432e+00,-3.887345e+00,-2.128604e-01
-9.726337e+00,2.211575e+01,1.671685e+01,-4.959658e+00,-3.407459e+00,3.812651e-02
1.099773e+00,3.885664e+00,1.771270e+01,-3.498406e+00,-1.816310e+00,5.125890e-01
8.429658e+00,1.114661e+01,9.672624e+00,-1.177253e+00,1.152135e+00,7.163549e-01
4.021875e+00,9.381858e+00,1.156066e+01,-1.465057e+00,1.606409e+00,4.544064e-01
9.369984e-01,4.356524e+00,8.967133e+00,1.139368e+00,3.751780e-01,-2.307711e-01
1.674228e+00,1.722786e+00,8.878859e+00,2.786440e+00,4.808495e-01,-5.240441e-01
2.596380e+00,2.183590e-01,9.408021e+00,4.536809e+00,1.185452e+00,-7.947968e-01
2.996392e+00,1.118537e+00,9.782332e+00,5.241149e+00,1.491875e+00,-9.595842e-01
3.614164e+00,1.122260e+00,1.192921e+01,6.426746e+00,1.674032e+00,-6.117199e-01
4.147497e+00,9.470614e-01,1.489683e+01,7.105078e+00,1.540891e+00,-4.886887e-01
3.961735e+00,3.752766e+00,1.336735e+01,8.275253e+00,9.923186e-01,-3.430772e-01
1.728988e+00,5.099938e+00,1.260233e+01,8.667628e+00,7.133401e-01,-2.292620e-01
-8.460693e+00,-2.258978e+00,8.242483e+00,7.758860e+00,3.357463e-01,-6.126319e-02
-8.061169e+00,-1.269367e+01,7.757136e+00,6.136173e+00,2.407091e-01,-6.718570e-02
4.605795e+00,-7.927073e+00,7.462878e+00,2.454353e+00,1.488330e+00,-7.028742e-02
1.305287e+01,2.618865e+01,-1.846728e+00,-1.136091e+00,2.540919e+00,2.480575e-01
-8.725870e-02,1.042456e+01,7.495641e+00,-4.437785e+00,1.463782e+00,2.719517e-01
-8.861327e+00,-1.062234e+01,1.395491e+01,-2.079916e+00,2.868004e-01,8.083673e-01
4.023029e+00,2.511087e+00,1.474567e+01,-2.538310e+00,-1.735037e+00,-2.243066e+00
-2.188267e+00,2.324970e+01,1.423219e+01,-3.545954e+00,5.804485e-01,-3.110637e-02
-7.391001e+00,9.441422e+00,8.750507e+00,-2.782318e+00,-7.311735e-01,-3.933211e-01
-4.604677e+00,5.653017e+00,6.133460e+00,-1.609976e+00,-8.457744e-01,-7.009421e-01
3.467702e+00,1.099920e+01,5.274655e+00,-9.524521e-01,6.830137e-01,3.699574e-01
6.312202e+00,1.226314e+01,4.808999e+00,-8.227441e-01,1.765884e+00,4.663256e-01
4.008410e+00,8.811668e+00,2.465762e+00,-7.962352e-01,1.199248e+00,3.294981e-01
6.436014e-01,9.778608e+00,2.666105e+00,-7.267111e-01,3.053440e-01,1.296436e-01
-1.266063e+00,9.756597e+00,1.068937e+00,-7.252364e-01,-8.294236e-01,-2.883245e-01
-2.372310e+00,8.005328e+00,2.611807e-01,-7.946464e-01,-1.090268e+00,-3.054752e-01
-4.138975e+00,7.351281e+00,2.159931e+00,-1.033983e+00,-1.083389e+00,-2.967344e-01
-1.186799e+00,7.924939e+00,4.379148e+00,-1.234716e+00,-9.230039e-01,-2.592567e-01
2.567636e+00,9.024043e+00,5.777978e+00,-1.411571e+00,-4.588040e-01,-1.670932e-01
4.775571e+00,9.818231e+00,2.984442e+00,-1.413646e+00,-2.266030e-01,-1.308539e-01
2.264735e+00,8.489183e+00,-7.220801e-01,-1.487502e+00,-5.791898e-01,-1.344097e-01
1.285208e+00,1.056195e+01,-2.526078e+00,-1.699344e+00,-9.530596e-01,-1.244173e-01
-3.841458e-01,1.105903e+01,5.829235e-01,-2.279970e+00,-1.239313e+00,6.585887e-03
1.837344e+00,1.133896e+01,1.253172e+00,-2.851941e+00,-1.458679e+00,-2.298519e-03
9.726467e+00,1.490086e+01,-4.461394e+00,-3.463556e+00,-1.399196e+00,2.965645e-01
-2.272820e-01,1.590045e+01,1.269096e+00,-3.643260e+00,-1.495351e+00,4.204721e-01
-5.355851e+00,1.919839e+01,1.289813e+01,-4.288512e+00,-3.794489e+00,2.681286e-01
-8.729537e+00,2.723936e+01,1.753523e+01,-4.542871e+00,-4.233034e+00,5.997127e-02
-2.816017e+00,6.334781e+00,1.825954e+01,-4.125118e+00,-2.397994e+00,-6.532715e-02
2.313445e+00,4.366835e+00,1.317314e+01,-1.927224e+00,-6.355288e-01,3.874950e-01
5.319464e+00,9.911044e+00,1.113343e+01,-1.377578e+00,1.577682e+00,4.520569e-01
2.575509e+00,6.376256e+00,9.689250e+00,-3.356669e-01,1.561629e+00,3.706737e-01
2.146996e+00,2.037706e+00,8.611731e+00,1.538055e+00,1.259809e+00,-2.066481e-01
2.415969e+00,3.246115e-01,9.386124e+00,3.011221e+00,1.320932e+00,-5.840150e-01
2.380000e+00,1.123852e+00,8.602088e+00,4.497371e+00,1.646167e+00,-8.971346e-01
2.253462e+00,1.489525e+00,9.521933e+00,5.196510e+00,1.646837e+00,-8.198414e-01
2.427558e+00,1.057253e+00,1.160682e+01,6.192122e+00,1.500783e+00,-5.862120e-01
3.949903e+00,2.587913e+00,1.544053e+01,7.051898e+00,1.335277e+00,-5.576686e-01
4.596803e+00,6.302913e+00,1.363825e+01,8.108758e+00,1.166471e+00,-5.579412e-01
1.371774e+00,7.203228e+00,1.030704e+01,8.523702e+00,9.917056e-01,-5.501831e-01
-1.142521e+01,7.591829e-02,6.194492e+00,7.912202e+00,8.636909e-01,-7.117212e-01
-1.094630e+01,-9.672583e+00,6.928693e+00,6.141372e+00,7.995241e-01,-7.315689e-01
4.744236e+00,-1.046567e+01,8.531957e+00,2.546915e+00,3.100592e+00,9.471583e-02
1.180860e+01,1.171333e+01,9.797634e+00,-4.987925e-01,3.878025e+00,7.127325e-01
2.710756e+01,3.104671e+01,-9.145099e-01,-4.697710e+00,2.857315e+00,3.392889e-01
-9.635807e+00,-1.372651e+01,9.839012e+00,-2.680620e+00,2.114909e+00,1.680648e+00
-2.432996e+00,6.888343e+00,1.672652e+01,-2.470437e+00,-2.403873e+00,-2.652306e+00
1.857421e+00,1.647134e+01,1.152643e+01,-3.958440e+00,-2.034662e-01,-2.183684e-01
-4.024431e+00,1.279191e+01,9.499924e+00,-2.886397e+00,4.589864e-01,-1.360190e-02
-1.041501e+01,6.436844e+00,6.270835e+00,-1.848828e+00,-9.467878e-01,-4.801175e-01
8.263467e-01,1.178590e+01,5.844177e+00,-1.173426e+00,-1.536241e-01,1.068951e-01
5.614595e+00,1.180270e+01,5.024931e+00,-1.062460e+00,1.461262e+00,5.693882e-01
7.059144e+00,9.561661e+00,2.865415e+00,-9.558511e-01,1.861738e+00,4.933071e-01
2.974487e+00,9.699097e+00,2.551982e+00,-8.558488e-01,8.919092e-01,2.095046e-01
-1.302034e+00,8.889524e+00,1.954789e+00,-8.776047e-01,-7.506223e-01,-2.703228e-01
-1.610186e+00,7.174334e+00,1.069040e+00,-9.543641e-01,-1.192532e+00,-3.839336e-01
-2.955394e+00,7.769447e+00,1.890580e+00,-1.109551e+00,-1.257702e+00,-3.697567e-01
-2.199781e+00,7.327260e+00,3.402959e+00,-1.345692e+00,-1.216520e+00,-3.033485e-01
2.130659e+00,9.919651e+00,3.376800e+00,-1.477603e+00,-8.385367e-01,-2.122851e-01
2.733547e+00,8.466948e+00,-2.701492e+00,-1.564325e+00,-6.222351e-01,-1.168098e-01
1.771619e+00,9.139967e+00,-4.384722e+00,-1.766650e+00,-6.979541e-01,-2.753632e-02
1.911724e+00,1.002178e+01,-4.832164e-01,-2.344745e+00,-1.118843e+00,4.353495e-02
4.918352e+00,1.222186e+01,1.178374e+00,-3.206771e+00,-1.351725e+00,5.835940e-02
9.395642e+00,1.270839e+01,-4.511656e+00,-3.576156e+00,-1.411306e+00,1.998595e-01
9.406235e-01,1.787084e+01,5.592604e+00,-3.879697e+00,-1.629920e+00,3.990933e-01
-5.746048e+00,2.422215e+01,1.400647e+01,-4.466902e+00,-3.305031e+00,4.914070e-01
-9.774999e+00,2.251903e+01,1.875704e+01,-4.824212e+00,-4.079255e+00,5.103055e-02
-1.682215e+00,4.211793e+00,1.978620e+01,-3.582724e+00,-2.444416e+00,2.008096e-01
6.192923e+00,8.286080e+00,1.140668e+01,-9.015010e-01,6.393551e-01,1.108309e+00
4.576581e+00,1.054515e+01,1.208218e+01,-1.190253e+00,2.041828e+00,7.366114e-01
1.627135e+00,6.475661e+00,1.039997e+01,1.492012e-01,1.772058e+00,7.809719e-01
1.959502e+00,1.709413e+00,8.368606e+00,2.046860e+00,1.538668e+00,3.044623e-01
3.803023e+00,-7.461504e-01,8.862248e+00,4.061080e+00,1.743310e+00,-2.685534e-01
4.560918e+00,7.992742e-01,7.997247e+00,4.741916e+00,1.849341e+00,-5.836418e-01
3.285930e+00,9.765036e-01,9.886405e+00,5.603845e+00,1.490563e+00,-7.845997e-01
2.120995e+00,7.362482e-01,1.159817e+01,6.343897e+00,9.125534e-01,-9.357206e-01
1.759704e+00,2.770268e+00,1.579194e+01,7.404603e+00,3.626731e-01,-1.356410e+00
3.808560e+00,5.760000e+00,1.238521e+01,8.012024e+00,5.062219e-01,-1.589592e+00
-2.624639e+00,5.322327e+00,9.114614e+00,8.242055e+00,1.324860e+00,-1.507047e+00
-1.055476e+01,-3.620670e+00,8.922893e+00,7.138838e+00,9.905327e-01,-1.292611e+00
-6.995058e+00,-1.541581e+01,8.407209e+00,4.114412e+00,1.174482e+00,-2.433732e-01
5.493986e+00,-5.981423e+00,1.033053e+01,1.979811e+00,2.669294e+00,3.113931e-01
3.860737e+01,3.937466e+01,-1.057022e+01,-3.288934e+00,5.167691e+00,1.357240e+00
-2.248034e+00,-4.503423e+00,5.064059e+00,-4.341591e+00,4.186869e+00,1.340157e+00
-1.070581e+01,-8.431159e+00,1.623577e+01,-1.175797e+00,-2.211616e+00,-2.726480e+00
-1.895925e+00,1.381489e+01,1.728643e+01,-3.399486e+00,-1.848497e+00,-1.410483e+00
1.103460e+00,1.639041e+01,1.121282e+01,-3.692577e+00,1.108643e+00,6.341380e-01
8.731065e-01,9.466606e+00,8.491820e+00,-2.050671e+00,1.440424e+00,-2.083417e-02
4.499324e+00,8.576596e+00,4.878485e+00,-1.211671e+00,1.233604e+00,3.524149e-01
3.969453e+00,1.259790e+01,4.836686e+00,-1.001307e+00,1.250370e+00,1.675349e-01
1.119731e-01,9.228927e+00,3.478755e+00,-1.015920e+00,3.078038e-01,-1.251388e-01
6.164538e-02,9.475625e+00,3.165953e+00,-8.377519e-01,-5.359607e-01,-3.094349e-01
4.098455e-01,1.001591e+01,1.851351e+00,-8.155556e-01,-5.621368e-01,-2.816009e-01
4.400837e-02,8.993384e+00,9.193208e-01,-8.212217e-01,-5.099045e-01,-2.601911e-01
-1.336237e+00,7.245003e+00,9.115560e-01,-9.164109e-01,-7.018536e-01,-3.215591e-01
-2.264320e+00,7.956834e+00,2.230725e+00,-1.118280e+00,-1.000031e+00,-3.975191e-01
-9.134589e-02,7.646524e+00,4.047389e+00,-1.399354e+00,-1.151880e+00,-4.491631e-01
1.424796e+00,7.804796e+00,3.259346e+00,-1.487757e+00,-1.099133e+00,-4.562230e-01
1.540983e+00,7.198215e+00,-2.436617e+00,-1.599312e+00,-1.073981e+00,-4.113358e-01
2.502164e+00,8.990682e+00,-3.721930e+00,-1.830671e+00,-1.288297e+00,-3.237383e-01
1.257493e+00,1.064444e+01,4.386050e-01,-2.616088e+00,-1.566889e+00,-2.379351e-01
4.613635e+00,1.096372e+01,4.742016e-01,-3.131664e+00,-1.718679e+00,-1.504892e-01
8.780129e+00,1.652869e+01,-3.890827e+00,-3.593551e+00,-1.280258e+00,3.774766e-01
-2.369421e-01,1.692805e+01,1.508592e+00,-3.919848e+00,-1.232736e+00,5.215139e-01
-8.223214e+00,2.579556e+01,1.683531e+01,-4.587664e+00,-3.400340e+00,-4.634531e-02
-5.392489e+00,2.734302e+01,1.775578e+01,-5.132309e+00,-3.434102e+00,-2.341146e-01
2.999742e-01,6.303391e+00,1.834886e+01,-4.239084e+00,-1.914447e+00,5.784401e-01
9.852669e+00,4.507241e+00,1.204461e+01,-1.484493e+00,-5.839433e-01,6.781864e-01
3.349344e+00,7.427272e+00,1.095173e+01,-9.422558e-01,7.386323e-01,8.234072e-02
-1.901383e+00,4.381146e+00,1.079133e+01,-9.185509e-02,2.556075e-02,-1.057196e-01
-1.737838e+00,2.391379e+00,8.233882e+00,2.105963e+00,-6.364433e-01,-9.194717e-01
2.235547e+00,-8.767658e-01,9.479376e+00,3.458638e+00,3.775545e-01,-1.036386e+00
5.645059e+00,9.409196e-01,9.039311e+00,5.198820e+00,2.194726e+00,-1.567109e+00
7.304282e+00,1.039011e+00,9.863076e+00,5.849517e+00,2.536043e+00,-1.533164e+00
6.936408e+00,1.961098e+00,1.333669e+01,6.730217e+00,2.142415e+00,-1.289617e+00
4.046322e+00,2.700441e+00,1.459740e+01,7.426604e+00,1.315456e+00,-1.306248e+00
4.958892e-01,7.360158e+00,1.427623e+01,8.398286e+00,-5.072584e-02,-1.465854e+00
-7.987296e+00,6.736406e+00,9.148997e+00,8.285555e+00,-4.527111e-02,-1.223284e+00
-1.307031e+01,-1.230307e+01,4.632340e+00,6.461771e+00,-4.475199e-01,-6.345110e-01
3.292148e+00,-1.409370e+01,5.206411e+00,4.388018e+00,1.133443e+00,-5.939613e-01
1.268675e+01,1.931772e+01,3.417733e+00,2.420481e-01,3.607959e+00,3.045196e-01
3.126244e+01,3.775511e+01,-9.439618e+00,-3.556509e+00,3.047829e+00,7.658475e-01
-1.075425e+01,-1.074847e+01,1.244203e+01,-2.295126e+00,1.415661e+00,1.602317e+00
4.055782e-01,-2.609988e+00,1.554253e+01,-1.362270e+00,-1.185944e+00,-1.138911e+00
4.595122e+00,1.845921e+01,1.342072e+01,-3.359745e+00,7.728887e-01,-9.533363e-03
-4.172050e-01,1.664814e+01,9.302735e+00,-3.377712e+00,1.353230e+00,5.383395e-01
-7.294870e+00,5.823174e+00,5.896730e+00,-1.528767e+00,-8.941729e-01,-4.912671e-01
-3.556627e+00,9.120574e+00,5.566379e+00,-1.120297e+00,-7.529133e-01,-2.277754e-01
5.270843e+00,1.275563e+01,4.612000e+00,-9.742069e-01,9.333470e-01,3.579378e-01
5.922412e+00,9.307333e+00,2.572095e+00,-8.742991e-01,1.760062e+00,4.292628e-01
2.462917e+00,9.090385e+00,1.621843e+00,-7.214593e-01,5.615374e-01,1.491050e-01
-1.350062e+00,9.816683e+00,6.277516e-01,-7.148648e-01,-4.600693e-01,-2.004527e-01
-3.789594e+00,6.845768e+00,-6.433509e-01,-8.306172e-01,-1.122523e+00,-3.660619e-01
-4.785201e+00,6.231638e+00,-4.722500e-01,-1.002386e+00,-1.192185e+00,-4.156439e-01
-8.780069e-01,7.729598e+00,2.763145e+00,-1.440589e+00,-8.683000e-01,-3.048086e-01
3.464223e+00,9.246451e+00,5.889697e+00,-1.683229e+00,-4.569606e-01,-2.300724e-01
4.415715e+00,8.905232e+00,3.696468e+00,-1.759450e+00,-2.883658e-01,-2.978118e-01
2.551317e+00,7.230835e+00,8.616514e-01,-1.828961e+00,-6.166325e-01,-3.197600e-01
2.084163e+00,1.118614e+01,-5.568991e-01,-2.118881e+00,-1.067449e+00,-1.400473e-01
1.277282e-01,1.073654e+01,2.096656e+00,-2.620558e+00,-1.243568e+00,-1.250605e-02
8.501777e+00,1.137419e+01,2.238607e+00,-3.126829e+00,-1.539375e+00,-1.445461e-02
1.604165e+01,1.863039e+01,-5.965060e+00,-3.484189e+00,-1.281711e+00,3.203247e-01
-9.079470e+00,1.500764e+01,1.173390e+01,-4.171237e+00,-2.072404e+00,5.281121e-01
-1.313760e+01,2.223446e+01,1.763209e+01,-4.517493e+00,-4.610407e+00,2.549947e-02
-1.336986e+01,2.411373e+01,1.801571e+01,-4.925998e+00,-5.179520e+00,-2.145553e-01
-6.362693e+00,7.588390e+00,1.753300e+01,-4.265083e+00,-2.613394e+00,5.288469e-01
1.239497e+01,9.090864e+00,9.610158e+00,-8.640919e-01,1.501720e+00,1.191120e+00
7.479314e+00,9.769338e+00,1.032363e+01,-1.111820e+00,2.490087e+00,8.496542e-01
3.083906e+00,4.310427e+00,9.680212e+00,3.116738e-01,1.329211e+00,8.434593e-02
2.228225e+00,7.862540e-01,7.629608e+00,2.316667e+00,4.048165e-01,-6.987384e-01
1.204249e+00,-1.370097e+00,9.110146e+00,4.272493e+00,1.859744e-01,-1.047417e+00
1.336415e+00,-1.823500e-01,8.755120e+00,4.983072e+00,5.879583e-01,-1.422707e+00
2.007166e+00,1.693236e+00,1.065068e+01,5.866433e+00,1.318741e+00,-1.580493e+00
2.106566e+00,2.567085e+00,1.320729e+01,6.412481e+00,1.561404e+00,-1.516161e+00
3.443336e+00,5.399055e+00,1.342769e+01,7.653854e+00,1.700683e+00,-1.441516e+00
5.514104e+00,9.141312e+00,1.289154e+01,8.458137e+00,1.771241e+00,-1.195114e+00
-6.326504e+00,2.372976e+00,5.235319e+00,8.492940e+00,1.624344e+00,-2.951943e-01
-1.455913e+01,-9.034986e+00,6.101613e+00,7.611047e+00,8.534077e-01,-1.497089e-01
4.871187e+00,-1.463559e+01,4.576832e+00,4.462959e+00,1.651062e+00,-3.782543e-01
9.954426e+00,-3.390722e+00,1.295027e+01,7.331590e-01,3.610500e+00,2.312507e-01
3.517025e+01,3.907777e+01,-8.014961e+00,-4.332937e+00,2.394003e+00,2.504332e-01
-7.180229e+00,-1.172563e+00,7.453845e+00,-5.029000e+00,1.031384e+00,-1.393314e-01
-7.253713e+00,-6.868181e+00,1.497277e+01,-1.429822e-01,-1.057561e+00,-5.086444e-01
1.514666e+00,1.474120e+01,1.382060e+01,-2.552622e+00,-8.672010e-01,-1.554751e+00
6.754977e+00,1.762306e+01,7.604641e+00,-3.159289e+00,2.782561e+00,1.006647e+00
-1.106201e+00,3.725944e+00,5.188384e+00,-2.168601e+00,1.589725e+00,-1.395152e-01
-3.105601e+00,1.104156e+01,5.201127e+00,-1.319738e+00,-4.324794e-01,-3.202606e-01
1.511240e-01,1.330983e+01,6.199438e+00,-1.436128e+00,-3.767551e-01,-1.281215e-01
3.084542e+00,8.687313e+00,3.747598e+00,-1.203126e+00,8.605248e-01,7.529785e-02
2.961038e+00,8.958609e+00,3.201965e+00,-1.042975e+00,6.724527e-01,1.260414e-01
3.070834e-01,1.057976e+01,2.930251e+00,-9.732137e-01,4.206497e-02,-1.213848e-01
-7.704562e-01,9.345403e+00,2.028140e+00,-9.782215e-01,-4.920130e-01,-2.310907e-01
-5.793768e-01,7.321751e+00,8.300198e-01,-1.017033e+00,-7.330050e-01,-3.652196e-01
-4.638312e-02,7.124171e+00,2.015374e+00,-1.134295e+00,-7.577179e-01,-3.506905e-01
6.146545e-01,8.129337e+00,3.760902e+00,-1.410780e+00,-8.539904e-01,-3.840073e-01
1.226226e+00,8.312492e+00,7.696037e-01,-1.592429e+00,-9.722758e-01,-3.700997e-01
1.004541e+00,8.317280e+00,-2.165895e+00,-1.816286e+00,-1.046049e+00,-2.929680e-01
1.552299e-01,9.415900e+00,7.925480e-01,-2.120657e+00,-1.154013e+00,-1.911716e-01
2.107465e+00,1.109222e+01,3.234675e+00,-2.786366e+00,-1.415033e+00,-1.101794e-01
8.244342e+00,1.103243e+01,2.281101e+00,-3.303965e+00,-1.420793e+00,4.508152e-02
1.389107e+01,1.838363e+01,-6.535402e+00,-3.591635e+00,-1.102523e+00,4.146905e-01
-7.949718e+00,1.744231e+01,1.051153e+01,-4.081809e+00,-1.902883e+00,4.371249e-01
-1.615855e+01,2.477494e+01,1.844597e+01,-4.563642e+00,-5.072572e+00,1.390217e-03
-1.788852e+01,2.542791e+01,1.933267e+01,-4.896231e+00,-5.431719e+00,-1.826877e-01
3.515471e+00,8.502034e-02,1.983399e+01,-3.391666e+00,-1.484625e+00,1.159991e+00
1.112998e+01,8.194449e+00,1.113725e+01,-1.034121e+00,1.788633e+00,1.667883e+00
7.845227e+00,8.754461e+00,1.042287e+01,-1.016630e+00,3.311622e+00,1.405168e+00
5.066318e+00,4.073040e+00,9.106728e+00,3.164245e-01,2.131912e+00,7.829605e-01
3.540094e+00,4.494960e-02,7.760430e+00,2.868519e+00,7.625642e-01,-1.983655e-01
3.071748e+00,-1.184756e+00,8.669229e+00,3.960905e+00,4.175706e-01,-5.106321e-01
3.328530e+00,9.979525e-01,8.372939e+00,4.907818e+00,5.379041e-01,-1.207531e+00
2.960666e+00,1.603530e+00,9.539100e+00,5.576171e+00,8.665997e-01,-1.500477e+00
3.296727e+00,2.391395e+00,1.390307e+01,6.593512e+00,9.151515e-01,-1.649686e+00
4.157068e+00,4.146948e+00,1.420077e+01,7.392591e+00,1.011243e+00,-1.778337e+00
2.922485e+00,1.050279e+01,1.336256e+01,8.297330e+00,1.078871e+00,-1.623488e+00
-1.432529e+00,9.256379e+00,9.485172e+00,8.617163e+00,8.834537e-01,-1.184160e+00
-1.663678e+01,-1.577596e+01,8.513807e+00,7.094626e+00,-2.347588e-01,-5.113746e-01
-2.067179e+00,-1.617238e+01,4.166754e+00,5.002136e+00,6.311900e-01,-2.915762e-01
1.127278e+01,6.887063e+00,9.602488e+00,8.239817e-01,3.996609e+00,6.916695e-01
3.797754e+01,3.932882e+01,-1.246125e+01,-3.133581e+00,4.223064e+00,1.316212e+00
-1.860349e+01,-1.433955e+01,1.358245e+01,-2.454866e+00,2.243690e+00,1.315268e+00
-5.323823e+00,-6.304031e+00,1.627329e+01,-1.018556e+00,-2.466006e+00,-2.232825e+00
-2.814417e-01,1.869897e+01,1.198905e+01,-3.790482e+00,-1.234629e+00,-8.560379e-01
-1.581957e+00,1.708839e+01,9.764423e+00,-3.766457e+00,8.921414e-01,7.036213e-01
-9.313373e-01,6.523156e+00,5.919759e+00,-1.822492e+00,6.277340e-01,-1.449682e-01
2.698736e+00,9.028498e+00,3.724565e+00,-1.360968e+00,8.270296e-01,3.252998e-01
4.482310e+00,1.206220e+01,3.749461e+00,-1.105408e+00,1.305384e+00,3.759944e-01
2.919265e+00,9.702607e+00,3.417799e+00,-1.104191e+00,9.775986e-01,2.116186e-01
-6.330057e-01,9.223458e+00,3.132257e+00,-9.865718e-01,-2.146781e-01,-1.820886e-01
-1.236235e+00,9.455737e+00,2.002075e+00,-9.465647e-01,-6.190386e-01,-2.950935e-01
-5.256331e-01,7.795011e+00,6.580686e-01,-9.227484e-01,-7.055899e-01,-2.849951e-01
-1.261918e+00,7.801989e+00,8.041187e-01,-9.716396e-01,-6.608464e-01,-3.562956e-01
-9.513901e-01,7.489360e+00,3.721223e+00,-1.246960e+00,-8.416962e-01,-3.752456e-01
1.040764e+00,8.233601e+00,5.386466e+00,-1.489229e+00,-8.813294e-01,-3.626383e-01
3.812942e+00,8.857047e+00,2.548518e+00,-1.621247e+00,-6.239289e-01,-3.063682e-01
2.216795e+00,7.642242e+00,-4.143733e-01,-1.729652e+00,-6.279517e-01,-2.047926e-01
1.926968e+00,1.097054e+01,-3.971042e-01,-1.988233e+00,-9.803075e-01,-4.505807e-02
-1.587428e+00,1.007313e+01,2.071694e+00,-2.489528e+00,-1.288849e+00,4.980990e-02
7.246756e+00,1.066247e+01,1.946485e+00,-3.113719e+00,-1.669404e+00,4.992007e-02
1.279918e+01,1.507024e+01,-3.972639e+00,-3.432704e+00,-1.413631e+00,3.588066e-01
6.654297e-01,1.840774e+01,4.066776e+00,-3.871131e+00,-1.314090e+00,5.289467e-01
-9.517160e+00,1.821747e+01,1.506511e+01,-4.543496e+00,-3.266623e+00,5.152253e-01
-1.623339e+01,2.712555e+01,2.018614e+01,-4.671982e+00,-5.216438e+00,1.307289e-02
-6.973688e+00,6.610885e+00,2.024824e+01,-4.519528e+00,-3.572404e+00,4.512382e-03
1.226362e+01,9.578758e+00,1.015131e+01,-1.271341e+00,7.758544e-01,1.061476e+00
9.885214e+00,1.067283e+01,9.878064e+00,-8.859121e-01,2.803152e+00,1.132531e+00
5.168105e+00,4.584826e+00,9.736281e+00,4.604861e-02,2.331667e+00,6.251475e-01
3.398228e+00,5.780538e-01,7.206538e+00,2.076795e+00,1.135755e+00,-2.592624e-01
1.621872e+00,-8.992293e-01,8.321541e+00,3.936580e+00,5.015591e-01,-8.727857e-01
1.616823e+00,-4.767944e-02,8.066823e+00,4.655957e+00,6.827064e-01,-1.315097e+00
1.542055e+00,1.565575e+00,9.877831e+00,5.464153e+00,1.159571e+00,-1.567105e+00
1.794227e+00,1.495230e+00,1.133222e+01,6.157434e+00,1.401899e+00,-1.482681e+00
4.327756e+00,4.101588e+00,1.459477e+01,7.230090e+00,1.583322e+00,-1.348355e+00
6.546113e+00,8.590568e+00,1.277419e+01,7.881347e+00,1.634429e+00,-1.140452e+00
9.145435e-01,9.944256e+00,7.811959e+00,8.525882e+00,1.344475e+00,-6.706245e-01
-1.761508e+01,-5.783925e-01,1.112909e+01,7.936169e+00,6.056170e-01,-4.195618e-01
1.882155e+00,-1.918445e+01,-4.720294e-01,5.514482e+00,9.245386e-01,-9.004199e-01
4.740261e+00,-1.091171e+01,7.335038e+00,2.657515e+00,3.319193e+00,-1.085384e-01
3.002614e+01,3.936053e+01,-7.913205e+00,-2.162565e+00,3.577964e+00,8.216865e-01
5.295428e+00,1.953309e+00,4.132516e+00,-5.071547e+00,2.456366e+00,5.130318e-01
-7.832132e+00,-2.633351e+00,1.674495e+01,-1.185018e+00,-6.427614e-01,-5.685156e-01
-7.043872e+00,1.278820e+01,1.555989e+01,-3.156992e+00,-3.339886e+00,-2.860057e+00
-8.012276e+00,1.452189e+01,1.229459e+01,-4.449147e+00,-2.195738e-02,6.204704e-01
-2.795527e+00,1.027321e+01,1.037635e+01,-2.651972e+00,1.954715e-01,-8.197620e-02
3.779937e+00,6.604651e+00,4.982004e+00,-1.597963e+00,1.284252e+00,4.805884e-01
9.892159e+00,1.164414e+01,5.064306e+00,-1.128307e+00,2.250314e+00,8.100832e-01
2.558343e+00,9.208581e+00,4.565098e+00,-1.144565e+00,2.064811e+00,4.371692e-01
-1.596051e+00,8.663173e+00,4.471808e+00,-1.108178e+00,2.541453e-01,-2.721107e-02
-2.577900e+00,9.085348e+00,3.050458e+00,-9.558580e-01,-1.256276e+00,-5.038380e-01
-8.270251e-01,8.821994e+00,1.813275e+00,-9.331791e-01,-1.183891e+00,-4.301913e-01
6.183610e-02,6.888963e+00,4.051728e-01,-9.552313e-01,-6.215281e-01,-3.065279e-01
-1.394722e+00,7.071532e+00,1.956254e+00,-1.116425e+00,-6.925207e-01,-3.165457e-01
6.995378e-01,7.671092e+00,4.943462e+00,-1.461265e+00,-9.605523e-01,-4.064034e-01
2.666768e+00,8.771179e+00,3.795583e+00,-1.619892e+00,-8.286907e-01,-3.064726e-01
2.126683e+00,8.116683e+00,-6.481770e-01,-1.720122e+00,-6.068652e-01,-2.221036e-01
2.253741e+00,8.260477e+00,-1.756885e+00,-1.888990e+00,-7.091205e-01,-9.142908e-02
4.852763e-01,9.546929e+00,1.344173e+00,-2.447960e+00,-1.147119e+00,-3.161855e-02
2.786349e+00,1.020440e+01,1.565200e+00,-3.004291e+00,-1.513783e+00,-2.053713e-02
6.387293e+00,1.679035e+01,-2.897378e+00,-3.597185e+00,-1.536759e+00,2.771692e-01
-1.731089e-01,2.141833e+01,2.453349e+00,-3.964541e+00,-1.484805e+00,4.495122e-01
-1.028588e+01,2.311119e+01,1.782532e+01,-4.562915e+00,-2.835241e+00,4.361358e-01
-1.434223e+01,2.644007e+01,1.850229e+01,-4.810257e+00,-4.259700e+00,1.844791e-01
-1.127895e+00,3.761545e+00,2.002220e+01,-3.909857e+00,-1.785473e+00,7.147262e-01
1.109104e+01,4.738462e+00,1.075615e+01,-1.346432e+00,6.801403e-01,1.344001e+00
8.751017e+00,7.584459e+00,9.720346e+00,-5.485431e-01,2.706263e+00,1.163962e+00
5.792106e+00,4.363938e+00,9.282483e+00,3.072236e-02,2.398734e+00,8.300789e-01
4.842795e+00,1.485514e+00,8.083441e+00,2.242925e+00,8.998474e-01,-3.807582e-01
3.892776e+00,3.503627e-01,8.154093e+00,3.640728e+00,4.220384e-01,-7.712912e-01
3.150014e+00,4.907140e-01,8.676409e+00,5.047110e+00,4.067012e-01,-1.363872e+00
2.595735e+00,1.199606e+00,1.021932e+01,5.739221e+00,4.312865e-01,-1.235988e+00
3.037765e+00,2.679249e+00,1.439102e+01,6.605828e+00,5.181383e-01,-1.317761e+00
3.641889e+00,4.197120e+00,1.550303e+01,7.353980e+00,5.270289e-01,-1.231541e+00
1.907971e+00,9.779045e+00,1.229795e+01,8.443081e+00,3.485549e-01,-9.033880e-01
-8.540381e+00,2.902463e+00,5.158757e+00,8.694266e+00,1.721461e-01,-5.456594e-01
-1.350320e+01,-1.100476e+01,6.062305e+00,7.746118e+00,-1.124354e-01,-6.439511e-01
1.066615e+00,-1.621743e+01,-1.538994e+00,5.529710e+00,8.175227e-01,-5.987306e-01
7.800106e+00,-3.250452e+00,1.399531e+01,8.071182e-01,3.382183e+00,6.701999e-01
8.244786e+00,9.025253e+00,1.638133e+01,-2.645942e+00,2.754135e+00,5.800235e-01
3.700822e+01,3.914606e+01,-1.266043e+01,-5.747923e+00,8.999758e-01,-2.578142e-01
-1.509438e+01,1.262850e+00,1.124258e+01,-4.356436e+00,-2.146585e-01,1.512536e-01
-7.850805e+00,2.799816e+00,1.945410e+01,-3.969328e-01,-2.069207e+00,-1.891641e+00
6.803149e+00,2.206570e+01,9.416238e+00,-3.125924e+00,7.480946e-01,-3.083164e-02
4.284488e+00,8.355170e+00,8.450072e+00,-3.425252e+00,3.979793e+00,1.205093e+00
-6.251742e+00,8.494427e+00,7.629225e+00,-1.538070e+00,7.074196e-01,-1.911137e-01
-3.720201e+00,1.215985e+01,6.820060e+00,-1.357762e+00,-1.285773e+00,-3.288680e-01
2.202686e+00,1.177238e+01,4.991709e+00,-1.016703e+00,-8.527807e-02,2.149471e-02
7.346787e+00,9.645552e+00,1.265882e+00,-7.517045e-01,1.265792e+00,2.050116e-01
6.654226e+00,9.671066e+00,2.559104e-01,-5.901436e-01,1.467601e+00,3.128310e-01
1.962885e-01,6.162250e+00,1.012962e+00,-7.281357e-01,1.191779e-01,4.594809e-02
-2.277298e+00,5.731896e+00,5.006318e-01,-9.088990e-01,-1.042165e+00,-3.985593e-01
-2.257223e+00,6.808756e+00,2.384165e+00,-1.236673e+00,-1.784448e+00,-5.792751e-01
8.071592e-02,7.432312e+00,3.197948e+00,-1.543173e+00,-1.737689e+00,-5.425095e-01
3.214617e+00,8.091880e+00,-1.045319e+00,-1.758324e+00,-1.312659e+00,-4.091376e-01
5.189509e-01,7.021507e+00,-3.035583e+00,-1.975647e+00,-1.316020e+00,-3.367298e-01
-1.846976e+00,9.689813e+00,3.684334e-01,-2.447249e+00,-1.936552e+00,-4.009254e-01
-6.522798e-01,1.036806e+01,1.258381e+00,-3.069544e+00,-2.237192e+00,-2.666421e-01
1.238298e+01,1.080628e+01,-2.728139e+00,-3.748372e+00,-1.675560e+00,1.821778e-01
8.984464e+00,1.997968e+01,-4.082255e+00,-4.063150e+00,-1.145043e+00,5.461739e-01
-6.218562e+00,2.522132e+01,1.594739e+01,-4.696506e+00,-1.917114e+00,4.897644e-01
-1.441097e+01,3.128380e+01,2.040064e+01,-4.972637e+00,-4.576764e+00,2.383265e-01
-3.374720e+00,2.727853e+00,2.441434e+01,-4.569988e+00,-3.969108e+00,-9.783869e-02
5.923136e+00,4.715377e+00,1.525849e+01,-2.373057e+00,-1.691750e+00,5.546532e-01
8.460655e+00,1.146086e+01,1.262378e+01,-7.693388e-01,2.098539e+00,8.486013e-01
4.179553e+00,5.410931e+00,1.047797e+01,-1.713403e-01,2.553949e+00,6.461737e-01
3.131726e+00,3.534916e-01,8.631726e+00,2.351875e+00,1.516824e+00,-1.734703e-01
3.511325e+00,-8.590520e-01,9.244169e+00,3.906683e+00,1.224942e+00,-6.677239e-01
5.179158e+00,1.332699e+00,9.063025e+00,5.177699e+00,1.528022e+00,-1.344609e+00
5.150000e+00,9.023905e-01,1.049150e+01,5.857064e+00,1.616024e+00,-1.444952e+00
3.851258e+00,1.354478e+00,1.336437e+01,6.846427e+00,1.218187e+00,-1.371066e+00
2.564686e+00,3.765244e+00,1.363699e+01,7.598993e+00,7.736708e-01,-1.370952e+00
-1.813357e+00,7.226220e+00,8.798803e+00,8.334325e+00,6.387212e-01,-1.393022e+00
-1.052221e+01,4.057256e+00,8.413996e+00,8.393242e+00,1.028211e+00,-1.253678e+00
-7.285848e+00,-1.351599e+01,3.292943e+00,6.513086e+00,1.177715e+00,-6.883798e-01
2.342195e+00,-1.571002e+01,3.598140e+00,4.363618e+00,2.469941e+00,-3.927050e-01
1.099336e+01,1.318702e+01,6.129050e+00,-1.333193e-01,4.311636e+00,5.656301e-01
3.842914e+01,3.934763e+01,-2.525128e+00,-3.276777e+00,3.327675e+00,2.664815e-01
-1.880850e+01,-1.635542e+01,1.966596e+01,-3.674769e+00,1.791122e+00,7.451019e-01
-5.336609e+00,-4.334143e+00,2.368221e+01,-1.071973e+00,-7.686648e-01,-6.474223e-01
8.324439e+00,1.176420e+01,1.023438e+01,-4.795654e+00,1.178201e+00,-2.346787e-01
-6.965502e+00,1.150296e+01,1.267279e+01,-4.116523e+00,2.085246e+00,1.124157e+00
-4.320539e+00,1.186917e+01,7.775496e+00,-1.521167e+00,-5.708985e-01,-8.309244e-01
-1.330686e+00,8.582511e+00,5.616781e+00,-1.761109e+00,-5.830251e-01,9.004584e-02
5.870752e+00,1.180546e+01,3.122036e+00,-8.193382e-01,8.396728e-01,1.448449e-01
5.535914e+00,1.064580e+01,2.306614e+00,-8.969332e-01,1.274550e+00,3.550558e-01
2.581483e+00,8.469752e+00,2.335577e+00,-8.011294e-01,8.213599e-01,2.716512e-01
-1.240002e+00,7.040000e+00,2.390000e+00,-8.394108e-01,-8.478785e-02,-2.397572e-03
-3.178415e+00,6.639059e+00,1.877178e+00,-9.197550e-01,-9.675043e-01,-4.035290e-01
-2.746559e+00,6.805798e+00,2.307057e+00,-1.102715e+00,-1.290080e+00,-5.176059e-01
2.024047e+00,6.926570e+00,2.740552e+00,-1.352727e+00,-1.075274e+00,-4.905428e-01
2.833577e+00,6.481876e+00,3.068140e-01,-1.468471e+00,-8.222827e-01,-4.426060e-01
9.100608e-01,7.912297e+00,-1.670750e+00,-1.706013e+00,-8.827200e-01,-4.443576e-01
8.167717e-01,1.002929e+01,6.523772e-01,-2.149967e+00,-1.415923e+00,-4.556646e-01
1.723551e+00,1.093101e+01,1.975274e+00,-2.879645e+00,-1.715556e+00,-3.779156e-01
1.096289e+01,1.193783e+01,-1.747240e+00,-3.296522e+00,-1.576585e+00,-1.215350e-01
7.992508e+00,1.813873e+01,-3.266160e+00,-3.613052e+00,-1.005895e+00,4.378280e-01
-4.191120e+00,1.576774e+01,7.670171e+00,-4.153538e+00,-1.677417e+00,3.644717e-01
-1.084220e+01,3.154064e+01,1.976962e+01,-4.831104e+00,-4.541752e+00,-4.008877e-01
-1.031737e+01,9.206004e+00,2.045713e+01,-5.085382e+00,-4.346388e+00,-2.686102e-01
3.504822e+00,1.390237e+00,1.515539e+01,-3.070878e+00,-2.198513e+00,2.170721e-01
9.513503e+00,1.208832e+01,1.007517e+01,-7.032530e-01,6.447568e-01,6.899158e-01
2.839096e+00,5.053940e+00,9.771518e+00,-4.980855e-01,1.977334e+00,4.479624e-01
2.784654e+00,3.053865e+00,7.884538e+00,1.373050e+00,1.295952e+00,-2.444906e-01
3.481862e+00,7.415471e-02,9.059857e+00,3.263696e+00,1.291128e+00,-5.975003e-01
4.567488e+00,1.085375e+00,8.573860e+00,4.391311e+00,1.656399e+00,-8.205401e-01
5.303527e+00,1.428902e+00,9.687835e+00,5.476367e+00,2.074147e+00,-9.557891e-01
5.287761e+00,9.955230e-01,1.215462e+01,6.264686e+00,1.994247e+00,-6.948424e-01
3.782322e+00,2.806748e+00,1.204982e+01,7.240499e+00,1.640303e+00,-5.289899e-01
3.712693e+00,4.726990e+00,1.287229e+01,8.054320e+00,1.191472e+00,-3.708887e-01
-3.697597e+00,5.550930e+00,9.269860e+00,8.449439e+00,1.008275e+00,6.333455e-02
-7.191796e+00,-7.273709e+00,4.836444e+00,7.718785e+00,6.629095e-01,3.344747e-01
1.234276e+00,-1.236472e+01,4.617145e+00,5.548109e+00,1.390575e+00,2.390812e-01
6.333164e+00,-6.295317e+00,6.327292e+00,2.626696e+00,2.269286e+00,2.544151e-01
3.292503e+01,3.937125e+01,-7.368334e+00,-2.168227e+00,1.871077e+00,3.305801e-01
2.438980e+00,1.870207e+01,6.732730e+00,-4.010049e+00,3.879941e-01,-3.413099e-01
-5.103624e+00,-8.450992e+00,1.754164e+01,-1.316404e+00,-1.388717e+00,-6.317420e-01
-1.305019e+00,1.879058e+01,1.608929e+01,-2.838788e+00,-1.724445e+00,-1.722747e+00
2.202587e-03,1.512847e+01,1.023843e+01,-3.954493e+00,9.397594e-01,5.059843e-01
1.328718e+00,7.077538e+00,7.923408e+00,-2.682338e+00,8.811251e-01,3.135286e-02
3.618342e+00,9.895661e+00,4.852726e+00,-1.225395e+00,8.194343e-01,1.110123e-01
4.089259e+00,1.198971e+01,5.069410e+00,-1.136696e+00,8.554057e-01,2.031419e-01
1.064569e+00,1.016133e+01,3.855318e+00,-9.792854e-01,3.161102e-01,-4.806433e-02
-3.260830e-02,9.225871e+00,3.230651e+00,-9.288661e-01,-4.867125e-01,-1.925171e-01
-2.386884e-01,9.125924e+00,2.096629e+00,-7.745275e-01,-8.071378e-01,-2.883608e-01
-1.148933e-01,8.203326e+00,1.465725e+00,-7.469998e-01,-7.208874e-01,-2.688864e-01
-3.801251e+00,5.966401e+00,7.200000e-01,-8.040992e-01,-8.537713e-01,-3.318425e-01
-4.972406e+00,6.253671e+00,1.382785e+00,-9.460321e-01,-1.057524e+00,-4.547197e-01
-4.599627e-02,8.303478e+00,3.718804e+00,-1.274029e+00,-9.514942e-01,-4.377552e-01
4.364399e+00,8.398098e+00,1.452165e+00,-1.388073e+00,-5.511559e-01,-3.426878e-01
4.193004e+00,7.017529e+00,-2.451085e+00,-1.558515e+00,-2.747605e-02,-2.408213e-01
2.626958e+00,8.202564e+00,-1.921929e+00,-1.898171e+00,-5.669578e-01,-2.761210e-01
-8.340242e-01,1.078823e+01,3.428520e+00,-2.630986e+00,-1.494793e+00,-3.428118e-01
7.357332e+00,1.000034e+01,3.077448e+00,-3.181021e+00,-1.758321e+00,-2.448025e-01
2.019387e+01,1.262147e+01,-5.175187e+00,-3.653884e+00,-1.419426e+00,2.004245e-01
5.522712e+00,2.137435e+01,-1.698057e+00,-3.907899e+00,-1.022773e+00,6.024760e-01
-2.149248e+01,2.585661e+01,2.186341e+01,-4.986906e+00,-3.798930e+00,3.880822e-01
-2.166231e+01,3.038911e+01,2.333127e+01,-4.942392e+00,-6.275626e+00,-3.581014e-01
-4.050950e+00,3.290462e+00,2.165460e+01,-5.062270e+00,-3.653637e+00,6.727978e-01
1.072177e+01,3.271772e+00,1.687883e+01,-2.310298e+00,3.070152e-01,2.041095e+00
1.336519e+01,1.011553e+01,1.005006e+01,-8.957030e-01,4.124814e+00,2.176536e+00
8.388139e+00,4.001886e+00,1.044493e+01,-1.176157e-01,3.151375e+00,1.545525e+00
4.508041e+00,9.108558e-02,6.923506e+00,2.335955e+00,1.054568e+00,6.741155e-02
2.483423e+00,-6.811162e-02,8.068884e+00,3.665904e+00,8.332569e-02,-5.261370e-01
2.188215e+00,-1.410478e-01,8.612238e+00,4.716217e+00,-1.736261e-01,-1.156542e+00
1.850394e+00,2.261083e-01,9.126946e+00,5.580514e+00,1.845057e-01,-1.549984e+00
2.182554e+00,1.611316e+00,1.356456e+01,6.557026e+00,6.965907e-01,-1.560826e+00
3.273103e+00,2.096972e+00,1.267635e+01,7.231487e+00,1.081210e+00,-1.529816e+00
3.898584e+00,6.929887e+00,1.370885e+01,8.169798e+00,1.501261e+00,-1.142305e+00
8.296647e-01,8.925291e+00,1.162189e+01,8.400639e+00,1.491626e+00,-4.593614e-01
-1.167768e+01,-6.730711e+00,5.640267e+00,7.432563e+00,5.790824e-01,1.674400e-01
6.073340e-01,-1.203751e+01,1.496458e+00,5.893228e+00,8.660915e-01,-1.138645e-01
8.086478e+00,-8.145350e+00,7.221175e+00,2.252786e+00,2.407178e+00,1.974069e-01
8.701609e+00,2.606963e+01,3.670718e+00,-1.440512e+00,2.549881e+00,5.904094e-01
-1.570577e+01,-2.315115e+00,6.909572e+00,-5.069513e+00,1.195075e-03,-6.345645e-01
-2.267802e+01,-1.793694e+01,1.340918e+01,-1.818790e+00,-7.151336e-01,4.581506e-01
-4.628488e+00,1.342019e+01,2.209046e+01,-1.103263e+00,-3.502974e+00,-3.138085e+00
7.645837e+00,2.231458e+01,1.234149e+01,-3.438884e+00,6.093640e-01,6.744674e-01
3.654078e+00,5.755452e+00,7.875559e+00,-2.692633e+00,3.290713e+00,7.091551e-01
7.989227e-01,9.830020e+00,6.086616e+00,-1.204724e+00,1.682849e+00,1.348358e-01
4.908095e-01,1.358826e+01,5.406138e+00,-1.384791e+00,7.180392e-02,1.273779e-01
1.674231e+00,1.178332e+01,3.797741e+00,-9.998108e-01,-4.886523e-02,7.328388e-04
3.961661e+00,9.359996e+00,3.633380e-01,-7.831738e-01,1.243744e-01,-6.324186e-02
1.702119e+00,8.870997e+00,6.141360e-01,-6.907865e-01,7.047244e-02,-8.898083e-02
-2.492666e+00,6.091650e+00,9.547954e-01,-8.775388e-01,-5.018303e-01,-1.261370e-01
-3.671125e+00,5.310381e+00,7.603720e-01,-1.018183e+00,-1.174076e+00,-3.978242e-01
-1.509881e+00,7.558116e+00,2.496252e+00,-1.326215e+00,-1.414838e+00,-4.843936e-01
1.028116e+00,7.663504e+00,3.404465e+00,-1.601178e+00,-1.164295e+00,-4.694112e-01
3.080919e+00,6.743133e+00,-4.051456e-01,-1.767657e+00,-7.678351e-01,-4.613575e-01
7.277187e-01,8.843159e+00,-1.767894e+00,-1.959876e+00,-9.277135e-01,-3.897413e-01
-2.718835e+00,1.038027e+01,1.162463e+00,-2.399051e+00,-1.363683e+00,-3.662987e-01
-2.178737e+00,1.042320e+01,2.194360e+00,-3.016650e+00,-1.593951e+00,-1.554487e-01
1.231940e+01,1.553990e+01,-6.241973e+00,-3.560165e+00,-1.103631e+00,1.801739e-01
1.773635e+01,2.577243e+01,-1.078218e+01,-3.895610e+00,-5.293794e-01,6.222410e-01
2.646144e-01,1.589428e+01,1.419985e+01,-4.663119e+00,-1.182982e+00,8.095588e-01
-1.088623e+01,2.607463e+01,2.238291e+01,-5.084531e+00,-4.258059e+00,4.215032e-01
-9.029690e-01,8.181406e+00,2.059239e+01,-5.076476e+00,-4.398898e+00,-1.104425e+00
6.027224e+00,8.600094e+00,1.231873e+01,-3.373735e+00,-2.592896e+00,-8.883637e-01
2.121276e+00,9.814729e+00,1.366090e+01,-1.754408e+00,4.967795e-01,-3.845084e-02
2.530979e+00,4.576998e+00,1.145918e+01,-6.535410e-01,1.114610e+00,-4.596521e-01
3.676914e+00,1.204853e+00,1.002892e+01,2.048362e+00,1.371676e+00,-9.050789e-01
3.636078e+00,-7.093383e-01,9.628260e+00,3.710619e+00,2.144643e+00,-5.813840e-01
3.813623e+00,-1.145245e+00,8.844494e+00,5.160256e+00,2.674787e+00,-7.200459e-01
5.057217e+00,-8.556992e-01,1.013433e+01,5.998618e+00,2.730915e+00,-5.260587e-01
6.699197e+00,4.992715e-01,1.372993e+01,6.892339e+00,2.674940e+00,-1.595483e-01
7.156399e+00,1.535379e+00,1.300947e+01,7.747169e+00,2.212531e+00,-3.545505e-02
4.778984e+00,5.131001e+00,1.042492e+01,8.654883e+00,1.097740e+00,1.544601e-01
-6.432983e+00,5.648245e+00,9.051272e+00,8.534618e+00,4.930755e-01,1.923347e-01
-1.343207e+01,-8.663908e+00,6.653371e+00,6.964215e+00,-6.969887e-01,-3.420223e-02
-5.112790e+00,-1.349387e+01,4.899284e+00,5.112535e+00,-2.742266e-01,-6.792011e-01
8.067485e+00,2.786588e+01,-6.341273e+00,1.058918e+00,2.330303e+00,4.479887e-01
1.435465e+01,3.057598e+01,-1.168031e+00,-2.329251e+00,2.885659e+00,6.608256e-01
-9.803107e+00,-1.120380e+01,1.510003e+01,-3.249042e+00,2.329294e+00,1.029603e+00
2.558161e+00,-1.071306e+01,1.461959e+01,-2.474166e+00,-1.414500e+00,-1.431464e+00
6.761456e-01,2.098799e+01,1.395682e+01,-3.678958e+00,5.457169e-01,4.539333e-03
-7.283148e-01,2.336510e+01,1.056112e+01,-3.513319e+00,6.714329e-01,4.240875e-01
-9.088314e-01,2.807272e+00,5.630185e+00,-2.163961e+00,7.941113e-01,-1.739235e-01
3.102700e+00,6.463423e+00,5.256329e+00,-1.196286e+00,7.577766e-01,2.704750e-01
7.256432e+00,1.311519e+01,4.375704e+00,-1.068745e+00,1.739221e+00,3.457243e-01
1.945493e+00,9.015937e+00,2.925830e+00,-1.039357e+00,1.320884e+00,1.696229e-01
-1.650455e+00,9.641239e+00,3.254132e+00,-8.744342e-01,-4.711332e-01,-2.892618e-01
-9.875374e-01,1.068430e+01,3.359179e+00,-8.128586e-01,-9.574637e-01,-4.725191e-01
-1.408324e-02,9.000637e+00,1.396905e+00,-8.623540e-01,-6.689307e-01,-4.027903e-01
-7.059203e-01,7.950352e+00,1.310126e+00,-8.093119e-01,-4.675978e-01,-3.875528e-01
-2.081628e+00,8.679768e+00,3.704652e+00,-1.034934e+00,-6.137157e-01,-3.809111e-01
5.869373e-01,9.412527e+00,5.302384e+00,-1.214383e+00,-8.144322e-01,-4.706593e-01
3.873855e+00,7.449480e+00,1.354650e+00,-1.331111e+00,-7.602310e-01,-4.196480e-01
3.208679e+00,6.798938e+00,-2.430920e+00,-1.326295e+00,-6.760816e-01,-3.836428e-01
2.702579e+00,1.147139e+01,-1.710309e+00,-1.667162e+00,-9.722388e-01,-2.199917e-01
-6.664417e-01,1.172996e+01,1.450344e+00,-2.368675e+00,-1.305533e+00,-8.871430e-02
3.012336e+00,1.339524e+01,7.502867e-01,-3.075771e+00,-1.666512e+00,-1.401751e-01
1.020062e+01,1.876602e+01,-7.928411e+00,-3.530404e+00,-1.631022e+00,1.629703e-01
1.537628e-01,1.484620e+01,9.939579e+00,-3.872695e+00,-1.313359e+00,5.504781e-01
-7.064223e+00,1.984105e+01,1.542112e+01,-4.436832e+00,-3.084929e+00,5.456252e-01
-8.912696e+00,2.587618e+01,1.935746e+01,-4.619516e+00,-4.406029e+00,-3.362584e-01
1.318747e-01,4.395028e+00,1.602813e+01,-4.203264e+00,-3.004480e+00,-6.700472e-01
7.603866e+00,1.035034e+01,1.012534e+01,-9.060218e-01,6.297688e-02,1.688230e-01
5.868768e+00,1.017641e+01,1.137000e+01,-1.113971e+00,1.612116e+00,-2.943652e-02
3.761110e+00,2.864844e+00,7.894575e+00,5.941143e-01,1.348167e+00,-3.667790e-01
3.258184e+00,7.039747e-01,7.303089e+00,2.364847e+00,1.124623e+00,-8.762204e-01
1.884273e+00,8.307765e-01,7.971686e+00,3.799311e+00,1.226827e+00,-1.304690e+00
1.459137e+00,3.115188e+00,8.647205e+00,4.527380e+00,1.384079e+00,-1.588034e+00
2.321589e+00,3.446791e+00,1.132699e+01,5.424175e+00,1.527473e+00,-1.458502e+00
3.751543e+00,2.844141e+00,1.419967e+01,6.321933e+00,1.597362e+00,-1.258834e+00
6.574204e+00,2.301123e+00,1.142157e+01,7.378757e+00,1.632397e+00,-9.556104e-01
4.456895e+00,2.726794e+00,1.094713e+01,8.046602e+00,1.468645e+00,-6.170041e-01
-8.315757e+00,-1.720722e+00,9.529195e+00,7.757822e+00,8.489876e-01,3.725879e-02
-1.104511e+01,-1.008991e+01,5.656195e+00,6.312861e+00,-4.966519e-02,2.840079e-01
-1.236957e+00,-4.388326e+00,4.885058e+00,3.431640e+00,1.331200e+00,5.030618e-01
2.147763e+01,3.377362e+01,-3.209365e+00,8.284464e-02,3.225096e+00,1.294972e+00
6.460121e+00,-6.043945e-01,1.440372e+01,-3.234706e+00,3.809790e+00,1.223520e+00
4.727103e+00,-4.521463e+00,1.364725e+01,-3.287320e+00,1.954535e+00,7.388814e-01
-4.989676e-01,9.783459e+00,1.717705e+01,-3.085817e+00,-8.249665e-01,-1.257160e+00
-1.474949e+01,2.458163e+01,1.268335e+01,-2.779507e+00,-1.706066e+00,-1.311014e+00
-7.927704e+00,5.491354e+00,7.356602e+00,-2.747992e+00,-1.915350e+00,-9.752304e-02
9.367440e-01,4.145470e+00,6.678067e+00,-1.231379e+00,3.704525e-02,-6.924503e-02
1.548290e+01,1.411295e+01,1.880497e+00,-7.105990e-01,3.754398e+00,1.154238e+00
1.377106e+01,1.156047e+01,-9.620504e-02,-7.231740e-01,3.976714e+00,1.164827e+00
-2.274026e+00,8.094023e+00,1.317063e+00,-5.656042e-01,1.010918e+00,3.520594e-01
-7.255294e+00,1.018165e+01,2.673475e+00,-6.001307e-01,-1.698627e+00,-7.014379e-01
-4.347684e+00,9.210897e+00,3.190399e+00,-9.339834e-01,-2.014093e+00,-7.765755e-01
-5.224772e-01,8.125465e+00,2.592614e+00,-1.001052e+00,-8.902240e-01,-4.462758e-01
6.221649e+00,1.125541e+01,2.982379e+00,-9.808140e-01,5.055744e-01,4.582805e-02
5.027793e+00,1.040769e+01,3.858796e+00,-1.130849e+00,6.591463e-01,7.205284e-02
-1.432744e+00,8.658807e+00,5.081814e+00,-1.250148e+00,-5.394073e-01,-3.413660e-01
-1.759520e+00,9.501193e+00,1.012848e+00,-1.257381e+00,-1.401106e+00,-5.860734e-01
1.094123e+00,1.029942e+01,-5.683869e+00,-1.361283e+00,-1.147081e+00,-3.350834e-01
2.056822e+00,1.088661e+01,-4.830612e+00,-1.625757e+00,-3.884696e-01,1.384860e-01
3.355716e+00,1.067662e+01,3.350807e-01,-2.392606e+00,-4.071053e-01,2.289352e-01
9.205801e+00,1.071234e+01,-3.176514e-01,-2.982894e+00,-8.503554e-01,1.678019e-01
1.252587e+01,1.466723e+01,-5.743092e+00,-3.636276e+00,-1.102021e+00,4.043777e-01
-2.597070e+00,1.398954e+01,5.826810e+00,-3.890733e+00,-1.437497e+00,3.944933e-01
-1.187520e+01,3.210836e+01,1.763376e+01,-4.542995e+00,-4.239864e+00,-1.516708e-01
-1.557421e+01,2.587542e+01,1.742468e+01,-5.105951e+00,-5.172779e+00,-5.317714e-01
3.097390e+00,4.300900e+00,1.439837e+01,-3.879463e+00,-3.089863e+00,8.039874e-02
9.967812e+00,1.282672e+01,9.221296e+00,-1.133387e+00,-4.756581e-01,5.076230e-01
4.117209e+00,6.753320e+00,1.139769e+01,-1.273871e+00,2.103769e+00,3.436070e-01
1.450242e+00,3.769103e+00,8.994327e+00,8.837878e-01,1.178461e+00,-3.064768e-01
3.467901e-01,4.223464e-01,1.023506e+01,2.986557e+00,5.528380e-01,-7.176611e-01
4.537532e-01,1.308880e-01,9.842292e+00,4.194131e+00,6.808214e-01,-7.581481e-01
2.459599e+00,2.094914e+00,1.144428e+01,5.451292e+00,1.648442e+00,-1.004595e+00
3.120201e+00,3.266490e+00,1.344596e+01,6.247801e+00,2.187466e+00,-7.100911e-01
3.827825e+00,4.374682e+00,1.575343e+01,7.217416e+00,2.217383e+00,-4.271617e-01
4.591997e+00,7.148271e+00,1.373744e+01,8.136751e+00,1.918388e+00,-2.102127e-01
-1.701850e+00,3.966226e+00,5.830926e+00,8.955610e+00,1.454680e+00,1.060181e-01
-1.107422e+01,-2.462352e+00,5.960619e+00,8.320756e+00,1.397118e+00,1.702369e-01
-2.216305e+00,-1.426993e+01,2.013657e+00,5.906771e+00,1.156273e+00,-2.718285e-01
2.703766e+00,-1.415697e+00,7.562673e+00,3.188442e+00,2.319773e+00,-4.068494e-01
2.390618e+01,3.047824e+01,-5.950009e-01,-1.783814e+00,2.478662e+00,4.911810e-01
-1.483118e+00,-3.029700e+00,8.706097e+00,-3.659086e+00,1.828920e+00,-4.118626e-02
-1.193958e+00,-2.784639e+00,1.009143e+01,-2.147976e+00,7.569422e-01,2.964393e-01
-5.872837e+00,9.544389e+00,1.409994e+01,-3.482159e+00,-8.552536e-01,-1.461972e+00
-4.746024e+00,2.141204e+01,1.101146e+01,-3.398379e+00,-1.518218e-01,8.029951e-02
-4.871431e+00,4.321069e+00,6.056678e+00,-3.051984e+00,-7.346273e-01,-8.360009e-01
-8.086061e-01,8.493896e+00,5.205705e+00,-1.279087e+00,1.335179e-01,8.656795e-02
4.866075e+00,1.281590e+01,5.480467e+00,-1.115876e+00,1.049568e+00,4.841808e-01
7.958295e+00,7.897970e+00,2.471241e+00,-1.174575e+00,2.695171e+00,7.624665e-01
2.425451e+00,6.781922e+00,3.095051e+00,-1.056415e+00,2.019547e+00,5.616417e-01
-1.923838e+00,1.090283e+01,3.782717e+00,-1.021403e+00,-2.945546e-01,-2.131134e-01
-1.972256e+00,9.665915e+00,2.624086e+00,-1.108309e+00,-8.559498e-01,-3.308746e-01
2.252895e-01,7.704945e+00,1.009343e+00,-1.078649e+00,-4.218939e-01,-2.867321e-01
3.825299e-02,8.157524e+00,2.214237e+00,-1.068195e+00,-1.301006e-02,-1.763434e-01
1.487118e+00,9.245424e+00,5.251315e+00,-1.265434e+00,1.639687e-02,-1.371316e-01
3.883004e+00,1.023682e+01,5.493602e+00,-1.420552e+00,-2.065982e-02,-1.507812e-01
1.994741e+00,9.261143e+00,2.868616e+00,-1.428886e+00,5.186566e-03,-1.670406e-01
1.596672e+00,9.039450e+00,1.566107e+00,-1.467940e+00,-2.360070e-01,-9.327717e-02
3.016564e+00,1.206430e+01,-6.070825e-02,-1.650100e+00,-4.819285e-01,5.325150e-02
3.323342e-01,1.099432e+01,1.595197e+00,-2.010410e+00,-6.145421e-01,1.320894e-01
5.470101e+00,1.320843e+01,1.184746e+00,-2.584316e+00,-1.242766e+00,2.079932e-02
7.426444e+00,1.747441e+01,-3.734298e+00,-2.907910e+00,-1.251900e+00,2.595231e-01
-2.044659e+00,1.212548e+01,1.647970e+00,-3.274176e+00,-1.368345e+00,5.852544e-01
-4.663056e+00,1.655689e+01,9.910772e+00,-3.646883e+00,-2.830570e+00,2.919553e-01
-9.973690e+00,2.270994e+01,1.449555e+01,-4.158930e+00,-4.041981e+00,8.641160e-02
-6.339776e+00,8.453004e+00,1.723095e+01,-3.787312e+00,-2.556881e+00,1.136851e-01
4.290880e+00,1.169104e+01,8.776325e+00,-1.851060e+00,-1.194584e+00,2.370868e-01
3.344110e+00,1.290823e+01,1.022354e+01,-1.084200e+00,1.141592e+00,5.804778e-01
2.308842e+00,5.578377e+00,9.540987e+00,1.026163e+00,1.284120e+00,9.816561e-02
2.686321e+00,3.175098e+00,8.402168e+00,2.201674e+00,1.225528e+00,-8.103780e-02
3.380000e+00,2.214493e+00,9.099324e+00,3.585354e+00,1.268340e+00,-3.109889e-01
3.128622e+00,2.312756e+00,9.153511e+00,4.497042e+00,1.406110e+00,-5.725863e-01
2.530194e+00,3.534579e+00,1.088871e+01,5.730568e+00,1.397190e+00,-7.280858e-01
2.339829e+00,4.144255e+00,1.217848e+01,6.209997e+00,1.311998e+00,-7.732099e-01
3.086892e+00,5.707135e+00,1.372224e+01,7.189763e+00,1.236529e+00,-8.234727e-01
6.893784e-01,8.195933e+00,1.118114e+01,7.834949e+00,1.340758e+00,-7.638471e-01
-5.223211e+00,2.022924e+00,9.102401e+00,7.720748e+00,1.431358e+00,-3.019794e-01
-1.027713e+01,-4.695707e+00,6.536592e+00,6.467291e+00,1.604012e+00,1.484709e-01
-1.593652e+00,-1.102058e+01,8.698503e+00,4.149477e+00,2.557091e+00,4.364849e-01
7.084989e+00,-1.353007e+00,7.615105e+00,1.896950e+00,3.825068e+00,5.506073e-01
3.045470e+01,3.070453e+01,1.210579e+00,-2.539597e+00,3.572834e+00,7.033932e-01
3.200786e+00,-4.206798e+00,1.086127e+01,-2.133923e+00,3.499206e+00,1.675080e+00
-6.753040e+00,5.650186e+00,1.291727e+01,-2.839530e+00,-8.263457e-01,-1.751210e+00
-8.408390e+00,1.709641e+01,1.236259e+01,-3.150433e+00,-5.458192e-01,-4.229817e-01
-1.076667e+00,1.184139e+01,5.599463e+00,-2.509289e+00,-3.396100e-01,-4.236676e-01
1.446891e+00,3.415017e+00,2.028149e+00,-1.579718e+00,7.149824e-01,-3.936119e-01
3.867592e+00,1.210953e+01,2.094853e+00,-1.003247e+00,1.672197e+00,2.386630e-01
5.278389e+00,1.105945e+01,1.845445e+00,-1.223841e+00,1.783343e+00,2.409507e-01
-4.190015e-01,7.450000e+00,2.230941e+00,-1.098710e+00,1.017055e+00,-7.064941e-02
-3.170713e+00,7.837345e+00,3.376890e+00,-1.181794e+00,-1.693324e-01,-4.240539e-01
1.866523e+00,9.948403e+00,2.864481e+00,-1.267449e+00,-1.261983e-01,-3.486625e-01
4.475500e+00,8.790770e+00,1.569077e+00,-1.337955e+00,5.700065e-01,-1.173287e-01
2.476354e+00,8.236961e+00,3.241781e+00,-1.442339e+00,3.587494e-01,-2.055139e-01
1.540308e-02,9.640965e+00,7.039682e+00,-1.614393e+00,-3.080475e-01,-3.848845e-01
1.105095e+00,1.114035e+01,5.761597e+00,-1.677939e+00,-8.873990e-01,-5.443925e-01
1.665601e-01,1.018299e+01,2.236748e+00,-1.536813e+00,-8.207000e-01,-4.112279e-01
1.954307e+00,1.040308e+01,-3.862285e+00,-1.411630e+00,-5.560605e-01,-1.388018e-01
2.737051e+00,9.071740e+00,-2.521118e+00,-1.684264e+00,-3.044311e-01,1.309474e-01
2.344303e+00,1.191244e+01,7.498249e-01,-2.519358e+00,-7.849725e-01,9.482611e-03
7.352114e+00,1.243782e+01,8.222447e-01,-3.215776e+00,-1.169820e+00,1.219841e-01
6.305785e+00,1.876329e+01,-4.755196e+00,-3.598783e+00,-1.171636e+00,3.226158e-01
-3.718720e+00,1.726798e+01,7.842294e+00,-4.074507e+00,-1.976022e+00,5.278984e-01
-9.731968e+00,2.698143e+01,1.460987e+01,-4.507346e+00,-4.273195e+00,1.092425e-01
-1.115089e+01,2.230133e+01,1.623585e+01,-4.488904e+00,-3.214633e+00,1.841066e-01
3.779945e+00,5.276743e+00,1.176151e+01,-1.928063e+00,-7.674627e-01,4.458828e-01
6.543783e+00,1.330214e+01,7.749288e+00,-8.467531e-01,1.599947e+00,9.676269e-01
2.552636e+00,7.656093e+00,1.021575e+01,-3.769996e-01,1.690963e+00,5.821359e-01
2.448985e+00,5.825748e+00,8.878801e+00,1.420504e+00,1.054991e+00,2.350473e-02
3.474388e+00,2.196249e+00,9.191224e+00,3.515771e+00,8.885396e-01,-2.466258e-01
2.945915e+00,1.622005e+00,9.269599e+00,4.481983e+00,8.578885e-01,-5.602744e-01
1.631757e+00,3.078222e+00,1.038430e+01,5.296860e+00,7.933377e-01,-8.489459e-01
8.992337e-01,3.380469e+00,1.147716e+01,5.929469e+00,7.178974e-01,-9.027802e-01
4.636894e-01,3.964304e+00,1.504968e+01,7.012843e+00,6.115872e-01,-1.045913e+00
-1.503161e-02,4.973975e+00,1.334429e+01,7.766169e+00,7.753278e-01,-1.001608e+00
-1.314432e+00,4.958103e+00,1.064658e+01,8.103669e+00,1.205679e+00,-6.641297e-01
-6.953387e+00,-7.917077e-01,8.547117e+00,7.412038e+00,1.301800e+00,-1.586739e-01
-3.703020e+00,-1.294397e+01,9.246470e+00,4.866617e+00,1.639307e+00,1.838369e-01
3.443388e+00,-5.223604e+00,8.666283e+00,1.907502e+00,2.904316e+00,1.137442e-01
3.643353e+01,3.812642e+01,-3.974017e+00,-2.065563e+00,3.259044e+00,2.067714e-01
-9.932660e-01,3.845866e+00,9.462751e+00,-2.185211e+00,3.275377e+00,1.328063e+00
8.913552e-01,-5.117493e+00,9.583455e+00,-2.607142e+00,-4.240705e-01,-1.764284e+00
-3.802357e+00,1.498699e+01,1.455612e+01,-3.358844e+00,7.044797e-01,-1.127826e-01
-9.544813e-01,1.326989e+01,7.516522e+00,-3.480666e+00,-7.340449e-02,-4.778598e-01
-5.017297e+00,4.358537e+00,5.909189e+00,-2.500117e+00,-5.920660e-01,-9.625369e-01
-2.512645e+00,9.590408e+00,5.681146e+00,-1.333929e+00,-2.377554e-01,1.299070e-02
5.206062e+00,1.256053e+01,5.261669e+00,-1.301950e+00,1.469142e+00,3.840223e-01
6.595413e+00,8.453669e+00,2.719977e+00,-1.139916e+00,2.401795e+00,5.308603e-01
1.871502e+00,7.349491e+00,3.718040e+00,-1.063638e+00,1.072851e+00,1.491573e-01
-2.279650e+00,1.070674e+01,4.544678e+00,-1.038605e+00,-4.617065e-01,-3.230239e-01
-1.027055e+00,9.791769e+00,3.245446e+00,-1.055050e+00,-5.552817e-01,-3.290838e-01
1.594583e+00,9.012097e+00,1.309555e+00,-8.991262e-01,-1.023214e-01,-3.226257e-01
4.123973e-01,7.693946e+00,1.809810e+00,-1.009452e+00,1.581961e-02,-2.436757e-01
4.895385e-01,9.166000e+00,5.416846e+00,-1.219621e+00,-2.296100e-01,-2.864343e-01
1.810361e+00,9.751868e+00,4.509789e+00,-1.334674e+00,-1.415373e-01,-1.651568e-01
3.541458e+00,7.896913e+00,-4.527844e+00,-1.362254e+00,-7.825058e-02,-6.715613e-02
2.709846e+00,7.860000e+00,-4.766516e+00,-1.498044e+00,-1.979288e-01,7.681165e-03
-3.869731e-01,1.077380e+01,1.577513e+00,-2.269618e+00,-9.152395e-01,-1.990230e-02
3.661485e+00,1.222468e+01,2.632896e+00,-2.965865e+00,-1.303707e+00,-7.437562e-02
1.285372e+01,1.461270e+01,-5.289674e+00,-3.409281e+00,-1.186070e+00,2.039391e-01
5.211443e+00,1.728937e+01,-2.596741e+00,-3.593278e+00,-1.265656e+00,3.719157e-01
-6.909487e+00,2.072096e+01,1.443782e+01,-4.304686e+00,-3.767377e+00,7.673656e-02
-1.052501e+01,2.926863e+01,1.735688e+01,-4.659867e+00,-4.795829e+00,-3.512106e-01
-4.957812e+00,5.925079e+00,1.806784e+01,-4.205621e+00,-2.935040e+00,-1.895564e-01
6.811301e+00,4.553751e+00,1.121158e+01,-1.875631e+00,-1.118866e+00,1.252684e-01
7.522845e+00,1.091046e+01,9.135876e+00,-1.072799e+00,1.748748e+00,1.854015e-01
3.873936e+00,6.036842e+00,9.626430e+00,7.557589e-02,1.278477e+00,-2.778373e-01
1.867933e+00,2.460516e+00,7.533404e+00,2.220826e+00,5.180694e-01,-9.694407e-01
1.681862e+00,1.318165e+00,8.181835e+00,3.272567e+00,4.207601e-01,-1.134688e+00
1.532927e+00,2.259274e+00,8.778782e+00,4.483983e+00,9.818423e-01,-1.541576e+00
1.790136e+00,4.204618e+00,9.505026e+00,5.145808e+00,1.389120e+00,-1.699962e+00
2.571434e+00,4.855482e+00,1.145459e+01,5.904390e+00,1.693626e+00,-1.540654e+00
3.979971e+00,5.644850e+00,1.428008e+01,6.664940e+00,1.799852e+00,-1.438364e+00
5.952730e+00,9.642730e+00,1.183126e+01,7.823500e+00,1.709831e+00,-1.126637e+00
2.431964e+00,6.575631e+00,9.768433e+00,8.071575e+00,1.285978e+00,-7.123739e-01
-1.504987e+01,-5.446000e+00,5.234862e+00,7.014066e+00,1.755033e-01,-3.715578e-01
-1.092263e+01,-1.479639e+01,7.152476e+00,5.378983e+00,7.830368e-02,-3.062686e-01
1.182614e+01,1.207909e+01,3.307006e+00,1.169436e+00,3.558711e+00,2.971967e-01
3.635559e+01,3.764784e+01,-6.603702e-01,-2.106695e+00,4.508180e+00,1.219564e+00
6.683546e+00,-5.285552e+00,1.115107e+01,-2.502152e+00,3.870387e+00,1.688219e+00
2.311806e+00,-5.417310e+00,1.115585e+01,-3.528172e+00,-3.080542e-02,-1.099894e+00
-9.136939e+00,1.606571e+01,1.645563e+01,-3.200788e+00,-1.066166e+00,-3.141716e-01
-2.920585e+00,2.208892e+01,1.030651e+01,-3.052826e+00,-1.516771e+00,-5.469511e-01
-2.330542e+00,2.797579e+00,3.439075e+00,-2.154647e+00,1.398987e-01,-2.509072e-01
8.067180e-01,6.809561e+00,3.773183e+00,-1.082944e+00,1.006086e+00,4.255727e-01
7.902698e+00,1.250102e+01,2.591435e+00,-1.247124e+00,1.972032e+00,5.282114e-01
5.802494e+00,8.896680e+00,1.407356e+00,-1.121970e+00,1.523442e+00,3.712186e-01
-2.728116e+00,7.898851e+00,2.705367e+00,-1.051014e+00,-2.891179e-01,-1.464387e-01
-2.741964e+00,1.095407e+01,3.135269e+00,-1.141393e+00,-1.128447e+00,-3.846523e-01
2.485735e-01,8.549803e+00,1.564344e+00,-1.281597e+00,-5.938622e-01,-2.153357e-01
8.952204e-01,7.979199e+00,1.870414e+00,-1.234038e+00,-2.294367e-01,-1.793271e-01
6.377322e-01,1.020936e+01,4.676474e+00,-1.421477e+00,-1.537650e-01,-9.338930e-02
1.751605e-01,9.943575e+00,6.156583e+00,-1.581878e+00,-3.379836e-01,-1.648080e-01
1.553288e+00,9.151401e+00,6.831326e+00,-1.546625e+00,-4.635929e-01,-1.843533e-01
1.368635e+00,9.151543e+00,2.986348e+00,-1.430849e+00,-3.100933e-01,-1.249334e-01
2.275449e+00,9.959903e+00,-1.654363e+00,-1.457824e+00,-8.428827e-02,2.203053e-01
4.549213e+00,1.226983e+01,-3.249638e+00,-1.661231e+00,-6.132434e-02,3.557688e-01
2.217343e+00,1.028630e+01,3.367163e-02,-2.332376e+00,-5.657610e-01,2.321706e-01
3.734983e+00,1.231485e+01,4.026274e-01,-2.840506e+00,-1.312215e+00,5.931788e-02
4.903097e+00,1.767524e+01,-4.261521e+00,-3.496911e+00,-1.758935e+00,2.712331e-01
-2.914883e+00,1.389346e+01,8.029647e+00,-3.969767e+00,-2.500199e+00,3.061638e-01
-9.237328e+00,2.800193e+01,1.630042e+01,-4.520433e+00,-4.301036e+00,-1.488187e-01
-1.030137e+01,2.489291e+01,1.562546e+01,-4.570290e+00,-3.381450e+00,-1.729192e-01
1.895702e+00,1.099243e+00,1.299777e+01,-2.440012e+00,-1.724684e+00,-3.530462e-02
5.504531e+00,8.912893e+00,1.003051e+01,-7.647718e-01,3.578695e-01,4.148952e-01
3.314125e+00,8.050128e+00,1.129174e+01,-6.880163e-01,1.676665e+00,2.590461e-01
2.965310e+00,4.338289e+00,8.431235e+00,1.015637e+00,1.274028e+00,-2.201952e-01
4.414145e+00,8.872409e-01,8.398627e+00,3.074870e+00,1.449772e+00,-6.706392e-01
4.559818e+00,1.128485e+00,8.261454e+00,4.073598e+00,1.647794e+00,-9.789374e-01
3.878020e+00,3.673116e+00,9.288570e+00,5.003946e+00,1.645175e+00,-1.189767e+00
2.983759e+00,3.623161e+00,1.135691e+01,5.650238e+00,1.454724e+00,-1.083745e+00
2.533077e+00,4.873162e+00,1.352991e+01,6.799081e+00,1.099105e+00,-9.493992e-01
3.200053e+00,5.904621e+00,1.273245e+01,7.462096e+00,9.525288e-01,-7.938285e-01
1.761837e+00,6.240612e+00,9.307514e+00,8.189262e+00,9.810898e-01,-3.485542e-01
-2.384514e+00,3.837024e+00,7.199521e+00,7.791700e+00,7.550155e-01,6.871418e-03
-9.746825e+00,-1.221153e+01,5.844352e+00,5.592977e+00,3.403500e-01,-2.838588e-02
1.444909e+00,-6.761854e+00,8.414954e+00,2.948616e+00,1.255409e+00,-1.289550e-01
1.465027e+01,3.508618e+01,-7.234568e+00,-1.254147e+00,2.589121e+00,4.624081e-01
4.573294e+00,1.504085e+01,4.619417e+00,-3.328585e+00,2.316623e+00,5.854862e-01
3.380699e-01,-6.870212e+00,9.343823e+00,-2.654168e+00,-5.269916e-02,-4.213238e-01
-4.129025e+00,1.139235e+00,1.348067e+01,-2.906890e+00,-1.750505e-01,-7.898319e-01
-5.138184e-01,2.534997e+01,1.164818e+01,-2.951065e+00,4.241096e-01,3.296449e-01
-1.704891e-01,7.540518e+00,6.088965e+00,-2.786043e+00,7.429333e-01,-3.450928e-01
1.467027e-01,6.373386e+00,4.805095e+00,-1.118708e+00,7.389487e-01,1.899498e-01
3.054473e+00,1.285971e+01,5.190993e+00,-1.203925e+00,1.041628e+00,2.139556e-01
3.564476e+00,8.881024e+00,3.131376e+00,-1.050229e+00,1.168252e+00,1.513568e-01
1.332459e+00,7.592419e+00,3.156653e+00,-9.509934e-01,5.466251e-01,-1.305369e-02
1.181572e+00,1.138757e+01,3.370999e+00,-9.622641e-01,-4.896193e-01,-2.967368e-01
1.115261e+00,1.058706e+01,2.683278e+00,-1.080864e+00,-5.604680e-01,-2.790182e-01
7.475340e-01,9.304743e+00,1.733767e+00,-1.035428e+00,-6.991899e-01,-3.677916e-01
-2.472588e+00,8.439253e+00,2.353831e+00,-1.058882e+00,-9.165122e-01,-4.210244e-01
-2.797081e+00,8.200902e+00,3.682798e+00,-1.192137e+00,-1.233977e+00,-4.942589e-01
-1.315866e-01,8.247616e+00,4.586756e+00,-1.307428e+00,-9.644953e-01,-3.404634e-01
2.872136e+00,9.652646e+00,2.784914e+00,-1.352344e+00,-3.164903e-01,-9.850045e-02
1.916426e+00,8.359017e+00,-3.836455e-01,-1.389962e+00,-1.281584e-01,2.987869e-02
1.926055e+00,9.734399e+00,-3.572887e+00,-1.678796e+00,-4.138632e-01,1.049269e-01
3.279238e+00,1.071528e+01,-2.428527e+00,-2.149508e+00,-7.044257e-01,9.702110e-02
5.827076e+00,1.161148e+01,-5.233229e-01,-2.940594e+00,-1.101715e+00,6.215993e-02
8.573456e+00,1.348729e+01,-3.088685e+00,-3.468139e+00,-1.444157e+00,1.605215e-01
-2.554975e+00,1.481013e+01,4.909783e+00,-4.000166e+00,-1.901115e+00,2.134354e-01
-7.310661e+00,2.340974e+01,1.481310e+01,-4.452840e+00,-3.203188e+00,1.782055e-02
-1.340666e+01,1.599431e+01,1.866656e+01,-4.886863e+00,-3.966538e+00,-1.446886e-01
-2.372153e+00,4.441169e+00,1.795042e+01,-3.657732e+00,-2.316199e+00,9.930396e-02
1.129080e+01,1.106637e+01,9.376187e+00,-1.070048e+00,9.916173e-01,1.052432e+00
9.284948e+00,1.005231e+01,1.015859e+01,-1.229697e+00,2.413580e+00,8.460399e-01
3.902321e+00,4.379422e+00,8.054640e+00,8.925844e-01,1.346089e+00,6.226342e-02
2.237724e+00,1.301151e+00,7.716495e+00,2.341837e+00,6.725971e-01,-3.710208e-01
2.287208e+00,4.123632e-01,8.627661e+00,3.664803e+00,5.884487e-01,-7.038262e-01
2.954267e+00,1.462819e+00,9.192840e+00,4.507601e+00,1.010644e+00,-1.048650e+00
3.751246e+00,4.155045e+00,1.052009e+01,5.565268e+00,1.532974e+00,-9.970657e-01
3.913558e+00,4.393558e+00,1.192447e+01,6.329508e+00,1.515977e+00,-8.817104e-01
4.863633e+00,5.564964e+00,1.568458e+01,7.468888e+00,1.116254e+00,-7.328255e-01
4.582163e+00,7.138601e+00,1.215869e+01,8.194552e+00,8.190270e-01,-5.731063e-01
-3.110931e+00,4.569325e+00,9.525717e+00,8.329173e+00,2.723436e-01,-2.433675e-01
-1.304412e+01,-5.113806e+00,7.190518e+00,7.299225e+00,-3.422746e-01,-1.117122e-01
-3.783578e+00,-1.318598e+01,6.998751e+00,4.142655e+00,-4.122103e-02,-2.685269e-01
8.476177e+00,2.019270e+01,-2.832394e-01,8.572768e-01,2.166184e+00,2.689386e-01
2.632042e+01,3.620705e+01,-1.327021e+00,-3.330343e+00,3.019970e+00,6.076037e-01
-4.193163e+00,-7.228332e+00,1.030670e+01,-2.568920e+00,2.375647e+00,1.365279e+00
-1.351827e+00,1.908174e+00,1.008871e+01,-2.704413e+00,-1.555349e+00,-1.867812e+00
-7.276041e+00,1.302146e+01,1.537504e+01,-3.126097e+00,-3.250708e-01,-1.673145e-01
5.625705e-01,1.540084e+01,8.866402e+00,-2.860887e+00,-1.699929e-01,-1.208899e-01
1.439029e-01,3.290535e+00,4.582645e+00,-2.500651e+00,3.754384e-01,-6.479930e-01
1.742734e+00,1.124435e+01,5.430000e+00,-1.047811e+00,7.981254e-01,2.445120e-01
4.771403e+00,1.266799e+01,4.584100e+00,-1.215344e+00,1.172220e+00,2.258869e-01
2.364654e+00,8.031410e+00,2.610519e+00,-9.961986e-01,9.999266e-01,1.314098e-01
-1.360525e+00,8.496241e+00,3.203482e+00,-8.859363e-01,5.578769e-02,-1.007658e-01
-1.603198e+00,1.083147e+01,2.005103e+00,-9.511329e-01,-1.030293e+00,-3.650097e-01
-6.042773e-01,9.755421e+00,-6.229111e-02,-9.867119e-01,-7.218016e-01,-2.786166e-01
-1.405073e+00,7.453284e+00,7.415309e-02,-1.041144e+00,-4.502571e-01,-1.908327e-01
-3.533561e+00,7.065965e+00,2.002415e+00,-1.171679e+00,-4.510237e-01,-2.051819e-01
1.249905e-01,8.477121e+00,6.085965e+00,-1.503861e+00,-4.598990e-01,-2.030738e-01
2.112994e+00,9.317081e+00,7.263375e+00,-1.644839e+00,-9.274212e-02,-9.646673e-02
4.036050e+00,9.246889e+00,3.289112e+00,-1.595710e+00,2.413432e-01,-4.770766e-02
2.790254e+00,7.810127e+00,6.474234e-01,-1.575777e+00,1.502616e-01,2.442935e-02
2.597726e+00,1.207099e+01,-2.575598e+00,-1.794783e+00,-2.716050e-01,1.149900e-01
4.928810e-01,1.161825e+01,-1.337045e-02,-2.314911e+00,-5.068816e-01,1.918379e-01
6.049573e+00,1.353268e+01,1.299036e+00,-3.008953e+00,-1.080707e+00,5.681695e-02
1.240791e+01,1.677076e+01,-4.524768e+00,-3.452308e+00,-1.289043e+00,1.679682e-01
-1.069760e+00,1.354794e+01,7.880659e+00,-4.074433e+00,-2.071950e+00,1.967580e-01
-8.970001e+00,2.009613e+01,1.662800e+01,-4.458120e+00,-4.394947e+00,-1.466328e-01
-1.486487e+01,2.916641e+01,1.934741e+01,-4.770121e+00,-5.258576e+00,-5.780395e-01
-4.486451e+00,2.347189e+00,1.918655e+01,-4.239676e+00,-3.462416e+00,-4.511970e-01
9.478560e+00,1.006735e+01,8.483657e+00,-7.035703e-01,6.307864e-01,6.697676e-01
7.937621e+00,1.033035e+01,1.003948e+01,-1.005429e+00,2.336504e+00,6.037023e-01
4.159294e+00,4.072119e+00,8.104237e+00,5.453034e-01,1.759557e+00,9.846882e-03
3.518948e+00,1.548761e+00,7.384060e+00,1.842253e+00,1.278856e+00,-4.287956e-01
2.252346e+00,-8.829536e-02,9.027654e+00,3.753383e+00,9.577229e-01,-9.014695e-01
2.063452e+00,1.116238e+00,8.768622e+00,4.517724e+00,1.067703e+00,-1.339173e+00
2.601169e+00,3.171414e+00,1.004304e+01,5.537386e+00,1.333983e+00,-1.458322e+00
3.296643e+00,4.047884e+00,1.153818e+01,6.249497e+00,1.445004e+00,-1.411388e+00
4.898785e+00,5.838735e+00,1.446911e+01,7.147714e+00,1.379594e+00,-1.319176e+00
4.107270e+00,7.200707e+00,1.221904e+01,7.933072e+00,1.157831e+00,-1.163511e+00
-7.761338e+00,4.555736e+00,9.920194e+00,8.212698e+00,5.863037e-01,-7.719500e-01
-1.493930e+01,-6.328330e+00,6.959811e+00,7.085445e+00,-8.213998e-02,-3.174214e-01
-2.305339e+00,-1.434868e+01,8.436626e+00,4.647905e+00,4.128517e-01,7.051930e-03
8.380762e+00,-8.305506e+00,1.151639e+01,1.786067e+00,2.813791e+00,5.573358e-01
3.799472e+01,3.913292e+01,-3.724443e+00,-3.223187e+00,3.906402e+00,7.272746e-01
-2.727186e+00,-7.846848e+00,8.193158e+00,-2.302193e+00,2.767609e+00,1.779569e+00
-2.228077e+00,8.995617e-01,1.181279e+01,-1.621939e+00,-1.747621e+00,-2.048069e+00
-7.773029e+00,1.382826e+01,1.526848e+01,-3.192502e+00,-9.611612e-01,-5.783585e-01
-2.540983e+00,1.280588e+01,6.962448e+00,-3.331357e+00,-4.626003e-01,-3.415147e-01
-1.596669e+00,3.944152e+00,5.349240e+00,-2.240377e+00,-2.134064e-01,-4.994969e-01
-8.069890e-01,9.774615e+00,5.228593e+00,-1.134500e+00,4.193234e-01,2.633305e-01
4.510573e+00,1.268907e+01,4.586972e+00,-1.291959e+00,1.238456e+00,4.609326e-01
3.697065e+00,7.981280e+00,2.272630e+00,-1.047731e+00,1.781957e+00,4.776057e-01
-7.186075e-01,7.799099e+00,3.114915e+00,-9.720954e-01,7.003054e-01,1.915792e-01
-1.613468e+00,1.064596e+01,2.340619e+00,-9.436088e-01,-8.272145e-01,-3.211102e-01
6.796266e-01,1.035095e+01,7.578163e-01,-1.014234e+00,-7.208952e-01,-2.372999e-01
-3.937420e-01,7.523337e+00,9.333095e-02,-1.125359e+00,-3.146849e-01,-1.467070e-01
-2.055918e+00,8.063110e+00,3.036407e+00,-1.295034e+00,-5.982899e-01,-2.373085e-01
2.297394e+00,9.559261e+00,6.477232e+00,-1.609037e+00,-8.115893e-01,-2.861371e-01
4.453665e+00,9.523880e+00,6.205023e+00,-1.714865e+00,-5.988707e-01,-1.555329e-01
1.386661e+00,8.614315e+00,1.354822e+00,-1.624955e+00,-5.316645e-01,-1.321077e-01
1.566206e-02,9.513555e+00,-3.230138e-01,-1.695922e+00,-8.221593e-01,2.036688e-02
1.439993e+00,1.215749e+01,-8.975737e-01,-2.005789e+00,-1.000900e+00,1.714155e-01
1.093822e+00,1.049930e+01,1.387516e+00,-2.448660e+00,-1.104755e+00,2.030243e-01
2.641356e+00,1.691904e+01,-3.772994e+00,-3.064494e+00,-1.535834e+00,2.097154e-01
3.142699e+00,1.746866e+01,-3.934896e+00,-3.417783e+00,-1.524600e+00,5.691067e-01
2.288418e-01,1.537329e+01,9.528802e+00,-3.926526e+00,-1.909550e+00,6.219912e-01
-3.160168e+00,2.330319e+01,1.402784e+01,-4.260711e+00,-3.105575e+00,2.081563e-01
-6.359860e+00,1.508040e+01,1.729261e+01,-4.401852e+00,-2.767516e+00,-3.856945e-01
-8.658488e-01,3.896378e+00,1.270872e+01,-2.688407e+00,-2.081922e+00,-4.593654e-01
2.244121e+00,1.107173e+01,1.217129e+01,-1.391051e+00,7.113004e-02,-1.045115e-03
1.981113e+00,7.810922e+00,1.242040e+01,-1.218233e+00,1.027983e+00,1.380244e-01
4.722819e+00,3.587181e+00,8.052027e+00,1.226339e+00,1.496397e+00,-3.568778e-01
5.409561e+00,2.263281e+00,8.311000e+00,2.427634e+00,1.957191e+00,-6.325778e-01
4.392690e+00,1.865366e+00,7.727887e+00,3.999562e+00,2.053257e+00,-1.073720e+00
3.035464e+00,2.157560e+00,8.637814e+00,4.867665e+00,1.736435e+00,-1.154130e+00
2.492845e+00,3.571491e+00,1.063523e+01,5.845813e+00,1.406250e+00,-1.016193e+00
2.620649e+00,3.976802e+00,1.249106e+01,6.504519e+00,1.322637e+00,-8.326740e-01
5.253282e+00,4.613732e+00,1.242899e+01,7.398952e+00,1.313289e+00,-5.798038e-01
5.229825e+00,5.333172e+00,9.715799e+00,8.003106e+00,1.434973e+00,-3.386315e-01
-2.157039e+00,5.087883e+00,8.878014e+00,7.686951e+00,9.464576e-01,-5.070629e-03
-7.373852e+00,-8.523548e+00,7.123159e+00,6.370091e+00,9.048585e-02,4.296152e-02
2.285956e+00,-9.920754e+00,9.104660e+00,3.195881e+00,3.457837e-01,-3.425693e-01
4.816521e+00,7.845607e+00,7.458270e+00,-1.224313e-01,1.179630e+00,6.015867e-02
1.192642e+01,2.869405e+01,1.977220e+00,-3.927225e+00,9.823553e-01,-6.586663e-02
-6.650897e+00,-8.616811e+00,7.276975e+00,-2.376842e+00,8.012612e-01,1.066041e+00
-2.278586e-01,1.838372e+00,1.164532e+01,-2.351864e+00,-1.308442e+00,-1.576026e+00
-3.721374e+00,1.894361e+01,1.371151e+01,-3.435250e+00,8.310179e-01,7.486444e-01
-1.434331e+00,7.258275e+00,7.274014e+00,-3.111106e+00,4.418831e-01,-2.175996e-01
-2.762350e+00,3.610701e+00,5.112752e+00,-2.084081e+00,-1.488343e-02,-3.167362e-01
-6.782076e-01,1.018855e+01,5.899349e+00,-1.185268e+00,9.660747e-02,2.946088e-01
5.892403e+00,1.243287e+01,5.078827e+00,-1.264621e+00,1.130101e+00,4.952842e-01
2.790516e+00,7.604030e+00,3.486974e+00,-1.134386e+00,1.641857e+00,5.762771e-01
2.466860e-01,8.364669e+00,3.821690e+00,-1.023836e+00,3.496371e-01,1.874846e-01
-1.027266e+00,1.129352e+01,2.900165e+00,-1.054701e+00,-6.956749e-01,-1.123325e-01
-1.605148e+00,9.886981e+00,1.653214e+00,-1.062192e+00,-6.502072e-01,-8.091234e-02
-2.087102e+00,6.797870e+00,1.132952e+00,-9.593984e-01,-4.948259e-01,-1.004975e-01
-1.178629e+00,7.579302e+00,2.295897e+00,-1.024841e+00,-4.162701e-01,-1.017028e-01
2.755672e+00,8.216065e+00,5.584654e+00,-1.310944e+00,-2.916421e-01,-6.203540e-02
2.740712e+00,9.782817e+00,5.882136e+00,-1.421196e+00,-1.683662e-01,-5.318999e-02
5.789485e-01,8.681164e+00,1.347754e+00,-1.508051e+00,-3.152273e-01,2.694511e-03
1.158094e+00,8.966305e+00,-1.229574e+00,-1.548724e+00,-3.406033e-01,1.308768e-01
2.914802e+00,1.110109e+01,-1.588574e+00,-1.852746e+00,-3.334622e-01,3.149342e-01
3.067355e+00,1.144154e+01,2.651235e-01,-2.442279e+00,-7.197013e-01,2.256897e-01
7.323658e+00,1.643478e+01,-3.416497e+00,-3.098246e+00,-1.424847e+00,1.646450e-01
5.315244e+00,1.735774e+01,-4.612468e+00,-3.504351e+00,-1.634292e+00,3.838301e-01
-3.444437e+00,1.712642e+01,1.116682e+01,-4.109659e+00,-2.716145e+00,3.198100e-01
-5.304308e+00,2.600314e+01,1.467478e+01,-4.497091e+00,-4.172444e+00,-3.304749e-02
-8.761004e+00,9.991389e+00,1.952364e+01,-4.388468e+00,-2.905533e+00,-9.086000e-02
2.879165e+00,4.952584e+00,1.195907e+01,-2.222646e+00,-1.742449e+00,-7.388750e-02
5.501050e+00,1.009037e+01,1.156210e+01,-1.186273e+00,1.264592e+00,4.926912e-01
4.280543e+00,7.068690e+00,1.097805e+01,-6.364851e-01,1.653644e+00,2.180909e-01
4.007023e+00,2.513743e+00,7.333512e+00,1.774570e+00,1.113646e+00,-5.277247e-01
3.819094e+00,1.048200e+00,8.170889e+00,2.970104e+00,1.032392e+00,-8.164919e-01
2.612087e+00,1.734623e+00,8.486710e+00,4.453794e+00,1.093801e+00,-1.435463e+00
1.868230e+00,3.474301e+00,9.829806e+00,5.158373e+00,1.104809e+00,-1.593034e+00
1.676995e+00,4.269649e+00,1.310220e+01,6.055705e+00,1.172447e+00,-1.427361e+00
2.126183e+00,4.994355e+00,1.420708e+01,6.771152e+00,1.297348e+00,-1.297128e+00
4.630192e+00,8.620017e+00,1.253356e+01,7.877935e+00,1.603285e+00,-8.551640e-01
1.413368e+00,6.685825e+00,9.826884e+00,8.261717e+00,1.794758e+00,-2.598129e-01
-9.677885e+00,-7.460184e+00,6.300160e+00,7.555002e+00,1.201878e+00,3.528115e-01
-9.262060e+00,-1.452744e+01,8.698064e+00,5.901351e+00,8.153320e-01,2.947502e-01
4.160246e+00,1.460692e+01,5.273271e+00,1.264331e+00,2.913830e+00,5.873497e-01
2.533604e+01,3.875359e+01,-7.713706e+00,-2.176482e+00,3.891993e+00,8.913226e-01
-3.381263e+00,-5.215734e+00,1.024317e+01,-3.212832e+00,3.145863e+00,1.501606e+00
-1.610324e+00,-5.714008e+00,1.230819e+01,-1.710423e+00,1.332710e+00,5.783169e-01
2.992029e+00,1.208874e+01,1.271575e+01,-2.903483e+00,2.685081e-01,-6.400587e-01
-1.301092e+00,1.890184e+01,1.057476e+01,-2.787630e+00,1.018636e+00,4.170362e-01
-2.130843e+00,3.696935e+00,4.762602e+00,-2.486278e+00,-1.279786e-01,-8.094244e-01
-9.947514e-01,7.030081e+00,4.792309e+00,-1.625021e+00,-9.346109e-02,-3.479165e-01
3.582446e+00,1.237016e+01,4.217041e+00,-1.383650e+00,7.345746e-01,6.904712e-02
3.137490e+00,8.882881e+00,3.223314e+00,-1.229772e+00,1.054408e+00,7.237802e-02
1.904041e+00,8.506834e+00,2.596039e+00,-9.846542e-01,5.734598e-01,2.487187e-02
-1.602850e-01,9.389573e+00,3.160285e+00,-1.074298e+00,-4.257659e-02,-1.718233e-01
6.078339e-01,1.032733e+01,1.698303e+00,-1.079664e+00,-5.188167e-01,-3.951404e-01
4.365399e-02,8.874952e+00,1.877644e+00,-1.147488e+00,-4.206241e-01,-3.652021e-01
-1.885584e+00,8.332532e+00,4.668312e+00,-1.208342e+00,-6.149465e-01,-4.233499e-01
-4.273400e-02,9.185270e+00,5.502544e+00,-1.289056e+00,-7.991322e-01,-5.081125e-01
2.728686e+00,9.853860e+00,4.168504e+00,-1.390154e+00,-5.151898e-01,-3.066333e-01
2.946723e+00,1.036885e+01,6.339988e-01,-1.383840e+00,-2.359784e-01,-9.799302e-02
2.733233e+00,1.068293e+01,-4.177604e+00,-1.638496e+00,-2.023127e-01,1.515995e-01
1.399746e+00,1.090690e+01,-1.995311e+00,-2.072093e+00,-5.812031e-01,1.257098e-01
1.353077e+00,1.325325e+01,1.492052e+00,-2.905125e+00,-1.219348e+00,7.473232e-02
7.049103e+00,1.680721e+01,-2.032107e+00,-3.414849e+00,-1.543881e+00,1.278130e-01
-2.191714e-01,1.419894e+01,5.581833e+00,-3.904701e+00,-1.567895e+00,4.532118e-01
-6.276746e+00,1.579029e+01,1.230572e+01,-4.410256e+00,-2.723230e+00,4.040669e-01
-1.128225e+01,2.918741e+01,1.689063e+01,-4.683580e+00,-4.576851e+00,-2.254049e-01
-3.560898e+00,1.013731e+01,1.593372e+01,-4.578971e+00,-3.078648e+00,-3.088138e-01
7.880346e+00,1.098342e+01,8.478658e+00,-9.204165e-01,2.104168e-01,3.541189e-01
6.464442e+00,1.142244e+01,1.027972e+01,-1.143665e+00,1.673390e+00,2.763039e-01
3.253379e+00,4.406870e+00,8.697033e+00,6.457598e-01,1.251638e+00,-4.485444e-01
3.127262e+00,2.163571e+00,7.577121e+00,2.264547e+00,9.446435e-01,-7.875299e-01
3.046760e+00,1.074460e+00,8.977387e+00,3.818550e+00,1.031556e+00,-1.129127e+00
2.636629e+00,2.300314e+00,9.203031e+00,4.534734e+00,1.255119e+00,-1.433211e+00
1.896751e+00,4.120253e+00,1.093709e+01,5.440670e+00,1.388623e+00,-1.547355e+00
2.436971e+00,4.102780e+00,1.257114e+01,6.138564e+00,1.428889e+00,-1.430494e+00
5.278174e+00,5.953972e+00,1.321959e+01,7.438602e+00,1.457842e+00,-1.172102e+00
6.099258e+00,7.741013e+00,1.266687e+01,8.045712e+00,1.460977e+00,-8.698826e-01
-7.212341e+00,9.217109e-01,7.389129e+00,8.033923e+00,9.351139e-01,-3.081351e-01
-1.562548e+01,-8.778486e+00,5.768435e+00,7.075230e+00,5.490805e-02,-3.772952e-01
-2.985923e+00,-1.380260e+01,1.188796e+01,4.128000e+00,6.316377e-01,-4.024159e-01
8.833411e+00,2.042279e+01,1.695637e+00,1.053440e+00,2.915359e+00,2.767862e-01
9.821793e+00,9.192917e+00,4.517734e+00,-3.524271e+00,4.069154e+00,1.122470e+00
-5.939720e+00,-1.293601e+01,1.151001e+01,-1.702919e+00,3.378424e+00,2.047423e+00
-2.539381e+00,3.342536e+00,1.310871e+01,-2.679738e+00,-1.429305e+00,-2.545236e+00
-6.605869e+00,1.726617e+01,1.403972e+01,-3.474093e+00,1.850765e-01,3.557019e-01
-1.398677e+00,1.403703e+01,8.130087e+00,-2.704191e+00,4.385857e-02,-5.013147e-01
1.164845e+00,1.982984e+00,3.559908e+00,-1.828171e+00,5.501548e-01,-2.589640e-01
5.103570e+00,1.191383e+01,4.277681e+00,-9.961367e-01,1.447284e+00,4.595413e-01
6.259594e+00,1.372170e+01,3.937822e+00,-1.246438e+00,1.878676e+00,4.353729e-01
3.152876e+00,7.114702e+00,1.875430e+00,-1.125369e+00,1.302928e+00,2.003854e-01
-1.819354e+00,7.763862e+00,2.871623e+00,-9.677235e-01,-5.703804e-02,-2.328100e-01
-2.171487e+00,1.046004e+01,2.865110e+00,-1.089143e+00,-1.297631e+00,-5.657165e-01
1.117431e+00,9.802026e+00,1.104491e+00,-1.197905e+00,-9.536044e-01,-4.364019e-01
2.966756e-01,8.924694e+00,1.588951e+00,-1.314558e+00,-3.596508e-01,-2.804162e-01
-1.187046e+00,9.342946e+00,3.936541e+00,-1.460397e+00,-6.537109e-01,-3.342666e-01
-7.873650e-02,9.320140e+00,6.330140e+00,-1.599786e+00,-1.009081e+00,-4.512436e-01
1.806474e+00,8.915811e+00,3.734056e+00,-1.580521e+00,-8.850154e-01,-3.238105e-01
1.308289e+00,9.119874e+00,-2.273464e+00,-1.515083e+00,-4.355901e-01,-8.606704e-02
1.785043e+00,1.170996e+01,-3.200044e+00,-1.720498e+00,-3.775735e-01,1.207343e-01
1.803659e+00,1.113446e+01,-8.409178e-02,-2.394646e+00,-6.525572e-01,1.698857e-01
4.540343e+00,1.217613e+01,9.561423e-01,-3.010883e+00,-1.003755e+00,1.189185e-01
7.990607e+00,1.900494e+01,-6.018950e+00,-3.575506e+00,-1.278864e+00,3.580433e-01
-2.078936e-01,1.569462e+01,3.107956e+00,-3.820421e+00,-1.541670e+00,4.247810e-01
-5.633952e+00,2.437040e+01,1.453270e+01,-4.530554e+00,-3.961641e+00,-5.942658e-02
-1.027829e+01,2.713594e+01,1.636518e+01,-4.861473e+00,-4.095234e+00,-1.089283e-01
5.214285e+00,4.250761e+00,1.165477e+01,-3.133696e+00,-2.139280e+00,-1.623497e-01
9.070745e+00,1.176410e+01,7.802672e+00,-8.314520e-01,-1.000708e-01,1.712685e-01
2.609254e+00,7.389353e+00,1.204769e+01,-1.013767e+00,1.484711e+00,4.011093e-02
1.888381e+00,4.842116e+00,9.195831e+00,5.601307e-01,7.849399e-01,-4.998144e-01
3.282915e+00,1.899871e+00,9.327040e+00,2.939876e+00,8.806766e-01,-1.018153e+00
4.022976e+00,1.444357e+00,9.344754e+00,4.123728e+00,1.254003e+00,-1.265926e+00
3.663652e+00,2.953208e+00,9.944642e+00,5.293033e+00,1.559552e+00,-1.540568e+00
3.467983e+00,2.874729e+00,1.108969e+01,5.901206e+00,1.487160e+00,-1.397865e+00
3.589282e+00,4.164972e+00,1.527929e+01,7.095720e+00,1.135148e+00,-1.329404e+00
4.636954e+00,6.906419e+00,1.250246e+01,7.705745e+00,9.668390e-01,-1.234592e+00
-5.050752e-02,7.049361e+00,9.556410e+00,8.417874e+00,9.049166e-01,-8.757933e-01
-9.460591e+00,6.972115e-01,7.399305e+00,7.901243e+00,6.067021e-01,-5.809213e-01
-5.482801e+00,-1.600371e+01,4.200867e-01,5.908918e+00,5.365577e-02,-5.288552e-01
3.559726e+00,-1.313379e+01,6.277759e+00,3.232339e+00,1.982777e+00,-2.226481e-01
2.088337e+01,3.870786e+01,-8.196366e+00,-1.872236e+00,3.590026e+00,8.461566e-01
2.323225e+01,2.504872e+01,1.736105e-01,-4.260112e+00,2.722621e+00,7.236357e-01
-5.612862e+00,-7.677297e+00,1.020360e+01,-1.274224e+00,8.533117e-01,9.533072e-01
-1.085426e+00,3.271988e+00,1.116196e+01,-2.637594e+00,-1.532529e+00,-1.928716e+00
-3.768419e+00,2.091306e+01,1.198441e+01,-3.442447e+00,9.538025e-01,9.963461e-01
1.614605e+00,1.123288e+01,7.850704e+00,-3.055990e+00,8.093043e-01,-2.241010e-01
9.126848e-01,6.637260e+00,4.037098e+00,-1.654415e+00,8.781946e-01,1.963670e-01
1.542078e+00,1.103808e+01,5.318006e+00,-1.251269e+00,7.783007e-01,3.361318e-01
5.269216e+00,1.037030e+01,3.915829e+00,-1.356835e+00,1.096325e+00,2.686218e-01
2.810030e+00,7.725007e+00,3.194996e+00,-1.241616e+00,9.757929e-01,2.247863e-01
-1.844080e-01,9.665143e+00,3.499052e+00,-1.134011e+00,-4.009851e-01,-2.106664e-01
-1.449852e-01,1.059272e+01,3.027224e+00,-1.168984e+00,-8.353635e-01,-3.218250e-01
2.864195e-01,8.869090e+00,1.288853e+00,-1.235398e+00,-7.438339e-01,-2.570037e-01
-2.353092e+00,8.681309e+00,1.862449e+00,-1.218930e+00,-7.416240e-01,-3.182906e-01
-2.346015e+00,8.152781e+00,4.564177e+00,-1.331760e+00,-1.005860e+00,-3.693483e-01
2.243278e+00,8.706916e+00,5.644506e+00,-1.412527e+00,-8.873901e-01,-3.324792e-01
3.520719e+00,9.069205e+00,1.462263e+00,-1.420543e+00,-2.317560e-01,-1.134439e-01
6.502152e-01,8.587091e+00,-1.367320e+00,-1.495206e+00,-2.104925e-01,1.319333e-02
1.728731e+00,1.136625e+01,-1.108132e+00,-1.859330e+00,-9.233859e-01,8.801903e-02
1.031629e+00,1.087405e+01,1.960440e+00,-2.433690e+00,-1.107332e+00,9.061107e-02
5.480447e+00,1.407841e+01,1.927227e-01,-3.054887e+00,-1.379503e+00,8.573931e-02
7.188694e+00,1.977961e+01,-4.987982e+00,-3.405727e+00,-1.199179e+00,4.348321e-01
-2.091406e+00,1.537616e+01,9.856616e+00,-3.937269e+00,-1.885843e+00,5.412741e-01
-6.022999e+00,2.441969e+01,1.540775e+01,-4.237829e+00,-3.435269e+00,7.676925e-02
-1.031094e+01,2.161899e+01,1.624551e+01,-4.639807e+00,-3.985412e+00,-1.845367e-01
-3.137920e-01,1.509290e+00,1.664187e+01,-3.787795e+00,-3.053137e+00,-3.381616e-01
5.056392e+00,1.076060e+01,9.959051e+00,-5.671155e-01,1.976580e-01,3.701747e-01
2.215345e+00,8.696443e+00,1.207154e+01,-1.044635e+00,1.340088e+00,2.846203e-01
2.116158e+00,3.787200e+00,8.837972e+00,1.271995e+00,1.209132e+00,-1.355336e-01
3.265383e+00,1.321427e+00,8.983157e+00,2.631104e+00,1.496699e+00,-3.246004e-01
4.790486e+00,4.011003e-01,8.665319e+00,4.421027e+00,2.028101e+00,-6.846634e-01
5.000211e+00,9.951057e-01,8.861021e+00,5.209089e+00,2.124190e+00,-9.338682e-01
4.742367e+00,2.419790e+00,1.005884e+01,6.103056e+00,1.773968e+00,-9.160147e-01
3.403495e+00,3.972985e+00,1.178160e+01,6.699526e+00,1.342410e+00,-1.005361e+00
2.720724e+00,7.398480e+00,1.290271e+01,7.577335e+00,6.531973e-01,-1.140965e+00
5.185955e-01,1.065575e+01,1.002547e+01,8.181493e+00,4.273086e-01,-1.219477e+00
-9.755679e+00,4.353138e+00,6.229334e+00,7.933925e+00,5.816302e-01,-1.066383e+00
-6.808476e+00,-1.319186e+01,-1.596814e+00,6.701652e+00,4.349161e-01,-9.489901e-01
2.082762e+00,-1.236380e+01,4.596130e+00,4.417907e+00,1.950967e+00,-4.524555e-01
5.549777e+00,1.654102e+01,4.364251e+00,1.129338e+00,2.779641e+00,-3.145646e-02
2.778379e+00,1.250470e+01,5.045881e+00,-4.370831e+00,1.808932e+00,4.427272e-02
-2.730011e+00,-8.221033e+00,1.208295e+01,-1.972778e+00,1.889491e+00,1.668526e+00
2.086254e+00,8.791768e-01,1.158626e+01,-3.517436e+00,-2.111791e-02,-1.066480e+00
-2.875530e+00,1.726819e+01,1.424959e+01,-3.746481e+00,1.507572e+00,9.857154e-01
8.861413e-01,1.060685e+01,6.805138e+00,-2.326217e+00,6.377450e-01,-4.365411e-01
-5.582036e-01,1.054101e+00,2.319695e+00,-1.929360e+00,2.313324e-01,-4.333354e-01
1.202682e+00,1.141513e+01,4.090329e+00,-8.392398e-01,4.999025e-01,8.756338e-02
3.875613e+00,1.429784e+01,3.501921e+00,-1.109054e+00,1.054288e+00,2.442554e-01
3.235586e+00,7.024034e+00,-4.456751e-02,-9.677744e-01,1.143359e+00,2.034832e-01
-3.216099e+00,7.441831e+00,1.164497e+00,-7.495114e-01,2.956316e-03,-1.170498e-01
5.157556e-01,1.132562e+01,1.023009e+00,-9.153701e-01,-1.064693e+00,-4.826043e-01
2.587279e+00,9.391419e+00,-1.951593e-01,-1.123156e+00,-6.007462e-01,-2.870169e-01
-2.515832e-01,7.848533e+00,1.210245e+00,-1.389721e+00,-3.104131e-01,-1.971934e-01
-2.981433e+00,9.832084e+00,4.067627e+00,-1.635716e+00,-8.656867e-01,-3.367740e-01
1.215684e+00,1.005498e+01,6.676958e+00,-1.862272e+00,-1.286915e+00,-4.711111e-01
3.309617e+00,1.046388e+01,4.824355e+00,-1.755052e+00,-1.043542e+00,-4.504128e-01
1.113287e+00,7.926610e+00,2.461641e-01,-1.651177e+00,-4.193726e-01,-1.076555e-01
4.672256e-01,9.935008e+00,-1.437576e+00,-1.694378e+00,-4.463005e-01,4.115303e-02
-1.531772e-01,1.217934e+01,-1.535832e+00,-2.222003e+00,-6.418629e-01,2.438448e-01
7.674888e-01,1.070909e+01,3.617127e-01,-2.658814e+00,-7.625485e-01,2.910504e-01
1.071654e+01,1.485808e+01,-1.318656e+00,-3.383584e+00,-1.106358e+00,2.813915e-01
1.113776e+01,1.648749e+01,-5.153312e+00,-3.795401e+00,-1.070874e+00,4.278233e-01
-6.269485e+00,1.840346e+01,1.366751e+01,-4.115014e+00,-2.374042e+00,-6.595644e-02
-1.138276e+01,2.766898e+01,1.713594e+01,-4.549418e+00,-4.598069e+00,-5.487914e-01
-1.219305e+01,7.826042e+00,1.977881e+01,-4.712652e+00,-5.125561e+00,-6.621392e-01
3.654340e+00,5.512338e+00,1.192711e+01,-2.647323e+00,-2.821349e+00,-2.835738e-01
7.719715e+00,1.119493e+01,1.068929e+01,-1.006792e+00,1.333355e+00,6.492036e-01
5.161550e+00,6.679431e+00,1.025018e+01,-1.012306e+00,2.480356e+00,4.151061e-01
3.650798e+00,2.211143e+00,7.450133e+00,1.761511e+00,1.828761e+00,-2.417080e-01
3.758947e+00,1.251053e+00,8.647790e+00,3.014759e+00,1.621111e+00,-6.591989e-01
4.020587e+00,2.533536e+00,9.275147e+00,4.167619e+00,1.727248e+00,-1.124150e+00
3.928134e+00,4.480865e+00,9.423398e+00,4.870239e+00,1.847360e+00,-1.372463e+00
3.625650e+00,4.160827e+00,1.173531e+01,6.012043e+00,1.713222e+00,-1.271548e+00
3.769421e+00,4.532159e+00,1.380098e+01,6.866261e+00,1.501135e+00,-1.154239e+00
4.935154e+00,8.726745e+00,1.202812e+01,7.779794e+00,1.214425e+00,-9.195889e-01
2.269410e+00,7.258281e+00,1.114448e+01,8.187593e+00,1.100892e+00,-6.926874e-01
-1.091346e+01,-4.646542e+00,6.331572e+00,7.680360e+00,6.366160e-01,-1.276706e-01
-8.868873e+00,-1.392923e+01,9.553261e+00,6.228461e+00,4.125745e-01,-1.882683e-01
7.062680e+00,-7.102962e+00,1.254470e+01,2.731289e+00,2.277241e+00,2.428913e-01
1.126624e+01,3.048886e+01,2.150049e+00,-2.642870e-01,3.673688e+00,8.794127e-01
-3.937680e-01,1.208891e+00,5.728301e+00,-4.678448e+00,2.196824e+00,4.416943e-01
-1.021743e+01,-9.434413e+00,1.189351e+01,-7.791615e-01,1.520135e+00,2.014740e+00
-5.922888e+00,9.282113e+00,1.311672e+01,-2.218025e+00,-2.548351e+00,-2.410488e+00
-2.738093e+00,2.144641e+01,1.152917e+01,-3.204057e+00,-1.810192e-03,2.843452e-01
4.929967e+00,5.876581e+00,3.690647e+00,-2.704577e+00,1.170813e+00,-5.046695e-01
1.567061e-01,5.587898e+00,3.034211e+00,-1.610646e+00,1.218962e+00,2.175153e-01
1.230993e+00,1.236244e+01,4.534327e+00,-1.414379e+00,3.843977e-01,3.957143e-02
2.941817e+00,1.068521e+01,3.718100e+00,-1.525259e+00,5.174027e-01,9.115990e-02
-1.242839e-01,7.721660e+00,3.663321e+00,-1.326483e+00,3.580186e-01,-4.922564e-02
-3.089227e-01,1.003743e+01,3.673384e+00,-1.291343e+00,-3.567550e-01,-2.797046e-01
1.213770e+00,1.049419e+01,2.346878e+00,-1.357429e+00,-5.166869e-01,-2.162178e-01
1.432312e+00,9.720889e+00,1.476072e+00,-1.361360e+00,-3.857349e-01,-1.843914e-01
-1.983418e+00,8.182436e+00,4.174294e+00,-1.387778e+00,-7.050365e-01,-3.384443e-01
-3.268904e-01,8.981318e+00,6.205783e+00,-1.442623e+00,-1.055705e+00,-4.209634e-01
2.183592e+00,1.053147e+01,4.835111e+00,-1.500363e+00,-9.087380e-01,-2.966170e-01
2.297820e+00,9.342925e+00,-2.231097e+00,-1.442471e+00,-6.046868e-01,-1.330662e-01
5.081149e-01,1.006715e+01,-4.057386e+00,-1.551977e+00,-5.585036e-01,1.130317e-01
1.746518e-01,1.043433e+01,-1.270211e+00,-2.048904e+00,-9.022420e-01,1.395276e-01
5.159548e+00,1.151860e+01,3.117336e-01,-2.893313e+00,-1.337642e+00,5.463168e-02
8.477606e+00,1.452038e+01,-3.641819e+00,-3.369285e+00,-1.368862e+00,1.844838e-01
-1.001650e+00,1.477098e+01,4.110966e+00,-3.816855e+00,-1.454511e+00,4.773684e-01
-3.629573e+00,1.978925e+01,1.271073e+01,-4.278988e+00,-2.461241e+00,4.466614e-01
-1.026317e+01,2.493702e+01,1.705542e+01,-4.941712e+00,-4.177548e+00,-9.696390e-02
-3.853654e+00,4.588438e+00,2.047449e+01,-4.460593e+00,-2.902037e+00,-1.077487e-01
7.808319e+00,1.218699e+01,9.115253e+00,-1.592956e+00,-1.020152e+00,1.103853e-01
5.109984e+00,1.163024e+01,1.130799e+01,-1.397946e+00,9.109048e-01,3.445571e-01
2.129165e+00,4.505860e+00,9.703189e+00,1.977782e-01,1.054696e+00,-2.147926e-01
3.398743e+00,2.651334e+00,8.523467e+00,1.833618e+00,1.025188e+00,-6.083603e-01
3.721487e+00,5.921990e-01,9.302262e+00,3.355817e+00,1.491908e+00,-7.736704e-01
3.626986e+00,1.489525e+00,8.905665e+00,4.300791e+00,1.734707e+00,-1.016603e+00
2.957509e+00,2.530000e+00,1.096544e+01,5.610252e+00,1.690521e+00,-1.030979e+00
3.028604e+00,2.959446e+00,1.293136e+01,6.338166e+00,1.522269e+00,-8.989974e-01
3.442343e+00,5.856494e+00,1.497483e+01,7.384541e+00,1.248424e+00,-7.128427e-01
3.399773e+00,7.357551e+00,1.359643e+01,8.072147e+00,1.070141e+00,-5.035799e-01
-7.209939e+00,2.821217e+00,7.683692e+00,8.677405e+00,9.755592e-01,2.006375e-02
-1.220053e+01,-7.624961e+00,6.800298e+00,7.649807e+00,7.399195e-01,1.963817e-01
3.322481e+00,-1.441737e+01,5.312599e+00,4.934252e+00,1.614174e+00,2.069403e-01
8.082735e+00,1.455141e+01,3.256793e+00,2.355039e+00,3.112841e+00,2.368272e-01
2.345554e+01,2.619010e+01,9.226203e-01,-3.497970e+00,2.442257e+00,4.374762e-01
-1.077765e+01,-9.339310e+00,1.145740e+01,-2.948969e+00,1.504021e+00,6.275308e-01
-2.086232e+00,7.926299e-01,1.268237e+01,-2.475547e+00,-1.930215e+00,-1.718263e+00
-3.131587e+00,1.514963e+01,1.479693e+01,-3.375112e+00,-4.348787e-01,-6.790993e-01
4.944970e+00,1.563703e+01,8.783738e+00,-3.115302e+00,1.143511e+00,-6.664336e-02
-3.500666e+00,2.332740e+00,4.496758e+00,-2.268229e+00,7.740065e-01,-6.664042e-01
5.733877e-01,1.131622e+01,5.625004e+00,-1.066579e+00,5.216423e-02,1.279623e-01
6.655214e+00,1.373716e+01,4.188806e+00,-1.142433e+00,7.449668e-01,1.252453e-01
2.822889e+00,7.283539e+00,2.830000e+00,-9.557013e-01,1.641992e+00,3.736868e-01
2.120678e+00,9.229317e+00,2.493069e+00,-8.455057e-01,5.468747e-01,2.146377e-02
7.673773e-01,1.084456e+01,1.557339e+00,-9.535887e-01,-3.101208e-01,-2.362739e-01
-1.702669e+00,9.442910e+00,4.552814e-01,-1.072855e+00,-5.136409e-01,-2.813516e-01
-4.257916e+00,6.564988e+00,1.918761e+00,-1.212283e+00,-8.411509e-01,-3.856017e-01
-2.959089e+00,7.900617e+00,3.709838e+00,-1.273416e+00,-8.518754e-01,-4.358671e-01
3.287460e+00,8.991058e+00,5.300424e+00,-1.552487e+00,-4.126370e-01,-2.062044e-01
3.575565e+00,9.801292e+00,3.193548e+00,-1.586526e+00,7.161183e-02,1.132273e-02
1.888642e+00,8.925399e+00,-1.783233e+00,-1.692431e+00,1.652215e-01,2.073783e-01
4.028226e+00,9.983758e+00,-1.935104e+00,-1.850285e+00,-9.799530e-02,2.140836e-01
2.501780e+00,1.029933e+01,4.610456e-01,-2.392437e+00,-4.732466e-01,1.697778e-01
6.225204e+00,1.215749e+01,6.580398e-01,-2.929697e+00,-9.881184e-01,3.446260e-02
6.019830e+00,1.797663e+01,-3.434559e+00,-3.653467e+00,-1.505045e+00,1.771965e-01
-4.197955e+00,1.641713e+01,8.451514e+00,-4.112749e+00,-2.044116e+00,1.890014e-01
-1.134347e+01,2.941952e+01,1.788379e+01,-4.548083e+00,-4.512194e+00,-9.852049e-03
-1.128823e+01,1.954443e+01,1.796473e+01,-4.740544e+00,-4.564459e+00,-1.202485e-01
4.460131e+00,1.503215e+00,1.507056e+01,-2.790816e+00,-1.367681e+00,3.685565e-01
1.098675e+01,1.065396e+01,8.046820e+00,-6.960490e-01,1.193629e+00,8.823940e-01
4.696180e+00,6.330615e+00,1.041239e+01,-9.400712e-01,2.261106e+00,5.930169e-01
3.470203e+00,4.350425e+00,8.551249e+00,1.472733e-01,1.537419e+00,1.205196e-01
2.272938e+00,6.193756e-01,8.629252e+00,2.518575e+00,6.388077e-01,-7.704776e-01
2.457327e+00,8.995397e-01,8.837327e+00,3.698485e+00,7.541608e-01,-1.119358e+00
3.067025e+00,1.808581e+00,9.402014e+00,4.801191e+00,1.243785e+00,-1.531248e+00
3.557615e+00,2.265182e+00,1.062953e+01,5.403633e+00,1.372799e+00,-1.503761e+00
3.198121e+00,3.704172e+00,1.424745e+01,6.625169e+00,1.363532e+00,-1.416982e+00
2.798190e+00,4.677684e+00,1.314032e+01,7.484277e+00,1.128030e+00,-1.300298e+00
-8.681239e+00,8.596391e+00,1.223475e+01,8.376477e+00,9.665478e-01,-9.120895e-01
-1.556587e+01,-1.190399e+00,1.007007e+01,8.264447e+00,7.634859e-01,-2.310411e-01
2.300883e+00,-1.586025e+01,7.492841e+00,6.526546e+00,2.211899e+00,1.010007e+00
1.876979e+01,-6.908000e+00,3.604732e+00,4.201296e+00,5.159368e+00,1.608594e+00
3.605256e+01,3.754901e+01,-5.429788e+00,-6.714307e-02,6.484317e+00,1.513604e+00
4.854852e+00,1.348917e+01,1.163077e+01,-2.833033e+00,3.605836e+00,8.520692e-01
-3.114477e+00,-3.582535e+00,1.227597e+01,-2.934355e+00,-3.234476e+00,-2.236455e+00
-1.048377e+01,3.927836e+00,1.557202e+01,-3.562255e+00,-3.749334e+00,-2.334637e+00
-1.553285e+01,2.446207e+01,1.350744e+01,-2.864060e+00,-1.785322e+00,-5.507343e-01
-5.351893e+00,9.836880e+00,9.214328e+00,-2.910486e+00,-1.080698e+00,-5.608638e-01
8.952555e+00,6.199877e+00,4.006650e+00,-9.489922e-01,2.854270e+00,1.004276e+00
1.314749e+01,1.155844e+01,3.387307e+00,-5.996378e-01,3.858257e+00,1.107116e+00
5.902906e+00,9.101273e+00,2.753349e+00,-7.937168e-01,3.219714e+00,7.315358e-01
-6.512670e-01,7.978551e+00,3.307223e+00,-7.911445e-01,1.282497e+00,2.254912e-01
-2.650339e+00,1.053269e+01,1.683408e+00,-8.323318e-01,-1.208928e+00,-6.314507e-01
-1.196733e+00,1.027724e+01,4.710949e-02,-9.048250e-01,-1.130719e+00,-6.414365e-01
-2.002355e+00,7.344089e+00,2.895940e-02,-9.964675e-01,-4.354345e-01,-4.004165e-01
-2.578232e+00,7.570074e+00,2.490921e+00,-1.152292e+00,-4.520196e-01,-3.548982e-01
1.651007e+00,8.678504e+00,4.835837e+00,-1.463616e+00,-5.699723e-01,-3.820433e-01
3.668776e+00,1.037249e+01,5.375062e+00,-1.605407e+00,-3.117559e-01,-2.818506e-01
1.582634e+00,8.734972e+00,2.775382e+00,-1.709028e+00,-3.134503e-01,-2.457563e-01
7.414603e-01,8.374443e+00,1.336187e+00,-1.729394e+00,-5.791981e-01,-2.169695e-01
1.042324e+00,1.030078e+01,-6.099556e-01,-1.956342e+00,-7.078807e-01,-9.117486e-02
3.321605e-01,9.814537e+00,1.465530e+00,-2.213417e+00,-7.969655e-01,-4.165276e-02
5.738343e+00,1.013020e+01,2.261260e+00,-2.911678e+00,-1.115492e+00,-5.575436e-02
1.214479e+01,1.580323e+01,-3.459417e+00,-3.250061e+00,-1.142465e+00,6.397976e-02
-3.071003e-01,1.499049e+01,4.791257e+00,-3.775175e+00,-1.613904e+00,8.938149e-02
-7.893324e+00,1.737870e+01,1.475388e+01,-4.270656e+00,-2.975738e+00,-6.264230e-02
-1.309130e+01,2.667501e+01,1.771531e+01,-4.756637e+00,-5.591223e+00,-6.318368e-01
-4.447331e+00,5.655679e+00,1.589965e+01,-4.614872e+00,-4.058049e+00,-2.129629e-01
9.196411e+00,3.854342e+00,1.070474e+01,-1.318437e+00,-6.552574e-01,5.713006e-01
1.169760e+01,9.772973e+00,8.309505e+00,-5.001920e-01,1.201036e+00,6.337807e-01
3.270517e+00,5.026057e+00,8.904179e+00,-1.378423e-01,1.602284e+00,-4.814025e-02
5.672058e-01,3.161575e+00,7.456107e+00,1.409249e+00,4.813262e-01,-8.365115e-01
-4.204251e-01,7.310514e-01,8.994206e+00,2.996494e+00,3.225460e-02,-1.236077e+00
1.500522e+00,1.385662e+00,1.019080e+01,3.889867e+00,5.013347e-01,-1.381129e+00
3.420289e+00,2.743046e+00,1.079270e+01,5.268398e+00,1.980434e+00,-1.495329e+00
4.710147e+00,3.668608e+00,1.236374e+01,6.037525e+00,2.367399e+00,-1.229793e+00
5.504981e+00,4.800580e+00,1.534991e+01,7.064126e+00,2.399525e+00,-9.393670e-01
5.027328e+00,7.486654e+00,1.147119e+01,7.836653e+00,2.127979e+00,-7.303103e-01
-2.729716e+00,6.925737e+00,6.483537e+00,8.646206e+00,1.225458e+00,-2.468143e-01
-1.613505e+01,-7.870840e+00,8.413166e+00,7.957194e+00,7.479487e-01,7.197225e-03
3.037870e+00,-1.522818e+01,3.490339e+00,5.763409e+00,1.181883e+00,-2.375683e-01
6.232243e+00,-5.250248e+00,7.892752e+00,3.448694e+00,3.272717e+00,-1.065105e-02
3.918423e+01,3.908696e+01,-1.019619e+00,-2.152962e+00,4.158254e+00,1.195445e+00
-3.022771e-01,-2.700578e+00,7.752002e+00,-3.387127e+00,3.077161e+00,8.642512e-01
-6.567065e+00,-4.117754e+00,1.455213e+01,-2.222288e+00,-1.896271e+00,-2.469502e+00
-1.316516e+01,1.616515e+01,1.496887e+01,-3.408569e+00,-2.252442e+00,-1.637932e+00
-1.480189e+00,1.347613e+01,9.651195e+00,-3.297983e+00,-7.104824e-01,-1.485355e-01
1.895592e+00,4.256954e+00,6.375196e+00,-2.201316e+00,8.082147e-01,-3.292404e-01
1.072382e+01,1.127932e+01,3.101496e+00,-8.030569e-01,2.835793e+00,7.275967e-01
1.174759e+01,1.226288e+01,3.273411e+00,-8.540775e-01,3.120864e+00,6.839235e-01
-1.326576e-01,8.334931e+00,3.844955e+00,-8.180052e-01,1.390585e+00,1.121182e-01
-4.363571e+00,9.512845e+00,2.748579e+00,-7.965449e-01,-7.828834e-01,-5.731428e-01
-1.059868e+00,9.807044e+00,5.469584e-02,-8.370373e-01,-1.402192e+00,-7.075489e-01
9.407212e-01,7.385887e+00,-1.209773e+00,-8.835920e-01,-7.520873e-01,-4.702679e-01
-1.521344e+00,7.300493e+00,1.909109e-01,-1.045584e+00,-2.349875e-01,-2.800752e-01
-2.334504e+00,7.988902e+00,2.017036e+00,-1.340304e+00,-5.426525e-01,-3.284032e-01
1.545987e+00,9.703542e+00,4.791558e+00,-1.770592e+00,-9.125719e-01,-3.573675e-01
3.335253e+00,1.103535e+01,3.808155e+00,-1.885704e+00,-7.545675e-01,-3.248967e-01
1.544339e+00,7.822998e+00,-7.434672e-01,-1.924691e+00,-6.525582e-01,-2.715128e-01
-5.658172e-01,8.010789e+00,-1.136190e+00,-1.972101e+00,-8.606349e-01,-2.850363e-01
9.976225e-01,9.638356e+00,2.629643e+00,-2.398172e+00,-1.188988e+00,-2.032359e-01
5.336133e+00,1.144204e+01,2.138631e+00,-2.819238e+00,-1.191366e+00,-9.753658e-02
8.827728e+00,1.613174e+01,-4.485462e+00,-3.369518e+00,-9.186640e-01,3.357710e-01
1.100605e+00,1.618383e+01,3.087881e+00,-3.612058e+00,-1.266063e+00,5.817834e-01
-1.512954e+00,1.813179e+01,1.401636e+01,-4.349996e+00,-2.554377e+00,2.658815e-01
-3.917169e+00,2.590438e+01,1.604181e+01,-4.518383e+00,-3.837152e+00,-2.011831e-01
-5.927335e-01,6.767037e+00,1.506853e+01,-4.749518e+00,-2.886823e+00,-4.215482e-01
5.783885e+00,4.949248e+00,8.779789e+00,-2.889828e+00,-2.049278e+00,-4.369396e-01
4.128291e+00,1.030261e+01,9.834700e+00,-1.264963e+00,-1.069942e-01,-5.282395e-01
7.705745e-01,5.066413e+00,1.139534e+01,-9.403859e-01,-1.798129e-03,-8.069116e-01
1.525265e+00,1.355796e+00,7.548424e+00,1.348704e+00,-3.653938e-01,-1.501177e+00
1.236309e+00,1.432295e+00,8.345572e+00,2.723652e+00,2.545103e-01,-1.500453e+00
1.763659e-01,9.838420e-01,9.846860e+00,4.014536e+00,1.142816e+00,-1.336555e+00
1.064575e+00,1.980544e+00,1.119109e+01,4.656228e+00,1.454525e+00,-1.392976e+00
2.928419e+00,3.018165e+00,1.312311e+01,5.922385e+00,2.244211e+00,-1.077289e+00
6.074134e+00,4.614854e+00,1.546957e+01,6.778704e+00,2.499004e+00,-8.460452e-01
1.017303e+01,8.144860e+00,1.070414e+01,8.040882e+00,2.301164e+00,-3.813457e-01
4.057249e+00,5.916727e+00,6.487421e+00,8.469981e+00,1.809206e+00,-4.810267e-02
-2.221351e+01,-4.416100e+00,1.158201e+01,7.740524e+00,-1.884304e-04,-6.076907e-01
-5.675880e+00,-1.662798e+01,1.961038e+00,5.696997e+00,-5.074289e-01,-1.224606e+00
1.080269e+01,1.883780e+01,1.634722e+00,2.315115e+00,2.663683e+00,-3.655202e-01
3.855844e+01,3.832674e+01,-1.307123e+00,-6.309119e-01,4.368162e+00,1.174283e+00
6.613882e+00,-7.781425e+00,1.180525e+01,-2.040528e+00,4.797367e+00,1.905473e+00
2.378790e+00,-5.313926e+00,1.285367e+01,-2.905566e+00,6.943195e-01,-9.340218e-01
-8.975754e+00,2.159511e+01,1.563902e+01,-3.547066e+00,-1.459729e+00,-8.400172e-01
-1.066759e+01,1.642880e+01,1.090720e+01,-3.571146e+00,-2.332797e+00,-9.066957e-01
-7.581345e+00,3.619418e+00,6.181688e+00,-2.310675e+00,-1.607812e+00,-7.552944e-01
9.485432e-01,9.460311e+00,5.709265e+00,-1.185315e+00,2.875411e-01,1.195536e-01
1.129938e+01,1.093764e+01,3.003175e+00,-1.005906e+00,2.695503e+00,8.761188e-01
7.487926e+00,7.883423e+00,2.813006e+00,-9.041081e-01,2.855235e+00,7.981369e-01
-2.382073e-01,1.021315e+01,4.137979e+00,-9.271005e-01,1.966296e-01,-1.634707e-02
-1.998040e+00,1.054628e+01,3.029003e+00,-1.005343e+00,-1.010629e+00,-3.094067e-01
-4.050842e-01,7.065676e+00,1.621611e+00,-1.074097e+00,-1.177158e+00,-3.431683e-01
-7.812934e-01,6.901966e+00,2.167058e+00,-1.068176e+00,-9.229816e-01,-2.796173e-01
-1.931568e-01,8.138065e+00,3.801590e+00,-1.259278e+00,-7.001374e-01,-1.699765e-01
1.837376e+00,8.017093e+00,4.258712e+00,-1.432509e+00,-7.635582e-01,-1.100326e-01
7.577530e-01,9.932957e+00,3.390181e+00,-1.526754e+00,-6.272890e-01,-1.035810e-01
-1.105042e+00,9.024795e+00,-8.355353e-01,-1.575143e+00,-7.947528e-01,-1.070852e-01
3.307476e+00,8.032519e+00,-1.573028e+00,-1.647729e+00,-1.003187e+00,-7.868115e-02
3.633674e+00,9.058323e+00,-1.148209e-01,-1.864211e+00,-8.807125e-01,-8.094655e-03
3.468458e+00,1.214981e+01,1.026866e+00,-2.660138e+00,-7.479386e-01,9.551369e-02
2.323352e+00,1.670665e+01,-3.080606e+00,-3.155666e+00,-9.445654e-01,2.347570e-01
-1.058152e+00,1.510839e+01,1.670026e+00,-3.649237e+00,-1.336199e+00,6.344117e-01
-2.890963e+00,1.978188e+01,1.174752e+01,-3.955602e+00,-1.649011e+00,7.562552e-01
-2.347827e+00,2.434315e+01,1.632466e+01,-4.543204e+00,-2.027519e+00,5.504422e-01
-3.179225e-01,9.523954e+00,1.855261e+01,-4.488898e+00,-1.579767e+00,4.863555e-01
7.419354e+00,1.215544e+01,6.726530e+00,-1.722867e+00,-6.119086e-01,2.484213e-01
2.009588e+00,1.143785e+01,1.100825e+01,-1.128628e+00,6.529458e-02,1.729809e-01
-7.142290e-01,4.830463e+00,1.104558e+01,1.599062e-01,-3.392161e-01,-2.740323e-01
1.539184e+00,1.413907e+00,9.623091e+00,1.622870e+00,-4.818134e-01,-7.421067e-01
2.847003e+00,8.469126e-01,9.083178e+00,4.128778e+00,7.526311e-01,-9.033757e-01
2.428287e+00,1.078793e+00,9.810506e+00,5.013164e+00,1.247115e+00,-9.933511e-01
1.970894e+00,2.062243e+00,1.160836e+01,6.049562e+00,1.489937e+00,-8.209918e-01
2.084614e+00,3.609079e+00,1.560641e+01,6.690554e+00,1.484483e+00,-7.037852e-01
2.849355e+00,8.336204e+00,1.316089e+01,7.955044e+00,1.512420e+00,-3.799715e-01
1.087516e+00,7.548248e+00,1.085825e+01,8.515627e+00,1.669946e+00,-1.312764e-01
-1.068780e+01,-2.885953e+00,9.305332e+00,8.401962e+00,1.927306e+00,4.749918e-01
-4.957465e+00,-1.251028e+01,1.170180e-01,7.461266e+00,1.625982e+00,3.727655e-01
8.922983e+00,-9.899342e+00,5.854878e+00,3.566740e+00,2.206888e+00,-2.939495e-01
2.509915e+01,3.707311e+01,-5.989414e+00,1.642229e-01,1.912421e+00,-5.385752e-02
-1.257551e+01,4.118688e+00,1.380725e+01,-3.734914e+00,-3.612103e-01,-9.116975e-01
-5.920181e+00,-1.127572e+01,1.499695e+01,-2.726585e+00,-3.430926e-01,2.748033e-01
-1.053543e+01,1.188297e+01,1.800472e+01,-3.588883e+00,-1.384071e+00,-1.595057e+00
-2.734218e+00,2.425951e+01,1.357951e+01,-3.657940e+00,4.653691e-01,6.435649e-01
4.002647e+00,2.829416e+00,5.112307e+00,-2.637810e+00,1.360610e+00,-4.336184e-01
3.219465e+00,5.061895e+00,4.458145e+00,-1.437291e+00,1.865741e+00,6.523276e-01
7.044032e+00,1.372586e+01,3.974381e+00,-9.457988e-01,1.993890e+00,4.791792e-01
4.254502e+00,1.034854e+01,3.189506e+00,-1.070033e+00,1.806471e+00,3.975167e-01
-1.961019e+00,7.137741e+00,3.039597e+00,-9.627850e-01,6.923544e-01,1.020197e-01
-9.650512e-01,8.994059e+00,2.176087e+00,-8.894767e-01,-7.340821e-01,-3.707813e-01
-1.222366e-02,8.810434e+00,-2.014475e-01,-9.340185e-01,-6.710671e-01,-3.030619e-01
1.197521e-01,7.021735e+00,-3.632147e-01,-1.064060e+00,-4.674220e-01,-2.685235e-01
-1.227240e+00,8.712635e+00,2.672313e+00,-1.276924e+00,-6.187014e-01,-3.523398e-01
-4.475143e-01,9.031277e+00,4.792283e+00,-1.606006e+00,-8.649433e-01,-4.304813e-01
1.720859e+00,9.608542e+00,3.949304e+00,-1.839480e+00,-9.401506e-01,-3.883311e-01
1.706892e+00,7.226173e+00,1.650613e+00,-1.848950e+00,-4.953714e-01,-2.436673e-01
4.971944e+00,1.084028e+01,-7.757420e-01,-1.971544e+00,-2.404881e-01,1.709981e-02
3.027630e+00,9.674913e+00,1.415220e+00,-2.450905e+00,-4.810680e-01,1.360193e-01
5.496222e+00,1.248546e+01,1.587900e+00,-3.021835e+00,-1.163259e+00,-2.711572e-02
7.196722e+00,2.050785e+01,-2.884940e+00,-3.575547e+00,-1.783750e+00,4.579828e-02
-5.370319e+00,1.573408e+01,9.548135e+00,-4.326260e+00,-2.671668e+00,2.941474e-01
-8.866811e+00,1.761884e+01,1.680192e+01,-4.530255e+00,-3.995468e+00,-4.650035e-02
-1.087497e+01,2.367277e+01,1.679652e+01,-4.597409e+00,-4.053393e+00,-8.285099e-02
-3.461167e-01,7.655503e-01,1.852435e+01,-3.420757e+00,-2.149971e+00,4.257337e-01
9.192629e+00,1.022800e+01,7.678372e+00,-5.571126e-01,1.035526e+00,7.768132e-01
7.432041e+00,9.439349e+00,9.036426e+00,-7.579438e-01,1.721889e+00,5.974591e-01
3.067553e+00,3.331118e+00,8.489923e+00,1.287589e+00,9.518474e-01,-1.630989e-01
2.618084e+00,1.297865e+00,7.012550e+00,2.699078e+00,5.118899e-01,-5.664823e-01
1.359372e+00,7.461310e-02,9.010920e+00,4.155660e+00,6.560621e-01,-8.485485e-01
1.704635e+00,1.234411e+00,8.996328e+00,4.770258e+00,1.079461e+00,-1.162173e+00
2.731171e+00,3.114410e+00,1.132637e+01,5.731880e+00,1.753187e+00,-1.176352e+00
3.662521e+00,3.515529e+00,1.211545e+01,6.313958e+00,1.987263e+00,-1.034715e+00
6.513354e+00,6.449697e+00,1.433400e+01,7.571195e+00,2.056097e+00,-9.049699e-01
8.325529e+00,1.258352e+01,1.084504e+01,8.287087e+00,1.810533e+00,-6.682135e-01
-4.042889e+00,6.593056e+00,5.789434e+00,8.178157e+00,5.776000e-01,-2.077096e-03
-1.606377e+01,-1.437905e+01,2.320957e+00,7.353309e+00,-4.689760e-01,-4.580541e-01
1.846913e+00,-1.386029e+01,3.404632e+00,4.356563e+00,1.174023e+00,-5.914566e-01
5.316654e+00,-4.480628e+00,9.401217e+00,1.201700e+00,2.874946e+00,7.424080e-02
2.899705e+01,3.820923e+01,1.273333e+00,-4.430226e+00,2.289209e+00,3.893690e-01
-3.739932e+00,-9.048580e+00,9.776579e+00,-2.622677e+00,2.275726e+00,1.415477e+00
7.890956e-01,1.102624e+00,1.165059e+01,-2.301726e+00,-5.574533e-01,-1.743744e+00
-8.646109e+00,1.689599e+01,1.368729e+01,-3.199150e+00,3.079198e-01,6.517235e-02
-1.758258e+00,1.535665e+01,8.867172e+00,-2.910547e+00,4.528426e-01,-2.334145e-01
1.960058e+00,2.742119e+00,4.687576e+00,-2.123668e+00,6.526506e-01,-4.153817e-01
1.841617e+00,1.036615e+01,4.265132e+00,-1.102449e+00,1.176814e+00,2.513005e-01
3.398197e+00,1.276806e+01,4.030832e+00,-1.396973e+00,1.390787e+00,3.888460e-01
4.536694e+00,8.347841e+00,2.794907e+00,-1.161365e+00,1.299273e+00,2.598089e-01
4.290256e-01,7.510659e+00,2.875501e+00,-1.118283e+00,6.344515e-01,4.823645e-02
2.385789e-01,9.937841e+00,2.355414e+00,-1.142143e+00,-5.897393e-01,-3.367697e-01
3.873841e-01,9.377808e+00,1.545781e+00,-1.256882e+00,-5.728394e-01,-2.658288e-01
-1.819725e+00,8.182747e+00,1.578791e+00,-1.377049e+00,-6.347260e-01,-3.100166e-01
-7.725693e-01,8.592009e+00,3.286241e+00,-1.455903e+00,-7.670118e-01,-3.417667e-01
3.097627e+00,8.810766e+00,5.223657e+00,-1.651288e+00,-6.054676e-01,-3.333075e-01
3.499664e+00,9.276460e+00,5.021593e+00,-1.744628e+00,-3.779588e-01,-1.698725e-01
3.565335e-01,8.733565e+00,-3.402032e-01,-1.834916e+00,-5.054243e-01,-6.486865e-02
3.604918e-01,9.224684e+00,-2.103513e+00,-1.916135e+00,-6.863351e-01,1.511856e-02
-1.154045e-01,9.193072e+00,1.342351e+00,-2.460130e+00,-1.019564e+00,5.148679e-02
3.584204e+00,1.173077e+01,2.269160e+00,-2.931078e+00,-1.130843e+00,6.258292e-02
9.239031e+00,2.090992e+01,-4.542647e+00,-3.627964e+00,-1.031438e+00,4.850805e-01
3.181205e+00,1.888072e+01,1.863801e+00,-3.925815e+00,-1.188432e+00,6.380999e-01
-9.056210e+00,1.876386e+01,1.745476e+01,-4.566437e+00,-3.574428e+00,3.444059e-01
-1.195637e+01,2.689802e+01,1.849868e+01,-4.583223e+00,-4.840202e+00,-1.424463e-01
5.248319e-01,2.195865e+00,1.809834e+01,-3.261994e+00,-2.352862e+00,-1.333137e-01
7.571156e+00,7.039625e+00,9.561358e+00,-1.164006e+00,-4.246982e-01,3.118336e-01
5.147596e+00,9.623958e+00,9.818010e+00,-2.962017e-01,1.354013e+00,8.262832e-02
2.112629e+00,5.575825e+00,9.972681e+00,8.467629e-01,9.753390e-01,-4.170392e-01
2.146595e+00,1.065291e+00,7.861304e+00,3.094999e+00,6.999344e-01,-9.394770e-01
2.344768e+00,7.543019e-01,8.765117e+00,4.049245e+00,9.648331e-01,-1.003852e+00
1.860110e+00,1.223304e+00,9.311901e+00,5.187357e+00,1.630339e+00,-1.279758e+00
1.193295e+00,3.387920e+00,1.102842e+01,5.824289e+00,1.813566e+00,-1.260829e+00
2.270962e+00,3.839827e+00,1.513712e+01,6.719408e+00,1.972765e+00,-1.061826e+00
5.130414e+00,7.201922e+00,1.299524e+01,7.706183e+00,2.066173e+00,-8.028259e-01
6.769266e+00,9.526325e+00,7.691766e+00,8.388543e+00,1.919555e+00,-1.844247e-01
-3.240103e+00,8.776221e-01,3.377679e+00,8.054330e+00,1.329313e+00,2.187743e-01
-7.963628e+00,-1.058358e+01,8.680481e-02,5.923381e+00,2.234105e-01,-1.286622e+00
-1.711515e+00,-1.319697e+01,3.299635e+00,3.680569e+00,1.466808e+00,-1.204132e+00
8.872971e+00,2.882013e+01,-3.505919e-01,-1.397829e+00,2.546707e+00,3.215139e-01
3.501553e+01,3.926259e+01,2.844820e+00,-3.978661e+00,2.336396e+00,1.888874e-04
-2.327164e+00,-1.540588e+01,1.351318e+01,-1.296452e+00,2.811358e+00,2.605326e+00
3.625547e+00,-5.672842e+00,1.092418e+01,-1.963907e+00,-2.721256e-01,-2.049181e+00
-5.394755e+00,2.047247e+01,1.593615e+01,-3.626164e+00,1.517791e+00,1.189296e+00
1.901485e+00,1.497973e+01,1.014111e+01,-3.176531e+00,5.652835e-01,-4.548557e-01
-2.519023e+00,2.737781e+00,5.174073e+00,-1.998421e+00,-2.581637e-02,-2.707562e-01
-1.138807e+00,9.198279e+00,6.329920e+00,-1.051622e+00,-1.196934e-01,-1.035863e-01
7.856128e+00,1.278536e+01,3.974484e+00,-1.229940e+00,1.423677e+00,2.811576e-01
2.092798e+00,7.044582e+00,2.724266e+00,-1.087799e+00,1.561868e+00,2.557466e-01
-1.193662e+00,9.407980e+00,2.776801e+00,-8.973758e-01,-4.234615e-01,-1.954074e-01
-1.335547e+00,1.156194e+01,1.528198e+00,-8.987667e-01,-1.095999e+00,-4.619589e-01
-2.034373e+00,8.660150e+00,2.956267e-01,-1.030153e+00,-8.105968e-01,-3.445569e-01
-1.208587e+00,7.177157e+00,6.942727e-01,-1.077940e+00,-7.403279e-01,-3.836440e-01
1.740468e+00,8.864061e+00,3.319311e+00,-1.392280e+00,-5.730655e-01,-2.865120e-01
1.938927e+00,8.643946e+00,4.492213e+00,-1.590936e+00,-5.107539e-01,-2.661355e-01
7.025111e-01,7.666911e+00,2.809778e+00,-1.806870e+00,-5.674923e-01,-1.591949e-01
2.156009e+00,9.825047e+00,-2.589208e-02,-1.920312e+00,-5.649944e-01,-6.023807e-02
1.467208e+00,1.051613e+01,5.554837e-02,-2.309394e+00,-5.760418e-01,1.486065e-01
-1.080000e+00,1.017435e+01,1.766379e+00,-2.638813e+00,-7.982402e-01,7.315528e-02
3.109068e+00,1.639792e+01,-2.625766e+00,-3.265275e+00,-1.239840e+00,2.648711e-01
5.352467e+00,1.749770e+01,-1.906312e+00,-3.546669e+00,-1.065457e+00,5.535087e-01
1.944585e+00,1.384244e+01,9.892852e+00,-4.109489e+00,-1.584088e+00,5.145139e-01
-5.399454e-01,2.284605e+01,1.553514e+01,-4.426755e+00,-2.857507e+00,-2.643812e-01
-3.823754e+00,9.915176e+00,1.754631e+01,-4.284716e+00,-3.310312e+00,-9.950193e-01
1.960090e+00,3.004760e+00,1.132991e+01,-2.820909e+00,-2.886010e+00,-1.171110e+00
1.761023e+00,1.066008e+01,1.034265e+01,-1.332532e+00,-4.502712e-01,-9.381608e-01
-8.298383e-01,6.072025e+00,1.056499e+01,-8.624163e-01,3.453022e-02,-1.001913e+00
1.543691e+00,3.455881e+00,8.155675e+00,1.606527e+00,6.378688e-01,-1.521448e+00
4.007263e+00,2.526307e+00,9.143228e+00,2.925839e+00,1.747274e+00,-1.314876e+00
6.117820e+00,2.578745e+00,8.478164e+00,4.217357e+00,2.704801e+00,-1.240348e+00
5.928380e+00,3.407824e+00,9.470277e+00,5.046869e+00,2.951335e+00,-1.033334e+00
5.200913e+00,3.527099e+00,1.183184e+01,6.288245e+00,2.410449e+00,-5.540099e-01
5.558141e+00,4.019452e+00,1.407143e+01,7.061525e+00,1.795560e+00,-3.028741e-01
8.676708e+00,8.511861e+00,1.238027e+01,8.136920e+00,9.557958e-01,2.687614e-01
2.218148e+00,5.949086e+00,7.059817e+00,8.328520e+00,5.747492e-01,5.587205e-01
-1.895298e+01,-7.614226e+00,9.078927e+00,7.113242e+00,-5.957890e-01,-2.001612e-01
-8.768820e+00,-1.498863e+01,3.894892e+00,5.095366e+00,-4.839059e-01,-7.872204e-01
6.081985e+00,3.088578e+01,-4.612285e+00,1.617541e-01,2.349994e+00,3.901710e-01
2.241898e+01,2.832188e+01,2.742520e+00,-2.294175e+00,3.014022e+00,9.959205e-01
2.987237e+00,-9.459183e+00,1.090325e+01,-2.642882e+00,2.106272e+00,1.158947e+00
-7.004879e+00,-8.914078e-01,1.405999e+01,-3.011532e+00,-9.141468e-01,-1.867258e+00
-1.073001e+01,2.464155e+01,1.376828e+01,-3.360501e+00,-1.686609e+00,-2.699645e-01
-4.221541e+00,1.602277e+01,8.881758e+00,-3.054203e+00,-1.285466e+00,-4.243178e-01
1.574887e+00,3.929077e+00,3.191048e+00,-1.228800e+00,1.241178e+00,4.321252e-01
1.009917e+01,1.264814e+01,3.279352e+00,-1.028609e+00,2.092494e+00,7.317981e-01
5.548685e+00,1.053025e+01,2.847235e+00,-1.192516e+00,2.056252e+00,5.147013e-01
-1.086210e+00,7.588978e+00,3.416595e+00,-1.200080e+00,4.936737e-01,1.051378e-01
-1.280959e+00,1.035238e+01,2.983812e+00,-1.256907e+00,-1.138057e+00,-3.547455e-01
-2.375893e-01,9.978430e+00,2.193539e+00,-1.366619e+00,-9.909324e-01,-2.566460e-01
3.862219e-01,8.750032e+00,1.855816e+00,-1.395901e+00,-4.160582e-01,-1.808232e-01
-1.029137e+00,8.059927e+00,3.065082e+00,-1.464714e+00,-4.800912e-01,-1.963753e-01
1.255971e-01,8.023486e+00,5.483658e+00,-1.579027e+00,-8.191917e-01,-3.267359e-01
7.665990e-01,7.984909e+00,5.846439e+00,-1.644389e+00,-8.261139e-01,-2.965838e-01
7.251687e-01,8.858184e+00,2.423596e+00,-1.605298e+00,-5.315940e-01,-1.337974e-01
2.073598e+00,9.780300e+00,-1.614583e+00,-1.665287e+00,-3.607288e-01,8.513275e-02
3.605223e+00,1.048961e+01,-1.253630e+00,-2.035945e+00,-3.607701e-01,2.937258e-01
3.042377e+00,1.121865e+01,4.731644e-02,-2.443382e+00,-6.295399e-01,1.904009e-01
3.130276e+00,1.632163e+01,-2.447770e+00,-3.226678e+00,-1.391228e+00,1.895536e-01
2.526330e+00,1.608711e+01,-1.114452e+00,-3.559591e+00,-1.600082e+00,2.822222e-01
-2.017798e+00,2.064904e+01,1.266128e+01,-4.110454e+00,-2.545748e+00,3.789334e-02
-5.223660e+00,2.589199e+01,1.518988e+01,-4.625175e+00,-3.498787e+00,-3.529517e-01
-2.599637e+00,4.469801e+00,1.918060e+01,-3.777870e+00,-2.985312e+00,-3.166187e-01
3.214330e+00,9.156994e+00,8.775670e+00,-2.106142e+00,-2.234326e+00,-3.386040e-01
9.802067e-01,9.027308e+00,1.106525e+01,-1.196703e+00,2.405875e-01,-1.584698e-01
4.569609e-01,5.929654e+00,1.007870e+01,-1.172413e-01,6.032904e-01,-1.273445e-01
4.359792e+00,3.219477e+00,7.932613e+00,2.361181e+00,1.556641e+00,-6.150008e-01
6.271929e+00,2.070470e+00,8.854006e+00,3.374906e+00,2.122759e+00,-7.641314e-01
6.611361e+00,1.953838e+00,8.535443e+00,4.698795e+00,2.383190e+00,-1.106171e+00
5.478542e+00,2.897604e+00,9.800000e+00,5.417208e+00,2.105382e+00,-1.095053e+00
3.551538e+00,3.901385e+00,1.390283e+01,6.498859e+00,1.106219e+00,-1.095825e+00
3.658663e+00,4.646490e+00,1.568976e+01,7.170921e+00,6.580151e-01,-1.128170e+00
3.739368e+00,9.615589e+00,1.319363e+01,8.174508e+00,4.600195e-01,-1.048484e+00
-7.106780e+00,2.610958e+00,7.521323e+00,8.214818e+00,4.817957e-01,-7.614504e-01
-1.755475e+01,-1.061926e+01,9.231158e+00,7.019773e+00,-2.578662e-01,-7.924508e-01
-2.385749e+00,-1.558805e+01,5.880697e+00,4.863606e+00,4.543910e-01,-6.703891e-01
2.102375e+01,3.770705e+01,-3.378882e+00,-6.184596e-01,3.912116e+00,6.113712e-01
2.616710e+01,2.970541e+01,6.082183e+00,-3.542322e+00,3.921047e+00,1.104388e+00
1.026783e+00,-1.105118e+01,1.257669e+01,-1.312330e+00,3.014668e+00,1.957423e+00
1.798240e+00,2.130012e+00,1.236158e+01,-1.941073e+00,-3.699940e-01,-2.109772e+00
-4.449679e+00,2.321947e+01,1.225670e+01,-3.312028e+00,1.703707e-01,6.140477e-01
-3.583176e+00,6.730707e+00,6.045284e+00,-2.739364e+00,-8.443541e-01,-9.230027e-01
-4.473534e+00,8.803811e+00,3.845945e+00,-1.101876e+00,-5.539549e-01,-1.899146e-01
4.703293e-01,1.233907e+01,3.509685e+00,-1.066826e+00,4.478397e-02,1.024264e-02
5.893070e+00,9.352348e+00,7.394757e-01,-9.874389e-01,1.860000e+00,5.161883e-01
1.696289e+00,7.142657e+00,6.927281e-01,-9.444163e-01,1.425189e+00,3.355633e-01
-5.935485e-01,1.026558e+01,1.106079e+00,-1.066669e+00,-2.469196e-01,-2.330270e-01
-2.418150e-01,9.105686e+00,4.993337e-01,-1.315335e+00,-7.035174e-01,-2.852454e-01
-3.958277e-01,7.206317e+00,1.843381e+00,-1.599233e+00,-7.148179e-01,-2.985201e-01
-9.687803e-01,8.376777e+00,3.760436e+00,-1.777286e+00,-7.836775e-01,-2.977089e-01
2.883159e+00,9.244603e+00,6.153249e+00,-2.071406e+00,-9.742070e-01,-3.312227e-01
1.310657e+00,9.633208e+00,3.681128e+00,-2.068047e+00,-8.971022e-01,-2.382133e-01
3.004421e-01,9.450442e+00,-9.977754e-01,-1.933001e+00,-1.134003e+00,-2.746381e-01
3.945669e-01,1.039681e+01,-2.558200e+00,-2.007943e+00,-1.275068e+00,-1.407304e-01
3.757147e-01,1.039889e+01,1.440952e+00,-2.663170e+00,-1.360349e+00,1.779018e-02
4.665651e+00,1.212491e+01,1.599787e+00,-3.088338e+00,-1.479097e+00,1.036256e-01
8.126342e+00,1.821064e+01,-4.761611e+00,-3.620324e+00,-1.082753e+00,4.711723e-01
-2.344031e+00,1.490024e+01,4.456350e+00,-3.841705e+00,-1.267287e+00,4.886079e-01
-5.625237e+00,2.314524e+01,1.474252e+01,-4.494740e+00,-3.207138e+00,9.484309e-02
-9.271323e+00,2.720352e+01,1.725013e+01,-4.891195e+00,-4.086035e+00,-8.767911e-02
3.284120e+00,4.528970e+00,1.467734e+01,-3.494681e+00,-2.043937e+00,4.574376e-02
7.966760e+00,1.030366e+01,8.344341e+00,-1.637771e+00,-7.442743e-01,2.503183e-01
4.189389e+00,6.908417e+00,1.099720e+01,-8.938488e-01,1.270634e+00,1.658516e-01
1.968323e+00,3.929175e+00,8.971290e+00,7.119784e-01,5.988739e-01,-4.302937e-01
1.282248e+00,2.532093e+00,8.626820e+00,2.813164e+00,3.679349e-01,-1.055237e+00
1.762946e+00,2.117909e+00,9.973719e+00,3.869615e+00,7.357823e-01,-1.173938e+00
2.658582e+00,1.682126e+00,1.059764e+01,5.206196e+00,1.572342e+00,-1.391983e+00
3.486206e+00,2.635597e+00,1.169648e+01,5.845889e+00,1.795138e+00,-1.284735e+00
4.148764e+00,4.026093e+00,1.582492e+01,7.145309e+00,1.954487e+00,-1.113499e+00
5.595970e+00,8.999752e+00,1.395333e+01,7.918743e+00,1.689072e+00,-9.704048e-01
1.996899e+00,7.694879e+00,9.613247e+00,8.754547e+00,1.006105e+00,-4.337014e-01
-1.241747e+01,-1.133058e-01,5.528212e+00,8.593279e+00,7.008192e-01,-2.036891e-01
-3.820226e+00,-1.745002e+01,6.375002e-02,6.256286e+00,4.726248e-01,-7.767743e-01
1.408832e+00,-1.313536e+01,7.891800e+00,4.317103e+00,2.143623e+00,-5.648238e-01
7.698584e+00,2.442608e+01,6.752865e+00,-1.080965e+00,3.718030e+00,9.052467e-01
2.812204e+01,3.216080e+01,5.449361e+00,-4.242901e+00,3.229029e+00,7.036653e-01
-7.797779e+00,-1.642971e+01,1.408470e+01,-9.726651e-01,2.379395e+00,2.503379e+00
-4.982154e+00,2.871786e+00,1.725973e+01,-2.283787e+00,-2.180087e+00,-3.221314e+00
-2.793642e+00,2.171572e+01,1.207264e+01,-4.230952e+00,9.820166e-02,6.703813e-01
-6.735663e-01,1.295911e+01,9.362151e+00,-3.469654e+00,6.424738e-01,-6.852736e-02
4.613104e-01,4.903346e+00,5.117686e+00,-1.649365e+00,8.086636e-01,3.403371e-01
8.784560e+00,1.182393e+01,5.381891e+00,-1.393350e+00,1.323172e+00,5.318776e-01
4.942037e+00,9.567764e+00,4.163049e+00,-1.303056e+00,1.615452e+00,4.033228e-01
1.012865e+00,8.154273e+00,4.147710e+00,-1.285910e+00,5.945981e-01,7.678022e-02
-1.835361e+00,9.605019e+00,3.725780e+00,-1.126132e+00,-1.360670e+00,-3.918321e-01
-1.455271e+00,8.957519e+00,3.459767e+00,-1.147617e+00,-1.295695e+00,-3.241193e-01
-3.776589e-01,7.842451e+00,2.896565e+00,-1.082046e+00,-7.223895e-01,-2.049150e-01
-3.230489e-01,7.315120e+00,2.993049e+00,-1.101279e+00,-4.448002e-01,-1.124206e-01
-6.075846e-01,8.584492e+00,4.091354e+00,-1.173083e+00,-5.172469e-01,-1.798399e-01
-2.449706e-01,8.459109e+00,4.683247e+00,-1.326457e+00,-6.511403e-01,-1.615750e-01
6.243314e-01,8.066535e+00,1.557496e+00,-1.291109e+00,-5.989975e-01,-1.148250e-01
1.676298e+00,7.132112e+00,-1.138387e+00,-1.311854e+00,-4.268453e-01,1.548160e-03
7.181510e+00,1.085249e+01,-3.036178e+00,-1.654710e+00,-1.764409e-01,2.882559e-01
4.101191e+00,9.574124e+00,-3.944811e-01,-2.202745e+00,-3.337062e-01,3.333439e-01
1.578107e+00,1.461248e+01,1.725307e-01,-3.068252e+00,-1.561948e+00,9.545731e-02
8.131397e-01,1.915158e+01,-2.783157e+00,-3.553452e+00,-2.013576e+00,2.923844e-01
-6.387042e+00,1.698591e+01,6.800828e+00,-4.188464e+00,-1.937993e+00,8.481690e-01
-4.478266e+00,2.191428e+01,1.486954e+01,-4.422029e+00,-2.310417e+00,8.867007e-01
-7.110432e+00,2.033188e+01,1.856564e+01,-4.864415e+00,-2.129187e+00,8.020806e-01
2.691970e-01,1.567041e+00,1.975406e+01,-3.824516e+00,-1.209578e+00,6.637413e-01
6.108426e+00,1.149571e+01,9.311889e+00,-9.140496e-01,6.761319e-01,8.303458e-01
8.924183e-01,7.107647e+00,1.429662e+01,-1.043776e+00,1.456845e+00,7.609817e-01
-1.061252e+00,2.150043e+00,1.092732e+01,1.510825e+00,6.577246e-01,3.972721e-02
1.504946e-01,1.355007e+00,1.184447e+01,2.652688e+00,9.057504e-01,3.504355e-02
3.089090e+00,-2.385061e-01,1.152358e+01,4.878877e+00,2.144506e+00,2.780860e-01
4.796651e+00,-2.404829e+00,1.117858e+01,6.009866e+00,2.747388e+00,2.213233e-01
4.584109e+00,-1.292638e+00,1.137810e+01,7.259482e+00,2.590751e+00,6.828346e-01
3.209862e+00,4.753229e-01,1.347410e+01,7.860628e+00,2.130422e+00,6.117713e-01
2.772763e+00,5.054241e+00,1.106877e+01,8.357216e+00,1.547872e+00,5.554341e-01
1.216811e+00,8.466177e+00,7.303100e+00,8.465460e+00,1.394468e+00,5.854553e-01
-4.885284e+00,9.051237e-01,3.266129e+00,7.478642e+00,1.241018e+00,3.569548e-01
-1.429568e+00,-8.148198e+00,-1.978768e+00,6.279996e+00,8.613143e-01,-7.394131e-02
1.990394e+00,-6.288141e+00,2.588299e+00,3.300925e+00,9.997799e-01,-2.338982e-01
2.344575e+00,1.075679e+01,3.938775e+00,5.562725e-01,6.594659e-01,-2.570869e-01
2.087802e+00,3.801239e+01,1.170896e+00,-3.370933e+00,-7.850756e-01,-7.897349e-01
-7.292972e+00,-6.166394e+00,9.569500e+00,-3.401261e+00,-1.528630e+00,-1.238125e+00
1.824869e+00,-2.137867e+00,1.848315e+01,-2.182823e+00,2.988889e-01,-4.428836e-01
3.559945e+00,1.237671e+01,1.814506e+01,-3.788165e+00,1.853550e+00,4.259276e-01
1.130199e+01,1.339576e+01,8.213888e+00,-3.316790e+00,3.083548e+00,6.150836e-01
2.442360e+00,7.899762e+00,6.112405e+00,-2.013938e+00,2.194407e+00,3.653941e-02
-5.465399e+00,7.496511e+00,6.382595e+00,-1.292643e+00,-5.312271e-01,-5.780316e-01
-1.196644e+00,1.328942e+01,5.801373e+00,-1.139430e+00,-1.104583e+00,-6.494762e-01
1.608739e+00,9.629944e+00,3.193832e+00,-1.056714e+00,-1.307998e-02,-3.114706e-01
-8.954983e-01,7.974391e+00,2.544428e+00,-8.369628e-01,2.147406e-01,-1.666415e-01
5.633826e-01,1.020798e+01,1.601250e+00,-7.093549e-01,-4.119217e-01,-1.783992e-01
7.254882e-01,9.180613e+00,3.693340e-01,-7.224023e-01,-3.308937e-01,-1.669609e-01
-1.739993e+00,6.469584e+00,-2.167394e-01,-8.064371e-01,-4.968378e-01,-3.511796e-01
-4.466389e+00,6.420738e+00,1.304818e+00,-9.826793e-01,-7.233558e-01,-4.202229e-01
-2.695127e+00,7.836945e+00,3.315081e+00,-1.395766e+00,-9.295597e-01,-4.884448e-01
6.245480e-01,7.555337e+00,4.220029e+00,-1.567481e+00,-5.754314e-01,-4.098947e-01
4.199265e+00,6.875367e+00,2.354633e+00,-1.638453e+00,-1.419653e-01,-4.082825e-01
4.087601e+00,7.632647e+00,2.967198e+00,-1.759701e+00,-2.312919e-01,-4.044348e-01
1.691239e+00,1.064368e+01,3.480892e+00,-2.186334e+00,-6.599104e-01,-3.076395e-01
-2.993050e+00,1.080279e+01,4.212148e+00,-2.551979e+00,-9.452632e-01,-2.254153e-01
4.943065e+00,1.129660e+01,3.063471e+00,-3.000460e+00,-1.348617e+00,-5.103308e-02
7.628431e+00,1.407543e+01,3.141314e-01,-3.235456e+00,-1.132895e+00,1.784716e-01
7.819509e+00,2.438324e+01,-8.924140e-01,-3.705535e+00,-1.453270e+00,2.897977e-01
2.100544e+00,1.748923e+01,6.804357e+00,-4.370572e+00,-2.172938e+00,3.552761e-01
-9.517336e+00,1.916943e+01,1.771357e+01,-4.645548e+00,-5.133289e+00,-1.860222e-01
-6.658836e+00,1.332806e+01,1.941310e+01,-4.465214e+00,-4.696989e+00,-6.761335e-01
6.804605e+00,8.332616e+00,9.525597e+00,-2.738920e+00,-2.318248e+00,-9.649860e-01
6.570297e+00,1.120384e+01,8.582277e+00,-1.598713e+00,-2.194060e-01,-3.891353e-01
2.863587e+00,4.991921e+00,1.158871e+01,-2.498684e-01,1.040460e+00,-7.895532e-01
4.141865e+00,2.741264e+00,8.878774e+00,1.319600e+00,8.886343e-01,-1.472242e+00
2.616402e+00,1.399906e+00,9.346046e+00,3.106846e+00,1.498851e+00,-1.490484e+00
1.072889e+00,5.971110e-01,9.180111e+00,3.905429e+00,1.718200e+00,-1.611778e+00
1.287576e+00,2.320000e+00,1.012962e+01,5.347099e+00,1.939586e+00,-1.617544e+00
2.925857e+00,2.152054e+00,1.157302e+01,6.050752e+00,2.272232e+00,-1.350613e+00
6.970147e+00,3.817521e+00,1.458053e+01,7.169539e+00,2.587240e+00,-9.232237e-01
1.002855e+01,6.478024e+00,1.118768e+01,7.894908e+00,2.467572e+00,-5.428791e-01
4.348180e+00,6.157587e+00,6.873817e+00,8.599184e+00,1.381034e+00,3.116637e-01
-1.590565e+01,-1.380526e+00,8.340421e+00,8.159462e+00,2.169679e-01,1.564422e-01
-3.436292e+00,-1.475697e+01,-1.483586e-01,5.931845e+00,-8.964900e-01,-8.347881e-01
1.159552e+00,-1.214582e+01,4.165011e+00,3.828335e+00,1.061553e+00,-6.735244e-01
7.841449e+00,2.015479e+01,7.790949e+00,-1.567388e+00,3.106252e+00,9.916484e-01
2.628665e+01,3.139580e+01,1.058401e+00,-4.241997e+00,2.500638e+00,5.184629e-01
-1.519000e+01,-1.600002e+01,1.121622e+01,-1.945686e+00,1.492590e+00,1.606926e+00
-8.654753e+00,-3.297342e+00,1.879398e+01,-3.575143e-01,-1.845255e+00,-1.979946e+00
3.007581e+00,2.593793e+01,1.010557e+01,-3.950431e+00,6.100364e-01,6.119217e-01
5.107301e+00,5.787305e+00,8.013221e+00,-4.022574e+00,2.457348e+00,1.163920e+00
2.935669e+00,9.383209e+00,5.988144e+00,-1.481443e+00,1.222280e+00,-2.452557e-01
3.170869e+00,1.146718e+01,6.522825e+00,-1.792264e+00,7.704665e-01,8.934402e-02
1.974639e+00,1.170794e+01,4.927031e+00,-1.519486e+00,-1.034062e-01,-1.329729e-01
6.407473e+00,9.343049e+00,3.347088e+00,-1.443079e+00,-6.417681e-01,-3.335573e-01
-5.620822e+00,9.803729e+00,4.324753e+00,-1.178880e+00,-1.288447e+00,-4.733663e-01
-2.080922e+00,9.081921e+00,4.096641e+00,-1.145572e+00,-1.644424e+00,-6.472280e-01
1.295778e+00,7.108305e+00,1.752561e+00,-9.876601e-01,-5.146168e-01,-9.660926e-02
2.119869e+00,6.889737e+00,1.444952e+00,-9.569117e-01,-5.763966e-02,-1.364341e-01
5.127688e-01,6.854462e+00,3.605044e+00,-1.188254e+00,-3.220010e-01,-1.705477e-01
3.698479e-01,7.894309e+00,4.012776e+00,-1.355090e+00,-7.882087e-01,-3.458132e-01
-9.868743e-01,7.119156e+00,-6.326407e-01,-1.569381e+00,-1.135747e+00,-3.646357e-01
3.301850e-01,8.303395e+00,-1.820981e+00,-1.668835e+00,-1.149577e+00,-3.594980e-01
2.486037e+00,9.733510e+00,6.312458e-01,-2.231440e+00,-8.837752e-01,-5.646231e-03
3.780684e+00,1.033018e+01,1.688995e+00,-2.704071e+00,-8.823634e-01,6.596084e-02
1.279004e+01,1.419982e+01,-2.739680e+00,-3.458408e+00,-1.254388e+00,2.579918e-01
1.047377e+01,2.505764e+01,-4.320530e+00,-3.795612e+00,-1.296539e+00,4.014238e-01
-1.187008e+01,1.859334e+01,1.962414e+01,-4.990394e+00,-3.265921e+00,2.805012e-01
-1.354397e+01,2.619068e+01,2.149338e+01,-5.092250e+00,-5.505471e+00,-3.890303e-01
-2.633842e+00,7.530739e+00,1.927547e+01,-5.090685e+00,-3.755860e+00,-5.491840e-03
8.115475e+00,4.941734e+00,1.317627e+01,-3.200793e+00,-1.470825e+00,6.518329e-01
9.388815e+00,1.069836e+01,9.110568e+00,-7.138533e-01,2.047713e+00,7.287564e-01
3.673725e+00,3.530418e+00,1.149024e+01,2.215924e-01,1.733425e+00,1.542237e-01
3.881512e+00,3.723948e-01,7.733110e+00,3.091814e+00,6.056268e-01,-1.325555e+00
3.093815e+00,1.978395e-01,8.905036e+00,4.027909e+00,7.707632e-01,-1.379827e+00
2.502229e+00,6.476409e-02,9.442535e+00,5.462659e+00,1.135515e+00,-1.666823e+00
2.484631e+00,1.191041e+00,1.117834e+01,6.206930e+00,1.447571e+00,-1.687103e+00
3.683345e+00,2.949640e+00,1.517927e+01,7.265292e+00,1.905965e+00,-1.432339e+00
5.474839e+00,4.928642e+00,1.315991e+01,7.886562e+00,2.103309e+00,-1.336689e+00
7.090275e+00,1.383968e+01,9.423775e+00,8.997944e+00,2.141665e+00,-7.025579e-01
-5.145972e+00,-1.329706e+00,4.902333e+00,8.780535e+00,1.509937e+00,1.948280e-01
-4.144428e+00,-1.452597e+01,-5.068296e+00,7.463896e+00,1.885850e-01,-4.707830e-01
3.731051e-01,-1.219668e+01,-1.269665e+00,5.665937e+00,1.114670e+00,-8.300869e-01
4.243038e+00,6.690388e-01,1.397240e+01,4.028698e-02,2.483389e+00,5.937921e-01
1.024299e+01,3.361469e+01,-5.326943e-02,-3.050961e+00,1.854584e+00,4.929155e-01
-1.482496e+01,-3.107075e+00,1.166759e+01,-5.397342e+00,9.175671e-01,1.751980e-01
-1.979383e+01,-1.307848e+01,1.706786e+01,-2.233226e+00,7.254094e-01,1.217033e+00
5.115932e+00,9.127669e-01,1.694354e+01,-3.513310e+00,-1.658237e+00,-2.021295e+00
-1.699244e-01,2.293243e+01,1.502642e+01,-3.634273e+00,2.010506e+00,1.115812e+00
4.081002e-01,7.794536e+00,8.550052e+00,-3.115808e+00,1.429698e+00,-1.870208e-02
1.215888e+00,4.374527e+00,5.998039e+00,-2.079625e+00,6.506057e-01,-2.761919e-01
2.867123e+00,1.125425e+01,7.499077e+00,-1.185733e+00,6.307212e-01,1.114019e-01
4.182638e+00,1.250384e+01,5.964508e+00,-1.074484e+00,6.873448e-01,7.334296e-02
1.650640e-01,8.048591e+00,2.853503e+00,-8.886520e-01,2.714608e-01,-3.801738e-02
-1.413141e+00,8.412579e+00,2.386571e+00,-7.282858e-01,-3.855355e-01,-8.889675e-02
-1.082004e+00,9.838794e+00,1.460839e+00,-6.640960e-01,-8.566010e-01,-3.394462e-01
-1.195419e+00,7.759453e+00,3.962942e-02,-6.898060e-01,-6.998692e-01,-2.934089e-01
-4.056155e+00,5.661508e+00,6.629388e-01,-7.728077e-01,-7.840742e-01,-4.028276e-01
-3.322613e+00,5.514250e+00,2.639053e+00,-9.967106e-01,-9.889219e-01,-4.555954e-01
8.790616e-01,8.047950e+00,4.034248e+00,-1.374459e+00,-8.392104e-01,-4.814327e-01
4.147471e+00,9.273819e+00,1.163933e+00,-1.545261e+00,-3.986683e-01,-4.203285e-01
3.520602e+00,9.310154e+00,4.640773e-02,-1.866276e+00,-2.011357e-01,-1.333439e-01
1.505851e+00,9.922548e+00,1.758797e+00,-2.084927e+00,-4.683107e-01,-1.556080e-01
-6.524173e-01,1.046365e+01,4.552507e+00,-2.856758e+00,-1.225193e+00,-1.846939e-01
6.583310e+00,1.339413e+01,2.160034e+00,-3.251152e+00,-1.374258e+00,-5.203670e-02
1.148440e+01,2.353141e+01,-6.734784e+00,-3.605021e+00,-9.683074e-01,3.985896e-01
1.848423e+00,2.050106e+01,2.870115e+00,-3.935983e+00,-1.251560e+00,5.073680e-01
-9.753963e+00,2.042444e+01,1.966034e+01,-4.736319e+00,-3.986227e+00,1.710135e-01
-1.322246e+01,2.415388e+01,2.157856e+01,-4.758512e+00,-5.354624e+00,-3.803468e-01
1.872815e+00,-1.423356e-01,1.662275e+01,-3.782690e+00,-3.004984e+00,-2.729616e-01
8.810606e+00,1.007036e+01,7.985954e+00,-1.303398e+00,-6.234154e-01,2.625834e-01
4.174755e+00,7.820303e+00,1.164535e+01,-5.807963e-01,2.005498e+00,5.806067e-01
3.434321e+00,2.826491e+00,8.827292e+00,8.789423e-01,1.571503e+00,-5.703980e-02
2.749231e+00,-3.845399e-03,8.643078e+00,3.101914e+00,1.382490e+00,-5.222683e-01
2.752384e+00,2.362464e-01,8.688425e+00,4.112558e+00,1.529055e+00,-6.179405e-01
2.480574e+00,8.221523e-01,8.802009e+00,5.290138e+00,1.733255e+00,-9.500908e-01
3.228244e+00,2.079243e+00,1.036649e+01,5.969177e+00,1.795344e+00,-8.644863e-01
4.108488e+00,3.558282e+00,1.382179e+01,6.896555e+00,1.723900e+00,-8.811111e-01
5.443097e+00,5.496721e+00,1.301962e+01,7.565660e+00,1.488368e+00,-7.911003e-01
2.741407e+00,7.153933e+00,9.155455e+00,8.458070e+00,9.640025e-01,-5.166408e-01
-9.468835e+00,1.904794e+00,6.667392e+00,8.274519e+00,6.324198e-01,-4.016633e-01
-1.234932e+01,-1.377289e+01,6.970567e+00,6.362397e+00,-5.495788e-01,-6.430404e-01
8.812487e-03,-1.329246e+01,6.778433e+00,4.461276e+00,3.862678e-01,-6.150199e-01
7.955641e+00,1.123319e+01,1.214563e+01,-2.447111e-01,3.704982e+00,5.254541e-01
2.941066e+01,3.940499e+01,-1.231946e+01,-3.207754e+00,3.580776e+00,6.697657e-01
-1.924618e+01,-1.776623e+01,1.145017e+01,-3.774066e+00,2.010710e+00,7.085602e-01
-1.030315e+01,-9.539788e+00,1.728896e+01,-1.197277e-02,1.227992e+00,1.335914e+00
1.028713e+01,1.583724e+01,7.455777e+00,-3.911564e+00,7.124027e-01,-6.304897e-01
5.802662e+00,1.464820e+01,8.481215e+00,-3.530869e+00,3.002029e+00,1.294270e+00
-7.846978e+00,6.169111e+00,4.475958e+00,-1.875019e+00,-1.185540e-01,-7.397325e-01
-5.583106e+00,8.026735e+00,3.859808e+00,-1.580530e+00,-1.342988e+00,-7.853064e-01
1.015348e+00,1.221930e+01,4.027907e+00,-1.288096e+00,-7.660504e-01,-3.191873e-01
1.222354e+00,9.913276e+00,3.267326e+00,-1.320643e+00,1.936626e-01,-1.307456e-01
-1.734380e+00,9.112566e+00,4.295354e+00,-1.188890e+00,-8.372714e-03,-3.444444e-02
-9.145637e-01,9.815947e+00,3.378150e+00,-1.139417e+00,-2.533215e-01,-1.147509e-01
1.711324e+00,8.414983e+00,9.825478e-01,-1.048958e+00,-1.742166e-01,-1.813132e-01
6.287085e-01,7.245774e+00,6.870653e-01,-1.028240e+00,-1.572802e-01,-2.523557e-01
-1.888242e+00,6.960855e+00,4.240522e+00,-1.229853e+00,-9.382006e-01,-5.378343e-01
-1.298793e+00,8.318902e+00,3.770428e+00,-1.407884e+00,-1.235292e+00,-6.284130e-01
2.524461e+00,7.794923e+00,-3.485380e+00,-1.689401e+00,-1.100809e+00,-4.650436e-01
2.934875e+00,7.546793e+00,-1.406891e+00,-1.920069e+00,-8.156274e-01,-3.135849e-01
2.136540e+00,1.036067e+01,1.163510e+00,-2.684548e+00,-1.177146e+00,-2.357106e-01
5.955523e+00,1.088635e+01,1.226422e+00,-3.244704e+00,-1.515991e+00,-1.776294e-01
1.003569e+01,2.029181e+01,-5.362304e+00,-3.843964e+00,-1.699754e+00,6.088548e-02
-4.396508e-01,2.072743e+01,2.408723e+00,-4.201167e+00,-1.921860e+00,1.352522e-01
-1.080170e+01,2.530758e+01,1.824250e+01,-5.058954e+00,-4.427277e+00,-6.575926e-02
-1.266536e+01,2.304040e+01,1.937618e+01,-5.387821e+00,-4.807379e+00,-1.527914e-01
7.629850e+00,6.127674e+00,1.292384e+01,-3.865777e+00,-2.128839e+00,1.073455e-01
1.234251e+01,1.312396e+01,7.923579e+00,-1.995655e+00,2.811259e-02,2.781454e-01
3.727779e+00,5.613864e+00,1.204685e+01,-1.056195e+00,1.934310e+00,-1.104114e-01
3.670703e+00,2.067020e+00,7.750033e+00,8.986057e-01,1.048174e+00,-9.423590e-01
3.576393e+00,2.225079e-01,8.651750e+00,3.428433e+00,9.929385e-01,-1.611041e+00
4.077185e+00,4.971159e-01,7.341754e+00,4.348722e+00,1.248703e+00,-1.762077e+00
3.775855e+00,1.023003e+00,9.951183e+00,5.727905e+00,1.637302e+00,-1.742568e+00
3.450059e+00,6.569290e-01,1.158591e+01,6.416519e+00,1.704170e+00,-1.345672e+00
3.203756e+00,2.813605e+00,1.447270e+01,7.518533e+00,1.523446e+00,-1.033593e+00
4.367460e+00,6.357546e+00,1.357494e+01,8.123151e+00,1.360580e+00,-6.958543e-01
2.217376e+00,6.687997e+00,9.085799e+00,8.775441e+00,1.206355e+00,1.474067e-01
-1.084918e+01,-7.397202e+00,7.380845e+00,8.313886e+00,9.350487e-01,5.312740e-01
9.513174e-01,-1.481493e+01,2.309410e+00,5.717854e+00,1.045092e+00,1.805920e-01
3.467176e+00,-1.601916e+00,4.777015e+00,3.183159e+00,2.155997e+00,1.425895e-01
2.045422e+01,3.832125e+01,7.700176e+00,-2.584596e+00,2.778735e+00,9.588011e-01
-3.661672e+00,-1.135639e+01,1.471277e+01,-3.473332e+00,2.130725e+00,5.513024e-01
6.132325e+00,-6.744194e+00,1.577572e+01,-3.262057e+00,-8.877448e-01,-1.849794e+00
-1.154182e+00,1.807962e+01,1.836581e+01,-3.700019e+00,3.135094e-01,-6.754311e-01
-7.915818e+00,1.465605e+01,1.152801e+01,-3.412607e+00,-1.449876e-01,-1.666754e-01
-3.440975e+00,3.997064e+00,5.959772e+00,-2.117646e+00,-5.212837e-01,-3.663994e-01
7.393317e+00,1.095043e+01,5.552197e+00,-7.945291e-01,1.301241e+00,4.211827e-01
8.726553e+00,1.364689e+01,3.370055e+00,-6.881315e-01,1.948751e+00,5.442001e-01
2.433820e+00,8.775733e+00,1.719695e+00,-7.397545e-01,1.076282e+00,3.186241e-01
-1.289736e-01,9.310365e+00,2.379137e-01,-5.997113e-01,-3.882427e-01,-9.041719e-02
-5.676032e-01,8.247465e+00,-1.496747e+00,-7.243609e-01,-1.108838e+00,-3.748705e-01
-1.586807e+00,5.970845e+00,-1.989272e+00,-8.815321e-01,-1.129993e+00,-3.039175e-01
-3.832870e+00,5.709283e+00,8.492387e-01,-1.312315e+00,-1.451862e+00,-4.071353e-01
-2.246412e+00,8.688685e+00,3.985734e+00,-1.731240e+00,-1.746771e+00,-4.567478e-01
2.406595e+00,8.115426e+00,3.580851e+00,-2.138984e+00,-1.544891e+00,-3.579898e-01
3.422848e+00,7.618988e+00,2.276963e+00,-2.101667e+00,-1.248063e+00,-3.522217e-01
4.349009e+00,1.106515e+01,-2.982439e+00,-2.227197e+00,-1.037104e+00,-1.073194e-01
1.631768e+00,1.127744e+01,-7.156600e-01,-2.532851e+00,-1.175249e+00,6.767213e-02
2.544629e+00,1.299983e+01,1.079082e+00,-3.325288e+00,-1.742604e+00,1.475255e-01
1.012730e+01,1.637302e+01,-5.075811e+00,-3.747198e+00,-1.896019e+00,2.438845e-01
-3.773451e+00,2.076233e+01,6.638930e+00,-4.402086e+00,-1.390125e+00,8.497637e-01
-1.123397e+01,2.043362e+01,1.721875e+01,-5.031576e+00,-2.763263e+00,8.725859e-01
-1.291659e+01,1.907821e+01,2.220989e+01,-5.128705e+00,-4.632128e+00,4.251677e-01
-2.399514e+00,5.337532e+00,2.319138e+01,-4.781309e+00,-2.780965e+00,5.208260e-01
1.129386e+01,1.284143e+01,1.161786e+01,-1.302979e+00,1.746638e+00,1.581403e+00
6.446964e+00,6.662157e+00,1.251442e+01,-9.500565e-01,3.079884e+00,1.472103e+00
4.381446e+00,1.938305e+00,8.323429e+00,1.369323e+00,2.172019e+00,5.531507e-01
3.945873e+00,2.533144e-01,8.082358e+00,2.937180e+00,1.495325e+00,-6.360290e-02
2.989238e+00,6.246542e-01,8.207863e+00,4.751707e+00,1.276100e+00,-5.498666e-01
2.709347e+00,6.292411e-01,9.270692e+00,5.478011e+00,1.321703e+00,-1.033419e+00
3.470850e+00,1.006077e+00,1.154776e+01,6.556907e+00,1.346126e+00,-1.195453e+00
4.211345e+00,2.714466e+00,1.547544e+01,7.168789e+00,1.342063e+00,-1.252910e+00
4.602686e+00,7.824208e+00,1.322037e+01,8.153285e+00,1.175278e+00,-1.183056e+00
-4.163874e-01,6.381880e+00,1.232226e+01,8.638958e+00,9.069039e-01,-9.583084e-01
-1.481699e+01,-8.165288e+00,6.633725e+00,8.286966e+00,6.014617e-01,-6.458003e-01
-1.293121e+01,-1.271928e+01,1.129072e+01,7.094214e+00,3.223444e-01,-6.346291e-01
9.898534e+00,-1.127116e+01,1.006137e+01,3.130515e+00,2.611013e+00,3.431647e-02
1.648044e+01,3.430002e+01,-4.531015e+00,-3.609317e-01,4.082261e+00,6.296440e-01
-1.433594e+01,-9.825035e+00,1.581867e+01,-4.764220e+00,2.091452e+00,2.313280e-01
-1.865868e+01,-1.772029e+01,1.922207e+01,-3.512027e+00,1.343279e+00,1.049491e+00
6.932930e-01,1.006080e+01,1.888797e+01,-3.344773e+00,-2.081581e+00,-2.364072e+00
6.510826e+00,2.166897e+01,1.413048e+01,-4.328061e+00,1.805627e+00,1.219945e+00
-5.131815e-01,1.054632e+01,7.986340e+00,-2.108179e+00,1.606990e+00,2.636851e-01
1.381305e+00,4.180216e+00,4.584898e+00,-1.396000e+00,6.738064e-01,-2.900297e-03
4.660000e+00,1.466779e+01,4.357526e+00,-6.015089e-01,4.990007e-01,1.982015e-01
-8.321269e-02,1.384519e+01,3.238358e+00,-6.574077e-01,6.864850e-01,1.786789e-01
-5.583960e+00,8.487002e+00,-9.643554e-01,-3.712093e-01,-4.976176e-01,-1.679031e-02
-3.254679e+00,7.130935e+00,-2.668888e+00,-1.833575e-01,-8.045561e-01,-2.586021e-01
2.411731e+00,3.858044e+00,-4.549624e+00,-5.073534e-01,-5.599387e-02,-3.625825e-02
2.662286e-01,5.542192e+00,-1.364837e+00,-9.144872e-01,3.574593e-01,-7.097558e-02
-1.838090e+00,6.911831e+00,5.730398e+00,-1.826467e+00,-3.949810e-01,-2.441838e-01
1.853754e+00,8.807684e+00,5.721083e+00,-2.147968e+00,-8.629776e-01,-4.350742e-01
7.313707e+00,8.430589e+00,1.839590e+00,-2.297535e+00,-5.052283e-01,-3.715963e-01
4.226037e+00,9.043495e+00,-1.402330e+00,-2.344757e+00,-3.641326e-01,-2.557292e-01
4.844323e-01,1.155534e+01,6.599130e-01,-2.745784e+00,-1.274937e+00,-2.308847e-01
2.002311e+00,1.358441e+01,1.087750e+00,-3.208644e+00,-1.730998e+00,-1.479070e-01
6.911135e+00,2.056563e+01,-5.880000e+00,-3.821841e+00,-1.794397e+00,1.356112e-01
-4.267679e-01,1.879475e+01,4.333756e+00,-4.118965e+00,-1.571697e+00,5.482558e-01
-5.808501e+00,2.429201e+01,1.693087e+01,-4.838730e+00,-3.359647e+00,3.279910e-01
-1.017872e+01,2.232935e+01,2.105209e+01,-5.145806e+00,-4.107328e+00,-1.639383e-01
3.705379e+00,2.412737e+00,1.790362e+01,-4.035395e+00,-2.499136e+00,-3.575789e-01
9.387916e+00,1.119505e+01,9.413441e+00,-1.841648e+00,-7.459208e-01,-1.261221e-02
2.339059e+00,7.128924e+00,1.265564e+01,-1.124839e+00,1.428934e+00,2.888435e-03
2.406265e+00,4.185125e+00,8.824723e+00,5.060671e-01,9.808978e-01,-5.936834e-01
2.540830e+00,7.426796e-02,8.354229e+00,2.849811e+00,1.267926e+00,-1.105052e+00
2.605701e+00,3.072262e-01,8.211829e+00,3.912438e+00,1.656531e+00,-1.149709e+00
3.649776e+00,1.979697e+00,9.362903e+00,5.150528e+00,2.152051e+00,-1.280792e+00
4.778801e+00,2.139560e+00,1.073584e+01,5.833672e+00,2.346101e+00,-9.595512e-01
6.527648e+00,2.413257e+00,1.479091e+01,6.952365e+00,2.204252e+00,-6.624644e-01
7.668182e+00,3.196184e+00,1.192988e+01,7.661868e+00,1.862047e+00,-4.549325e-01
1.785785e+00,4.335315e+00,1.121638e+01,8.432622e+00,1.034025e+00,-6.142528e-02
-1.240534e+01,-7.250119e+00,9.238135e+00,8.086165e+00,1.298601e-01,1.207396e-01
-9.647814e+00,-1.613622e+01,1.116049e+01,5.927800e+00,-8.005148e-01,-3.272185e-01
-1.142676e+00,-1.216755e+01,1.516004e+01,3.733954e+00,5.291256e-01,-3.074943e-01
1.061898e+01,3.556419e+01,-8.560804e+00,-1.727013e+00,3.754177e+00,1.042433e+00
3.401345e+01,3.822536e+01,2.712022e+00,-4.478157e+00,3.750978e+00,1.201694e+00
-1.441053e+01,-2.412300e+01,1.641959e+01,-1.079941e+00,3.027485e+00,2.034890e+00
3.351198e+00,2.072338e+00,1.361728e+01,-5.220004e-01,-9.147933e-01,-1.604641e+00
4.502838e+00,1.751190e+01,1.193076e+01,-3.698256e+00,2.005806e+00,7.731527e-01
-7.218991e+00,1.339249e+01,9.461551e+00,-2.655991e+00,1.191711e+00,2.624065e-01
-2.470339e+00,7.216935e+00,5.402085e+00,-1.410786e+00,-1.238742e+00,-7.005818e-01
4.457942e+00,1.384981e+01,5.159638e+00,-1.087387e+00,-7.254302e-01,-1.453412e-01
6.213503e+00,1.193049e+01,2.175627e+00,-8.520095e-01,1.394530e+00,2.183121e-01
1.280579e-02,8.167788e+00,1.292564e+00,-7.220211e-01,1.112311e+00,2.067071e-01
-3.296530e+00,8.059597e+00,5.960421e-02,-5.482439e-01,-6.578598e-01,-4.082698e-01
-1.998500e+00,5.910624e+00,-1.183820e+00,-7.035372e-01,-1.069104e+00,-5.083970e-01
-1.496348e+00,6.423818e+00,8.301532e-01,-9.747827e-01,-8.336231e-01,-4.669444e-01
-8.289072e-01,8.046845e+00,3.779649e+00,-1.300117e+00,-7.916157e-01,-3.821717e-01
3.340043e+00,9.055808e+00,2.599412e+00,-1.668174e+00,-1.092512e+00,-5.370384e-01
3.085489e+00,7.996875e+00,-2.385925e+00,-1.715739e+00,-1.165842e+00,-5.861740e-01
-1.149801e+00,1.075412e+01,-1.720199e+00,-1.999218e+00,-1.531479e+00,-4.340965e-01
-1.105674e+00,1.201438e+01,8.011778e-01,-2.397794e+00,-1.819801e+00,-3.229066e-01
5.080092e+00,1.253003e+01,-2.030078e+00,-3.156056e+00,-1.546571e+00,8.905800e-02
7.463228e+00,1.385937e+01,-5.615142e+00,-3.352880e+00,-1.182765e+00,3.290942e-01
2.330044e+00,1.880924e+01,4.573637e+00,-3.698553e+00,-1.214214e+00,7.534720e-01
-5.024531e-01,2.112215e+01,1.181177e+01,-4.332291e+00,-1.989140e+00,6.718474e-01
-5.570856e+00,1.854728e+01,1.959034e+01,-4.746292e+00,-3.189235e+00,-4.622381e-02
-1.595012e+00,7.209504e+00,1.962576e+01,-4.512027e+00,-2.860076e+00,-4.269441e-01
4.168500e+00,1.238028e+01,1.083906e+01,-1.938861e+00,-1.330007e+00,-3.636270e-01
2.626715e+00,9.391068e+00,1.246893e+01,-1.894511e+00,1.906057e-01,-1.437278e-01
3.490854e+00,5.826453e+00,9.430805e+00,-2.112315e-01,8.271707e-01,-2.918638e-01
4.282222e+00,2.970173e+00,9.487912e+00,1.222651e+00,1.145133e+00,-6.078853e-01
3.834364e+00,2.289178e+00,7.692141e+00,3.254867e+00,1.689513e+00,-1.256065e+00
2.534429e+00,2.117939e+00,8.747521e+00,4.192528e+00,1.782548e+00,-1.382081e+00
2.390000e+00,2.875352e+00,9.924539e+00,5.272302e+00,1.438401e+00,-1.181595e+00
3.063192e+00,3.201513e+00,1.273212e+01,5.883235e+00,1.416667e+00,-1.025177e+00
3.447532e+00,2.995282e+00,1.395641e+01,7.001444e+00,1.426867e+00,-7.099604e-01
1.821475e+00,4.024422e-01,1.202213e+01,7.577252e+00,1.408170e+00,-4.344798e-01
-7.870330e+00,-1.619191e+00,1.288512e+01,7.787847e+00,1.152980e+00,-2.682158e-02
-7.233284e+00,-7.621991e+00,1.204915e+01,7.045397e+00,5.852211e-01,1.289618e-01
4.912617e-01,-1.164249e+01,9.591837e+00,3.931062e+00,1.222859e+00,2.263431e-01
1.635099e+01,3.178960e+01,-3.869755e+00,1.072058e+00,2.236119e+00,5.262567e-01
3.462110e+00,1.737301e+01,1.335024e+01,-2.950912e+00,2.288515e+00,3.481899e-01
7.246135e-02,-8.778565e+00,1.130268e+01,-3.150948e+00,2.598589e+00,1.636508e+00
3.622348e+00,9.720173e+00,1.341267e+01,-2.378368e+00,5.824051e-01,-8.399530e-01
2.629096e+00,2.263802e+01,1.108395e+01,-2.528326e+00,1.264984e+00,-7.810890e-02
-3.389978e+00,7.563602e+00,7.825917e+00,-2.098057e+00,4.325220e-01,1.224344e-01
3.973054e-01,7.521571e+00,4.562275e+00,-1.265083e+00,-3.213551e-02,-2.851158e-01
5.610916e+00,1.322341e+01,3.279297e+00,-6.220482e-01,6.929818e-01,2.327588e-01
3.438251e+00,1.082800e+01,8.082505e-01,-5.661073e-01,1.318507e+00,3.410729e-01
1.073576e+00,9.164864e+00,6.943245e-01,-5.667553e-01,3.214934e-01,1.479550e-01
7.744941e-01,1.063919e+01,8.315639e-01,-4.843310e-01,-4.766363e-01,-1.937687e-01
-1.359514e+00,8.259263e+00,3.182938e-01,-7.180127e-01,-7.337880e-01,-3.611263e-01
-3.386005e+00,7.131946e+00,1.837541e+00,-8.113091e-01,-9.032520e-01,-3.870315e-01
-2.543711e+00,7.829565e+00,3.606579e+00,-1.171131e+00,-1.029430e+00,-4.485267e-01
5.861502e-01,8.142852e+00,4.591445e+00,-1.361466e+00,-1.003382e+00,-4.348984e-01
4.126528e+00,9.087840e+00,1.189403e+00,-1.485614e+00,-5.430441e-01,-3.206441e-01
3.574625e+00,8.475776e+00,-8.307500e-01,-1.510692e+00,-4.463432e-01,-2.361459e-01
1.579182e+00,1.145733e+01,-4.556590e+00,-1.769946e+00,-5.008211e-01,-4.996151e-03
-4.054765e-01,1.068905e+01,-5.331012e-01,-2.250824e+00,-8.659676e-01,6.043850e-02
1.123682e+01,1.275346e+01,-8.059842e-01,-3.167668e+00,-1.364189e+00,9.292834e-02
1.757407e+01,1.211379e+01,-6.022542e+00,-3.568853e+00,-1.367712e+00,2.618602e-01
-2.496768e+00,1.423930e+01,7.496814e+00,-4.071881e+00,-1.345745e+00,4.905158e-01
-1.038752e+01,2.738218e+01,1.695752e+01,-4.636205e+00,-3.349483e+00,2.839520e-02
-2.098286e+01,1.932525e+01,1.985365e+01,-5.265376e+00,-5.865507e+00,-3.702244e-01
-3.585492e+00,1.895775e+00,2.198272e+01,-5.025085e+00,-4.354653e+00,-1.161538e-01
1.002414e+01,1.168624e+01,1.312050e+01,-1.464496e+00,4.483826e-01,1.505092e+00
9.651190e+00,8.886834e+00,1.140233e+01,-1.639373e+00,3.246485e+00,1.467421e+00
5.527703e+00,2.521446e+00,6.600439e+00,2.727609e-01,2.636099e+00,8.551592e-01
3.914601e+00,6.252611e-01,7.002728e+00,1.915359e+00,1.851597e+00,2.513722e-01
2.435208e+00,-7.124530e-02,8.968992e+00,3.553841e+00,9.065789e-01,-4.407448e-01
2.824790e+00,2.379159e+00,8.691864e+00,4.348099e+00,9.315960e-01,-1.052654e+00
3.155959e+00,1.901974e+00,1.041196e+01,5.431331e+00,1.256290e+00,-1.333855e+00
3.680831e+00,1.599294e+00,1.262254e+01,6.099493e+00,1.313153e+00,-1.303344e+00
3.580250e+00,2.809925e+00,1.371082e+01,7.201841e+00,1.328398e+00,-1.378543e+00
3.714081e+00,3.885340e+00,1.433894e+01,7.966212e+00,1.230635e+00,-1.250662e+00
-8.208056e-01,6.160295e+00,1.052278e+01,8.565366e+00,8.840639e-01,-9.100324e-01
-1.561028e+01,-1.102515e+01,7.789419e+00,7.749190e+00,3.675182e-01,-3.579189e-01
-3.213727e+00,-1.634807e+01,9.450786e+00,4.421838e+00,5.582687e-01,-6.223309e-02
1.000438e+01,6.192659e+00,8.992571e+00,1.766281e+00,2.241131e+00,5.916456e-01
1.552947e+01,3.162319e+01,3.935586e+00,-3.519208e+00,4.076575e+00,8.784515e-01
-1.313371e+01,-1.169182e+01,1.557629e+01,-4.384760e+00,3.174153e+00,9.441230e-01
1.154121e+00,-8.064222e+00,1.360999e+01,-2.218938e+00,-2.158358e+00,-2.496827e+00
-2.605665e+00,1.914587e+01,1.395507e+01,-3.303958e+00,-6.572797e-01,-1.289652e+00
-3.658888e+00,1.772481e+01,1.161815e+01,-2.541075e+00,5.882775e-01,4.768953e-02
1.821518e-01,5.078413e+00,6.350481e+00,-1.601155e+00,6.682031e-01,-7.774639e-02
8.227994e+00,1.069500e+01,5.520928e+00,-8.535615e-01,1.380608e+00,3.911998e-01
8.042915e+00,1.344075e+01,3.933214e+00,-7.301852e-01,1.570298e+00,2.141975e-01
1.185273e+00,9.091946e+00,2.865992e+00,-8.847135e-01,4.688805e-01,2.484262e-02
-4.208505e+00,9.792471e+00,2.413764e+00,-6.693042e-01,-1.378911e+00,-5.870593e-01
-4.132693e+00,9.603186e+00,-6.927524e-02,-6.849506e-01,-1.722109e+00,-6.828753e-01
-3.189229e+00,7.492053e+00,-9.978066e-01,-7.075815e-01,-1.220290e+00,-4.440106e-01
-1.933578e+00,6.795627e+00,7.503059e-01,-9.625888e-01,-6.039519e-01,-2.905760e-01
-2.703565e-01,7.548847e+00,3.512593e+00,-1.297143e+00,-6.468399e-01,-3.206542e-01
4.325167e+00,9.262557e+00,3.369274e+00,-1.522296e+00,-8.855318e-01,-4.470729e-01
4.020448e+00,8.106466e+00,-2.163472e+00,-1.619635e+00,-1.055156e+00,-4.828604e-01
-7.214437e-01,1.044388e+01,-3.343851e+00,-2.010398e+00,-1.627633e+00,-3.759257e-01
-2.718170e+00,1.243190e+01,5.071242e-01,-2.610254e+00,-1.915848e+00,-2.257550e-01
6.238232e+00,1.276095e+01,2.781413e-02,-3.460643e+00,-1.517165e+00,9.787310e-02
1.316944e+01,1.483409e+01,-4.544930e+00,-3.737408e+00,-9.357528e-01,4.694653e-01
4.187192e+00,1.714819e+01,2.912538e-01,-4.092366e+00,-1.141952e+00,5.742560e-01
-6.049569e+00,2.152902e+01,1.484755e+01,-4.673552e+00,-3.193968e+00,2.718938e-01
-1.426208e+01,2.771993e+01,2.093101e+01,-5.197632e+00,-4.705272e+00,-2.564434e-01
-7.893369e+00,7.789919e+00,2.263412e+01,-4.592949e+00,-3.397503e+00,-1.793849e-01
9.003730e+00,8.934295e+00,1.071190e+01,-1.193177e+00,-1.555274e-01,5.747219e-01
7.096416e+00,1.032125e+01,1.164356e+01,-1.476071e+00,1.845656e+00,4.882024e-01
3.369178e+00,4.187977e+00,9.293675e+00,9.009435e-01,1.175091e+00,-3.729522e-01
3.472538e+00,1.311210e+00,8.164406e+00,2.273431e+00,9.211272e-01,-8.089558e-01
3.513286e+00,-2.096163e-01,8.263628e+00,4.301949e+00,1.251314e+00,-1.438695e+00
3.309690e+00,5.815929e-01,8.452876e+00,5.024234e+00,1.552009e+00,-1.817697e+00
3.064607e+00,1.354621e+00,1.011379e+01,6.107174e+00,1.565131e+00,-1.674719e+00
3.281229e+00,1.175244e+00,1.459524e+01,6.896107e+00,1.514373e+00,-1.557945e+00
5.672023e+00,3.774679e+00,1.349486e+01,7.992488e+00,1.418329e+00,-1.298232e+00
5.617634e+00,5.969468e+00,1.373588e+01,8.490600e+00,1.331225e+00,-9.587439e-01
-7.785135e+00,1.508445e+00,7.330218e+00,8.202065e+00,6.697792e-01,-2.099835e-01
-1.660527e+01,-1.079698e+01,6.602061e+00,6.816840e+00,-2.994946e-02,-2.906493e-01
1.446640e+00,-1.402569e+01,8.850373e+00,2.948124e+00,2.040388e+00,-1.096455e-01
8.511183e+00,5.378635e+00,1.224266e+01,3.539315e-01,3.957372e+00,6.600308e-01
2.408371e+01,3.898240e+01,-6.919064e+00,-4.524728e+00,3.545340e+00,1.061968e+00
-1.114304e+01,-8.462873e+00,1.084222e+01,-3.331458e+00,2.490509e+00,1.298315e+00
-1.069409e+00,-2.899683e+00,1.354030e+01,-1.190906e+00,-2.080806e+00,-2.899889e+00
3.109306e+00,1.508471e+01,1.144430e+01,-3.426267e+00,1.289529e-01,-9.789058e-01
1.693949e+00,1.606813e+01,9.478499e+00,-2.786172e+00,1.504356e+00,4.984563e-01
-3.684833e+00,6.616503e+00,4.965713e+00,-1.942047e+00,3.421338e-01,-6.382866e-01
2.235873e+00,1.057441e+01,4.410668e+00,-1.188275e+00,8.684788e-02,6.894833e-02
5.214960e+00,1.268499e+01,3.705024e+00,-1.072467e+00,8.455685e-01,1.395599e-01
2.968308e+00,8.407387e+00,2.818214e+00,-1.167800e+00,7.034609e-01,1.129735e-01
5.677276e-02,9.123913e+00,2.524823e+00,-1.096468e+00,-2.061857e-01,-2.005313e-01
-7.139369e-01,1.025936e+01,1.777981e+00,-1.223114e+00,-9.079227e-01,-3.334914e-01
-1.785560e-01,8.576589e+00,7.049460e-01,-1.285333e+00,-9.095192e-01,-3.264629e-01
-1.167504e+00,7.816163e+00,2.336403e+00,-1.403797e+00,-9.956134e-01,-3.646541e-01
-1.521706e+00,7.593355e+00,5.528425e+00,-1.572858e+00,-1.252524e+00,-4.286968e-01
2.480016e+00,9.602768e+00,2.707182e+00,-1.606028e+00,-1.230194e+00,-3.875832e-01
2.353933e+00,8.697318e+00,-1.624857e+00,-1.617608e+00,-1.028900e+00,-2.934837e-01
1.702780e-01,9.655551e+00,-4.524731e+00,-1.898497e+00,-1.148764e+00,-6.503832e-02
-7.826700e-01,1.103035e+01,-7.609441e-01,-2.492515e+00,-1.433501e+00,-2.050314e-02
6.160597e+00,1.181409e+01,-1.478128e+00,-3.368500e+00,-1.550052e+00,1.149705e-01
9.813671e+00,1.469138e+01,-6.323477e+00,-3.704906e+00,-1.370048e+00,3.693898e-01
-7.701173e-01,1.935136e+01,7.978278e+00,-4.303690e+00,-1.779409e+00,5.399363e-01
-5.382716e+00,2.528971e+01,1.532167e+01,-4.811003e+00,-3.961845e+00,3.608113e-01
-8.553754e+00,2.208094e+01,1.989060e+01,-4.748655e+00,-3.430571e+00,-2.142078e-01
2.341901e+00,4.195678e+00,1.650602e+01,-3.469515e+00,-2.413534e+00,-1.933738e-01
6.395198e+00,1.200453e+01,1.142547e+01,-1.526360e+00,6.280570e-01,1.822222e-01
3.610249e+00,8.264293e+00,1.246048e+01,-1.339091e+00,1.534181e+00,1.469105e-01
3.078467e+00,3.924619e+00,8.395722e+00,1.368039e+00,1.304384e+00,-5.882655e-01
3.744689e+00,1.087747e+00,8.415612e+00,2.710620e+00,1.532257e+00,-9.269680e-01
3.640963e+00,1.479334e+00,8.401617e+00,4.124071e+00,1.962006e+00,-1.398428e+00
3.660905e+00,2.270905e+00,9.033986e+00,5.002229e+00,1.998364e+00,-1.379208e+00
3.861230e+00,9.975406e-01,1.130059e+01,6.319508e+00,1.692485e+00,-9.993671e-01
4.347698e+00,1.395773e+00,1.393305e+01,6.962012e+00,1.480348e+00,-9.067230e-01
6.204829e+00,3.364675e+00,1.352991e+01,7.987127e+00,9.935709e-01,-5.985210e-01
5.113776e-01,3.595008e+00,1.106447e+01,8.378383e+00,6.891915e-01,-3.709847e-01
-1.211256e+01,-5.439782e-02,1.122384e+01,7.789558e+00,-1.613395e-01,-3.665347e-01
-1.270495e+01,-1.478153e+01,8.839175e+00,5.455088e+00,-3.217005e-01,-4.233639e-01
5.034397e+00,4.538502e+00,7.280317e+00,9.316197e-01,2.649226e+00,4.067966e-01
2.536710e+01,3.712182e+01,-7.191273e+00,-2.183753e+00,3.929659e+00,8.715651e-01
1.571545e+00,-2.399009e+00,9.561880e+00,-3.622912e+00,4.104491e+00,2.113762e+00
9.163828e-01,-1.024114e+01,1.298930e+01,-1.940518e+00,6.428309e-01,-1.964999e-01
4.122792e+00,1.738478e+01,1.351308e+01,-3.025401e+00,4.714302e-01,-4.743276e-01
-1.209601e+00,2.015084e+01,1.129942e+01,-3.327107e+00,4.206712e-01,1.946136e-01
-6.920364e+00,6.139773e+00,8.419094e+00,-1.862527e+00,-8.474126e-01,-6.540899e-01
-2.045022e+00,7.583864e+00,6.001028e+00,-1.144292e+00,-2.796880e-01,-2.356723e-01
6.557717e+00,1.327228e+01,4.393969e+00,-7.640452e-01,1.361681e+00,3.782926e-01
4.803431e+00,9.296740e+00,2.134203e+00,-6.687941e-01,1.550473e+00,3.144839e-01
6.429612e-01,1.025164e+01,2.267012e+00,-4.968871e-01,1.792970e-01,6.955086e-03
-7.175733e-01,1.066178e+01,1.629184e+00,-5.448126e-01,-7.264853e-01,-3.055992e-01
-1.919066e+00,8.385586e+00,-1.640161e-01,-6.160325e-01,-1.025854e+00,-4.117644e-01
-2.568478e+00,6.782970e+00,1.409963e-01,-7.953602e-01,-9.977921e-01,-3.443014e-01
-7.609843e-01,7.371283e+00,2.732502e+00,-1.113584e+00,-9.633566e-01,-3.488318e-01
3.150968e+00,8.114783e+00,4.395136e+00,-1.384930e+00,-8.681166e-01,-2.868214e-01
2.870102e+00,9.526549e+00,1.000187e+00,-1.517551e+00,-8.270912e-01,-2.626327e-01
4.271105e-01,7.956888e+00,-4.443558e+00,-1.659121e+00,-1.079737e+00,-2.545752e-01
-5.158922e-01,1.003575e+01,-7.278493e-01,-2.217809e+00,-1.636537e+00,-1.696009e-01
9.969441e-02,1.127206e+01,1.492051e+00,-2.742063e+00,-1.666291e+00,-1.276271e-01
7.038435e+00,1.141236e+01,1.776582e+00,-3.557213e+00,-1.473237e+00,1.649408e-01
1.381396e+01,1.562593e+01,-6.190537e+00,-3.806404e+00,-1.149769e+00,4.495775e-01
-8.127732e-01,1.686406e+01,7.925678e+00,-4.380476e+00,-2.213499e+00,3.582073e-01
-1.246953e+01,2.776003e+01,1.843713e+01,-4.722808e+00,-4.738504e+00,2.870185e-02
-1.810042e+01,2.226907e+01,2.012126e+01,-5.114937e+00,-5.141520e+00,-2.716057e-01
-2.707580e+00,2.935838e+00,1.928053e+01,-3.707845e+00,-3.037686e+00,2.612121e-01
9.898848e+00,1.257404e+01,1.202331e+01,-1.436549e+00,2.130692e+00,1.265771e+00
8.220587e+00,8.666401e+00,1.134591e+01,-1.384172e+00,2.893631e+00,9.401014e-01
5.348721e+00,4.085548e+00,7.743090e+00,1.202368e+00,1.922623e+00,1.234155e-01
3.825321e+00,5.883483e-01,7.362752e+00,2.622629e+00,1.282207e+00,-4.694534e-01
3.061522e+00,8.208286e-01,9.053356e+00,3.927899e+00,1.118725e+00,-1.157564e+00
3.196018e+00,1.970000e+00,9.103995e+00,4.730534e+00,1.335862e+00,-1.557155e+00
2.730958e+00,1.294228e+00,1.129070e+01,6.049809e+00,1.548660e+00,-1.513896e+00
3.580122e+00,1.006748e+00,1.536965e+01,6.860134e+00,1.514264e+00,-1.454237e+00
5.791739e+00,2.729565e+00,1.478681e+01,7.893938e+00,1.540890e+00,-1.234686e+00
4.384464e+00,3.411942e+00,1.472967e+01,8.617249e+00,1.443453e+00,-8.372175e-01
-1.394389e+01,-4.174276e+00,1.065616e+01,8.175082e+00,5.907771e-01,-1.627219e-01
-1.718611e+01,-1.553042e+01,1.189958e+01,6.672478e+00,4.058657e-01,-5.703342e-02
1.639209e+00,-1.114550e+01,1.288648e+01,2.196584e+00,3.163941e+00,2.881091e-01
3.279236e+01,3.898256e+01,-8.167501e+00,-1.827616e+00,5.573979e+00,1.440286e+00
-2.151808e+00,-1.016560e+01,1.454991e+01,-4.105673e+00,5.414137e+00,2.398621e+00
-7.550703e-01,-2.189282e+01,1.757886e+01,-2.769947e+00,1.752604e+00,9.488149e-01
5.841810e+00,1.282192e+01,1.742960e+01,-3.173246e+00,3.100722e-01,-1.589786e+00
-2.870255e+00,2.465194e+01,1.319362e+01,-3.670807e+00,4.148514e-01,2.192954e-01
-9.207665e+00,6.447587e+00,8.699912e+00,-1.846128e+00,-1.279826e+00,-7.816321e-01
-4.753876e-01,6.090412e+00,6.696063e+00,-9.689798e-01,-6.160521e-01,-6.223996e-01
8.600367e+00,1.425575e+01,5.271726e+00,-5.243852e-01,2.014196e+00,5.029628e-01
9.359243e+00,1.187863e+01,2.144313e+00,-5.321227e-01,2.163119e+00,3.262604e-01
2.170499e+00,9.199858e+00,1.640793e+00,-2.813783e-01,4.854180e-01,6.474261e-02
-1.561417e+00,1.041420e+01,4.228610e-01,-2.682160e-01,-7.190847e-01,-4.499438e-01
-4.627528e+00,7.974075e+00,-6.974778e-01,-5.741498e-01,-1.583122e+00,-7.160611e-01
-5.500212e+00,5.750426e+00,7.744704e-01,-7.927902e-01,-1.633736e+00,-7.217884e-01
-1.927949e-01,7.352141e+00,3.518892e+00,-1.166043e+00,-1.219051e+00,-5.921958e-01
4.178247e+00,7.914813e+00,2.258245e+00,-1.372901e+00,-6.726822e-01,-3.877413e-01
4.942214e+00,7.502571e+00,-4.125215e+00,-1.637905e+00,-4.736719e-01,-3.270221e-01
7.620731e-01,1.091454e+01,-7.021110e-01,-2.027446e+00,-1.045850e+00,-3.354175e-01
-5.776236e-01,1.167582e+01,7.948573e-01,-2.828750e+00,-1.770168e+00,-3.550367e-01
6.572718e+00,1.139425e+01,-9.343410e-01,-3.201674e+00,-1.694525e+00,-2.103395e-01
1.755059e+01,1.318551e+01,-5.817127e+00,-3.594456e+00,-9.886319e-01,3.752364e-01
7.078108e+00,1.361021e+01,2.286706e-01,-3.998001e+00,-1.348193e+00,2.516269e-01
-9.726889e+00,2.774403e+01,1.789509e+01,-4.852531e+00,-4.923328e+00,-4.858778e-01
-2.093244e+01,2.695542e+01,2.036402e+01,-5.238857e+00,-5.935178e+00,-5.788889e-01
-4.012335e+00,3.083578e+00,2.058026e+01,-3.394518e+00,-3.490939e+00,3.297702e-01
8.595463e+00,1.101959e+01,1.270117e+01,-1.495459e+00,-4.458688e-01,1.283764e+00
7.977419e+00,8.936527e+00,1.341052e+01,-1.341943e+00,3.160081e+00,1.024022e+00
5.440044e+00,4.882556e+00,9.848499e+00,3.837104e-01,2.624081e+00,8.256666e-01
4.222672e+00,3.164727e-01,7.632838e+00,3.026726e+00,1.604449e+00,-6.139695e-02
3.955699e+00,-9.028176e-01,9.377940e+00,4.338649e+00,1.375142e+00,-7.254903e-01
4.551831e+00,1.179154e+00,8.955348e+00,5.540587e+00,1.424055e+00,-1.376998e+00
4.794615e+00,1.024328e+00,1.000779e+01,6.148504e+00,1.355260e+00,-1.342387e+00
4.107279e+00,5.390831e-01,1.485637e+01,7.267422e+00,9.325889e-01,-1.428830e+00
3.914089e+00,2.359694e+00,1.401848e+01,8.011757e+00,6.099337e-01,-1.544388e+00
1.481859e+00,5.256982e+00,1.375063e+01,8.552785e+00,5.300641e-01,-1.491047e+00
-8.975791e+00,2.913797e+00,9.923698e+00,8.307543e+00,3.451991e-01,-1.210364e+00
-1.311683e+01,-1.466387e+01,7.407021e+00,5.982276e+00,1.295648e-01,-5.449149e-01
-8.742044e-01,-1.412869e+01,1.075495e+01,3.556273e+00,1.722353e+00,-1.118796e-01
1.205787e+01,1.387332e+01,1.081969e+01,-1.154842e+00,4.649173e+00,1.009199e+00
2.812280e+01,3.843113e+01,-9.100018e+00,-4.210558e+00,4.258346e+00,1.260687e+00
-1.711343e+01,-1.351415e+01,1.312632e+01,-1.527277e+00,2.115192e+00,1.498950e+00
-1.222508e+00,-5.293269e+00,1.075050e+01,-6.093843e-01,-2.029129e+00,-1.803468e+00
3.504129e+00,1.503552e+01,1.162900e+01,-3.329284e+00,7.036688e-01,1.873020e-03
-1.126544e+00,1.660984e+01,9.969232e+00,-2.945350e+00,1.512584e+00,7.966039e-01
-3.527544e+00,6.196516e+00,4.081739e+00,-1.788002e+00,-3.466463e-01,-5.088790e-01
-1.618133e+00,7.744173e+00,3.986741e+00,-1.401909e+00,-5.111052e-01,-9.588694e-02
3.700151e+00,1.266023e+01,3.708994e+00,-1.151916e+00,4.071724e-01,6.328340e-02
2.483061e+00,9.377339e+00,2.630085e+00,-1.186710e+00,8.057821e-01,2.159131e-01
-1.007863e+00,8.563890e+00,2.081619e+00,-1.055273e+00,-2.288203e-01,-9.695939e-02
-1.552109e+00,9.391123e+00,1.747314e+00,-1.028590e+00,-6.749472e-01,-2.735140e-01
-8.049380e-01,7.578106e+00,1.556370e-01,-1.154489e+00,-7.944532e-01,-2.880089e-01
-1.281144e+00,7.382573e+00,7.204610e-01,-1.285968e+00,-7.212120e-01,-3.211155e-01
-5.282116e-01,8.140000e+00,4.859418e+00,-1.641213e+00,-8.989564e-01,-3.800274e-01
3.375211e+00,8.578660e+00,4.633114e+00,-1.715174e+00,-9.309453e-01,-3.952736e-01
3.361240e+00,7.970876e+00,-2.959782e+00,-1.787523e+00,-7.863417e-01,-3.530524e-01
1.103215e+00,9.109291e+00,-3.081475e+00,-2.073519e+00,-1.130197e+00,-2.138529e-01
-2.721660e+00,1.207583e+01,1.540246e+00,-2.880326e+00,-1.736961e+00,-1.446157e-01
1.381005e+00,1.259035e+01,1.790262e+00,-3.392393e+00,-1.794157e+00,-1.308108e-02
1.026838e+01,1.761928e+01,-7.713730e+00,-3.888971e+00,-1.297957e+00,4.112449e-01
4.647523e+00,1.996672e+01,4.431757e+00,-4.190220e+00,-1.111480e+00,6.443698e-01
-8.153062e+00,2.352376e+01,1.819259e+01,-4.878136e+00,-4.192249e+00,5.147182e-01
-1.082728e+01,2.791307e+01,2.082035e+01,-5.082775e+00,-4.487716e+00,-1.591743e-01
2.602035e+00,1.091357e+00,1.803527e+01,-3.316628e+00,-2.325604e+00,-4.312905e-01
7.345980e+00,1.009783e+01,1.074034e+01,-1.560401e+00,-3.773246e-01,-1.106520e-02
3.102985e+00,9.549973e+00,1.380157e+01,-1.211344e+00,1.587434e+00,-1.366722e-01
3.566010e+00,4.906965e+00,9.811645e+00,5.328558e-01,1.258830e+00,-7.747654e-01
5.085238e+00,4.388857e-02,8.744594e+00,3.089909e+00,1.770526e+00,-1.204599e+00
5.385893e+00,-1.184921e+00,7.632062e+00,4.366297e+00,2.180766e+00,-1.508670e+00
4.693163e+00,1.447525e+00,9.015701e+00,5.559938e+00,2.298320e+00,-1.449182e+00
3.531053e+00,9.072669e-01,1.102311e+01,6.014872e+00,2.019860e+00,-1.112821e+00
2.627148e+00,1.263074e+00,1.462111e+01,7.233097e+00,1.339787e+00,-8.395416e-01
5.075363e+00,2.499096e+00,1.323993e+01,8.111344e+00,1.039754e+00,-4.863933e-01
2.604292e+00,4.533675e+00,8.315739e+00,8.818033e+00,1.146258e+00,2.419911e-01
-6.487777e+00,2.767508e+00,8.523568e+00,8.502267e+00,8.882608e-01,4.390674e-01
-1.169528e+01,-1.419900e+01,8.873661e+00,5.697901e+00,3.287024e-01,3.022923e-02
1.459466e+00,-8.804273e+00,9.969695e+00,2.632964e+00,1.591893e+00,-5.213445e-02
1.755843e+01,3.840371e+01,-8.201013e+00,-2.269424e+00,3.197950e+00,7.324789e-01
4.642947e+00,1.394872e+01,5.031612e+00,-4.114665e+00,2.912313e+00,7.336011e-01
-9.791387e-01,-1.410903e+01,1.286153e+01,-1.456702e+00,5.218246e-01,3.117406e-01
2.356364e+00,3.232984e+00,1.386099e+01,-3.056826e+00,-6.502812e-01,-2.038183e+00
-4.535577e+00,2.450808e+01,1.402133e+01,-3.457865e+00,7.610209e-01,3.951684e-01
-3.624170e+00,1.005370e+01,8.701766e+00,-2.998601e+00,-2.131487e-01,-6.346550e-01
-3.486094e+00,4.002438e+00,5.887160e+00,-1.477495e+00,2.674321e-02,3.831545e-03
4.689646e+00,1.251809e+01,6.430489e+00,-1.031073e+00,1.158234e+00,4.101176e-01
7.729414e+00,9.970338e+00,2.543427e+00,-9.458780e-01,2.433543e+00,5.588064e-01
3.004656e+00,7.403390e+00,2.054152e+00,-8.449185e-01,1.707249e+00,4.611902e-01
-1.263145e-01,9.696171e+00,1.351897e+00,-7.036653e-01,-4.647347e-01,-3.717755e-01
-1.093112e+00,1.024153e+01,-1.448713e-01,-8.537723e-01,-9.951337e-01,-5.112519e-01
-2.382718e+00,6.822750e+00,-3.018260e-01,-1.173036e+00,-1.112760e+00,-4.644444e-01
-1.297241e+00,7.709163e+00,2.870247e+00,-1.347888e+00,-1.143249e+00,-5.234492e-01
3.308058e+00,8.859442e+00,5.348204e+00,-1.691434e+00,-1.043263e+00,-4.736709e-01
4.399599e+00,8.019737e+00,3.522227e+00,-1.754670e+00,-1.085832e+00,-4.713367e-01
1.420121e+00,7.567573e+00,-1.971513e+00,-1.863016e+00,-1.413755e+00,-4.607143e-01
-8.792376e-01,1.145475e+01,-3.204947e+00,-2.152146e+00,-1.810643e+00,-3.187787e-01
-4.651411e-01,1.103095e+01,6.338423e-01,-3.012907e+00,-1.942423e+00,-5.854783e-02
8.027621e+00,1.210074e+01,7.138808e-01,-3.521854e+00,-1.688202e+00,6.004777e-02
1.455387e+01,2.325356e+01,-5.823743e+00,-4.096579e+00,-1.142619e+00,4.613196e-01
-2.326943e+00,2.045400e+01,1.117522e+01,-4.642485e+00,-2.071870e+00,3.464142e-01
-2.396490e+01,2.983483e+01,2.299943e+01,-5.108059e+00,-6.408679e+00,-1.325013e-01
-1.149750e+01,1.341488e+01,2.035138e+01,-5.282618e+00,-5.719616e+00,-2.755173e-01
9.041749e+00,1.949437e+00,1.709677e+01,-2.494552e+00,-5.845068e-01,1.195627e+00
1.497595e+01,1.254046e+01,9.595781e+00,-6.388534e-01,3.089156e+00,1.433593e+00
7.412542e+00,5.961458e+00,1.060296e+01,-6.794619e-02,2.735143e+00,6.974492e-01
4.496774e+00,1.294377e+00,7.309346e+00,1.507365e+00,1.599930e+00,-7.666999e-02
2.066351e+00,-1.145734e+00,7.530617e+00,3.586064e+00,4.406350e-01,-9.644700e-01
1.864182e+00,4.254051e-01,8.759161e+00,4.549306e+00,4.258907e-01,-1.467899e+00
1.829192e+00,8.514180e-01,9.262459e+00,5.542804e+00,1.046645e+00,-1.933794e+00
2.411863e+00,1.107599e+00,1.118066e+01,6.364683e+00,1.424324e+00,-1.811463e+00
3.815523e+00,2.025872e+00,1.442966e+01,7.395870e+00,1.812848e+00,-1.590393e+00
5.959802e+00,3.978808e+00,1.295876e+01,7.938833e+00,1.845661e+00,-1.420494e+00
4.974714e+00,9.552984e+00,1.198626e+01,8.676398e+00,1.549725e+00,-6.403015e-01
-1.259140e+01,-3.553917e+00,5.968703e+00,8.154863e+00,3.571900e-01,-1.741874e-01
-7.908089e+00,-1.667537e+01,1.925702e+00,5.624945e+00,-1.774726e-02,-9.002557e-01
5.234132e+00,-1.163650e+01,8.833709e+00,3.069012e+00,1.666860e+00,-4.627870e-01
7.476165e+00,1.714727e+01,1.269712e+01,-2.071589e+00,3.965174e+00,1.097593e+00
3.515858e+01,3.691535e+01,-5.828127e+00,-4.992403e+00,2.871295e+00,4.482089e-01
-1.308605e+01,-1.658276e+01,8.088956e+00,-1.204668e+00,2.289886e+00,2.728440e+00
-4.092789e+00,1.045418e+00,1.320580e+01,2.862272e-01,-8.006387e-01,-1.428769e+00
4.031790e+00,2.031085e+01,8.356481e+00,-3.348737e+00,8.921228e-01,-3.020298e-02
-1.871779e+00,1.113402e+01,8.065984e+00,-2.828846e+00,1.394695e+00,7.539526e-01
-9.254133e+00,7.411282e+00,4.731149e+00,-1.544422e+00,-1.334529e+00,-7.944778e-01
-6.100661e-01,1.126302e+01,5.068949e+00,-1.367651e+00,-9.981224e-01,-2.293278e-01
6.185526e+00,1.191133e+01,3.419281e+00,-1.141941e+00,1.177108e+00,4.048587e-01
5.733895e+00,8.215192e+00,2.318092e+00,-1.062684e+00,1.736669e+00,4.513005e-01
7.252193e-01,9.810014e+00,2.350522e+00,-1.015139e+00,2.644688e-01,-4.217456e-02
-1.416161e+00,9.735389e+00,1.774429e+00,-1.133015e+00,-5.869115e-01,-2.343655e-01
-1.579664e+00,7.389279e+00,4.368751e-01,-1.272400e+00,-9.248177e-01,-3.404037e-01
-4.157375e-01,8.084262e+00,1.957839e+00,-1.359065e+00,-7.993538e-01,-3.112341e-01
1.248474e+00,8.406676e+00,4.806676e+00,-1.656032e+00,-6.706106e-01,-2.601102e-01
2.695577e+00,9.333501e+00,4.191804e+00,-1.752871e+00,-7.084807e-01,-2.490511e-01
2.520701e+00,7.153116e+00,-1.051007e+00,-1.818098e+00,-8.837565e-01,-2.817330e-01
1.524398e+00,7.779028e+00,-4.120386e+00,-1.963936e+00,-1.163732e+00,-2.159202e-01
-9.267074e-01,1.005955e+01,-1.340513e-01,-2.671575e+00,-1.634704e+00,-8.305109e-02
2.716179e+00,1.234629e+01,1.989696e+00,-3.215185e+00,-1.863578e+00,-1.581145e-02
1.102074e+01,1.680212e+01,-6.969054e+00,-3.916880e+00,-1.738031e+00,3.021383e-01
2.177130e+00,2.148288e+01,6.719239e+00,-4.208520e+00,-1.508245e+00,6.685332e-01
-1.471943e+01,2.541149e+01,1.942998e+01,-4.880766e+00,-4.422369e+00,5.338868e-01
-1.237378e+01,2.455611e+01,2.029980e+01,-5.015241e+00,-4.560849e+00,-2.358934e-01
3.904161e+00,1.201826e+00,1.737034e+01,-3.620723e+00,-2.033646e+00,-2.382080e-01
1.008837e+01,1.346399e+01,7.567725e+00,-1.070652e+00,1.092144e+00,3.278732e-01
3.705026e+00,7.399343e+00,1.151558e+01,-7.030412e-01,1.806482e+00,-2.042340e-01
2.946690e+00,3.445405e+00,8.221734e+00,7.338611e-01,1.156987e+00,-8.459565e-01
1.980468e+00,2.608093e+00,7.701042e+00,3.063332e+00,8.697336e-01,-1.343612e+00
9.514339e-01,2.775593e+00,9.840779e+00,4.048417e+00,1.331744e+00,-1.469581e+00
1.593162e+00,2.492405e+00,9.959872e+00,5.397894e+00,1.999257e+00,-1.404817e+00
4.099722e+00,1.939578e+00,1.247000e+01,6.275334e+00,2.504901e+00,-1.075671e+00
8.480712e+00,3.893225e+00,1.396392e+01,7.421355e+00,2.838268e+00,-5.116149e-01
1.207147e+01,6.672908e+00,1.033364e+01,8.049639e+00,2.675167e+00,4.333461e-03
1.334205e+00,8.046491e-01,8.310149e+00,8.506672e+00,1.219533e+00,7.342728e-01
-9.057889e+00,-3.460302e+00,9.017437e+00,7.879415e+00,-2.075645e-01,1.083286e-01
-9.528117e+00,-1.261835e+01,1.372676e+01,4.805645e+00,-5.320199e-01,-6.047249e-01
5.248811e+00,-6.448443e+00,1.163226e+01,1.677777e+00,1.201532e+00,-1.284182e-02
3.757818e+01,3.930091e+01,-8.282814e+00,-2.657402e+00,2.666572e+00,7.890840e-01
-3.117673e+00,8.720090e+00,8.517424e+00,-4.106525e+00,2.047903e+00,5.607302e-01
-3.203242e+00,-1.059990e+01,1.354798e+01,-1.412091e+00,-4.681533e-01,-5.874025e-01
6.692129e-02,6.977684e+00,1.582523e+01,-2.746658e+00,-4.247204e-01,-1.305437e+00
5.035540e+00,2.273485e+01,9.936802e+00,-3.178354e+00,1.513985e+00,6.527417e-01
-2.929201e-01,3.716026e+00,6.350334e+00,-2.442164e+00,9.317960e-01,-2.899035e-01
-5.275806e-01,9.850985e+00,5.424358e+00,-1.101875e+00,-6.000416e-02,-1.782731e-01
3.908760e+00,1.338201e+01,5.451546e+00,-1.223761e+00,3.072964e-01,5.729779e-02
1.492696e+00,8.925778e+00,2.851541e+00,-9.626466e-01,6.039884e-01,4.962044e-03
-4.938323e-01,7.484197e+00,2.361715e+00,-8.645624e-01,-3.299919e-02,-1.392429e-01
-3.427616e-02,9.948804e+00,3.132421e-01,-7.451849e-01,-6.839028e-01,-3.448432e-01
9.964742e-02,8.204030e+00,-9.508123e-01,-9.004604e-01,-6.388970e-01,-2.741516e-01
-1.906309e+00,7.313313e+00,7.638900e-01,-1.151353e+00,-8.001084e-01,-3.655431e-01
-2.074472e+00,7.920842e+00,2.899870e+00,-1.390282e+00,-9.817020e-01,-3.998205e-01
2.913574e+00,9.441687e+00,3.989057e+00,-1.738907e+00,-1.041413e+00,-4.062637e-01
2.744631e+00,7.797124e+00,7.873752e-01,-1.845880e+00,-8.922222e-01,-3.911111e-01
1.749674e+00,9.772558e+00,-1.691708e+00,-2.027909e+00,-1.297547e+00,-3.813394e-01
-2.465448e+00,1.232301e+01,1.157431e+00,-2.352500e+00,-1.643599e+00,-3.102055e-01
2.714741e+00,1.184004e+01,1.158241e+00,-3.061778e+00,-1.939415e+00,-1.216539e-01
1.109506e+01,1.337794e+01,-8.295926e-01,-3.387669e+00,-1.433667e+00,1.954738e-01
5.968996e+00,1.770653e+01,-4.055859e+00,-3.792178e+00,-8.444401e-01,6.019654e-01
-8.583825e+00,1.655724e+01,1.256928e+01,-4.141953e+00,-1.686526e+00,4.559588e-01
-8.768162e+00,3.173341e+01,1.810618e+01,-4.914311e+00,-4.399230e+00,-3.968191e-01
-1.337703e+01,1.469964e+01,1.998213e+01,-5.391435e+00,-4.014891e+00,-2.043810e-01
7.542229e+00,6.479281e+00,1.115723e+01,-2.274403e+00,-1.603377e+00,3.473237e-01
9.295189e+00,1.264116e+01,9.759420e+00,-1.177756e+00,9.481272e-01,7.973057e-01
1.903514e+00,6.803514e+00,1.147715e+01,-8.378357e-01,1.751666e+00,3.536048e-01
2.452724e+00,2.807083e+00,8.772448e+00,1.301322e+00,1.172094e+00,-2.434068e-01
4.033358e+00,6.137479e-01,9.897829e+00,3.494362e+00,1.607682e+00,-4.621553e-01
4.158258e+00,1.569890e+00,8.929419e+00,4.363717e+00,1.930216e+00,-6.848403e-01
3.800509e+00,1.688285e+00,1.060222e+01,5.706346e+00,2.157398e+00,-8.721759e-01
4.653967e+00,2.595522e-01,1.178995e+01,6.636783e+00,1.916008e+00,-6.778315e-01
5.884286e+00,2.313160e+00,1.506571e+01,7.848817e+00,1.388715e+00,-5.437936e-01
7.697365e+00,4.335025e+00,1.416606e+01,8.358915e+00,9.465551e-01,-3.742082e-01
-2.120759e+00,5.238440e+00,9.874120e+00,8.933581e+00,1.508679e-01,-9.195931e-02
-1.934411e+01,-6.985956e+00,9.708522e+00,8.197268e+00,-6.419756e-01,-3.283124e-01
-3.261844e+00,-1.756640e+01,1.103636e+01,4.689580e+00,3.808587e-01,-5.647004e-01
6.329935e+00,-1.071993e+01,1.366329e+01,1.938057e+00,2.737699e+00,2.931305e-01
3.224421e+01,3.939047e+01,-1.108613e+01,-2.635084e+00,4.357160e+00,8.834936e-01
-5.902316e+00,-3.569402e+00,7.519216e+00,-3.841503e+00,2.976928e+00,6.269455e-01
-1.041333e+00,-3.031659e+00,1.308415e+01,-3.896956e-01,-1.053860e+00,-1.457397e+00
1.861401e+00,1.481561e+01,1.324330e+01,-2.196040e+00,-1.112413e+00,-2.014876e+00
4.785812e+00,1.565514e+01,8.172109e+00,-3.463199e+00,1.415064e+00,6.529506e-01
-3.713801e+00,6.208528e+00,5.637085e+00,-2.410326e+00,-2.894044e-02,-7.566487e-01
-4.631453e+00,1.028312e+01,4.822144e+00,-1.575219e+00,-1.769089e+00,-6.391622e-01
7.138292e-01,1.303022e+01,3.364683e+00,-1.535438e+00,-1.134263e+00,-3.449765e-01
8.014179e-02,8.405564e+00,2.248544e+00,-1.397148e+00,1.359070e-01,3.083329e-02
-2.189671e+00,7.668271e+00,2.560200e+00,-1.247702e+00,2.559320e-02,-3.753544e-02
-2.822260e+00,8.893208e+00,3.256417e+00,-1.226810e+00,-3.136210e-01,-1.539921e-01
-5.930688e-01,8.369454e+00,2.365345e+00,-1.250010e+00,-2.165739e-01,-2.431152e-01
4.135432e+00,9.307716e+00,3.098529e+00,-1.286546e+00,1.502439e-01,-2.273442e-01
1.702279e+00,9.187987e+00,6.348325e+00,-1.423828e+00,1.200074e-02,-3.200243e-01
2.421181e+00,8.182203e+00,1.413697e+00,-1.460427e+00,-8.525520e-01,-6.204645e-01
1.693577e+00,6.658005e+00,-4.732943e+00,-1.520451e+00,-1.028390e+00,-5.764651e-01
5.116984e-01,1.220724e+01,-3.408282e+00,-1.933705e+00,-1.171986e+00,-3.550542e-01
-7.231472e-01,1.114194e+01,-6.360104e-01,-2.464185e+00,-1.270937e+00,-1.974503e-01
6.350141e+00,1.261160e+01,-7.184661e-01,-3.432956e+00,-1.405361e+00,-7.819852e-02
1.014358e+01,1.706199e+01,-5.419395e+00,-3.881980e+00,-1.080332e+00,3.202911e-01
-1.902118e+00,2.072011e+01,1.177875e+01,-4.415036e+00,-1.654518e+00,5.307301e-01
-2.988764e+00,2.721583e+01,1.709518e+01,-4.977456e+00,-3.160565e+00,9.624921e-02
-1.028254e+01,1.410734e+01,2.140740e+01,-5.203928e+00,-3.641519e+00,-1.768279e-01
3.858799e+00,5.902912e+00,1.317164e+01,-3.503899e+00,-2.908956e+00,-2.648008e-01
4.342285e+00,1.108280e+01,1.146233e+01,-1.626092e+00,2.448466e-01,2.709742e-01
-1.200000e-01,7.409847e+00,1.308436e+01,-1.241233e+00,6.957419e-01,4.186913e-02
1.695111e+00,3.528839e+00,1.027504e+01,1.150123e+00,2.290707e-01,-6.010068e-01
3.659929e+00,7.805852e-01,1.018787e+01,2.902759e+00,8.637469e-01,-7.110442e-01
4.122716e+00,4.300634e-01,9.209600e+00,4.850440e+00,1.936714e+00,-1.185534e+00
4.145025e+00,1.616403e-02,9.299246e+00,5.779066e+00,2.029986e+00,-1.235968e+00
3.620151e+00,2.500840e-01,1.200567e+01,6.936693e+00,1.629763e+00,-9.692241e-01
4.262843e+00,3.556219e+00,1.440212e+01,7.653678e+00,1.297873e+00,-9.708084e-01
4.346524e+00,7.838952e+00,1.325629e+01,8.457489e+00,7.826992e-01,-7.589780e-01
-3.415867e+00,1.063425e+00,8.566192e+00,8.721861e+00,4.924194e-01,-4.919667e-01
-1.478282e+01,-8.525224e+00,8.174864e+00,8.050397e+00,-1.194407e-01,-9.321529e-01
-6.048032e+00,-1.428387e+01,6.895031e+00,5.671274e+00,1.989327e-01,-7.189126e-01
3.799526e+00,-1.235247e+00,9.010143e+00,1.340848e+00,3.256542e+00,4.630596e-01
3.670040e+01,3.941000e+01,-6.027312e+00,-2.234278e+00,4.152177e+00,1.159853e+00
-1.874184e+00,-6.205532e+00,1.172038e+01,-3.346536e+00,3.662688e+00,1.416868e+00
2.404937e+00,-1.292966e+01,1.471127e+01,-2.349482e+00,1.382276e-01,-7.646757e-01
-2.097974e+00,1.573970e+01,1.567471e+01,-3.564319e+00,-2.572377e-01,-7.579008e-01
-7.914742e+00,2.138645e+01,1.403514e+01,-3.576697e+00,6.222874e-02,4.698688e-01
-6.362072e+00,7.037808e+00,8.225335e+00,-2.320378e+00,-7.992107e-01,-7.744672e-01
1.755383e+00,6.082897e+00,5.222314e+00,-1.338238e+00,1.594859e-01,7.049614e-02
1.086981e+01,1.478845e+01,4.173684e+00,-7.124321e-01,2.188888e+00,5.349158e-01
8.453380e+00,1.019128e+01,1.527176e+00,-8.119083e-01,2.191152e+00,5.067317e-01
-1.576163e-01,8.240356e+00,5.780229e-01,-5.467268e-01,1.245114e-01,-9.161325e-02
-3.751023e+00,1.016734e+01,-7.145929e-01,-5.433486e-01,-1.010459e+00,-5.470801e-01
-4.448594e+00,7.185306e+00,-1.111641e+00,-9.114385e-01,-1.507476e+00,-5.416421e-01
-3.610248e+00,6.104165e+00,6.603005e-01,-1.165897e+00,-1.240585e+00,-4.650950e-01
5.907409e-01,8.503868e+00,5.276420e+00,-1.596750e+00,-7.260850e-01,-3.117375e-01
3.181645e+00,8.661066e+00,6.129251e+00,-1.778092e+00,-5.010246e-01,-2.595720e-01
4.436336e+00,9.309873e+00,1.696442e+00,-1.808789e+00,-4.391042e-01,-2.746442e-01
2.046069e+00,8.055169e+00,-2.129886e+00,-1.897826e+00,-7.124484e-01,-2.361809e-01
-1.116945e+00,1.193666e+01,-4.923615e-01,-2.322750e+00,-1.160601e+00,-7.295094e-02
-1.188608e+00,1.184519e+01,1.052915e+00,-2.802199e+00,-1.386024e+00,1.760409e-02
1.083534e+01,1.426493e+01,-3.013445e+00,-3.564764e+00,-1.615023e+00,1.009754e-01
1.314693e+01,2.341896e+01,-7.583079e+00,-3.994466e+00,-1.268868e+00,5.044580e-01
-6.389371e+00,1.798468e+01,1.425360e+01,-4.811612e+00,-2.746920e+00,6.407045e-01
-1.940560e+01,3.240143e+01,1.898845e+01,-4.909820e+00,-5.023594e+00,4.226217e-01
-4.764889e+00,5.637885e+00,2.087001e+01,-4.830849e+00,-4.173483e+00,-8.628658e-02
7.321818e+00,3.520755e+00,1.314034e+01,-2.172501e+00,-8.724851e-01,6.705994e-01
9.473308e+00,1.084203e+01,1.047459e+01,-9.529852e-01,2.760142e+00,7.590788e-01
6.802624e+00,7.385259e+00,1.126036e+01,-4.917908e-01,2.611410e+00,5.606594e-01
3.723446e+00,9.684980e-01,7.448930e+00,2.221994e+00,1.221259e+00,-5.171150e-01
2.568262e+00,1.372901e+00,9.056813e+00,3.776266e+00,7.156532e-01,-1.022321e+00
1.721779e+00,2.381014e+00,1.050367e+01,4.968222e+00,1.016040e+00,-1.584482e+00
1.597929e+00,1.981277e+00,1.088267e+01,5.641734e+00,1.267173e+00,-1.634010e+00
2.853460e+00,2.084143e+00,1.580503e+01,7.064086e+00,1.535474e+00,-1.418910e+00
5.161267e+00,5.739011e+00,1.351074e+01,7.870618e+00,1.651446e+00,-1.182135e+00
6.893055e+00,4.805577e+00,1.079276e+01,8.648089e+00,1.502182e+00,-4.580966e-01
-5.325032e+00,-1.650045e+00,8.282946e+00,8.749743e+00,1.180991e+00,-1.956400e-01
-1.104616e+01,-1.196681e+01,1.035631e+01,6.786241e+00,-1.391815e-01,-1.033983e+00
-2.360421e+00,-1.218576e+01,7.503714e+00,3.805185e+00,4.613469e-01,-7.813352e-01
9.644215e+00,1.706841e+01,5.720030e+00,-5.195500e-01,3.047931e+00,6.137049e-01
2.753422e+01,3.938224e+01,-3.584523e+00,-2.861585e+00,3.372151e+00,8.342209e-01
-1.444795e+01,-1.385713e+01,1.066372e+01,-3.314244e+00,2.418560e+00,1.300357e+00
-2.166081e+00,-3.518400e+00,1.537242e+01,-7.196029e-01,-3.986455e-01,-1.002936e+00
4.603762e+00,1.885816e+01,1.040154e+01,-3.731932e+00,1.606677e+00,2.232231e-01
4.752369e+00,1.513430e+01,8.351760e+00,-3.692041e+00,2.555623e+00,1.372657e+00
-6.187674e+00,5.951709e+00,5.295675e+00,-1.767456e+00,2.089383e-01,-6.417073e-01
-8.250033e-01,1.027829e+01,4.908887e+00,-1.202726e+00,-6.147210e-01,-3.211898e-01
4.868885e+00,1.222302e+01,3.785577e+00,-1.071749e+00,7.086299e-01,1.578134e-01
2.497902e+00,8.014939e+00,2.421729e+00,-1.005884e+00,9.036941e-01,1.317459e-01
-1.169906e+00,9.640866e+00,1.423416e+00,-7.899063e-01,-2.134652e-01,-2.332593e-01
-1.955818e+00,1.047755e+01,4.763864e-01,-7.981327e-01,-8.979400e-01,-4.110068e-01
-2.486419e+00,6.402981e+00,-1.221041e+00,-9.754055e-01,-9.374395e-01,-4.311880e-01
-1.884436e+00,7.626965e+00,1.726849e+00,-1.136990e+00,-8.816755e-01,-4.349762e-01
2.601247e+00,8.994090e+00,3.798794e+00,-1.556673e+00,-7.478846e-01,-3.596631e-01
4.288301e+00,8.739795e+00,4.166145e-01,-1.694708e+00,-6.350784e-01,-3.487885e-01
1.669307e-01,8.195112e+00,-4.176462e+00,-1.926708e+00,-9.064588e-01,-3.762371e-01
-1.304605e+00,1.101387e+01,-2.293745e+00,-2.309717e+00,-1.370185e+00,-3.052592e-01
1.258436e+00,1.167112e+01,2.330670e+00,-3.328705e+00,-1.516915e+00,-1.706589e-02
1.353845e+01,1.240281e+01,-8.725524e-01,-3.802758e+00,-1.346790e+00,1.107624e-01
1.542479e+01,2.427239e+01,-6.612180e+00,-4.260664e+00,-8.525422e-01,5.117321e-01
-2.973696e+00,1.603321e+01,1.306564e+01,-4.704620e+00,-1.607984e+00,4.812451e-01
-1.568235e+01,3.112145e+01,1.964273e+01,-5.136526e+00,-5.791030e+00,-3.544674e-01
-1.058352e+01,1.503467e+01,1.951629e+01,-5.215689e+00,-4.938126e+00,-5.097796e-01
6.966584e+00,4.095550e+00,1.193500e+01,-2.751321e+00,-1.922193e+00,-6.929574e-02
8.013337e+00,1.180630e+01,9.763924e+00,-8.954999e-01,1.074355e+00,2.696883e-01
3.409425e+00,5.582253e+00,1.033061e+01,-3.662518e-01,1.570133e+00,-2.267040e-01
3.765048e+00,1.457929e+00,7.288518e+00,1.447857e+00,9.975108e-01,-8.894701e-01
3.613228e+00,-6.783842e-01,8.880328e+00,3.515021e+00,1.111926e+00,-1.128971e+00
3.279207e+00,4.028725e-01,8.478019e+00,4.511551e+00,1.405299e+00,-1.473669e+00
2.280000e+00,1.727529e+00,9.981734e+00,5.510282e+00,1.638528e+00,-1.662818e+00
2.818104e+00,1.556534e+00,1.183828e+01,6.108979e+00,1.604746e+00,-1.561967e+00
5.213485e+00,2.911266e+00,1.391014e+01,7.309975e+00,1.621239e+00,-1.461641e+00
9.262990e+00,7.133366e+00,1.228320e+01,8.159999e+00,1.578387e+00,-1.194201e+00
-1.410111e+00,4.611772e+00,7.493177e+00,8.627258e+00,1.057059e+00,-5.304083e-01
-1.542168e+01,-6.424772e+00,6.263046e+00,8.033052e+00,3.460159e-02,-3.336808e-01
-1.083812e+01,-1.833265e+01,6.189294e+00,5.520955e+00,-7.131553e-01,-7.687245e-01
5.364675e+00,1.623201e+01,4.488174e+00,1.993093e+00,2.196933e+00,1.226033e-01
1.866248e+01,1.786852e+01,1.150922e+00,-3.395229e+00,5.171660e+00,1.790591e+00
5.477356e-01,-1.553674e+01,1.223625e+01,-3.984753e+00,4.770027e+00,1.611841e+00
5.079925e+00,-2.035861e+00,1.561775e+01,-2.897655e+00,-5.059624e-01,-2.367625e+00
-3.119811e+00,1.483587e+01,1.646752e+01,-3.721822e+00,-6.861321e-01,-8.399712e-01
-1.188840e+01,1.867037e+01,1.320040e+01,-3.355523e+00,-1.505096e+00,-6.037708e-01
-4.708397e+00,4.191428e+00,6.103239e+00,-2.285129e+00,-1.563357e+00,-9.597478e-01
5.979738e+00,9.872086e+00,6.251133e+00,-1.026362e+00,9.344073e-01,5.299139e-01
1.165185e+01,1.360927e+01,3.615943e+00,-7.072403e-01,2.236663e+00,7.062689e-01
2.959864e+00,8.236069e+00,2.012786e+00,-8.145305e-01,1.471067e+00,5.198362e-01
-1.969593e+00,1.026578e+01,1.400692e+00,-6.902682e-01,5.581776e-02,1.200413e-01
-4.081739e+00,1.066116e+01,3.845188e-01,-8.281430e-01,-1.567119e+00,-4.364604e-01
-2.350119e+00,7.686766e+00,5.747907e-01,-9.616338e-01,-1.649412e+00,-4.222224e-01
-4.808760e-01,7.912564e+00,2.709124e+00,-1.140982e+00,-1.102872e+00,-2.453229e-01
8.131366e-01,8.044168e+00,3.458012e+00,-1.320128e+00,-9.521084e-01,-1.841393e-01
1.840201e+00,7.551963e+00,2.333406e+00,-1.498752e+00,-1.033131e+00,-2.042948e-01
-3.855002e-01,6.627211e+00,7.280195e-02,-1.568138e+00,-1.303717e+00,-2.699896e-01
-3.047531e-01,9.607856e+00,-2.569713e+00,-1.860740e+00,-1.623565e+00,-2.253130e-01
2.492193e-02,1.066194e+01,-4.558026e-01,-2.135597e+00,-1.636259e+00,-4.664091e-02
3.072296e+00,1.010070e+01,3.108745e-01,-2.928093e+00,-1.455833e+00,1.779242e-01
1.170301e+01,1.089092e+01,-2.764167e-01,-3.399683e+00,-1.468280e+00,3.394151e-01
5.156497e+00,1.640761e+01,5.824219e-01,-3.989969e+00,-1.269522e+00,6.093539e-01
-7.889019e+00,2.063241e+01,1.268956e+01,-4.336636e+00,-1.967415e+00,3.764927e-01
-2.210537e+01,3.158163e+01,2.038978e+01,-4.958251e+00,-5.776490e+00,3.489026e-02
-1.218207e+01,1.064090e+01,1.978015e+01,-5.186662e+00,-5.153359e+00,-1.172320e-01
6.348917e+00,6.386828e+00,1.741177e+01,-2.340594e+00,-4.133302e-01,1.426370e+00
1.216479e+01,1.439013e+01,1.304331e+01,-1.389198e+00,2.685585e+00,1.833626e+00
6.152816e+00,4.331635e+00,9.854543e+00,-8.691104e-01,3.174322e+00,1.267114e+00
3.393795e+00,8.623471e-01,7.598208e+00,1.486444e+00,1.860160e+00,3.976098e-01
1.797522e+00,1.186802e+00,9.168733e+00,3.286550e+00,9.857820e-01,-2.459555e-01
2.610036e+00,1.533286e+00,1.066916e+01,4.073748e+00,1.085384e+00,-7.672585e-01
4.884663e+00,1.023834e+00,1.013848e+01,5.476863e+00,1.865442e+00,-1.310774e+00
6.017848e+00,6.929912e-01,1.127103e+01,6.386608e+00,2.156902e+00,-1.387488e+00
6.079714e+00,2.676518e+00,1.545426e+01,7.401092e+00,2.096158e+00,-1.398210e+00
4.653414e+00,6.576191e+00,1.378588e+01,7.959465e+00,1.737272e+00,-1.309199e+00
-1.712498e+00,8.698558e+00,1.172393e+01,8.758038e+00,6.077558e-01,-1.006970e+00
-2.038192e+01,-7.010733e+00,6.633728e+00,8.440991e+00,-1.841041e-01,-5.111366e-01
-1.987375e+00,-1.750937e+01,9.952298e+00,6.166973e+00,6.098882e-01,-4.447355e-01
1.250431e+01,-1.185689e+01,1.070665e+01,2.982927e+00,3.708500e+00,3.304856e-01
3.385897e+01,3.940670e+01,-1.396448e+01,-2.128628e+00,5.846120e+00,1.596779e+00
-6.107261e+00,-4.147412e+00,9.832929e+00,-4.335928e+00,4.086282e+00,8.661624e-01
-9.001612e+00,-9.305047e+00,1.743691e+01,-1.383898e+00,5.918444e-01,1.270693e+00
1.840171e+00,1.167578e+01,1.618504e+01,-2.870403e+00,-3.289924e+00,-3.496114e+00
-8.449362e-01,1.484837e+01,1.227455e+01,-4.015485e+00,1.299294e+00,1.031468e+00
-5.528865e-01,1.136445e+01,1.012834e+01,-2.590153e+00,1.066815e+00,-1.302612e-01
2.111145e+00,7.105969e+00,5.647142e+00,-1.535009e+00,4.454223e-01,-1.530027e-01
5.848336e+00,1.206113e+01,5.296435e+00,-1.023476e+00,6.608098e-01,1.674930e-01
3.490311e+00,1.080323e+01,2.889677e+00,-9.467719e-01,7.259921e-01,-4.121631e-02
-3.626884e-01,9.614542e+00,1.900618e+00,-9.012774e-01,6.683419e-02,-8.072726e-02
-4.141367e+00,1.012984e+01,7.981318e-01,-7.749591e-01,-1.368075e+00,-4.978184e-01
-4.672698e+00,8.346658e+00,4.595604e-01,-8.297331e-01,-1.578553e+00,-5.353066e-01
-2.805390e+00,6.256980e+00,1.749024e-01,-9.391959e-01,-1.252220e+00,-4.764745e-01
-2.728027e+00,6.664081e+00,3.183401e+00,-1.115516e+00,-1.006279e+00,-4.497321e-01
1.610626e+00,7.937155e+00,3.645580e+00,-1.512321e+00,-8.802696e-01,-4.232315e-01
3.156226e+00,7.558150e+00,-2.180033e-01,-1.638682e+00,-7.239592e-01,-3.237294e-01
3.754784e+00,9.857336e+00,-3.793751e+00,-1.865320e+00,-7.458423e-01,-2.473399e-01
3.198442e+00,1.017076e+01,-9.557421e-01,-2.236853e+00,-1.022489e+00,-1.392891e-01
2.994695e+00,1.244309e+01,5.000657e-02,-3.008072e+00,-1.458221e+00,-9.011787e-02
9.388725e+00,1.371077e+01,-4.813230e+00,-3.632214e+00,-1.690259e+00,1.664288e-01
-3.866479e+00,1.817482e+01,6.605140e+00,-4.056347e+00,-1.582350e+00,6.020519e-01
-5.351869e+00,2.335055e+01,1.501284e+01,-4.680226e+00,-2.527037e+00,5.706331e-01
-8.028085e+00,2.406510e+01,1.755130e+01,-5.193008e+00,-3.832373e+00,-7.787791e-02
4.383466e-01,6.192812e+00,1.871825e+01,-4.864671e+00,-2.378230e+00,2.238918e-01
1.023212e+01,9.909842e+00,9.184889e+00,-1.727704e+00,-4.577782e-01,3.970566e-01
4.572657e+00,9.536826e+00,1.174940e+01,-1.431649e+00,1.230888e+00,2.359111e-01
1.377484e+00,5.597809e+00,1.012267e+01,-5.224186e-02,4.137835e-01,-4.458063e-01
2.572924e+00,2.454504e+00,8.555409e+00,1.418145e+00,1.009637e-01,-1.048219e+00
3.239912e+00,1.131617e-01,8.684056e+00,3.534788e+00,9.255286e-01,-1.215887e+00
2.426611e+00,2.083389e+00,8.811289e+00,4.720858e+00,1.536976e+00,-1.626899e+00
1.908150e+00,2.288207e+00,1.081656e+01,5.858728e+00,1.741587e+00,-1.509366e+00
2.723194e+00,1.733743e+00,1.402737e+01,6.530374e+00,1.736017e+00,-1.232903e+00
6.319959e+00,4.835024e+00,1.384013e+01,7.763566e+00,1.907687e+00,-7.894819e-01
7.109216e+00,6.626557e+00,1.288610e+01,8.420214e+00,1.990801e+00,-2.351386e-01
-6.683700e+00,-4.263578e+00,8.649883e+00,8.603189e+00,1.363151e+00,6.202042e-01
-7.489062e+00,-1.408856e+01,7.447407e+00,7.714943e+00,3.595664e-01,4.223385e-01
4.282703e-01,-1.294174e+01,1.021792e+01,4.030316e+00,7.102161e-01,-2.640628e-01
1.752118e+01,3.531712e+01,-1.115000e+01,1.194323e-01,1.833825e+00,2.322999e-01
5.036451e+00,2.300613e+01,1.228170e+01,-4.160725e+00,1.863918e+00,4.299157e-01
-6.558678e+00,-1.431264e+01,1.595786e+01,-3.412426e+00,2.070287e+00,1.791576e+00
4.297950e+00,8.063153e+00,1.686662e+01,-3.103451e+00,-6.974622e-01,-1.907988e+00
2.727311e-01,2.242140e+01,1.326615e+01,-3.550327e+00,1.028437e+00,1.106687e-02
-6.198640e+00,9.718467e+00,1.006031e+01,-2.497039e+00,-9.543346e-02,6.539092e-02
-1.028677e+00,4.693158e+00,5.683250e+00,-1.453332e+00,-7.261142e-01,-5.533699e-01
5.071275e+00,1.463429e+01,5.332081e+00,-8.172663e-01,6.981756e-01,3.454511e-01
5.269631e+00,1.342406e+01,3.666158e+00,-6.498138e-01,1.168412e+00,2.640861e-01
-1.905489e-01,9.139650e+00,2.841116e+00,-5.114660e-01,3.975024e-01,2.620144e-01
-1.495402e+00,1.000703e+01,3.218205e-01,-2.602973e-01,-4.305648e-01,-1.425046e-01
-2.382614e+00,8.328836e+00,-1.659226e+00,-2.827559e-01,-6.369943e-01,-2.106115e-01
-2.845273e+00,4.587749e+00,-1.386269e+00,-4.346586e-01,-5.773533e-01,-2.309399e-01
-6.731657e-01,8.154380e+00,2.586481e+00,-9.167306e-01,-5.799370e-01,-3.102420e-01
1.156110e+00,8.808855e+00,4.033131e+00,-1.278014e+00,-5.413625e-01,-2.824736e-01
3.850691e+00,7.645981e+00,9.175615e-01,-1.542433e+00,-5.951168e-01,-3.556306e-01
3.105044e+00,7.213815e+00,-1.831935e+00,-1.670882e+00,-7.918504e-01,-4.328210e-01
3.198859e-01,1.131575e+01,-2.147968e-01,-2.119311e+00,-1.182153e+00,-2.619441e-01
-2.814954e-01,1.145312e+01,9.413874e-01,-2.535538e+00,-1.359517e+00,-1.256365e-01
1.046617e+01,1.357705e+01,2.076853e-02,-3.285455e+00,-1.516974e+00,-9.948605e-03
1.573970e+01,1.467185e+01,-6.393810e+00,-3.699019e+00,-1.299066e+00,3.410796e-01
-5.034609e+00,1.689391e+01,9.047539e+00,-4.183069e+00,-1.923325e+00,2.722795e-01
-1.260359e+01,2.510686e+01,1.650048e+01,-4.648796e+00,-3.527040e+00,2.074628e-01
-1.690142e+01,2.171756e+01,2.170679e+01,-5.082096e+00,-5.245158e+00,7.269296e-02
-1.062862e+00,1.602701e+00,2.094527e+01,-4.561947e+00,-3.031012e+00,1.666696e-01
1.046708e+01,1.326906e+01,1.183506e+01,-1.261233e+00,1.699865e+00,1.626475e+00
8.514683e+00,9.453970e+00,1.265913e+01,-1.563221e+00,3.176811e+00,1.556056e+00
4.655854e+00,3.372328e+00,8.729169e+00,5.111701e-01,2.419025e+00,8.409558e-01
2.782809e+00,1.594147e-01,8.510494e+00,2.458412e+00,1.436778e+00,2.112627e-01
2.096563e+00,-3.995870e-01,9.031407e+00,4.162277e+00,9.142279e-01,-3.539107e-01
2.248906e+00,3.156245e-01,8.660078e+00,4.791792e+00,9.706470e-01,-7.744366e-01
2.270998e+00,2.084580e-01,1.104522e+01,5.950366e+00,1.174392e+00,-9.615752e-01
2.920099e+00,7.895155e-01,1.388049e+01,6.770569e+00,1.149721e+00,-1.016078e+00
3.571255e+00,3.092743e+00,1.528166e+01,7.810247e+00,1.045995e+00,-1.034996e+00
2.282939e+00,3.770344e+00,1.256967e+01,8.400342e+00,8.732267e-01,-9.560953e-01
-8.677814e+00,3.743430e-01,9.225084e+00,8.745583e+00,7.294191e-01,-7.588080e-01
-1.607696e+01,-1.387405e+01,9.043044e+00,7.238380e+00,4.804893e-01,-5.193340e-01
2.745389e+00,-9.676874e+00,1.196155e+01,3.651061e+00,1.603045e+00,-2.850998e-01
2.064962e+01,2.718959e+01,-6.219684e+00,7.634662e-01,3.403136e+00,5.006176e-01
7.837009e+00,1.990337e+01,7.792277e+00,-3.604094e+00,4.267202e+00,1.024768e+00
-8.944856e+00,-1.801915e+01,1.538315e+01,-9.081398e-01,4.088005e+00,2.247527e+00
3.615211e+00,1.380170e+01,1.523161e+01,-2.958722e+00,-4.990424e-01,-2.503556e+00
3.417330e+00,1.976861e+01,1.180584e+01,-4.132397e+00,1.548341e+00,4.599061e-01
-7.290045e+00,8.738206e+00,8.445042e+00,-2.532781e+00,4.686197e-03,-5.763359e-01
-5.378703e+00,7.236048e+00,5.581125e+00,-1.479228e+00,-1.029692e+00,-7.441600e-01
6.228778e+00,1.331917e+01,4.024171e+00,-1.050800e+00,4.143586e-01,7.449258e-02
5.988106e+00,9.836274e+00,1.488168e+00,-8.287143e-01,1.478926e+00,2.871845e-01
2.674674e+00,8.686125e+00,8.682687e-01,-8.422950e-01,8.010784e-01,1.280955e-01
-1.026172e+00,9.429146e+00,1.087713e+00,-7.601317e-01,-4.815469e-01,-2.840919e-01
-3.603037e+00,7.332464e+00,4.765458e-01,-9.834326e-01,-1.340174e+00,-5.119098e-01
-2.900753e+00,6.560859e+00,5.247075e-02,-1.067583e+00,-1.399684e+00,-5.432058e-01
-2.170718e+00,6.736422e+00,2.106414e+00,-1.313576e+00,-1.049173e+00,-5.047213e-01
2.862233e-01,7.992599e+00,4.162018e+00,-1.631889e+00,-9.288610e-01,-4.462076e-01
2.867606e+00,7.668873e+00,1.369857e+00,-1.850011e+00,-7.655198e-01,-3.881654e-01
4.289900e+00,8.965250e+00,-9.690981e-01,-1.945265e+00,-6.965566e-01,-3.632232e-01
8.086132e-01,1.111538e+01,1.179416e+00,-2.357493e+00,-1.079078e+00,-2.770753e-01
-8.312016e-01,1.077011e+01,2.872148e+00,-2.828895e+00,-1.481778e+00,-2.770813e-01
8.499257e+00,1.176637e+01,1.019005e+00,-3.387162e+00,-1.794027e+00,-1.649247e-01
1.062563e+01,1.968208e+01,-6.498845e+00,-3.671560e+00,-1.232561e+00,3.077386e-01
-1.075603e+01,1.766971e+01,1.105726e+01,-4.223431e+00,-1.609398e+00,4.398760e-01
-1.023622e+01,2.337014e+01,1.656732e+01,-4.709761e+00,-3.272310e+00,2.922147e-01
-1.339547e+01,2.293516e+01,1.983535e+01,-5.186019e+00,-4.565228e+00,3.390954e-02
-9.760489e-01,2.082011e+00,2.116435e+01,-4.716350e+00,-2.355700e+00,4.275392e-01
1.247739e+01,1.316066e+01,9.004109e+00,-7.804750e-01,1.419651e+00,1.019248e+00
6.442631e+00,7.680173e+00,1.258115e+01,-1.225431e+00,2.617798e+00,9.013611e-01
3.805956e+00,2.194727e+00,7.974722e+00,7.208061e-01,1.527255e+00,8.014667e-02
2.852681e+00,1.697151e-01,8.359223e+00,2.663057e+00,8.462290e-01,-6.382907e-01
2.236368e+00,1.655898e-01,8.789505e+00,4.402729e+00,9.611152e-01,-9.756955e-01
2.031475e+00,8.444245e-01,9.426143e+00,5.018684e+00,1.183373e+00,-1.314252e+00
3.368343e+00,1.409712e+00,1.218309e+01,6.324099e+00,1.670309e+00,-1.144560e+00
4.935030e+00,1.614913e+00,1.574888e+01,7.069473e+00,1.803732e+00,-9.707946e-01
8.611208e+00,4.926282e+00,1.378570e+01,8.125855e+00,1.626807e+00,-5.737014e-01
5.724009e+00,6.403141e+00,1.288393e+01,8.769479e+00,1.150646e+00,-1.543140e-01
-1.695409e+01,-7.457737e+00,8.006175e+00,8.404089e+00,2.436184e-02,2.309599e-01
-1.692301e+01,-1.554611e+01,9.621781e+00,7.171207e+00,-7.356956e-01,-5.407616e-02
6.709854e+00,-3.434745e+00,9.052006e+00,3.281594e+00,1.139277e+00,-1.922377e-01
2.589483e+01,3.941000e+01,-1.111746e+01,-5.271897e-01,4.355810e+00,1.051130e+00
-1.293637e+01,-1.628510e+01,1.146919e+01,-4.474357e+00,3.362458e+00,7.451735e-01
-1.362388e+01,-1.710089e+01,1.515431e+01,-1.824654e+00,2.528395e+00,2.208835e+00
-4.912270e+00,1.308577e+01,1.695659e+01,-2.858039e+00,-3.384443e+00,-3.254193e+00
3.961883e-01,2.273233e+01,1.205544e+01,-3.997952e+00,4.800559e-01,1.286579e+00
-3.026447e-01,6.094196e+00,6.012671e+00,-2.391691e+00,5.926282e-01,-8.561748e-01
3.264432e-01,5.934609e+00,4.348652e+00,-1.605383e+00,7.719071e-01,6.703131e-02
6.700478e+00,1.389762e+01,4.383432e+00,-1.155725e+00,9.184031e-01,2.481274e-01
3.941203e+00,1.077100e+01,3.008760e+00,-1.155659e+00,1.321364e+00,2.319166e-01
-2.741043e+00,8.233977e+00,3.026245e+00,-1.041996e+00,-1.640973e-01,-1.397289e-01
-2.602674e+00,9.595477e+00,2.108150e+00,-9.660716e-01,-8.701915e-01,-3.866778e-01
-9.531081e-01,8.766308e+00,8.452618e-01,-1.053458e+00,-7.239695e-01,-2.747606e-01
-1.072020e-02,7.346555e+00,3.321606e-01,-1.082967e+00,-2.852515e-01,-2.087481e-01
2.459841e-01,7.901955e+00,3.979260e+00,-1.275116e+00,-3.011510e-01,-2.696939e-01
2.200859e+00,8.913322e+00,4.506489e+00,-1.444716e+00,-5.889551e-01,-3.853864e-01
3.879399e+00,8.283694e+00,-3.526392e-01,-1.608334e+00,-7.942679e-01,-4.758082e-01
2.817801e+00,8.069529e+00,-3.446283e+00,-1.763326e+00,-8.886400e-01,-3.707065e-01
6.056678e-01,1.106690e+01,8.104012e-01,-2.272724e+00,-1.314388e+00,-2.527775e-01
1.051658e+00,1.183157e+01,1.920744e+00,-2.780015e+00,-1.584389e+00,-2.090971e-01
1.439544e+01,1.378077e+01,-5.494102e+00,-3.553261e+00,-1.689369e+00,4.681700e-02
8.593895e+00,2.061132e+01,-5.664999e+00,-3.819600e+00,-1.280889e+00,4.683023e-01
-1.135694e+01,2.182644e+01,1.592073e+01,-4.823354e+00,-3.973993e+00,3.200214e-01
-1.736805e+01,3.502447e+01,1.997264e+01,-4.916994e+00,-5.015968e+00,-2.057143e-02
-8.764903e+00,7.373360e+00,2.170191e+01,-4.676420e+00,-3.339395e+00,3.020909e-01
9.029435e+00,6.557826e+00,1.355616e+01,-2.828080e+00,-1.518278e+00,6.997372e-01
9.665220e+00,1.054526e+01,1.188952e+01,-1.289635e+00,3.042935e+00,8.672905e-01
5.718122e+00,5.367199e+00,1.121228e+01,-7.632765e-01,2.735973e+00,7.681774e-01
3.115570e+00,8.373173e-01,7.704126e+00,2.998479e+00,7.369588e-01,-5.242717e-01
1.846359e+00,-1.173310e+00,9.070000e+00,3.622728e+00,6.383141e-01,-5.955253e-01
1.621277e+00,2.466661e-01,9.044890e+00,5.075596e+00,1.025778e+00,-1.272302e+00
2.111808e+00,1.444254e+00,1.038367e+01,5.656317e+00,1.358762e+00,-1.461562e+00
4.150748e+00,1.502223e+00,1.488261e+01,7.107030e+00,1.856473e+00,-1.158260e+00
5.410974e+00,2.379629e+00,1.392925e+01,7.986533e+00,1.853328e+00,-1.001542e+00
6.333136e+00,6.547227e+00,1.412231e+01,8.690247e+00,1.526006e+00,-6.149335e-01
-1.472160e+00,5.111496e+00,9.805813e+00,8.819098e+00,1.258292e+00,-2.389116e-01
-1.586346e+01,-1.480060e+01,7.030778e+00,6.404103e+00,-3.638125e-01,-1.719771e-01
-7.280582e+00,-1.571436e+01,9.913829e+00,5.498549e+00,-2.080802e-01,-3.853881e-01
1.433385e+01,3.370855e+01,-1.067557e+01,-1.226751e+00,3.562321e+00,7.695086e-01
1.725205e+01,1.983130e+01,2.989161e+00,-2.860756e+00,3.858239e+00,8.861596e-01
-6.799597e+00,-1.400251e+01,1.763598e+01,-2.670663e+00,1.476814e+00,1.138937e+00
3.029814e+00,-6.856379e+00,1.514083e+01,-3.586531e+00,-1.222031e+00,-2.402067e+00
-3.707323e+00,2.818259e+01,1.500028e+01,-3.530395e+00,5.321775e-01,5.449051e-01
-5.503148e+00,2.014265e+01,1.212081e+01,-3.186032e+00,2.904247e-01,-1.078233e-01
1.376916e+00,2.534333e+00,5.255158e+00,-1.443781e+00,5.532104e-01,-1.038722e-02
6.349310e+00,9.035371e+00,4.707941e+00,-6.040004e-01,1.916536e+00,2.558965e-01
5.298772e+00,1.294738e+01,2.275204e+00,-6.682293e-01,1.743316e+00,2.502415e-01
-1.208354e+00,7.634226e+00,8.816067e-01,-6.866261e-01,5.197400e-01,8.460462e-02
-5.489184e-01,1.095421e+01,8.566427e-02,-5.147799e-01,-1.190110e+00,-5.920070e-01
5.500251e-01,1.101504e+01,-7.449875e-01,-7.774385e-01,-7.419137e-01,-4.166837e-01
-1.645377e+00,6.999178e+00,-5.645505e-02,-1.017077e+00,-6.317762e-01,-3.466578e-01
-4.069384e+00,5.965884e+00,1.783286e+00,-1.281200e+00,-1.108029e+00,-5.434958e-01
-4.665699e-01,8.194178e+00,4.182226e+00,-1.649521e+00,-1.449453e+00,-6.323479e-01
2.600296e+00,8.589360e+00,4.939268e+00,-1.766774e+00,-1.058507e+00,-4.867594e-01
3.256254e+00,8.224966e+00,1.696633e+00,-1.799096e+00,-8.465171e-01,-4.282297e-01
2.119252e+00,1.022075e+01,-1.053500e+00,-1.893878e+00,-1.053607e+00,-3.640237e-01
2.427804e-01,1.143930e+01,-1.443643e+00,-2.415125e+00,-1.409854e+00,-1.056876e-01
3.711079e+00,1.178708e+01,-1.768252e-01,-2.801221e+00,-1.409071e+00,-8.231718e-02
1.144189e+01,1.382970e+01,-2.687795e+00,-3.420484e+00,-1.302240e+00,1.728890e-01
7.325856e+00,1.537251e+01,-4.896247e+00,-3.829400e+00,-1.420406e+00,2.981926e-01
-8.561856e+00,2.292441e+01,1.387014e+01,-4.528866e+00,-3.708584e+00,-6.011853e-02
-1.629380e+01,3.347791e+01,1.877253e+01,-5.046297e+00,-5.291709e+00,-2.831504e-01
-8.733954e+00,4.464841e+00,2.279393e+01,-4.681180e+00,-3.880161e+00,-1.055586e-01
7.096428e+00,9.388582e+00,1.186509e+01,-1.877139e+00,-8.759972e-01,7.522397e-01
8.467822e+00,1.164005e+01,1.306359e+01,-1.617614e+00,3.008675e+00,9.282691e-01
6.405800e+00,6.297399e+00,1.070527e+01,1.554069e-02,2.448770e+00,5.371343e-01
4.883601e+00,1.245271e+00,8.434123e+00,2.202771e+00,1.764597e+00,-1.252966e-01
4.040071e+00,1.765320e-01,9.594869e+00,3.772667e+00,1.290980e+00,-7.192557e-01
2.767961e+00,1.717715e+00,9.435184e+00,5.160754e+00,1.152021e+00,-1.344448e+00
2.241747e+00,1.056629e+00,1.121686e+01,5.995301e+00,1.177314e+00,-1.278544e+00
2.574429e+00,9.916002e-01,1.421216e+01,7.092033e+00,1.153032e+00,-1.124582e+00
3.514638e+00,2.715728e+00,1.320144e+01,7.969391e+00,1.237330e+00,-8.858114e-01
2.407118e+00,4.176018e+00,1.297065e+01,8.775953e+00,1.315855e+00,-2.128748e-01
-5.259260e+00,7.269872e-01,9.270136e+00,8.602285e+00,1.069983e+00,2.654426e-01
-1.431367e+01,-1.569951e+01,9.995465e+00,6.410848e+00,5.486843e-01,3.518081e-01
1.690585e+00,-1.255690e+01,1.187090e+01,3.309247e+00,1.881687e+00,2.093899e-01
2.109634e+01,3.699560e+01,-7.870962e+00,-2.186142e+00,3.928955e+00,1.025350e+00
3.655664e-01,1.200950e+01,1.036311e+01,-3.954991e+00,3.000395e+00,7.455637e-01
2.496976e+00,-2.179125e+01,1.605836e+01,-3.055683e+00,-7.229530e-01,-5.594919e-01
2.302102e+00,1.364718e+00,1.735387e+01,-3.255022e+00,-8.531815e-01,-2.084959e+00
-5.699732e+00,2.902396e+01,1.467949e+01,-3.815171e+00,1.673242e-01,1.495968e-01
-6.269887e+00,6.795069e+00,8.565583e+00,-2.815656e+00,-3.189067e-01,-4.036758e-01
1.963756e+00,5.374115e+00,5.598845e+00,-7.622057e-01,7.461553e-01,1.302195e-01
8.622905e+00,1.386241e+01,5.119253e+00,-6.766396e-01,1.725510e+00,3.268217e-01
4.642844e+00,1.164039e+01,1.674163e+00,-7.402737e-01,1.293725e+00,2.266667e-01
-4.507006e-01,9.283096e+00,1.224239e+00,-6.161920e-01,-1.174051e-01,-7.199956e-02
-2.970583e+00,1.105232e+01,4.433989e-02,-5.057171e-01,-1.282763e+00,-6.382646e-01
-2.850576e+00,8.213701e+00,-8.398079e-01,-6.734671e-01,-1.211360e+00,-5.607983e-01
-2.952367e+00,6.050217e+00,1.962801e+00,-9.458214e-01,-1.006051e+00,-5.063962e-01
-1.249311e+00,7.385843e+00,3.692165e+00,-1.241819e+00,-9.190401e-01,-4.478282e-01
6.033872e+00,7.830646e+00,2.358707e+00,-1.549008e+00,-7.356254e-01,-3.553658e-01
4.613050e+00,8.062467e+00,-1.698234e+00,-1.609850e+00,-7.808680e-01,-3.336848e-01
-2.949934e-01,1.078707e+01,-4.555807e+00,-1.996150e+00,-1.413432e+00,-2.699953e-01
-2.034980e+00,1.142000e+01,-5.600000e-01,-2.592113e+00,-1.869299e+00,-1.439138e-01
7.424003e+00,1.189585e+01,-1.922643e+00,-3.410736e+00,-1.662556e+00,6.183846e-02
1.418776e+01,1.111104e+01,-5.680070e+00,-3.787961e+00,-1.198746e+00,4.729051e-01
-1.573629e+00,1.789076e+01,6.143124e+00,-4.173010e+00,-1.438159e+00,4.635297e-01
-6.753070e+00,2.456727e+01,1.352837e+01,-4.919745e+00,-3.901984e+00,9.833133e-02
-1.847476e+01,2.081194e+01,2.140369e+01,-5.252705e+00,-4.838884e+00,-2.599030e-01
-1.623508e+00,4.271562e+00,1.958101e+01,-3.722650e+00,-3.137601e+00,2.744972e-01
1.073645e+01,1.460787e+01,1.367667e+01,-1.560312e+00,1.181900e+00,1.380363e+00
9.903418e+00,1.045504e+01,1.358837e+01,-1.545452e+00,3.205964e+00,1.150677e+00
5.473618e+00,2.861354e+00,7.867000e+00,1.487021e+00,2.174826e+00,3.729520e-01
3.935529e+00,7.096071e-01,8.173627e+00,2.897477e+00,1.441956e+00,-1.871130e-01
2.748333e+00,5.871805e-01,8.967500e+00,4.176705e+00,1.143462e+00,-9.146847e-01
2.582249e+00,1.502249e+00,9.743850e+00,5.151388e+00,1.280572e+00,-1.302901e+00
3.069301e+00,7.700000e-01,1.203693e+01,6.445754e+00,1.408780e+00,-1.109297e+00
3.897418e+00,9.550224e-01,1.516599e+01,7.178500e+00,1.465126e+00,-1.005137e+00
6.505799e+00,3.044135e+00,1.311751e+01,8.169413e+00,1.432153e+00,-6.809663e-01
3.256855e+00,4.406343e+00,1.371835e+01,8.753097e+00,1.232285e+00,-2.946285e-01
-8.363146e+00,-1.191568e+00,9.180053e+00,8.146667e+00,2.517202e-01,5.192003e-02
-1.539428e+01,-1.510192e+01,8.624359e+00,6.236572e+00,1.856939e-01,-7.403866e-02
4.014867e+00,-6.664788e+00,1.275118e+01,1.756683e+00,2.422484e+00,3.385106e-01
1.396412e+01,3.479672e+01,-7.205615e+00,-1.715843e+00,3.970142e+00,8.908857e-01
-7.364207e+00,-5.945406e+00,1.344294e+01,-3.391084e+00,3.307248e+00,1.179527e+00
-6.709273e-01,-1.887534e+01,1.700896e+01,-1.856011e+00,1.425286e+00,9.828201e-01
2.989507e+00,1.014154e+01,1.616019e+01,-3.705734e+00,6.679180e-02,-1.479148e+00
-2.275522e+00,2.510040e+01,1.466046e+01,-3.546559e+00,8.863479e-01,8.157026e-01
-4.302251e+00,6.572548e+00,8.001545e+00,-2.220096e+00,-1.721512e-01,-8.328818e-01
5.958604e-01,3.799550e+00,3.948399e+00,-1.209940e+00,1.781555e-01,-2.357523e-01
7.611304e+00,1.446105e+01,3.793716e+00,-6.164948e-01,1.283360e+00,1.618728e-01
2.592894e+00,1.168975e+01,1.689943e+00,-8.075945e-01,8.671773e-01,5.349025e-02
-2.746448e+00,9.134987e+00,1.108043e+00,-7.253901e-01,-6.167522e-01,-2.225532e-01
-4.966013e+00,9.608934e+00,1.591675e-01,-5.791669e-01,-1.285735e+00,-5.462214e-01
-3.252845e+00,6.086524e+00,-2.326945e+00,-7.888595e-01,-1.057594e+00,-4.296643e-01
-3.633190e+00,4.863767e+00,-1.113910e+00,-1.015362e+00,-8.790873e-01,-4.759935e-01
2.169215e-01,7.846086e+00,4.550026e+00,-1.480081e+00,-1.082365e+00,-5.452905e-01
6.525570e+00,1.035868e+01,3.354584e+00,-1.692490e+00,-9.127349e-01,-5.100745e-01
6.332571e+00,7.723059e+00,-6.858999e-01,-1.878851e+00,-1.111708e+00,-4.868454e-01
1.727824e+00,1.077157e+01,-2.574917e+00,-2.094696e+00,-1.790462e+00,-5.032174e-01
-2.129665e+00,1.146014e+01,1.769186e-02,-2.717687e+00,-2.365943e+00,-2.641961e-01
-3.787004e-01,1.214658e+01,-1.656321e+00,-3.224142e+00,-2.205269e+00,-6.230992e-03
4.582213e+00,1.389115e+01,-5.020922e+00,-3.758152e+00,-1.478421e+00,6.719614e-01
-3.736232e+00,1.756572e+01,7.089440e+00,-4.105113e+00,-1.407810e+00,8.326068e-01
1.461218e+00,2.919348e+01,1.251119e+01,-5.411391e+00,-2.728140e+00,5.194111e-01
-9.012126e+00,2.632213e+01,1.905619e+01,-5.939428e+00,-2.773917e+00,6.003105e-01
2.765704e+00,5.246223e+00,1.406329e+01,-3.375747e+00,-2.106763e+00,-9.232882e-02
6.197854e+00,1.392655e+01,1.023640e+01,-1.686282e+00,-5.470495e-02,3.545663e-01
-1.664406e-01,6.822881e+00,1.436322e+01,-1.320376e+00,8.275236e-01,1.458131e-01
2.366436e+00,3.260336e+00,9.290294e+00,8.934396e-01,8.806304e-01,-3.590344e-01
4.838825e+00,-1.858832e-01,9.886763e+00,2.909392e+00,1.788624e+00,-5.362312e-01
5.212631e+00,-4.026309e-01,8.330233e+00,4.264249e+00,2.270876e+00,-9.068421e-01
3.343414e+00,7.558813e-01,8.923525e+00,5.645358e+00,2.226756e+00,-1.012946e+00
3.058128e+00,5.330398e-01,1.053911e+01,6.322522e+00,1.867571e+00,-8.606907e-01
3.707347e+00,7.704071e-01,1.578816e+01,7.370586e+00,1.388498e+00,-7.162875e-01
5.039996e+00,3.100421e+00,1.266882e+01,8.148248e+00,1.184431e+00,-5.366313e-01
-3.710715e-01,5.202875e+00,1.053888e+01,8.921255e+00,1.026529e+00,-9.394613e-02
-1.028873e+01,2.296479e+00,1.168186e+01,8.579875e+00,7.122026e-01,7.140480e-02
-1.038089e+01,-1.694069e+01,9.559144e+00,6.128799e+00,1.719135e-01,1.851800e-01
5.547872e-01,-1.236685e+01,6.698568e+00,3.059429e+00,2.206275e+00,6.415478e-01
2.997574e+01,3.228940e+01,4.790435e+00,-2.524477e+00,4.395229e+00,1.248234e+00
2.243963e-01,-7.812863e+00,1.843801e+01,-3.710494e+00,4.092479e+00,1.542797e+00
-7.213628e-01,-9.484515e+00,1.306068e+01,-3.501001e+00,-1.640220e+00,-2.574555e+00
-2.305242e+00,1.205794e+01,2.050745e+01,-2.827385e+00,-1.694308e+00,-1.559986e+00
-1.170034e+01,1.905154e+01,1.114554e+01,-3.324324e+00,-1.330186e+00,-3.703927e-01
-1.027741e+00,1.878375e+00,5.857997e+00,-2.274507e+00,-4.620268e-01,-4.644992e-01
7.869596e+00,8.334280e+00,4.056264e+00,-6.792976e-01,2.290264e+00,7.173728e-01
1.208147e+01,1.433442e+01,2.850329e+00,-7.418200e-01,2.870943e+00,6.878167e-01
-1.400549e+00,7.505051e+00,1.152089e+00,-6.981733e-01,5.837545e-01,2.896703e-01
-2.688820e+00,8.281517e+00,1.178314e+00,-6.226078e-01,-1.038981e+00,-3.550434e-01
-1.319847e+00,9.907213e+00,-2.964152e-01,-7.827636e-01,-1.363921e+00,-5.288660e-01
-1.612830e-01,8.177482e+00,-5.618225e-01,-1.030596e+00,-9.025547e-01,-3.342097e-01
-2.380000e+00,7.546225e+00,2.566352e+00,-1.441053e+00,-6.977274e-01,-1.604836e-01
-1.815343e+00,9.342436e+00,4.940338e+00,-1.685670e+00,-8.364750e-01,-2.429884e-01
1.704841e+00,8.716362e+00,5.896001e+00,-1.822298e+00,-6.967288e-01,-2.216139e-01
3.942609e+00,8.204117e+00,3.325022e+00,-1.700937e+00,-4.366810e-01,-1.829186e-01
2.519840e+00,9.085925e+00,-2.247798e+00,-1.731312e+00,-5.193880e-01,-5.265150e-02
9.786341e-01,1.110733e+01,-8.534797e-01,-2.072321e+00,-8.842809e-01,1.251103e-02
1.500089e+00,1.057595e+01,1.428205e+00,-2.731648e+00,-1.370767e+00,-5.473613e-02
9.779370e+00,1.133926e+01,-1.312399e+00,-3.314155e+00,-1.550017e+00,-1.376489e-02
1.037678e+01,1.799734e+01,-4.013861e+00,-3.843193e+00,-1.372937e+00,3.174447e-01
-2.711349e+00,1.944342e+01,8.098078e+00,-4.503347e+00,-2.359989e+00,1.915339e-01
-1.992105e+01,3.217028e+01,1.991444e+01,-5.085590e+00,-5.967332e+00,-3.472010e-01
-1.528798e+01,1.331900e+01,1.944159e+01,-5.084035e+00,-5.479780e+00,-2.288780e-01
4.839448e+00,4.172310e+00,1.678693e+01,-1.813135e+00,-6.787102e-01,8.730360e-01
1.144753e+01,1.419864e+01,1.059092e+01,-7.526473e-01,2.211788e+00,1.161459e+00
5.424743e+00,4.747419e+00,1.097927e+01,-1.390001e-02,2.732938e+00,8.539273e-01
3.769059e+00,2.303546e+00,7.697742e+00,2.121460e+00,1.699687e+00,1.044440e-02
5.801741e-01,1.670479e+00,9.731110e+00,3.620577e+00,1.022182e+00,-4.191472e-01
2.734996e-01,1.477733e+00,1.087558e+01,4.562287e+00,1.082362e+00,-8.298621e-01
2.038179e+00,1.336997e+00,1.071697e+01,5.926301e+00,1.871279e+00,-1.063527e+00
4.127345e+00,2.548485e-01,1.321250e+01,6.767027e+00,2.308712e+00,-9.038484e-01
6.215005e+00,2.719157e+00,1.323440e+01,7.629019e+00,2.489976e+00,-7.393694e-01
6.494941e+00,2.123462e+00,1.388024e+01,8.511280e+00,1.887929e+00,-4.449768e-01
-3.909504e+00,5.498473e+00,9.230859e+00,8.685486e+00,9.367249e-01,-2.764487e-01
-1.555479e+01,-6.448392e+00,8.485764e+00,7.252540e+00,2.252665e-02,-3.082322e-01
-6.751668e-02,-1.458138e+01,1.188580e+01,3.857926e+00,1.059174e+00,-3.250463e-01
9.060501e+00,-5.365153e+00,1.571203e+01,9.609305e-01,3.183021e+00,5.798920e-01
3.761144e+01,3.941000e+01,-2.159985e+01,-3.044285e+00,4.328187e+00,1.031186e+00
2.898360e+00,1.439215e+01,1.433007e+01,-4.234146e+00,2.852832e+00,6.965920e-01
-1.049310e+01,-1.546396e+01,1.363353e+01,-6.066339e-01,-2.234067e+00,-1.594164e+00
-1.005038e+00,2.037500e+01,1.763804e+01,-2.720092e+00,-1.718572e+00,-2.474002e+00
2.098747e+00,1.667082e+01,9.851933e+00,-3.897287e+00,1.962907e+00,1.072696e+00
-3.291461e+00,6.305866e+00,7.704829e+00,-1.723905e+00,4.230373e-01,-4.458605e-01
6.518029e+00,8.437390e+00,4.945360e+00,-8.699290e-01,7.263759e-01,4.425506e-01
1.089463e+01,1.518822e+01,3.887740e+00,-8.065711e-01,1.982680e+00,5.968709e-01
2.205822e+00,8.619096e+00,1.674016e+00,-9.397079e-01,1.402915e+00,4.335304e-01
-3.493240e+00,9.297183e+00,1.462958e+00,-7.514881e-01,-3.203595e-01,-1.593187e-01
-3.259020e+00,9.177455e+00,-4.105471e-01,-8.188865e-01,-1.499467e+00,-6.057491e-01
-1.645647e+00,7.153595e+00,-1.542458e+00,-9.631705e-01,-1.248563e+00,-5.466638e-01
-2.414682e+00,6.760034e+00,2.455799e+00,-1.261832e+00,-6.324244e-01,-2.952938e-01
9.528453e-01,8.726706e+00,5.997300e+00,-1.584865e+00,-6.291193e-01,-2.714158e-01
4.197235e+00,9.274063e+00,3.355351e+00,-1.821734e+00,-4.712987e-01,-1.964440e-01
4.454103e+00,8.582436e+00,-6.968801e-01,-1.879892e+00,-3.047982e-01,-1.034140e-01
3.398362e+00,1.149937e+01,-3.392039e+00,-2.110397e+00,-6.491913e-01,5.732584e-03
2.379546e+00,1.104068e+01,-1.928635e+00,-2.521161e+00,-9.972042e-01,5.866139e-02
4.548117e+00,1.307233e+01,-8.735068e-01,-3.246901e+00,-1.452522e+00,8.271598e-02
4.873541e+00,1.641785e+01,-5.044016e+00,-3.753597e+00,-1.662241e+00,3.331070e-01
-5.781753e+00,1.798056e+01,9.112566e+00,-4.283618e+00,-2.147961e+00,5.720715e-01
-2.519110e+00,2.718540e+01,1.554126e+01,-4.876573e+00,-3.290674e+00,3.081902e-01
-7.126104e+00,1.298671e+01,2.057779e+01,-5.232059e+00,-3.402241e+00,1.671456e-03
3.078130e+00,4.481196e+00,1.624992e+01,-3.575070e+00,-2.351559e+00,-1.420175e-01
6.996327e+00,1.314644e+01,1.086386e+01,-1.386516e+00,2.898082e-01,9.398836e-02
2.676506e+00,8.461153e+00,1.273907e+01,-9.538060e-01,7.286199e-01,-3.609521e-01
1.202413e+00,3.261138e+00,9.059459e+00,1.672100e+00,2.406000e-01,-1.118488e+00
2.780635e+00,4.409307e-01,1.002680e+01,3.205863e+00,8.443356e-01,-1.202376e+00
3.854061e+00,5.658189e-01,9.047031e+00,4.518380e+00,1.806655e+00,-1.536040e+00
3.948533e+00,7.880198e-01,9.475795e+00,5.461870e+00,2.380134e+00,-1.793598e+00
5.394647e+00,1.973098e+00,1.163158e+01,6.518959e+00,2.424357e+00,-1.593158e+00
6.429943e+00,3.001290e+00,1.257631e+01,7.285821e+00,2.250774e+00,-1.520863e+00
8.034882e+00,1.041295e+01,1.168403e+01,8.215954e+00,1.701375e+00,-1.342953e+00
-2.742907e+00,8.371509e+00,9.011057e+00,8.315392e+00,8.674174e-01,-8.049226e-01
-2.356272e+01,-1.265671e+01,9.305627e+00,7.417207e+00,-9.095042e-01,-5.417981e-01
-9.200008e+00,-1.652917e+01,4.094501e+00,5.568980e+00,-3.646741e-02,-7.211868e-01
6.922222e+00,1.828431e+01,4.211518e+00,1.075715e+00,4.517598e+00,4.445946e-01
3.020167e+01,3.915632e+01,-3.994127e-01,-2.027394e+00,4.987137e+00,1.302907e+00
3.486625e-01,-9.088225e+00,1.140490e+01,-2.433572e+00,3.433146e+00,1.651314e+00
9.608772e+00,-7.912662e+00,1.149985e+01,-3.074489e+00,4.477330e-01,-1.022229e+00
-3.898619e+00,1.847069e+01,1.731640e+01,-3.624714e+00,9.670389e-01,-1.102408e-01
-8.411495e+00,2.529550e+01,1.458625e+01,-3.389976e+00,-4.535031e-01,-3.446474e-01
-1.085964e+01,2.968204e+00,5.189221e+00,-2.347690e+00,-2.116372e+00,-1.048243e+00
-1.194063e+00,8.262300e+00,6.470164e+00,-1.240145e+00,-7.586515e-01,-1.435116e-02
1.240014e+01,1.298944e+01,3.326755e+00,-9.671265e-01,2.345520e+00,8.566284e-01
1.105323e+01,8.665512e+00,1.505676e+00,-9.675118e-01,3.259003e+00,8.831655e-01
1.311328e+00,9.031987e+00,2.279724e+00,-8.657853e-01,8.817739e-01,2.414754e-01
-1.102837e+00,1.133653e+01,2.083048e+00,-1.000331e+00,-8.480669e-01,-3.439187e-01
-3.544233e+00,9.486278e+00,3.139416e-01,-1.282266e+00,-1.580110e+00,-5.278767e-01
-4.357076e+00,7.916013e+00,1.142431e+00,-1.409593e+00,-1.442423e+00,-5.253614e-01
1.921902e-01,8.560625e+00,5.043908e+00,-1.567137e+00,-9.611360e-01,-3.502770e-01
3.030162e+00,8.701626e+00,6.400081e+00,-1.671515e+00,-5.570215e-01,-2.577613e-01
3.530922e+00,8.953875e+00,6.953328e-01,-1.725457e+00,-3.121629e-01,-1.257856e-01
1.086980e+00,8.511326e+00,-3.109452e+00,-1.783280e+00,-4.676858e-01,-1.023633e-01
2.393649e+00,1.126525e+01,-3.128252e+00,-2.178011e+00,-9.049232e-01,8.099301e-02
2.422517e+00,1.114610e+01,-9.031952e-01,-2.806959e+00,-1.078684e+00,7.606215e-02
9.055800e+00,1.866608e+01,-6.704890e+00,-3.615341e+00,-1.399555e+00,1.153913e-01
4.682026e+00,2.031945e+01,-1.805347e+00,-3.960873e+00,-1.437366e+00,3.656120e-01
-5.928822e+00,2.410799e+01,1.598355e+01,-4.765788e+00,-3.165802e+00,3.629068e-01
-1.219759e+01,3.084489e+01,1.746882e+01,-5.122408e+00,-4.471206e+00,-1.883822e-01
1.837904e+00,1.602829e+00,2.084592e+01,-4.351926e+00,-2.930704e+00,-1.003505e-01
1.198633e+01,1.079668e+01,8.244564e+00,-1.253157e+00,-4.318225e-01,1.173446e-01
5.171980e+00,7.018315e+00,1.064695e+01,-1.009574e+00,1.544804e+00,-1.736278e-01
2.058741e+00,5.136274e+00,9.483503e+00,5.914338e-01,7.442604e-01,-7.895615e-01
1.904625e+00,1.164181e+00,8.132756e+00,2.646808e+00,4.097959e-02,-1.563610e+00
2.212944e+00,8.587301e-01,8.804146e+00,3.948321e+00,4.942409e-01,-1.750795e+00
2.410218e+00,2.063447e+00,9.667331e+00,5.122842e+00,1.309464e+00,-2.134212e+00
3.505974e+00,3.031991e+00,1.109753e+01,5.835428e+00,1.638222e+00,-1.941260e+00
4.634056e+00,3.367902e+00,1.431417e+01,6.764070e+00,1.890237e+00,-1.643580e+00
7.590190e+00,6.735640e+00,1.189131e+01,7.731743e+00,1.768588e+00,-1.339309e+00
3.118407e+00,5.058668e+00,8.027614e+00,8.362975e+00,1.145067e+00,-4.642832e-01
-1.621074e+01,-1.252148e+01,5.146864e+00,7.968868e+00,9.217631e-02,-7.631022e-02
-9.236520e+00,-1.913788e+01,6.257840e+00,6.094522e+00,-6.725582e-01,-1.016692e+00
3.206444e+00,-1.132512e+00,9.021683e+00,2.129539e+00,1.311638e+00,-5.989582e-01
1.278688e+01,3.094944e+01,6.001840e+00,-3.207735e+00,3.433172e+00,1.285642e+00
-3.542829e+00,-1.372174e+01,1.446414e+01,-3.197289e+00,3.325615e+00,1.654818e+00
-1.597917e+00,-3.059754e+00,1.761253e+01,-2.839515e+00,-8.561761e-01,-2.004688e+00
-2.916274e+00,1.891184e+01,1.686223e+01,-3.505312e+00,1.779471e-01,-6.443078e-01
-5.315207e+00,1.440454e+01,9.995162e+00,-3.250228e+00,-2.442824e-01,-3.815616e-01
-6.255144e+00,3.162285e+00,6.571430e+00,-1.782757e+00,-8.456382e-01,-1.200826e-01
7.426656e+00,1.214690e+01,5.039767e+00,-9.352070e-01,6.178944e-01,3.590320e-01
9.819491e+00,1.443322e+01,3.343880e+00,-9.356669e-01,2.206516e+00,8.296151e-01
2.977485e+00,7.921722e+00,8.204640e-01,-8.744610e-01,1.343411e+00,4.502680e-01
-1.542177e+00,9.797046e+00,-1.322413e-02,-7.778870e-01,-3.138455e-01,-3.123152e-02
-5.019973e+00,8.402789e+00,-1.806775e-02,-9.844032e-01,-1.393984e+00,-3.341626e-01
-4.638709e+00,6.250460e+00,5.211064e-01,-1.185151e+00,-1.605132e+00,-4.432351e-01
-1.207293e-01,7.598573e+00,3.908986e+00,-1.467666e+00,-1.172338e+00,-3.127880e-01
3.399062e+00,8.558643e+00,4.444134e+00,-1.667146e+00,-6.680738e-01,-2.063216e-01
4.683354e+00,8.325188e+00,1.576407e-01,-1.796776e+00,-2.392780e-01,-9.163607e-02
2.993804e+00,9.435668e+00,-1.741929e+00,-1.964282e+00,-4.937689e-01,-1.071025e-01
-2.525606e+00,1.077221e+01,8.685426e-01,-2.466805e+00,-1.319615e+00,-1.169844e-01
7.350551e-01,1.132507e+01,7.674422e-01,-3.015066e+00,-1.636002e+00,-5.226496e-02
1.447155e+01,1.519771e+01,-5.322493e+00,-3.489100e+00,-1.381634e+00,3.372785e-01
1.022541e+01,1.920294e+01,-5.368777e+00,-3.795051e+00,-8.681078e-01,6.570686e-01
-8.495059e+00,2.135106e+01,1.591917e+01,-4.577821e+00,-3.059837e+00,3.209390e-01
-1.682460e+01,2.991134e+01,1.995699e+01,-5.005334e+00,-5.214223e+00,-3.241161e-01
-2.630657e+00,2.718842e+00,1.852970e+01,-4.776908e+00,-3.650813e+00,-1.348129e-02
9.264603e+00,9.617423e+00,1.020686e+01,-1.909577e+00,-9.309016e-01,5.317057e-01
8.079678e+00,9.493522e+00,1.224470e+01,-1.415512e+00,2.421935e+00,1.204905e+00
6.438971e+00,6.202587e+00,1.065375e+01,-1.339883e-01,2.330758e+00,7.342159e-01
5.222258e+00,1.723751e+00,7.884756e+00,2.386229e+00,1.579062e+00,-1.658507e-01
4.469438e+00,7.981124e-01,9.257269e+00,3.604327e+00,1.314743e+00,-4.640294e-01
4.801709e+00,1.110711e+00,8.194458e+00,4.676204e+00,1.234825e+00,-1.108125e+00
4.573338e+00,1.942773e+00,9.084843e+00,5.550108e+00,1.348358e+00,-1.285855e+00
4.078376e+00,2.854945e+00,1.254018e+01,6.489537e+00,1.084902e+00,-1.393775e+00
4.245460e+00,4.028325e+00,1.571087e+01,7.253767e+00,8.118260e-01,-1.380268e+00
4.770346e+00,1.060390e+01,1.277281e+01,8.108876e+00,5.676434e-01,-1.251504e+00
-5.182461e-01,7.460490e+00,9.715089e+00,8.593559e+00,3.571129e-01,-9.540166e-01
-1.294667e+01,-1.053917e+01,7.793786e+00,7.505769e+00,-2.741320e-01,-5.270876e-01
-4.844328e+00,-1.636330e+01,3.776340e+00,5.658849e+00,-1.095614e-01,-4.413980e-01
1.029880e+01,3.326387e+01,-4.045483e+00,2.134727e+00,2.317230e+00,1.799487e-01
8.523487e+00,2.150498e+01,5.828347e+00,-2.592471e+00,3.041523e+00,8.944573e-01
-2.557909e+00,-7.385187e+00,1.499313e+01,-2.886271e+00,2.750809e+00,1.711892e+00
-9.050733e-01,-6.111826e+00,1.203693e+01,-3.843326e+00,-1.683512e+00,-2.068054e+00
-5.356451e+00,2.358719e+01,1.667505e+01,-3.194827e+00,-3.876993e-01,1.251600e-01
-3.455827e+00,2.603974e+01,1.124188e+01,-3.044691e+00,-4.659924e-01,-1.567706e-01
-8.468738e-01,1.000422e+00,3.954121e+00,-2.028354e+00,2.243284e-01,-8.071243e-03
5.217239e+00,1.089959e+01,5.037161e+00,-6.892864e-01,1.035897e+00,4.385557e-01
7.577817e+00,1.324072e+01,2.745361e+00,-1.038782e+00,1.923698e+00,6.193873e-01
7.498234e-01,7.590931e+00,2.119167e+00,-9.138542e-01,1.156308e+00,3.648149e-01
-1.689275e+00,1.014430e+01,9.889897e-01,-7.806933e-01,-8.433730e-01,-2.130329e-01
-1.592666e+00,1.082800e+01,-1.793250e-01,-8.756922e-01,-1.001368e+00,-2.676192e-01
-2.178924e+00,6.950812e+00,-9.345582e-01,-1.084543e+00,-6.825204e-01,-1.149221e-01
-3.256260e+00,7.096286e+00,1.489414e+00,-1.283494e+00,-6.612149e-01,-1.701372e-01
-3.587341e-01,9.548302e+00,6.564198e+00,-1.630876e+00,-6.918345e-01,-2.386960e-01
5.227014e+00,9.701814e+00,5.345575e+00,-1.754165e+00,-4.030526e-01,-9.325627e-02
4.542347e+00,8.495222e+00,-2.764700e-02,-1.684396e+00,5.614623e-02,2.179908e-02
2.743665e+00,8.989428e+00,-1.968481e+00,-1.748686e+00,-6.607288e-02,9.881593e-02
-1.480577e+00,1.212374e+01,-4.151061e-01,-2.244696e+00,-8.571135e-01,9.811838e-02
-5.833312e-01,1.120330e+01,8.512452e-01,-2.886712e+00,-1.243087e+00,1.145398e-01
9.864208e+00,1.397074e+01,-3.436808e+00,-3.497146e+00,-1.229199e+00,2.614532e-01
9.369480e+00,2.186022e+01,-6.918146e+00,-3.864985e+00,-9.361522e-01,6.315959e-01
-5.953077e+00,1.751472e+01,1.404925e+01,-4.508259e+00,-2.552875e+00,4.869813e-01
-1.157596e+01,2.956384e+01,1.711516e+01,-4.782316e+00,-4.788477e+00,-2.350578e-03
-6.608797e+00,5.276296e+00,2.214781e+01,-4.904709e+00,-3.915516e+00,-2.951395e-01
4.870628e+00,5.447431e+00,1.304207e+01,-2.738068e+00,-1.952984e+00,-1.010785e-01
6.693598e+00,1.051554e+01,1.171409e+01,-1.305942e+00,1.996816e+00,5.130528e-01
4.010277e+00,6.297072e+00,1.114634e+01,-3.804897e-01,1.958119e+00,1.186500e-01
3.657268e+00,6.521867e-01,8.788141e+00,2.025781e+00,1.255700e+00,-7.566291e-01
4.045878e+00,3.460601e-01,9.761938e+00,3.484937e+00,1.267778e+00,-1.129135e+00
3.861337e+00,1.865134e+00,8.648877e+00,4.553010e+00,1.438155e+00,-1.642107e+00
3.154830e+00,1.920870e+00,1.006339e+01,5.461136e+00,1.513935e+00,-1.656065e+00
2.961502e+00,2.853259e+00,1.497981e+01,6.687620e+00,1.369472e+00,-1.552440e+00
3.542998e+00,4.161228e+00,1.458363e+01,7.548149e+00,1.310125e+00,-1.346777e+00
6.496331e+00,8.856554e+00,1.312912e+01,8.453526e+00,1.344021e+00,-9.294039e-01
2.693567e+00,5.239026e+00,8.029471e+00,8.776507e+00,1.421869e+00,-1.854727e-01
-1.665751e+01,-1.370328e+01,1.059111e+01,7.492730e+00,4.802506e-01,-6.440453e-02
-1.003529e+00,-1.275613e+01,6.992381e+00,4.954436e+00,6.376096e-01,-2.566813e-01
2.319697e+01,3.249310e+01,-2.496860e+00,6.314536e-01,3.440032e+00,6.588214e-01
1.451242e+01,2.623469e+01,7.916130e+00,-3.186494e+00,4.129580e+00,1.331811e+00
7.835071e-01,-1.355374e+01,1.284499e+01,-2.788615e+00,2.775415e+00,1.419548e+00
-1.986288e+00,3.885741e+00,1.524785e+01,-3.682720e+00,-4.616555e-01,-1.704148e+00
-2.664068e+00,2.626678e+01,1.451528e+01,-3.548505e+00,2.539929e-01,2.705583e-01
-5.205756e+00,1.003106e+01,8.624718e+00,-3.111989e+00,-2.487261e-01,-8.105149e-01
-4.357154e-01,5.177191e+00,5.451948e+00,-1.606778e+00,9.210893e-02,1.233198e-01
5.885012e+00,1.242335e+01,6.159050e+00,-1.113492e+00,1.223137e+00,4.602317e-01
5.331680e+00,9.270874e+00,2.729396e+00,-1.151943e+00,2.092708e+00,4.531184e-01
9.668576e-01,7.468286e+00,3.086536e+00,-9.905765e-01,8.974195e-01,2.194198e-01
2.092564e-01,1.088401e+01,1.955729e+00,-8.845410e-01,-7.032569e-01,-2.923899e-01
-7.950374e-01,1.039704e+01,2.337294e-01,-1.012094e+00,-9.053098e-01,-4.030525e-01
-2.811666e+00,7.462795e+00,7.563941e-01,-1.147862e+00,-9.768764e-01,-4.028576e-01
-2.044092e+00,8.436012e+00,2.996493e+00,-1.339245e+00,-9.877928e-01,-3.997260e-01
3.743812e+00,9.048839e+00,4.652905e+00,-1.611473e+00,-7.574156e-01,-2.867956e-01
4.437247e+00,8.241651e+00,2.338885e+00,-1.684786e+00,-5.476728e-01,-1.936482e-01
3.303624e-01,9.736376e+00,-3.593898e+00,-1.759409e+00,-7.748666e-01,-1.839006e-01
-2.004064e+00,1.123536e+01,-8.043539e-01,-2.124830e+00,-1.233236e+00,-5.386964e-02
1.775937e+00,1.214200e+01,4.259214e-01,-2.809506e+00,-1.387079e+00,2.520618e-02
8.478094e+00,1.363311e+01,-6.105764e-01,-3.393466e+00,-1.174986e+00,2.481222e-01
2.757023e+00,1.965781e+01,-1.192614e+00,-3.897340e+00,-7.362700e-01,6.924202e-01
-6.194801e+00,1.698841e+01,1.314361e+01,-4.569292e+00,-1.897472e+00,6.311766e-01
-1.219641e+01,3.119252e+01,1.878060e+01,-4.960791e+00,-4.796488e+00,-2.268175e-01
-7.674027e+00,1.020447e+01,1.940887e+01,-5.188150e+00,-3.747745e+00,-2.030818e-01
1.069653e+01,1.141006e+01,7.842203e+00,-2.025791e+00,-1.039304e+00,1.989455e-01
7.802774e+00,1.031126e+01,1.034116e+01,-1.234323e+00,1.635476e+00,4.826988e-01
2.493411e+00,5.382049e+00,9.669879e+00,-2.084239e-01,1.459216e+00,-2.518789e-01
2.510000e+00,2.410012e+00,8.304460e+00,1.656066e+00,8.180724e-01,-9.965399e-01
3.759109e+00,1.695246e+00,8.422703e+00,3.633468e+00,1.204095e+00,-1.154219e+00
4.532950e+00,1.884426e+00,8.615737e+00,4.530124e+00,1.770218e+00,-1.427791e+00
5.198835e+00,2.056871e+00,1.135736e+01,5.651441e+00,2.230045e+00,-1.306241e+00
5.394136e+00,2.034136e+00,1.318285e+01,6.524195e+00,2.196467e+00,-1.166066e+00
8.184949e+00,6.153363e+00,1.241930e+01,7.701529e+00,1.662245e+00,-8.865297e-01
7.896594e+00,7.165043e+00,1.279747e+01,8.425304e+00,1.060135e+00,-4.203496e-01
-5.982209e+00,-1.760117e+00,8.035601e+00,8.627327e+00,2.102696e-01,2.441744e-01
-1.641677e+01,-1.153442e+01,7.982819e+00,7.588817e+00,-1.063367e+00,-4.734515e-01
2.063131e+00,-6.515788e+00,1.116247e+01,3.675080e+00,-4.701453e-02,-7.903336e-01
9.254030e+00,3.103282e+01,-4.925723e+00,1.840645e-02,2.173518e+00,4.829654e-01
1.503163e+00,1.019515e+01,8.644291e+00,-3.473078e+00,3.037760e+00,9.722910e-01
-4.955107e+00,-1.442226e+01,1.164379e+01,-1.633339e+00,2.972861e+00,1.963661e+00
-2.403264e+00,1.284982e+01,1.426239e+01,-2.540983e+00,-7.322887e-01,-1.814590e+00
-2.854763e+00,2.523014e+01,1.209081e+01,-3.110712e+00,8.310697e-01,7.550131e-01
-5.135358e-01,2.980177e+00,4.483961e+00,-2.869174e+00,1.234977e-01,-6.363122e-01
-1.418463e+00,3.337434e+00,3.411268e+00,-1.740697e+00,1.651679e-01,-1.139430e-01
3.955863e+00,1.346259e+01,3.863176e+00,-1.491438e+00,5.349914e-01,1.114674e-01
2.501950e+00,9.335016e+00,2.507057e+00,-1.465912e+00,1.008759e+00,1.336988e-01
-1.053539e+00,6.794376e+00,3.137188e+00,-1.389342e+00,3.833188e-01,-1.930613e-02
-1.435492e+00,9.177670e+00,3.590000e+00,-1.348032e+00,-5.717274e-01,-3.456988e-01
2.578208e-01,9.638559e+00,2.780000e+00,-1.518652e+00,-6.116023e-01,-2.848995e-01
7.985885e-01,8.931736e+00,3.271969e+00,-1.520017e+00,-4.367692e-01,-2.689393e-01
1.465331e-01,8.883330e+00,5.038140e+00,-1.553147e+00,-5.337776e-01,-3.088711e-01
1.173863e+00,9.310111e+00,6.567819e+00,-1.591819e+00,-8.100501e-01,-3.611715e-01
1.535284e+00,9.169246e+00,1.432724e+00,-1.546914e+00,-1.006290e+00,-4.174704e-01
1.938651e+00,8.546129e+00,-4.388597e+00,-1.552408e+00,-1.033204e+00,-2.295499e-01
-7.066630e-01,1.039676e+01,-1.791999e+00,-1.769119e+00,-1.086300e+00,-8.746993e-02
-1.323865e+00,1.079699e+01,4.908949e-02,-2.430403e+00,-1.431807e+00,-3.864409e-02
8.726960e+00,1.237548e+01,-2.532439e+00,-3.330967e+00,-1.636013e+00,5.472671e-02
7.317194e+00,1.972490e+01,-5.545646e+00,-3.757078e+00,-1.227467e+00,4.555359e-01
-5.191013e+00,1.798221e+01,1.095649e+01,-4.332005e+00,-1.838857e+00,4.731173e-01
-6.616823e+00,2.715408e+01,1.638910e+01,-4.849567e+00,-3.819638e+00,4.314301e-02
-3.743265e+00,5.499061e+00,2.195998e+01,-5.108125e+00,-3.688863e+00,-1.380435e-01
6.693483e+00,6.001628e+00,1.403293e+01,-3.193777e+00,-2.145516e+00,-1.949339e-01
9.329335e+00,1.455157e+01,1.055670e+01,-1.189089e+00,8.378823e-01,1.589722e-01
3.542971e+00,6.257833e+00,1.232946e+01,-1.156570e+00,1.526452e+00,-1.268920e-01
3.823095e+00,1.406279e+00,8.430671e+00,1.897391e+00,5.001100e-01,-1.306167e+00
4.035247e+00,5.469201e-01,8.629126e+00,3.350712e+00,7.547189e-01,-1.555282e+00
3.664445e+00,1.115495e+00,8.805254e+00,4.531144e+00,1.355345e+00,-1.885941e+00
3.309224e+00,2.116186e+00,1.022463e+01,5.444945e+00,1.829116e+00,-2.028991e+00
3.527979e+00,2.525855e+00,1.499992e+01,6.495501e+00,1.946400e+00,-1.565172e+00
4.281487e+00,3.750583e+00,1.345387e+01,7.478028e+00,1.916991e+00,-1.237800e+00
7.700227e+00,7.632066e+00,1.336126e+01,8.626493e+00,1.673564e+00,-5.465723e-01
1.792869e+00,5.131010e+00,7.643805e+00,8.936358e+00,1.405755e+00,4.056709e-01
-1.175300e+01,-1.374419e+01,9.800781e+00,7.596156e+00,8.068729e-02,4.202271e-01
-1.237519e+00,-1.258654e+01,2.356899e+00,5.097675e+00,4.488962e-01,-4.740827e-01
9.089773e+00,3.514010e+01,-7.362524e+00,1.071448e+00,2.605269e+00,4.219921e-01
1.408513e+00,2.302985e+01,1.075178e+01,-2.896812e+00,2.625296e+00,9.214370e-01
5.334293e+00,-1.365259e+01,1.218538e+01,-3.034296e+00,1.918871e+00,1.141243e+00
9.293513e-01,-3.188145e+00,1.398378e+01,-3.620012e+00,-2.427298e-01,-1.761359e+00
-4.150140e+00,3.104028e+01,1.558035e+01,-3.140812e+00,1.399559e-01,1.049244e-01
-5.695726e+00,1.705050e+01,9.887404e+00,-3.261491e+00,-7.813365e-01,-7.504725e-01
3.120658e-01,5.986033e+00,4.981617e+00,-1.519805e+00,-2.402442e-01,1.088994e-01
7.936719e+00,1.338856e+01,4.864857e+00,-9.323997e-01,1.315355e+00,3.541946e-01
5.352078e+00,9.581876e+00,1.900581e+00,-1.004091e+00,2.264346e+00,6.242878e-01
1.793364e+00,7.527154e+00,1.845692e+00,-9.295689e-01,1.282275e+00,3.076322e-01
-1.336523e+00,1.068652e+01,5.889879e-01,-8.833558e-01,-7.794880e-01,-3.057292e-01
-1.869958e+00,1.011971e+01,-1.984833e-01,-1.045183e+00,-1.096339e+00,-4.002180e-01
-3.893675e+00,6.702151e+00,1.262814e+00,-1.243077e+00,-1.049423e+00,-3.835547e-01
-3.378145e+00,7.331455e+00,3.956882e+00,-1.405129e+00,-1.059724e+00,-4.050118e-01
5.453556e+00,9.091602e+00,5.708993e+00,-1.696092e+00,-6.637444e-01,-2.486508e-01
6.625315e+00,9.412295e+00,4.088275e+00,-1.737213e+00,-1.557255e-01,-7.911895e-02
2.785697e+00,8.615994e+00,-2.860871e+00,-1.735460e+00,-3.676834e-01,-1.213410e-01
-1.207112e+00,1.050450e+01,-3.477577e+00,-1.899014e+00,-9.876518e-01,-1.153045e-01
6.747342e-01,1.117673e+01,6.925794e-02,-2.596998e+00,-1.651568e+00,-6.409493e-02
6.426966e+00,1.319315e+01,-5.309108e-01,-3.183397e+00,-1.556902e+00,-1.017144e-02
5.473744e+00,1.962858e+01,-3.590098e+00,-3.731308e+00,-1.121898e+00,5.256704e-01
-3.399746e+00,1.556791e+01,8.541920e+00,-4.115825e+00,-1.441337e+00,6.684878e-01
-7.850150e+00,2.899210e+01,1.749962e+01,-4.804810e+00,-3.954337e+00,-2.380017e-02
-7.591940e+00,1.499481e+01,1.761390e+01,-5.042447e+00,-3.745636e+00,-2.731642e-01
4.896297e+00,3.984043e+00,1.321615e+01,-3.217515e+00,-2.234273e+00,-2.950789e-01
9.438932e+00,1.238673e+01,8.921378e+00,-9.253322e-01,6.255034e-02,2.969352e-02
2.003885e+00,6.206516e+00,1.146416e+01,-7.345720e-01,1.094972e+00,-4.321436e-01
1.268858e+00,3.651731e+00,9.460058e+00,1.156018e+00,4.517028e-01,-1.163177e+00
2.363610e+00,8.482061e-01,8.457253e+00,2.983451e+00,5.856225e-01,-1.370267e+00
2.679188e+00,6.102030e-01,8.778478e+00,4.142781e+00,1.251019e+00,-1.466020e+00
3.991829e+00,2.943202e+00,1.033267e+01,5.375886e+00,2.192666e+00,-1.628262e+00
4.487823e+00,3.328249e+00,1.216488e+01,6.144494e+00,2.480498e+00,-1.297829e+00
5.682406e+00,4.645641e+00,1.255764e+01,7.167135e+00,2.353639e+00,-9.826627e-01
9.433268e+00,8.859125e+00,1.132475e+01,8.059551e+00,2.026184e+00,-6.075723e-01
1.504240e+00,4.117223e+00,6.176548e+00,8.497496e+00,1.339692e+00,4.642992e-01
-1.709150e+01,-4.784032e+00,9.368069e+00,7.957165e+00,1.387942e-01,3.318934e-01
-2.391047e+00,-1.315912e+01,3.365924e+00,5.370669e+00,-9.053835e-02,-6.492377e-01
2.368503e+00,2.031730e+00,5.291857e+00,2.722591e+00,1.705868e+00,-2.403915e-01
1.404070e+01,2.909390e+01,3.995708e+00,-2.536063e+00,2.501711e+00,9.069233e-01
-5.371756e+00,-6.542925e+00,1.315617e+01,-3.321575e+00,2.024758e+00,5.691618e-01
2.717624e+00,-4.444424e+00,9.878656e+00,-3.356681e+00,-9.391129e-01,-1.068743e+00
-4.221548e+00,1.620648e+01,1.574539e+01,-3.406238e+00,-2.526464e-01,-7.682066e-01
-4.737577e+00,1.575260e+01,9.499806e+00,-2.768740e+00,2.535771e-01,1.986051e-01
-3.426778e+00,1.128430e+00,4.271259e+00,-2.662484e+00,-2.284908e-01,-7.384823e-01
4.102437e+00,1.226581e+01,5.263162e+00,-9.789037e-01,9.531535e-01,3.349775e-01
5.506673e+00,1.378985e+01,5.519827e+00,-9.906183e-01,1.603821e+00,4.489024e-01
3.843186e+00,8.105386e+00,3.030417e+00,-9.827776e-01,1.628359e+00,4.094390e-01
3.060460e-01,7.375757e+00,2.525188e+00,-7.922459e-01,7.451680e-01,1.626216e-01
1.103407e+00,1.147901e+01,-2.945517e-01,-7.914440e-01,-5.499258e-01,-2.778223e-01
2.949639e-01,9.734598e+00,-1.004817e+00,-9.643312e-01,-5.963667e-01,-2.817548e-01
-3.908922e+00,8.012528e+00,2.308829e+00,-1.223580e+00,-9.020354e-01,-3.145586e-01
-2.222054e+00,8.678407e+00,4.205325e+00,-1.433023e+00,-1.230925e+00,-4.086775e-01
4.461594e+00,9.681312e+00,5.279712e+00,-1.651321e+00,-1.033044e+00,-3.309847e-01
4.598797e+00,1.022145e+01,3.126056e+00,-1.647859e+00,-6.608016e-01,-1.917009e-01
-2.132692e+00,9.268713e+00,-3.001587e+00,-1.691791e+00,-8.617764e-01,-1.569982e-01
-2.441219e+00,1.158902e+01,-4.182194e+00,-1.869771e+00,-1.213660e+00,-7.372602e-02
7.740804e-01,1.007664e+01,-4.211560e-01,-2.504007e+00,-1.174274e+00,1.544524e-01
4.011025e+00,1.231326e+01,5.726954e-01,-3.041537e+00,-9.871636e-01,2.428507e-01
6.230659e+00,1.934329e+01,-3.755187e+00,-3.801495e+00,-7.934222e-01,5.860875e-01
-1.761687e+00,1.450894e+01,8.383368e+00,-4.133187e+00,-1.147577e+00,6.638980e-01
-7.263170e+00,2.888117e+01,1.624755e+01,-4.708973e+00,-3.222939e+00,2.151009e-01
-1.140968e+01,2.852228e+01,1.757232e+01,-4.975777e+00,-4.255503e+00,-2.050854e-01
7.185629e+00,6.646521e+00,1.041512e+01,-3.336657e+00,-2.526393e+00,-3.371579e-01
8.592067e+00,1.306614e+01,9.822168e+00,-9.794269e-01,4.854124e-02,7.720674e-02
3.331682e+00,6.467896e+00,1.231514e+01,-1.075950e+00,1.304865e+00,-2.678989e-01
2.130838e+00,3.573010e+00,9.189794e+00,8.448661e-01,5.830064e-01,-1.110350e+00
3.012576e+00,1.309972e+00,9.753643e+00,3.108956e+00,5.701623e-01,-1.553716e+00
3.483340e+00,1.522316e+00,9.241544e+00,4.311746e+00,1.174048e+00,-1.778673e+00
3.444534e+00,2.185710e+00,1.057557e+01,5.409496e+00,1.815178e+00,-1.896471e+00
3.752073e+00,2.172197e+00,1.271120e+01,6.284022e+00,1.998908e+00,-1.665994e+00
5.638493e+00,4.386770e+00,1.368008e+01,7.465833e+00,1.915742e+00,-1.286520e+00
9.829493e+00,9.309385e+00,1.289625e+01,8.246758e+00,1.696830e+00,-9.086160e-01
-3.527855e+00,1.703382e+00,5.107251e+00,8.669511e+00,1.259329e+00,-7.971689e-02
-1.806714e+01,-7.038188e+00,7.262895e+00,8.034057e+00,1.337795e-01,-1.161720e-01
-1.929854e+00,-1.675136e+01,6.749373e+00,4.988310e+00,-4.133540e-01,-9.128118e-01
8.260449e+00,3.329895e+01,-1.919723e+00,1.433320e+00,2.030875e+00,5.628046e-02
1.740896e+01,3.144138e+01,1.058218e+01,-3.325231e+00,3.271852e+00,1.043806e+00
-1.992835e+00,-1.368333e+01,1.334614e+01,-3.022624e+00,3.329239e+00,1.513991e+00
3.760848e+00,7.333202e+00,1.346529e+01,-2.712611e+00,1.030845e-03,-1.756086e+00
-1.291625e+00,2.142811e+01,1.572849e+01,-3.081841e+00,1.060326e+00,4.444763e-01
-4.893330e+00,9.273054e+00,7.871296e+00,-2.704959e+00,1.895894e-01,-1.473424e-01
-4.386560e+00,2.306286e+00,3.274747e+00,-1.972326e+00,-7.466416e-01,-6.679346e-01
1.195110e+00,1.262460e+01,3.221509e+00,-6.894297e-01,5.205890e-01,1.064994e-01
6.222392e+00,1.266009e+01,2.011457e+00,-8.682661e-01,1.653855e+00,5.434164e-01
3.343521e+00,6.616916e+00,-5.913552e-02,-7.252336e-01,1.919906e+00,4.665976e-01
-1.923581e-01,7.629497e+00,1.442405e-01,-7.416326e-01,7.284269e-01,9.307371e-02
-1.438468e+00,9.702746e+00,-2.696171e-01,-1.002845e+00,-8.099531e-01,-3.348589e-01
-3.131526e+00,7.605467e+00,7.325047e-01,-1.341672e+00,-9.473038e-01,-3.099643e-01
-2.964847e+00,8.603790e+00,4.223327e+00,-1.612972e+00,-9.575065e-01,-2.976949e-01
2.900129e+00,9.470020e+00,5.780010e+00,-1.768822e+00,-7.772554e-01,-2.453251e-01
4.629873e+00,1.046268e+01,4.227606e+00,-1.834264e+00,-2.691756e-01,-9.227455e-02
3.192874e+00,9.717180e+00,2.022588e+00,-1.806845e+00,-4.400206e-01,-1.567943e-01
-6.866171e-01,1.065277e+01,-4.015797e+00,-1.878415e+00,-9.919534e-01,-1.398302e-01
-8.380965e-01,1.181520e+01,-1.646736e+00,-2.154645e+00,-1.273467e+00,-4.498745e-02
3.899206e+00,1.252645e+01,2.002333e+00,-2.976189e+00,-1.403340e+00,9.740267e-02
9.529311e+00,1.329555e+01,-1.541770e+00,-3.466103e+00,-1.320690e+00,1.806190e-01
4.895503e+00,1.757135e+01,6.049628e-01,-3.884133e+00,-1.103251e+00,5.412581e-01
-2.302559e+00,1.340198e+01,1.102985e+01,-4.299881e+00,-1.816128e+00,4.624129e-01
-1.520288e+01,3.044552e+01,1.873904e+01,-4.770105e+00,-5.476977e+00,-4.710272e-01
-6.468498e+00,6.064267e+00,1.937924e+01,-4.891141e+00,-4.588538e+00,-6.766417e-01
9.066772e+00,1.237478e+01,8.285879e+00,-2.298644e+00,-1.877883e+00,-2.676848e-01
8.026340e+00,1.227613e+01,1.004003e+01,-1.018879e+00,8.724871e-01,2.414228e-01
2.697564e+00,4.724757e+00,9.900516e+00,-1.236361e-01,1.560871e+00,-4.223855e-01
2.450752e+00,2.477496e+00,8.454113e+00,1.866302e+00,1.002314e+00,-1.050672e+00
2.317816e+00,1.120576e+00,9.742930e+00,3.641430e+00,1.129231e+00,-1.281633e+00
2.483851e+00,1.907151e+00,9.567052e+00,4.523434e+00,1.609401e+00,-1.607387e+00
3.744255e+00,2.739090e+00,1.154881e+01,5.578537e+00,2.204556e+00,-1.564712e+00
4.603691e+00,2.402844e+00,1.397945e+01,6.395525e+00,2.413545e+00,-1.340178e+00
9.706735e+00,7.821481e+00,1.370370e+01,7.673841e+00,2.292956e+00,-1.006304e+00
1.271673e+01,1.025246e+01,1.339920e+01,8.438473e+00,1.783543e+00,-7.300014e-01
-1.267783e+01,3.549166e+00,1.102480e+01,8.696226e+00,7.944321e-01,-3.050913e-01
-2.167437e+01,-1.830006e+01,7.377039e-01,7.814423e+00,-7.421547e-01,-1.160524e+00
8.779910e-02,6.819602e+00,7.994735e+00,4.182775e+00,-1.043241e-01,-1.319488e+00
1.812862e+01,3.940194e+01,-6.622992e-01,-2.367728e-01,3.181455e+00,5.178894e-01
2.490545e+00,-1.231904e+01,6.624078e+00,-4.252537e+00,4.438754e+00,1.285227e+00
6.491546e+00,-8.431902e+00,1.257832e+01,-1.343249e+00,4.427043e+00,2.526972e+00
-1.581032e+00,1.201400e+01,1.287886e+01,-3.482048e+00,7.952442e-01,-8.754801e-01
-3.487180e+00,2.382590e+01,1.373936e+01,-3.678650e+00,3.158632e-01,5.324853e-01
-1.190919e+01,2.909598e+00,4.988176e+00,-2.797114e+00,-1.961484e+00,-1.376371e+00
-9.750428e+00,4.936696e+00,5.334130e+00,-1.829987e+00,-1.985189e+00,-7.105785e-01
8.864561e+00,1.422099e+01,4.838662e+00,-1.301624e+00,7.174753e-01,4.870658e-01
1.026141e+01,8.435631e+00,1.919736e+00,-1.199484e+00,2.724434e+00,8.459241e-01
4.446410e+00,6.279142e+00,2.762809e+00,-1.026478e+00,2.229505e+00,6.485277e-01
-1.162012e-01,1.089022e+01,2.907981e+00,-1.020023e+00,2.892545e-01,-1.841425e-02
-3.135704e+00,9.519727e+00,1.351341e+00,-1.334543e+00,-1.415991e+00,-3.778268e-01
-2.969688e+00,8.213548e+00,1.201199e+00,-1.395512e+00,-1.602614e+00,-4.827566e-01
-1.176344e-01,9.207833e+00,4.121231e+00,-1.438882e+00,-1.187907e+00,-3.758335e-01
2.301843e+00,9.084628e+00,4.644184e+00,-1.559677e+00,-7.370753e-01,-1.819596e-01
5.549807e-01,8.355045e+00,1.058891e+00,-1.578299e+00,-6.319552e-01,-1.345565e-01
-2.184675e-01,9.174525e+00,-3.589195e+00,-1.679319e+00,-7.652321e-01,-4.797942e-02
1.241954e+00,1.047658e+01,-1.650225e+00,-1.934623e+00,-8.248760e-01,1.109525e-01
1.154817e+00,1.029442e+01,3.963469e-02,-2.706170e+00,-9.033852e-01,1.666142e-01
9.888360e+00,1.284613e+01,-2.796863e+00,-3.352066e+00,-1.157086e+00,1.540200e-01
8.621088e+00,1.812927e+01,-4.037619e+00,-3.848679e+00,-1.148817e+00,4.000438e-01
-4.564755e+00,1.627318e+01,1.151099e+01,-4.270264e+00,-1.877992e+00,3.060051e-01
-9.679121e+00,2.800839e+01,1.770014e+01,-4.864123e+00,-4.553384e+00,-3.806768e-01
-5.744867e+00,5.247090e+00,1.874573e+01,-4.502565e+00,-3.764230e+00,-2.766660e-01
3.799093e+00,1.550692e+00,1.506607e+01,-2.382238e+00,-1.993635e+00,3.586072e-02
9.466083e+00,1.172079e+01,9.084011e+00,-7.684874e-01,8.225006e-01,2.493674e-01
4.348100e+00,7.040323e+00,1.047398e+01,-5.008671e-01,1.491334e+00,-2.199353e-01
1.692740e+00,2.770285e+00,7.423001e+00,1.856888e+00,5.108163e-01,-1.149629e+00
1.441208e+00,9.734191e-01,8.550951e+00,3.610391e+00,6.290547e-01,-1.459486e+00
3.138671e+00,2.174511e+00,1.015601e+01,4.714619e+00,1.433052e+00,-1.763790e+00
3.786085e+00,2.926663e+00,1.083681e+01,5.574239e+00,2.081403e+00,-1.713197e+00
4.713806e+00,3.033208e+00,1.544917e+01,6.871511e+00,2.291333e+00,-1.342625e+00
5.455857e+00,5.779062e+00,1.236119e+01,7.834091e+00,2.088764e+00,-1.042982e+00
7.114310e+00,8.485292e+00,1.179830e+01,8.690231e+00,1.569335e+00,-4.022885e-01
-9.038017e-01,1.286630e+00,4.848213e+00,8.618509e+00,9.954429e-01,2.604908e-01
-1.389145e+01,-1.648669e+01,3.779795e+00,6.617228e+00,-2.441965e-01,-7.621959e-01
-1.200910e+00,-1.531804e+01,3.395463e+00,3.573071e+00,1.023946e+00,-6.339477e-01
3.321813e+01,3.939931e+01,-2.248841e+00,-1.626478e+00,2.691260e+00,7.998719e-01
1.476451e+00,2.516843e+00,7.976852e+00,-3.436362e+00,3.035079e+00,8.772954e-01
2.816667e+00,-1.011049e+01,1.121708e+01,-3.599083e+00,1.700191e-01,-4.754069e-01
1.803263e+00,1.319496e+00,1.189951e+01,-3.469131e+00,-1.403488e-01,-9.480097e-01
-5.170028e+00,2.864889e+01,1.416945e+01,-2.830779e+00,-2.547972e-01,5.750820e-02
-6.794456e+00,1.085781e+01,8.221692e+00,-2.686838e+00,-1.087620e+00,-1.087188e+00
-3.356861e+00,4.522643e+00,4.256054e+00,-1.036002e+00,-1.403710e-01,9.239533e-02
4.263910e+00,1.368322e+01,5.749571e+00,-9.990050e-01,1.136709e+00,4.567099e-01
6.131531e+00,8.080734e+00,1.622883e+00,-1.013699e+00,2.213740e+00,5.561074e-01
2.973040e+00,7.010048e+00,1.721208e+00,-8.783520e-01,1.133913e+00,3.439256e-01
-1.903101e+00,1.095670e+01,1.837217e+00,-9.486630e-01,-5.791277e-01,-2.196933e-01
-3.848532e+00,1.023168e+01,1.221361e+00,-1.093929e+00,-1.085977e+00,-3.479792e-01
-3.354908e+00,7.696025e+00,1.107577e+00,-1.204729e+00,-9.461425e-01,-3.555501e-01
-7.261322e-01,9.139108e+00,3.798765e+00,-1.382338e+00,-5.181208e-01,-1.876202e-01
5.465929e+00,8.421002e+00,6.190226e+00,-1.552709e+00,-2.651610e-02,-5.825805e-02
5.875065e+00,8.793643e+00,5.164399e+00,-1.524149e+00,1.234674e-02,-7.521294e-02
2.841883e-01,8.266297e+00,3.027181e-01,-1.584674e+00,-6.600331e-01,-1.993296e-01
-2.007788e+00,1.087070e+01,-3.362279e+00,-1.734964e+00,-1.155354e+00,-1.186948e-01
-2.543588e+00,1.094653e+01,-5.511783e-01,-2.311502e+00,-1.260600e+00,7.932744e-03
3.064573e+00,1.060691e+01,1.415579e+00,-2.785848e+00,-1.198082e+00,1.920284e-02
1.402332e+01,1.595890e+01,-5.118733e+00,-3.436456e+00,-8.460041e-01,3.435663e-01
1.266181e+01,1.906607e+01,-6.452615e+00,-3.744949e+00,-9.553783e-01,4.308674e-01
-7.098757e+00,1.771973e+01,1.472903e+01,-4.532049e+00,-3.690555e+00,2.332388e-02
-1.541038e+01,3.178618e+01,1.881284e+01,-4.875413e+00,-5.843528e+00,-6.721261e-01
-8.761071e+00,7.570635e+00,1.829438e+01,-4.547388e+00,-3.951460e+00,-4.777221e-01
6.248281e+00,4.766775e+00,1.177770e+01,-1.875625e+00,-1.393003e+00,1.362024e-01
7.433724e+00,1.003758e+01,1.110351e+01,-1.024378e+00,2.119228e+00,2.460883e-01
4.280282e+00,6.707938e+00,1.096995e+01,2.356212e-01,1.673669e+00,-2.312660e-01
1.534481e+00,1.846392e+00,8.059539e+00,2.494882e+00,8.403595e-01,-8.906791e-01
1.551368e+00,9.814387e-01,9.265365e+00,3.758083e+00,8.283293e-01,-1.040495e+00
2.943706e+00,2.358186e+00,1.041513e+01,5.125506e+00,1.645724e+00,-1.387009e+00
4.321531e+00,3.122053e+00,1.158481e+01,5.947295e+00,2.080174e+00,-1.362780e+00
6.000723e+00,3.417915e+00,1.618458e+01,7.236492e+00,2.196536e+00,-1.133627e+00
7.686567e+00,6.831878e+00,1.349565e+01,8.155323e+00,1.857179e+00,-9.918327e-01
4.982804e+00,7.315149e+00,1.055611e+01,8.745150e+00,1.136054e+00,-5.374898e-01
-1.194742e+01,-2.108434e+00,6.623926e+00,8.526240e+00,4.006666e-01,-4.880851e-01
-1.492789e+01,-1.747211e+01,3.756852e+00,5.796732e+00,-3.624177e-01,-1.242554e+00
-5.833030e-01,-7.198465e+00,7.789129e+00,2.778806e+00,2.101445e+00,-3.435152e-01
3.567448e+01,3.906718e+01,7.505304e-01,-2.277822e+00,4.177749e+00,1.240262e+00
7.453244e+00,5.929276e+00,7.267300e+00,-3.270649e+00,4.242108e+00,1.504717e+00
1.446221e+00,-6.772308e+00,1.085254e+01,-3.254476e+00,7.319915e-02,-1.394718e+00
-3.315362e+00,1.291793e+01,1.342567e+01,-3.211166e+00,-2.270787e-01,-3.639122e-01
-1.483108e+00,2.504463e+01,1.138460e+01,-2.801507e+00,-4.181852e-01,5.112804e-02
-4.010157e+00,3.948929e+00,4.117961e+00,-2.435030e+00,-4.106866e-01,-1.114942e+00
-9.517376e-01,1.067509e+01,4.978415e+00,-1.134815e+00,2.746887e-01,1.099337e-01
3.987311e+00,1.381056e+01,5.211832e+00,-1.361568e+00,1.192301e+00,3.252520e-01
3.547512e+00,7.347512e+00,2.902017e+00,-1.163862e+00,1.538133e+00,2.464129e-01
9.212031e-01,7.255252e+00,3.268702e+00,-1.026159e+00,7.087497e-01,5.601703e-02
3.407115e-01,1.055838e+01,2.565533e+00,-1.155942e+00,-3.885414e-01,-2.429679e-01
2.254500e-01,9.552818e+00,1.697906e+00,-1.269198e+00,-5.103031e-01,-2.890553e-01
4.023273e-01,8.950485e+00,2.240279e+00,-1.348845e+00,-6.008600e-01,-3.706338e-01
2.382429e-01,9.799284e+00,3.836298e+00,-1.492930e+00,-7.404660e-01,-3.665048e-01
1.997518e+00,7.869901e+00,3.861302e+00,-1.648054e+00,-1.076798e+00,-4.053346e-01
-7.652676e-02,7.578092e+00,1.603052e-01,-1.632438e+00,-1.111527e+00,-3.546869e-01
-1.086625e+00,1.031880e+01,-1.762748e+00,-1.824754e+00,-1.130760e+00,-1.691843e-01
-1.339849e+00,1.173181e+01,1.086196e+00,-2.263110e+00,-1.072839e+00,4.911191e-02
4.776967e+00,1.163930e+01,2.568132e+00,-3.078671e+00,-1.141131e+00,1.408579e-01
9.520334e+00,1.420563e+01,-1.887617e+00,-3.398509e+00,-9.357584e-01,3.930181e-01
3.812587e+00,1.609126e+01,-1.316731e+00,-3.780544e+00,-1.212008e+00,5.112310e-01
-4.609354e+00,1.479839e+01,1.199466e+01,-4.277510e+00,-2.548290e+00,3.497238e-01
-7.365092e+00,2.920617e+01,1.710369e+01,-4.833223e+00,-4.437492e+00,-4.038975e-01
-6.973373e+00,1.561470e+01,1.713228e+01,-4.625671e+00,-3.214552e+00,-3.043715e-01
9.648626e+00,5.936982e+00,8.700414e+00,-1.497319e+00,-1.164823e+00,-1.914583e-01
9.660208e+00,1.145590e+01,7.607614e+00,-7.927895e-01,6.418934e-01,-8.797883e-02
9.113098e-01,5.910954e+00,1.071974e+01,8.246652e-02,3.589071e-01,-9.515497e-01
1.166246e+00,2.156990e+00,7.713836e+00,1.883719e+00,1.363749e-02,-1.657908e+00
2.183563e+00,2.529037e-01,8.819933e+00,3.533335e+00,7.368542e-01,-1.694387e+00
2.433044e+00,8.583577e-01,9.041546e+00,4.421543e+00,1.368358e+00,-1.859049e+00
3.188069e+00,3.025842e+00,1.092035e+01,5.549745e+00,1.992852e+00,-1.767501e+00
4.450333e+00,3.923176e+00,1.260936e+01,6.335070e+00,2.115556e+00,-1.515047e+00
6.278412e+00,5.190151e+00,1.410935e+01,7.391480e+00,2.032501e+00,-1.285167e+00
1.133499e+01,9.587178e+00,1.308383e+01,8.157261e+00,1.680039e+00,-9.707225e-01
-3.150303e+00,2.680991e-02,6.688639e+00,8.205350e+00,4.388639e-01,-3.150349e-01
-2.025821e+01,-8.149109e+00,8.099616e+00,7.193137e+00,-1.330087e+00,-9.358560e-01
-5.500801e+00,-1.381769e+01,7.219717e+00,4.103636e+00,-1.322603e+00,-1.351236e+00
9.804670e+00,2.611208e+01,-1.156841e+00,9.311082e-01,1.917842e+00,-1.865010e-01
7.870914e+00,6.548508e+00,2.261282e+00,-3.025949e+00,4.271812e+00,1.719489e+00
9.107068e+00,-9.941898e+00,9.627090e+00,-1.684156e+00,3.655749e+00,1.528458e+00
4.640030e+00,5.425113e+00,8.958153e+00,-3.428853e+00,1.306658e+00,-2.539700e-01
-1.872215e+00,1.783838e+01,1.117940e+01,-3.237106e+00,3.913641e-01,4.143998e-01
-1.003015e+01,8.195836e+00,5.744017e+00,-2.606626e+00,-2.130457e+00,-9.214471e-01
-7.619551e+00,3.558281e+00,3.282874e+00,-1.999943e+00,-1.644986e+00,-7.674401e-01
4.125838e-01,1.223686e+01,6.195355e+00,-1.404543e+00,3.103923e-01,4.175413e-01
7.255226e+00,1.197626e+01,3.995070e+00,-1.516506e+00,1.859969e+00,6.709125e-01
4.274339e+00,6.340209e+00,2.867061e+00,-1.295941e+00,2.173133e+00,7.361328e-01
4.447827e-01,7.764545e+00,3.636304e+00,-1.175017e+00,1.011666e+00,2.992951e-01
-1.123280e+00,1.092789e+01,3.818300e+00,-1.360768e+00,-4.144211e-01,-7.890972e-02
9.364317e-01,9.106302e+00,2.721193e+00,-1.374121e+00,-3.540928e-01,-1.158766e-01
2.355629e+00,8.782696e+00,2.848984e+00,-1.347335e+00,-5.728917e-02,-9.705874e-02
1.070199e+00,9.971324e+00,4.737217e+00,-1.438195e+00,-1.613741e-01,-5.103832e-02
9.224554e-01,8.951279e+00,4.595716e+00,-1.508823e+00,-8.308643e-01,-3.134133e-01
9.158818e-01,8.398065e+00,2.601249e+00,-1.465264e+00,-9.538314e-01,-2.999182e-01
1.825101e+00,1.018886e+01,-2.590056e+00,-1.577143e+00,-6.725203e-01,4.546402e-02
9.572983e-01,1.174284e+01,-2.309544e+00,-1.870880e+00,-5.951570e-01,2.906469e-01
-6.430187e-01,9.633796e+00,1.475963e+00,-2.751099e+00,-1.293713e+00,1.300439e-01
9.131547e+00,1.141179e+01,-1.323923e-01,-3.212485e+00,-1.524952e+00,1.064508e-01
9.145313e+00,1.958631e+01,-4.205070e+00,-3.698045e+00,-1.062541e+00,5.224522e-01
-3.445539e+00,1.467987e+01,7.728264e+00,-4.240931e+00,-1.885377e+00,4.292950e-01
-1.763466e+01,2.939363e+01,1.907954e+01,-4.796204e+00,-5.732760e+00,-4.501027e-01
-1.456121e+01,1.735804e+01,1.819043e+01,-4.822505e+00,-4.654635e+00,-2.728906e-01
9.274282e+00,8.253919e+00,1.124271e+01,-2.697186e+00,-1.602449e+00,5.318302e-01
1.217973e+01,1.198638e+01,9.501477e+00,-9.475293e-01,2.162728e+00,1.127124e+00
7.832251e+00,5.062988e+00,9.456796e+00,-1.886675e-01,2.498733e+00,4.523994e-01
4.954735e+00,3.273136e+00,7.963936e+00,1.471232e+00,1.588445e+00,-3.905743e-01
1.990742e+00,9.240612e-01,8.072096e+00,3.347946e+00,3.341810e-01,-1.094125e+00
2.163092e+00,9.471610e-01,9.419521e+00,4.287245e+00,4.852648e-01,-1.560418e+00
3.238802e+00,2.392459e+00,1.046929e+01,5.394261e+00,1.343864e+00,-1.782939e+00
3.994885e+00,2.894889e+00,1.204799e+01,6.049467e+00,1.697397e+00,-1.637915e+00
5.760318e+00,3.886108e+00,1.619831e+01,7.349593e+00,2.050929e+00,-1.389776e+00
8.282572e+00,6.530492e+00,1.114178e+01,8.239388e+00,1.961556e+00,-1.076519e+00
4.917871e+00,7.358633e+00,6.216779e+00,8.776100e+00,1.184413e+00,-1.483541e-01
-1.516949e+01,-9.667772e+00,9.796490e+00,8.095961e+00,1.029644e-03,-7.535921e-02
-5.807330e+00,-1.657552e+01,3.780075e+00,5.180727e+00,-7.921090e-01,-1.266899e+00
-3.917663e-02,-6.782927e+00,1.224194e+01,1.158705e+00,1.354490e+00,-7.239174e-02
3.325060e+01,3.873006e+01,1.862271e+00,-4.135227e+00,2.406384e+00,5.999179e-01
-4.970172e+00,-4.464997e+00,8.955246e+00,-4.429237e+00,2.594089e+00,8.031192e-01
2.244599e+00,-1.440915e+00,1.312270e+01,-1.556108e+00,-7.933342e-01,-2.522778e+00
-1.135402e+00,1.869747e+01,1.295330e+01,-3.249317e+00,1.210219e+00,5.504264e-01
-1.930674e-01,1.199415e+01,7.680572e+00,-2.863935e+00,1.182873e+00,-5.370954e-02
-3.918241e+00,3.381910e+00,4.266608e+00,-2.050842e+00,4.495228e-02,-4.724715e-01
1.234255e+00,1.157535e+01,5.000268e+00,-1.245490e+00,1.690040e-01,1.281898e-01
6.050812e+00,1.248537e+01,3.358616e+00,-1.309227e+00,1.331084e+00,4.188273e-01
3.735061e+00,6.831818e+00,2.157463e+00,-1.232042e+00,1.608199e+00,4.340475e-01
2.753386e+00,7.893048e+00,1.921116e+00,-1.122740e+00,3.917080e-01,1.506966e-02
-1.064938e-01,9.793270e+00,2.109457e+00,-1.339080e+00,-7.760691e-01,-2.712649e-01
-2.068629e+00,8.612408e+00,2.100689e+00,-1.534620e+00,-1.292926e+00,-4.024961e-01
-4.145890e+00,8.647894e+00,3.001901e+00,-1.648131e+00,-1.563513e+00,-5.135679e-01
-1.340667e+00,7.866301e+00,4.474036e+00,-1.719213e+00,-1.424490e+00,-4.700924e-01
4.390438e+00,8.224239e+00,4.961846e+00,-1.684450e+00,-5.630343e-01,-2.191354e-01
1.774542e+00,7.940780e+00,1.937920e+00,-1.716091e+00,-3.197120e-01,-9.279813e-02
-7.106939e-01,1.059041e+01,-1.174443e+00,-1.875710e+00,-7.542496e-01,-3.934042e-02
-5.012646e-01,1.185427e+01,-8.137473e-01,-2.166596e+00,-1.051842e+00,7.927767e-02
6.166215e+00,1.208705e+01,2.371112e+00,-2.912686e+00,-1.148434e+00,1.067969e-01
1.430870e+01,1.780558e+01,-4.886063e+00,-3.320102e+00,-9.128967e-01,3.880605e-01
2.813865e+00,1.780062e+01,-1.860455e+00,-3.791707e+00,-9.339500e-01,6.093040e-01
-9.915671e+00,1.672274e+01,1.497301e+01,-4.360355e+00,-2.771980e+00,6.155220e-01
-1.313432e+01,2.679035e+01,1.743754e+01,-4.800876e+00,-5.310240e+00,-2.623400e-01
-8.486594e+00,1.018320e+01,1.805553e+01,-4.307193e+00,-3.279268e+00,1.069305e-01
9.609683e+00,7.843463e+00,9.193452e+00,-1.104768e+00,-3.475166e-01,5.947231e-01
8.474495e+00,1.109023e+01,9.125661e+00,-5.608014e-01,1.838358e+00,6.411956e-01
3.744765e+00,5.267273e+00,1.050276e+01,8.420984e-01,1.383358e+00,-2.041897e-01
3.353462e+00,1.267431e+00,7.739976e+00,2.615701e+00,8.269468e-01,-8.278792e-01
3.688727e+00,7.990684e-01,9.710124e+00,4.234373e+00,8.357345e-01,-1.060225e+00
3.769116e+00,1.277337e+00,9.859757e+00,4.920306e+00,1.092135e+00,-1.428574e+00
3.597683e+00,2.393952e+00,1.178734e+01,6.241857e+00,1.481238e+00,-1.606857e+00
3.380344e+00,3.395703e+00,1.527072e+01,7.057821e+00,1.511688e+00,-1.534368e+00
6.338178e+00,8.180847e+00,1.157068e+01,8.005741e+00,1.470360e+00,-1.369830e+00
6.558483e+00,1.169017e+01,1.152319e+01,8.704246e+00,1.375891e+00,-9.154070e-01
-1.382246e+01,-7.983272e+00,1.154801e+01,8.179976e+00,6.235054e-01,-3.247277e-01
-9.368704e+00,-1.484439e+01,-2.890730e-01,6.694186e+00,2.102113e-01,-1.025877e+00
2.548140e+00,-1.056623e+01,8.863119e+00,2.998902e+00,2.190277e+00,-2.513090e-01
1.497371e+01,2.342861e+01,4.175308e+00,-9.347920e-01,2.908229e+00,8.396035e-01
-6.040003e+00,-2.259914e+00,7.311786e+00,-4.431225e+00,1.910356e+00,6.289859e-01
-1.039778e+01,-8.147655e+00,1.422325e+01,-1.215878e+00,7.030297e-01,8.355482e-01
-3.445799e+00,8.467739e+00,1.239793e+01,-3.330508e+00,-1.124759e+00,-1.171355e+00
-2.444923e+00,2.128597e+01,1.218795e+01,-3.290680e+00,1.336784e+00,1.114572e+00
2.739641e-01,3.757707e+00,5.302192e+00,-2.492065e+00,1.058776e+00,-4.522816e-01
-1.129838e+00,5.951202e+00,4.159186e+00,-1.474346e+00,6.311211e-01,2.197280e-01
3.527681e+00,1.287175e+01,4.851705e+00,-1.416194e+00,8.428285e-01,2.044122e-01
5.059473e+00,1.107503e+01,3.932571e+00,-1.403380e+00,1.249819e+00,3.244403e-01
1.507669e+00,7.234142e+00,3.072023e+00,-1.215388e+00,5.401911e-01,-1.370659e-02
1.300818e+00,9.125028e+00,2.587611e+00,-1.166253e+00,-3.395233e-01,-2.832886e-01
-4.041692e-01,9.698282e+00,1.679870e+00,-1.322363e+00,-8.013481e-01,-2.966930e-01
-2.391835e+00,8.204579e+00,1.169633e+00,-1.420097e+00,-1.038459e+00,-3.573508e-01
-8.101357e-01,8.213060e+00,3.063250e+00,-1.537785e+00,-1.266494e+00,-4.277755e-01
1.477333e+00,8.727193e+00,4.826126e+00,-1.683064e+00,-1.076059e+00,-3.464386e-01
2.892932e+00,8.959197e+00,3.343328e+00,-1.748044e+00,-7.072750e-01,-2.116603e-01
1.750166e+00,8.188655e+00,3.043429e-01,-1.804469e+00,-7.048065e-01,-1.359302e-01
2.476092e-01,1.070717e+01,-1.819103e+00,-2.074117e+00,-9.563093e-01,4.893392e-02
-1.441439e+00,9.979438e+00,9.199301e-01,-2.535244e+00,-1.202616e+00,9.309777e-02
5.465338e+00,1.149704e+01,5.728425e-01,-3.134504e+00,-1.420874e+00,1.060645e-01
1.019802e+01,1.695377e+01,-4.358564e+00,-3.492560e+00,-1.095089e+00,3.963428e-01
-3.058682e+00,1.550191e+01,6.928334e+00,-4.185045e+00,-1.521024e+00,3.950468e-01
-7.278650e+00,2.181940e+01,1.632409e+01,-4.586077e+00,-3.348249e+00,-1.132970e-02
-1.131905e+01,2.398179e+01,1.671136e+01,-4.974283e+00,-4.747950e+00,-5.128858e-01
-2.723689e+00,3.016733e+00,1.873269e+01,-4.175970e+00,-3.177425e+00,-1.698859e-01
7.885049e+00,1.132506e+01,9.038508e+00,-7.837568e-01,1.168260e-01,2.277798e-01
5.750595e+00,8.924363e+00,1.086388e+01,-7.243676e-01,1.545328e+00,2.003942e-02
3.205336e+00,3.304197e+00,8.039856e+00,1.394253e+00,1.212174e+00,-6.629193e-01
3.257089e+00,1.997587e+00,8.227943e+00,3.020150e+00,1.154686e+00,-9.478007e-01
4.291010e+00,1.595757e+00,9.970506e+00,4.513552e+00,1.569831e+00,-1.097962e+00
4.872047e+00,1.607024e+00,1.025707e+01,5.420088e+00,1.992997e+00,-1.333101e+00
5.495598e+00,3.358742e+00,1.265083e+01,6.550171e+00,2.083695e+00,-1.161984e+00
5.377500e+00,3.549607e+00,1.571224e+01,7.127173e+00,1.957972e+00,-1.040947e+00
7.503338e+00,1.261014e+01,1.215943e+01,8.462146e+00,1.305525e+00,-7.181406e-01
5.180395e-01,6.173991e+00,7.552796e+00,8.696899e+00,8.700139e-01,-1.476892e-01
-1.575322e+01,-8.305004e+00,1.034167e+01,7.981120e+00,3.934047e-02,-4.911589e-01
-1.086362e+00,-1.831050e+01,-8.819009e-01,6.253478e+00,5.020323e-02,-1.054731e+00
4.989426e+00,1.046861e+01,7.896458e+00,1.178412e+00,2.996032e+00,7.228573e-01
3.088834e+01,3.941000e+01,-2.289641e+00,-2.726680e+00,2.665631e+00,6.171917e-01
-8.638152e+00,-8.979056e+00,1.092450e+01,-3.483948e+00,2.017203e+00,1.284582e+00
-9.135229e+00,-8.456248e+00,1.508884e+01,-1.899516e+00,-2.193271e-01,-3.178684e-01
-7.518518e+00,1.273384e+01,1.509829e+01,-3.732998e+00,-9.020626e-01,-3.596907e-01
-3.704741e+00,2.453898e+01,1.248908e+01,-3.246962e+00,4.646800e-01,6.561611e-01
2.573276e-02,1.048287e+00,4.229531e+00,-2.500762e+00,6.965058e-01,-5.058205e-01
1.831601e+00,6.321293e+00,4.104655e+00,-1.194747e+00,1.232027e+00,5.726381e-01
7.619763e+00,1.362836e+01,4.670367e+00,-1.371099e+00,1.827039e+00,5.929215e-01
5.011464e+00,9.874233e+00,3.842037e+00,-1.265521e+00,1.857794e+00,4.644099e-01
5.705864e-02,8.396811e+00,3.305454e+00,-1.150899e+00,2.795830e-02,-1.095142e-01
2.035082e-01,1.050172e+01,2.627688e+00,-1.164712e+00,-7.359765e-01,-3.333496e-01
-1.032987e+00,8.828226e+00,1.464819e+00,-1.323430e+00,-8.390399e-01,-2.515858e-01
-2.179377e+00,8.044999e+00,1.789378e+00,-1.329814e+00,-9.770855e-01,-3.113267e-01
5.225635e-01,7.963088e+00,3.873431e+00,-1.470010e+00,-1.046571e+00,-3.162148e-01
4.392907e+00,9.302237e+00,3.857428e+00,-1.547990e+00,-8.295191e-01,-2.441679e-01
1.860355e+00,8.673207e+00,-3.969831e-01,-1.725857e+00,-5.828245e-01,-7.580059e-02
7.410014e-01,1.064570e+01,-3.005867e+00,-1.892199e+00,-8.701852e-01,-3.406766e-02
-4.965906e-01,8.965592e+00,7.846505e-01,-2.462757e+00,-1.241823e+00,7.072594e-02
2.259876e+00,1.077306e+01,1.847537e+00,-2.933418e+00,-1.405679e+00,-1.410484e-02
1.153345e+01,2.039552e+01,-5.245862e+00,-3.728721e+00,-1.064512e+00,3.749158e-01
-4.953052e-01,1.979640e+01,4.171212e+00,-4.138940e+00,-1.112366e+00,4.169920e-01
-1.091494e+01,2.087380e+01,1.758089e+01,-4.722485e+00,-3.633922e+00,1.710374e-01
-1.212264e+01,2.734708e+01,1.713577e+01,-4.827498e+00,-5.239501e+00,-4.224441e-01
7.877782e-01,2.301082e+00,1.916612e+01,-3.724806e+00,-2.306379e+00,2.803130e-01
8.517239e+00,8.048555e+00,9.667900e+00,-1.081873e+00,1.005072e-02,4.688753e-01
7.645989e+00,7.708991e+00,9.823670e+00,-5.471722e-01,2.048318e+00,2.723232e-01
4.900132e+00,3.223491e+00,8.828547e+00,1.237816e+00,1.585985e+00,-4.525664e-01
3.647808e+00,7.788196e-01,7.880928e+00,3.440896e+00,8.049277e-01,-1.204100e+00
3.813084e+00,1.357492e+00,9.243084e+00,4.565127e+00,7.466583e-01,-1.454419e+00
3.143254e+00,2.024651e+00,1.068162e+01,5.630926e+00,1.226046e+00,-1.902071e+00
3.863110e+00,2.001669e+00,1.240348e+01,6.331769e+00,1.372685e+00,-1.827722e+00
7.078417e+00,5.322017e+00,1.171999e+01,7.659948e+00,1.667124e+00,-1.664266e+00
1.063887e+01,1.309412e+01,1.119899e+01,8.286845e+00,1.571496e+00,-1.304581e+00
-5.718811e+00,5.239746e+00,1.031791e+01,8.439882e+00,9.628364e-01,-5.767242e-01
-1.666405e+01,-8.708660e+00,7.518918e+00,7.911961e+00,-1.777428e-01,-9.093161e-01
-3.405234e+00,-1.759761e+01,2.212791e+00,5.335613e+00,-2.567411e-02,-1.191881e+00
4.674255e+00,1.482652e+01,6.331859e+00,1.541999e+00,2.775342e+00,5.150251e-01
3.032761e+01,3.668611e+01,2.000525e+00,-3.602922e+00,3.128981e+00,8.013877e-01
-5.625540e+00,-1.033374e+01,1.236636e+01,-3.429684e+00,2.921029e+00,1.464562e+00
2.171361e-01,-3.255727e+00,1.547206e+01,-3.164652e+00,7.770319e-02,-1.691015e+00
-1.662334e+00,1.222347e+01,1.621536e+01,-3.649245e+00,1.006193e+00,5.857812e-01
3.369931e+00,1.623170e+01,8.470196e+00,-2.873371e+00,1.002690e+00,-4.187798e-01
-1.462070e+00,2.903991e+00,4.849241e+00,-2.348979e+00,5.239994e-01,-3.567426e-01
1.017210e-01,1.045931e+01,4.283040e+00,-1.055575e+00,1.822906e-01,-3.155871e-01
4.311306e+00,1.322737e+01,3.691073e+00,-1.259434e+00,7.592254e-01,2.014649e-01
3.418906e-01,7.557076e+00,2.631022e+00,-1.106070e+00,6.600110e-01,4.245274e-02
-2.411715e-01,8.313632e+00,2.303708e+00,-1.021633e+00,-2.944883e-01,-2.239893e-01
8.735940e-01,1.019859e+01,9.167202e-01,-1.183736e+00,-7.988307e-01,-1.904829e-01
-2.981078e-01,8.724869e+00,4.985510e-01,-1.277580e+00,-8.266964e-01,-1.875236e-01
-3.535831e+00,7.350592e+00,2.091925e+00,-1.439086e+00,-1.182621e+00,-3.097727e-01
-2.806465e+00,7.596286e+00,3.974944e+00,-1.597506e+00,-1.326979e+00,-3.325666e-01
2.412638e+00,9.081445e+00,5.187298e+00,-1.800490e+00,-7.286383e-01,-9.167139e-02
4.683876e+00,9.566459e+00,2.141387e+00,-1.834819e+00,-1.900599e-01,1.187064e-01
2.806054e+00,8.284505e+00,-1.187652e+00,-1.916855e+00,-7.575005e-02,2.308736e-01
5.121234e-01,8.426284e+00,-6.072720e-01,-2.158012e+00,-5.348342e-01,1.691986e-01
2.108622e+00,1.171736e+01,1.113797e+00,-2.894203e+00,-1.183571e+00,9.986478e-02
9.043277e+00,1.799400e+01,-4.994610e+00,-3.408845e+00,-1.056220e+00,3.215159e-01
-7.963068e-01,1.919173e+01,5.295967e+00,-3.982771e+00,-9.929340e-01,4.722960e-01
-5.296744e+00,1.755987e+01,1.436501e+01,-4.587728e+00,-2.086219e+00,5.094756e-01
-9.611756e+00,2.734699e+01,1.868965e+01,-4.859363e+00,-4.524625e+00,-1.995559e-01
-4.360001e+00,9.690101e+00,1.888333e+01,-4.323581e+00,-2.925217e+00,-9.583595e-02
7.639829e+00,7.695461e+00,8.405698e+00,-6.654939e-01,-1.863117e-01,2.085840e-01
5.331022e+00,9.374312e+00,9.484160e+00,-4.163251e-01,1.116389e+00,2.215025e-01
1.097047e+00,3.501323e+00,8.777041e+00,1.265669e+00,1.033152e+00,-6.152566e-01
1.177670e+00,1.237881e+00,8.079516e+00,3.025819e+00,6.677424e-01,-1.202059e+00
2.516578e+00,8.052431e-01,9.258665e+00,4.760469e+00,1.264125e+00,-1.119440e+00
3.246063e+00,1.394174e+00,1.010214e+01,5.306806e+00,1.688738e+00,-1.243943e+00
4.188943e+00,2.419034e+00,1.225247e+01,6.400365e+00,2.149821e+00,-9.580154e-01
4.817417e+00,3.343638e+00,1.504410e+01,7.080033e+00,2.136607e+00,-8.340459e-01
7.917994e+00,1.220653e+01,1.061586e+01,8.370084e+00,1.841722e+00,-5.666247e-01
4.330981e+00,1.302697e+01,8.425138e+00,8.776388e+00,1.509222e+00,-1.949514e-01
-1.186566e+01,-9.714875e+00,1.834150e+00,8.210684e+00,5.846785e-01,1.529062e-01
-1.670411e+00,-2.069806e+01,-4.850835e+00,7.091812e+00,9.591337e-02,-2.957050e-01
6.956057e+00,3.716052e+00,7.366625e+00,2.104346e+00,2.274994e+00,8.177752e-02
2.540485e+01,3.941000e+01,-2.283427e+00,-2.261344e+00,1.700193e+00,5.131818e-01
-1.472961e+01,-9.324864e+00,1.313329e+01,-5.117260e+00,2.004779e-01,1.665307e-01
-1.144153e+01,-7.428923e+00,1.646515e+01,-1.749140e+00,-1.441161e+00,-3.525997e-01
-4.622910e+00,5.749938e+00,1.340080e+01,-4.033848e+00,-2.657658e+00,-1.570957e+00
-8.783851e+00,2.465059e+01,1.542801e+01,-3.285913e+00,2.664531e-01,7.204553e-01
8.178541e-01,7.619286e+00,6.426427e+00,-2.853558e+00,3.787159e-01,-6.139772e-01
3.135504e+00,1.659730e+00,2.856477e+00,-1.968893e+00,1.373302e+00,3.712244e-01
4.897653e+00,1.268029e+01,4.575666e+00,-1.073218e+00,1.948862e+00,5.220548e-01
4.521943e+00,1.125914e+01,4.265563e+00,-1.285084e+00,1.676269e+00,5.239463e-01
-1.187395e+00,7.606927e+00,3.840348e+00,-1.148103e+00,3.684546e-01,1.681276e-02
-1.019010e+00,9.070404e+00,3.265811e+00,-1.118227e+00,-5.020820e-01,-2.235913e-01
1.906744e+00,1.071927e+01,1.231279e+00,-1.096685e+00,-6.892877e-01,-2.410562e-01
9.205849e-01,8.775220e+00,5.115943e-01,-1.194704e+00,-4.444619e-01,-1.072753e-01
-3.470924e+00,7.864502e+00,2.233162e+00,-1.310816e+00,-9.620399e-01,-2.749592e-01
-2.565771e+00,7.112404e+00,3.699057e+00,-1.455020e+00,-1.378968e+00,-3.679695e-01
4.106618e+00,9.009180e+00,4.984530e+00,-1.613888e+00,-1.020078e+00,-2.524684e-01
3.672593e+00,8.948583e+00,9.015989e-01,-1.685560e+00,-6.109643e-01,-2.015469e-01
-4.314600e-01,9.258363e+00,-2.725377e-01,-1.875563e+00,-9.080885e-01,-1.864201e-01
-2.834294e+00,1.009143e+01,1.449499e+00,-2.124799e+00,-1.346825e+00,-1.945137e-01
2.365594e+00,1.101347e+01,2.888813e+00,-2.816829e+00,-1.404599e+00,-6.294170e-02
1.004728e+01,1.272946e+01,-9.416281e-01,-3.112650e+00,-9.172501e-01,2.630568e-01
6.050945e+00,1.723595e+01,-2.653290e+00,-3.637426e+00,-4.277785e-01,5.913115e-01
-5.650614e+00,1.578329e+01,1.329414e+01,-4.233277e+00,-2.093923e+00,4.249780e-01
-8.999677e+00,2.619671e+01,1.746055e+01,-4.685103e+00,-4.778556e+00,-4.713225e-01
-8.702015e+00,1.757835e+01,1.519533e+01,-4.831628e+00,-4.550441e+00,-4.581714e-01
6.506565e+00,3.801363e+00,1.045181e+01,-1.821684e+00,-1.597452e+00,1.397869e-01
8.028986e+00,1.046991e+01,7.951286e+00,-4.194603e-01,7.232016e-01,1.764114e-01
2.229879e+00,6.371863e+00,1.105866e+01,-1.723186e-01,1.086296e+00,-2.851574e-01
1.718256e+00,2.915033e+00,8.361838e+00,1.346480e+00,5.284469e-01,-8.983571e-01
2.732064e+00,5.820942e-01,9.167188e+00,3.781543e+00,8.196926e-01,-1.202856e+00
3.144435e+00,1.451203e-01,9.908549e+00,4.721409e+00,1.315113e+00,-1.278687e+00
3.600809e+00,3.019259e+00,1.094404e+01,5.702369e+00,1.902259e+00,-1.483626e+00
3.912045e+00,4.253887e+00,1.283565e+01,6.305041e+00,2.057960e+00,-1.339218e+00
5.269134e+00,6.109174e+00,1.438799e+01,7.632663e+00,1.884927e+00,-1.095751e+00
9.469034e+00,1.148164e+01,1.125612e+01,8.466661e+00,1.650358e+00,-9.317336e-01
-9.417013e+00,5.026224e+00,1.242110e+01,8.605115e+00,1.322516e+00,-3.314971e-01
-1.603326e+01,-1.662728e+01,-2.774512e+00,7.808466e+00,6.213074e-02,-4.721724e-01
7.431749e-01,-1.566921e+01,4.887473e+00,4.411653e+00,1.064188e+00,-7.711518e-01
1.081563e+01,1.706117e+01,6.971384e+00,5.694599e-02,2.870728e+00,3.015653e-01
2.786039e+01,3.183148e+01,1.530251e+00,-4.735955e+00,2.788875e+00,1.014991e+00
-1.092173e+01,-1.297329e+01,1.582188e+01,-2.815775e+00,2.505543e+00,1.868082e+00
-6.585224e+00,7.191638e+00,1.455467e+01,-2.972281e+00,-1.893214e+00,-2.532640e+00
-8.271201e+00,1.925044e+01,1.548699e+01,-3.566466e+00,1.137664e-01,5.268603e-01
4.212048e+00,8.796481e+00,5.987133e+00,-2.731333e+00,9.648163e-01,-1.424123e-02
4.307198e+00,2.425360e+00,4.033585e+00,-1.736495e+00,1.687782e+00,2.381850e-01
3.854440e+00,1.197416e+01,4.109307e+00,-1.005812e+00,1.694807e+00,4.016770e-01
3.790746e+00,1.180570e+01,3.750354e+00,-1.335063e+00,1.327025e+00,5.223788e-01
-6.418588e-01,7.659616e+00,2.275313e+00,-1.118888e+00,4.401537e-01,3.604542e-02
-2.420760e+00,7.737895e+00,2.003011e+00,-1.072976e+00,-3.868930e-01,-2.334683e-01
-1.022144e+00,9.729090e+00,7.604707e-01,-1.112675e+00,-7.816479e-01,-2.386263e-01
-7.741098e-01,7.594731e+00,-9.499091e-03,-1.251016e+00,-5.199146e-01,-1.356226e-01
1.079471e+00,8.365888e+00,2.790759e+00,-1.390413e+00,-3.844967e-01,-1.644962e-01
2.000074e+00,9.471599e+00,5.851195e+00,-1.593283e+00,-3.011304e-01,-1.427774e-01
2.749469e+00,9.263571e+00,4.512152e+00,-1.820805e+00,-3.945226e-01,-2.391202e-01
1.779339e+00,7.671057e+00,2.809516e+00,-1.817717e+00,-5.404986e-01,-3.044066e-01
1.222217e+00,1.122145e+01,-5.147399e-01,-1.894422e+00,-6.822736e-01,-9.334552e-02
-1.332694e+00,1.044449e+01,2.014120e+00,-2.153752e+00,-7.447146e-01,5.794989e-02
2.765990e+00,1.121268e+01,2.951222e+00,-2.824998e+00,-1.199504e+00,9.169128e-03
1.049058e+01,1.484403e+01,-1.331042e+00,-3.153844e+00,-1.101376e+00,2.381146e-01
7.517052e+00,1.777468e+01,-3.259455e+00,-3.501137e+00,-9.653171e-01,5.011019e-01
-2.044560e+00,1.249319e+01,9.516082e+00,-3.987562e+00,-1.706585e+00,4.859763e-01
-9.911654e+00,2.529688e+01,1.807704e+01,-4.507144e+00,-5.321684e+00,-4.148467e-01
-1.146936e+01,2.097990e+01,1.657363e+01,-4.669262e+00,-5.249239e+00,-7.207878e-01
1.433499e+00,1.103397e+00,1.471906e+01,-2.910322e+00,-2.621326e+00,-3.954838e-01
6.992195e+00,9.171797e+00,8.689501e+00,-5.811292e-01,5.137229e-02,1.277028e-01
2.569679e+00,7.569918e+00,1.088674e+01,-4.105006e-01,1.450081e+00,-2.425994e-01
2.635789e-01,4.163789e+00,9.816631e+00,1.108867e+00,1.089091e+00,-6.626796e-01
4.944626e-01,6.175048e-01,9.288804e+00,3.041739e+00,1.056413e+00,-6.924727e-01
1.432431e+00,-6.934510e-02,1.062939e+01,3.970934e+00,1.468735e+00,-5.894815e-01
3.052425e+00,1.311748e+00,1.100372e+01,5.374139e+00,2.610804e+00,-5.724970e-01
4.760537e+00,2.295868e+00,1.260334e+01,6.231414e+00,3.022593e+00,-2.932628e-01
7.873773e+00,4.005031e+00,1.508285e+01,7.255183e+00,2.997215e+00,-3.599694e-03
9.629398e+00,6.800533e+00,1.183416e+01,7.985090e+00,2.627944e+00,1.369063e-01
4.172950e+00,8.662862e+00,6.012701e+00,8.768340e+00,1.240696e+00,2.556705e-01
-2.083096e+01,-7.301298e-02,1.300467e+01,8.217508e+00,3.577409e-01,-1.929812e-01
-6.690064e+00,-1.677229e+01,-2.282217e-01,5.405546e+00,-8.119539e-01,-1.612947e+00
-1.230489e+00,-6.654883e+00,7.906951e+00,2.918150e+00,1.175574e+00,-8.444778e-01
3.923130e+01,3.935344e+01,4.268670e+00,-1.965150e+00,2.425428e+00,2.535727e-01
7.208405e+00,-5.601745e-01,2.070565e+00,-3.904617e+00,2.649167e+00,3.685599e-01
-1.439349e+00,-7.436824e-01,1.100617e+01,-1.504904e+00,1.700805e-01,-1.578977e+00
-1.362138e+01,1.637237e+01,1.535576e+01,-3.375765e+00,-4.866788e-01,-1.851283e-01
3.893977e-01,1.601161e+01,8.094565e+00,-3.598967e+00,-6.210222e-01,-1.827994e-01
-2.020344e+00,3.148860e+00,4.476349e+00,-2.695700e+00,-1.098587e-01,-7.973042e-01
1.713906e+00,1.014913e+01,4.371177e+00,-1.310136e+00,5.443014e-01,1.336104e-01
9.057087e+00,1.325060e+01,3.936168e+00,-1.464688e+00,1.570202e+00,4.952305e-01
3.427756e+00,7.093444e+00,3.635382e+00,-1.377100e+00,2.036867e+00,5.170781e-01
-1.104326e+00,9.035992e+00,4.304711e+00,-1.315925e+00,5.247729e-01,-8.189908e-02
-3.777568e+00,1.141667e+01,4.358273e+00,-1.368214e+00,-9.537956e-01,-3.139994e-01
-1.822496e+00,9.501522e+00,3.002137e+00,-1.321876e+00,-7.916388e-01,-2.767533e-01
1.886181e+00,7.589890e+00,1.237591e+00,-1.103795e+00,-1.935885e-02,-1.189738e-01
2.745811e+00,8.666628e+00,2.621415e+00,-1.129446e+00,1.854617e-01,-4.357170e-02
1.756241e+00,8.439153e+00,4.348666e+00,-1.393649e+00,-1.634203e-01,-1.429840e-01
1.703091e+00,8.937810e+00,1.101609e+00,-1.515931e+00,-6.560652e-01,-3.023586e-01
1.380107e+00,8.304116e+00,-3.456346e+00,-1.727774e+00,-9.105068e-01,-2.086248e-01
3.129650e-01,9.474512e+00,-1.339503e+00,-1.954092e+00,-9.215861e-01,-9.842605e-02
4.118723e-01,1.063266e+01,2.061546e+00,-2.786668e+00,-1.112440e+00,3.131045e-02
7.572768e+00,1.208551e+01,5.964165e-01,-3.282100e+00,-1.118117e+00,1.291971e-01
1.087441e+01,2.068734e+01,-5.213204e+00,-3.667422e+00,-7.084062e-01,5.470445e-01
-5.084694e+00,1.470012e+01,9.884420e+00,-4.037979e+00,-1.172390e+00,5.277815e-01
-9.359130e+00,2.793451e+01,1.776469e+01,-4.721481e+00,-4.299885e+00,-3.510508e-01
-1.159543e+01,2.391077e+01,1.678430e+01,-5.032307e+00,-4.971524e+00,-5.016873e-01
3.234294e+00,2.207618e+00,1.352001e+01,-2.762139e+00,-2.312837e+00,-6.034045e-02
9.533816e+00,1.049117e+01,8.064388e+00,-6.384674e-01,3.443649e-02,2.437307e-01
3.615721e+00,7.083779e+00,1.108482e+01,-4.444874e-01,1.685156e+00,-5.409449e-02
2.430573e+00,3.766781e+00,8.708336e+00,7.973593e-01,1.324598e+00,-4.700171e-01
3.120000e+00,8.744471e-01,9.464047e+00,3.387448e+00,1.201688e+00,-9.074468e-01
3.350276e+00,1.240643e+00,9.122845e+00,4.496753e+00,1.619574e+00,-9.631160e-01
3.794279e+00,2.582095e+00,1.106646e+01,5.547592e+00,2.142761e+00,-1.272226e+00
4.823607e+00,3.186862e+00,1.240886e+01,6.193579e+00,2.282034e+00,-1.110019e+00
6.252730e+00,5.604448e+00,1.386222e+01,7.495198e+00,2.037460e+00,-7.265775e-01
9.088198e+00,9.853008e+00,1.345121e+01,8.253642e+00,1.439246e+00,-3.915039e-01
-1.074651e+01,-1.240971e+00,6.179795e+00,8.581181e+00,5.551971e-01,1.319794e-01
-1.942239e+01,-6.559894e+00,1.053258e+01,7.933781e+00,-3.975588e-01,-3.485478e-01
-1.759976e-01,-1.692359e+01,3.671458e+00,4.381866e+00,1.778154e-02,-1.215166e+00
2.843740e+00,1.228137e+01,2.693570e+00,1.222482e+00,2.099114e+00,-1.450786e-01
1.176455e+01,2.550286e+01,1.004210e+01,-3.498315e+00,2.319621e+00,3.441181e-01
3.237272e+00,-1.286202e+01,1.078669e+01,-2.733141e+00,2.852794e+00,1.161844e+00
-5.460823e+00,6.032545e+00,1.435913e+01,-2.892525e+00,1.435507e+00,-1.070262e+00
2.087900e+00,2.306139e+01,1.306163e+01,-3.525754e+00,1.354085e+00,7.538962e-01
-2.504610e+00,6.116074e+00,7.748046e+00,-3.187548e+00,1.930615e-01,-6.975809e-01
-8.061063e+00,5.362492e+00,6.241956e+00,-2.196455e+00,-6.032190e-01,-3.733528e-01
4.058754e+00,1.293840e+01,6.081395e+00,-1.586809e+00,-7.529966e-03,6.626905e-02
5.790842e+00,1.105256e+01,4.164089e+00,-1.373011e+00,1.492365e+00,5.294332e-01
3.022978e+00,8.356119e+00,3.417589e+00,-1.147636e+00,1.192753e+00,1.993995e-01
1.326280e+00,1.034584e+01,3.116459e+00,-1.013018e+00,1.892696e-01,6.515617e-03
-2.527072e+00,1.069701e+01,1.849688e+00,-1.060096e+00,-7.956048e-01,-2.180456e-01
-1.714575e+00,7.291082e+00,6.590343e-01,-1.054765e+00,-9.713659e-01,-3.305698e-01
2.916518e-01,6.895674e+00,9.510944e-01,-1.102484e+00,-8.212653e-01,-3.128440e-01
1.445893e+00,7.554728e+00,3.241704e+00,-1.292298e+00,-7.709411e-01,-2.771471e-01
-9.780935e-02,8.181453e+00,1.341645e+00,-1.661840e+00,-1.064192e+00,-3.317316e-01
3.517129e-01,8.281905e+00,-1.061316e+00,-1.833231e+00,-1.149527e+00,-2.932707e-01
3.630060e+00,1.014711e+01,-7.140517e-01,-2.181591e+00,-8.576833e-01,3.572135e-02
2.083179e+00,9.648128e+00,1.086142e+00,-2.564304e+00,-6.711848e-01,1.514592e-01
8.792858e+00,1.251139e+01,-7.342017e-01,-3.354486e+00,-1.120536e+00,1.911650e-01
6.929808e+00,2.173406e+01,-4.407254e+00,-3.694425e+00,-1.132376e+00,4.500163e-01
-8.281962e+00,1.716018e+01,1.533209e+01,-4.343409e+00,-2.056957e+00,5.255556e-01
-6.434855e+00,2.353289e+01,1.743293e+01,-4.677140e+00,-3.724802e+00,9.392036e-02
-7.398975e+00,1.395385e+01,1.674087e+01,-4.733890e+00,-3.652041e+00,-1.606010e-01
4.438249e+00,4.052107e+00,1.270511e+01,-3.081008e+00,-2.044225e+00,1.428983e-02
6.284629e+00,1.141332e+01,9.737666e+00,-5.927530e-01,5.814420e-01,1.060697e-01
2.086027e+00,7.572577e+00,1.170132e+01,-5.867576e-01,1.179364e+00,-1.931447e-01
2.697991e+00,2.953731e+00,8.701882e+00,2.173153e+00,7.274310e-01,-1.099914e+00
4.257159e+00,1.228548e+00,1.001696e+01,3.600928e+00,1.111903e+00,-1.071771e+00
5.689486e+00,7.990716e-01,9.689506e+00,5.284868e+00,2.000978e+00,-1.142065e+00
5.698733e+00,2.268586e+00,1.139308e+01,5.941871e+00,2.177025e+00,-1.334472e+00
5.239387e+00,2.500209e+00,1.374317e+01,7.009646e+00,1.900428e+00,-1.299826e+00
6.979371e+00,7.012681e+00,1.192041e+01,7.808535e+00,1.473392e+00,-1.344239e+00
4.295076e+00,1.039429e+01,7.979639e+00,8.564920e+00,6.996599e-01,-1.137065e+00
-9.295390e+00,2.551763e+00,5.928591e+00,8.454574e+00,6.721294e-02,-6.850780e-01
-4.709883e+00,-1.774584e+01,-2.346245e+00,6.751010e+00,-1.173444e+00,-1.800141e+00
1.292143e-01,-1.351783e+01,5.908486e+00,4.337873e+00,7.204533e-01,-1.217848e+00
7.482806e+00,3.479298e+01,5.002427e+00,-1.344027e+00,2.964670e+00,5.351534e-01
2.083401e+01,2.619131e+01,9.751480e-01,-4.414458e+00,2.787204e+00,5.829302e-01
-1.752333e+00,-8.452370e+00,1.514901e+01,-1.744858e+00,2.354587e+00,2.067227e+00
1.512888e-01,1.187394e+00,1.403659e+01,-2.731643e+00,-6.716921e-01,-1.958064e+00
-4.430443e+00,2.358804e+01,1.345287e+01,-3.559746e+00,6.377597e-01,8.048736e-01
-1.814126e+00,8.518551e+00,6.951841e+00,-2.935813e+00,2.974618e-01,-2.966920e-01
-1.590779e+00,6.375344e+00,4.099338e+00,-1.774526e+00,9.857653e-02,4.321450e-02
2.063288e+00,1.080278e+01,4.678828e+00,-1.141237e+00,5.372511e-01,1.726766e-01
6.518184e+00,1.069665e+01,3.153751e+00,-1.331751e+00,1.623846e+00,5.301224e-01
2.618712e+00,7.117693e+00,3.163512e+00,-1.285945e+00,1.367051e+00,3.462138e-01
-1.166770e+00,9.535365e+00,3.326604e+00,-1.177880e+00,-5.632248e-01,-2.449956e-01
-1.680288e+00,9.707290e+00,2.452107e+00,-1.241548e+00,-1.013027e+00,-2.859826e-01
-2.210657e-01,8.692131e+00,1.471066e+00,-1.327745e+00,-9.312319e-01,-2.366915e-01
-2.505713e-01,8.920860e+00,2.075723e+00,-1.348281e+00,-6.862597e-01,-2.262431e-01
1.371367e+00,7.574086e+00,3.215453e+00,-1.519131e+00,-7.838654e-01,-2.537134e-01
1.194421e+00,7.054672e+00,2.607980e+00,-1.613728e+00,-8.548538e-01,-2.113743e-01
1.878455e-01,1.005238e+01,-3.378455e-01,-1.809980e+00,-8.528082e-01,-1.547676e-01
9.997055e-01,1.081990e+01,-6.316035e-01,-2.041424e+00,-9.231998e-01,-3.244370e-02
1.421630e+00,1.164167e+01,1.700750e+00,-2.654611e+00,-8.874617e-01,9.047655e-02
7.296925e+00,1.294152e+01,1.816241e+00,-3.134375e+00,-1.001733e+00,2.204723e-01
1.020979e+01,2.260192e+01,-4.903241e+00,-3.721458e+00,-7.958230e-01,4.537111e-01
-1.305624e-02,1.603787e+01,4.900644e+00,-4.165338e+00,-1.380597e+00,3.446252e-01
-7.029953e+00,2.415744e+01,1.741283e+01,-4.638386e+00,-3.813900e+00,-8.329789e-02
-9.483124e+00,2.440049e+01,1.623586e+01,-4.824236e+00,-5.124940e+00,-6.428365e-01
2.674327e+00,1.344367e+00,1.311126e+01,-3.503601e+00,-2.797773e+00,-3.217010e-01
9.036043e+00,1.018306e+01,6.888275e+00,-8.266173e-01,-8.232795e-01,-9.977101e-02
2.696405e+00,6.704608e+00,1.154242e+01,-5.462209e-01,1.164038e+00,-3.303935e-01
2.779218e+00,3.115989e+00,7.864243e+00,1.091316e+00,7.370093e-01,-9.518599e-01
3.307315e+00,1.376378e+00,8.869299e+00,3.117721e+00,9.128194e-01,-1.305553e+00
4.250222e+00,8.210803e-01,9.936537e+00,4.189462e+00,1.323824e+00,-1.309671e+00
4.486212e+00,2.621743e+00,1.082450e+01,5.512687e+00,1.864401e+00,-1.708950e+00
4.974668e+00,3.373128e+00,1.254702e+01,6.255830e+00,1.924246e+00,-1.622035e+00
5.041072e+00,4.852244e+00,1.214830e+01,7.333027e+00,1.634077e+00,-1.504204e+00
6.863125e+00,1.069528e+01,1.189042e+01,8.078416e+00,1.304833e+00,-1.386751e+00
-2.436623e+00,4.325542e+00,4.242446e+00,8.437644e+00,8.773688e-01,-7.813250e-01
-1.687794e+01,-1.389757e+01,4.402889e+00,7.903579e+00,8.602326e-02,-7.137550e-01
-6.083331e-01,-1.621941e+01,3.549156e+00,5.151912e+00,5.007502e-01,-1.134350e+00
2.751563e+00,1.513951e+01,4.770770e+00,2.403796e+00,2.835939e+00,-1.062247e-01
7.509084e+00,2.130271e+01,7.274887e-01,-3.563201e+00,3.554205e+00,8.626694e-01
4.091230e+00,-1.020134e+01,1.244270e+01,-2.397901e+00,3.422500e+00,1.637068e+00
2.422050e+00,-2.294989e+00,1.317100e+01,-3.215202e+00,5.589494e-01,-1.613626e+00
-2.732665e+00,1.824424e+01,1.309933e+01,-3.834930e+00,1.018962e+00,5.111897e-01
-6.558241e+00,9.144377e+00,8.032645e+00,-3.005774e+00,-3.783884e-01,-8.486742e-01
-6.900332e+00,3.205488e+00,4.664426e+00,-2.300955e+00,-8.733554e-01,-4.127424e-01
1.995387e+00,1.086493e+01,5.276216e+00,-1.306690e+00,2.226278e-01,6.410749e-02
7.949813e+00,1.225273e+01,3.911538e+00,-1.350630e+00,1.607589e+00,6.414500e-01
3.963226e+00,6.559282e+00,3.375595e+00,-1.189983e+00,1.866477e+00,4.869733e-01
1.265524e+00,8.857771e+00,4.218101e+00,-1.109524e+00,6.169035e-01,1.431278e-01
6.596797e-01,1.161681e+01,3.368836e+00,-1.210799e+00,-3.780813e-01,-1.212946e-01
3.789337e-01,1.035291e+01,2.750494e+00,-1.277821e+00,-5.109308e-01,-1.892291e-01
-7.727049e-01,8.142525e+00,2.353377e+00,-1.242855e+00,-6.745673e-01,-3.363836e-01
-6.279194e-01,9.313045e+00,3.252642e+00,-1.235697e+00,-8.292429e-01,-3.551303e-01
9.462127e-01,7.903119e+00,3.324677e+00,-1.371027e+00,-9.299451e-01,-3.220451e-01
1.259724e-01,8.245972e+00,3.850228e-01,-1.408512e+00,-9.192268e-01,-2.838791e-01
1.289263e+00,9.829168e+00,-3.739874e+00,-1.618065e+00,-9.106491e-01,-1.344878e-01
4.498372e-01,8.779345e+00,-1.766600e+00,-1.987133e+00,-9.384648e-01,6.709924e-02
3.161820e+00,1.180619e+01,1.500000e+00,-2.762247e+00,-1.148143e+00,6.036343e-02
1.125768e+01,1.365650e+01,-3.626824e+00,-3.153200e+00,-1.233022e+00,1.823176e-01
4.020276e+00,1.758301e+01,-2.041885e+00,-3.776704e+00,-1.155449e+00,5.703293e-01
-4.410230e+00,1.550917e+01,1.223082e+01,-4.281239e+00,-2.211365e+00,4.917654e-01
-9.395332e+00,2.718910e+01,1.789311e+01,-4.727643e+00,-4.546960e+00,-9.259928e-02
-7.348558e+00,1.641065e+01,1.622532e+01,-4.906844e+00,-3.862902e+00,-1.645482e-01
7.337618e+00,4.518645e+00,1.104820e+01,-2.221227e+00,-1.170889e+00,1.178220e-01
7.337656e+00,1.045547e+01,9.935626e+00,-1.004545e+00,6.717741e-01,3.434921e-01
2.786181e+00,5.500362e+00,9.607962e+00,-7.437498e-01,1.320098e+00,-1.451738e-01
2.476608e+00,3.195610e+00,7.856483e+00,5.932340e-01,8.282205e-01,-6.633766e-01
2.317422e+00,-9.266957e-02,8.647311e+00,2.882467e+00,8.777286e-01,-1.021274e+00
2.545749e+00,9.290262e-03,8.313888e+00,3.820864e+00,1.253693e+00,-1.224171e+00
3.589283e+00,2.288567e+00,9.062344e+00,4.966689e+00,1.877358e+00,-1.466512e+00
4.506566e+00,3.705653e+00,1.130648e+01,5.529874e+00,2.039891e+00,-1.327259e+00
6.734790e+00,5.737325e+00,1.516074e+01,6.731690e+00,1.883048e+00,-1.110402e+00
8.026285e+00,8.362033e+00,1.246637e+01,7.495980e+00,1.566716e+00,-9.477721e-01
1.381664e+00,8.282859e+00,7.282048e+00,8.354636e+00,6.279179e-01,-5.985404e-01
-1.272825e+01,3.330547e-01,4.561090e+00,8.147498e+00,-3.948031e-01,-4.257464e-01
-9.039808e+00,-1.829594e+01,7.651185e-01,6.144265e+00,-1.228460e+00,-1.082868e+00
2.603547e+00,-4.060666e+00,6.864678e+00,4.221958e+00,4.191907e-01,-9.969162e-01
2.893140e+01,3.581326e+01,4.007678e+00,-1.819562e+00,4.024907e+00,1.218528e+00
1.153973e-01,-7.249949e+00,7.185410e+00,-3.582975e+00,3.640955e+00,1.169364e+00
-8.959190e-01,-6.071603e+00,1.552100e+01,-2.615747e+00,8.579782e-01,-3.677316e-01
-7.491509e+00,4.296972e+00,1.540825e+01,-3.808062e+00,-2.880876e-01,-9.012669e-01
5.889840e-01,2.311771e+01,1.184832e+01,-3.457646e+00,-2.882947e-01,-3.223497e-01
-3.635998e+00,2.856408e+00,5.919580e+00,-2.933025e+00,1.095260e-02,-5.375554e-01
4.104965e+00,1.098177e+01,5.766919e+00,-1.392064e+00,5.292801e-01,1.350713e-01
8.723671e+00,1.368845e+01,5.647108e+00,-1.375931e+00,1.330572e+00,3.933277e-01
2.516204e+00,7.785787e+00,3.896892e+00,-1.286048e+00,1.534852e+00,3.421215e-01
-3.648787e-01,9.265880e+00,3.651874e+00,-1.157145e+00,9.293221e-02,-9.536066e-02
-2.048748e+00,1.083161e+01,2.891141e+00,-1.136536e+00,-1.000848e+00,-3.441662e-01
-1.645069e+00,8.733555e+00,1.686777e+00,-1.163814e+00,-1.009521e+00,-3.354657e-01
-1.738900e+00,7.058031e+00,1.925089e+00,-1.132501e+00,-7.445830e-01,-2.980081e-01
7.757094e-01,6.877402e+00,2.853299e+00,-1.224673e+00,-7.588889e-01,-2.415525e-01
2.386464e+00,8.244878e+00,3.190852e+00,-1.382816e+00,-7.676256e-01,-3.158599e-01
1.362280e+00,8.109432e+00,-1.166591e+00,-1.561917e+00,-9.059779e-01,-2.784272e-01
1.872252e-01,9.575335e+00,-1.330304e+00,-1.888716e+00,-1.330758e+00,-2.913592e-01
-1.997801e+00,1.065199e+01,1.214185e+00,-2.328399e+00,-1.500147e+00,-1.388672e-01
5.284404e+00,1.120918e+01,9.673892e-01,-2.984444e+00,-1.512574e+00,-7.234916e-02
1.342876e+01,1.522399e+01,-4.989132e+00,-3.409915e+00,-1.266304e+00,2.468929e-01
2.800056e+00,1.611952e+01,2.931268e+00,-4.032886e+00,-8.654010e-01,4.575496e-01
-9.127323e+00,2.198343e+01,1.941552e+01,-4.617513e+00,-2.433328e+00,2.017626e-01
-1.470708e+01,2.745760e+01,1.959791e+01,-5.140764e+00,-5.412186e+00,-8.171832e-01
-4.059161e+00,3.054860e-01,2.163942e+01,-4.987646e+00,-4.891777e+00,-6.217779e-01
8.761502e+00,1.149061e+01,9.502973e+00,-1.021246e+00,-7.241842e-01,2.849458e-01
5.868227e+00,9.712317e+00,1.222029e+01,-7.663771e-01,1.429644e+00,4.814359e-01
3.470743e+00,4.032421e+00,8.547731e+00,8.913947e-01,1.543955e+00,-3.248476e-01
4.487286e+00,8.818747e-01,8.044660e+00,2.456282e+00,1.383347e+00,-8.221733e-01
6.592958e+00,3.435895e-01,9.009794e+00,4.534633e+00,1.877843e+00,-9.970157e-01
7.936878e+00,1.393660e+00,8.889365e+00,5.287879e+00,2.235606e+00,-1.360795e+00
6.506589e+00,3.415731e+00,1.155498e+01,6.296633e+00,2.345215e+00,-1.402154e+00
4.309351e+00,3.801435e+00,1.423711e+01,6.846165e+00,1.895886e+00,-1.378373e+00
2.029760e+00,1.144788e+01,1.151832e+01,8.053903e+00,6.425672e-01,-1.141464e+00
6.371889e-01,9.120929e+00,8.533593e+00,8.592991e+00,2.174115e-01,-7.720198e-01
-1.175564e+01,-7.306057e+00,8.143105e+00,8.311599e+00,-2.355623e-02,2.286499e-01
-3.199588e-01,-1.699113e+01,-8.941397e-01,7.300971e+00,3.512551e-02,-1.516290e-01
2.336967e+00,2.341040e+01,4.878861e-01,2.698460e+00,2.009960e+00,-1.506357e-01
2.691450e+01,3.808768e+01,8.570198e+00,-9.696050e-01,1.937145e+00,5.454376e-01
4.064453e+00,-7.397574e+00,1.247994e+01,-3.455160e+00,9.167230e-01,1.472198e-01
7.167548e+00,-8.810309e+00,1.131612e+01,-3.181139e+00,1.830700e-01,1.754377e-02
7.788916e-02,1.356724e+01,1.487099e+01,-3.527443e+00,1.327624e+00,9.211814e-01
-2.239348e+00,2.584962e+01,1.285456e+01,-3.140761e+00,3.574312e-01,-1.657238e-01
-7.021712e+00,2.418535e+00,4.505311e+00,-2.350542e+00,-7.521959e-01,-2.912717e-01
-2.478728e+00,6.064021e+00,5.328433e+00,-1.378630e+00,-7.652272e-01,-1.262303e-01
7.549330e+00,1.402025e+01,4.391395e+00,-1.010631e+00,1.336899e+00,5.184359e-01
5.157734e+00,7.982612e+00,2.070871e+00,-9.673501e-01,1.852515e+00,5.247724e-01
1.943181e+00,8.565518e+00,1.611322e+00,-7.906378e-01,6.458009e-01,2.252670e-01
-4.437511e-01,1.148602e+01,9.247111e-01,-7.671879e-01,-4.187013e-01,-1.428726e-01
-1.843059e+00,8.490212e+00,-3.918368e-01,-1.050130e+00,-1.202946e+00,-2.744971e-01
-4.250071e+00,6.701338e+00,6.610573e-01,-1.165598e+00,-1.297376e+00,-3.262652e-01
-3.297549e+00,8.177146e+00,3.111807e+00,-1.417579e+00,-1.301648e+00,-2.886049e-01
1.081397e+00,8.214751e+00,4.213279e+00,-1.578351e+00,-1.117578e+00,-1.983335e-01
5.759375e+00,8.707936e+00,3.046606e+00,-1.763987e+00,-2.398371e-01,1.993123e-02
3.449398e+00,8.392135e+00,1.226752e+00,-1.794478e+00,-1.899188e-01,2.927035e-02
1.163151e+00,1.028882e+01,-1.764091e+00,-1.987021e+00,-5.932590e-01,8.712291e-02
9.885929e-01,1.008554e+01,-8.836644e-01,-2.223652e+00,-1.014435e+00,1.139353e-01
3.004413e+00,1.344063e+01,3.357663e-01,-2.915820e+00,-1.309010e+00,1.950548e-01
1.940809e+00,1.909179e+01,-3.958034e+00,-3.317097e+00,-1.448342e+00,3.820825e-01
-3.432785e+00,1.560394e+01,8.833066e+00,-3.863066e+00,-1.756611e+00,6.959652e-01
-3.560415e+00,2.126297e+01,1.443631e+01,-4.318340e+00,-2.615612e+00,5.789137e-01
-6.098450e+00,2.138617e+01,1.470549e+01,-4.750487e+00,-3.040613e+00,1.349336e-01
5.730010e-01,4.173969e+00,1.777601e+01,-4.389608e+00,-2.329231e+00,2.818416e-02
7.818009e+00,9.969942e+00,7.472009e+00,-9.242006e-01,1.755623e-01,2.634229e-01
2.896613e+00,9.154426e+00,1.162106e+01,-8.512357e-01,1.180476e+00,7.140716e-02
1.630585e+00,4.368875e+00,8.974717e+00,3.572957e-01,8.382584e-01,-3.342178e-01
2.370004e+00,2.699744e+00,7.830249e+00,2.099077e+00,8.151928e-01,-7.401839e-01
2.887254e+00,1.864334e+00,8.749735e+00,3.721142e+00,1.349038e+00,-8.000055e-01
3.399457e+00,2.110388e+00,9.826393e+00,4.492225e+00,1.692309e+00,-9.021372e-01
4.548935e+00,2.232623e+00,1.120558e+01,5.793929e+00,2.018038e+00,-7.669590e-01
5.312270e+00,3.807083e+00,1.517572e+01,6.589157e+00,1.891376e+00,-6.342770e-01
6.781397e+00,8.553460e+00,1.379193e+01,7.644914e+00,1.412756e+00,-4.452983e-01
3.975985e+00,8.345708e+00,1.130341e+01,8.200368e+00,9.623308e-01,-3.474247e-01
-1.667685e+01,1.052032e-01,8.563087e+00,8.259088e+00,9.389204e-02,-4.276138e-01
-8.511898e+00,-1.507879e+01,2.675201e-01,7.193970e+00,-3.770979e-01,-1.071301e+00
-2.442040e+00,-1.627055e+01,8.320217e+00,3.866701e+00,1.273968e+00,-8.441344e-01
1.117336e+01,3.892132e+01,-8.758394e-01,5.747644e-01,2.894892e+00,3.087668e-01
7.970144e+00,1.728995e+00,3.119415e+00,-4.467922e+00,3.078218e+00,4.837990e-01
-9.378681e+00,-1.769224e+01,1.279884e+01,-2.456771e+00,3.506057e+00,2.096516e+00
-8.631409e+00,1.665985e+01,1.382720e+01,-2.302980e+00,-9.257794e-01,-2.502482e+00
7.026727e+00,2.062124e+01,9.391956e+00,-3.615215e+00,7.972675e-01,1.139266e+00
-2.475851e+00,4.151372e+00,5.370027e+00,-2.649589e+00,6.062901e-01,-7.380011e-01
-5.127156e+00,7.256259e+00,4.547878e+00,-1.654225e+00,8.309609e-02,-3.235036e-01
5.567558e+00,1.317614e+01,3.484732e+00,-1.394351e+00,4.693337e-01,9.003522e-02
4.193322e+00,8.094440e+00,2.601830e+00,-1.366387e+00,1.608727e+00,4.528367e-01
1.239446e+00,9.080932e+00,3.275977e+00,-1.157187e+00,8.438231e-01,5.653215e-03
4.991620e-01,1.055782e+01,3.121089e+00,-1.197007e+00,-8.756028e-02,-2.204245e-01
1.009496e+00,9.986825e+00,2.202878e+00,-1.415814e+00,-5.477259e-01,-2.391472e-01
-6.892097e-01,8.554532e+00,2.036856e+00,-1.430482e+00,-5.447552e-01,-2.508082e-01
-2.694842e+00,8.519280e+00,4.229595e+00,-1.454935e+00,-6.850868e-01,-3.279384e-01
-2.135975e-01,8.788962e+00,4.655262e+00,-1.508937e+00,-8.757093e-01,-3.644020e-01
2.848424e+00,8.325348e+00,4.252971e-01,-1.522624e+00,-7.115391e-01,-2.979250e-01
2.563588e-01,8.054063e+00,-3.478311e+00,-1.539343e+00,-7.546342e-01,-2.977778e-01
-9.551128e-01,1.088017e+01,-2.964944e+00,-1.832130e+00,-1.244095e+00,-2.383116e-01
-3.611290e-01,8.402917e+00,-2.757088e-01,-2.301358e+00,-1.389546e+00,-1.316199e-01
1.004782e+01,1.436594e+01,-1.180458e+00,-3.181705e+00,-1.055327e+00,2.680313e-01
1.045978e+01,1.765843e+01,-5.400566e+00,-3.624532e+00,-6.653182e-01,6.327679e-01
-8.872329e+00,1.640597e+01,1.113440e+01,-4.181972e+00,-1.426538e+00,6.220118e-01
-6.960702e+00,2.573336e+01,1.592994e+01,-4.792137e+00,-2.989769e+00,2.609169e-01
-5.469356e+00,1.971554e+01,1.534830e+01,-5.113839e+00,-3.579213e+00,-1.352901e-02
5.498232e+00,2.684036e+00,1.401378e+01,-4.095600e+00,-1.942581e+00,8.914050e-02
9.008586e+00,1.178601e+01,8.015687e+00,-9.080149e-01,2.543496e-01,1.425434e-01
4.206636e+00,7.498535e+00,1.050688e+01,-7.975570e-01,9.771026e-01,-2.974150e-01
1.400828e+00,3.850334e+00,8.753979e+00,1.081018e+00,3.012942e-02,-1.354077e+00
1.981059e+00,1.525015e+00,9.618654e+00,2.745113e+00,-4.655169e-02,-1.730545e+00
3.037380e+00,2.062401e+00,1.061602e+01,4.353760e+00,6.228585e-01,-1.777313e+00
3.132336e+00,2.879201e+00,1.161741e+01,5.123653e+00,1.269152e+00,-1.914560e+00
3.649292e+00,3.819311e+00,1.525276e+01,6.465918e+00,1.837591e+00,-1.638455e+00
4.984532e+00,4.809495e+00,1.570410e+01,7.279815e+00,1.979734e+00,-1.396919e+00
7.237166e+00,1.249751e+01,1.093942e+01,8.632296e+00,1.908391e+00,-8.859812e-01
-3.036442e+00,2.659195e+00,6.072141e+00,8.933706e+00,1.565097e+00,-2.704422e-01
-7.579791e+00,-1.692885e+01,1.294251e+00,8.111715e+00,2.123368e-01,-1.545153e-01
-7.893588e-01,-1.701071e+01,1.849849e+00,6.127208e+00,4.563032e-01,-7.723398e-01
1.313692e+01,3.564365e+01,7.895539e-02,7.310845e-01,3.103660e+00,7.026838e-01
2.742159e+01,3.710737e+01,2.444920e+00,-2.625162e+00,2.770369e+00,8.939926e-01
-2.152767e+00,-9.652762e+00,1.637531e+01,-2.612120e+00,2.356986e+00,1.488620e+00
-2.445394e+00,-9.710894e-01,1.346142e+01,-3.313569e+00,-1.200065e+00,-1.994292e+00
-5.099451e+00,2.578395e+01,1.431028e+01,-3.273014e+00,-2.430004e-01,1.544758e-01
-2.744592e+00,1.652239e+01,8.676223e+00,-3.032415e+00,-1.237721e-01,2.058095e-01
2.913636e-01,3.359674e+00,3.037896e+00,-1.786051e+00,5.744103e-01,6.888889e-03
6.552533e+00,1.327335e+01,3.683594e+00,-7.895098e-01,1.319992e+00,3.918770e-01
4.283876e+00,1.161559e+01,3.374752e+00,-1.038374e+00,1.848542e+00,5.620446e-01
6.543089e-01,7.508707e+00,2.946248e+00,-9.325586e-01,1.359781e+00,3.677049e-01
5.950437e-01,1.008026e+01,1.572224e+00,-8.380738e-01,-4.089751e-01,-1.854141e-01
8.405625e-01,1.056539e+01,2.112187e-02,-9.126619e-01,-5.276556e-01,-1.848473e-01
-2.684117e-01,7.400441e+00,-2.878424e-01,-1.058718e+00,-5.197538e-01,-1.685382e-01
-2.864701e+00,7.368923e+00,1.936655e+00,-1.186511e+00,-6.340659e-01,-2.459872e-01
-7.847974e-01,8.392294e+00,4.289126e+00,-1.620885e+00,-1.067981e+00,-2.935542e-01
1.255837e+00,9.268811e+00,3.828265e+00,-1.764600e+00,-8.997597e-01,-2.012183e-01
2.301898e+00,9.009935e+00,1.705207e+00,-1.805630e+00,-5.478133e-01,-9.599941e-02
2.177789e+00,9.197291e+00,-1.431718e-03,-1.849864e+00,-4.680285e-01,3.701383e-03
1.669280e+00,1.134498e+01,-2.691416e+00,-2.258736e+00,-6.136706e-01,2.181231e-01
2.370486e+00,9.337403e+00,-5.566798e-01,-2.838041e+00,-1.028100e+00,2.540203e-01
9.912274e+00,1.277666e+01,-2.387361e+00,-3.440997e+00,-1.333812e+00,2.692024e-01
6.395058e+00,1.864002e+01,-3.287350e+00,-3.875671e+00,-1.215482e+00,5.742427e-01
-7.374399e+00,1.904928e+01,1.299696e+01,-4.422506e+00,-2.149516e+00,4.909713e-01
-1.048245e+01,2.870306e+01,1.709364e+01,-4.885583e+00,-4.725861e+00,-1.357201e-01
-4.940348e+00,6.310354e+00,1.828691e+01,-4.414836e+00,-3.168704e+00,1.799004e-01
6.547572e+00,5.258410e+00,1.268072e+01,-2.046690e+00,-1.083042e+00,5.772673e-01
9.716021e+00,1.167853e+01,9.423428e+00,-7.171077e-01,1.688309e+00,5.716007e-01
4.792008e+00,6.135291e+00,1.058843e+01,-1.628333e-01,1.701342e+00,1.522027e-01
2.704990e+00,2.362119e+00,8.118218e+00,2.560044e+00,5.725448e-01,-1.021536e+00
2.231909e+00,1.311453e+00,9.228040e+00,3.573785e+00,5.427705e-01,-1.206750e+00
2.653932e+00,2.022178e+00,9.531041e+00,4.788093e+00,1.075736e+00,-1.667834e+00
3.314511e+00,2.557486e+00,1.059016e+01,5.545452e+00,1.533650e+00,-1.825298e+00
4.060508e+00,3.340000e+00,1.323271e+01,6.810568e+00,1.884433e+00,-1.645579e+00
5.227956e+00,5.984548e+00,1.499019e+01,7.580912e+00,1.844595e+00,-1.516611e+00
4.878555e+00,1.287432e+01,1.272825e+01,8.555521e+00,1.367440e+00,-9.516211e-01
-3.641857e+00,4.845857e+00,6.174106e+00,8.588589e+00,8.690797e-01,-3.509112e-01
-1.128314e+01,-1.688871e+01,1.796006e-01,7.295241e+00,-1.142895e-01,-9.979976e-01
1.202960e+00,-1.700946e+01,3.544564e+00,5.028697e+00,1.709616e+00,-7.429624e-01
8.503665e+00,3.511528e+01,1.895712e+00,-1.141647e+00,3.530942e+00,7.974199e-01
2.291769e+01,2.962547e+01,1.217232e+00,-4.117072e+00,3.059471e+00,7.810941e-01
8.410257e-01,-1.118488e+01,1.372638e+01,-1.463744e+00,1.837667e+00,1.235046e+00
2.506837e+00,-2.056954e+00,1.382278e+01,-3.315432e+00,-6.782444e-01,-2.432370e+00
-5.178864e+00,2.413786e+01,1.486001e+01,-3.650227e+00,1.683679e-01,4.481437e-01
-4.005759e+00,1.917178e+01,1.085287e+01,-3.152740e+00,-4.626352e-01,-6.910680e-01
-3.661114e+00,4.559872e+00,4.214289e+00,-1.538634e+00,-2.633487e-01,5.590283e-02
1.890919e+00,1.077784e+01,4.671816e+00,-1.078039e+00,6.587770e-01,1.567396e-01
7.676068e+00,1.107173e+01,2.747669e+00,-1.122800e+00,1.964412e+00,5.725012e-01
3.850828e+00,7.252487e+00,1.995804e+00,-1.084800e+00,1.403244e+00,3.812666e-01
-2.270320e-01,1.055637e+01,1.583550e+00,-1.048583e+00,-6.062752e-01,-1.987770e-01
-1.197486e+00,1.101503e+01,1.003654e+00,-1.204816e+00,-1.188935e+00,-3.297780e-01
-1.809226e+00,8.627296e+00,6.835676e-01,-1.422362e+00,-1.209659e+00,-3.491636e-01
-2.855286e+00,8.223143e+00,2.264357e+00,-1.531769e+00,-1.091546e+00,-2.978589e-01
3.849575e-01,8.324514e+00,5.282108e+00,-1.694528e+00,-9.412168e-01,-2.440044e-01
3.415381e+00,8.117680e+00,4.812600e+00,-1.773551e+00,-6.385769e-01,-1.224536e-01
2.317843e+00,7.754339e+00,7.680063e-01,-1.823282e+00,-3.206771e-01,4.655538e-02
1.932991e+00,1.058128e+01,-2.371913e+00,-1.982025e+00,-5.237921e-01,1.695376e-01
-4.708544e-01,9.396260e+00,-2.848504e-01,-2.487505e+00,-9.099481e-01,2.630766e-01
2.146999e+00,1.079106e+01,9.957762e-01,-3.000660e+00,-1.254776e+00,1.984879e-01
8.205858e+00,1.763751e+01,-4.268561e+00,-3.590475e+00,-1.155024e+00,4.948355e-01
5.395561e+00,1.841944e+01,-2.225691e+00,-3.907460e+00,-1.086734e+00,5.327644e-01
-5.391546e+00,2.168456e+01,1.558334e+01,-4.622930e+00,-3.293885e+00,1.271989e-01
-1.318719e+01,2.786953e+01,1.837362e+01,-4.873923e+00,-4.712097e+00,-2.790493e-01
-1.635084e+00,5.365707e+00,1.698307e+01,-3.372169e+00,-2.390620e+00,9.794543e-02
9.173159e+00,8.630996e+00,8.930192e+00,-1.206166e+00,-2.418709e-01,5.769416e-01
6.168257e+00,7.330620e+00,1.019239e+01,-6.113649e-01,2.021735e+00,2.896741e-01
3.633144e+00,4.053971e+00,8.277791e+00,6.571489e-01,1.421286e+00,-1.577776e-01
3.110000e+00,1.747203e+00,7.593872e+00,2.733972e+00,8.164613e-01,-1.030441e+00
3.270265e+00,1.432699e+00,8.786424e+00,3.821189e+00,8.826668e-01,-1.353377e+00
3.845527e+00,2.191551e+00,9.408907e+00,5.079108e+00,1.298048e+00,-1.791425e+00
4.212544e+00,2.829199e+00,1.080131e+01,5.700973e+00,1.388768e+00,-1.795448e+00
4.342220e+00,3.819998e+00,1.513331e+01,6.898020e+00,1.273343e+00,-1.772181e+00
5.580460e+00,7.081334e+00,1.338876e+01,7.479265e+00,1.133794e+00,-1.708815e+00
4.249649e+00,1.218340e+01,1.288319e+01,8.363194e+00,7.230074e-01,-1.283723e+00
-1.150599e+01,9.006646e-01,7.040476e+00,8.140589e+00,1.764305e-01,-6.218111e-01
-1.206779e+01,-1.966423e+01,2.616153e+00,6.261258e+00,-3.084412e-01,-7.910010e-01
1.141418e-01,-1.537060e+01,6.868153e+00,4.044342e+00,2.112940e+00,-4.836798e-01
3.129714e+01,3.941000e+01,-1.857924e+00,-2.406757e+00,4.531527e+00,1.414875e+00
1.774768e+01,1.340317e+01,5.425043e+00,-4.384084e+00,4.075211e+00,1.412911e+00
2.205956e-01,-1.211177e+01,1.377226e+01,-2.032113e+00,1.136029e+00,-1.307800e-01
-6.316697e+00,6.466354e+00,1.665924e+01,-3.434749e+00,-1.063038e+00,-1.700442e+00
-4.951586e+00,2.262191e+01,1.422415e+01,-3.719984e+00,-6.838110e-01,-1.449972e-01
-5.705889e+00,7.557112e+00,8.410838e+00,-2.911332e+00,-6.798601e-01,-8.583947e-01
-1.093391e+00,7.193598e+00,5.982463e+00,-1.069487e+00,3.616398e-01,2.507669e-01
4.235633e+00,1.133943e+01,5.485965e+00,-1.039175e+00,1.439292e+00,6.115054e-01
7.442619e+00,1.068817e+01,2.745295e+00,-9.148619e-01,2.512948e+00,7.292392e-01
4.007117e-01,8.216821e+00,2.810386e+00,-8.372728e-01,1.124478e+00,3.325373e-01
-3.115273e+00,1.065527e+01,1.207212e+00,-7.980738e-01,-7.034175e-01,-2.730598e-01
-1.285504e+00,9.363028e+00,-2.587813e-01,-8.277547e-01,-7.278090e-01,-2.444825e-01
-8.114136e-01,6.420422e+00,2.933971e-01,-9.551194e-01,-2.296717e-01,-2.077410e-01
-1.150928e+00,7.686654e+00,2.440199e+00,-1.140313e+00,-2.227113e-01,-2.124390e-01
2.434590e+00,8.507222e+00,4.755646e+00,-1.588021e+00,-3.645883e-01,-2.075881e-01
4.913836e+00,9.551637e+00,2.260214e+00,-1.642222e+00,-1.955573e-01,-1.911110e-01
2.296284e+00,8.628714e+00,-1.874986e+00,-1.843877e+00,-3.501920e-01,-1.137758e-01
8.630853e-01,1.037848e+01,-1.796171e+00,-2.069448e+00,-6.964931e-01,-1.052974e-01
-2.727451e+00,1.007251e+01,2.148625e+00,-2.907556e+00,-1.251095e+00,-1.172765e-02
6.424681e+00,1.218201e+01,1.867997e+00,-3.274378e+00,-1.352723e+00,4.919354e-02
1.532958e+01,1.931871e+01,-6.277609e+00,-3.695690e+00,-8.744749e-01,5.315575e-01
-4.130173e-02,1.667457e+01,5.125575e+00,-3.940798e+00,-1.232212e+00,4.958250e-01
-1.232197e+01,2.636969e+01,1.766957e+01,-4.706916e+00,-5.562603e+00,-3.140996e-01
-1.485213e+01,2.795356e+01,1.773328e+01,-4.811651e+00,-5.670013e+00,-6.052558e-01
3.491405e+00,5.836832e-01,1.556963e+01,-3.367022e+00,-2.543299e+00,4.816113e-02
1.134016e+01,9.588732e+00,8.156534e+00,-1.123121e+00,4.546646e-01,4.272412e-01
8.022307e+00,8.476271e+00,8.950272e+00,-8.045065e-01,1.825182e+00,-1.983700e-01
3.460259e+00,5.325804e+00,8.575593e+00,7.057155e-01,8.124374e-01,-1.050267e+00
1.314125e+00,3.382504e-01,8.015473e+00,2.948037e+00,-1.883525e-01,-1.856876e+00
1.325199e+00,7.984479e-01,8.388118e+00,3.784209e+00,-1.169396e-03,-2.085737e+00
1.084993e+00,3.668205e+00,1.066885e+01,4.841564e+00,1.022860e+00,-2.553752e+00
1.169364e+00,4.405562e+00,1.178081e+01,5.562317e+00,1.411258e+00,-2.409250e+00
2.433133e+00,5.531988e+00,1.558155e+01,6.875466e+00,2.072918e+00,-2.057663e+00
7.565255e+00,1.024106e+01,1.279466e+01,7.658864e+00,2.311882e+00,-1.690993e+00
4.216391e+00,2.475444e+00,4.864022e+00,8.387682e+00,2.276269e+00,-4.348685e-01
-8.904395e+00,-3.328948e+00,4.911780e+00,8.153710e+00,1.448132e+00,3.422999e-02
-5.868842e+00,-1.576376e+01,2.086110e+00,5.260643e+00,4.919142e-01,-1.008286e+00
1.250904e-01,7.556358e+00,5.425455e+00,2.627184e+00,2.541813e+00,-5.728777e-01
1.411631e+01,2.805934e+01,5.576485e+00,-2.656187e+00,3.715737e+00,1.039021e+00
4.733497e+00,-4.521517e+00,8.584666e+00,-3.160919e+00,3.937015e+00,1.248244e+00
3.668820e+00,-5.233470e+00,1.254927e+01,-3.418947e+00,1.455109e+00,-1.299680e+00
-6.767667e-01,1.307357e+01,1.372017e+01,-3.574558e+00,9.273889e-01,2.208253e-02
-6.810049e+00,1.660659e+01,1.181092e+01,-3.254836e+00,-1.131949e+00,-6.719285e-01
-9.917633e+00,3.393129e+00,7.452061e+00,-2.458640e+00,-1.725280e+00,-9.177239e-01
1.509039e+00,9.469225e+00,6.802118e+00,-1.320521e+00,3.199750e-01,2.169536e-01
1.092085e+01,1.362934e+01,5.339663e+00,-1.255929e+00,2.091405e+00,7.202958e-01
4.908151e+00,7.846817e+00,2.892731e+00,-1.009933e+00,1.825101e+00,3.796609e-01
7.748549e-01,1.040376e+01,2.860481e+00,-9.298282e-01,4.238781e-01,2.303406e-02
-4.235853e+00,1.150427e+01,2.660655e+00,-1.061542e+00,-1.358042e+00,-4.068072e-01
-4.192185e+00,8.957967e+00,1.576124e+00,-1.029824e+00,-1.480159e+00,-5.295937e-01
-6.255021e-01,7.067382e+00,1.671371e+00,-1.095901e+00,-7.711522e-01,-3.497008e-01
2.075960e+00,7.566766e+00,2.836087e+00,-1.170555e+00,-4.208956e-01,-2.240434e-01
2.457625e+00,8.001990e+00,3.405920e+00,-1.500805e+00,-3.384366e-01,-9.245404e-02
2.317186e+00,8.814215e+00,-8.614983e-01,-1.599493e+00,-7.273259e-01,-2.133381e-01
-6.386824e-01,8.290704e+00,-3.251590e+00,-2.058630e+00,-1.212341e+00,-1.483325e-01
-4.895062e-01,8.984485e+00,4.796570e-01,-2.430228e+00,-1.332693e+00,-7.566897e-02
6.521283e+00,1.159270e+01,-3.446652e-01,-3.231954e+00,-9.785927e-01,2.522134e-01
9.099222e+00,1.676977e+01,-5.876894e+00,-3.573389e+00,-8.060844e-01,5.713148e-01
-2.632007e+00,1.679869e+01,9.743478e+00,-4.127088e+00,-1.761129e+00,6.134458e-01
-5.039790e+00,2.313651e+01,1.502488e+01,-4.625192e+00,-3.401639e+00,2.791323e-01
-6.603995e+00,2.088645e+01,1.575433e+01,-4.875513e+00,-3.591148e+00,-2.401416e-01
3.379597e+00,3.282318e+00,1.440208e+01,-3.322645e+00,-2.333037e+00,-4.201721e-01
8.276100e+00,1.154300e+01,7.879582e+00,-8.905876e-01,1.947559e-01,-3.354702e-01
3.865180e+00,9.107493e+00,1.134696e+01,-9.139722e-01,7.791271e-01,-7.783165e-01
2.250286e+00,4.622438e+00,9.279543e+00,1.750704e+00,1.571214e-01,-1.802631e+00
2.440278e+00,3.672784e+00,9.373876e+00,2.791660e+00,3.805505e-01,-1.863336e+00
1.867218e+00,3.693609e+00,1.013137e+01,4.531517e+00,1.332796e+00,-2.027697e+00
1.525993e+00,2.928243e+00,1.081531e+01,5.432767e+00,1.674404e+00,-1.994420e+00
4.480433e+00,3.997796e+00,1.255847e+01,6.765372e+00,2.090389e+00,-1.622866e+00
5.782960e+00,7.242510e+00,1.320687e+01,7.461634e+00,2.375452e+00,-1.298211e+00
6.551447e+00,9.708598e+00,9.930573e+00,8.213152e+00,1.851657e+00,-1.160344e-01
-3.957304e+00,1.126416e-01,6.566577e+00,8.283000e+00,1.261795e+00,4.482352e-01
-9.142231e+00,-8.297142e+00,3.426148e+00,7.218654e+00,7.933230e-01,-5.398695e-01
-1.702050e+00,-1.370294e+01,1.425753e+00,5.275464e+00,1.474908e+00,-4.671109e-01
1.946966e+00,1.970718e+01,6.272350e+00,2.764949e-01,2.908358e+00,7.274594e-01
2.537546e+01,3.935543e+01,2.745780e+00,-2.729114e+00,2.650367e+00,5.127049e-01
1.332202e+00,-1.091345e+01,1.275458e+01,-2.369505e+00,2.844186e+00,1.642362e+00
1.320431e+00,-8.081211e+00,1.630896e+01,-3.124950e+00,1.501070e+00,-2.425231e-01
-2.284205e-01,2.073409e+01,1.479595e+01,-3.501704e+00,6.656513e-01,5.957764e-02
1.366484e+00,2.245091e+01,1.202283e+01,-3.437893e+00,4.968602e-01,-6.300063e-03
-2.938875e+00,3.499856e+00,4.731642e+00,-1.594809e+00,2.122506e-01,-1.371127e-01
3.708667e+00,8.889591e+00,3.904410e+00,-9.918977e-01,6.744358e-01,-3.221793e-02
5.082339e+00,1.173291e+01,1.461391e+00,-9.474888e-01,1.536277e+00,3.933608e-01
1.209308e+00,8.493076e+00,2.574969e-01,-9.070518e-01,7.823825e-01,5.574808e-02
-1.742663e+00,1.014891e+01,-8.244225e-02,-8.410951e-01,-9.008228e-01,-4.057535e-01
-2.354019e+00,9.462410e+00,3.297997e-01,-1.104702e+00,-1.009690e+00,-3.250446e-01
-1.787155e+00,7.455583e+00,1.443851e+00,-1.401035e+00,-8.043286e-01,-3.240051e-01
-1.264558e+00,7.753167e+00,3.278506e+00,-1.649269e+00,-7.151838e-01,-3.042586e-01
1.747052e+00,7.973835e+00,5.534196e+00,-1.907749e+00,-6.895551e-01,-2.576295e-01
3.516763e+00,7.635634e+00,3.262307e+00,-1.920641e+00,-6.098128e-01,-2.427588e-01
3.856558e+00,8.692649e+00,-9.250953e-01,-1.975437e+00,-5.207680e-01,-1.000898e-01
2.397568e+00,1.057912e+01,-1.314914e+00,-2.200728e+00,-6.135607e-01,4.022092e-02
1.925554e+00,1.126758e+01,-3.978688e-01,-2.794467e+00,-1.159109e+00,5.343054e-02
6.397516e+00,1.141000e+01,-2.855522e-01,-3.242433e+00,-1.540504e+00,1.129380e-01
4.167278e+00,1.939161e+01,-3.428137e+00,-3.804876e+00,-1.775546e+00,3.525422e-01
-9.358283e+00,1.789047e+01,1.229184e+01,-4.356079e+00,-2.743899e+00,2.752604e-01
-8.423947e+00,2.729506e+01,1.736515e+01,-5.053873e+00,-4.997715e+00,-4.991353e-01
-9.231381e+00,1.507581e+01,1.723986e+01,-4.969014e+00,-3.924951e+00,-1.803827e-01
7.053829e+00,5.602386e+00,1.157146e+01,-2.154680e+00,-1.420370e+00,1.311182e-01
8.982064e+00,1.193078e+01,9.222091e+00,-7.779721e-01,9.128077e-01,2.671667e-01
2.081311e+00,6.745157e+00,1.121909e+01,8.976262e-02,1.112403e+00,-4.472935e-01
1.469462e+00,2.969777e+00,8.759759e+00,1.594369e+00,6.738302e-01,-1.008622e+00
1.990542e+00,2.223605e+00,9.064896e+00,3.741690e+00,1.037200e+00,-1.091911e+00
3.200539e+00,1.984273e+00,1.017846e+01,4.555047e+00,1.624471e+00,-1.290659e+00
5.589205e+00,2.511793e+00,1.026741e+01,5.840520e+00,2.378756e+00,-1.372643e+00
6.193093e+00,2.611653e+00,1.202713e+01,6.544783e+00,2.519403e+00,-1.184752e+00
6.650625e+00,5.695812e+00,1.306674e+01,7.740509e+00,1.902608e+00,-9.551420e-01
6.632652e+00,9.483983e+00,1.256405e+01,8.232044e+00,1.262838e+00,-7.616639e-01
-8.861884e+00,1.449932e+00,6.828098e+00,8.233087e+00,3.432342e-01,-4.966844e-01
-1.830168e+01,-4.187156e+00,1.459401e+01,7.502228e+00,-1.940633e-01,-1.276283e+00
-3.362492e-01,-1.618751e+01,4.161565e+00,4.213318e+00,1.387249e+00,-1.143851e+00
6.327985e+00,2.023905e+01,1.763279e+00,1.322997e+00,3.315555e+00,5.037504e-01
1.218021e+01,2.501495e+01,3.914528e+00,-3.554693e+00,3.166502e+00,4.053830e-01
5.285082e+00,-1.394745e+01,1.053252e+01,-2.432548e+00,3.246756e+00,1.760914e+00
3.171650e+00,-1.504377e+00,1.403218e+01,-3.649307e+00,1.355109e+00,-1.339283e+00
-2.038705e+00,1.562365e+01,1.354291e+01,-3.980555e+00,8.668925e-01,8.155297e-01
-3.902223e+00,1.436826e+01,8.919919e+00,-2.697118e+00,-8.443039e-01,-8.871398e-01
-6.172499e+00,3.369988e+00,4.468496e+00,-2.190362e+00,-1.161052e+00,-7.507359e-01
1.054086e+00,1.094565e+01,5.877341e+00,-1.310694e+00,1.945121e-01,5.422460e-02
7.789245e+00,1.271179e+01,4.265920e+00,-1.427332e+00,1.543996e+00,5.218262e-01
1.783791e+00,6.688763e+00,3.164947e+00,-1.180027e+00,1.125312e+00,2.359667e-01
4.379894e-03,8.790114e+00,3.359295e+00,-1.070926e+00,1.042703e-02,-7.006320e-02
-7.963773e-01,1.156225e+01,2.819820e+00,-1.257030e+00,-7.002702e-01,-1.731776e-01
-3.403193e-01,9.190853e+00,1.510534e+00,-1.291938e+00,-6.036932e-01,-2.182446e-01
-3.112596e-01,6.861260e+00,1.719311e+00,-1.323009e+00,-3.971642e-01,-2.276044e-01
4.814185e-01,8.296177e+00,3.396660e+00,-1.405358e+00,-4.267850e-01,-2.006128e-01
7.890346e-01,7.670647e+00,3.192251e+00,-1.649573e+00,-6.867390e-01,-2.453301e-01
1.049241e+00,8.630521e+00,-1.128426e+00,-1.670015e+00,-7.873094e-01,-2.823147e-01
6.419491e-01,9.175339e+00,-1.917968e+00,-1.994749e+00,-7.142363e-01,-5.623324e-02
4.599168e-01,9.938575e+00,-1.434443e-01,-2.400507e+00,-7.993515e-01,3.024871e-02
8.674894e+00,1.100952e+01,4.508328e-03,-3.259134e+00,-8.898682e-01,1.936991e-01
1.175789e+01,1.987793e+01,-6.476730e+00,-3.592979e+00,-8.004795e-01,3.952219e-01
-5.263849e+00,1.638590e+01,1.076152e+01,-4.308948e+00,-1.720725e+00,3.459510e-01
-7.648719e+00,2.214379e+01,1.712446e+01,-4.829206e+00,-3.966391e+00,-1.399534e-01
-7.372331e+00,1.839430e+01,1.663029e+01,-5.125481e+00,-4.209603e+00,-4.090446e-01
3.163163e+00,3.963211e+00,1.602288e+01,-4.029905e+00,-2.639827e+00,-1.542462e-01
1.194968e+01,1.065952e+01,8.041674e+00,-7.453834e-01,6.976262e-01,-1.527425e-02
4.779438e+00,7.387261e+00,1.089064e+01,-5.696731e-01,1.037339e+00,-5.251861e-01
1.465825e+00,3.229419e+00,8.468641e+00,1.441190e+00,9.057900e-02,-1.665947e+00
1.669371e+00,1.778100e+00,8.705021e+00,2.733325e+00,1.666646e-02,-1.944021e+00
2.636219e+00,1.668422e+00,1.001205e+01,4.557141e+00,9.944775e-01,-1.989480e+00
3.084887e+00,2.749115e+00,1.057831e+01,5.351778e+00,1.663472e+00,-2.052843e+00
4.175624e+00,3.501056e+00,1.374027e+01,6.639763e+00,2.111199e+00,-1.606368e+00
5.458021e+00,3.693124e+00,1.574555e+01,7.276293e+00,2.147220e+00,-1.387113e+00
8.926644e+00,1.132530e+01,1.240945e+01,8.602234e+00,1.824404e+00,-7.442420e-01
4.268443e+00,6.654176e+00,7.522434e+00,8.858206e+00,1.221680e+00,-5.423482e-02
-1.599138e+01,-1.557415e+01,6.790951e+00,7.598741e+00,-1.597625e-01,-3.925406e-01
-1.732547e+00,-1.816178e+01,2.619991e+00,5.924584e+00,1.591410e-02,-8.031944e-01
5.357771e+00,1.479351e+01,5.323839e+00,3.015115e-01,3.179554e+00,9.092403e-01
2.906889e+01,3.495947e+01,1.533385e+00,-3.277344e+00,3.261763e+00,1.110036e+00
-2.762325e+00,-1.361968e+01,1.336443e+01,-2.209506e+00,2.760970e+00,1.848034e+00
-7.180647e-01,-8.134329e+00,1.408698e+01,-2.493042e+00,-6.807423e-01,-1.757929e+00
-4.825204e+00,2.421206e+01,1.537383e+01,-3.507689e+00,2.298582e-01,6.937003e-01
-1.522945e-01,1.134596e+01,8.476489e+00,-3.206843e+00,4.045650e-01,-5.468941e-02
1.481538e+00,4.855267e+00,4.650769e+00,-1.498680e+00,9.081719e-01,2.284877e-01
4.913528e+00,1.101366e+01,4.087906e+00,-9.353512e-01,1.370695e+00,3.378891e-01
5.029194e+00,1.094183e+01,2.151180e+00,-9.658708e-01,1.672171e+00,3.697029e-01
8.388491e-01,8.112551e+00,9.747589e-01,-8.678858e-01,7.741634e-01,8.419749e-02
-2.159989e+00,1.023307e+01,2.858660e-01,-8.487551e-01,-9.443288e-01,-5.135684e-01
-1.783364e+00,9.656322e+00,-1.059669e-01,-1.082980e+00,-9.731799e-01,-3.754588e-01
-1.148438e+00,7.203520e+00,4.860521e-01,-1.375817e+00,-6.982190e-01,-3.289463e-01
-1.862713e+00,7.721056e+00,2.455944e+00,-1.545802e+00,-6.623744e-01,-3.053999e-01
6.716115e-01,8.676887e+00,5.092958e+00,-1.857361e+00,-7.811253e-01,-3.173980e-01
2.755880e+00,9.394478e+00,3.613384e+00,-1.909482e+00,-5.967804e-01,-2.653788e-01
3.714057e+00,9.515848e+00,-3.538142e+00,-1.950919e+00,-3.074543e-01,-5.492152e-02
8.131946e-01,9.691379e+00,-2.154683e+00,-2.163773e+00,-4.408352e-01,3.156525e-02
1.558402e+00,1.022427e+01,1.974667e-01,-2.941483e+00,-1.072656e+00,-1.038795e-02
1.102639e+01,1.165531e+01,-8.963927e-01,-3.401068e+00,-1.171868e+00,9.669124e-02
4.329035e+00,1.800653e+01,-2.487890e+00,-3.963043e+00,-1.107768e+00,4.809570e-01
-6.493882e+00,1.615562e+01,8.654149e+00,-4.418335e+00,-2.078400e+00,4.096123e-01
-1.078226e+01,3.148758e+01,1.792610e+01,-5.148386e+00,-4.844682e+00,-3.247766e-01
-9.008648e+00,1.313758e+01,1.739611e+01,-5.285158e+00,-3.936212e+00,3.528072e-02
5.871850e+00,4.297885e+00,1.403933e+01,-2.361640e+00,-1.177162e+00,6.153921e-01
1.090751e+01,1.189000e+01,8.317491e+00,-8.548220e-01,1.111690e+00,8.013694e-01
4.740932e+00,5.721265e+00,1.060026e+01,-1.294492e-01,1.559455e+00,1.110703e-01
3.133123e+00,3.199543e+00,8.280174e+00,1.672202e+00,7.030485e-01,-6.441898e-01
2.160000e+00,-1.919076e-01,9.126246e+00,3.579672e+00,3.253949e-01,-1.019789e+00
1.941484e+00,-2.241910e-02,8.957813e+00,4.535701e+00,5.037749e-01,-1.267776e+00
2.007562e+00,2.327543e+00,1.051909e+01,5.631175e+00,1.161758e+00,-1.648989e+00
2.780585e+00,3.423135e+00,1.252823e+01,6.288597e+00,1.464004e+00,-1.494227e+00
5.365529e+00,5.494179e+00,1.465936e+01,7.630351e+00,1.780785e+00,-1.246332e+00
8.523962e+00,1.183676e+01,1.157651e+01,8.301403e+00,1.808752e+00,-1.006256e+00
2.980049e+00,6.622562e+00,5.709510e+00,8.715799e+00,1.331889e+00,-1.039529e-01
-1.163443e+01,-1.482985e+01,3.688801e-01,8.053532e+00,1.529071e-01,-2.364677e-01
-3.470394e+00,-1.574346e+01,4.402302e+00,4.985064e+00,-1.134377e-01,-8.283895e-01
2.020716e+00,-4.838040e+00,1.192429e+01,1.946041e+00,1.059806e+00,-1.993905e-01
3.099698e+01,3.699836e+01,4.212886e+00,-4.289466e+00,2.228049e+00,7.449655e-01
-1.015233e+01,-1.090439e+01,9.811324e+00,-3.597562e+00,2.138621e+00,1.309411e+00
-4.476848e-01,-3.762933e+00,1.465142e+01,-2.161373e+00,-9.328029e-01,-2.316099e+00
-2.672952e+00,1.531996e+01,1.581048e+01,-3.441876e+00,5.953424e-01,-2.504529e-02
2.082541e+00,1.003489e+01,8.374952e+00,-3.301004e+00,1.469332e+00,-1.271437e-02
1.067843e+00,2.225219e+00,5.725626e+00,-2.287723e+00,1.032991e+00,-9.319961e-02
2.862474e+00,1.025350e+01,4.923693e+00,-1.281518e+00,9.418167e-01,1.852302e-01
4.883582e+00,1.363234e+01,4.495838e+00,-1.354280e+00,1.172260e+00,3.803497e-01
1.058525e+00,7.870395e+00,2.096570e+00,-1.205872e+00,8.311154e-01,2.355515e-01
6.507270e-01,8.215444e+00,7.441034e-01,-1.056994e+00,-1.200587e-01,-8.937679e-02
-5.049916e-01,1.012829e+01,5.851913e-01,-1.174325e+00,-6.024643e-01,-2.066943e-01
-1.739269e+00,8.079041e+00,6.249620e-01,-1.361553e+00,-7.183597e-01,-2.397839e-01
-7.579453e-01,7.134219e+00,2.340984e+00,-1.540077e+00,-8.578534e-01,-3.339755e-01
2.250309e-02,7.133319e+00,3.127201e+00,-1.718986e+00,-8.373578e-01,-3.127455e-01
2.430926e+00,7.736219e+00,3.046124e+00,-1.940724e+00,-8.151208e-01,-3.120636e-01
2.521378e+00,9.739694e+00,-1.307303e+00,-2.108175e+00,-7.380156e-01,-1.861501e-01
2.061002e+00,9.749272e+00,-4.307892e-01,-2.586278e+00,-8.404614e-01,7.243399e-02
3.317758e+00,9.965679e+00,2.591435e-01,-2.997405e+00,-1.062281e+00,3.854920e-02
1.421565e+01,1.748947e+01,-5.700875e+00,-3.680089e+00,-1.312713e+00,1.964325e-01
1.905364e+00,2.129099e+01,1.944251e+00,-4.058927e+00,-1.249479e+00,4.037934e-01
-1.380616e+01,2.202232e+01,1.998092e+01,-5.016658e+00,-4.087726e+00,1.395497e-01
-1.637782e+01,3.009893e+01,1.959421e+01,-5.169243e+00,-5.818088e+00,-5.419584e-01
1.895519e+00,-4.672087e-01,2.022604e+01,-4.112617e+00,-2.737839e+00,3.952390e-01
8.918143e+00,4.409619e+00,1.155671e+01,-1.442734e+00,-2.913345e-01,9.606123e-01
9.669726e+00,9.586045e+00,9.845690e+00,-4.087537e-01,2.721115e+00,7.050017e-01
5.735755e+00,4.380744e+00,9.132101e+00,7.911610e-01,2.041291e+00,6.665861e-02
4.173001e+00,7.016853e-01,6.889551e+00,3.381076e+00,6.856388e-01,-9.508868e-01
3.290077e+00,-1.633590e-01,8.321197e+00,4.286113e+00,4.667302e-01,-1.119972e+00
3.164996e+00,1.773923e+00,9.959943e+00,5.424751e+00,7.512505e-01,-1.713663e+00
3.616706e+00,3.011647e+00,1.212927e+01,6.043137e+00,1.085130e+00,-1.766562e+00
3.735846e+00,4.283052e+00,1.437894e+01,7.078360e+00,1.366532e+00,-1.555828e+00
7.340871e+00,9.205421e+00,1.224344e+01,7.853575e+00,1.384189e+00,-1.473258e+00
4.707005e+00,1.050145e+01,1.029154e+01,8.610997e+00,1.281689e+00,-6.861018e-01
-1.598801e+01,-2.749461e+00,1.016176e+01,8.205062e+00,4.739698e-01,-3.632346e-01
-8.439812e-01,-1.901318e+01,-1.581775e+00,6.181473e+00,-6.085399e-02,-1.006624e+00
1.399916e+00,-1.485808e+01,4.984337e+00,3.813811e+00,1.806539e+00,-4.620596e-01
1.876058e+01,3.892255e+01,-2.146882e+00,-2.325185e+00,3.175800e+00,8.877919e-01
-3.468639e-01,5.034288e+00,7.289250e+00,-4.906142e+00,2.468713e+00,6.561959e-01
-1.032587e+01,-1.002148e+01,1.585452e+01,-1.190430e+00,3.012592e-01,2.892850e-01
-6.624028e+00,6.075129e+00,1.828507e+01,-2.510535e+00,-2.051825e+00,-2.748130e+00
7.227546e-01,2.247036e+01,1.145482e+01,-3.792640e+00,1.111709e+00,8.443535e-01
4.717745e+00,7.478785e+00,7.008433e+00,-2.730116e+00,1.655338e+00,3.538574e-02
4.230440e+00,8.258995e+00,4.228952e+00,-1.205834e+00,1.600455e+00,3.778064e-01
6.241713e+00,1.249293e+01,3.827680e+00,-1.252976e+00,1.400382e+00,2.200063e-01
7.013848e-01,1.050785e+01,4.018595e+00,-1.114504e+00,4.911409e-01,-5.040876e-02
-3.148518e+00,8.096349e+00,3.621217e+00,-1.077983e+00,-5.681829e-01,-3.486963e-01
2.536393e-01,9.320859e+00,2.021990e+00,-9.716922e-01,-1.072496e+00,-3.976979e-01
1.125643e+00,9.566133e+00,1.167743e+00,-9.691934e-01,-6.768297e-01,-2.603769e-01
-1.476627e-01,8.130547e+00,9.914853e-01,-1.097104e+00,-5.846899e-01,-2.814034e-01
-2.992140e+00,7.243551e+00,2.236449e+00,-1.226567e+00,-9.374807e-01,-4.230420e-01
-1.335506e+00,9.280020e+00,4.600810e+00,-1.470707e+00,-1.234813e+00,-4.459940e-01
-7.402083e-01,9.989907e+00,4.550154e+00,-1.537767e+00,-9.393179e-01,-3.702208e-01
2.011240e+00,8.429835e+00,-5.675631e-01,-1.610977e+00,-3.485963e-01,-1.391369e-01
3.616460e+00,9.875113e+00,-2.456452e+00,-1.693260e+00,-1.775692e-01,-6.016471e-03
7.707110e-01,9.414191e+00,9.082503e-01,-2.259131e+00,-4.251304e-01,1.000888e-01
4.104636e+00,1.219526e+01,2.535455e+00,-2.750213e+00,-7.358144e-01,6.777778e-02
1.320592e+01,1.562768e+01,-5.041846e+00,-3.446886e+00,-7.526900e-01,4.282209e-01
7.326843e+00,1.768723e+01,-4.591200e+00,-3.663949e+00,-8.496157e-01,5.021272e-01
-9.142880e+00,1.864125e+01,1.466418e+01,-4.330299e+00,-2.923184e+00,1.755824e-01
-1.074048e+01,2.612653e+01,1.724174e+01,-4.652670e+00,-4.754722e+00,-4.222401e-01
-1.095958e+01,1.342641e+01,1.578467e+01,-4.619921e+00,-3.764950e+00,-6.297513e-02
2.737019e+00,3.486967e+00,1.137207e+01,-2.363460e+00,-1.751344e+00,2.839936e-01
4.562402e+00,1.166432e+01,9.834618e+00,-1.718024e-01,1.543261e+00,6.473977e-01
2.354789e+00,7.240501e+00,1.174161e+01,2.241164e-01,1.956532e+00,2.865997e-01
2.709816e+00,3.240456e+00,9.080133e+00,2.875955e+00,1.306827e+00,-3.895766e-01
3.352014e+00,3.409024e+00,1.038669e+01,4.238322e+00,1.427533e+00,-4.033070e-01
3.697183e+00,3.408755e+00,1.237094e+01,5.817149e+00,1.750100e+00,-7.204635e-01
4.419360e+00,3.559475e+00,1.257983e+01,6.627152e+00,1.759427e+00,-7.908837e-01
6.347824e+00,7.437394e+00,1.424011e+01,7.914865e+00,1.693074e+00,-7.098351e-01
7.634898e+00,1.254432e+01,1.238485e+01,8.486800e+00,1.407761e+00,-6.001735e-01
-1.539740e+00,-1.792145e+00,5.186511e+00,8.734250e+00,6.121682e-01,-2.622572e-01
-1.057895e+01,-1.870240e+00,1.344515e+01,8.338012e+00,2.267199e-01,-8.823531e-01
-5.217973e+00,-1.423833e+01,1.720276e+00,5.304380e+00,-1.515356e-01,-9.604466e-01
2.693232e+00,-8.844334e+00,1.125931e+01,2.537037e+00,1.112805e+00,-7.259751e-02
2.872366e+01,3.938543e+01,-1.050699e+01,-2.588043e+00,1.800576e+00,2.627571e-01
1.677954e+01,3.348617e+01,9.860490e+00,-4.974549e+00,1.406378e+00,2.737622e-01
-1.338984e+01,-1.099912e+01,1.471337e+01,-6.995965e-01,9.085985e-02,6.100952e-01
-7.667356e+00,1.005975e+01,1.748457e+01,-2.335845e+00,-1.650081e+00,-2.274307e+00
7.935778e+00,2.055675e+01,9.661213e+00,-3.492728e+00,2.403068e+00,1.569972e+00
1.255121e+01,7.188642e+00,5.808731e+00,-2.612487e+00,3.095503e+00,4.101682e-01
3.973698e-01,7.780890e+00,4.187679e+00,-1.219228e+00,1.641495e+00,3.849312e-01
2.273982e+00,1.268113e+01,4.438781e+00,-1.311295e+00,4.148231e-01,-2.347167e-01
-7.939080e-01,9.516092e+00,3.400665e+00,-1.313859e+00,9.473735e-02,-1.519548e-01
-3.027376e+00,7.282624e+00,3.201608e+00,-1.249133e+00,-3.427679e-01,-3.871026e-01
-7.946197e-01,1.005645e+01,2.694182e+00,-1.130717e+00,-7.028137e-01,-4.232637e-01
1.877463e+00,9.584096e+00,9.980875e-01,-1.216325e+00,-2.880339e-01,-1.298859e-01
-4.964790e-01,8.070889e+00,7.429333e-01,-1.276172e+00,-1.407276e-02,-7.531534e-02
-2.902937e+00,7.346985e+00,1.597175e+00,-1.360462e+00,-3.406566e-01,-1.876573e-01
-6.812812e-02,8.402417e+00,4.290624e+00,-1.636803e+00,-1.018580e+00,-3.697161e-01
1.953617e+00,9.862765e+00,2.603029e+00,-1.763740e+00,-7.963875e-01,-2.890594e-01
2.275052e+00,9.052369e+00,-1.552755e-01,-1.933636e+00,-4.915827e-01,-1.480609e-01
3.615069e+00,1.071357e+01,-1.917518e+00,-2.102365e+00,-5.417222e-01,-5.383425e-02
1.678080e+00,1.096564e+01,1.260346e+00,-2.622811e+00,-8.912550e-01,-7.694521e-02
5.502531e+00,1.304584e+01,1.483993e+00,-3.048057e+00,-1.179784e+00,-4.219566e-02
8.469315e+00,1.812350e+01,-5.059262e+00,-3.602297e+00,-8.449333e-01,4.790417e-01
-3.631513e+00,1.516227e+01,6.228978e+00,-3.886074e+00,-1.272089e+00,4.840783e-01
-7.796092e+00,2.686386e+01,1.624129e+01,-4.544600e+00,-3.766820e+00,-6.981168e-02
-1.224334e+01,2.826690e+01,1.570675e+01,-4.948011e+00,-4.319382e+00,-2.270790e-01
9.467545e-01,1.372003e+00,1.638284e+01,-3.206405e+00,-2.560698e+00,2.432459e-02
9.140468e+00,1.145146e+01,7.381378e+00,-5.640572e-01,-2.825884e-01,3.919271e-01
3.848710e+00,7.172392e+00,1.123411e+01,-3.278918e-01,1.549126e+00,4.475304e-02
2.459540e+00,5.234481e+00,9.060314e+00,1.127362e+00,1.005004e+00,-3.788676e-01
2.180000e+00,1.339025e+00,1.008479e+01,3.414458e+00,7.552106e-01,-7.883159e-01
2.988505e+00,1.097011e+00,9.533357e+00,4.737460e+00,1.044513e+00,-9.898142e-01
3.789133e+00,2.282326e+00,1.108723e+01,5.856571e+00,1.509384e+00,-1.303597e+00
4.800938e+00,2.410000e+00,1.265682e+01,6.600744e+00,1.586439e+00,-1.210068e+00
6.321302e+00,6.329538e+00,1.290292e+01,7.825211e+00,1.347366e+00,-1.203362e+00
5.802558e+00,1.192221e+01,1.212544e+01,8.375429e+00,9.211940e-01,-1.106334e+00
-1.598643e+01,2.443057e+00,9.688448e+00,8.443457e+00,2.029039e-01,-8.733156e-01
-1.695964e+01,-1.254007e+01,4.493594e+00,7.664937e+00,-2.717626e-01,-1.391395e+00
3.602619e+00,-1.467531e+01,5.557955e+00,4.841126e+00,1.565924e+00,-9.469170e-01
7.265098e+00,-7.117609e+00,1.140683e+01,1.824092e+00,3.853184e+00,3.892760e-01
3.675425e+01,3.935055e+01,-1.328094e+00,-3.880278e+00,3.016459e+00,3.797343e-01
-6.568769e+00,-1.387230e+01,1.094745e+01,-3.692811e+00,2.152154e+00,9.836078e-01
-7.950863e-01,1.742168e+00,1.384135e+01,-1.976952e+00,-9.018149e-02,-1.982562e+00
-6.029070e+00,1.270186e+01,1.498089e+01,-3.624911e+00,5.066683e-01,-1.131334e-01
7.495607e+00,1.742237e+01,7.879498e+00,-3.150449e+00,9.769415e-01,-1.612741e-01
4.430770e-01,2.647055e+00,5.314494e+00,-2.370196e+00,3.679960e-01,-7.327551e-01
-3.858922e+00,1.053916e+01,5.948468e+00,-1.226737e+00,-2.887811e-01,-3.622890e-01
4.116080e+00,1.370947e+01,5.213736e+00,-1.485539e+00,7.158128e-02,-4.855469e-02
1.133282e+00,7.630061e+00,2.948992e+00,-1.175043e+00,1.038855e+00,6.299149e-02
-4.182887e-01,7.286890e+00,2.726577e+00,-9.865079e-01,-1.279197e-01,-2.380451e-01
7.211005e-01,1.147254e+01,6.215802e-01,-9.429909e-01,-7.489426e-01,-3.320751e-01
8.748467e-01,9.241932e+00,-2.930577e-01,-1.103353e+00,-6.112278e-01,-2.037285e-01
-9.187245e-01,6.548678e+00,3.700384e-01,-1.324502e+00,-7.768000e-01,-3.210305e-01
-2.748915e+00,8.640057e+00,3.273006e+00,-1.575478e+00,-1.130136e+00,-3.858033e-01
-1.323483e+00,8.599852e+00,3.466625e+00,-1.910007e+00,-1.425965e+00,-4.401453e-01
1.257887e+00,8.861610e+00,-9.795636e-02,-1.933177e+00,-1.189531e+00,-3.801788e-01
2.526145e+00,1.009154e+01,-1.826387e+00,-2.050917e+00,-5.988344e-01,-9.780794e-02
1.404997e+00,1.021888e+01,-1.123574e-01,-2.448396e+00,-4.672664e-01,1.395312e-01
6.129546e+00,1.337966e+01,7.125006e-01,-3.213478e+00,-9.711888e-01,1.979826e-01
8.666374e+00,1.507422e+01,-4.061574e+00,-3.592336e+00,-1.045618e+00,3.831917e-01
-5.028499e-01,1.568907e+01,3.878682e+00,-3.995084e+00,-1.468420e+00,4.175334e-01
-3.728598e+00,2.127764e+01,1.288001e+01,-4.438791e+00,-2.672053e+00,3.604426e-01
-1.320661e+01,2.510522e+01,1.638943e+01,-5.029076e+00,-4.212163e+00,-3.741827e-02
-2.943389e-01,3.061292e+00,1.933787e+01,-4.581469e+00,-3.190671e+00,-5.053252e-02
1.053329e+01,1.105823e+01,7.111531e+00,-1.051973e+00,2.556110e-02,4.209262e-01
6.201944e+00,8.759463e+00,1.124596e+01,-1.038082e+00,1.676361e+00,2.385501e-01
3.908501e+00,3.479887e+00,8.392516e+00,9.392972e-01,9.787630e-01,-5.714552e-01
4.108283e+00,1.876970e+00,8.425825e+00,2.326939e+00,6.569383e-01,-1.116516e+00
4.057133e+00,1.574571e+00,9.646856e+00,4.372286e+00,9.234091e-01,-1.632974e+00
3.439646e+00,1.979346e+00,1.046935e+01,5.202690e+00,1.080484e+00,-1.808292e+00
2.762272e+00,2.599917e+00,1.255025e+01,6.429409e+00,1.104040e+00,-1.623391e+00
2.767993e+00,3.456636e+00,1.572241e+01,7.159438e+00,1.070648e+00,-1.495974e+00
3.987286e+00,1.228104e+01,1.246354e+01,8.320888e+00,1.057810e+00,-1.099243e+00
7.076547e-01,7.257958e+00,8.948152e+00,8.713129e+00,1.040548e+00,-5.240753e-01
-1.079784e+01,-1.361276e+01,8.139424e+00,8.156171e+00,7.685363e-01,-6.320712e-02
-1.470398e+00,-1.746418e+01,5.077465e-01,6.638331e+00,9.611229e-01,-3.364203e-01
5.192506e+00,-6.847996e+00,1.027311e+01,2.067305e+00,3.131876e+00,4.939266e-01
3.560932e+01,3.940162e+01,-8.195968e+00,-1.920158e+00,2.987998e+00,1.029736e+00
-1.227965e+01,-1.336801e+01,1.632094e+01,-3.619521e+00,1.833052e+00,8.771118e-01
-5.603029e+00,-1.515189e+01,1.565631e+01,-2.065714e+00,-2.406945e-01,4.152498e-01
-6.622560e+00,1.901478e+01,1.729966e+01,-3.564493e+00,-1.373247e+00,-8.847498e-01
-4.594008e-01,1.749661e+01,1.031362e+01,-3.851914e+00,2.651553e-01,6.374766e-01
4.067874e+00,3.523206e+00,5.138598e+00,-1.823700e+00,1.372575e+00,3.122222e-01
7.839130e+00,8.444555e+00,3.023056e+00,-8.987314e-01,2.000425e+00,6.581339e-01
4.248264e+00,1.198694e+01,3.427655e+00,-9.994801e-01,1.905081e+00,5.345157e-01
3.345054e-01,9.758493e+00,3.212762e+00,-9.392486e-01,9.496662e-01,2.157085e-01
-1.875345e+00,9.651983e+00,1.344454e+00,-9.250215e-01,-1.352874e+00,-4.045173e-01
-7.871613e-01,9.456818e+00,-1.511407e-01,-9.747880e-01,-1.361329e+00,-3.608288e-01
-1.225037e+00,7.323993e+00,-6.797680e-01,-1.111555e+00,-8.242004e-01,-1.537704e-01
-3.678491e+00,6.454137e+00,4.511617e-01,-1.272126e+00,-7.468223e-01,-1.497746e-01
-1.463592e+00,7.953037e+00,4.214849e+00,-1.616225e+00,-7.782214e-01,-2.042223e-01
2.860250e+00,8.864448e+00,4.914831e+00,-1.828911e+00,-4.778568e-01,-1.486574e-01
5.503264e+00,8.616606e+00,8.821932e-01,-1.909463e+00,1.031535e-01,-2.985872e-02
3.703284e+00,9.539625e+00,-1.009474e+00,-1.990598e+00,3.130699e-02,1.149281e-02
1.020157e-01,1.002203e+01,-3.322627e-01,-2.403581e+00,-7.196680e-01,3.382402e-02
2.305871e+00,1.098269e+01,4.701228e-01,-2.890278e+00,-1.166743e+00,5.151768e-02
9.701362e+00,1.647991e+01,-4.877853e+00,-3.579793e+00,-1.337008e+00,3.855789e-01
5.602881e+00,1.812198e+01,-3.639770e+00,-3.888115e+00,-1.305653e+00,5.753388e-01
-7.203804e+00,2.049327e+01,1.376433e+01,-4.557527e+00,-3.103053e+00,4.573653e-01
-1.318513e+01,2.766932e+01,1.769045e+01,-4.825266e+00,-4.534349e+00,1.375215e-01
2.550119e+00,2.846578e+00,1.838178e+01,-4.294154e+00,-2.735870e+00,2.892896e-01
7.099469e+00,7.099051e+00,9.966272e+00,-2.256435e+00,-9.544141e-01,6.545693e-01
4.948714e+00,8.895864e+00,1.177947e+01,-1.029961e+00,1.794907e+00,5.186900e-01
3.773799e+00,6.152943e+00,1.078379e+01,-1.809868e-02,1.503425e+00,2.332094e-01
4.483797e+00,2.042598e+00,8,2.383146e+00,1.112522e+00,-6.530744e-01
4.552231e+00,1.072116e+00,8.525461e+00,3.424311e+00,1.146454e+00,-1.010081e+00
3.808631e+00,1.289944e+00,8.715634e+00,4.894144e+00,1.143601e+00,-1.607171e+00
3.180155e+00,2.153931e+00,1.049922e+01,5.636695e+00,1.043750e+00,-1.620855e+00
2.017738e+00,4.172737e+00,1.513083e+01,6.675624e+00,8.893469e-01,-1.566955e+00
2.384214e+00,6.117494e+00,1.656155e+01,7.244284e+00,8.968492e-01,-1.509089e+00
3.398692e+00,1.162546e+01,1.335442e+01,8.345937e+00,1.283542e+00,-1.225706e+00
-2.092512e+00,-5.556834e-01,4.368992e+00,8.636228e+00,1.576327e+00,-5.458168e-01
-6.048930e+00,-1.409337e+01,4.072472e+00,7.466874e+00,1.116499e+00,-3.134541e-01
-1.360988e+00,-1.637144e+01,1.166914e+00,5.158429e+00,1.403915e+00,-3.514104e-01
3.417052e+00,3.258502e+01,3.139150e+00,-5.839277e-03,2.476380e+00,5.082356e-01
3.440430e+01,3.929091e+01,-8.319444e+00,-3.458736e+00,2.126671e+00,3.912524e-01
-1.391703e+01,-1.767521e+01,1.220081e+01,-2.416759e+00,1.850091e+00,1.716931e+00
-5.201871e+00,1.707563e+00,1.847541e+01,-1.283438e+00,-8.671631e-01,-1.965032e+00
3.024748e+00,2.410521e+01,1.133521e+01,-3.869804e+00,1.454785e+00,1.164813e+00
6.022534e+00,1.563339e+01,8.837693e+00,-3.655126e+00,2.291818e+00,7.444909e-01
-2.642002e+00,3.814773e+00,4.985709e+00,-1.622699e+00,1.044555e+00,2.084171e-01
4.670734e+00,1.206619e+01,4.758561e+00,-1.276678e+00,6.465288e-01,7.021397e-02
5.290418e+00,1.147593e+01,3.274939e+00,-1.293568e+00,1.379750e+00,4.059593e-01
2.080015e+00,7.879224e+00,2.861353e+00,-1.252410e+00,1.165060e+00,1.761479e-01
-1.511602e+00,1.071826e+01,2.307147e+00,-1.130315e+00,-4.682621e-01,-2.972961e-01
-2.457889e+00,9.663871e+00,1.984039e+00,-1.246323e+00,-8.117328e-01,-3.559087e-01
-1.715625e+00,6.894993e+00,6.841032e-01,-1.289868e+00,-8.771541e-01,-4.040408e-01
-6.591621e-02,6.951106e+00,2.124103e+00,-1.375649e+00,-6.966129e-01,-3.586880e-01
1.030146e+00,7.509174e+00,4.525614e+00,-1.672002e+00,-3.977526e-01,-2.822222e-01
2.121144e+00,8.946826e+00,4.196390e+00,-1.783729e+00,-3.649859e-01,-2.486959e-01
2.829888e+00,9.478287e+00,-3.412105e-01,-1.934452e+00,-2.809883e-01,-1.839326e-01
2.278025e+00,1.052415e+01,-2.786481e+00,-2.091360e+00,-3.199759e-01,-9.559870e-02
1.659025e+00,1.086221e+01,5.142357e-01,-2.668984e+00,-7.069727e-01,-5.550441e-02
1.080431e+01,1.267353e+01,-1.547766e+00,-3.114871e+00,-9.661616e-01,1.223072e-02
1.378871e+01,1.952618e+01,-6.759009e+00,-3.842673e+00,-9.924226e-01,3.251151e-01
-7.407760e+00,1.626373e+01,1.323894e+01,-4.346130e+00,-1.934574e+00,1.864999e-01
-1.977917e+01,3.333173e+01,2.070733e+01,-4.983267e+00,-5.633227e+00,-5.213589e-01
-1.644649e+01,1.995059e+01,1.745453e+01,-5.156849e+00,-5.505471e+00,-4.980024e-01
5.156753e+00,6.106858e-01,1.595531e+01,-2.588435e+00,-1.792865e+00,6.682718e-01
1.156746e+01,1.121473e+01,9.293700e+00,-3.694175e-01,1.747302e+00,1.157195e+00
7.391249e+00,7.296666e+00,1.048819e+01,-1.854556e-01,2.676124e+00,5.036251e-01
5.402005e+00,2.341557e+00,7.316042e+00,1.443910e+00,1.681507e+00,-1.161559e-01
3.662666e+00,4.468716e-01,8.531231e+00,3.470513e+00,8.248140e-01,-6.912746e-01
4.026902e+00,1.700000e-01,9.253629e+00,4.579390e+00,6.211784e-01,-1.127761e+00
3.726064e+00,2.298651e+00,1.005181e+01,5.681770e+00,8.358312e-01,-1.657647e+00
3.515506e+00,2.734494e+00,1.262597e+01,6.319846e+00,8.499257e-01,-1.643790e+00
3.295249e+00,4.621274e+00,1.514258e+01,7.312001e+00,7.032096e-01,-1.628588e+00
4.262209e+00,1.050666e+01,1.337502e+01,8.113971e+00,5.506806e-01,-1.558057e+00
-3.731570e+00,2.110807e+00,5.088055e+00,8.632159e+00,2.545995e-01,-1.027085e+00
-1.820974e+01,-4.943183e+00,1.024884e+01,8.115593e+00,-1.672120e-01,-7.934646e-01
-1.263381e-01,-1.617621e+01,2.208890e+00,4.978336e+00,4.739826e-01,-1.055696e+00
3.963176e+00,4.061304e+00,9.457785e+00,2.089499e+00,2.564826e+00,-2.104782e-01
9.652604e+00,3.059102e+01,4.622062e+00,-3.375481e+00,2.900856e+00,4.974025e-01
-8.092670e+00,-1.483892e+01,8.992787e+00,-4.589474e+00,2.117127e+00,1.452359e-01
-1.589335e+00,3.710166e+00,1.886050e+01,-2.057662e+00,5.806453e-02,-1.632947e+00
2.954496e+00,1.527400e+01,1.340654e+01,-3.853197e+00,1.347745e+00,-2.309402e-03
3.684811e+00,1.604586e+01,1.120825e+01,-3.561917e+00,1.963443e+00,5.558864e-02
-5.595791e+00,5.469148e+00,7.817171e+00,-2.233004e+00,-7.822553e-02,-3.948551e-01
6.284595e+00,1.295929e+01,5.413546e+00,-1.477654e+00,-3.752836e-01,-2.571864e-01
8.651551e+00,1.323606e+01,3.967719e+00,-1.302596e+00,7.722292e-01,1.582541e-01
-1.755310e+00,7.996280e+00,3.916685e+00,-1.031743e+00,8.613312e-01,-1.149256e-02
-3.496211e+00,9.152033e+00,3.216303e+00,-9.410540e-01,-7.923722e-01,-3.968312e-01
-1.058795e+00,9.926737e+00,1.194709e+00,-9.362754e-01,-1.271182e+00,-2.467210e-01
6.305920e-01,8.464080e+00,-1.106136e-01,-9.661481e-01,-7.577190e-01,-3.064447e-01
-1.359907e+00,7.373442e+00,1.187605e+00,-1.087456e+00,-3.239388e-01,-8.047192e-02
-2.479951e+00,7.497389e+00,3.267094e+00,-1.285849e+00,-5.946099e-01,-1.590743e-01
2.275518e+00,8.528884e+00,4.106199e+00,-1.528761e+00,-7.875619e-01,-2.490924e-01
4.984151e+00,9.399891e+00,2.005265e-01,-1.593460e+00,-5.288223e-01,-2.063070e-01
1.988614e+00,8.088584e+00,-1.925066e+00,-1.751363e+00,-6.501276e-01,-2.133516e-01
-1.722161e+00,9.138274e+00,-6.172735e-01,-2.106061e+00,-1.403054e+00,-3.455061e-01
1.944916e+00,1.080612e+01,-4.227179e-01,-2.831059e+00,-1.916541e+00,-2.574026e-01
1.086911e+01,1.194558e+01,-4.141068e+00,-3.320243e+00,-1.409896e+00,2.646661e-01
-5.912657e-01,1.682657e+01,1.923629e+00,-3.866543e+00,-7.958492e-01,6.483734e-01
-7.406183e+00,2.018725e+01,1.327958e+01,-4.493549e+00,-1.760623e+00,5.696329e-01
-1.068259e+01,2.919982e+01,1.979458e+01,-5.114080e+00,-3.927550e+00,-1.350313e-01
-1.171546e+00,7.869970e+00,1.828200e+01,-5.054659e+00,-2.873141e+00,2.511540e-01
1.190457e+01,1.020265e+01,8.632254e+00,-1.841843e+00,-2.436287e-01,8.441066e-01
8.764860e+00,1.058260e+01,9.503112e+00,-7.938128e-01,1.305214e+00,7.294856e-01
2.780996e+00,5.046597e+00,1.046432e+01,5.922017e-01,6.480123e-01,-1.993941e-01
3.469058e+00,1.423101e+00,7.616943e+00,2.510339e+00,-1.849187e-01,-1.033970e+00
4.437665e+00,5.379272e-01,9.126492e+00,4.470974e+00,1.549873e-01,-1.376822e+00
5.190919e+00,1.109740e+00,9.301716e+00,5.178349e+00,4.172833e-01,-1.652216e+00
3.978736e+00,2.262425e+00,1.105361e+01,6.358660e+00,8.130256e-01,-1.932197e+00
2.343856e+00,3.660897e+00,1.444792e+01,7.077747e+00,6.766982e-01,-1.937565e+00
3.577203e+00,1.055019e+01,1.105683e+01,8.064679e+00,6.970527e-01,-1.884617e+00
6.904706e-01,1.029240e+01,9.031562e+00,8.548057e+00,1.008840e+00,-1.639964e+00
-1.032872e+01,-3.042842e-01,9.748390e+00,8.375912e+00,1.200565e+00,-8.268719e-01
9.136822e-01,-1.835978e+01,-4.759810e+00,7.386570e+00,8.795056e-01,-6.471790e-01
3.148897e+00,-9.275281e+00,5.965269e+00,3.864190e+00,3.224317e+00,3.113893e-02
4.109283e+00,1.879551e+01,1.019523e+01,1.592550e-01,2.999114e+00,6.771460e-01
1.803075e+01,2.846361e+01,8.068916e+00,-4.412534e+00,1.692554e+00,6.161399e-01
-1.159838e+01,-1.206194e+01,1.173223e+01,-3.192428e+00,1.163659e+00,1.203111e+00
-4.749835e+00,4.685003e-01,1.867052e+01,-3.004694e+00,-2.174012e+00,-3.087095e+00
-2.828716e+00,1.881630e+01,1.474060e+01,-3.874742e+00,-5.533939e-01,-2.390769e-01
3.122943e+00,1.116120e+01,7.775022e+00,-3.171654e+00,1.378645e+00,1.754107e-01
2.103643e+00,2.598270e+00,3.990756e+00,-1.971629e+00,1.589297e+00,3.502632e-01
6.204159e+00,1.230931e+01,3.382051e+00,-1.031245e+00,1.557273e+00,2.478740e-01
4.080884e+00,1.207778e+01,3.726815e+00,-1.204216e+00,1.395078e+00,4.035476e-01
-1.512328e+00,8.078836e+00,3.372568e+00,-1.042614e+00,-1.602445e-01,-1.720641e-01
-1.632400e+00,9.569808e+00,1.738592e+00,-9.621818e-01,-1.047195e+00,-4.397740e-01
1.416633e+00,9.437044e+00,-7.510889e-01,-1.008042e+00,-6.580244e-01,-2.523410e-01
7.272046e-01,7.352844e+00,-1.016746e+00,-1.089197e+00,-3.130257e-01,-8.358971e-02
-3.761315e+00,7.337777e+00,1.836519e+00,-1.331985e+00,-5.530142e-01,-2.212455e-01
-1.574454e+00,8.724309e+00,4.535968e+00,-1.627566e+00,-9.219250e-01,-2.726964e-01
4.337182e+00,8.938841e+00,2.846838e+00,-1.814111e+00,-5.484688e-01,-1.799931e-01
4.492254e+00,7.645872e+00,1.206725e+00,-1.818165e+00,-3.006746e-01,-1.405870e-01
1.221091e+00,1.047701e+01,-1.326156e+00,-1.922213e+00,-4.974156e-01,-1.078639e-01
-1.095959e+00,1.067721e+01,2.392981e-01,-2.237151e+00,-8.925132e-01,-4.787233e-02
3.594675e+00,1.068594e+01,1.135951e+00,-2.953381e+00,-1.243408e+00,6.029562e-02
1.024748e+01,1.336148e+01,-1.975144e+00,-3.287259e+00,-1.039122e+00,3.006229e-01
5.705755e+00,1.927643e+01,-2.683464e+00,-3.792282e+00,-8.005478e-01,6.804618e-01
-6.866509e+00,1.416359e+01,1.250278e+01,-4.398402e+00,-2.015277e+00,5.121553e-01
-9.554787e+00,3.153398e+01,1.859890e+01,-4.932364e+00,-4.618420e+00,-3.590842e-01
-9.469216e+00,2.391218e+01,1.691223e+01,-5.247321e+00,-4.218687e+00,-2.084537e-01
3.703231e+00,4.839105e-02,1.487222e+01,-2.853807e+00,-1.856659e+00,2.679124e-01
7.479787e+00,1.041088e+01,8.661815e+00,-4.128547e-01,4.735110e-01,3.907597e-01
7.911943e-01,5.474779e+00,1.119283e+01,-3.815114e-01,1.403864e+00,1.324506e-01
9.714642e-01,3.534841e+00,8.900930e+00,1.180958e+00,7.325240e-01,-5.479837e-01
2.514586e+00,-5.797482e-01,9.010225e+00,3.538085e+00,1.034967e+00,-8.134034e-01
2.732818e+00,-1.449577e+00,9.282704e+00,4.771093e+00,1.519056e+00,-7.368396e-01
3.615646e+00,1.237691e+00,1.156803e+01,5.883455e+00,1.956182e+00,-1.097040e+00
4.137148e+00,2.111911e+00,1.470716e+01,6.374270e+00,2.051137e+00,-9.801175e-01
6.002457e+00,5.653687e+00,1.568162e+01,7.432076e+00,1.709713e+00,-1.030020e+00
9.508676e+00,1.097924e+01,1.388158e+01,8.393031e+00,1.242006e+00,-1.060772e+00
-8.793261e+00,7.013832e+00,9.571887e+00,9.096290e+00,6.581682e-01,-9.790330e-01
-1.278547e+01,-1.691178e+01,6.234621e-01,8.189097e+00,-1.361198e-01,-1.415987e+00
-7.586453e+00,-1.978837e+01,4.630736e+00,5.326934e+00,1.184128e-01,-1.482901e+00
3.584000e+00,2.474206e+01,1.140799e+01,2.013205e+00,2.429547e+00,-5.404439e-02
2.625093e+01,2.010334e+01,-2.551462e+00,-4.119869e+00,3.853662e+00,7.380060e-01
-4.092938e+00,-2.273245e+01,6.025708e+00,-4.391909e+00,3.693444e+00,1.860482e+00
-6.113913e+00,8.534410e+00,1.744686e+01,-1.458191e+00,-7.642961e-01,-3.427280e+00
-4.475890e+00,2.154181e+01,1.252880e+01,-3.752419e+00,-4.690431e-01,5.421798e-01
-2.704370e-02,1.046377e+01,8.317054e+00,-3.374735e+00,-1.898739e-01,-4.832054e-01
-4.340886e+00,4.340292e+00,5.341833e+00,-1.948124e+00,-1.208813e-01,-4.049144e-01
3.855078e+00,1.236362e+01,4.128508e+00,-1.272224e+00,7.131174e-01,9.655999e-02
7.400618e+00,1.231012e+01,2.736456e+00,-1.214318e+00,1.634792e+00,5.293106e-01
6.291624e-01,7.605192e+00,1.794968e+00,-1.034210e+00,6.828179e-01,6.798608e-02
-1.876787e+00,1.083579e+01,1.761071e+00,-1.010614e+00,-5.820313e-01,-3.748589e-01
-1.334452e+00,9.573688e+00,6.592691e-01,-1.301227e+00,-1.225017e+00,-3.075528e-01
-2.922340e+00,7.438807e+00,1.333383e-01,-1.358390e+00,-1.107210e+00,-2.949432e-01
-2.609552e+00,7.561633e+00,1.629688e+00,-1.448493e+00,-9.305366e-01,-2.104087e-01
7.467553e-01,8.174908e+00,3.205890e+00,-1.621692e+00,-9.141085e-01,-2.570621e-01
2.613787e+00,8.472937e+00,6.498682e-01,-1.827109e+00,-5.400559e-01,-1.964485e-01
2.128952e+00,9.283631e+00,-2.813399e+00,-1.958480e+00,-4.556617e-01,-1.352046e-01
1.247152e+00,9.888936e+00,-1.226173e+00,-2.335164e+00,-5.784102e-01,-1.508969e-02
2.134501e+00,9.851790e+00,5.590526e-01,-2.900021e+00,-7.955914e-01,4.092223e-02
1.522400e+01,1.138306e+01,-3.377246e+00,-3.640513e+00,-9.757078e-01,2.318788e-01
1.348282e+01,1.806697e+01,-5.183004e+00,-4.016147e+00,-8.017829e-01,5.074410e-01
-8.928615e+00,1.799333e+01,1.718055e+01,-4.833190e+00,-2.519507e+00,9.249193e-02
-1.400488e+01,2.964720e+01,2.107312e+01,-5.103299e+00,-4.593546e+00,-5.012782e-01
-1.405824e+01,1.118877e+01,1.829458e+01,-5.396831e+00,-4.947738e+00,-5.275511e-01
4.212205e+00,2.376849e+00,1.584501e+01,-4.056552e+00,-3.306116e+00,3.709701e-02
1.186792e+01,1.292322e+01,1.037566e+01,-5.711150e-01,1.906908e+00,1.037273e+00
8.306662e+00,7.215550e+00,1.143699e+01,-5.159682e-01,2.873008e+00,5.280563e-01
6.510000e+00,6.820477e-01,6.572300e+00,2.274006e+00,1.533379e+00,-5.595931e-01
5.592519e+00,-3.271305e-01,7.718405e+00,3.631861e+00,1.064109e+00,-9.002713e-01
6.126325e+00,-1.018393e+00,8.747897e+00,5.059594e+00,8.766667e-01,-1.316799e+00
6.469062e+00,9.457867e-01,1.066392e+01,5.830962e+00,1.001863e+00,-1.827750e+00
5.203024e+00,2.764883e+00,1.430205e+01,6.813456e+00,8.818007e-01,-2.028323e+00
3.796320e+00,4.691899e+00,1.391273e+01,7.565450e+00,5.192438e-01,-2.112649e+00
-7.662453e-01,1.176404e+01,1.509969e+01,8.531157e+00,-1.018853e-01,-1.983484e+00
-1.209282e+01,1.030063e+00,7.749427e+00,8.620967e+00,-2.932747e-01,-1.418800e+00
-9.627937e+00,-1.831940e+01,8.393517e+00,7.090221e+00,1.722420e-01,-8.302075e-01
8.014701e+00,-1.224791e+01,6.284560e+00,4.625235e+00,2.359805e+00,-3.215779e-01
3.803087e+01,3.913750e+01,-3.907513e+00,-9.572898e-01,5.770967e+00,1.573767e+00
5.881252e+00,9.109220e+00,5.771889e+00,-3.520607e+00,4.669207e+00,1.583333e+00
7.673791e-01,-9.317245e+00,1.527186e+01,-2.785549e+00,3.150159e-01,-8.425862e-02
-7.167866e+00,4.225867e+00,1.692511e+01,-3.766804e+00,-2.834469e+00,-2.696817e+00
-8.049163e+00,2.116919e+01,1.348357e+01,-3.430170e+00,-1.522675e+00,-1.238981e-01
-3.563069e+00,5.657465e+00,7.846659e+00,-2.954867e+00,-8.813602e-01,-7.323404e-01
7.072403e+00,8.006056e+00,4.503078e+00,-9.963708e-01,1.711504e+00,6.767637e-01
1.303013e+01,1.365219e+01,3.765655e+00,-7.598317e-01,2.928086e+00,7.371148e-01
1.013300e+00,9.124434e+00,2.905114e+00,-7.761407e-01,1.859373e+00,4.071868e-01
-3.399523e+00,8.261534e+00,1.423470e+00,-6.874635e-01,-1.304974e-01,-9.891862e-02
-1.699456e+00,9.785673e+00,-4.449803e-01,-6.420456e-01,-1.446948e+00,-4.876237e-01
5.122890e-01,8.129959e+00,-1.606826e+00,-8.081779e-01,-1.035283e+00,-2.673829e-01
-2.989615e+00,6.147893e+00,9.820186e-01,-1.119102e+00,-8.199376e-01,-1.840093e-01
-2.853869e+00,7.023422e+00,3.241662e+00,-1.365117e+00,-1.136037e+00,-2.667598e-01
-3.292243e-01,1.070162e+01,5.263246e+00,-1.784502e+00,-1.396377e+00,-3.437441e-01
1.886146e+00,9.167717e+00,1.691652e+00,-1.888976e+00,-1.119053e+00,-3.035896e-01
4.141476e+00,9.280997e+00,-2.884346e+00,-1.767568e+00,-7.096040e-01,-2.347030e-01
3.644405e-01,9.300276e+00,-5.806055e-01,-2.003976e+00,-5.937281e-01,-8.853503e-02
1.187879e+00,1.221104e+01,2.062772e+00,-2.823998e+00,-1.223511e+00,-1.250921e-01
1.039112e+01,1.203506e+01,-4.950779e-01,-3.342727e+00,-1.168355e+00,1.423508e-01
9.334369e+00,2.032697e+01,-6.011408e+00,-3.732255e+00,-5.087017e-01,5.639222e-01
-7.908143e+00,1.547204e+01,1.109348e+01,-4.085212e+00,-1.094521e+00,6.125243e-01
-1.061990e+01,2.538498e+01,1.722669e+01,-4.774740e+00,-4.356377e+00,-5.404721e-02
-9.516266e+00,2.119853e+01,1.596248e+01,-5.105841e+00,-4.678849e+00,-1.320241e-01
5.337267e+00,2.016947e+00,1.430759e+01,-2.987627e+00,-1.466662e+00,5.194513e-01
1.040059e+01,1.016247e+01,7.614096e+00,-6.970865e-01,8.244530e-01,7.674058e-01
4.628771e+00,6.569318e+00,1.115814e+01,-4.430487e-01,1.690343e+00,1.986244e-01
3.093055e+00,3.277010e+00,9.094648e+00,9.324003e-01,8.124974e-01,-4.312433e-01
3.146205e+00,8.929890e-01,9.138169e+00,3.238573e+00,1.372404e-01,-1.176622e+00
2.894825e+00,7.871916e-01,9.691885e+00,4.544375e+00,3.292770e-01,-1.351971e+00
1.863933e+00,2.087304e+00,1.209112e+01,5.796281e+00,6.550218e-01,-1.687896e+00
1.868039e+00,3.170280e+00,1.427062e+01,6.538314e+00,7.636671e-01,-1.656781e+00
2.346457e+00,6.309103e+00,1.441408e+01,7.615442e+00,9.527300e-01,-1.641413e+00
3.742927e+00,1.171784e+01,1.316784e+01,8.413559e+00,1.076427e+00,-1.414396e+00
-2.391063e+00,3.461598e+00,5.526917e+00,8.724947e+00,1.354507e+00,-5.979444e-01
-1.122714e+01,-1.268627e+01,6.020344e+00,7.923542e+00,1.068618e+00,-6.453869e-01
1.079311e+00,-1.599766e+01,2.430043e+00,4.621258e+00,2.038236e+00,-5.348467e-01
4.676418e+00,3.011119e+00,1.069644e+01,1.329658e+00,3.426074e+00,3.699269e-01
3.862946e+01,3.904129e+01,-7.489279e+00,-4.005728e+00,2.447080e+00,3.160417e-01
-1.098174e+01,-1.576481e+01,9.477589e+00,-5.376579e+00,1.474294e+00,1.727171e-01
-8.084799e+00,8.992718e-02,1.707887e+01,-4.708652e-01,-1.332114e+00,-1.518748e+00
-1.004437e+01,1.924821e+01,1.714968e+01,-2.900106e+00,-1.959758e+00,-1.477529e+00
4.792511e+00,1.246173e+01,8.284242e+00,-3.566837e+00,1.430099e+00,6.641953e-01
4.383333e+00,4.370119e+00,5.073917e+00,-2.118670e+00,1.989336e+00,-2.852456e-01
3.212139e+00,1.048517e+01,4.120328e+00,-1.127025e+00,1.511012e+00,3.279142e-01
5.048343e+00,1.231832e+01,3.957287e+00,-1.294224e+00,1.294745e+00,2.784646e-01
-7.775797e-01,8.786700e+00,4.059021e+00,-1.112467e+00,1.073382e+00,5.439150e-02
-1.110647e+00,8.887522e+00,3.638362e+00,-1.070759e+00,-1.496286e-01,-3.016811e-01
1.058922e+00,9.686214e+00,2.358644e+00,-9.788889e-01,-6.554380e-01,-3.307509e-01
4.249580e-01,8.326675e+00,1.680677e+00,-9.620399e-01,-4.616751e-01,-2.530615e-01
-1.789433e+00,7.292842e+00,1.610632e+00,-1.042237e+00,-8.044530e-01,-3.296487e-01
-1.764633e+00,7.575840e+00,2.272920e+00,-1.158928e+00,-1.228171e+00,-4.435300e-01
2.040677e+00,9.352256e+00,1.576240e+00,-1.371632e+00,-1.088426e+00,-4.254706e-01
1.694796e+00,9.068618e+00,-6.417157e-01,-1.451043e+00,-8.076316e-01,-3.470938e-01
6.456366e-01,9.850000e+00,-1.488560e+00,-1.699375e+00,-6.898252e-01,-3.015387e-01
-1.060793e+00,1.024386e+01,1.315655e+00,-2.062853e+00,-8.655513e-01,-2.662075e-01
5.795324e+00,1.169705e+01,2.212264e+00,-2.816633e+00,-9.539180e-01,-6.364224e-02
1.143382e+01,1.295585e+01,-4.595606e-01,-3.104201e+00,-7.215822e-01,2.100989e-01
5.243501e+00,1.741750e+01,-5.272039e+00,-3.470580e+00,-4.723391e-01,5.778437e-01
-4.449329e+00,1.324484e+01,4.459125e+00,-3.947951e+00,-1.657562e+00,4.730473e-01
-6.348617e+00,2.543854e+01,1.564490e+01,-4.443096e+00,-3.819789e+00,-5.349874e-02
-5.789273e+00,2.373784e+01,1.520227e+01,-4.832572e+00,-4.013686e+00,-2.595326e-02
3.592596e+00,2.497702e+00,1.748775e+01,-3.866001e+00,-2.050362e+00,2.773977e-01
8.663117e+00,1.043453e+01,7.568318e+00,-1.152587e+00,-5.401794e-01,2.542177e-01
-2.649358e-02,7.430008e+00,1.212300e+01,-9.241451e-01,6.565277e-01,-2.064465e-01
1.809653e-01,4.796484e+00,1.036566e+01,4.291413e-01,4.356456e-02,-6.117098e-01
3.983440e+00,9.522336e-01,9.154673e+00,2.668921e+00,3.527024e-01,-1.209499e+00
4.890853e+00,3.405213e-01,9.864502e+00,4.245577e+00,1.221451e+00,-1.287575e+00
4.622558e+00,1.311467e+00,1.045081e+01,5.543247e+00,1.587268e+00,-1.550499e+00
3.587854e+00,1.973360e+00,1.297802e+01,6.308058e+00,1.454328e+00,-1.401066e+00
1.265316e+00,3.144290e+00,1.317443e+01,7.294122e+00,1.122090e+00,-1.319179e+00
1.425980e+00,8.066704e+00,1.292953e+01,8.167443e+00,9.568732e-01,-1.180136e+00
1.030900e+00,8.555184e+00,7.597753e+00,8.663323e+00,1.419486e+00,-4.430465e-01
-1.048000e+01,-1.108482e+01,7.659179e+00,8.138640e+00,1.655199e+00,1.271661e-01
3.014552e+00,-1.482344e+01,8.590810e-01,5.526793e+00,2.115128e+00,2.201556e-02
8.936431e+00,2.333616e+01,-1.792126e+00,2.564007e+00,3.253338e+00,3.173782e-01
1.864172e+01,2.692996e+01,4.149382e-01,-2.770035e+00,2.640692e+00,5.341338e-01
-8.912738e+00,-6.458354e+00,1.528863e+01,-2.552281e+00,2.207530e+00,9.909448e-01
-5.640957e+00,-3.286275e+00,1.309113e+01,-3.528178e+00,-3.229517e+00,-3.019791e+00
-6.216422e+00,1.860585e+01,1.449106e+01,-3.732720e+00,-1.285028e+00,-3.009637e-01
1.740171e+00,1.512352e+01,8.218289e+00,-3.001439e+00,5.656510e-02,-1.670591e-01
4.304506e-01,2.176511e+00,4.419982e+00,-2.385388e+00,1.036507e+00,-4.058704e-01
4.816549e+00,1.167070e+01,4.002926e+00,-9.336273e-01,1.649185e+00,5.422581e-01
6.610753e+00,1.262517e+01,3.908006e+00,-1.058203e+00,1.888001e+00,3.873675e-01
-5.319365e-01,8.018366e+00,3.369523e+00,-9.160950e-01,1.009986e+00,1.042354e-01
-2.456784e+00,8.893431e+00,2.638015e+00,-8.864343e-01,-1.588249e-01,-2.390140e-01
8.653484e-02,1.081088e+01,1.363130e-01,-8.222027e-01,-7.126219e-01,-4.092301e-01
4.949125e-01,7.425882e+00,-1.415018e+00,-9.237001e-01,-3.143677e-01,-2.406185e-01
-2.824884e+00,7.890451e+00,1.407855e+00,-1.089275e+00,-4.376679e-01,-3.053967e-01
-1.745987e+00,8.835928e+00,2.990872e+00,-1.326796e+00,-7.146781e-01,-3.661322e-01
3.021766e+00,9.479608e+00,4.758627e+00,-1.763219e+00,-5.180600e-01,-2.284011e-01
4.737540e+00,8.932620e+00,2.604419e+00,-1.814122e+00,-1.903226e-01,-2.019265e-01
1.855690e+00,9.024343e+00,-9.345702e-01,-1.908661e+00,-2.705954e-01,-1.131520e-01
-7.986525e-01,1.097861e+01,-8.037979e-01,-2.043440e+00,-5.338541e-01,-9.552765e-02
-1.465288e+00,1.096442e+01,2.269771e+00,-2.719410e+00,-1.195345e+00,-3.071281e-02
7.847822e+00,1.347274e+01,1.067889e-01,-3.133432e+00,-1.220556e+00,7.484738e-02
1.119068e+01,1.990532e+01,-7.209698e+00,-3.595182e+00,-5.830724e-01,6.333333e-01
-3.658532e+00,1.322449e+01,6.839015e+00,-3.815344e+00,-9.288693e-01,6.155837e-01
-6.699663e+00,2.811449e+01,1.616242e+01,-4.571840e+00,-3.822179e+00,-2.894862e-04
-1.113416e+01,2.665565e+01,1.609310e+01,-4.953459e+00,-4.850833e+00,-3.594678e-01
3.386254e+00,2.253139e-01,1.432315e+01,-3.613648e+00,-2.591084e+00,-1.585192e-01
8.765347e+00,1.058045e+01,8.138356e+00,-1.150700e+00,-8.341802e-01,5.615287e-02
4.043267e+00,8.931904e+00,1.079838e+01,-8.549003e-01,1.327728e+00,-1.167736e-01
9.494331e-01,4.190636e+00,8.994963e+00,3.507162e-01,8.723378e-01,-6.694316e-01
2.166201e+00,9.802803e-01,9.334077e+00,2.971019e+00,6.447977e-01,-1.196673e+00
2.652845e+00,5.732491e-01,9.606946e+00,4.104139e+00,1.157620e+00,-1.137814e+00
3.593219e+00,2.601185e+00,1.172158e+01,5.486823e+00,1.936800e+00,-1.430433e+00
4.380072e+00,3.457336e+00,1.244405e+01,5.961098e+00,2.086142e+00,-1.318153e+00
5.279558e+00,4.796393e+00,1.645817e+01,7.466462e+00,1.913179e+00,-1.002008e+00
6.821563e+00,1.089225e+01,1.026637e+01,8.173157e+00,1.595002e+00,-7.777671e-01
-6.155652e+00,4.130346e+00,6.818686e+00,8.764054e+00,9.430590e-01,-1.744434e-01
-1.359983e+01,-9.123825e+00,8.466181e+00,8.315733e+00,5.680975e-01,-1.095566e-01
-1.263405e+00,-1.964047e+01,1.188521e+00,5.465602e+00,1.311450e+00,-2.467286e-01
4.827205e+00,-8.358256e+00,9.194805e+00,3.148347e+00,2.955280e+00,5.780889e-02
2.947339e+01,3.611601e+01,-2.408808e+00,-3.840172e+00,3.052265e+00,7.163730e-01
-2.699290e+00,-1.206993e+01,7.163890e+00,-5.477922e+00,2.287192e+00,2.556360e-01
-5.362757e+00,-3.869526e+00,1.452156e+01,-8.694918e-01,-1.309348e+00,-1.610153e+00
-1.062408e+01,1.408562e+01,1.765887e+01,-2.892732e+00,-1.632286e+00,-1.184131e+00
1.136043e+00,1.882556e+01,9.947179e+00,-3.400368e+00,6.804092e-01,4.875516e-01
4.243753e+00,4.636651e+00,5.523332e+00,-1.879234e+00,1.573947e+00,-2.841544e-01
3.081438e+00,9.378829e+00,4.031296e+00,-9.565663e-01,1.721957e+00,5.143833e-01
6.868227e+00,1.309220e+01,4.003492e+00,-1.171849e+00,1.574289e+00,3.709015e-01
6.987266e-01,9.044690e+00,2.581751e+00,-1.052113e+00,6.103980e-01,-2.610365e-02
-2.173256e+00,7.809116e+00,1.614078e+00,-1.016119e+00,-5.272072e-01,-3.787555e-01
-3.413555e+00,9.449470e+00,5.134796e-01,-9.530040e-01,-1.078454e+00,-4.829006e-01
-2.229213e+00,7.563277e+00,5.703670e-01,-1.156536e+00,-7.449468e-01,-2.998843e-01
4.721906e-01,7.663840e+00,1.441198e+00,-1.365285e+00,-4.477668e-01,-2.859728e-01
1.872482e+00,7.998866e+00,3.354177e+00,-1.568788e+00,-3.565140e-01,-2.922878e-01
3.474680e+00,8.832946e+00,2.995648e+00,-1.810454e+00,-4.586762e-01,-3.428558e-01
3.474497e+00,8.519945e+00,1.843803e+00,-2.001056e+00,-4.663147e-01,-2.768756e-01
-5.503849e-01,1.030580e+01,1.707008e+00,-2.399876e+00,-7.229854e-01,-1.696054e-01
-4.346700e+00,1.121475e+01,3.715991e+00,-2.767961e+00,-9.909888e-01,-1.131836e-01
4.991892e+00,1.312053e+01,2.706445e+00,-3.249135e+00,-1.028067e+00,1.669121e-01
1.566731e+01,1.554996e+01,-6.333228e+00,-3.426073e+00,-5.874753e-01,4.327401e-01
-1.284009e+00,1.449582e+01,3.610255e+00,-3.987774e+00,-1.716978e+00,2.794923e-01
-7.404956e+00,1.499335e+01,1.385373e+01,-4.480205e+00,-3.748531e+00,-8.591059e-02
-1.218092e+01,2.932252e+01,1.762205e+01,-4.905176e+00,-5.363463e+00,-6.081217e-01
-3.235414e+00,3.633845e+00,1.769743e+01,-4.238565e+00,-3.286370e+00,-4.426514e-01
6.760158e+00,7.635881e+00,8.935445e+00,-7.565553e-01,1.500894e-01,1.316334e-01
5.831468e+00,1.094612e+01,9.864902e+00,-9.473605e-01,1.347743e+00,-6.505562e-02
2.793207e+00,5.585464e+00,1.008021e+01,7.618339e-01,1.092841e+00,-7.428709e-01
3.233809e+00,2.883099e+00,8.291308e+00,2.610101e+00,9.253387e-01,-1.028312e+00
3.188047e+00,9.857868e-01,9.841555e+00,4.292846e+00,1.362062e+00,-9.867659e-01
2.698676e+00,1.293393e+00,9.865351e+00,5.038001e+00,1.598073e+00,-1.243629e+00
2.673156e+00,3.260666e+00,1.111909e+01,6.177070e+00,1.831315e+00,-1.200903e+00
3.567724e+00,3.573850e+00,1.438918e+01,7.007793e+00,1.889398e+00,-1.019450e+00
6.387210e+00,8.117689e+00,1.155937e+01,8.187283e+00,1.843908e+00,-7.724724e-01
6.155026e+00,1.252685e+01,1.114126e+01,8.763467e+00,1.602326e+00,-3.589072e-01
-1.129842e+01,-4.578778e-02,9.267431e+00,8.163664e+00,5.800804e-01,2.050714e-02
-1.185448e+01,-1.375309e+01,1.214114e+00,6.978687e+00,1.451469e-01,-5.528162e-01
9.400240e-01,-1.492262e+01,2.795668e+00,3.199459e+00,2.110891e+00,-3.434833e-01
9.440463e+00,3.153710e+01,1.063525e+00,-1.260832e+00,2.670128e+00,5.582588e-01
5.352903e+00,3.493118e+00,6.465699e+00,-4.591845e+00,1.774021e+00,3.871572e-01
-7.003351e+00,-1.116210e+01,1.430760e+01,-2.206421e+00,1.499645e+00,1.672192e+00
-2.518101e+00,2.436607e+00,1.099712e+01,-3.391787e+00,-1.667890e+00,-1.708795e+00
-8.810785e+00,2.418812e+01,1.580658e+01,-3.342960e+00,2.132730e-01,8.418961e-01
1.428341e-01,4.517949e+00,5.755905e+00,-2.676428e+00,2.499260e-02,-8.726476e-01
-4.170795e-02,1.156762e+00,3.746767e+00,-1.635918e+00,7.790956e-01,-6.566858e-02
2.907733e+00,1.232127e+01,5.166410e+00,-1.167628e+00,1.382195e+00,4.679007e-01
6.385805e+00,1.227556e+01,4.360409e+00,-1.255132e+00,1.763587e+00,4.569415e-01
1.134317e+00,7.644104e+00,3.135505e+00,-1.077328e+00,7.510257e-01,1.386923e-01
-1.121005e+00,8.870770e+00,2.826706e+00,-1.031816e+00,-2.991705e-01,-1.887794e-01
9.298627e-01,1.074895e+01,9.000053e-01,-1.049679e+00,-7.052251e-01,-2.970801e-01
5.506848e-01,8.682911e+00,3.345547e-01,-1.187036e+00,-4.711587e-01,-1.934566e-01
-1.469657e+00,7.279828e+00,2.015794e+00,-1.350495e+00,-7.371105e-01,-2.697206e-01
-8.912835e-02,8.124461e+00,3.987433e+00,-1.554476e+00,-9.072068e-01,-3.506705e-01
3.212296e+00,9.819895e+00,4.040290e+00,-1.692357e+00,-6.683299e-01,-2.336767e-01
1.433973e+00,8.611963e+00,-1.143653e+00,-1.766676e+00,-4.722405e-01,-1.435338e-01
-7.312338e-01,1.012000e+01,-1.578023e+00,-2.069930e+00,-7.690476e-01,-2.711589e-02
-1.748928e+00,9.836746e+00,9.374011e-01,-2.483375e+00,-9.637306e-01,2.415803e-02
6.259564e+00,1.225932e+01,2.068789e+00,-3.245376e+00,-1.104120e+00,1.595676e-01
1.388899e+01,1.538220e+01,-4.161205e+00,-3.670655e+00,-7.551269e-01,5.151689e-01
2.912029e-01,1.668199e+01,2.431750e+00,-4.349492e+00,-1.661257e+00,4.832324e-01
-9.569080e+00,2.115280e+01,1.679146e+01,-4.674292e+00,-3.532096e+00,1.565429e-01
-1.131702e+01,2.008333e+01,1.777533e+01,-5.099174e+00,-5.072428e+00,-3.138757e-01
-3.602602e+00,3.023321e+00,2.009924e+01,-3.885417e+00,-2.775599e+00,9.554369e-02
9.494180e+00,1.119372e+01,8.738245e+00,-7.543130e-01,1.097330e+00,7.846312e-01
6.292242e+00,8.187320e+00,1.126005e+01,-6.994225e-01,2.157396e+00,4.859378e-01
3.752811e+00,4.127323e+00,9.603837e+00,1.776248e+00,1.184214e+00,-5.633706e-01
2.568522e+00,2.505534e+00,9.167797e+00,3.339597e+00,8.665389e-01,-9.081094e-01
2.249626e+00,2.426554e+00,1.105743e+01,4.812112e+00,9.561748e-01,-1.207453e+00
2.600415e+00,1.364101e+00,1.132657e+01,5.752762e+00,1.166850e+00,-1.381920e+00
4.418817e+00,1.767896e+00,1.350671e+01,7.224415e+00,1.595239e+00,-1.336458e+00
5.737269e+00,6.261234e+00,1.511818e+01,7.925084e+00,1.608067e+00,-1.222800e+00
7.312901e+00,1.348076e+01,1.308206e+01,8.688291e+00,1.169456e+00,-9.196153e-01
-2.917728e+00,4.435175e+00,6.874126e+00,8.921473e+00,6.493621e-01,-5.157963e-01
-8.880719e+00,-1.369669e+01,-1.415473e+00,7.753762e+00,1.000444e-01,-1.445167e+00
-3.716744e+00,-2.173070e+01,-4.132714e+00,6.082142e+00,8.227289e-01,-1.011712e+00
2.511769e+00,-7.863963e+00,1.320242e+01,5.863952e-01,2.944466e+00,3.410208e-01
2.848854e+01,3.940474e+01,-2.899285e+00,-3.711154e+00,2.664358e+00,4.632445e-01
8.265647e-02,-7.961625e+00,5.364985e+00,-3.678007e+00,2.320450e+00,1.823997e+00
-5.853560e+00,-1.112344e+01,1.408654e+01,-9.698370e-01,7.156165e-01,9.663960e-02
-6.176755e+00,1.495834e+01,1.598956e+01,-3.458618e+00,-7.631105e-01,-5.988076e-01
-2.865359e+00,2.442850e+01,1.333974e+01,-3.449044e+00,1.014183e+00,8.551050e-01
7.640336e-02,2.381907e+00,5.258831e+00,-2.076184e+00,5.926729e-01,-4.311589e-01
-1.571980e+00,7.446156e+00,4.697748e+00,-1.070173e+00,7.230331e-01,2.702957e-01
5.457316e+00,1.332642e+01,4.621448e+00,-1.162888e+00,1.262601e+00,4.006263e-01
5.011486e+00,9.922436e+00,2.406084e+00,-9.967275e-01,1.616406e+00,3.776074e-01
1.705590e+00,8.236210e+00,1.618403e+00,-9.131684e-01,8.545715e-02,-1.241609e-01
1.186894e+00,1.071810e+01,1.523192e+00,-9.704040e-01,-5.111260e-01,-2.209278e-01
-1.557005e+00,9.052528e+00,1.023152e+00,-1.225280e+00,-9.699247e-01,-2.822681e-01
-4.265786e+00,7.021266e+00,8.444638e-01,-1.275024e+00,-1.255539e+00,-4.188779e-01
-2.215040e+00,6.682759e+00,2.395538e+00,-1.478620e+00,-1.178524e+00,-3.896499e-01
2.099788e+00,8.741541e+00,3.799296e+00,-1.582641e+00,-8.309450e-01,-3.273586e-01
4.364544e+00,8.758179e+00,7.377168e-01,-1.775563e+00,-2.507649e-01,-1.513052e-01
3.486307e+00,9.113946e+00,-9.529342e-01,-1.948383e+00,-3.005848e-01,-8.476578e-02
-9.796540e-01,1.081012e+01,3.801480e-01,-2.472830e+00,-9.048069e-01,-7.126779e-02
-5.381638e-01,1.194288e+01,2.197957e+00,-2.856125e+00,-1.237619e+00,-4.362843e-02
1.395006e+01,1.530585e+01,-3.625527e+00,-3.409941e+00,-1.207332e+00,3.473086e-01
1.007418e+01,1.835489e+01,-7.810628e+00,-3.616495e+00,-8.969608e-01,5.965931e-01
-7.350519e+00,1.525639e+01,1.339235e+01,-4.146913e+00,-2.469699e+00,3.245612e-01
-1.016006e+01,2.563698e+01,1.754004e+01,-4.537601e+00,-4.891913e+00,-2.828118e-01
-1.323639e+01,1.781732e+01,1.463815e+01,-4.626771e+00,-4.015064e+00,-3.556723e-01
2.360527e+00,3.342327e-01,1.345664e+01,-2.284357e+00,-1.850907e+00,-5.954278e-03
8.240911e+00,1.072337e+01,8.398180e+00,-5.968651e-01,1.968792e+00,3.455140e-01
5.499488e+00,8.384802e+00,1.011338e+01,-4.005386e-01,2.268148e+00,-9.490604e-02
2.889449e+00,3.928026e+00,8.522573e+00,1.908153e+00,1.281590e+00,-7.962869e-01
2.830676e+00,1.919383e+00,9.107531e+00,3.237773e+00,1.116030e+00,-9.191713e-01
4.648800e+00,3.208104e+00,1.004042e+01,4.702995e+00,1.585023e+00,-1.259319e+00
5.172445e+00,3.824716e+00,1.131057e+01,5.586957e+00,1.955990e+00,-1.333804e+00
4.914425e+00,3.910648e+00,1.391065e+01,6.963418e+00,1.805706e+00,-1.127174e+00
5.612249e+00,6.112120e+00,1.502619e+01,7.595597e+00,1.584467e+00,-1.066531e+00
6.229302e+00,1.428572e+01,1.035131e+01,8.529999e+00,1.086371e+00,-5.551893e-01
-1.709234e+00,1.830635e+00,4.900857e+00,8.604486e+00,6.734801e-01,-2.138374e-02
-1.043710e+01,-1.340250e+01,2.342034e-01,7.030032e+00,4.384103e-01,-8.454764e-01
1.428982e+00,-1.447662e+01,1.926315e+00,5.214869e+00,1.305085e+00,-4.952566e-01
1.477699e+01,2.918089e+01,-5.334562e-01,-2.052022e-01,2.868104e+00,1.026121e+00
3.132089e+01,3.816567e+01,-1.715365e+00,-3.845158e+00,1.827188e+00,3.850730e-01
-8.456620e+00,-7.404840e+00,1.846030e+01,-3.281039e+00,-1.166658e+00,1.605103e-02
-8.715252e+00,-7.406102e+00,1.704532e+01,-4.067210e+00,-3.979411e+00,-2.906191e+00
-9.177526e+00,2.074913e+01,1.704212e+01,-3.877543e+00,-1.418699e+00,2.370299e-02
-1.019735e+00,1.673715e+01,9.588399e+00,-3.259120e+00,5.658096e-01,2.866655e-01
7.527744e+00,3.748051e+00,4.426256e+00,-1.223946e+00,2.719720e+00,1.038905e+00
1.182467e+01,9.104726e+00,3.292426e+00,-8.778692e-01,3.216814e+00,9.256910e-01
3.633282e+00,1.150438e+01,4.936719e+00,-1.094614e+00,1.591971e+00,3.965769e-01
-4.173510e+00,8.485304e+00,4.908435e+00,-1.068831e+00,-3.557181e-01,-1.915287e-01
-5.118007e+00,9.715990e+00,3.685170e+00,-9.490465e-01,-2.043900e+00,-6.517687e-01
-5.240262e-01,1.054929e+01,1.146288e+00,-9.207245e-01,-1.507902e+00,-4.339151e-01
2.021625e+00,8.201223e+00,-2.669788e-01,-9.475093e-01,-4.346968e-01,-6.734840e-02
-1.470957e+00,7.846405e+00,1.180545e+00,-1.122007e+00,-5.536829e-01,-1.118891e-01
-3.840365e+00,8.309117e+00,4.412846e+00,-1.438044e+00,-1.345607e+00,-2.618446e-01
6.839439e-01,8.449811e+00,4.511137e+00,-1.507752e+00,-1.262569e+00,-3.070826e-01
5.136102e+00,9.047007e+00,1.535231e+00,-1.508420e+00,-5.539830e-01,-8.828631e-02
2.717557e+00,9.365643e+00,-2.406189e+00,-1.585981e+00,-3.687391e-01,4.938951e-02
2.220632e-01,1.061866e+01,-1.766459e+00,-2.048417e+00,-8.838395e-01,1.286012e-01
1.033296e+00,1.077580e+01,-2.829678e-02,-2.636988e+00,-1.296888e+00,1.422222e-01
5.918462e+00,1.310821e+01,-2.507444e+00,-3.348411e+00,-1.248287e+00,4.293427e-01
1.584655e+00,1.641585e+01,-2.839427e+00,-3.685180e+00,-1.218538e+00,6.443228e-01
-6.538521e+00,1.681137e+01,1.041713e+01,-4.279001e+00,-2.379068e+00,6.608047e-01
-1.040322e+01,2.964781e+01,1.788607e+01,-4.781745e+00,-3.392842e+00,3.057171e-01
-5.653109e+00,1.372206e+01,1.906316e+01,-4.664211e+00,-2.459330e+00,7.104765e-01
2.955890e+00,1.240821e+00,1.617590e+01,-2.342188e+00,-8.841489e-01,9.474892e-01
8.281979e+00,1.027090e+01,1.002799e+01,-7.359919e-01,2.126592e+00,1.175950e+00
4.446955e+00,6.441375e+00,1.125549e+01,-3.921608e-02,1.987698e+00,8.933699e-01
3.503411e+00,3.456844e+00,8.625377e+00,2.260201e+00,9.758286e-01,-7.247314e-02
4.531240e+00,5.632519e-01,9.054960e+00,3.657745e+00,8.968767e-01,-4.713421e-01
5.619934e+00,5.677107e-01,8.887843e+00,5.120048e+00,1.192128e+00,-1.144488e+00
4.999983e+00,1.825198e+00,9.788977e+00,5.747925e+00,1.232211e+00,-1.311485e+00
3.543313e+00,3.306588e+00,1.272361e+01,6.754993e+00,8.831349e-01,-1.294483e+00
2.979663e+00,5.253873e+00,1.514920e+01,7.582317e+00,5.150200e-01,-1.294273e+00
4.184986e+00,1.224869e+01,1.153905e+01,8.565263e+00,4.125715e-01,-1.167465e+00
-2.161222e+00,8.228773e+00,8.072202e+00,8.594366e+00,4.711286e-01,-6.401753e-01
-1.383597e+01,-1.531600e+01,1.549872e+00,7.257758e+00,-4.034502e-01,-4.494601e-01
-2.780015e+00,-1.755213e+01,-1.207108e-01,5.746768e+00,2.017000e-01,-4.354656e-01
5.632938e+00,1.091123e+01,6.975640e+00,5.091669e-01,2.822613e+00,4.846682e-01
3.609664e+01,3.928075e+01,1.190028e+00,-3.442390e+00,2.246501e+00,6.210007e-01
-7.962520e+00,-9.455740e+00,1.430774e+01,-2.293531e+00,1.494386e+00,1.329606e+00
-2.643218e+00,-4.822606e+00,1.310157e+01,-2.452682e+00,-1.201984e+00,-1.392252e+00
-6.176097e+00,1.845158e+01,1.528371e+01,-3.512150e+00,-1.493560e-01,1.248511e-01
-2.317532e+00,2.338870e+01,1.077607e+01,-3.099874e+00,5.132524e-01,2.330846e-01
7.176994e-01,1.517792e+00,3.845463e+00,-1.580988e+00,1.096477e+00,1.624213e-01
1.674973e+00,8.860978e+00,3.706665e+00,-8.740138e-01,1.371173e+00,4.561739e-01
5.360099e+00,1.257996e+01,3.629248e+00,-1.136236e+00,1.704243e+00,5.252013e-01
2.009751e+00,8.721061e+00,2.716819e+00,-9.532627e-01,1.315671e+00,2.828043e-01
-2.830459e+00,7.477684e+00,2.011557e+00,-8.026880e-01,-2.829221e-01,-2.367103e-01
-1.000659e+00,9.169119e+00,1.247885e+00,-7.443832e-01,-4.808047e-01,-3.217668e-01
2.207908e+00,8.070895e+00,-7.112916e-01,-9.764906e-01,9.903830e-02,-5.319460e-02
-7.256240e-01,7.499791e+00,3.779321e-01,-1.217919e+00,3.894398e-02,-8.637261e-02
-1.163353e+00,1.023291e+01,5.587728e+00,-1.640348e+00,-5.745823e-01,-2.262664e-01
2.637562e+00,1.019556e+01,6.684817e+00,-1.806670e+00,-6.223120e-01,-2.138111e-01
3.622022e+00,9.815740e+00,2.895054e+00,-1.725948e+00,-2.926924e-01,-1.308297e-01
2.183373e+00,8.326141e+00,1.169832e+00,-1.699818e+00,-4.102773e-01,-4.366571e-02
1.689565e-01,1.158666e+01,-2.637414e+00,-1.974062e+00,-7.411661e-01,7.503139e-02
-2.107051e+00,1.130604e+01,4.369865e-01,-2.318320e+00,-9.376387e-01,1.444775e-01
3.678087e+00,1.135254e+01,1.870000e+00,-3.035319e+00,-1.428834e+00,9.259118e-02
1.253987e+01,1.244195e+01,6.811084e-01,-3.452417e+00,-1.196629e+00,3.595028e-01
6.030053e+00,1.694483e+01,-2.109838e+00,-3.884512e+00,-1.273407e+00,3.383064e-01
-8.519640e+00,1.341607e+01,1.267008e+01,-4.305871e+00,-2.605012e+00,1.502264e-01
-1.798653e+01,2.927229e+01,1.784113e+01,-4.757833e+00,-5.916309e+00,-4.720753e-01
-1.544761e+01,1.164723e+01,2.029426e+01,-4.944255e+00,-4.516516e+00,-2.589286e-01
7.086829e+00,9.248083e+00,1.086471e+01,-1.611722e+00,1.494997e-03,8.445300e-01
1.153284e+01,1.292999e+01,1.023297e+01,-7.497743e-01,2.644804e+00,1.306925e+00
8.427073e+00,4.506471e+00,9.680177e+00,5.379177e-01,3.045815e+00,7.509791e-01
5.433950e+00,1.807550e+00,6.482303e+00,2.230674e+00,2.013621e+00,6.615935e-02
2.449971e+00,2.134288e+00,9.511506e+00,3.876640e+00,6.802107e-01,-6.249638e-01
2.003303e+00,2.086993e+00,1.009323e+01,4.585491e+00,5.044627e-01,-1.272139e+00
3.240122e+00,2.656731e+00,1.106389e+01,5.828035e+00,9.668319e-01,-1.745421e+00
4.717189e+00,3.494739e+00,1.247811e+01,6.725707e+00,1.402489e+00,-1.804471e+00
7.015058e+00,8.036719e+00,1.412305e+01,7.881139e+00,1.522947e+00,-1.653119e+00
7.483127e+00,1.383774e+01,1.200433e+01,8.350388e+00,1.351944e+00,-1.461548e+00
-4.563835e+00,5.195838e+00,7.435099e+00,8.612947e+00,3.125734e-01,-7.210139e-01
-1.670598e+01,-1.143569e+01,1.856583e+00,7.962210e+00,-4.286552e-01,-1.294908e+00
-7.397459e-01,-1.738502e+01,1.761959e+00,5.199986e+00,1.673546e+00,-6.626601e-01
3.913274e+00,-1.034413e+01,1.189088e+01,2.203478e+00,3.688803e+00,3.691387e-01
1.061926e+01,3.122434e+01,1.370904e+01,-3.496067e+00,3.554094e+00,1.155973e+00
1.328539e+01,2.047086e+01,9.165956e+00,-5.935836e+00,2.362860e+00,6.935815e-01
-1.609935e+01,-1.415927e+01,1.352537e+01,7.223702e-01,-1.103990e-01,6.501145e-01
-2.639724e+01,4.491267e+00,2.108381e+01,-8.466737e-01,-3.709190e+00,-4.043362e+00
8.488093e+00,2.406534e+01,8.074403e+00,-3.306003e+00,-3.076021e-01,3.875442e-01
1.535595e+01,6.112832e+00,5.365916e+00,-2.610280e+00,3.404159e+00,5.668372e-01
7.616225e+00,1.056203e+01,2.595930e+00,-8.193311e-01,3.033221e+00,4.836014e-01
3.175857e+00,1.311590e+01,2.740613e+00,-1.395574e+00,1.448433e+00,1.626154e-01
-3.961093e+00,9.494942e+00,5.987103e-01,-1.212860e+00,-9.983854e-01,-4.245933e-01
-4.769932e+00,6.992315e+00,-4.192360e-01,-1.263811e+00,-1.915356e+00,-7.021698e-01
-8.116458e-01,8.487321e+00,1.049257e+00,-1.433033e+00,-1.283472e+00,-3.024738e-01
2.832733e-01,7.356583e+00,2.278094e+00,-1.698963e+00,-4.870033e-01,-5.156763e-02
-1.650785e+00,7.265612e+00,2.505375e+00,-1.864841e+00,-3.785808e-01,-7.717424e-02
-8.206763e-01,7.507137e+00,3.945611e+00,-1.970911e+00,-5.994199e-01,-1.757732e-01
2.614806e+00,8.509787e+00,4.093040e+00,-2.062468e+00,-6.132054e-01,-3.219567e-01
3.217755e+00,8.526506e+00,1.748523e+00,-2.107293e+00,-4.714589e-01,-3.095662e-01
1.227588e+00,9.974778e+00,-1.178867e+00,-2.232878e+00,-8.554757e-01,-3.618130e-01
3.175667e-01,1.002868e+01,2.517508e-01,-2.508450e+00,-1.172253e+00,-3.861191e-01
3.984342e+00,1.072012e+01,1.730520e+00,-3.252102e+00,-1.363389e+00,-1.713619e-01
1.799910e+01,1.122688e+01,-3.248643e+00,-3.788726e+00,-1.030471e+00,2.567458e-01
7.339197e+00,2.126072e+01,-2.809138e-01,-4.277808e+00,-9.425239e-01,3.986585e-01
-1.197616e+01,1.802736e+01,1.830549e+01,-5.086204e+00,-2.546094e+00,1.704244e-01
-2.084017e+01,3.061722e+01,2.309393e+01,-5.554874e+00,-6.549564e+00,-8.398460e-01
-1.376295e+01,9.430881e+00,2.023063e+01,-5.409445e+00,-4.734366e+00,-1.377810e-01
8.612808e+00,7.806164e+00,1.246182e+01,-1.837801e+00,-5.386876e-01,1.282265e+00
1.014630e+01,1.034278e+01,1.167452e+01,-8.464974e-01,2.718641e+00,1.363421e+00
6.841109e+00,1.938935e+00,9.118869e+00,1.403001e+00,2.113746e+00,2.698981e-01
6.344204e+00,7.557527e-03,6.842593e+00,3.161918e+00,1.393827e+00,-3.965056e-01
3.095814e+00,1.371977e+00,9.563430e+00,4.791746e+00,1.014208e+00,-8.085363e-01
1.814319e+00,1.362405e+00,1.034153e+01,5.581446e+00,7.462870e-01,-1.484897e+00
1.390698e+00,1.573049e+00,1.248049e+01,6.894677e+00,1.032470e+00,-1.615294e+00
3.587122e+00,2.522272e+00,1.537372e+01,7.574984e+00,1.386055e+00,-1.548989e+00
7.932466e+00,7.864018e+00,1.319953e+01,8.554245e+00,1.794370e+00,-1.129786e+00
5.535802e+00,8.072906e+00,1.224077e+01,8.994094e+00,1.549329e+00,-3.911421e-01
-1.691641e+01,-7.526210e+00,6.596231e+00,8.121479e+00,2.929190e-02,-2.164134e-01
-1.903219e+01,-9.597276e+00,9.463321e+00,6.877736e+00,-1.814957e-01,-6.674985e-01
5.318499e+00,-1.015822e+01,9.322810e+00,2.542240e+00,2.790388e+00,-2.547560e-02
1.426971e+01,3.227088e+01,-3.239930e+00,-7.064997e-01,4.661721e+00,1.294513e+00
7.479432e+00,6.873777e+00,6.984707e+00,-3.863419e+00,3.152532e+00,8.061538e-01
-1.079574e+01,-1.142828e+01,1.661750e+01,-1.657349e+00,2.242712e+00,1.893733e+00
-3.753454e+00,5.525745e+00,1.924019e+01,-3.262000e+00,-2.767234e+00,-2.778420e+00
-1.077097e+01,2.199237e+01,1.597176e+01,-3.938190e+00,-7.344692e-01,-2.162207e-01
-3.876076e+00,8.730798e+00,1.014833e+01,-2.715590e+00,4.174046e-02,-2.644300e-01
4.981692e+00,7.782468e+00,4.980516e+00,-1.057769e+00,1.543944e+00,1.576070e-01
1.133541e+01,1.058445e+01,3.883074e+00,-7.823358e-01,3.108316e+00,7.906222e-01
8.301078e+00,1.157738e+01,3.246881e+00,-5.923010e-01,2.570143e+00,4.187501e-01
-2.564631e+00,9.729487e+00,2.538938e+00,-6.501868e-01,-2.860714e-01,-3.340373e-01
-2.741223e+00,1.083648e+01,5.051996e-01,-6.163634e-01,-1.424631e+00,-6.930924e-01
1.156754e+00,7.977101e+00,-1.840406e+00,-7.583856e-01,-1.185632e+00,-5.726767e-01
-7.349678e-01,5.509739e+00,-1.399387e+00,-8.487576e-01,-8.777623e-01,-4.787132e-01
-4.415650e+00,6.653265e+00,1.522880e+00,-1.321447e+00,-1.561364e+00,-5.571280e-01
-3.182817e+00,9.298170e+00,2.911878e+00,-1.776279e+00,-2.172814e+00,-6.421106e-01
3.267537e-01,9.397746e+00,2.010657e+00,-2.072142e+00,-1.520857e+00,-4.026158e-01
6.711760e+00,8.403115e+00,-1.477810e+00,-2.044083e+00,-9.277271e-01,-3.072138e-01
5.209022e+00,1.022451e+01,-1.049443e+00,-2.327813e+00,-3.667719e-01,-4.736527e-02
6.913751e-01,1.058677e+01,1.104232e+00,-2.717008e+00,-7.452502e-01,-2.521026e-03
5.814053e+00,1.001652e+01,-1.567954e+00,-3.375211e+00,-1.554588e+00,6.394523e-02
1.144373e+01,1.153105e+01,-3.865880e+00,-3.712836e+00,-1.330464e+00,4.305823e-01
-1.119114e+00,1.346386e+01,7.423141e+00,-4.332242e+00,-1.780628e+00,1.877980e-01
-8.847371e+00,3.018054e+01,1.764681e+01,-4.645529e+00,-3.022137e+00,-2.910332e-01
-1.512241e+01,2.266906e+01,1.810188e+01,-5.552282e+00,-4.451312e+00,-6.316077e-01
-4.233216e+00,5.181473e+00,2.071963e+01,-4.142627e+00,-3.408466e+00,1.166385e-01
9.356133e+00,1.297321e+01,1.069606e+01,-1.320425e+00,5.490454e-01,1.032140e+00
6.243429e+00,7.629176e+00,1.277533e+01,-8.447361e-01,1.731542e+00,5.413135e-01
2.922442e+00,2.989499e+00,8.007459e+00,1.724768e+00,8.064608e-01,-4.547209e-02
1.047101e+00,1.248881e+00,8.973789e+00,3.073611e+00,6.760135e-01,-3.575075e-01
1.760345e+00,1.519781e+00,1.101753e+01,4.705070e+00,9.704856e-01,-9.372037e-01
3.240093e+00,2.024052e+00,1.150604e+01,5.651324e+00,1.629260e+00,-1.322741e+00
5.520884e+00,2.560368e+00,1.383535e+01,6.893899e+00,2.328313e+00,-1.117131e+00
6.311419e+00,3.697740e+00,1.589013e+01,7.623623e+00,2.352147e+00,-1.027141e+00
6.219653e+00,8.925152e+00,1.334545e+01,8.530217e+00,1.807368e+00,-8.118860e-01
-1.821182e+00,5.263231e+00,7.121270e+00,8.884929e+00,8.018627e-01,-5.723464e-01
-1.446054e+01,-1.257382e+01,5.870575e+00,7.640887e+00,-1.013295e-01,-1.212260e+00
-4.246046e-01,-1.586373e+01,2.654172e+00,5.337678e+00,4.722905e-01,-1.273407e+00
1.314251e+01,3.050531e+01,-3.282389e+00,1.325614e+00,3.056340e+00,1.908870e-01
2.775762e+01,3.725987e+01,9.465367e+00,-2.490587e+00,3.209640e+00,8.293696e-01
6.518902e+00,-1.260666e+01,1.331129e+01,-3.974187e+00,2.525894e+00,1.226089e+00
-6.228915e+00,1.070023e+00,1.841894e+01,-4.051554e+00,-3.033184e-02,-1.556868e+00
-6.861303e+00,2.423233e+01,1.485675e+01,-3.787087e+00,-1.831837e+00,-9.228900e-01
-1.009185e+01,1.491073e+01,9.956279e+00,-2.742807e+00,-1.292010e+00,-2.902855e-01
4.717567e+00,5.320402e+00,4.935767e+00,-1.308924e+00,7.765037e-01,5.661864e-02
1.105574e+01,1.176052e+01,4.690539e+00,-7.624136e-01,2.476726e+00,8.475506e-01
7.274990e+00,1.120150e+01,3.124440e+00,-8.595462e-01,2.273801e+00,5.265199e-01
-1.530328e+00,1.010464e+01,3.529337e+00,-7.515784e-01,4.352437e-01,1.699250e-02
-4.989215e+00,1.084543e+01,2.430266e+00,-6.744206e-01,-1.552501e+00,-4.996960e-01
-2.283962e+00,9.696145e+00,4.610082e-01,-6.313129e-01,-1.489506e+00,-4.963507e-01
-9.378548e-01,6.709263e+00,2.595107e-01,-6.608148e-01,-6.856964e-01,-3.216457e-01
-1.827347e+00,7.072286e+00,1.013552e+00,-8.265824e-01,-4.801473e-01,-2.553602e-01
-1.304759e+00,7.233289e+00,1.637482e+00,-1.175742e+00,-7.090807e-01,-2.404983e-01
1.525913e+00,6.753232e+00,9.560982e-01,-1.407657e+00,-6.190082e-01,-1.917683e-01
3.987234e+00,8.068156e+00,-8.376594e-01,-1.625916e+00,-3.120528e-01,-1.346945e-01
2.676288e+00,9.574658e+00,-3.359725e-01,-1.939829e+00,-3.076938e-01,-5.050590e-02
-2.257097e+00,9.886511e+00,2.607470e+00,-2.567990e+00,-1.071371e+00,-1.557693e-01
2.230295e+00,9.910119e+00,1.883317e+00,-2.925013e+00,-1.358241e+00,-1.891013e-01
1.446977e+01,1.117694e+01,-3.200297e+00,-3.223512e+00,-9.634189e-01,1.342922e-01
8.652472e+00,1.500871e+01,-2.050858e+00,-3.465634e+00,-1.045127e+00,9.563228e-02
-3.226750e+00,1.679715e+01,1.243670e+01,-4.204270e+00,-2.919865e+00,-2.483911e-01
-8.971225e+00,2.498238e+01,1.863225e+01,-4.730901e+00,-5.520495e+00,-9.850149e-01
-8.020466e+00,1.345699e+01,1.503490e+01,-4.531322e+00,-4.651734e+00,-1.156839e+00
4.763608e+00,3.676451e+00,1.279742e+01,-2.943628e+00,-2.898598e+00,-8.232090e-01
9.511278e+00,8.983154e+00,7.363163e+00,-9.747463e-01,8.986756e-01,-6.671932e-01
2.715543e+00,6.377484e+00,8.742990e+00,-6.623527e-01,1.223543e+00,-1.149415e+00
7.604221e-01,4.248471e+00,7.650422e+00,1.014396e+00,4.995292e-01,-1.928633e+00
1.390291e+00,2.376231e+00,8.305943e+00,2.172042e+00,7.343374e-01,-1.985313e+00
3.939959e+00,3.673478e+00,9.852834e+00,3.630606e+00,1.852575e+00,-2.098948e+00
5.341223e+00,5.068480e+00,1.040904e+01,4.589375e+00,2.632060e+00,-2.049808e+00
6.896784e+00,5.103616e+00,1.261796e+01,5.918103e+00,2.690423e+00,-1.507138e+00
8.733147e+00,5.330073e+00,1.298643e+01,6.838839e+00,2.249225e+00,-1.191151e+00
8.535904e+00,7.978446e+00,1.093713e+01,7.907989e+00,9.948262e-01,-5.951768e-01
-1.701189e+00,2.406504e+00,4.732488e+00,8.022182e+00,2.176345e-01,-2.871223e-01
-2.109654e+01,-9.753820e+00,9.684155e+00,7.046289e+00,-1.535827e+00,-1.033075e+00
-2.957088e+00,-1.370255e+01,6.825619e+00,4.993751e+00,-1.047375e+00,-1.338967e+00
6.143011e+00,1.548111e+01,4.890634e+00,8.293049e-01,3.702758e+00,6.259561e-01
3.405346e+01,3.760867e+01,2.045410e+00,-2.072083e+00,5.024022e+00,1.848684e+00
1.639747e+00,-1.223253e+01,9.729831e+00,-1.290701e+00,3.927419e+00,1.991641e+00
-4.968126e+00,-4.392424e-01,1.607734e+01,-1.757173e+00,1.060420e-04,-1.465868e+00
-4.639263e+00,2.012663e+01,1.030750e+01,-3.657109e+00,-1.326703e+00,-6.210005e-01
-7.020642e+00,9.678978e+00,8.752630e+00,-3.296968e+00,-8.165530e-01,-3.860735e-02
-1.800698e+00,7.608838e+00,4.872908e+00,-1.544806e+00,-6.476045e-01,-4.033831e-01
5.662140e+00,1.057024e+01,3.769762e+00,-1.283501e+00,9.759636e-01,4.394671e-01
5.109314e+00,9.978305e+00,3.369652e+00,-1.056066e+00,1.690966e+00,6.078540e-01
1.373494e+00,8.720977e+00,3.778664e+00,-1.112858e+00,6.300741e-01,2.241505e-01
-1.871476e+00,1.013548e+01,3.088524e+00,-1.059684e+00,-9.756155e-01,-2.081165e-01
-2.170764e+00,9.705309e+00,2.424848e+00,-1.080613e+00,-1.191906e+00,-2.421393e-01
-1.289455e+00,8.263357e+00,1.912198e+00,-1.066719e+00,-9.385205e-01,-2.055815e-01
6.725156e-02,7.562131e+00,2.192560e+00,-1.046655e+00,-7.326464e-01,-1.635053e-01
1.169689e+00,7.482358e+00,4.161011e+00,-1.213445e+00,-7.038683e-01,-1.823754e-01
5.355605e-01,8.383064e+00,4.288117e+00,-1.355699e+00,-7.925458e-01,-2.039510e-01
6.883075e-02,8.205288e+00,4.564396e-01,-1.495058e+00,-8.918265e-01,-1.742770e-01
1.295433e+00,9.612898e+00,-1.477284e+00,-1.609730e+00,-7.538394e-01,-3.366675e-02
-2.983736e-01,1.013465e+01,1.017521e+00,-2.096359e+00,-6.753618e-01,1.048038e-01
3.527558e-01,1.007157e+01,2.419642e+00,-2.440014e+00,-8.549915e-01,8.202449e-02
5.726674e+00,1.327268e+01,-1.513864e+00,-3.020156e+00,-9.060355e-01,3.330979e-01
5.597041e+00,1.622971e+01,-3.396894e+00,-3.245007e+00,-7.833898e-01,4.999578e-01
9.290563e-01,1.285210e+01,7.064371e+00,-3.821090e+00,-1.883663e+00,2.461824e-01
1.638547e+00,2.184637e+01,1.568456e+01,-4.153245e+00,-2.736490e+00,-2.715588e-01
-8.189739e-01,1.863749e+01,1.662098e+01,-4.681904e+00,-3.716332e+00,-8.501528e-01
1.304178e+00,2.774225e+00,1.517682e+01,-3.759124e+00,-3.193991e+00,-9.993159e-01
4.391707e+00,8.496014e+00,7.912047e+00,-1.273232e+00,-1.804888e+00,-1.109165e+00
6.051265e-01,8.197370e+00,9.807230e+00,-1.288277e+00,-6.774920e-01,-1.310313e+00
8.359944e-03,4.782516e+00,7.756714e+00,4.251808e-01,-1.552545e-01,-1.863614e+00
2.915914e+00,2.197660e+00,7.439234e+00,1.701581e+00,7.896523e-01,-1.870898e+00
5.164274e+00,2.262379e+00,7.956744e+00,3.079488e+00,2.071345e+00,-1.749489e+00
5.989804e+00,3.178122e+00,8.277812e+00,3.981657e+00,2.683382e+00,-1.742467e+00
5.548314e+00,5.411798e+00,1.077495e+01,5.103960e+00,2.590327e+00,-1.400221e+00
6.026360e+00,4.689780e+00,1.326294e+01,5.820721e+00,2.107359e+00,-1.223334e+00
8.146423e+00,6.499379e+00,1.140802e+01,7.007948e+00,1.314999e+00,-9.779454e-01
9.379621e+00,6.740811e+00,1.114496e+01,7.744602e+00,6.743432e-01,-6.454234e-01
-5.188788e+00,1.899987e-01,6.951495e+00,7.487112e+00,-6.176078e-01,-5.166840e-01
-1.738354e+01,-8.396528e+00,5.466223e+00,6.169841e+00,-1.918331e+00,-1.125373e+00
-4.221301e+00,-6.933174e+00,8.191711e+00,2.903847e+00,-9.835905e-01,-1.038089e+00
1.519799e+01,2.701525e+01,-1.422447e-01,4.317502e-01,1.401276e+00,4.732435e-02
1.132688e+01,1.244265e+01,4.348158e+00,-3.139823e+00,3.846712e+00,1.487555e+00
7.404298e+00,-7.631653e+00,1.041973e+01,-1.413547e+00,3.824303e+00,2.018858e+00
7.806681e-01,8.398746e+00,1.315629e+01,-2.776272e+00,7.493192e-01,-7.430260e-01
-3.205553e+00,2.128386e+01,1.057789e+01,-3.487242e+00,-3.889618e-01,-4.245202e-02
-9.385790e+00,6.617287e+00,6.561414e+00,-2.122395e+00,-1.474548e+00,-2.712484e-01
-7.035556e+00,6.629699e+00,4.541783e+00,-1.220447e+00,-1.010029e+00,-2.695832e-01
4.802905e+00,1.218054e+01,4.306764e+00,-1.006452e+00,1.307197e+00,7.628638e-01
7.447978e+00,9.301966e+00,3.134108e+00,-9.301858e-01,2.196766e+00,8.685272e-01
3.718643e+00,9.236192e+00,3.420113e+00,-9.474705e-01,1.048815e+00,3.956844e-01
1.354616e+00,1.163852e+01,2.918915e+00,-9.816411e-01,-5.876624e-02,1.365146e-01
-2.423458e+00,9.488024e+00,2.171090e+00,-1.133365e+00,-1.003619e+00,-1.376508e-01
-3.038441e+00,7.993904e+00,2.265756e+00,-1.086106e+00,-1.301672e+00,-2.490039e-01
-1.357114e+00,7.815853e+00,3.573636e+00,-1.146259e+00,-1.129478e+00,-1.827265e-01
2.657562e+00,8.137562e+00,4.842334e+00,-1.255492e+00,-8.563493e-01,-1.109841e-01
4.402903e-01,9.344943e+00,1.625637e+00,-1.322188e+00,-5.066620e-01,1.456677e-02
-1.770565e-01,9.079849e+00,-2.893167e+00,-1.411144e+00,-6.686827e-01,2.995901e-02
1.060176e+00,9.090351e+00,-3.701561e+00,-1.638773e+00,-7.044956e-01,2.352914e-01
6.311530e-01,9.224612e+00,1.022033e-01,-2.171592e+00,-6.628850e-01,2.929605e-01
5.036104e+00,1.249351e+01,2.839923e-01,-3.010287e+00,-9.164109e-01,2.502393e-01
8.023083e+00,1.545863e+01,-5.114262e+00,-3.431569e+00,-8.066702e-01,5.584170e-01
7.982287e-01,1.327006e+01,3.974247e+00,-3.682379e+00,-1.051733e+00,5.837624e-01
-1.355282e+00,1.824618e+01,1.195839e+01,-4.196671e+00,-2.387529e+00,2.500982e-01
-6.419867e+00,2.344227e+01,1.740147e+01,-4.987517e+00,-4.156055e+00,-5.296544e-01
-4.110046e-01,6.255156e+00,1.680729e+01,-4.320888e+00,-3.414900e+00,-5.727261e-01
7.032117e+00,8.534240e+00,9.129059e+00,-1.447721e+00,-1.502885e+00,-3.219365e-01
3.848458e+00,8.890689e+00,1.093219e+01,-1.189773e+00,2.588499e-01,-5.296871e-01
5.082390e-01,5.020006e+00,9.183190e+00,4.934810e-01,2.412579e-01,-1.163690e+00
2.125029e+00,3.395504e+00,8.473136e+00,1.978366e+00,5.381826e-01,-1.589021e+00
4.610790e+00,1.597087e+00,9.288267e+00,3.542115e+00,1.514852e+00,-1.786233e+00
6.077736e+00,2.585989e+00,8.911141e+00,4.719651e+00,2.272505e+00,-1.940204e+00
5.930109e+00,3.872779e+00,1.148996e+01,5.941539e+00,2.473182e+00,-1.658161e+00
5.228676e+00,3.910257e+00,1.483559e+01,6.643633e+00,2.118934e+00,-1.424549e+00
7.341637e+00,9.459513e+00,1.231132e+01,7.841342e+00,1.299392e+00,-1.091453e+00
5.754160e+00,8.716022e+00,1.162005e+01,8.302922e+00,9.398695e-01,-7.564806e-01
-1.369753e+01,-5.100087e+00,6.340333e+00,7.888425e+00,1.081089e-01,-1.659565e-01
-8.874960e+00,-1.390369e+01,4.363176e+00,6.458502e+00,-2.193601e-01,-5.068035e-01
2.886740e+00,-6.652487e+00,8.761934e+00,3.198079e+00,2.095294e+00,-8.950355e-02
9.787544e+00,3.395327e+01,-4.718235e-01,-7.468675e-01,4.078760e+00,1.319382e+00
-1.247581e+00,-3.756323e+00,6.282585e+00,-4.300510e+00,3.112781e+00,7.401746e-01
-4.626503e+00,-1.051552e+01,1.068316e+01,-9.066909e-01,2.536040e+00,2.124092e+00
-1.789874e+00,9.802913e+00,1.263426e+01,-2.612871e+00,-8.575265e-01,-1.953495e+00
-2.859240e+00,2.242893e+01,1.169367e+01,-3.462161e+00,9.738306e-01,9.123158e-01
-1.794849e+00,4.935114e+00,5.515170e+00,-2.687367e+00,3.805795e-01,-6.084689e-01
-2.567171e+00,6.449256e+00,4.450508e+00,-1.806106e+00,3.238893e-01,-1.325885e-01
4.229278e+00,1.300887e+01,5.068608e+00,-1.388408e+00,7.024354e-01,2.214899e-01
5.628097e+00,9.557687e+00,3.791576e+00,-1.454761e+00,1.459847e+00,4.175947e-01
2.167283e+00,7.780481e+00,3.563316e+00,-1.206815e+00,1.347221e+00,2.466920e-01
6.519812e-01,1.046196e+01,3.930220e+00,-1.218031e+00,1.612008e-01,-7.385024e-02
-2.775665e-01,1.058773e+01,3.516748e+00,-1.278860e+00,-4.894307e-01,-3.327336e-01
2.470138e-01,8.624456e+00,2.637412e+00,-1.294059e+00,-5.688336e-01,-3.060512e-01
1.414328e+00,8.745970e+00,2.812238e+00,-1.238067e+00,-7.187185e-01,-4.076285e-01
2.100672e+00,8.055849e+00,2.866680e+00,-1.358818e+00,-8.006285e-01,-3.998348e-01
1.438050e+00,6.823220e+00,1.957287e+00,-1.557209e+00,-1.009371e+00,-3.620453e-01
1.971292e-01,8.818883e+00,-1.065311e+00,-1.720952e+00,-1.036681e+00,-3.000305e-01
-1.580383e-01,1.032477e+01,-3.408509e-01,-2.229106e+00,-1.036688e+00,-4.512477e-02
-8.023844e-01,1.025380e+01,1.435215e+00,-2.561102e+00,-1.116399e+00,-2.341426e-02
7.977109e+00,1.213575e+01,-5.149300e-02,-3.191317e+00,-1.307468e+00,2.103898e-02
9.536036e+00,1.771842e+01,-3.913429e+00,-3.544901e+00,-1.099717e+00,2.577272e-01
-1.686157e+00,1.381564e+01,7.593303e+00,-4.251258e+00,-1.941243e+00,1.367230e-01
-6.192085e+00,2.518739e+01,1.791140e+01,-4.580211e+00,-3.634700e+00,-4.082321e-01
-9.837237e+00,2.346385e+01,1.822843e+01,-4.979557e+00,-4.740143e+00,-8.126015e-01
7.952236e-01,2.001778e+00,1.762651e+01,-3.770465e+00,-3.077412e+00,-6.709995e-01
7.499612e+00,1.066369e+01,8.725502e+00,-6.831359e-01,1.133339e-01,-1.271799e-01
2.779964e+00,6.991077e+00,1.053280e+01,-6.582631e-01,1.079779e+00,-4.983282e-01
2.843106e+00,3.453045e+00,7.660743e+00,1.252877e+00,7.630176e-01,-1.277747e+00
5.025843e+00,1.804491e+00,7.495851e+00,2.648289e+00,1.068003e+00,-1.546094e+00
7.619770e+00,1.529816e+00,7.552373e+00,4.286226e+00,2.096718e+00,-1.772962e+00
7.633402e+00,2.447029e+00,8.634908e+00,4.998637e+00,2.320971e+00,-2.005465e+00
7.254618e+00,3.063917e+00,1.153426e+01,5.795283e+00,1.921910e+00,-2.037697e+00
5.711206e+00,5.150914e+00,1.313785e+01,6.475385e+00,1.306316e+00,-2.086648e+00
5.943307e+00,1.088808e+01,1.432977e+01,7.484000e+00,1.454941e-01,-1.908543e+00
1.266418e-01,7.440196e+00,9.964980e+00,7.868287e+00,-6.619779e-01,-1.521730e+00
-1.517621e+01,-1.155003e+01,6.119419e+00,7.388909e+00,-1.846070e+00,-1.467285e+00
-3.839946e+00,-1.677813e+01,-1.619534e+00,6.059250e+00,-1.605079e+00,-1.734040e+00
3.786896e+00,-7.027234e+00,1.233738e+01,2.303015e+00,1.798720e+00,-4.886432e-01
1.892874e+01,3.118817e+01,-1.488105e+00,-1.407060e+00,2.894204e+00,6.339959e-01
-4.924641e+00,3.769333e+00,9.669930e+00,-5.220796e+00,2.494133e+00,7.134316e-01
4.056888e+00,-1.471606e+01,1.056885e+01,-9.881799e-02,2.160158e+00,2.336059e+00
6.004375e+00,1.840290e+01,1.057806e+01,-3.020091e+00,1.695467e+00,-3.803706e-01
7.653668e-01,1.947990e+01,9.505662e+00,-3.656323e+00,2.084945e+00,1.323704e+00
-8.937610e+00,4.924931e+00,6.957002e+00,-2.614398e+00,-2.805064e-01,-2.229372e-01
-8.829915e+00,9.026358e+00,5.497370e+00,-1.536727e+00,-2.104741e+00,-6.329772e-01
1.791634e+00,1.138746e+01,4.602390e+00,-1.424478e+00,-2.166011e-01,4.334225e-01
7.922775e+00,1.027075e+01,2.610682e+00,-1.204070e+00,1.673197e+00,8.215930e-01
4.725971e+00,8.504747e+00,2.100359e+00,-1.180808e+00,1.610357e+00,7.149860e-01
4.534952e-01,1.095279e+01,3.178946e+00,-1.199710e+00,4.873277e-01,2.734562e-01
-1.906691e+00,8.925921e+00,2.272366e+00,-1.432076e+00,-1.222866e+00,-2.088143e-02
-2.640286e+00,7.647143e+00,1.325143e+00,-1.408795e+00,-1.492015e+00,-2.818507e-01
-4.742578e-01,6.355004e+00,2.746314e+00,-1.467941e+00,-1.299471e+00,-1.966123e-01
1.283175e+00,6.936745e+00,4.703834e+00,-1.615394e+00,-1.120726e+00,-1.591219e-01
6.767767e-01,8.976558e+00,2.629892e+00,-1.788012e+00,-8.477825e-01,-1.329431e-01
-1.162563e-01,8.871098e+00,9.377866e-01,-1.936225e+00,-8.004593e-01,-2.828964e-02
1.759730e+00,1.002453e+01,-6.548028e-01,-2.184890e+00,-8.046183e-01,1.326721e-01
2.016907e+00,9.895029e+00,-1.512427e-01,-2.565173e+00,-7.891556e-01,2.335079e-01
8.370172e+00,1.298528e+01,-3.708034e+00,-3.091822e+00,-1.064135e+00,3.270404e-01
7.318469e+00,2.012235e+01,-5.742586e+00,-3.588813e+00,-1.018852e+00,6.142708e-01
-4.703561e+00,1.928766e+01,1.633389e+01,-4.521055e+00,-2.363189e+00,5.380497e-01
-8.849681e+00,2.653730e+01,1.861311e+01,-4.906509e+00,-4.081081e+00,-4.264128e-02
-5.210708e+00,1.085141e+01,1.766164e+01,-4.989754e+00,-3.798014e+00,-2.913525e-01
6.144270e+00,3.770970e+00,1.190384e+01,-2.955724e+00,-2.179646e+00,-2.435239e-01
7.898476e+00,9.647565e+00,8.351086e+00,-7.783877e-01,1.077531e+00,3.010741e-02
3.465074e+00,5.767358e+00,1.056996e+01,-2.811549e-01,1.197388e+00,-4.930318e-01
4.497532e+00,1.573745e+00,6.745695e+00,1.842587e+00,4.218261e-01,-1.586714e+00
4.959879e+00,3.740443e-02,7.008592e+00,3.428115e+00,5.194966e-01,-1.744695e+00
5.816813e+00,9.091552e-01,1.009449e+01,4.851205e+00,1.013994e+00,-1.933477e+00
4.136489e+00,3.949652e+00,1.123729e+01,5.395586e+00,1.233071e+00,-1.941948e+00
1.759549e+00,4.110852e+00,1.439823e+01,6.459830e+00,9.130095e-01,-1.788645e+00
1.722869e+00,6.238352e+00,1.329334e+01,7.620937e+00,7.008818e-01,-1.657816e+00
4.424569e+00,9.947296e+00,1.050909e+01,8.602684e+00,1.204592e+00,-1.075171e+00
-2.457992e+00,1.990031e+00,6.033576e+00,8.597432e+00,1.973835e+00,-3.388545e-01
-1.993869e+00,-1.746330e+01,-3.168993e+00,6.783017e+00,1.618235e+00,-5.757736e-01
-1.752993e+00,-1.559971e+01,4.701727e+00,4.896513e+00,2.049412e+00,-4.171851e-01
2.056253e+01,3.939104e+01,-4.610052e+00,-6.567348e-01,2.540091e+00,4.779235e-01
1.333326e+01,2.581656e+01,7.213875e+00,-4.493380e+00,2.049338e+00,8.816150e-02
-3.376031e+00,-1.601539e+01,1.390517e+01,-1.870419e+00,1.871651e+00,1.998403e+00
-4.674640e+00,-3.269702e-01,1.742909e+01,-2.016920e+00,-5.560200e-01,-2.348207e+00
1.252719e+00,2.425526e+01,1.212806e+01,-4.099852e+00,1.189157e+00,1.093444e+00
7.930573e-01,5.473552e+00,7.104169e+00,-3.274724e+00,1.373062e+00,-1.897824e-01
2.136932e-01,9.314746e+00,5.648905e+00,-1.575712e+00,3.974479e-01,1.547424e-01
5.229682e+00,1.203826e+01,5.414985e+00,-1.463852e+00,8.039501e-01,1.847651e-01
5.315059e-01,9.441582e+00,4.570152e+00,-1.147977e+00,1.552770e+00,3.240972e-01
-1.250648e+00,7.793660e+00,4.151804e+00,-1.070689e+00,6.921553e-01,-3.498377e-02
3.992802e-01,1.062966e+01,2.387560e+00,-8.977938e-01,-2.644284e-01,-2.160134e-01
2.038438e+00,9.655575e+00,1.443629e+00,-9.480337e-01,-7.162957e-02,-5.842601e-02
7.853187e-01,6.930471e+00,8.859278e-01,-1.076383e+00,-2.460430e-02,-1.357567e-01
4.852312e-01,6.385809e+00,1.529942e+00,-1.198163e+00,-2.689223e-01,-2.637063e-01
2.056726e+00,7.694779e+00,3.030000e+00,-1.525988e+00,-6.333906e-01,-3.052091e-01
1.654256e+00,7.915967e+00,2.243765e+00,-1.807555e+00,-7.122222e-01,-3.249609e-01
9.597959e-02,8.403452e+00,-2.814423e-01,-2.158362e+00,-8.067089e-01,-2.752291e-01
-1.060585e+00,8.706886e+00,7.381287e-01,-2.502735e+00,-9.200443e-01,-1.624070e-01
4.687268e+00,9.840325e+00,2.087714e+00,-3.129101e+00,-1.016997e+00,-5.534400e-02
1.386402e+01,1.190341e+01,-2.140976e+00,-3.527465e+00,-1.004345e+00,9.336328e-02
9.439644e+00,2.496664e+01,3.695831e-01,-3.999940e+00,-9.569180e-01,6.290990e-02
-7.369413e+00,1.956210e+01,1.708589e+01,-4.992721e+00,-2.560640e+00,-7.775444e-02
-2.099774e+01,2.264252e+01,2.115647e+01,-4.974712e+00,-7.200791e+00,-1.056390e+00
-8.694481e+00,6.915161e+00,1.926075e+01,-4.655534e+00,-5.805525e+00,-9.372855e-01
1.047625e+01,9.438994e+00,1.040302e+01,-1.800723e+00,-8.418227e-01,5.035357e-01
1.112642e+01,1.014835e+01,9.244497e+00,-4.172021e-01,2.847168e+00,7.943969e-01
8.507800e+00,3.439698e+00,8.278184e+00,1.444040e+00,3.239550e+00,1.832096e-01
5.944682e+00,4.309509e-01,7.985732e+00,2.881915e+00,2.516316e+00,-2.858595e-01
5.101656e+00,9.728806e-02,9.000354e+00,4.572347e+00,1.619529e+00,-4.340131e-01
4.609622e+00,8.767496e-01,1.036672e+01,5.416656e+00,1.397398e+00,-7.985849e-01
4.463633e+00,2.852177e+00,1.273189e+01,6.527969e+00,1.332543e+00,-6.842948e-01
4.425901e+00,3.464536e+00,1.415935e+01,7.199828e+00,1.212466e+00,-6.245216e-01
6.680271e+00,1.352274e+01,1.101591e+01,8.344419e+00,7.974148e-01,-4.363129e-01
1.336398e+00,1.073731e+01,7.120898e+00,8.873459e+00,3.890141e-01,-8.774943e-02
-9.498187e+00,-1.011440e+01,-1.340887e-01,8.328581e+00,-5.110435e-02,-2.296602e-01
-3.637888e+00,-2.105838e+01,-6.635250e+00,7.205180e+00,-2.677911e-01,-1.012487e+00
7.630153e-01,-4.768697e+00,1.114608e+01,3.182297e+00,1.190644e+00,4.647936e-02
1.114436e+01,3.705984e+01,6.634446e+00,-1.551544e+00,8.053576e-01,1.688964e-01
-1.102867e+01,4.590329e-01,1.015652e+01,-4.979920e+00,2.323993e-01,2.085849e-01
-2.729652e+00,-9.631627e+00,1.734011e+01,-1.733921e+00,1.391782e-01,7.684009e-01
-4.060264e+00,1.002578e+01,1.676777e+01,-3.474266e+00,-1.586249e+00,-1.850431e+00
3.398706e+00,2.521354e+01,1.289412e+01,-3.634247e+00,9.006161e-01,7.030498e-01
1.684220e+00,4.236838e+00,5.578440e+00,-2.478466e+00,2.170714e+00,2.933374e-01
2.739771e+00,5.258388e+00,2.884394e+00,-1.289230e+00,1.663105e+00,4.919941e-01
3.402925e+00,1.351619e+01,3.866642e+00,-1.048663e+00,1.065345e+00,1.621356e-01
9.867025e-02,9.487207e+00,2.393071e+00,-1.061584e+00,6.879107e-01,1.494892e-01
-4.880125e-01,8.246046e+00,1.075978e+00,-1.045005e+00,-5.276451e-01,-2.856742e-01
-5.179362e-01,8.966335e+00,8.886242e-01,-1.038296e+00,-9.824436e-01,-3.227701e-01
-2.439343e+00,7.693983e+00,9.968856e-01,-1.222629e+00,-9.816547e-01,-2.650359e-01
-3.179772e+00,6.583913e+00,1.256523e+00,-1.351726e+00,-1.066247e+00,-2.927940e-01
-3.788324e+00,7.409083e+00,3.463624e+00,-1.595109e+00,-1.214524e+00,-3.078968e-01
-5.729835e-01,8.531972e+00,5.158028e+00,-1.788252e+00,-1.079158e+00,-2.724567e-01
2.868372e+00,8.615763e+00,3.125338e+00,-1.859854e+00,-3.667186e-01,-9.769309e-02
4.314622e+00,8.202905e+00,1.057395e+00,-1.866182e+00,-7.509633e-02,-1.021730e-02
4.460190e+00,1.036313e+01,-2.117509e-01,-2.063563e+00,-8.093722e-02,8.632377e-02
1.094082e+00,1.002328e+01,1.526170e+00,-2.476213e+00,-5.266322e-01,4.535491e-02
6.197562e+00,1.138715e+01,9.216720e-01,-3.112550e+00,-1.342354e+00,-7.389172e-02
1.529337e+01,1.673586e+01,-6.320000e+00,-3.439035e+00,-1.318311e+00,1.217589e-01
-3.641603e+00,1.667167e+01,1.155217e+01,-3.922822e+00,-1.270796e+00,1.796828e-01
-8.830140e+00,2.176641e+01,1.854673e+01,-4.656823e+00,-3.386791e+00,1.845818e-02
-1.522787e+01,1.918685e+01,1.853294e+01,-4.985195e+00,-5.667549e+00,-5.749432e-01
-3.481354e+00,2.655645e+00,1.831671e+01,-4.536820e+00,-4.040661e+00,-4.199927e-01
1.047702e+01,9.277884e+00,8.136424e+00,-8.889554e-01,4.053118e-02,7.910748e-01
8.683290e+00,8.799195e+00,1.032520e+01,-5.458322e-01,2.429493e+00,7.358978e-01
6.453713e+00,2.711833e+00,7.474345e+00,1.276894e+00,2.000916e+00,-5.892220e-02
5.654878e+00,1.317712e+00,7.659013e+00,2.596601e+00,1.480278e+00,-5.271902e-01
4.983697e+00,7.340798e-01,9.341474e+00,4.153691e+00,9.973054e-01,-9.273410e-01
4.636411e+00,1.095583e+00,9.427908e+00,5.006882e+00,9.048547e-01,-1.456916e+00
3.904854e+00,3.091539e+00,1.204786e+01,6.131709e+00,9.610060e-01,-1.621974e+00
3.342315e+00,4.053550e+00,1.554819e+01,6.796835e+00,8.308731e-01,-1.591303e+00
4.482278e+00,1.032111e+01,1.375064e+01,7.829610e+00,6.125692e-01,-1.416814e+00
2.122035e+00,1.065765e+01,1.134114e+01,8.561278e+00,4.155908e-01,-1.020783e+00
-1.627279e+01,-8.777440e+00,9.477252e+00,8.159469e+00,6.928741e-02,-3.595019e-01
-6.831248e+00,-1.750286e+01,-1.988068e+00,6.942788e+00,2.765008e-01,-5.987984e-01
2.837808e+00,-6.789037e+00,8.014036e+00,3.551333e+00,2.750641e+00,-1.017868e-01
2.080987e+01,3.939371e+01,-3.087993e+00,-1.023711e+00,3.864444e+00,1.239539e+00
-5.620759e+00,-1.131697e+01,1.242705e+01,-4.367424e+00,2.967121e+00,1.093684e+00
-9.261054e+00,-1.132588e+01,1.623158e+01,-1.905440e+00,1.987413e+00,1.583257e+00
-7.334114e+00,1.593962e+01,1.507282e+01,-3.265424e+00,-1.824124e+00,-2.158128e+00
-1.642160e+00,1.968801e+01,1.151162e+01,-4.016043e+00,-4.185654e-01,1.797044e-01
1.340461e-01,5.044809e+00,7.325828e+00,-2.547881e+00,9.186955e-01,2.268082e-01
5.586866e+00,7.386278e+00,3.725034e+00,-1.421629e+00,1.806648e+00,5.571741e-01
6.495846e+00,1.233159e+01,3.811470e+00,-1.210604e+00,2.254164e+00,7.783317e-01
3.080417e+00,1.032039e+01,4.336639e+00,-1.168145e+00,1.584109e+00,4.760797e-01
1.427560e+00,9.988045e+00,2.515858e+00,-1.133727e+00,-2.506989e-01,-5.275381e-02
6.512166e-01,9.855361e+00,1.886496e+00,-1.131488e+00,-5.730997e-01,-1.508775e-01
-1.759267e+00,7.735057e+00,1.668340e+00,-1.162635e+00,-5.573703e-01,-1.917835e-01
-3.070135e+00,6.116437e+00,1.797949e+00,-1.196163e+00,-7.878953e-01,-3.039407e-01
-3.475444e-01,6.831662e+00,3.870831e+00,-1.367560e+00,-9.631084e-01,-3.557774e-01
1.733954e+00,8.614068e+00,4.128155e+00,-1.565037e+00,-6.750397e-01,-2.711593e-01
3.076189e+00,8.485104e+00,-7.312218e-01,-1.738133e+00,-1.418064e-01,-2.069764e-02
3.534001e+00,9.843818e+00,-2.064547e+00,-1.889897e+00,-1.114930e-01,8.651946e-02
1.577263e+00,9.317007e+00,5.402294e-01,-2.366424e+00,-6.117251e-01,7.324357e-02
4.062786e+00,1.015767e+01,5.671903e-01,-2.885636e+00,-1.114108e+00,-6.638303e-02
1.003839e+01,1.927331e+01,-4.808152e+00,-3.573388e+00,-1.430542e+00,1.475486e-01
1.020438e+00,1.848332e+01,3.942944e+00,-3.953531e+00,-1.537163e+00,2.611111e-01
-8.037303e+00,2.625279e+01,1.725159e+01,-4.719100e+00,-3.674626e+00,-4.455155e-02
-1.275813e+01,2.010988e+01,1.829904e+01,-4.990469e+00,-5.392062e+00,-5.790494e-01
5.606532e+00,3.916695e+00,1.598160e+01,-3.575694e+00,-2.976996e+00,-2.036398e-01
1.172282e+01,1.094735e+01,9.247624e+00,-1.440268e+00,-4.248778e-01,4.996037e-01
4.645368e+00,5.737642e+00,1.035384e+01,-6.323561e-01,1.495214e+00,6.884270e-02
3.208676e+00,4.478860e+00,8.508393e+00,6.430200e-01,1.036226e+00,-5.642599e-01
1.669735e+00,7.027423e-01,8.463190e+00,3.082900e+00,5.005373e-01,-1.332887e+00
2.918359e+00,9.960086e-01,1.001136e+01,4.053989e+00,6.722047e-01,-1.492739e+00
4.207300e+00,2.216708e+00,1.032987e+01,5.386644e+00,1.581141e+00,-1.970779e+00
5.580187e+00,3.556653e+00,1.303006e+01,6.187140e+00,1.912071e+00,-1.835223e+00
4.372936e+00,6.121567e+00,1.263121e+01,7.109771e+00,1.894196e+00,-1.693938e+00
3.852499e+00,9.817543e+00,1.367219e+01,8.050752e+00,1.474445e+00,-1.528244e+00
-8.292117e+00,2.123578e+00,5.697711e+00,8.516282e+00,1.008471e+00,-8.539246e-01
-1.046454e+01,-1.370511e+01,5.533823e+00,7.972793e+00,7.860317e-01,-6.114733e-01
5.109590e+00,-1.434257e+01,3.202894e+00,5.625854e+00,2.121287e+00,-5.976614e-01
5.024302e+00,-6.287819e+00,9.962688e+00,2.658464e+00,4.530009e+00,2.033252e-01
3.332527e+01,3.571943e+01,3.040338e+00,-3.003434e+00,3.494500e+00,5.671548e-01
-3.059587e-01,-8.633357e+00,7.385219e+00,-4.247167e+00,2.458468e+00,4.372908e-01
-5.226687e-01,-4.702016e+00,1.499334e+01,-1.517820e+00,1.399631e+00,3.119757e-01
-4.824558e+00,1.724053e+01,1.540799e+01,-3.149760e+00,1.090800e-01,-9.931131e-01
-2.034746e+00,9.289122e+00,7.811172e+00,-3.818835e+00,5.309902e-01,1.645682e-01
-2.333046e+00,4.522307e+00,5.957604e+00,-2.600979e+00,1.053620e-01,-3.415350e-01
1.046508e+00,9.626964e+00,5.830918e+00,-1.248478e+00,8.361076e-01,2.555687e-01
1.040371e+01,1.255547e+01,4.519138e+00,-1.285292e+00,1.822389e+00,7.099638e-01
6.408629e+00,8.256026e+00,3.177672e+00,-1.118708e+00,2.367019e+00,5.727972e-01
1.424932e+00,9.322138e+00,3.426935e+00,-1.118882e+00,6.860043e-01,8.303141e-02
-1.177899e+00,1.056809e+01,3.067965e+00,-1.103896e+00,-1.022815e+00,-4.003338e-01
-2.244716e+00,8.962621e+00,2.572177e+00,-1.185634e+00,-1.114774e+00,-4.104410e-01
-1.266375e+00,7.177978e+00,2.327810e+00,-1.094721e+00,-1.104936e+00,-4.974024e-01
6.231430e-01,7.585414e+00,3.253100e+00,-1.181845e+00,-9.284799e-01,-4.323111e-01
2.118804e+00,8.700901e+00,3.704957e+00,-1.368418e+00,-6.488318e-01,-3.011599e-01
7.674877e-01,7.572924e+00,5.740035e-01,-1.478332e+00,-5.056949e-01,-1.745843e-01
2.718633e+00,9.973391e+00,-2.623562e+00,-1.701690e+00,-5.049308e-01,2.228542e-02
3.266152e+00,9.220767e+00,-7.269203e-01,-2.023918e+00,-4.778919e-01,1.705054e-01
4.515429e+00,1.037443e+01,1.335517e+00,-2.723065e+00,-8.127354e-01,1.196880e-01
8.655788e+00,1.496313e+01,-2.781925e+00,-3.308490e+00,-1.282141e+00,1.434175e-01
6.643379e-01,1.852064e+01,1.542894e+00,-3.933701e+00,-1.551447e+00,3.880012e-01
-8.056381e+00,1.887990e+01,1.569642e+01,-4.428968e+00,-2.592963e+00,3.134527e-01
-8.163121e+00,2.628154e+01,1.753769e+01,-4.833008e+00,-4.340799e+00,-2.960673e-01
-4.774256e+00,1.085377e+01,1.753207e+01,-4.702736e+00,-3.634229e+00,-2.263511e-02
1.102509e+01,4.907640e+00,9.588584e+00,-2.167960e+00,-1.084212e+00,4.463981e-01
7.135839e+00,9.938670e+00,8.807749e+00,-5.137715e-01,9.526554e-01,3.802055e-01
1.838520e+00,5.631366e+00,1.008312e+01,-2.236100e-01,1.177812e+00,-1.152834e-02
1.549977e+00,1.519207e+00,7.425767e+00,1.579660e+00,3.325578e-01,-9.457835e-01
2.745582e+00,-1.050071e-02,8.684437e+00,3.519035e+00,5.692375e-01,-1.236110e+00
3.810917e+00,8.822424e-01,8.795536e+00,4.292229e+00,1.065221e+00,-1.358620e+00
5.069441e+00,2.874593e+00,9.998907e+00,5.204331e+00,1.898158e+00,-1.619249e+00
5.762321e+00,3.559746e+00,1.266898e+01,5.871517e+00,2.100076e+00,-1.451168e+00
5.430600e+00,4.087061e+00,1.232530e+01,7.100043e+00,1.855249e+00,-1.373129e+00
3.291266e+00,1.155890e+01,1.335232e+01,7.971671e+00,1.515233e+00,-1.283240e+00
-1.354142e+01,9.744917e-01,5.546461e+00,8.338965e+00,1.149656e+00,-7.042236e-01
-2.041367e+01,-1.032971e+01,9.147017e+00,7.653073e+00,3.903952e-01,1.302935e-02
7.481886e+00,-1.291053e+01,3.775347e+00,5.027692e+00,2.740571e+00,-4.186351e-02
1.767138e+01,2.939771e+01,3.194075e-01,2.128689e+00,5.521593e+00,7.399487e-01
2.350296e+01,2.818016e+01,5.640262e+00,-2.777399e+00,5.078082e+00,1.594812e+00
-1.553656e+00,-6.889270e+00,1.502475e+01,-2.840841e+00,3.356585e+00,1.399398e+00
-1.039754e+01,5.524532e+00,1.908162e+01,-3.188632e+00,-2.389615e+00,-2.494826e+00
-9.468645e+00,2.209433e+01,1.606218e+01,-3.500774e+00,-2.641329e+00,-1.400966e+00
-3.899596e+00,7.848893e+00,8.339573e+00,-3.376035e+00,-1.189768e+00,-1.094453e-01
1.961572e+00,5.540213e+00,5.356692e+00,-1.890590e+00,7.325372e-01,2.215973e-01
1.275291e+01,1.133680e+01,3.521067e+00,-8.696739e-01,2.944006e+00,8.791582e-01
7.413298e+00,1.042164e+01,3.182819e+00,-9.466933e-01,3.101321e+00,9.174738e-01
1.573106e+00,8.887103e+00,2.705036e+00,-9.268526e-01,8.875525e-01,1.405554e-01
-4.977527e-01,9.436812e+00,2.274082e+00,-9.160344e-01,-8.164375e-01,-3.045669e-01
-2.689218e+00,8.249582e+00,5.996909e-01,-1.049510e+00,-1.396989e+00,-4.189448e-01
-2.811525e+00,7.559831e+00,1.685704e+00,-1.137274e+00,-1.331429e+00,-3.756330e-01
-5.033522e-01,7.945130e+00,4.251460e+00,-1.308836e+00,-1.039153e+00,-2.758771e-01
1.225545e+00,9.397600e+00,5.112738e+00,-1.452665e+00,-7.340949e-01,-1.304021e-01
3.530178e+00,1.019142e+01,2.561065e+00,-1.529288e+00,-2.017236e-01,5.369526e-02
3.077229e+00,8.622636e+00,-9.475597e-01,-1.553525e+00,-1.099177e-01,1.697439e-01
3.550111e+00,1.047067e+01,-3.975597e+00,-1.740575e+00,-3.518356e-01,2.919227e-01
3.302475e+00,1.014347e+01,-8.714763e-01,-2.203605e+00,-6.591312e-01,3.294673e-01
8.793063e+00,1.543468e+01,-4.297717e+00,-2.965406e+00,-1.208397e+00,2.480214e-01
4.913292e+00,2.054188e+01,-5.304833e+00,-3.625861e+00,-1.467989e+00,4.773009e-01
-1.050476e+01,1.840223e+01,1.281347e+01,-4.335295e+00,-2.202817e+00,8.139626e-01
-1.240876e+01,2.898317e+01,1.614364e+01,-4.632868e+00,-4.016463e+00,5.039160e-01
-7.483567e+00,8.093648e+00,1.912780e+01,-4.669004e+00,-3.333881e+00,6.494368e-01
6.234309e+00,6.201127e+00,1.248690e+01,-3.052950e+00,-1.025068e+00,1.087634e+00
6.561681e+00,8.914335e+00,1.079009e+01,-4.858486e-01,2.358692e+00,1.100273e+00
4.618435e+00,5.048656e+00,1.110368e+01,-8.537565e-02,2.312641e+00,8.499166e-01
2.797145e+00,2.413884e+00,8.834817e+00,2.524004e+00,1.226480e+00,-6.194294e-02
2.100381e+00,1.063609e+00,1.031152e+01,4.069358e+00,6.337286e-01,-5.186832e-01
2.179722e+00,1.913093e+00,1.130735e+01,5.665493e+00,6.283522e-01,-1.109955e+00
9.620244e-01,3.809074e+00,1.305231e+01,6.231585e+00,8.817163e-01,-1.314028e+00
-1.738245e-01,5.200679e+00,1.494352e+01,7.139327e+00,1.115810e+00,-1.324025e+00
1.134023e+00,9.372923e+00,1.319825e+01,8.091211e+00,1.356264e+00,-1.269724e+00
-1.824104e+00,4.519866e+00,6.859523e+00,8.613917e+00,2.292319e+00,-6.351168e-01
-4.855425e+00,-1.161149e+01,7.961754e+00,7.685444e+00,2.849279e+00,-3.965736e-01
2.973430e+00,-1.673901e+01,-1.401326e+00,6.252668e+00,3.173935e+00,-4.269652e-01
1.036531e+00,-6.536310e+00,6.916966e+00,3.271698e+00,4.109822e+00,1.888258e-02
3.716776e+01,3.812866e+01,3.950544e+00,-3.266705e+00,2.775986e+00,-7.586417e-02
2.557719e-01,-1.704904e+00,1.671795e+01,-3.450719e+00,3.094297e+00,1.233105e+00
-4.742025e+00,-9.957757e+00,1.754270e+01,-3.554437e+00,-6.891603e-01,-1.682690e+00
-8.121325e+00,1.845948e+01,1.807405e+01,-3.627546e+00,-1.265005e+00,-2.381445e+00
-7.968663e+00,1.797363e+01,1.130771e+01,-3.340711e+00,-8.601911e-01,-9.959322e-02
-7.250232e+00,3.409737e+00,7.296363e+00,-2.069627e+00,-4.161631e-01,-2.685526e-01
9.943611e+00,1.112972e+01,5.287778e+00,-9.391441e-01,1.603119e+00,8.132016e-01
1.205105e+01,1.405128e+01,4.208722e+00,-9.616602e-01,3.432610e+00,1.158776e+00
2.957254e+00,9.036839e+00,2.916021e+00,-8.860708e-01,1.708459e+00,4.331496e-01
-4.861954e-01,1.026129e+01,3.134970e+00,-7.754354e-01,-1.141615e-01,5.695571e-02
6.620233e-01,9.690651e+00,1.855837e+00,-8.588236e-01,-5.075804e-01,-1.145097e-01
6.374142e-01,7.421857e+00,4.694745e-01,-9.013176e-01,-2.579301e-01,-8.483039e-02
-2.033408e+00,6.978058e+00,1.603504e+00,-1.061284e+00,-4.753051e-01,-1.784313e-01
-1.997957e+00,7.213543e+00,2.819010e+00,-1.280182e+00,-7.516392e-01,-2.237009e-01
2.950111e+00,8.089514e+00,1.310781e+00,-1.529874e+00,-5.546231e-01,-1.203759e-01
3.500104e+00,7.959411e+00,-2.647558e+00,-1.651114e+00,-3.110163e-01,-2.161926e-02
3.633033e+00,8.673085e+00,-1.898175e+00,-2.178916e+00,-6.072792e-01,3.777778e-02
3.765345e+00,9.470338e+00,-2.125725e-01,-2.716100e+00,-1.007299e+00,-8.629050e-03
1.267963e+01,1.439928e+01,-5.719573e+00,-3.492677e+00,-1.313592e+00,1.058524e-01
1.175347e+01,2.123706e+01,-6.429655e+00,-3.937903e+00,-1.443820e+00,3.833005e-01
-1.407511e+01,2.331704e+01,1.739471e+01,-4.783564e+00,-3.868659e+00,6.188837e-01
-1.803476e+01,2.634539e+01,1.862723e+01,-4.854413e+00,-5.667996e+00,2.884589e-01
-5.342942e+00,6.887011e+00,2.118170e+01,-3.342465e+00,-2.455602e+00,9.116927e-01
5.797381e+00,7.641340e+00,1.220038e+01,-1.345173e+00,3.430449e-01,1.522019e+00
5.765212e+00,8.591702e+00,1.168683e+01,-1.909854e-01,2.697193e+00,1.347541e+00
4.981630e+00,6.983220e+00,1.158314e+01,9.531293e-01,2.372204e+00,9.896748e-01
2.343896e+00,5.843821e-01,1.046805e+01,3.608168e+00,1.355106e+00,2.639102e-01
1.833252e+00,1.123889e+00,1.187348e+01,5.051834e+00,9.575205e-01,-1.114519e-01
1.449321e+00,6.772903e-01,1.437714e+01,6.064498e+00,1.147035e+00,-5.630662e-01
1.052241e+00,2.654367e-01,1.427743e+01,7.126122e+00,1.381999e+00,-6.442545e-01
1.671039e+00,8.716837e-01,1.360556e+01,8.264715e+00,1.765301e+00,-7.693582e-01
2.304229e+00,2.723402e+00,1.078565e+01,8.577043e+00,2.286251e+00,-7.700081e-01
-2.720481e+00,1.286317e-01,8.085766e+00,7.786079e+00,2.731665e+00,-4.137891e-01
-9.447800e+00,-7.195865e+00,5.579234e+00,5.571096e+00,2.442720e+00,-2.414090e-01
5.021635e+00,5.673034e+00,-1.766831e+00,2.117755e+00,2.736481e+00,-9.114619e-02
1.911531e+01,1.096158e+01,-2.267876e+00,-3.802002e-01,3.755847e+00,4.429029e-01
4.725191e+00,1.691567e+01,1.551427e+01,-2.467494e+00,4.259030e+00,1.250258e+00
1.294324e+00,-8.850714e+00,2.278660e+01,-5.746658e+00,2.485379e+00,8.331812e-01
1.071482e+00,1.007111e+01,1.538914e+01,-2.865305e+00,8.442162e-01,-1.201881e+00
-6.326112e+00,2.249536e+01,1.462784e+01,-2.530587e+00,-2.600088e-01,2.431997e-01
1.137027e+00,1.013017e+01,6.769179e+00,-1.435917e+00,4.164310e-02,-6.204713e-01
7.209994e+00,8.951690e+00,4.526951e+00,-6.175513e-01,1.224832e+00,5.609074e-01
8.858889e+00,1.246072e+01,2.886605e+00,-2.466112e-01,1.892295e+00,4.356466e-01
5.181425e+00,8.871557e+00,1.889773e+00,-2.634691e-01,8.292186e-01,2.692353e-01
-1.138102e+00,6.440225e+00,2.953864e-01,-1.707022e-01,-1.076794e+00,-2.917532e-01
-1.707777e+00,6.195077e+00,-5.360342e-01,-3.381841e-01,-1.474357e+00,-4.178020e-01
-1.515116e+00,5.012629e+00,-1.558960e+00,-6.507102e-01,-1.179334e+00,-3.399975e-01
-8.805639e-01,4.062259e+00,-8.896203e-01,-1.062024e+00,-8.691056e-01,-2.261771e-01
-3.294457e+00,3.637699e+00,3.025967e+00,-1.723444e+00,-6.613686e-01,-2.119381e-01
-3.987801e+00,2.680000e+00,4.529283e+00,-2.172125e+00,-6.838313e-01,-1.834301e-01
-2.618203e+00,4.570853e+00,5.284651e+00,-2.444556e+00,-3.067140e-01,9.182496e-02
5.273870e-01,7.178917e+00,8.870705e+00,-2.574337e+00,5.804388e-01,5.511487e-01
5.015501e+00,8.328488e+00,9.598142e+00,-2.463963e+00,1.697821e+00,9.424152e-01
6.176221e+00,5.876960e+00,1.213095e+01,-2.417685e+00,1.993452e+00,9.253616e-01
4.914450e+00,7.354889e+00,1.513297e+01,-2.135379e+00,1.355455e+00,5.546963e-01
3.442955e+00,1.275142e+01,1.615703e+01,-1.760715e+00,5.434647e-01,1.510444e-01
4.032209e+00,1.814129e+01,1.493315e+01,-1.067800e+00,-1.831145e-01,1.576590e-01
6.523032e+00,1.900303e+01,8.063447e+00,-3.526805e-01,-8.126388e-02,2.216629e-01
5.512296e+00,1.778384e+01,-2.944456e-01,4.074707e-01,-9.228995e-02,5.254136e-01
1.409162e+00,1.120047e+01,-1.319012e+00,7.100406e-01,-1.061741e+00,4.998253e-01
-4.644237e+00,8.284709e+00,-2.781767e+00,4.921935e-01,-3.030736e+00,-3.792459e-01
-7.432757e+00,1.061070e+01,-1.512436e+00,-1.016357e-01,-3.339258e+00,-5.497554e-01
-6.723830e+00,7.189842e+00,5.684242e+00,-1.022065e+00,-2.199622e+00,1.460160e-01
-1.556078e+00,1.313740e+01,6.549596e+00,-1.503879e+00,-5.936304e-01,1.695101e-01
6.024518e+00,1.828558e+01,7.064509e+00,-2.383937e+00,1.147857e+00,5.860424e-01
6.241504e+00,1.371748e+01,7.273299e+00,-2.180108e+00,1.511177e+00,6.435724e-01
3.968159e+00,6.708319e+00,7.745565e+00,-5.697074e-01,5.577837e-01,9.842762e-02
2.477292e+00,9.728598e+00,9.167927e+00,-8.569407e-02,-3.716116e-01,-4.253563e-01
-2.594450e+00,8.638508e+00,9.556638e+00,5.417293e-01,-8.863102e-01,-5.896233e-01
-4.274873e+00,4.165122e+00,7.807531e+00,1.562332e+00,-9.959535e-01,-7.196546e-01
-4.695296e+00,3.741077e+00,8.668361e+00,2.636958e+00,-1.124574e-01,-4.678951e-01
-3.717008e+00,4.583881e+00,9.488908e+00,3.131477e+00,1.200336e+00,-1.735896e-01
1.655732e+00,3.851575e+00,9.769451e+00,3.931440e+00,2.939799e+00,3.447337e-01
4.078072e+00,4.065612e+00,9.618061e+00,4.551369e+00,3.651621e+00,6.367975e-01
6.172973e+00,4.279186e+00,7.889890e+00,5.199048e+00,3.377778e+00,1.120095e+00
5.873123e+00,5.182817e+00,7.412805e+00,5.628819e+00,2.683123e+00,1.017019e+00
1.350061e+00,3.601350e+00,5.270363e+00,5.688001e+00,1.507847e+00,5.771607e-01
-2.203027e+00,1.636476e-01,4.717159e+00,5.429155e+00,8.178871e-01,5.203742e-02
-1.971403e+00,-1.632791e+00,4.831769e+00,4.187087e+00,3.578240e-01,-5.393036e-01
2.014537e+00,-5.781257e+00,3.357889e+00,2.680475e+00,6.439315e-01,-3.725469e-01
7.456357e-01,-1.258382e+00,1.285005e+00,6.742276e-01,9.426966e-01,-2.405701e-01
1.698988e+01,3.270501e+01,5.791367e+00,-1.868264e+00,3.280619e-01,-4.372597e-01
-9.494660e+00,-1.008686e+01,2.250021e+01,-5.921155e+00,9.074147e-01,5.423665e-01
-8.009411e+00,-1.772772e+01,1.627366e+01,-4.691799e+00,-9.809597e-01,-1.021257e+00
-2.283625e+00,1.300063e+01,1.906265e+01,-3.346509e+00,-3.653542e-01,-4.734645e-01
-1.043865e+00,1.903422e+01,1.543367e+01,-2.918376e+00,9.127650e-01,1.185924e+00
7.043738e+00,7.283086e+00,8.694895e+00,-1.358582e+00,1.855106e+00,3.139139e-01
6.807601e+00,1.076755e+01,8.620097e+00,-5.838373e-01,2.044281e+00,9.112135e-01
2.586216e+00,1.320463e+01,6.409289e+00,-4.733278e-01,1.049793e+00,4.077888e-01
3.044915e-01,1.269389e+01,4.961761e+00,-2.257648e-01,-7.856821e-02,1.982892e-01
-3.910542e-01,8.797240e+00,1.812217e+00,7.842939e-02,-7.407425e-01,-4.825047e-02
6.241553e-01,8.248270e+00,-2.424457e-01,2.137966e-01,-6.558012e-01,-1.885240e-01
-4.934734e-01,6.654960e+00,5.680833e-01,6.601207e-02,-5.990111e-01,-1.995898e-01
-2.877628e+00,5.299544e+00,1.556498e+00,-2.081638e-01,-9.665355e-01,-3.388740e-01
-9.308897e-01,5.125168e+00,5.394379e-01,-5.805877e-01,-1.571660e+00,-4.976802e-01
4.924206e-01,5.894360e+00,1.138955e-02,-8.905135e-01,-1.345365e+00,-3.781007e-01
1.581837e+00,7.907079e+00,-3.751574e+00,-1.269534e+00,-9.818401e-01,-2.280102e-01
3.136384e+00,8.362901e+00,-3.642431e+00,-1.766772e+00,-9.095467e-01,-3.393110e-02
5.128861e+00,1.164902e+01,-1.729874e+00,-2.506617e+00,-8.818619e-01,6.703446e-02
5.563259e+00,1.305635e+01,-1.569059e+00,-3.074552e+00,-9.428855e-01,1.960630e-01
3.401120e+00,2.055686e+01,6.828908e+00,-3.667950e+00,-1.492717e+00,3.371870e-01
-2.837868e+00,2.424082e+01,1.339280e+01,-4.382149e+00,-2.521164e+00,5.294431e-01
-8.709622e+00,2.140525e+01,1.933519e+01,-4.359612e+00,-2.915170e+00,-1.285518e-01
-1.209080e+00,3.232934e+00,1.659845e+01,-3.065189e+00,-2.014535e+00,-8.681250e-02
5.491328e+00,9.280925e+00,1.031145e+01,-1.217081e+00,4.113383e-01,3.275177e-01
6.005167e+00,9.695915e+00,9.724277e+00,-1.350768e+00,1.720585e+00,3.269593e-01
3.426435e+00,5.498084e+00,5.859715e+00,6.360547e-01,1.485145e+00,5.692223e-02
2.914767e+00,3.246439e+00,6.709293e+00,1.936718e+00,1.035482e+00,-4.884457e-01
2.250871e+00,3.236873e+00,7.690000e+00,3.168490e+00,8.343281e-01,-1.106877e+00
1.366998e+00,5.087349e+00,8.280078e+00,3.810512e+00,7.527088e-01,-1.270540e+00
6.074903e-02,2.933710e+00,1.065048e+01,4.621672e+00,6.375634e-01,-1.138631e+00
-1.084627e+00,5.062502e-01,1.103067e+01,5.558833e+00,6.641185e-01,-9.988559e-01
-9.070390e-01,-1.723065e+00,1.156901e+01,6.378722e+00,1.120777e+00,-1.009140e+00
4.318484e-01,-6.219608e-01,1.036423e+01,6.507372e+00,1.710278e+00,-5.447365e-01
1.664715e+00,-5.032975e+00,1.039867e+01,5.222608e+00,1.871692e+00,5.035081e-01
1.942978e+00,-1.121825e+01,1.202061e+01,3.415095e+00,1.572157e+00,5.886516e-01
9.600000e-01,6.424714e-01,8.468995e+00,7.988725e-01,8.545796e-01,1.356093e-01
1.047546e+01,2.560940e+01,4.736882e+00,-2.092899e+00,2.938761e-01,-2.719450e-01
-4.369798e+00,1.605921e+00,1.156713e+01,-3.811503e+00,8.848362e-01,1.101282e+00
1.523483e+00,-3.131971e+00,1.309056e+01,-2.667294e+00,-1.902545e-01,8.280393e-01
8.365752e+00,1.287608e+01,1.099854e+01,-1.657849e+00,1.578614e+00,-1.316271e-01
4.688502e+00,1.392057e+01,1.018378e+01,-1.769504e+00,2.340325e+00,1.001983e+00
-2.648185e-01,8.830691e+00,6.083899e+00,-7.999281e-01,5.713297e-01,1.124834e-01
-4.127349e-01,9.371172e+00,5.946969e+00,-4.578478e-01,-6.528749e-02,2.426489e-02
1.507727e+00,1.225288e+01,4.744363e+00,-2.515652e-01,1.008944e-01,-5.571036e-02
9.020891e-01,1.084381e+01,3.582089e+00,-2.307617e-01,1.812148e-01,6.402022e-02
4.729669e-01,9.053626e+00,3.155934e+00,-1.763757e-01,-1.787680e-01,2.484997e-02
8.577236e-01,8.140928e+00,2.423205e+00,-2.513351e-01,-3.730578e-01,-5.794543e-02
-6.054846e-01,7.281249e+00,1.880497e+00,-3.742748e-01,-6.030691e-01,-1.267418e-01
-2.595922e+00,7.132520e+00,2.446516e+00,-5.010272e-01,-9.539169e-01,-2.853048e-01
-2.952785e+00,7.249938e+00,4.692433e+00,-7.814033e-01,-1.311140e+00,-3.052046e-01
7.773733e-01,7.551829e+00,4.613620e+00,-9.053138e-01,-9.819341e-01,-2.176026e-01
2.237677e+00,7.523634e+00,8.956941e-01,-9.032437e-01,-4.743378e-01,-8.643523e-02
1.546096e+00,6.997977e+00,-3.392546e-01,-9.684774e-01,-4.741930e-01,-2.537149e-02
4.930614e+00,1.090444e+01,-4.133761e+00,-1.285846e+00,-7.683934e-01,1.107216e-01
5.486393e+00,1.049816e+01,-4.447409e+00,-1.732106e+00,-8.747858e-01,1.583937e-01
4.655735e+00,1.167816e+01,-1.158492e+00,-2.553380e+00,-1.420642e+00,5.364483e-02
2.919172e+00,1.499442e+01,-1.905957e+00,-3.242474e+00,-2.004345e+00,1.419607e-01
-4.553741e+00,2.214489e+01,9.397646e+00,-3.830675e+00,-2.636049e+00,2.160756e-01
-1.177364e+01,2.662569e+01,1.800397e+01,-4.523610e+00,-3.968070e+00,4.461567e-01
-6.892549e+00,8.504970e+00,2.174286e+01,-4.380479e+00,-2.920623e+00,1.179502e-01
-5.148695e-01,3.045382e+00,1.866101e+01,-2.720841e+00,-3.664590e-01,7.692846e-01
8.490594e+00,1.024905e+01,1.198378e+01,-1.582585e+00,2.637157e+00,1.194058e+00
9.322606e+00,7.262813e+00,8.867746e+00,-1.284842e+00,3.577824e+00,1.111167e+00
4.786601e+00,2.972929e+00,8.111513e+00,8.004279e-01,2.409246e+00,4.574822e-01
2.870256e+00,2.092830e+00,8.060000e+00,2.008621e+00,1.192607e+00,-2.681011e-01
2.577972e+00,3.130140e+00,7.573706e+00,2.957326e+00,5.156386e-01,-9.267461e-01
2.416181e+00,3.325875e+00,7.323819e+00,3.485555e+00,5.064938e-01,-1.098652e+00
-4.008210e-01,4.905743e-01,9.638413e+00,4.474749e+00,5.225764e-01,-1.207739e+00
-5.718812e-01,-1.169965e+00,1.058265e+01,5.332836e+00,5.809947e-01,-1.260338e+00
1.618343e+00,-1.200951e+00,1.209228e+01,6.017086e+00,1.196214e+00,-1.177261e+00
2.427992e+00,-4.199554e-02,1.159400e+01,6.452680e+00,1.858762e+00,-7.600615e-01
9.028885e-01,7.362629e-01,1.127542e+01,6.510250e+00,1.489988e+00,-4.334657e-02
1.838195e+00,-1.226172e+00,1.003045e+01,5.873077e+00,8.157668e-01,2.039894e-01
3.303083e-01,-1.069244e+01,1.052403e+01,3.530841e+00,5.271979e-01,3.244106e-01
-1.230536e+00,-6.704791e+00,1.044009e+01,1.088035e+00,2.173587e-01,8.557435e-03
5.154271e+00,3.679607e+01,4.709972e+00,-2.259631e+00,1.751314e-01,-9.923929e-02
-4.624960e+00,6.889566e+00,5.974720e+00,-3.328516e+00,7.927734e-01,1.074136e+00
5.756612e+00,-1.028841e+01,8.913885e+00,-2.105823e+00,1.453771e-01,3.798777e-01
7.694618e+00,5.323585e+00,1.078160e+01,-1.851618e+00,1.421251e+00,-2.659190e-01
-6.491972e-01,2.096085e+01,1.283339e+01,-2.075661e+00,1.177110e+00,5.805513e-01
-5.006936e+00,8.228659e+00,6.387962e+00,-1.518561e+00,-5.371436e-01,-1.678022e-01
3.721083e-01,9.270156e+00,5.936002e+00,-5.272743e-01,-6.497717e-01,-7.840996e-02
6.101866e+00,1.349472e+01,5.112830e+00,-3.629027e-01,3.197477e-01,1.667936e-01
3.032242e+00,1.005093e+01,2.923397e+00,-4.902445e-01,9.754654e-01,3.833205e-01
-4.873210e-01,9.068830e+00,2.893849e+00,-2.939046e-01,4.492161e-02,1.962629e-01
-3.413621e+00,8.668189e+00,3.160000e+00,-3.429075e-01,-1.195992e+00,-1.800037e-01
-3.624152e+00,8.228683e+00,2.616228e+00,-4.214711e-01,-1.345106e+00,-3.142039e-01
-3.753001e+00,7.247080e+00,1.880000e+00,-5.305807e-01,-1.002122e+00,-1.940332e-01
-2.970161e+00,6.717750e+00,2.126749e+00,-6.306514e-01,-5.602681e-01,-6.173370e-02
2.610622e+00,7.431040e+00,3.783253e+00,-8.269570e-01,4.770357e-02,8.325631e-02
6.109145e+00,8.049496e+00,4.330154e+00,-9.468921e-01,3.102861e-01,6.364687e-02
3.974486e+00,8.745872e+00,2.134656e+00,-1.045312e+00,3.131046e-02,-5.013850e-02
-1.650446e+00,6.782204e+00,-8.527968e-01,-1.190820e+00,-7.240808e-01,-1.903664e-01
2.222070e+00,1.145407e+01,-2.231967e+00,-1.488252e+00,-1.248468e+00,-3.658899e-02
4.570735e+00,1.301223e+01,-1.180925e+00,-2.045600e+00,-8.960728e-01,2.228551e-01
2.577440e+00,1.418920e+01,6.176803e-01,-2.758845e+00,-1.223241e+00,1.257181e-01
3.077846e+00,1.525355e+01,-1.453428e+00,-3.280809e+00,-1.881773e+00,1.269621e-01
-2.997302e+00,1.573661e+01,4.598972e+00,-3.663280e+00,-2.039665e+00,3.747888e-01
-4.242130e+00,2.292094e+01,1.460623e+01,-4.176623e+00,-2.686583e+00,4.037800e-01
-8.487533e+00,1.749359e+01,2.055677e+01,-4.577834e+00,-3.095204e+00,2.483301e-01
-3.366079e+00,5.500337e+00,1.916633e+01,-3.802442e+00,-1.993458e+00,2.082658e-01
5.630743e+00,1.182837e+01,1.030648e+01,-1.636962e+00,3.201278e-01,8.335985e-01
3.858643e+00,8.973655e+00,1.085250e+01,-1.696331e+00,1.548419e+00,7.949869e-01
3.817008e+00,4.352029e+00,7.450750e+00,2.559839e-01,1.473637e+00,5.101397e-01
3.734659e+00,2.554659e+00,7.756705e+00,1.896844e+00,1.509923e+00,-8.188325e-02
2.733783e+00,3.861086e+00,7.655655e+00,3.270570e+00,1.640063e+00,-7.381230e-01
2.231334e+00,3.338926e+00,7.957397e+00,4.000193e+00,1.551889e+00,-9.045443e-01
2.259331e+00,1.561004e+00,9.356716e+00,5.131351e+00,1.382104e+00,-8.380841e-01
2.640177e+00,9.302932e-01,1.154833e+01,5.897812e+00,1.429355e+00,-7.918566e-01
3.283004e+00,-1.075894e+00,1.338040e+01,6.857712e+00,1.397714e+00,-7.161196e-01
1.462707e+00,-2.103743e+00,1.298661e+01,7.400239e+00,1.192671e+00,-5.580996e-01
-6.400114e+00,-8.309902e-01,1.186813e+01,7.339330e+00,5.351119e-01,-1.627522e-01
-6.511347e+00,-5.088388e+00,1.170330e+01,6.162635e+00,-4.159278e-02,-3.304533e-02
-1.797457e+00,-1.241299e+01,1.053268e+01,2.792494e+00,1.054405e+00,8.691463e-02
1.679934e+01,2.868216e+01,4.877262e+00,-3.697808e-01,2.075164e+00,1.496086e-01
6.216174e+00,1.149079e+01,1.053209e+01,-4.325611e+00,3.291741e+00,1.414433e+00
4.998434e+00,-1.342052e+01,1.381397e+01,-3.197022e+00,1.989169e+00,2.366939e+00
7.923655e+00,1.687633e+01,1.041172e+01,-2.118401e+00,5.042984e-01,-1.464499e+00
-5.700103e+00,1.820676e+01,1.281364e+01,-2.645816e+00,7.870943e-02,2.557971e-01
-4.953305e+00,9.594537e+00,6.572524e+00,-1.563242e+00,-1.775534e+00,-7.601785e-01
-4.130258e+00,6.871738e+00,6.337961e+00,-1.010590e+00,-9.399106e-01,-5.711231e-01
1.662620e+00,1.373672e+01,4.233693e+00,-2.887567e-01,1.264411e-01,-5.683650e-02
1.402118e+00,1.060979e+01,2.855569e+00,-3.457917e-01,6.055134e-01,1.481530e-01
3.439895e-01,9.714296e+00,1.962212e+00,-4.795890e-02,1.406457e-01,1.133791e-01
-4.672625e-01,9.246920e+00,9.600188e-01,-1.298331e-01,-2.391056e-01,-6.225959e-02
-1.524622e+00,7.462834e+00,-6.226501e-02,-2.873162e-01,-4.679033e-01,-1.780710e-01
-2.422847e+00,6.966503e+00,1.469350e+00,-5.218879e-01,-5.411247e-01,-1.700341e-01
-2.827313e-01,7.505008e+00,3.070410e+00,-8.734210e-01,-5.646007e-01,-1.817535e-01
3.114636e+00,7.336511e+00,2.361866e+00,-1.082346e+00,-3.903898e-01,-1.389060e-01
3.105722e+00,7.403584e+00,-4.496895e-01,-1.216381e+00,-2.245862e-01,-8.096415e-02
2.437307e+00,8.574986e+00,-3.150883e+00,-1.426079e+00,-4.271374e-01,-5.920797e-02
2.077414e+00,9.723075e+00,-1.685720e+00,-1.954990e+00,-9.181652e-01,1.245112e-02
2.058200e+00,1.023990e+01,-4.007918e-01,-2.438589e+00,-1.166567e+00,-1.211630e-01
7.700550e+00,1.205176e+01,-1.559510e+00,-3.173056e+00,-1.457838e+00,-1.334184e-02
7.232811e+00,1.520820e+01,-2.702599e+00,-3.559254e+00,-1.378138e+00,2.237143e-01
-3.171848e+00,2.302412e+01,1.145083e+01,-4.065419e+00,-2.205725e+00,2.100000e-01
-8.238378e+00,2.696978e+01,1.694766e+01,-4.661399e+00,-4.171689e+00,8.645076e-02
-7.963420e+00,1.105299e+01,1.971885e+01,-4.298258e+00,-3.277975e+00,1.286855e-01
-2.095894e-01,3.282909e+00,1.628992e+01,-2.779833e+00,-1.706285e+00,6.815510e-01
5.656684e+00,1.094934e+01,1.169066e+01,-1.458068e+00,1.407888e+00,1.058057e+00
5.293677e+00,7.321196e+00,9.939845e+00,-1.383457e+00,2.615387e+00,1.323342e+00
4.624584e+00,3.466856e+00,8.079067e+00,8.998755e-01,2.055171e+00,8.285122e-01
4.958985e+00,2.730914e+00,8.205482e+00,2.118008e+00,1.554231e+00,2.084383e-01
5.459190e+00,2.340871e+00,7.802086e+00,3.293510e+00,1.106176e+00,-4.803359e-01
4.626142e+00,2.290995e+00,7.344444e+00,4.047894e+00,6.355395e-01,-6.798178e-01
5.899217e-01,-3.346423e-01,9.521666e+00,5.042067e+00,-1.960221e-01,-9.740357e-01
-2.199202e+00,-1.655616e+00,1.244730e+01,5.707211e+00,-6.012589e-01,-1.359111e+00
-5.945723e-01,-2.929752e+00,1.441296e+01,6.523997e+00,1.197248e-02,-1.633825e+00
8.034568e-02,-3.329878e+00,1.383852e+01,6.976677e+00,1.096010e+00,-1.401085e+00
8.772602e-01,-1.803347e+00,1.226004e+01,6.819675e+00,1.960886e+00,-7.179700e-01
2.739635e+00,-8.835693e+00,1.124911e+01,5.537296e+00,1.979264e+00,-1.541926e-01
-1.469974e+00,-6.280232e+00,5.917548e+00,2.748707e+00,1.906019e+00,1.960462e-02
9.165006e+00,3.166768e+01,-1.019782e+01,1.691375e-01,1.383527e+00,-1.692814e-01
-6.870660e+00,-3.219631e-01,1.424621e+01,-3.352130e+00,2.389752e+00,1.586567e+00
9.904954e+00,-1.347534e+01,1.152016e+01,-2.872103e+00,1.217655e+00,8.131488e-01
1.324401e+01,1.410612e+01,6.658786e+00,-1.854846e+00,2.600211e+00,-6.392865e-01
-2.883847e+00,2.009300e+01,1.329811e+01,-2.427826e+00,1.215483e+00,8.837172e-01
-8.629993e+00,5.583523e+00,4.257868e+00,-1.197079e+00,-2.049817e+00,-9.989462e-01
-7.243642e+00,4.853302e+00,4.483224e+00,-8.334770e-01,-1.733372e+00,-5.064115e-01
4.871975e+00,1.612093e+01,2.839295e+00,-1.326776e-01,1.640137e-01,1.286308e-01
7.050712e+00,1.275711e+01,1.004716e+00,-4.583543e-01,1.642033e+00,5.757364e-01
4.251510e+00,7.426508e+00,-2.855601e-01,-1.078576e-01,1.097707e+00,4.646036e-01
-1.485088e-01,8.415889e+00,-3.576679e-01,-3.467028e-01,-4.346798e-02,-4.144032e-02
-5.509536e+00,6.427031e+00,7.084138e-01,-8.122878e-01,-1.121976e+00,-3.309397e-01
-5.757927e+00,6.085393e+00,2.061160e+00,-1.117234e+00,-1.560283e+00,-4.781468e-01
1.221726e+00,8.180613e+00,4.394024e+00,-1.457139e+00,-9.271197e-01,-3.190046e-01
4.309623e+00,7.773458e+00,3.721872e+00,-1.622945e+00,-2.030868e-01,-9.481761e-02
3.346430e+00,7.759887e+00,8.554851e-01,-1.606542e+00,-5.052268e-02,-6.540172e-02
2.410502e+00,8.808643e+00,-3.196480e-01,-1.776283e+00,-4.422303e-01,-3.593775e-02
4.277058e+00,1.036045e+01,-6.435611e-01,-2.251218e+00,-1.097785e+00,-2.248089e-02
3.702211e+00,1.165741e+01,3.132214e-01,-2.754091e+00,-1.439772e+00,-5.424743e-02
4.500547e+00,1.516714e+01,-2.759030e+00,-3.345585e+00,-1.981395e+00,6.339616e-02
1.390752e+00,1.709118e+01,1.622802e+00,-3.732088e+00,-2.208258e+00,2.136927e-01
-5.957281e+00,2.080038e+01,1.552322e+01,-4.327183e+00,-3.217077e+00,4.091344e-01
-9.385942e+00,2.552779e+01,1.973623e+01,-4.649357e+00,-4.019096e+00,9.805926e-02
-2.648372e+00,5.973413e+00,1.868182e+01,-4.340716e+00,-2.408088e+00,-3.385491e-02
2.468162e+00,3.188109e+00,1.475597e+01,-2.346847e+00,-3.000249e-01,4.397112e-01
5.445294e+00,1.017620e+01,1.110009e+01,-1.382326e+00,1.936960e+00,4.371029e-01
4.720573e+00,6.827735e+00,9.872692e+00,-8.084755e-01,2.219249e+00,3.319607e-01
3.341821e+00,2.228605e+00,8.023216e+00,1.342877e+00,1.612856e+00,-3.424293e-01
2.325076e+00,2.159732e+00,8.184224e+00,2.577441e+00,1.355340e+00,-6.651640e-01
2.254535e+00,3.317184e+00,8.179618e+00,3.569875e+00,1.237778e+00,-1.058711e+00
2.373880e+00,2.650030e+00,8.119075e+00,4.295393e+00,1.278566e+00,-1.075341e+00
2.859956e+00,8.762555e-01,9.814626e+00,5.517094e+00,1.327537e+00,-1.079380e+00
3.849217e+00,1.863065e+00,1.194881e+01,6.265862e+00,1.263411e+00,-1.082464e+00
3.100320e+00,4.383474e-01,1.086565e+01,6.952606e+00,1.227892e+00,-1.099106e+00
1.207672e+00,6.696522e-01,1.024915e+01,7.445024e+00,1.193276e+00,-1.064020e+00
-6.963703e+00,1.984724e-01,1.042122e+01,6.934743e+00,5.653873e-01,-7.433987e-01
-4.302505e+00,-8.345388e+00,8.302974e+00,5.310222e+00,2.176833e-01,-4.562685e-01
-3.984587e-02,-1.403091e+01,1.042607e+01,2.622133e+00,1.271219e+00,2.882767e-01
1.226471e+01,3.085726e+01,-1.013704e+01,-2.630943e-01,2.000337e+00,6.590686e-01
1.778907e+00,1.266159e+01,1.106161e+01,-4.233311e+00,2.839731e+00,1.215192e+00
-1.479561e+00,-1.196066e+01,1.260123e+01,-2.550365e+00,1.816247e+00,1.650769e+00
7.509626e+00,1.092076e+01,1.194516e+01,-2.179088e+00,3.990943e-01,-1.022076e+00
3.818462e+00,2.326811e+01,1.033267e+01,-2.862649e+00,9.543939e-01,-2.149406e-02
-6.640380e+00,7.704565e+00,9.651059e+00,-2.103115e+00,-4.957350e-01,1.511114e-01
-1.040176e+00,6.469727e+00,6.302722e+00,-1.111222e+00,-7.433900e-01,-5.366539e-01
2.765029e+00,1.156430e+01,6.342756e+00,-7.669173e-01,9.076517e-01,5.403959e-01
5.573663e+00,1.265747e+01,3.695775e+00,-5.662531e-01,1.217588e+00,3.442704e-01
3.179140e+00,9.758494e+00,2.586774e+00,-4.292895e-01,5.464422e-01,4.469250e-01
2.310990e+00,1.010833e+01,1.970087e+00,-3.588532e-01,-2.463946e-01,5.350281e-02
-1.163749e+00,8.798294e+00,6.591049e-01,-5.063588e-01,-7.304926e-01,-1.375960e-01
-3.608424e+00,6.563799e+00,1.076201e+00,-6.337517e-01,-1.179977e+00,-2.750393e-01
-3.259330e+00,7.193558e+00,3.181557e+00,-9.320467e-01,-1.421643e+00,-2.593125e-01
-4.582430e-01,8.035188e+00,3.559805e+00,-1.130873e+00,-1.210166e+00,-1.856384e-01
1.399727e+00,7.630823e+00,4.283634e-01,-1.259068e+00,-7.656799e-01,-3.868700e-02
1.133328e+00,7.039239e+00,-1.346009e+00,-1.305481e+00,-6.451007e-01,-8.618797e-04
3.039768e+00,1.040000e+01,-3.108831e+00,-1.728583e+00,-7.429706e-01,1.054762e-01
3.853288e+00,1.150123e+01,-2.093565e+00,-2.315928e+00,-9.375880e-01,8.703292e-02
4.027034e+00,1.349385e+01,2.209637e-01,-3.045694e+00,-1.411222e+00,-8.211962e-02
4.383143e+00,1.694749e+01,-3.096640e+00,-3.647914e+00,-1.812308e+00,2.198967e-02
-2.848832e+00,1.838505e+01,1.076455e+01,-4.185708e+00,-2.421311e+00,4.382937e-01
-7.385547e+00,2.307891e+01,1.648581e+01,-4.524678e+00,-3.623386e+00,5.305609e-01
-3.908646e+00,1.367119e+01,1.878731e+01,-4.545853e+00,-2.377752e+00,-2.090808e-02
3.195680e+00,1.257418e+00,1.465162e+01,-2.964524e+00,-5.388683e-01,5.076388e-01
5.955235e+00,1.041153e+01,1.015288e+01,-1.384364e+00,1.562260e+00,7.053076e-01
5.275399e+00,9.093729e+00,1.000602e+01,-1.489311e+00,2.244098e+00,5.291048e-01
4.301013e+00,3.915108e+00,7.516961e+00,6.146409e-01,1.683272e+00,1.429472e-02
3.801748e+00,2.640111e+00,7.921156e+00,2.076074e+00,1.402053e+00,-6.101747e-01
3.805302e+00,3.469126e+00,8.049116e+00,3.333861e+00,9.869638e-01,-9.440443e-01
3.121170e+00,2.247981e+00,8.551774e+00,4.088663e+00,6.733652e-01,-7.234717e-01
1.815763e+00,8.592823e-01,1.009614e+01,5.397861e+00,2.481584e-01,-5.995132e-01
2.001869e+00,8.234848e-01,1.151067e+01,6.227194e+00,-4.428615e-03,-6.454969e-01
9.248711e-01,-4.731101e-01,1.334466e+01,7.080318e+00,-4.517272e-03,-6.164878e-01
3.113066e-01,-2.583310e+00,1.225427e+01,7.569041e+00,1.720147e-01,-5.706474e-01
-3.674073e+00,-1.893321e+00,1.072910e+01,7.321940e+00,6.747950e-01,-5.910875e-01
-2.951918e+00,-1.459877e+01,1.095205e+01,5.468883e+00,9.368258e-01,-3.891898e-01
1.301233e+01,2.576918e+01,2.700296e+00,1.917157e+00,1.700815e+00,-8.005794e-02
1.636762e+01,3.941000e+01,9.944065e+00,-3.325542e+00,1.459745e+00,4.172995e-02
-7.007752e+00,-1.599595e+01,1.565537e+01,-4.988476e+00,2.058221e+00,2.451099e+00
6.060284e+00,8.405931e+00,1.558998e+01,-8.251763e-01,-2.681697e-02,-9.625749e-01
-3.429595e+00,2.625786e+01,1.562688e+01,-1.784979e+00,1.539306e-01,-6.319280e-01
8.953272e-01,4.636420e+00,7.477293e+00,-2.516191e+00,1.362656e+00,1.190262e+00
5.989633e+00,9.598342e+00,6.414028e+00,-3.574904e-01,1.664658e+00,9.565729e-02
3.827910e+00,1.150379e+01,5.100172e+00,-6.095808e-01,1.540291e+00,5.587536e-01
3.840016e-01,1.321501e+01,2.557003e+00,-2.923163e-01,2.750992e-01,6.309560e-02
7.614880e-01,1.089006e+01,1.684755e+00,-2.801948e-01,-3.480486e-01,9.014348e-03
3.660260e-01,7.902619e+00,9.262477e-01,-2.629384e-01,-5.542584e-01,-2.216463e-01
-1.209627e+00,6.572287e+00,9.889401e-01,-4.116132e-01,-7.304802e-01,-2.657156e-01
-3.865896e+00,5.888590e+00,2.205006e+00,-6.111182e-01,-1.063397e+00,-3.509582e-01
-3.356583e+00,5.785907e+00,2.812868e+00,-8.304926e-01,-1.144026e+00,-3.031741e-01
2.722892e+00,6.075752e+00,3.295713e+00,-1.075515e+00,-7.394797e-01,-1.085150e-01
4.072737e+00,7.478134e+00,4.250308e+00,-1.225182e+00,-4.300764e-01,-8.484266e-02
1.883449e-01,8.385357e+00,3.954617e+00,-1.390750e+00,-8.387740e-01,-2.456082e-01
-1.620740e+00,8.510096e+00,2.591534e-01,-1.485320e+00,-1.414535e+00,-3.196152e-01
2.819127e+00,9.453029e+00,-8.115816e+00,-1.633235e+00,-1.297771e+00,-6.064533e-02
7.639310e+00,8.659511e+00,-8.382909e+00,-1.994368e+00,-8.347443e-01,2.214493e-01
8.378747e+00,1.328179e+01,-6.382141e-01,-3.079895e+00,-8.386312e-01,2.731657e-01
-8.954494e-02,2.481770e+01,8.630613e+00,-4.046162e+00,-1.985864e+00,-1.893403e-03
-1.228159e+01,2.854581e+01,1.871974e+01,-5.138757e+00,-4.504803e+00,2.202233e-01
-1.417472e+01,2.525225e+01,2.209910e+01,-5.300203e+00,-4.548017e+00,2.155103e-01
3.366806e+00,-1.034399e-01,2.063337e+01,-3.485686e+00,-1.536723e+00,9.546250e-01
1.173053e+01,4.395980e+00,1.477717e+01,-1.219921e+00,1.806074e+00,1.562513e+00
1.164510e+01,9.111641e+00,9.489769e+00,-1.013569e+00,3.734712e+00,1.115122e+00
7.037192e+00,6.092325e+00,6.543109e+00,-7.656056e-02,2.931766e+00,8.633156e-01
1.993032e+00,2.097918e-01,7.639708e+00,2.268348e+00,8.369895e-01,-4.784977e-01
2.233056e+00,-6.208327e-01,7.396955e+00,3.538198e+00,1.359275e-01,-1.210413e+00
2.512628e+00,2.816848e+00,8.695276e+00,4.468329e+00,3.780796e-01,-1.711232e+00
2.282371e+00,2.592990e+00,8.944124e+00,5.090157e+00,4.771419e-01,-1.688827e+00
4.835524e-01,7.322806e-01,1.279101e+01,6.258868e+00,2.985775e-01,-1.614491e+00
7.270095e-01,8.601532e-01,1.235671e+01,6.989549e+00,3.065088e-01,-1.647344e+00
-1.316135e+00,1.642061e+00,1.206642e+01,7.537012e+00,7.629519e-01,-1.424818e+00
-5.477666e+00,4.345300e+00,1.029000e+01,7.489419e+00,1.124105e+00,-9.819280e-01
-1.408316e+00,-1.206486e+01,8.463721e+00,5.745121e+00,1.257041e+00,-1.662189e-01
2.474224e+00,-1.362557e+01,1.065886e+01,3.688464e+00,2.286158e+00,1.760115e-01
1.577940e+01,3.584239e+01,-6.675392e+00,-8.762746e-02,2.910661e+00,1.854330e-01
4.236309e+00,2.905704e+01,1.342304e+01,-3.307772e+00,2.374815e+00,2.221207e-01
6.842149e+00,-1.061494e+01,9.723627e+00,-2.348148e+00,5.812220e-01,5.404750e-01
6.546249e+00,7.601906e+00,1.119602e+01,-1.752295e+00,2.474649e-01,-1.676074e+00
-2.743794e+00,1.755123e+01,8.132087e+00,-2.774648e+00,1.082682e+00,9.458143e-01
-4.833359e+00,1.326301e+01,7.166430e+00,-2.209662e+00,4.135764e-03,5.673982e-02
1.156866e-02,7.295984e+00,3.035560e+00,-1.201204e+00,-1.402990e-02,4.800146e-02
2.747073e+00,1.175757e+01,4.146615e+00,-8.189189e-01,7.668643e-01,8.820451e-02
3.975998e+00,8.844168e+00,2.129828e+00,-7.865637e-01,8.964713e-01,2.456565e-01
2.707964e+00,7.525529e+00,2.090774e+00,-8.396064e-01,4.932511e-01,1.320112e-01
-7.316131e-01,9.797449e+00,2.037185e+00,-7.601173e-01,-3.981505e-01,-2.341227e-01
-9.256884e-01,9.463518e+00,1.888997e+00,-9.545531e-01,-8.686049e-01,-3.372112e-01
-2.204192e+00,9.719668e+00,4.043892e+00,-1.108352e+00,-1.040055e+00,-3.354240e-01
-4.274458e+00,9.249711e+00,6.465651e+00,-1.260716e+00,-1.139247e+00,-3.560837e-01
1.552872e+00,9.197106e+00,3.092327e+00,-1.156322e+00,-1.017846e+00,-3.086577e-01
2.585744e+00,9.259008e+00,3.766538e-01,-1.041686e+00,-4.583880e-01,-1.242487e-01
3.292412e+00,9.281619e+00,-4.417664e+00,-1.173135e+00,-2.785925e-01,4.775283e-02
3.257432e+00,1.017157e+01,-5.144688e+00,-1.569430e+00,-5.092500e-01,1.117802e-01
1.185635e+00,1.004661e+01,7.624879e-01,-2.597361e+00,-1.466673e+00,-7.070905e-02
4.126166e+00,1.234966e+01,3.011058e+00,-3.280753e+00,-2.078713e+00,-1.782009e-01
4.891414e+00,1.881506e+01,-2.171036e+00,-3.886293e+00,-1.917814e+00,1.948044e-01
-8.839896e-01,1.619704e+01,7.432314e+00,-4.126938e+00,-1.899890e+00,4.634531e-01
-9.586730e+00,2.583526e+01,1.760902e+01,-4.674806e+00,-3.633281e+00,1.926288e-01
-6.039345e+00,1.955431e+01,1.887299e+01,-4.879946e+00,-3.254839e+00,-1.582060e-01
3.279324e+00,8.902993e-01,1.774249e+01,-3.317619e+00,-1.116702e+00,1.702642e-01
8.140654e+00,1.136575e+01,9.364968e+00,-1.354324e+00,5.331795e-01,5.420678e-01
3.532747e+00,8.020896e+00,1.099125e+01,-1.363750e+00,1.762003e+00,3.612562e-01
3.081552e+00,5.341243e+00,9.267384e+00,2.578284e-01,1.244500e+00,-8.331363e-02
3.450492e+00,2.344874e+00,8.365930e+00,2.132331e+00,1.120755e+00,-5.909918e-01
2.475892e+00,1.763787e+00,8.608887e+00,3.218278e+00,1.274410e+00,-7.779561e-01
1.583351e+00,1.476860e+00,9.367177e+00,4.470745e+00,1.349048e+00,-9.981704e-01
2.293913e+00,1.010000e+00,1.045328e+01,5.370154e+00,1.391726e+00,-9.011412e-01
5.435697e+00,-1.582009e-01,1.178085e+01,6.436609e+00,1.484200e+00,-8.112765e-01
7.141083e+00,1.511090e-01,1.084555e+01,7.246232e+00,1.458065e+00,-6.677135e-01
7.065302e-01,-2.039370e-01,1.153855e+01,7.805468e+00,8.782965e-01,-3.025882e-01
-8.390946e+00,5.957447e-01,1.091642e+01,7.375519e+00,-3.535181e-01,-2.249922e-01
-1.120902e+01,-9.931927e+00,1.178232e+01,5.442212e+00,-1.125494e+00,-3.259426e-01
-9.696851e-01,-1.503729e+01,1.210324e+01,3.130035e+00,-9.942646e-02,-1.822203e-01
1.906756e+01,3.434651e+01,-3.121641e+00,-1.029320e+00,2.459050e+00,2.802235e-01
1.115477e+01,3.668571e+01,1.329598e+01,-3.532064e+00,2.782694e+00,6.676893e-01
2.654524e+00,-7.522453e+00,1.428492e+01,-2.478045e+00,1.992870e+00,1.514551e+00
7.890801e+00,2.146714e+00,9.282897e+00,-2.174413e+00,6.055302e-02,-9.903095e-01
-4.867316e-01,1.706789e+01,1.006135e+01,-2.365724e+00,9.843045e-01,2.283055e-01
-5.646547e+00,1.458970e+01,1.131637e+01,-1.912132e+00,-4.290238e-03,7.423218e-02
-3.597534e-01,5.968350e+00,5.031475e+00,-1.069148e+00,-6.313705e-01,-5.538112e-01
1.100906e-01,1.073235e+01,5.613215e+00,-5.767025e-01,-6.960149e-02,-7.769700e-02
3.839392e+00,1.178220e+01,1.983397e+00,-3.440574e-01,2.888943e-01,-8.344588e-02
2.150062e+00,9.581918e+00,1.671843e+00,-3.341948e-01,2.392590e-01,1.336459e-01
3.331542e-01,9.118827e+00,3.933077e-01,-1.873052e-01,-5.416390e-01,-2.247084e-01
-1.848770e+00,8.007561e+00,3.249219e-01,-3.788519e-01,-9.910908e-01,-2.969868e-01
-4.348349e+00,7.406324e+00,2.079166e+00,-6.371581e-01,-1.487414e+00,-4.388141e-01
-4.038097e+00,7.604324e+00,3.032712e+00,-8.778379e-01,-1.682546e+00,-4.897184e-01
-7.031826e-01,7.750021e+00,3.929979e+00,-1.142972e+00,-1.291074e+00,-3.615650e-01
2.171573e+00,8.263960e+00,8.211855e-01,-1.151345e+00,-8.457551e-01,-2.752113e-01
3.078517e+00,8.677649e+00,-4.821646e+00,-1.247826e+00,-4.280155e-01,-5.242114e-02
2.730329e+00,1.020232e+01,-3.032021e+00,-1.513718e+00,-3.668038e-01,8.353065e-02
7.437688e-01,1.166163e+01,2.378120e+00,-2.456477e+00,-9.467342e-01,3.550253e-02
3.511298e+00,1.198014e+01,2.039939e+00,-3.081505e+00,-1.390711e+00,-4.209603e-02
9.542479e+00,1.331380e+01,-3.846939e+00,-3.487957e+00,-1.208936e+00,2.665858e-01
2.248358e+00,1.538760e+01,3.829408e-01,-3.629439e+00,-1.205208e+00,4.023222e-01
-5.471609e+00,2.249475e+01,1.429982e+01,-4.230218e+00,-2.871437e+00,3.288837e-01
-8.457940e+00,2.831091e+01,1.790629e+01,-4.683437e+00,-4.022557e+00,-2.069561e-01
-2.324651e+00,4.204038e+00,1.881868e+01,-4.530323e+00,-2.721306e+00,2.794506e-02
1.712595e+00,8.305348e-02,1.563130e+01,-2.835676e+00,-1.290135e+00,2.567888e-01
4.205304e+00,1.067969e+01,1.056219e+01,-1.348156e+00,1.227797e+00,3.346938e-01
1.401581e+00,8.518904e+00,1.081692e+01,-1.237651e+00,1.508592e+00,1.628080e-01
4.124801e+00,3.780151e+00,8.394689e+00,7.708411e-01,1.023439e+00,-3.810359e-01
4.488034e+00,1.996072e+00,8.018014e+00,2.117195e+00,1.311980e+00,-6.001534e-01
3.388829e+00,2.562351e+00,8.801766e+00,3.808107e+00,1.551539e+00,-1.106900e+00
2.408828e+00,2.377328e+00,8.751172e+00,4.692253e+00,1.253185e+00,-1.226413e+00
4.970227e-01,-1.700756e-01,1.289755e+01,5.732869e+00,8.361827e-01,-1.146943e+00
1.298476e+00,4.247048e-01,1.251057e+01,6.585217e+00,6.512134e-01,-1.133234e+00
1.198231e+00,-2.987497e+00,1.174772e+01,7.532200e+00,8.422345e-01,-7.576251e-01
-3.498734e+00,-2.317329e+00,1.035191e+01,7.857255e+00,1.124768e+00,-4.708606e-01
-7.361218e+00,-6.207382e+00,1.366389e+01,6.835427e+00,5.743916e-01,-1.163823e-01
-1.885803e+00,-1.614549e+01,1.294527e+01,4.606984e+00,1.123631e+00,2.673437e-01
1.027210e+01,1.938562e+01,-2.332364e-01,6.566940e-01,3.038976e+00,4.115591e-01
1.360334e+01,3.933032e+01,1.419488e+01,-2.626628e+00,3.209074e+00,6.091087e-01
-1.400388e+00,-1.100372e+01,1.236422e+01,-3.482882e+00,3.221607e+00,2.490745e+00
5.137639e+00,-7.139120e+00,1.147596e+01,-2.134431e+00,6.759739e-01,-3.520909e-01
3.094594e+00,1.997589e+01,1.104835e+01,-2.487474e+00,1.410520e+00,5.303133e-02
-3.267815e+00,1.098417e+01,9.857895e+00,-2.342700e+00,6.553081e-01,4.684231e-01
-9.396601e-02,6.399155e+00,6.849436e+00,-1.279436e+00,-3.082693e-01,-6.072936e-01
1.380460e+00,1.026261e+01,8.077155e+00,-9.155484e-01,2.346609e-02,-1.657445e-01
2.742271e+00,1.224356e+01,3.674327e+00,-6.386652e-01,8.577973e-02,-2.169441e-01
9.593510e-01,1.110365e+01,2.865664e+00,-5.653189e-01,-9.885354e-02,-4.632758e-02
-4.430382e-01,9.921670e+00,1.696177e+00,-2.677535e-01,-5.744824e-01,-1.439556e-01
-7.833238e-01,8.835951e+00,7.069847e-01,-2.778567e-01,-7.394743e-01,-1.930060e-01
-1.664186e+00,7.831571e+00,7.334662e-01,-4.531980e-01,-8.621270e-01,-2.477402e-01
-3.420459e+00,6.614523e+00,2.292809e+00,-7.267530e-01,-1.121517e+00,-3.082872e-01
-5.812062e-01,6.659434e+00,2.386599e+00,-1.029295e+00,-1.299940e+00,-3.258602e-01
1.184426e+00,7.725465e+00,1.231385e+00,-1.165147e+00,-9.791898e-01,-2.394511e-01
3.314091e+00,8.976646e+00,-4.113574e+00,-1.455424e+00,-4.603057e-01,1.727371e-02
3.692619e+00,9.203368e+00,-1.516091e+00,-1.830687e+00,-4.710348e-01,1.217113e-01
1.887753e+00,1.025047e+01,7.944294e-01,-2.524124e+00,-9.609919e-01,-2.694535e-02
3.869273e+00,1.391897e+01,-2.733339e-01,-3.045202e+00,-1.404243e+00,-8.500983e-02
2.992948e+00,1.739053e+01,7.456834e-01,-3.591742e+00,-1.478972e+00,3.930198e-01
4.467251e-01,1.745468e+01,8.317351e+00,-3.869048e+00,-1.646715e+00,5.998405e-01
-7.355452e+00,2.737545e+01,1.774293e+01,-4.477036e+00,-3.380887e+00,1.859302e-01
-6.630812e+00,1.391820e+01,1.965865e+01,-4.430094e+00,-2.945516e+00,-1.597131e-02
-7.817630e-02,2.859141e+00,1.464416e+01,-2.641656e+00,-1.718066e+00,5.616884e-02
2.972647e+00,1.192391e+01,1.139829e+01,-1.252401e+00,8.686584e-02,5.330544e-01
3.392328e-01,7.545642e+00,1.052981e+01,-1.050394e+00,1.466839e+00,7.225082e-01
2.513035e-01,4.623402e+00,9.151935e+00,6.586297e-01,1.452435e+00,4.752106e-01
2.765544e+00,1.386608e+00,8.697494e+00,2.552374e+00,1.799274e+00,1.973925e-01
3.040152e+00,2.528675e+00,8.485126e+00,3.618899e+00,2.126949e+00,-8.046503e-02
2.906137e+00,1.096280e+00,9.458664e+00,4.805112e+00,1.973333e+00,-1.319999e-01
2.588161e+00,9.426009e-01,9.873094e+00,5.653808e+00,1.515589e+00,-6.842322e-02
2.772031e+00,1.027200e+00,1.315695e+01,6.619002e+00,9.065872e-01,-2.268859e-01
3.174174e+00,1.141652e+00,1.296643e+01,7.180659e+00,6.374940e-01,-4.179445e-01
-4.046075e+00,-8.692613e-01,1.163250e+01,7.614076e+00,5.490196e-01,-6.868579e-01
-4.712389e+00,-1.980093e+00,1.169750e+01,7.250576e+00,3.415724e-01,-9.325250e-01
8.232567e-01,-1.486317e+01,1.127344e+01,5.003414e+00,8.911942e-01,-8.066627e-01
2.334292e+00,-1.476772e+01,1.221320e+01,2.756381e+00,1.703530e+00,-4.033685e-01
2.796390e+01,3.925458e+01,5.889983e-01,-1.440414e+00,1.705455e+00,-1.260273e-01
4.325540e+00,2.573869e+01,3.762377e+00,-4.052364e+00,2.050372e+00,9.586018e-01
2.070510e+00,-1.452357e+01,1.256176e+01,-3.290508e+00,3.488563e-01,9.248758e-01
7.072699e+00,6.284410e+00,1.113895e+01,-2.932489e+00,-3.318225e-01,-1.615409e+00
-1.064691e+01,2.127578e+01,1.586528e+01,-2.907332e+00,4.419654e-01,3.761255e-01
-1.100394e+01,1.111238e+01,9.885272e+00,-2.086399e+00,-1.064499e+00,-5.010659e-01
-7.631544e-01,6.814067e+00,8.204689e+00,-1.406719e+00,-1.075591e+00,-2.610038e-01
6.783039e+00,1.353141e+01,6.411441e+00,-5.639075e-01,7.325574e-01,5.222674e-01
6.432952e+00,9.936855e+00,3.228837e+00,-5.608788e-01,2.071297e+00,6.200902e-01
1.060735e+00,9.501071e+00,3.255708e+00,-2.229942e-01,1.279904e+00,6.014003e-01
-2.584843e+00,9.516559e+00,2.303868e+00,-1.999167e-01,-4.035135e-01,-5.154072e-02
-2.494007e+00,8.539147e+00,9.084574e-01,-3.059497e-01,-9.171408e-01,-2.206755e-01
-1.427240e+00,6.640360e+00,3.339596e-01,-4.584930e-01,-7.502672e-01,-2.748799e-01
-1.166478e+00,6.651365e+00,2.562563e+00,-7.237305e-01,-6.651414e-01,-1.804327e-01
2.424969e-01,7.498195e+00,3.777222e+00,-1.001471e+00,-6.841741e-01,-2.842642e-01
1.603196e+00,7.864004e+00,1.685276e+00,-1.179712e+00,-7.255211e-01,-3.085459e-01
3.419196e+00,8.696327e+00,-4.539705e+00,-1.349636e+00,-5.249244e-01,-2.737823e-01
4.336733e+00,9.521535e+00,-3.838614e+00,-1.662161e+00,-4.760015e-01,-1.180354e-01
3.111160e+00,1.135085e+01,-8.902453e-01,-2.389748e+00,-6.520961e-01,-4.767722e-02
3.871993e+00,1.326239e+01,-1.536808e-01,-2.958673e+00,-9.525479e-01,-7.869822e-02
1.000870e+01,1.648119e+01,-5.062519e+00,-3.709614e+00,-1.369914e+00,3.183791e-01
-1.269174e-01,1.845704e+01,1.207013e+01,-4.018934e+00,-1.620951e+00,4.493501e-01
-8.142623e+00,2.734033e+01,2.035910e+01,-4.983505e+00,-3.709932e+00,-1.751241e-01
-1.050028e+01,2.587049e+01,2.006256e+01,-5.212141e+00,-4.413377e+00,-7.051435e-01
3.036243e+00,-2.681038e-01,1.490123e+01,-3.288666e+00,-2.549696e+00,-4.658639e-01
8.041375e+00,9.565881e+00,1.110179e+01,-1.021777e+00,1.287165e-03,1.649068e-01
3.797859e+00,8.717703e+00,1.180689e+01,-1.260042e+00,1.817033e+00,-7.948476e-02
1.926439e+00,4.788053e+00,8.558111e+00,1.175844e-01,1.402979e+00,-3.937359e-01
2.467903e+00,-2.103417e+00,7.391157e+00,2.688911e+00,1.364918e+00,-8.414309e-01
2.940871e+00,9.828019e-01,7.084293e+00,4.058917e+00,1.805491e+00,-1.081779e+00
4.465438e+00,2.023837e+00,9.102145e+00,4.913152e+00,2.193122e+00,-1.025960e+00
5.480124e+00,1.275634e+00,9.891243e+00,5.687588e+00,2.077943e+00,-6.306992e-01
5.829842e+00,1.477664e+00,1.301824e+01,6.955957e+00,1.543519e+00,-2.953448e-01
6.807458e+00,3.052908e+00,1.178728e+01,7.584992e+00,9.307019e-01,-2.027190e-01
-2.499535e+00,2.366239e+00,8.813501e+00,7.932721e+00,2.995565e-01,-1.592902e-01
-8.495057e+00,-2.653146e+00,1.055521e+01,7.607898e+00,-3.106166e-01,-2.916033e-01
-5.511431e+00,-1.344289e+01,7.947362e+00,4.901176e+00,-5.085176e-01,-8.390887e-01
2.291081e-01,-3.453108e+00,1.107171e+01,2.337962e+00,9.527080e-01,-3.924207e-01
2.685130e+01,3.923575e+01,-2.118170e+00,-1.609132e+00,2.142371e+00,5.067369e-01
-1.946452e+00,6.680662e+00,1.243335e+01,-4.128898e+00,2.462985e+00,8.812750e-01
2.347020e+00,-4.191342e+00,1.373245e+01,-2.681424e+00,-1.846269e-01,-3.793966e-01
3.196663e+00,1.182669e+01,9.715565e+00,-2.942263e+00,-3.246538e-01,-1.261992e+00
-2.872389e+00,2.064547e+01,1.197824e+01,-2.790014e+00,5.223506e-01,9.871000e-01
-2.096100e+00,8.801017e+00,6.135956e+00,-1.685974e+00,-1.593966e-02,4.730760e-02
9.870523e-01,1.280632e+01,5.080626e+00,-8.172590e-01,-8.321719e-02,2.719374e-01
8.924530e-01,1.436496e+01,4.189946e+00,-4.868096e-01,1.246668e-01,1.844533e-01
-2.380691e+00,9.299172e+00,2.865381e+00,-5.879761e-01,1.198885e-01,1.970855e-01
-1.337567e+00,9.521926e+00,1.541478e+00,-2.515762e-01,-2.106336e-01,1.115002e-01
1.337793e+00,8.188011e+00,-3.932699e-01,-2.777465e-01,5.628718e-02,1.566411e-01
7.345302e-01,6.405033e+00,-1.984288e-01,-4.048714e-01,2.551150e-01,1.684506e-01
-3.054649e+00,7.570000e+00,3.369517e+00,-7.975345e-01,-1.390795e-01,-5.801760e-02
-1.052503e+00,7.454187e+00,4.244715e+00,-1.118236e+00,-5.333328e-01,-1.236699e-01
2.917959e+00,8.510433e+00,2.644360e+00,-1.287152e+00,-3.407704e-01,-1.221357e-01
3.479945e+00,8.253472e+00,1.006100e+00,-1.335954e+00,-1.321286e-01,-1.187041e-01
2.105712e+00,8.570275e+00,-1.172059e+00,-1.512667e+00,-4.148394e-01,-1.168841e-01
2.448873e+00,1.197658e+01,-2.245492e+00,-1.810408e+00,-7.432006e-01,-6.275776e-02
1.127255e+00,1.090726e+01,5.566793e-01,-2.516944e+00,-1.051776e+00,1.644299e-02
4.242176e+00,1.234073e+01,7.122846e-01,-2.925080e+00,-1.338586e+00,-4.546533e-02
1.136109e+01,1.410563e+01,-5.510780e+00,-3.545534e+00,-1.363598e+00,2.669479e-01
3.578617e+00,1.525121e+01,3.717789e+00,-3.748848e+00,-1.604271e+00,1.669119e-01
-1.100063e+01,2.678116e+01,1.743761e+01,-4.362488e+00,-3.983225e+00,4.541376e-02
-1.421786e+01,2.412929e+01,1.910902e+01,-4.717970e+00,-5.403223e+00,-2.486397e-01
-2.373748e-01,2.372601e+00,1.640345e+01,-3.508724e+00,-2.997930e+00,8.992245e-02
5.196374e+00,1.021868e+01,1.197475e+01,-1.486257e+00,1.483679e-02,9.732088e-01
5.017556e+00,7.752474e+00,9.504211e+00,-1.573335e+00,2.761260e+00,8.393403e-01
4.329826e+00,5.105594e+00,8.515840e+00,-6.164412e-01,2.886579e+00,8.970591e-01
4.632325e+00,1.846134e+00,8.017563e+00,1.732436e+00,2.315513e+00,2.372066e-01
4.704058e+00,3.971717e+00,8.078019e+00,2.851239e+00,2.108782e+00,-2.816221e-01
4.334317e+00,2.266786e+00,8.483697e+00,3.712376e+00,1.872887e+00,-6.944039e-01
3.193796e+00,5.613297e-01,9.115436e+00,4.585846e+00,1.480159e+00,-7.293415e-01
6.594769e-01,-3.209988e-01,1.399707e+01,5.837355e+00,7.235377e-01,-9.142578e-01
9.294325e-01,-1.964215e-01,1.400384e+01,6.498408e+00,3.547968e-01,-1.025358e+00
2.663681e+00,-2.060587e+00,1.344765e+01,7.319582e+00,4.709747e-01,-1.020204e+00
-2.189515e+00,1.508477e-01,1.181068e+01,7.778060e+00,8.954428e-01,-8.599492e-01
-4.665242e+00,-1.075409e+01,1.189833e+01,6.503912e+00,5.438123e-01,-5.443687e-01
-5.015800e+00,-1.631976e+01,1.051336e+01,4.021689e+00,9.842209e-01,-1.996558e-01
1.957811e+01,3.523157e+01,1.646866e+00,7.140036e-01,1.941388e+00,1.539440e-01
1.248263e+01,1.342710e+01,6.971047e+00,-2.410616e+00,2.773225e+00,7.971454e-01
7.302232e+00,-1.597507e+01,1.253934e+01,-2.768018e+00,3.782188e+00,3.174217e+00
8.816664e+00,7.128088e+00,1.017730e+01,-2.153960e+00,4.949177e-01,-1.298542e+00
-8.496727e+00,1.836869e+01,1.319522e+01,-2.995312e+00,-5.630464e-01,8.263278e-02
-1.437877e+01,1.419302e+01,9.571714e+00,-2.194909e+00,-2.376975e+00,-4.136665e-01
-6.701140e+00,6.207486e+00,6.523610e+00,-1.468819e+00,-2.196998e+00,-8.082765e-01
8.900213e-01,1.243939e+01,5.489461e+00,-6.380617e-01,-2.725307e-01,3.558332e-01
2.351286e+00,1.011520e+01,3.516354e+00,-6.271124e-01,1.773536e+00,5.539242e-01
3.948892e-01,8.667081e+00,3.915111e+00,-4.353063e-01,1.854729e+00,8.489639e-01
3.646639e+00,9.444903e+00,-2.873726e-01,-2.651185e-01,8.635847e-01,3.311553e-01
3.643210e+00,8.686611e+00,-1.388831e+00,-3.147421e-01,7.076882e-01,2.063264e-01
-1.433844e+00,6.446410e+00,9.510235e-01,-6.019418e-01,1.663517e-01,-3.864809e-02
-1.577548e+00,7.349254e+00,3.235276e+00,-9.219472e-01,-5.412827e-01,-2.735545e-01
3.101105e+00,8.233801e+00,3.038820e+00,-1.308915e+00,-7.090504e-01,-3.294678e-01
4.420230e+00,8.074499e+00,-5.703251e-01,-1.436284e+00,-4.321123e-01,-2.385623e-01
1.413821e+00,8.834098e+00,-3.986564e+00,-1.697500e+00,-6.184352e-01,-1.980319e-01
1.637433e+00,9.986549e+00,-2.135751e+00,-2.137981e+00,-1.142287e+00,-1.995624e-01
3.803207e+00,1.232885e+01,6.275179e-02,-2.912835e+00,-1.426524e+00,-1.744952e-01
1.262229e+01,1.362949e+01,-4.927002e+00,-3.509992e+00,-1.538574e+00,-1.072738e-01
5.078460e+00,1.854888e+01,8.155718e+00,-4.148948e+00,-1.373375e+00,1.499000e-01
-5.806556e+00,2.605232e+01,1.802872e+01,-4.735625e+00,-2.463053e+00,7.710475e-02
-1.740647e+01,1.634664e+01,1.981299e+01,-5.320059e+00,-5.738394e+00,-2.097484e-01
-6.607852e+00,2.852739e+00,2.077515e+01,-4.817633e+00,-4.648891e+00,-3.975172e-01
1.127779e+01,9.118452e+00,1.114636e+01,-1.598278e+00,2.080949e-01,1.250127e+00
9.479682e+00,9.362190e+00,1.137521e+01,-1.575126e+00,2.922920e+00,1.090818e+00
5.337900e+00,3.437085e+00,8.661688e+00,-4.944012e-01,2.473841e+00,5.770346e-01
4.070039e+00,1.865246e-02,7.501023e+00,1.280442e+00,1.534138e+00,-2.115376e-01
2.567984e+00,2.075725e+00,9.054435e+00,3.459334e+00,9.398346e-01,-1.055142e+00
2.219603e+00,2.317725e+00,9.318121e+00,4.222277e+00,9.224370e-01,-1.451792e+00
2.522469e+00,1.000946e+00,1.024317e+01,5.476686e+00,1.008069e+00,-1.419719e+00
3.355078e+00,-4.134801e-02,1.404881e+01,6.486023e+00,1.132916e+00,-1.309278e+00
4.869870e+00,8.238640e-01,1.436423e+01,7.589758e+00,1.180400e+00,-1.124214e+00
3.676288e+00,-1.390467e-02,1.317146e+01,8.103817e+00,1.121566e+00,-8.440979e-01
-1.083239e+01,-5.571628e-01,1.068274e+01,8.217919e+00,7.902681e-01,-3.116193e-01
-1.527349e+01,-9.787076e+00,9.604960e+00,6.857582e+00,2.292164e-01,-2.866748e-02
5.240345e-01,-1.130577e+01,9.642044e+00,3.431720e+00,1.631582e+00,1.826721e-01
2.108040e+01,3.810070e+01,-6.392540e+00,6.888433e-01,3.642400e+00,1.060856e+00
4.103310e-01,-2.213925e+00,1.387578e+01,-3.605783e+00,4.294084e+00,9.563099e-01
6.499339e+00,-1.422862e+01,1.382932e+01,-2.215180e+00,2.541657e+00,9.983992e-01
1.187103e+00,1.811108e+01,1.171433e+01,-2.801844e+00,-2.838436e-01,-1.722042e+00
-3.995910e+00,1.776081e+01,1.220555e+01,-3.201551e+00,3.736977e-01,2.134084e-01
-9.507696e-02,8.111956e+00,5.879209e+00,-1.794805e+00,-4.613927e-02,-2.434636e-01
1.036684e+00,6.158285e+00,5.759169e+00,-1.272703e+00,6.633902e-01,-5.525081e-02
3.532599e+00,1.334662e+01,4.438098e+00,-5.930629e-01,6.427476e-01,1.201381e-01
2.347227e+00,1.101364e+01,2.962572e+00,-7.489845e-01,4.337088e-01,1.186308e-02
1.800986e+00,9.209698e+00,4.998388e-01,-5.287388e-01,-1.330064e-01,6.521114e-02
5.204975e-01,9.372902e+00,3.532172e-01,-4.758937e-01,-3.759179e-01,-8.467747e-02
-2.634994e+00,7.931218e+00,9.913659e-01,-6.811112e-01,-5.874625e-01,-1.255282e-01
-3.946270e+00,6.726585e+00,1.974413e+00,-8.520340e-01,-9.410181e-01,-2.116738e-01
-2.568807e-01,7.463996e+00,3.474292e+00,-1.138653e+00,-1.122243e+00,-2.956569e-01
3.308326e+00,8.186023e+00,3.335767e+00,-1.313737e+00,-8.849515e-01,-2.318574e-01
2.280550e+00,6.970000e+00,-6.846734e-01,-1.392469e+00,-6.165433e-01,-1.687346e-01
1.909174e+00,9.208554e+00,-1.809071e+00,-1.515142e+00,-8.633274e-01,-1.823693e-01
-6.293124e-01,1.029416e+01,7.637365e-02,-2.144596e+00,-1.527423e+00,-1.496500e-01
4.764715e-01,1.255296e+01,2.101045e+00,-2.607450e+00,-1.698989e+00,-1.739409e-01
7.954168e+00,1.745813e+01,-4.422922e+00,-3.273957e+00,-1.634787e+00,1.769168e-01
4.915294e+00,2.270370e+01,-2.526064e+00,-3.532772e+00,-1.238583e+00,4.551523e-01
-9.073366e+00,1.836443e+01,1.371328e+01,-4.318370e+00,-2.549306e+00,9.263919e-01
-1.207248e+01,2.696514e+01,2.001144e+01,-4.405715e+00,-4.018017e+00,8.418577e-01
-2.616807e+00,9.860573e+00,1.761395e+01,-4.559118e+00,-3.087517e+00,-3.084335e-02
6.621602e+00,1.091727e+00,1.249706e+01,-2.937807e+00,-6.988264e-01,6.771171e-01
5.775100e+00,9.992448e+00,1.018138e+01,-1.041592e+00,2.044612e+00,9.392268e-01
3.324912e+00,8.357693e+00,1.025369e+01,-1.055648e+00,1.965829e+00,5.429093e-01
2.112635e+00,1.645068e+00,8.121706e+00,8.876694e-01,1.163133e+00,-1.416360e-01
2.299583e+00,1.689166e+00,8.673829e+00,2.333376e+00,1.058293e+00,-5.127844e-01
2.862136e+00,2.152814e+00,9.012136e+00,3.746488e+00,1.515912e+00,-1.027298e+00
2.330526e+00,1.100007e+00,9.445783e+00,4.578718e+00,1.669654e+00,-1.069392e+00
1.183898e+00,-1.214794e-01,1.293984e+01,5.895106e+00,1.485422e+00,-1.060122e+00
1.173642e+00,-3.589374e-01,1.353260e+01,6.655241e+00,1.307383e+00,-1.029885e+00
2.470339e+00,1.699471e-01,1.241749e+01,7.760494e+00,1.335931e+00,-8.549487e-01
-2.552401e+00,3.772483e+00,1.091388e+01,8.046964e+00,1.545540e+00,-4.219705e-01
-8.232262e+00,-7.343760e+00,9.590706e+00,7.307159e+00,1.268715e+00,2.342890e-01
-3.444449e+00,-1.493338e+01,9.326077e+00,5.636313e+00,1.127674e+00,4.709058e-01
1.790530e+01,2.655753e+01,-6.866543e+00,1.699824e+00,3.199760e+00,1.055066e+00
3.271892e+01,3.935642e+01,4.667381e+00,-1.575345e+00,4.015715e+00,7.891781e-01
-7.897490e-01,-8.918863e+00,1.512203e+01,-3.623296e+00,4.083333e+00,2.224505e+00
4.704854e+00,-9.983317e+00,1.338276e+01,-2.946469e+00,1.555510e-01,-1.312342e-01
-9.075213e+00,2.122516e+01,1.312451e+01,-2.699670e+00,-2.036446e-01,-9.825532e-01
-1.418359e+01,1.991444e+01,1.165569e+01,-2.908314e+00,-9.502139e-01,2.516602e-01
-3.588714e+00,4.057914e+00,3.845557e+00,-1.372842e+00,-1.415646e+00,-6.693762e-01
1.755224e+00,5.483364e+00,5.092433e+00,-6.993306e-01,5.321928e-01,2.974586e-01
1.106792e+01,1.309499e+01,2.281427e+00,-1.292066e-01,2.696281e+00,7.969922e-01
5.402304e+00,7.582154e+00,1.819638e+00,-4.246319e-01,2.630779e+00,9.033786e-01
2.160477e+00,8.396247e+00,9.190384e-01,-9.750195e-02,9.901746e-01,2.822300e-01
5.067363e-01,8.498349e+00,-9.398487e-02,-2.311227e-01,-1.528670e-01,-2.273082e-01
-6.708721e-01,7.668081e+00,1.118828e+00,-6.389859e-01,-8.994925e-01,-3.782309e-01
-1.839002e+00,8.286303e+00,3.613974e+00,-9.587636e-01,-1.050315e+00,-4.100942e-01
2.693183e+00,9.432507e+00,4.756240e+00,-1.344112e+00,-1.204129e+00,-3.114892e-01
3.348391e+00,9.469464e+00,9.600222e-01,-1.478538e+00,-1.008278e+00,-2.145413e-01
-1.459301e-01,9.190879e+00,-2.802868e+00,-1.534514e+00,-1.063738e+00,2.745372e-02
7.029522e-01,8.394173e+00,-2.392244e+00,-1.734996e+00,-1.373655e+00,3.849232e-02
2.795191e+00,1.267055e+01,1.750234e-01,-2.283772e+00,-1.521726e+00,1.185150e-01
5.203394e+00,1.388840e+01,3.014308e-01,-2.949909e+00,-1.523734e+00,2.307400e-01
2.000979e+00,2.159089e+01,-1.538836e+00,-3.770089e+00,-1.617530e+00,5.023205e-01
-5.513884e+00,1.719169e+01,9.746285e+00,-4.245256e+00,-2.003810e+00,8.292565e-01
-1.259524e+01,1.988245e+01,1.842707e+01,-4.503426e+00,-3.736316e+00,1.184645e+00
-9.001951e+00,2.123329e+01,1.765971e+01,-4.381811e+00,-3.332487e+00,6.314520e-01
3.022682e+00,-1.630805e+00,1.701138e+01,-3.469849e+00,-3.361959e-01,8.901405e-01
7.756427e+00,5.528054e+00,9.108542e+00,-1.273994e+00,1.429277e+00,1.192047e+00
6.015566e+00,7.756016e+00,9.054141e+00,-8.636789e-01,2.650129e+00,1.148763e+00
3.089941e+00,4.855013e+00,8.406873e+00,-2.433568e-01,2.113015e+00,8.724321e-01
2.251424e-01,6.845234e-01,7.339448e+00,1.914410e+00,8.907552e-01,5.415435e-02
-9.539949e-01,-3.739353e-02,8.748160e+00,3.059864e+00,5.565076e-01,-1.303493e-01
-4.309642e-01,1.904264e+00,8.558313e+00,4.080534e+00,9.342370e-01,-4.742916e-01
4.127614e-01,1.860969e+00,9.869631e+00,4.724479e+00,1.453858e+00,-4.479210e-01
3.212198e+00,7.065643e-01,1.334713e+01,5.997067e+00,2.187555e+00,-3.094059e-03
5.824022e+00,1.233515e+00,1.328342e+01,6.818669e+00,2.440219e+00,1.721375e-01
7.110558e+00,2.111605e+00,1.124624e+01,7.746167e+00,2.448739e+00,4.193570e-01
1.505159e+00,4.269496e+00,8.766202e+00,8.023641e+00,1.856302e+00,5.705440e-01
-8.800000e+00,-9.722783e+00,7.966252e+00,6.664599e+00,5.715000e-01,2.552101e-01
-4.561855e+00,-8.989857e+00,6.927531e+00,3.299917e+00,5.303073e-01,-6.051439e-01
2.131965e+01,3.391835e+01,-4.366586e+00,4.880014e-01,1.476582e+00,-3.561509e-01
9.994786e+00,1.873624e+01,8.369911e+00,-3.417364e+00,2.884284e+00,8.515513e-01
3.233717e+00,-9.418923e+00,1.410164e+01,-3.236123e+00,2.487288e+00,1.486083e+00
-3.195194e-01,5.848808e+00,1.153389e+01,-2.585712e+00,-2.761400e-02,-1.382076e+00
-9.417908e+00,1.916989e+01,1.009803e+01,-2.846449e+00,-7.713059e-01,-1.561168e-01
-1.178604e+01,1.436818e+01,8.594212e+00,-1.716602e+00,-1.506733e+00,-3.913228e-01
-1.828558e+00,4.120792e+00,5.105882e+00,-9.658096e-01,-2.412221e-01,-2.443197e-01
6.043984e+00,1.151416e+01,4.736635e+00,-2.699913e-01,2.409391e+00,8.522641e-01
6.949174e+00,8.964175e+00,2.914999e+00,-5.013277e-01,2.884776e+00,9.624205e-01
5.012930e+00,8.155884e+00,3.017646e+00,-3.723532e-01,2.116306e+00,7.258416e-01
3.342232e+00,9.645692e+00,1.694263e+00,-3.715619e-01,9.447767e-01,2.124462e-01
1.879838e+00,9.351212e+00,8.816963e-01,-5.388987e-01,1.336050e-01,-1.346219e-01
-1.134665e+00,7.372153e+00,1.812928e+00,-7.282183e-01,-2.056430e-01,-2.330686e-01
-1.620257e+00,7.459545e+00,3.482119e+00,-1.040511e+00,-6.997706e-01,-3.385757e-01
1.718411e+00,8.256425e+00,3.320319e+00,-1.300405e+00,-5.324352e-01,-2.341236e-01
3.352000e+00,8.877723e+00,9.807758e-01,-1.364021e+00,-3.422633e-01,-3.087240e-02
3.387005e+00,8.189941e+00,-3.697303e+00,-1.627426e+00,-5.124939e-01,2.177801e-02
1.878522e+00,8.494393e+00,-2.434748e+00,-1.971372e+00,-9.655202e-01,-1.155916e-02
3.793925e+00,1.165568e+01,1.446689e+00,-2.931814e+00,-1.842013e+00,-1.777455e-01
8.604968e+00,1.661713e+01,-3.010301e+00,-3.532724e+00,-1.883817e+00,-2.655389e-02
1.074948e+00,2.048205e+01,4.744071e+00,-4.204558e+00,-1.988799e+00,2.858891e-01
-5.702279e+00,1.615183e+01,1.244663e+01,-4.694808e+00,-3.328649e+00,6.885051e-01
-1.401855e+01,2.707549e+01,2.075961e+01,-4.449831e+00,-4.004728e+00,1.652263e-01
-4.163537e+00,6.452162e+00,1.737114e+01,-4.106285e+00,-2.240332e+00,3.418924e-01
6.009950e+00,1.306985e+00,1.149258e+01,-1.065484e+00,1.195717e+00,1.490821e+00
6.911655e+00,8.869579e+00,7.865835e+00,-4.563005e-01,2.749353e+00,1.630790e+00
2.339101e+00,5.325997e+00,8.921366e+00,2.836865e-01,2.117527e+00,1.155521e+00
1.238229e+00,1.444256e+00,7.394784e+00,1.770214e+00,1.361093e+00,6.755862e-01
7.338745e-01,-7.000656e-01,7.854084e+00,3.560560e+00,1.005914e+00,4.038343e-01
1.389372e-01,1.045042e+00,8.429592e+00,4.085632e+00,1.078176e+00,2.044062e-01
-7.907636e-01,1.264727e+00,1.051596e+01,5.246083e+00,1.166667e+00,4.117646e-03
1.874438e-01,3.721503e-01,1.275268e+01,6.109833e+00,1.149330e+00,2.460674e-03
3.846891e+00,1.224038e+00,1.321345e+01,7.151413e+00,1.394962e+00,-5.278315e-02
4.112904e+00,1.452969e+00,1.321450e+01,7.640134e+00,1.669482e+00,-5.207301e-02
-5.604612e+00,5.750007e+00,1.045489e+01,7.693559e+00,1.740982e+00,-1.743282e-01
-5.297395e+00,-5.668733e+00,8.989474e+00,6.240980e+00,1.370625e+00,-3.223915e-01
1.722498e+00,-9.665530e+00,6.965567e+00,3.507637e+00,2.313372e+00,-4.191236e-01
7.495640e+00,1.383489e+01,6.488505e-02,1.027478e+00,2.711684e+00,-1.408997e-01
-3.333305e+00,1.764381e+01,1.144848e+01,-3.094530e+00,2.607010e+00,6.264719e-01
2.007072e-01,-4.223515e+00,1.141169e+01,-2.290200e+00,1.962826e+00,1.094532e+00
6.531869e+00,4.169712e+00,9.836383e+00,-2.149134e+00,1.871637e+00,-8.113627e-01
4.083273e+00,1.800802e+01,6.994344e+00,-2.567933e+00,2.053679e+00,5.722439e-01
-8.022193e+00,1.031942e+01,7.360245e+00,-1.715928e+00,-1.375910e-01,-3.783865e-01
-8.074480e+00,7.645676e+00,5.081236e+00,-1.192294e+00,-9.343559e-01,-5.955598e-01
2.224054e+00,1.055578e+01,5.892757e+00,-9.617213e-01,9.360660e-01,2.816506e-01
6.870471e+00,1.039807e+01,4.104105e+00,-8.007174e-01,1.889876e+00,4.518427e-01
7.977358e+00,7.719811e+00,2.433396e+00,-7.900967e-01,1.881758e+00,4.812104e-01
3.742563e+00,8.987727e+00,2.592982e+00,-7.018809e-01,9.947436e-01,1.124428e-01
-2.768061e+00,8.544357e+00,2.276992e+00,-9.727243e-01,-8.568055e-01,-4.364063e-01
-4.311156e+00,7.891908e+00,1.911734e+00,-1.098885e+00,-1.360175e+00,-5.699700e-01
1.194496e+00,8.580142e+00,3.575721e+00,-1.314132e+00,-9.582229e-01,-3.101577e-01
3.557274e+00,9.854958e+00,4.141991e+00,-1.440379e+00,-4.361909e-01,-1.144309e-01
1.213618e+00,8.792265e+00,-3.118509e-01,-1.602796e+00,-5.851297e-01,-1.305742e-01
-9.847644e-02,8.310877e+00,-2.303195e+00,-1.792766e+00,-1.119334e+00,-1.771183e-01
-8.814283e-04,8.640838e+00,3.925123e-01,-2.297881e+00,-1.154528e+00,8.138282e-03
4.105564e+00,1.042712e+01,2.683110e-02,-2.671440e+00,-9.435467e-01,1.416087e-01
1.161817e+01,1.985897e+01,-4.217882e+00,-3.591468e+00,-6.149618e-01,3.656649e-01
7.129523e+00,2.301607e+01,4.087041e+00,-4.318308e+00,-1.375722e+00,3.734858e-01
-1.070143e+01,1.871834e+01,1.819858e+01,-4.942299e+00,-3.780567e+00,4.303732e-01
-1.383153e+01,2.428065e+01,1.897315e+01,-4.675484e+00,-5.060620e+00,3.373347e-02
-8.122157e-01,-1.567128e+00,1.856972e+01,-3.201488e+00,-2.240446e+00,7.209827e-01
3.866420e+00,1.141735e+00,1.095523e+01,-8.846615e-01,4.782746e-01,1.230885e+00
2.285697e+00,8.922196e+00,9.823205e+00,-7.210005e-01,2.092293e+00,1.462777e+00
1.690000e+00,5.777579e+00,1.012445e+01,1.255705e-01,1.809955e+00,1.271041e+00
2.726682e+00,-1.030514e+00,7.880374e+00,2.870243e+00,1.382307e+00,7.186332e-01
2.644157e+00,2.142320e-01,8.750193e+00,4.084536e+00,1.422561e+00,6.311121e-01
3.782678e-01,1.324483e+00,1.012380e+01,5.087730e+00,1.276265e+00,4.212082e-01
-2.144773e-01,9.675180e-01,1.196431e+01,5.773498e+00,1.107265e+00,3.604591e-01
-1.120012e+00,-2.557600e-01,1.396574e+01,7.235942e+00,1.131403e+00,3.010393e-01
7.365741e-01,-1.481874e+00,1.457515e+01,7.906135e+00,1.395040e+00,3.169307e-01
9.657505e-01,1.330240e-01,9.730880e+00,8.156159e+00,2.365182e+00,4.934734e-01
-3.802900e+00,-1.731130e+00,8.703388e+00,7.436011e+00,2.665217e+00,8.111918e-01
-2.803147e+00,-1.164699e+01,5.988446e+00,3.595434e+00,2.419362e+00,1.429781e-01
7.348297e+00,1.402009e+01,-5.668394e-01,6.332536e-01,2.802496e+00,-8.418290e-02
1.288039e+01,2.307981e+01,1.146077e+01,-4.105108e+00,3.199657e+00,8.239847e-01
2.169896e+00,-1.080135e+01,1.363951e+01,-3.553445e+00,2.358856e+00,1.391501e+00
-2.279826e+00,1.159403e+01,1.259948e+01,-1.633217e+00,-8.111355e-01,-1.790338e+00
-1.022251e+01,1.406311e+01,1.119086e+01,-2.463664e+00,-2.014441e-01,2.784838e-01
5.042700e+00,1.017580e+01,6.571773e+00,-1.263557e+00,4.208876e-01,-4.871415e-02
7.670834e+00,7.218541e+00,5.769375e+00,-7.632302e-01,2.259861e+00,2.240874e-01
8.662185e+00,1.077171e+01,5.218456e+00,-4.033130e-01,2.186309e+00,3.789887e-01
3.353807e+00,9.607967e+00,4.679926e+00,-4.985420e-01,8.627034e-01,1.166964e-02
9.453682e-01,8.970404e+00,3.074751e+00,-3.392526e-01,-7.297808e-01,-4.670671e-01
9.455230e-01,8.406639e+00,2.224289e+00,-3.562668e-01,-1.062301e+00,-5.815110e-01
-8.850474e-01,7.006001e+00,1.686210e+00,-5.279833e-01,-9.756111e-01,-5.366750e-01
-2.991241e+00,6.908060e+00,2.170112e+00,-7.180968e-01,-1.073604e+00,-4.977788e-01
-2.622990e+00,6.970853e+00,3.087194e+00,-1.002420e+00,-1.068280e+00,-3.503414e-01
2.552928e-02,7.375689e+00,3.903657e+00,-1.150378e+00,-7.055536e-01,-2.220920e-01
1.461950e+00,7.876830e+00,3.902225e+00,-1.318171e+00,-1.431854e-01,-4.651014e-02
1.700636e+00,7.703447e+00,1.657603e+00,-1.379948e+00,-1.591874e-01,-2.109985e-02
3.177404e+00,8.058139e+00,-1.995757e+00,-1.632327e+00,-3.948211e-01,7.545799e-02
4.568196e+00,9.284660e+00,-1.735340e+00,-2.051280e+00,-5.609323e-01,1.565936e-01
2.724416e+00,1.494786e+01,-1.843797e+00,-2.829698e+00,-8.853832e-01,1.269324e-01
3.118989e+00,2.654639e+01,-1.936003e+00,-3.457043e+00,-1.303684e+00,1.389006e-01
-1.579523e+00,2.336906e+01,9.901698e+00,-4.681220e+00,-2.200396e+00,7.175848e-01
-9.134714e+00,1.758075e+01,1.965486e+01,-4.755721e+00,-3.405028e+00,1.076710e+00
-7.680310e+00,1.263909e+01,2.015982e+01,-3.746664e+00,-3.071180e+00,4.395069e-01
-1.151810e-01,4.592599e-01,1.896616e+01,-2.324326e+00,-1.108679e+00,6.146242e-01
5.595231e+00,6.302733e+00,7.253537e+00,-9.082546e-02,1.546040e+00,1.266044e+00
3.402566e+00,6.979723e+00,1.008656e+01,2.802844e-01,2.297376e+00,1.305109e+00
1.195873e+00,7.799299e-01,8.581764e+00,2.307809e+00,1.558376e+00,5.754312e-01
5.098132e-01,-2.395713e+00,8.871426e+00,3.684518e+00,1.251733e+00,3.859736e-01
8.043137e-01,-1.946861e-01,8.706412e+00,4.888913e+00,1.480567e+00,1.240101e-01
8.076459e-01,1.374456e-01,1.019527e+01,5.466411e+00,1.774400e+00,-1.094048e-03
3.243677e+00,2.014999e-02,1.202682e+01,6.579079e+00,1.952190e+00,-1.732827e-02
5.363671e+00,1.131901e+00,1.341326e+01,7.253665e+00,2.015629e+00,-1.296703e-01
6.207612e+00,8.783709e+00,1.027826e+01,8.140183e+00,1.866304e+00,-4.331002e-01
1.965455e+00,1.326209e+01,8.559543e+00,8.162401e+00,1.628248e+00,-5.118632e-01
-1.538866e+01,-1.543160e+00,7.251848e+00,6.487541e+00,4.360459e-01,-7.653229e-01
-6.920110e+00,-9.986073e+00,-5.973244e-01,5.030705e+00,4.025584e-01,-1.144925e+00
3.439682e+00,-6.438521e+00,3.115080e+00,1.438209e+00,3.037360e+00,-2.888897e-03
7.522994e+00,1.173470e+01,5.960994e+00,-1.407184e+00,3.247474e+00,2.880421e-01
2.007648e+01,3.729794e+01,-3.276305e+00,-4.215621e+00,2.225950e+00,2.033025e-02
-1.671738e+01,-1.063541e+01,9.517516e+00,-3.358099e+00,1.798172e+00,6.037649e-01
4.148685e+00,7.326375e+00,1.788931e+01,-1.162013e+00,-6.568832e-01,-2.053068e+00
9.356350e+00,1.562834e+01,1.118653e+01,-3.842151e+00,2.964857e+00,6.644713e-01
4.638699e+00,7.916695e+00,7.509435e+00,-2.440931e+00,3.153037e+00,7.162608e-01
-2.397730e+00,7.670592e+00,7.136456e+00,-1.765818e+00,2.147051e-01,-5.435545e-01
-5.766614e+00,1.081368e+01,7.493719e+00,-1.836408e+00,-1.406968e+00,-5.377294e-01
-2.582035e+00,1.167951e+01,6.877663e+00,-1.565597e+00,-1.091715e+00,-3.035579e-01
5.460944e+00,8.174197e+00,4.319391e+00,-1.286407e+00,4.741076e-01,-1.537673e-02
7.505438e+00,7.736905e+00,3.604032e+00,-1.062629e+00,8.060983e-01,1.461971e-01
3.649157e+00,8.267700e+00,3.880696e+00,-1.043380e+00,1.297922e-01,-7.029334e-02
-9.207986e-01,8.059184e+00,4.315408e+00,-1.130061e+00,-7.965944e-01,-3.543428e-01
-4.884017e+00,7.381997e+00,4.208998e+00,-1.262653e+00,-1.937293e+00,-6.759398e-01
-3.424868e+00,7.318586e+00,4.317487e+00,-1.319666e+00,-1.689317e+00,-5.082672e-01
7.801716e-01,8.603448e+00,4.613148e+00,-1.388416e+00,-6.530970e-01,-9.743106e-02
-1.628990e-01,8.092734e+00,3.375508e+00,-1.435867e+00,-1.883781e-01,9.957744e-02
1.386409e+00,7.972950e+00,-6.488881e-01,-1.508248e+00,-3.218718e-01,1.569263e-01
5.311047e+00,8.799328e+00,-1.345447e+00,-1.760813e+00,-3.536879e-01,2.146407e-01
4.573490e+00,1.124758e+01,-4.438399e-01,-2.358660e+00,-3.781605e-01,1.946263e-01
3.533514e+00,1.688188e+01,-1.322144e+00,-2.847453e+00,-7.885495e-01,1.817818e-01
1.900061e+00,2.217075e+01,2.324407e+00,-4.015574e+00,-1.861112e+00,4.711719e-01
-5.700092e+00,1.669947e+01,1.480913e+01,-4.466182e+00,-2.523375e+00,5.710921e-01
-6.902037e+00,2.041909e+01,1.770589e+01,-4.414790e+00,-3.413627e+00,2.734511e-01
-1.374228e+00,1.178520e+01,1.571814e+01,-4.037255e+00,-1.985678e+00,4.512247e-01
8.516783e+00,1.012376e+00,1.279455e+01,-1.396844e+00,6.577756e-01,7.927341e-01
9.035543e+00,7.878699e+00,7.727462e+00,-4.324316e-01,1.749670e+00,5.571438e-01
2.654564e+00,4.624227e+00,9.005428e+00,2.197965e-01,1.004563e+00,1.349816e-01
7.109092e-01,-8.399955e-02,6.683273e+00,1.972305e+00,3.233976e-02,-7.327213e-01
8.060619e-01,-1.524965e+00,7.296062e+00,3.637286e+00,5.853314e-02,-1.139938e+00
1.289923e+00,-1.173385e-01,7.531321e+00,4.421854e+00,5.202086e-01,-1.290839e+00
1.412535e+00,7.254896e-01,9.747028e+00,5.313854e+00,1.192453e+00,-1.394363e+00
1.937826e+00,1.468910e+00,1.126107e+01,5.847336e+00,1.400884e+00,-1.324205e+00
3.546655e+00,2.073905e+00,1.222621e+01,6.994882e+00,1.862368e+00,-1.176965e+00
3.234493e+00,4.198284e+00,1.165318e+01,7.803970e+00,2.065360e+00,-9.193789e-01
-3.108353e+00,1.119392e+01,9.593894e+00,7.911927e+00,1.960026e+00,-4.026752e-01
-8.792255e+00,-6.936892e-01,9.922757e+00,7.048408e+00,1.369669e+00,2.614825e-01
4.768333e+00,-1.459986e+01,-3.243889e+00,4.728291e+00,1.892550e+00,4.787538e-01
9.879935e+00,-8.375773e-01,1.404176e+00,2.015676e+00,3.357878e+00,4.493692e-01
2.356507e+01,3.941000e+01,-6.954641e+00,-2.291731e+00,2.356634e+00,2.289977e-01
-5.288537e+00,4.154051e+00,6.611354e+00,-3.853333e+00,8.545449e-01,-3.484679e-02
-9.077721e+00,-2.797700e+00,1.842361e+01,-1.385323e+00,-1.818050e+00,-1.545893e+00
3.424139e-01,1.402445e+01,1.827292e+01,-3.122220e+00,-9.565181e-01,-8.073453e-01
1.847985e+00,1.275431e+01,8.188480e+00,-3.497372e+00,1.452755e+00,3.790174e-01
-3.439408e+00,9.677369e+00,7.999277e+00,-1.903969e+00,7.855485e-01,2.741138e-01
4.141110e-01,8.945992e+00,3.868356e+00,-1.202361e+00,1.058333e-01,-1.282417e-02
2.181653e+00,1.220000e+01,3.320703e+00,-9.973077e-01,6.557287e-01,2.499376e-01
2.747437e+00,8.769146e+00,1.977035e+00,-8.589894e-01,8.424314e-01,1.236322e-01
2.741053e+00,7.651313e+00,1.004733e+00,-7.958078e-01,5.216908e-01,1.108881e-01
7.982635e-01,8.034246e+00,2.943333e-01,-8.617827e-01,-1.834165e-01,-1.879530e-01
-2.280369e+00,7.236703e+00,9.762474e-01,-1.082355e+00,-6.223502e-01,-3.316931e-01
-4.130987e+00,6.923883e+00,2.955103e+00,-1.389064e+00,-1.023930e+00,-4.354412e-01
-5.469056e-01,7.920000e+00,4.586201e+00,-1.571166e+00,-7.811936e-01,-4.224142e-01
4.151365e+00,8.139305e+00,4.397579e+00,-1.753569e+00,-2.052586e-02,-1.786858e-01
4.457163e+00,7.254971e+00,2.559740e+00,-1.755289e+00,1.831510e-01,-1.815062e-01
3.603070e+00,8.851020e+00,9.636572e-01,-1.972405e+00,-4.263954e-01,-2.170834e-01
2.546800e+00,9.843226e+00,2.241360e+00,-2.256649e+00,-8.494383e-01,-2.332310e-01
1.907503e-01,9.662979e+00,3.710641e+00,-2.830120e+00,-1.411016e+00,-2.997606e-01
7.712614e+00,1.098009e+01,4.770326e-01,-3.134572e+00,-1.756403e+00,-2.193546e-01
1.196917e+01,2.388673e+01,-4.388877e+00,-3.650369e+00,-1.332476e+00,1.865052e-01
-2.124167e+00,2.004686e+01,7.786320e+00,-4.451735e+00,-2.285151e+00,3.298374e-01
-1.513299e+01,2.386241e+01,2.060537e+01,-4.664344e+00,-5.602236e+00,-2.259017e-01
-1.127398e+01,1.533879e+01,1.835324e+01,-4.556108e+00,-5.259358e+00,-2.811000e-01
5.203726e+00,2.783689e-01,1.832612e+01,-2.363840e+00,-9.949529e-01,8.767558e-01
1.245647e+01,8.275628e+00,8.411280e+00,-8.374837e-01,1.789381e+00,1.044143e+00
7.225266e+00,6.245003e+00,8.478389e+00,-2.607291e-01,2.250854e+00,5.374189e-01
4.554438e+00,2.552886e+00,7.182459e+00,1.159025e+00,1.348661e+00,-3.339282e-01
1.895661e+00,-5.485184e-01,7.346153e+00,3.548823e+00,3.136226e-01,-1.351196e+00
1.654901e+00,1.501975e+00,9.407163e+00,4.429890e+00,4.516571e-01,-1.678586e+00
1.368927e+00,2.293207e+00,9.763195e+00,5.450240e+00,1.091588e+00,-1.816013e+00
1.966956e+00,1.915212e+00,1.294356e+01,6.237855e+00,1.440594e+00,-1.658520e+00
6.373268e+00,4.697998e+00,1.202276e+01,7.629459e+00,2.088951e+00,-1.359158e+00
8.765363e+00,9.101032e+00,1.081729e+01,8.316866e+00,2.289863e+00,-9.040256e-01
-1.836019e+00,4.277751e+00,6.539314e+00,8.454775e+00,1.782596e+00,-4.677511e-02
-1.198044e+01,-5.057897e+00,1.031789e+01,7.747002e+00,6.689991e-01,-1.043680e-01
2.026269e+00,-1.257748e+01,-2.261792e+00,4.923045e+00,8.353863e-01,-4.194446e-01
7.994734e+00,-7.043953e+00,3.461482e+00,2.035040e+00,2.852834e+00,2.956836e-01
1.802756e+01,3.941000e+01,-4.711340e+00,-2.747746e+00,2.165249e+00,4.008233e-01
1.394408e+01,3.740017e+01,7.118556e+00,-4.392522e+00,1.104941e+00,2.322077e-03
-1.138508e+01,-6.906040e+00,1.629260e+01,-1.624311e+00,-1.058424e+00,-3.668689e-01
6.271430e-01,6.024879e+00,1.627916e+01,-2.954194e+00,-1.350885e+00,-1.934801e+00
1.137838e+00,1.747005e+01,1.008281e+01,-3.084725e+00,2.045955e+00,8.032939e-01
3.024030e+00,1.248507e+01,9.430742e+00,-2.233879e+00,2.041105e+00,5.522147e-01
2.471315e+00,6.947083e+00,4.446390e+00,-1.223045e+00,1.356493e+00,2.971897e-01
2.238831e+00,1.117773e+01,5.074221e+00,-9.505792e-01,9.138533e-01,1.492510e-01
2.630110e+00,1.058322e+01,3.634432e+00,-9.821889e-01,3.824381e-01,-3.094107e-02
2.352412e+00,7.774524e+00,2.273902e+00,-9.290533e-01,1.457027e-01,-7.298716e-02
4.279858e-01,8.589462e+00,9.968070e-01,-8.033837e-01,-5.208639e-01,-2.980741e-01
-1.618986e+00,8.095470e+00,8.581582e-01,-9.336602e-01,-8.906931e-01,-3.687542e-01
-2.338611e+00,7.604230e+00,1.348156e+00,-1.159959e+00,-1.146094e+00,-4.897001e-01
-1.068394e+00,7.304144e+00,2.437074e+00,-1.376459e+00,-1.017513e+00,-4.120426e-01
2.814055e+00,8.221562e+00,4,-1.672725e+00,-5.517635e-01,-3.126392e-01
2.542011e+00,8.053142e+00,2.764067e+00,-1.832275e+00,-5.077987e-01,-2.911867e-01
4.380728e-01,7.445594e+00,-3.343689e-01,-2.028292e+00,-9.529053e-01,-3.393356e-01
1.386626e+00,8.511429e+00,-1.087001e-01,-2.208979e+00,-1.246290e+00,-3.084525e-01
2.477701e+00,9.622455e+00,2.427545e+00,-2.805178e+00,-1.336866e+00,-1.960697e-01
6.200304e+00,9.809758e+00,6.530135e-01,-3.221341e+00,-1.549807e+00,-2.441158e-01
7.075814e+00,2.033621e+01,-2.192791e+00,-3.769169e+00,-1.821675e+00,-2.692652e-02
-5.093087e+00,2.121886e+01,9.420456e+00,-4.394252e+00,-2.335673e+00,1.181389e-01
-1.338679e+01,2.615792e+01,2.010915e+01,-4.931531e+00,-4.714883e+00,-1.118198e-01
-8.892230e+00,1.934509e+01,1.892725e+01,-4.870032e+00,-4.427641e+00,4.419189e-02
1.001089e+01,6.199727e-01,1.892892e+01,-3.283125e+00,-1.040559e+00,1.060595e+00
1.336395e+01,3.902041e+00,1.006263e+01,-1.369907e+00,1.113451e+00,1.038809e+00
6.167150e+00,6.788272e+00,9.022630e+00,-5.650308e-01,1.771174e+00,3.621987e-01
3.410553e+00,2.595567e+00,7.080955e+00,7.610130e-01,5.226208e-01,-6.445758e-01
1.947998e+00,-1.498814e+00,6.598799e+00,3.087413e+00,-1.764041e-01,-1.640311e+00
2.539767e+00,-8.037985e-02,7.359668e+00,3.880685e+00,-6.027063e-02,-1.785795e+00
2.516050e+00,1.178185e+00,8.607687e+00,4.938125e+00,8.252603e-01,-1.962308e+00
2.527349e+00,1.522758e+00,1.042772e+01,5.724387e+00,1.169652e+00,-1.792456e+00
3.927178e+00,1.251645e+00,1.243724e+01,6.923866e+00,1.612708e+00,-1.578272e+00
6.310866e+00,2.228583e+00,1.336669e+01,7.584526e+00,1.728579e+00,-1.393206e+00
2.266474e+00,5.831250e+00,9.091155e+00,8.224810e+00,1.810089e+00,-5.406275e-01
-7.416639e+00,-2.633891e+00,7.136428e+00,7.628949e+00,7.915899e-01,-5.213826e-02
-1.406968e+01,-1.993250e+01,6.461487e+00,4.828158e+00,2.345542e-01,-2.326300e-01
8.421207e+00,3.489587e+01,-6.731496e+00,2.076710e+00,1.310028e+00,-5.899116e-02
1.201289e+01,2.130276e+01,7.956519e+00,-4.962462e+00,4.376001e+00,1.502895e+00
1.308147e+01,-2.240241e+01,1.248771e+01,-4.324639e+00,4.003225e+00,2.299258e+00
7.449519e+00,1.070803e+01,1.383422e+01,-2.119844e+00,6.020696e-01,-1.508351e+00
-1.272600e+01,2.090020e+01,1.721718e+01,-2.838998e+00,-7.413779e-01,-4.669847e-01
-5.268365e+00,9.771587e+00,6.749414e+00,-2.101075e+00,-2.082964e+00,-5.693100e-01
3.672075e+00,4.980782e+00,7.399343e+00,-1.354831e+00,3.111059e-01,3.425380e-02
9.220477e+00,1.204788e+01,5.830490e+00,-7.488428e-01,2.327668e+00,7.082205e-01
6.827247e+00,1.133582e+01,4.601926e+00,-8.374901e-01,2.164412e+00,6.072066e-01
2.103973e+00,8.640000e+00,3.325992e+00,-5.825433e-01,1.146509e-01,1.895341e-01
5.339887e-01,8.797752e+00,2.743301e+00,-5.507634e-01,-7.060018e-01,-1.622854e-01
-2.414468e+00,7.654656e+00,9.244180e-01,-6.824681e-01,-1.178329e+00,-3.602683e-01
-4.171747e+00,5.799812e+00,1.124839e+00,-8.363679e-01,-1.337977e+00,-3.635823e-01
-3.359721e+00,5.639747e+00,2.914381e+00,-1.128299e+00,-1.295991e+00,-2.289181e-01
7.070229e-01,6.845906e+00,4.647643e+00,-1.355133e+00,-9.291636e-01,-1.580989e-01
4.208386e+00,7.386949e+00,3.611733e+00,-1.572723e+00,-3.947799e-01,-5.165522e-02
4.568786e+00,7.144252e+00,9.826016e-01,-1.639130e+00,-4.465463e-01,-7.686986e-02
3.154221e+00,8.348941e+00,-1.458941e+00,-1.874813e+00,-8.815078e-01,-5.704307e-02
3.393504e+00,8.572809e+00,-7.433139e-01,-2.183213e+00,-1.264216e+00,-3.285463e-02
5.825496e+00,1.121935e+01,-2.475043e+00,-2.935910e+00,-1.720662e+00,-8.131379e-02
4.271875e+00,1.905214e+01,-3.580094e+00,-3.549172e+00,-2.020008e+00,1.755264e-01
-1.030008e+01,2.246047e+01,1.578589e+01,-4.449464e+00,-2.979598e+00,5.503772e-01
-1.513880e+01,2.772062e+01,2.030759e+01,-4.762999e+00,-4.277521e+00,5.836719e-01
-6.109769e+00,1.376955e+01,2.009720e+01,-4.803822e+00,-2.661316e+00,7.489117e-01
1.060372e+01,2.407189e+00,1.962406e+01,-3.267464e+00,-3.815308e-01,1.409992e+00
1.408376e+01,9.957518e+00,1.035825e+01,-1.026686e+00,2.894605e+00,1.500734e+00
6.528524e+00,5.024272e+00,1.047112e+01,-6.053470e-01,2.338968e+00,9.446629e-01
1.982931e+00,9.143451e-01,7.392223e+00,1.900985e+00,4.865883e-01,-5.405391e-01
1.468341e-01,-1.613610e+00,7.308314e+00,3.079563e+00,-3.909689e-02,-9.645217e-01
1.364715e+00,-1.442023e+00,8.337642e+00,4.810662e+00,3.986534e-01,-1.573329e+00
2.174166e+00,4.512146e-01,9.462603e+00,5.535494e+00,1.150933e+00,-1.653065e+00
3.274517e+00,1.095309e+00,1.289580e+01,6.494849e+00,1.816096e+00,-1.350671e+00
3.519400e+00,1.607201e+00,1.379230e+01,7.083207e+00,2.043048e+00,-1.229522e+00
5.928632e+00,4.054401e+00,1.300937e+01,8.277866e+00,2.192563e+00,-8.489995e-01
4.061622e+00,9.171060e+00,9.463425e+00,8.479120e+00,2.128058e+00,-4.380185e-01
-1.238796e+01,-3.587223e+00,6.748126e+00,7.524213e+00,9.336722e-01,1.526616e-01
-6.378850e+00,-1.416449e+01,-2.165487e+00,6.103040e+00,3.441712e-01,-2.791145e-01
4.047688e+00,-3.339387e+00,6.567761e+00,2.197245e+00,2.333637e+00,-3.809331e-02
1.013498e+01,3.027378e+01,-2.240231e+00,-1.200804e+00,2.980665e+00,6.493236e-01
-8.421571e+00,1.218620e+01,1.220816e+01,-4.273018e+00,2.168703e+00,4.196912e-01
-1.974418e+01,-1.277084e+01,1.577538e+01,-2.251662e+00,1.617128e+00,9.963562e-01
7.130651e+00,9.339917e+00,1.774948e+01,-2.840453e+00,3.363236e-01,-1.293413e+00
1.087717e+01,2.038264e+01,8.614370e+00,-3.754725e+00,3.072503e+00,1.034742e+00
1.044223e+00,8.287763e+00,8.206816e+00,-2.246643e+00,2.127520e+00,5.292622e-01
-7.844108e-01,8.193584e+00,4.363658e+00,-1.441557e+00,2.910722e-01,-4.362755e-01
-4.544201e-01,1.257676e+01,5.691487e+00,-1.383362e+00,-1.154551e-01,-7.590158e-02
2.453757e+00,1.027488e+01,3.706366e+00,-1.158144e+00,-1.159496e-01,-1.712584e-01
2.848141e+00,8.496073e+00,2.333388e+00,-1.042754e+00,1.267595e-01,1.949582e-03
1.564116e+00,8.918013e+00,1.822766e+00,-8.983302e-01,-6.785715e-02,-4.713016e-02
-1.146846e+00,7.672592e+00,9.715302e-01,-1.011848e+00,-6.406653e-01,-2.607651e-01
-1.352093e+00,6.752026e+00,9.417139e-01,-1.153355e+00,-9.261856e-01,-3.355140e-01
-1.330790e+00,7.163050e+00,3.112290e+00,-1.425447e+00,-1.074692e+00,-3.834303e-01
8.231786e-01,7.206483e+00,5.267093e+00,-1.642690e+00,-1.130174e+00,-4.048093e-01
2.819600e+00,7.945440e+00,4.317800e+00,-1.764221e+00,-1.049112e+00,-4.447105e-01
1.289565e+00,6.384044e+00,1.382912e+00,-1.845807e+00,-1.104646e+00,-4.124416e-01
1.724585e+00,1.005453e+01,-1.616107e+00,-2.055651e+00,-1.347925e+00,-2.679676e-01
1.775747e+00,9.856677e+00,-1.114268e+00,-2.502115e+00,-1.357148e+00,1.821084e-04
7.483268e+00,1.031199e+01,-1.522037e+00,-3.132219e+00,-1.381746e+00,9.729854e-02
1.374115e+01,1.961845e+01,-5.122830e+00,-3.622700e+00,-1.538465e+00,1.972579e-01
-1.248654e+00,2.295637e+01,1.183460e+01,-4.798492e+00,-2.306158e+00,4.962226e-01
-2.439227e+01,2.797582e+01,2.472387e+01,-5.223745e+00,-4.676781e+00,4.904325e-01
-1.456418e+01,1.059237e+01,2.052465e+01,-4.826911e+00,-5.624694e+00,-2.282266e-02
2.769746e+00,9.205514e-02,2.351947e+01,-3.615823e+00,-2.612580e+00,1.101017e+00
1.379305e+01,1.111127e+01,1.104564e+01,-6.296264e-01,3.710848e+00,2.338349e+00
1.055739e+01,5.468899e+00,9.857805e+00,-2.702296e-01,4.042021e+00,2.049429e+00
6.531301e+00,1.271036e+00,7.491434e+00,1.847932e+00,2.427864e+00,1.154576e+00
2.466996e+00,-9.654580e-01,8.145971e+00,3.253138e+00,1.025455e+00,5.351263e-01
1.391884e+00,1.827146e-01,8.977839e+00,4.868230e+00,1.074453e-01,-3.300791e-01
1.631493e+00,2.597735e-01,9.459728e+00,5.562601e+00,4.403038e-01,-8.066565e-01
3.702490e+00,1.023091e+00,1.214371e+01,6.630939e+00,1.045303e+00,-8.787096e-01
5.415809e+00,1.141446e+00,1.413571e+01,7.175741e+00,1.398333e+00,-8.996296e-01
8.384106e+00,4.112556e+00,1.205243e+01,8.343042e+00,1.643472e+00,-8.556297e-01
1.640552e+00,7.951885e+00,1.076697e+01,8.660664e+00,1.398562e+00,-6.624345e-01
-1.609946e+01,-6.221405e+00,5.350179e+00,7.866927e+00,8.012221e-02,-5.891581e-01
-1.681012e+01,-9.887692e+00,1.161221e+01,6.425653e+00,-4.891270e-01,-9.982120e-01
8.489604e+00,-8.383949e+00,6.932270e+00,2.117562e+00,2.171352e+00,5.616638e-02
2.448712e+01,3.451817e+01,-1.042548e+01,-8.068981e-01,3.745187e+00,8.067321e-01
8.578369e+00,2.099780e+01,3.844490e+00,-4.252067e+00,2.480432e+00,5.363598e-01
-2.341215e+01,-5.915430e+00,1.749750e+01,-2.548799e+00,1.411074e+00,1.260663e+00
5.169626e-01,9.902169e+00,1.467128e+01,-3.157195e+00,-2.375415e+00,-1.887687e+00
6.526983e+00,1.842927e+01,1.049094e+01,-3.700509e+00,1.298470e+00,3.827628e-01
3.163602e+00,7.285076e+00,7.324146e+00,-2.704645e+00,2.466700e+00,6.124948e-01
-1.994054e-01,7.532330e+00,6.069932e+00,-1.929847e+00,1.568504e+00,-4.851290e-02
1.125708e+00,1.179809e+01,6.973381e+00,-1.629265e+00,1.751901e-01,3.220759e-02
4.304230e-01,1.033210e+01,5.769718e+00,-1.469869e+00,1.849883e-01,-9.706546e-02
2.034167e+00,9.008484e+00,4.548970e+00,-1.239764e+00,2.935102e-02,-1.557574e-01
4.009764e+00,8.867860e+00,3.388652e+00,-1.093416e+00,1.464726e-01,-1.128056e-01
3.221711e+00,8.345802e+00,2.811828e+00,-1.022673e+00,4.257967e-02,-1.452664e-01
-4.314473e-01,6.582888e+00,2.480408e+00,-1.080741e+00,-4.980008e-01,-3.315558e-01
-3.669232e+00,7.044424e+00,3.758970e+00,-1.258604e+00,-1.452787e+00,-6.251672e-01
-1.264239e+00,7.696513e+00,4.070906e+00,-1.439051e+00,-1.557641e+00,-5.860784e-01
2.851879e+00,8.394269e+00,1.475545e+00,-1.543721e+00,-9.112352e-01,-3.287504e-01
1.798212e+00,6.833486e+00,-1.872620e+00,-1.640939e+00,-5.164249e-01,-1.709577e-01
3.217630e+00,8.839548e+00,-1.984248e+00,-2.078294e+00,-9.386693e-01,-1.196319e-01
4.545360e+00,1.057512e+01,-7.307789e-02,-2.621831e+00,-1.177902e+00,-8.679788e-02
5.643296e+00,2.077592e+01,-3.695284e+00,-3.545837e+00,-1.557230e+00,-3.289265e-02
2.988554e+00,2.593995e+01,1.629181e-01,-4.006035e+00,-1.803844e+00,1.155638e-01
-7.875715e+00,2.280722e+01,1.828706e+01,-4.954523e+00,-3.354886e+00,4.704881e-01
-6.833037e+00,2.451314e+01,1.918349e+01,-5.004540e+00,-4.343908e+00,-1.681607e-02
7.249639e+00,1.591442e+00,2.115377e+01,-3.948901e+00,-2.085814e+00,3.101860e-01
1.336153e+01,6.273275e+00,8.955382e+00,-1.963107e+00,-5.497457e-01,2.099729e-01
2.371725e+00,8.149235e+00,1.039875e+01,-1.088799e+00,8.203676e-01,-3.516461e-01
-7.128966e-01,4.468096e+00,9.934529e+00,-1.724322e-01,1.592908e-01,-9.847118e-01
9.411813e-01,-6.636790e-01,8.485050e+00,2.705102e+00,8.465025e-02,-2.043196e+00
2.517862e+00,1.813418e+00,9.863418e+00,3.888095e+00,9.793211e-01,-1.855827e+00
3.145322e+00,1.340558e+00,9.913920e+00,4.985664e+00,2.123076e+00,-1.756896e+00
4.882865e+00,2.254609e-01,1.137265e+01,5.984840e+00,2.569109e+00,-1.332342e+00
6.626194e+00,1.213475e+00,1.178704e+01,7.319029e+00,2.617675e+00,-9.493554e-01
8.104138e+00,2.251001e+00,1.240248e+01,7.896855e+00,2.372439e+00,-7.974451e-01
1.788625e+00,6.476045e+00,7.191346e+00,8.434010e+00,1.508949e+00,-3.457730e-01
-1.554613e+01,-6.273770e+00,5.092856e+00,7.661508e+00,3.244127e-01,-1.433333e-01
-1.020768e+01,-1.336090e+01,1.143757e+00,5.191625e+00,-4.954389e-03,-6.754542e-01
2.706007e+00,-8.974194e+00,5.410448e+00,3.299628e+00,1.416282e+00,-3.260225e-01
1.357419e+01,2.330542e+01,6.410299e+00,-1.463338e+00,4.526475e+00,1.369761e+00
3.817918e+01,3.864696e+01,-8.673390e+00,-3.649587e+00,3.948560e+00,9.619774e-01
-2.641066e+01,-1.349932e+01,1.965027e+01,-2.291535e+00,2.269067e+00,1.328644e+00
3.512608e+00,2.722996e+00,1.863867e+01,-4.415000e-01,-1.151869e+00,-1.151179e+00
9.779070e-01,1.611625e+01,7.447725e+00,-4.095105e+00,1.573007e+00,-2.772459e-01
-1.867812e+00,1.116121e+01,1.296151e+01,-3.124921e+00,1.771672e+00,1.275971e+00
1.304786e+00,8.663109e+00,6.678323e+00,-1.477049e+00,4.977495e-01,-2.361852e-01
2.859238e+00,9.052768e+00,5.107247e+00,-1.640650e+00,5.782939e-01,4.730333e-01
6.175394e+00,1.243158e+01,2.459658e+00,-8.995585e-01,2.565909e-01,-2.287262e-02
2.213634e+00,7.775931e+00,7.398031e-01,-9.367452e-01,1.321453e-01,8.865416e-02
-2.206458e+00,6.265784e+00,1.461094e+00,-8.121700e-01,-9.832392e-01,-3.154863e-01
-5.793141e+00,6.014892e+00,2.397884e+00,-9.887088e-01,-1.547186e+00,-3.651593e-01
-2.153530e+00,7.567385e+00,2.596310e+00,-1.204485e+00,-1.763026e+00,-4.774552e-01
-6.697226e-02,6.997781e+00,3.192162e+00,-1.382606e+00,-1.181966e+00,-3.402909e-01
3.898841e+00,8.779791e+00,-5.533855e-01,-1.530336e+00,-6.029213e-01,-2.294368e-01
2.520856e+00,7.429894e+00,-2.830534e+00,-1.646348e+00,-5.754221e-01,-1.902474e-01
2.255912e+00,7.436300e+00,-9.023764e-02,-2.203895e+00,-1.091838e+00,-1.676035e-01
3.320084e+00,1.095029e+01,2.138050e+00,-2.722606e+00,-1.438615e+00,-1.357122e-01
1.559512e+01,1.213091e+01,-4.611465e+00,-3.575723e+00,-1.464020e+00,1.025911e-01
1.671344e+01,1.818070e+01,-7.427951e+00,-3.849948e+00,-1.379025e+00,2.513829e-01
-1.002592e+01,2.464510e+01,1.966545e+01,-4.969896e+00,-3.076949e+00,5.574244e-01
-2.377715e+01,2.846870e+01,2.440788e+01,-5.233494e+00,-5.189394e+00,4.671372e-01
-1.043901e+01,6.565066e+00,2.281178e+01,-4.880671e+00,-4.920070e+00,1.742731e-01
4.273781e+00,-3.150419e+00,2.195761e+01,-2.871949e+00,-1.577465e+00,1.667107e+00
1.083216e+01,9.996890e+00,8.729143e+00,-3.601853e-01,3.577548e+00,2.027741e+00
7.810021e+00,6.727476e+00,9.568601e+00,-4.248820e-01,3.884524e+00,1.941009e+00
4.613522e+00,5.401503e-01,7.092616e+00,1.910050e+00,1.878188e+00,7.790643e-01
2.874219e+00,-1.910460e+00,7.868141e+00,3.355324e+00,9.115354e-01,2.350294e-01
1.707990e+00,9.315497e-01,8.785992e+00,4.737676e+00,3.316444e-01,-4.480588e-01
1.517109e+00,7.739803e-01,9.214772e+00,5.189424e+00,3.445083e-01,-8.893601e-01
2.827667e+00,-7.117777e-01,1.273402e+01,6.372146e+00,7.244158e-01,-1.040927e+00
2.381095e+00,3.404135e-01,1.331611e+01,7.067100e+00,1.028512e+00,-1.194524e+00
2.898960e+00,1.881051e+00,1.315897e+01,7.941656e+00,1.474009e+00,-1.357804e+00
3.050057e+00,9.680275e+00,9.486426e+00,8.256998e+00,1.839974e+00,-1.262711e+00
-1.038715e+01,-6.214176e+00,5.530627e+00,6.901821e+00,1.735169e+00,-8.133188e-02
-5.262712e+00,-1.317054e+01,6.595187e+00,5.400229e+00,1.278503e+00,3.985057e-02
1.284065e+01,8.627966e+00,1.993993e+00,2.124272e+00,2.520031e+00,1.939491e-01
3.318201e+01,3.823013e+01,-1.413638e+01,-7.562505e-01,3.860133e+00,6.421575e-01
-2.168956e+01,-1.789862e+00,1.957036e+01,-3.359640e+00,2.579266e+00,1.387092e+00
-2.247759e+00,-3.991139e+00,2.220788e+01,-1.994445e+00,-1.086011e+00,-8.790469e-01
-2.360845e+00,1.059848e+01,1.280560e+01,-3.788281e+00,6.636316e-01,-8.441923e-01
-2.281413e+00,1.593007e+01,1.479770e+01,-3.347807e+00,1.497023e+00,1.238202e+00
2.216103e+00,8.567510e+00,7.897895e+00,-1.548002e+00,7.709975e-01,-5.652733e-03
6.447216e+00,7.144740e+00,5.740110e+00,-1.172677e+00,1.467673e+00,7.834352e-01
1.071771e+01,1.337479e+01,3.148126e+00,-3.616983e-01,2.001633e+00,5.744862e-01
7.602969e+00,9.301306e+00,1.447961e+00,-5.031504e-01,1.904982e+00,6.010132e-01
3.540353e+00,6.704181e+00,4.781804e-01,-3.255210e-01,3.181009e-01,6.192402e-02
-2.168832e-01,6.808921e+00,1.782689e-01,-4.437923e-01,-5.581756e-01,-2.766253e-01
-6.854733e+00,5.328888e+00,5.376334e-02,-8.524688e-01,-1.727186e+00,-5.308952e-01
-5.627252e+00,5.657844e+00,5.738244e-01,-1.079688e+00,-2.046196e+00,-5.857152e-01
-1.017900e+00,8.250453e+00,3.198684e+00,-1.503070e+00,-1.336622e+00,-3.683857e-01
3.406580e+00,8.429226e+00,3.387678e+00,-1.773443e+00,-5.415674e-01,-1.026991e-01
3.528405e+00,8.860451e+00,3.379545e-01,-1.906144e+00,-1.267744e-01,-4.918989e-02
4.234164e+00,9.374722e+00,2.472223e-01,-2.047645e+00,-2.783087e-01,-3.431220e-03
5.587462e+00,9.986809e+00,2.868340e-01,-2.563666e+00,-8.470070e-01,3.085942e-02
6.488150e+00,1.458362e+01,-3.123945e+00,-2.981502e+00,-1.128593e+00,2.917647e-02
6.709366e+00,2.281174e+01,-4.179723e+00,-3.794133e+00,-1.631055e+00,2.747089e-01
-6.297282e+00,2.496589e+01,1.026307e+01,-4.415363e+00,-2.052962e+00,5.683916e-01
-1.724755e+01,2.457390e+01,2.239886e+01,-5.042208e+00,-4.139345e+00,7.377393e-01
-1.304415e+01,1.922416e+01,1.959515e+01,-4.738855e+00,-4.472891e+00,4.725605e-01
5.907707e+00,-2.704657e+00,2.095640e+01,-3.224031e+00,-7.614664e-01,1.808475e+00
1.178090e+01,4.073801e+00,1.187062e+01,-7.977902e-01,1.919292e+00,1.987862e+00
7.679231e+00,6.852613e+00,9.282357e+00,-5.357629e-02,3.242439e+00,1.753151e+00
2.722205e+00,1.858613e+00,7.921576e+00,9.215198e-01,2.157030e+00,1.251759e+00
-5.822244e-01,-2.643124e+00,7.972224e+00,3.256537e+00,4.119333e-01,1.945713e-01
-6.171518e-01,-2.626450e+00,8.405707e+00,4.390868e+00,-4.459376e-02,-6.047884e-02
-3.080011e-01,-1.704172e+00,9.660169e+00,5.493099e+00,5.980762e-01,-5.187969e-01
8.805775e-01,-2.020267e+00,1.317852e+01,6.120252e+00,1.123762e+00,-5.971163e-01
3.613655e+00,-1.036496e+00,1.451837e+01,7.176446e+00,1.771911e+00,-5.890215e-01
5.858288e+00,-4.048420e-01,1.127166e+01,7.723162e+00,1.950268e+00,-6.116292e-01
-2.248820e-01,1.254222e+01,1.015742e+01,8.567220e+00,2.380409e+00,-5.175131e-01
-7.016153e+00,-7.353312e+00,7.241840e+00,7.705350e+00,1.698216e+00,-3.105033e-02
9.246621e-01,-2.212620e+01,8.993078e+00,3.939099e+00,1.718311e+00,-4.407755e-01
2.101255e+01,2.621440e+01,-8.915183e-01,8.098472e-01,2.203899e+00,-2.940837e-01
5.768172e-01,1.345043e+01,1.600343e+01,-5.791727e+00,3.026656e+00,1.019409e+00
5.219953e+00,-1.927674e+01,1.985456e+01,-5.665636e+00,2.504086e+00,3.301045e+00
-2.802648e+00,9.527303e+00,1.521614e+01,-2.103441e+00,2.404948e-01,-1.796079e+00
-1.053502e+01,1.359970e+01,1.406097e+01,-3.173369e+00,1.338956e-01,8.030007e-02
-1.018539e+01,1.398033e+01,8.758516e+00,-1.226453e+00,-1.809296e+00,-5.265443e-01
-2.470402e-01,5.241272e+00,6.607271e+00,-9.947246e-01,-4.700114e-01,1.424893e-01
9.622315e+00,1.144958e+01,4.164938e+00,1.262363e-01,2.218093e+00,7.772285e-01
9.749277e+00,1.089232e+01,2.702347e+00,-5.946410e-02,2.982767e+00,1.158879e+00
4.046487e+00,7.759400e+00,2.206103e+00,-7.891310e-02,1.583709e+00,7.147931e-01
2.054194e+00,6.937985e+00,1.737985e+00,-1.158523e-01,3.336243e-01,2.597282e-01
-1.884112e+00,6.307009e+00,2.341656e-01,-3.353532e-01,-7.024069e-01,-2.104775e-01
-3.320530e+00,6.403176e+00,2.341704e+00,-5.576371e-01,-1.021092e+00,-3.344124e-01
3.439211e-01,7.660493e+00,4.475825e+00,-9.604680e-01,-9.568543e-01,-3.516662e-01
2.740813e+00,8.215051e+00,4.826294e+00,-1.094471e+00,-5.571698e-01,-2.067116e-01
2.371764e+00,8.166117e+00,1.584220e+00,-1.187115e+00,-1.470864e-01,-1.295519e-01
2.064518e+00,8.234518e+00,-1.627490e+00,-1.218890e+00,-3.037242e-01,-5.524194e-02
3.970052e+00,9.635044e+00,-5.181792e+00,-1.576462e+00,-5.285833e-01,2.292980e-01
3.413155e+00,1.140269e+01,-2.763121e+00,-1.999636e+00,-6.505904e-01,2.826405e-01
4.707172e+00,1.686571e+01,-3.598628e+00,-3.046704e+00,-1.269835e+00,2.257356e-01
-3.953400e-01,2.005551e+01,-1.213888e+00,-3.618277e+00,-1.390854e+00,4.955203e-01
-4.490248e+00,2.183980e+01,1.322199e+01,-4.289090e+00,-2.056835e+00,8.935590e-01
-7.188650e+00,2.659427e+01,1.799591e+01,-4.473543e+00,-3.125366e+00,6.736166e-01
-2.835964e+00,7.515317e+00,1.891655e+01,-3.912595e+00,-1.820116e+00,5.863529e-01
3.395997e+00,2.544968e+00,1.465138e+01,-2.292318e+00,-7.328427e-01,9.045089e-01
5.186262e+00,1.010915e+01,1.191800e+01,-7.506660e-01,1.612403e+00,7.251374e-01
3.505326e+00,7.484053e+00,1.064742e+01,-8.340419e-01,2.073240e+00,6.702214e-01
2.469279e+00,2.181881e+00,7.829887e+00,1.667846e+00,1.623440e+00,3.988984e-01
4.048971e+00,-1.013952e+00,7.770812e+00,2.993105e+00,1.462664e+00,-7.813612e-03
5.177329e+00,-6.687777e-01,7.652977e+00,4.492559e+00,1.617814e+00,-4.564951e-01
4.311204e+00,1.259101e+00,8.873499e+00,5.173210e+00,1.696618e+00,-6.627565e-01
2.216926e+00,1.422812e+00,1.170682e+01,6.002576e+00,1.189955e+00,-8.590843e-01
2.786730e-01,-3.137139e-01,1.288213e+01,6.655083e+00,8.500118e-01,-8.699970e-01
1.360098e-01,2.151865e+00,1.219803e+01,7.678667e+00,9.913320e-01,-9.410828e-01
-3.170669e+00,7.695440e+00,1.204627e+01,7.931461e+00,1.772903e+00,-7.172340e-01
-7.887692e+00,-5.313110e+00,7.729705e+00,6.600353e+00,2.202389e+00,6.716475e-01
3.924647e+00,-1.372040e+01,5.459707e+00,5.174688e+00,2.404155e+00,1.038885e+00
1.550242e+01,1.742702e+01,-1.268388e-01,1.724944e+00,3.833383e+00,1.023015e+00
2.318678e+01,3.941000e+01,-5.875477e+00,-1.478020e+00,3.540130e+00,2.732119e-01
-1.110517e+01,-2.782492e+00,1.580182e+01,-3.795165e+00,6.824758e-01,3.169255e-01
-4.475285e+00,-1.456853e+00,1.798689e+01,-2.018134e+00,-1.351235e+00,-6.773795e-01
1.863550e+00,1.388493e+01,1.043516e+01,-3.319336e+00,-9.467834e-01,-1.554247e+00
-9.650518e-01,1.586888e+01,1.017427e+01,-3.276368e+00,5.371371e-01,2.822629e-01
-1.845422e+00,8.101660e+00,4.430777e+00,-1.313336e+00,6.114724e-01,-2.552863e-01
-5.648302e-01,6.830601e+00,4.651175e+00,-1.116796e+00,7.660267e-01,1.795922e-01
4.414434e+00,1.400606e+01,4.437044e+00,-5.120649e-01,6.726266e-01,1.716618e-01
4.811890e+00,1.063518e+01,2.964941e+00,-6.163041e-01,1.029294e+00,1.556189e-01
3.910041e+00,9.224984e+00,9.300104e-01,-3.331718e-01,6.505316e-01,7.080118e-02
-3.252196e-01,8.125198e+00,1.842460e-01,-3.284678e-01,1.069423e-01,-1.199929e-01
-4.077465e+00,6.100659e+00,5.706937e-01,-5.863207e-01,-9.693646e-01,-3.873938e-01
-4.047366e+00,6.650437e+00,1.896915e+00,-8.073654e-01,-1.397640e+00,-5.409087e-01
1.985868e+00,8.410245e+00,5.545297e+00,-1.266153e+00,-1.126674e+00,-3.411951e-01
5.575955e+00,9.388450e+00,4.866230e+00,-1.363575e+00,-7.417613e-01,-2.527018e-01
2.647132e+00,9.215663e+00,1.593404e+00,-1.373087e+00,-7.357962e-01,-1.849790e-01
-1.306036e-01,8.014245e+00,-1.332375e+00,-1.411835e+00,-1.183367e+00,-2.061054e-01
2.040023e+00,1.080203e+01,-4.499315e+00,-1.672092e+00,-1.365328e+00,2.035179e-02
3.220171e+00,1.041704e+01,-2.086700e+00,-2.049538e+00,-1.136342e+00,2.723352e-01
7.824863e+00,1.227128e+01,-3.046523e+00,-2.864413e+00,-1.318838e+00,3.671945e-01
2.566535e+00,1.325218e+01,-3.676886e+00,-3.289753e+00,-1.652786e+00,4.241321e-01
-7.727456e+00,1.884121e+01,7.018270e+00,-3.953150e+00,-2.364135e+00,6.282232e-01
-6.432959e+00,2.431010e+01,1.486582e+01,-4.409584e+00,-2.947308e+00,5.871875e-01
-4.803381e+00,2.051334e+01,1.809427e+01,-4.929909e+00,-2.476336e+00,6.722992e-01
-1.319546e+00,1.063193e+01,1.906329e+01,-4.407563e+00,-1.239224e+00,1.006084e+00
8.080442e+00,7.260692e+00,1.404737e+01,-1.783102e+00,7.776679e-01,1.403147e+00
7.311336e+00,9.772724e+00,1.251538e+01,-1.231225e+00,1.709013e+00,9.822049e-01
2.265939e+00,4.134648e+00,9.741426e+00,-2.938189e-02,1.443107e+00,6.768033e-01
4.701150e-01,1.865143e+00,8.234999e+00,1.467927e+00,8.620430e-01,1.218368e-01
6.208243e-01,-2.680294e+00,9.332165e+00,3.710552e+00,5.755796e-01,-5.270807e-01
1.889416e+00,-1.924048e+00,8.892311e+00,4.643201e+00,9.347369e-01,-7.961034e-01
3.644186e+00,6.563543e-01,1.002443e+01,5.716705e+00,1.734743e+00,-9.933333e-01
4.492718e+00,1.073677e+00,1.130591e+01,6.244046e+00,1.967433e+00,-9.186472e-01
5.549722e+00,2.651672e+00,1.432238e+01,7.442835e+00,1.737201e+00,-8.750028e-01
5.920291e+00,4.959586e+00,1.174282e+01,8.049651e+00,1.524595e+00,-9.276593e-01
-5.638417e+00,1.229193e+01,8.039677e+00,8.665855e+00,1.185772e+00,-9.934070e-01
-1.662548e+01,2.506260e+00,9.217893e+00,8.220964e+00,8.088294e-01,-8.493463e-01
-2.876020e+00,-1.796388e+01,8.960376e-01,5.543248e+00,4.910724e-01,-5.992603e-01
1.066652e+01,-5.968293e+00,9.004396e+00,3.636762e+00,2.846643e+00,-1.278643e-01
2.794897e+01,3.409115e+01,-2.828609e+00,-1.698226e+00,4.287446e+00,7.494189e-01
1.450180e+01,2.142771e+01,3.518664e+00,-4.471848e+00,3.043702e+00,5.542694e-01
-1.169830e+01,-7.045080e+00,1.680466e+01,-1.906047e+00,4.096805e-01,7.356567e-01
1.292059e+00,9.141278e+00,1.713597e+01,-2.826376e+00,-2.954587e+00,-2.756428e+00
1.517651e+00,1.591773e+01,1.053894e+01,-4.422663e+00,7.279862e-01,-1.359259e-03
-5.782928e+00,1.117910e+01,1.131282e+01,-3.247952e+00,7.415553e-01,4.441293e-01
-4.161145e+00,8.620000e+00,4.848688e+00,-1.229329e+00,-2.401095e-01,-2.181006e-01
4.195077e+00,1.050806e+01,4.970325e+00,-9.459079e-01,5.795185e-01,4.436063e-01
9.141361e+00,1.039956e+01,2.024433e+00,-5.145193e-01,2.184604e+00,7.611032e-01
6.247541e+00,8.356489e+00,1.352677e+00,-5.826679e-01,1.997256e+00,6.232168e-01
-2.273199e-01,1.083525e+01,7.035523e-01,-4.677536e-01,2.013614e-01,-1.117275e-02
-2.491362e+00,9.192861e+00,-3.109007e-02,-6.932787e-01,-6.657198e-01,-2.546117e-01
-2.088379e+00,7.186081e+00,4.905191e-01,-9.342503e-01,-1.049326e+00,-3.428737e-01
-3.084633e+00,8.201021e+00,3.110735e+00,-1.119546e+00,-9.392422e-01,-3.012591e-01
2.747300e+00,9.663328e+00,4.830045e+00,-1.498754e+00,-9.640434e-01,-2.553674e-01
4.135543e+00,9.426093e+00,3.076124e+00,-1.530102e+00,-8.009845e-01,-2.387874e-01
1.989550e+00,8.710407e+00,-2.124476e+00,-1.534496e+00,-8.289243e-01,-2.018809e-01
1.532893e+00,8.532893e+00,-4.745826e+00,-1.667173e+00,-1.183766e+00,-1.705558e-01
3.267071e+00,1.113787e+01,-1.496295e+00,-2.283544e+00,-1.541692e+00,2.563184e-02
5.952661e+00,1.220796e+01,4.577606e-03,-2.890239e+00,-1.669021e+00,4.098666e-02
6.054113e+00,1.754778e+01,-3.563221e+00,-3.805701e+00,-1.844399e+00,2.675474e-01
-5.208472e+00,2.073373e+01,9.497612e+00,-4.101292e+00,-2.060453e+00,3.157142e-01
-1.773563e+01,2.989232e+01,2.098744e+01,-4.696919e+00,-4.752422e+00,8.561427e-01
-8.635382e+00,1.995024e+01,1.795746e+01,-4.849049e+00,-4.422356e+00,3.977103e-01
3.521521e+00,-1.087279e+00,1.771520e+01,-2.907073e+00,-4.949951e-01,1.446333e+00
8.468196e+00,5.790768e+00,1.313043e+01,-1.013676e+00,1.667861e+00,1.877327e+00
7.144000e+00,8.896000e+00,1.086000e+01,-1.021015e+00,3.130360e+00,1.181735e+00
4.332277e+00,5.066472e+00,8.125179e+00,-2.774443e-01,2.665173e+00,1.125265e+00
1.512183e+00,1.097722e+00,8.113803e+00,2.245191e+00,1.354782e+00,2.763386e-01
1.916127e+00,-1.547974e+00,9.087240e+00,3.434475e+00,8.885564e-01,-1.610829e-01
1.778378e+00,1.649789e+00,9.075900e+00,4.842495e+00,1.017316e+00,-7.389987e-01
1.018454e+00,1.303986e+00,1.041710e+01,5.308124e+00,1.046627e+00,-8.117764e-01
1.698945e+00,-1.534593e-02,1.448367e+01,6.453243e+00,8.022103e-01,-8.903343e-01
1.939793e+00,5.846398e-01,1.527546e+01,7.110430e+00,8.562276e-01,-9.845724e-01
1.528971e+00,4.662388e+00,1.165561e+01,8.157491e+00,1.202921e+00,-1.164502e+00
-2.642619e-01,8.170944e+00,1.009351e+01,8.373047e+00,1.505922e+00,-1.180400e+00
-1.010294e+01,-1.116976e+01,7.245336e+00,6.442678e+00,1.322215e+00,-4.213656e-01
-3.501586e+00,-1.233127e+01,8.918100e+00,4.845840e+00,1.175894e+00,-5.506574e-01
1.285311e+01,1.729604e+01,4.127368e+00,8.739201e-01,2.599668e+00,2.435784e-01
2.460755e+01,3.862698e+01,-6.294839e+00,-1.908679e+00,3.342418e+00,4.879019e-01
-1.260151e+01,-5.937557e+00,1.065916e+01,-2.529934e+00,2.508373e+00,1.141027e+00
4.903380e+00,4.794300e+00,1.247314e+01,1.203649e-02,-5.262781e-01,-1.022139e+00
4.548893e+00,1.266315e+01,3.129312e+00,-3.208822e+00,1.114872e-01,-1.124433e+00
-3.897838e-01,9.156408e+00,7.021393e+00,-3.367387e+00,1.858256e+00,1.074457e+00
-4.210651e+00,9.338359e+00,3.831615e+00,-1.630796e+00,2.509343e-01,-6.334218e-01
-2.271790e+00,9.768098e+00,3.445030e+00,-1.727828e+00,-4.570929e-01,-4.807726e-02
2.711456e+00,1.106314e+01,3.723244e+00,-1.186677e+00,7.288620e-02,-7.797817e-02
4.597219e+00,8.991910e+00,3.271882e+00,-1.262025e+00,9.074770e-01,2.067766e-01
1.788457e+00,8.440721e+00,3.945017e+00,-1.154192e+00,7.455179e-01,1.216944e-01
4.406707e-01,8.959390e+00,4.107317e+00,-1.243288e+00,2.270496e-01,-3.312627e-02
1.007305e+00,8.802027e+00,3.194388e+00,-1.246187e+00,-4.914015e-01,-1.744697e-01
7.100000e-01,8.415781e+00,2.436257e+00,-1.264219e+00,-6.659172e-01,-2.630713e-01
7.470016e-01,8.797926e+00,3.875852e+00,-1.327439e+00,-1.099839e+00,-3.576414e-01
-5.543495e-02,9.609625e+00,4.480375e+00,-1.395802e+00,-1.294805e+00,-3.922127e-01
-2.625325e+00,7.785934e+00,-6.758525e-01,-1.409747e+00,-1.612948e+00,-4.258723e-01
-1.112658e+00,7.906105e+00,-3.831675e+00,-1.403628e+00,-1.788965e+00,-4.010604e-01
4.093955e+00,9.449018e+00,-2.466336e+00,-1.735945e+00,-1.464995e+00,-6.897959e-02
3.945448e+00,1.142011e+01,9.337043e-02,-2.282058e+00,-1.356753e+00,2.433918e-02
7.253640e+00,1.189233e+01,-2.548060e+00,-3.081561e+00,-1.850228e+00,-4.311593e-02
5.264315e+00,1.567473e+01,-3.171138e+00,-3.473094e+00,-1.936879e+00,1.401295e-01
-7.271312e+00,2.345395e+01,1.090083e+01,-4.083866e+00,-2.342840e+00,5.066011e-01
-1.337617e+01,2.587220e+01,1.697267e+01,-4.426497e+00,-3.843464e+00,6.793741e-01
-7.199238e+00,1.637490e+01,1.784407e+01,-4.576276e+00,-3.053248e+00,4.007199e-01
4.484125e+00,1.548714e+00,1.744974e+01,-3.278650e+00,-9.655316e-01,9.778111e-01
1.076047e+01,9.657306e+00,1.029102e+01,-7.227919e-01,2.254969e+00,1.308908e+00
7.915215e+00,8.323830e+00,9.900756e+00,-1.082529e+00,2.882865e+00,7.610528e-01
3.507645e+00,4.525723e+00,7.212928e+00,8.498253e-01,1.449416e+00,3.211463e-01
2.176864e+00,1.743644e+00,8.602050e+00,2.045979e+00,7.301215e-01,-1.708921e-01
1.650888e+00,-7.756786e-01,8.443978e+00,4.002352e+00,-5.718687e-02,-8.881397e-01
7.634746e-01,2.576798e+00,1.013747e+01,4.873861e+00,2.309386e-01,-1.336186e+00
1.196583e+00,3.238470e-01,1.376476e+01,5.842929e+00,7.009101e-01,-1.358059e+00
1.545494e+00,-2.130341e-01,1.450592e+01,6.544045e+00,8.140858e-01,-1.312427e+00
4.049461e+00,4.028178e-02,1.504640e+01,7.956055e+00,1.358699e+00,-1.193820e+00
2.012936e+00,4.990108e+00,1.214710e+01,8.356367e+00,1.719267e+00,-8.697884e-01
-8.605077e+00,-4.534817e+00,8.077097e+00,7.621954e+00,1.269543e+00,4.360139e-02
-5.137072e+00,-1.427926e+01,7.100961e+00,6.308432e+00,8.735688e-01,3.723828e-01
7.907662e+00,6.435695e+00,6.279456e+00,2.766724e+00,1.970970e+00,2.122832e-01
2.443444e+01,3.933359e+01,-1.060528e+01,-6.128999e-01,3.110998e+00,4.061730e-01
-9.602925e+00,-3.199196e+00,8.727779e+00,-3.538646e+00,2.339016e+00,9.083261e-01
-2.860671e+00,-2.960746e+00,1.248312e+01,-1.095900e+00,5.868493e-01,5.041087e-01
3.515533e+00,8.982461e+00,1.221483e+01,-2.805984e+00,-8.013192e-01,-1.564661e+00
1.083107e+00,1.686670e+01,7.427215e+00,-3.492819e+00,1.116763e+00,3.093803e-01
-4.151960e+00,7.668556e+00,7.191881e+00,-2.538286e+00,5.836454e-01,-2.515961e-01
-3.909755e+00,7.073305e+00,5.857050e+00,-1.974655e+00,-2.714786e-01,-3.614233e-01
2.727719e+00,1.144343e+01,6.038096e+00,-1.319033e+00,3.922408e-01,4.833096e-02
3.842905e+00,1.072627e+01,5.509514e+00,-1.201560e+00,1.081222e+00,2.186923e-01
3.175634e+00,8.085102e+00,3.631361e+00,-9.844491e-01,1.054291e+00,2.061646e-01
1.428978e+00,9.579504e+00,3.269802e+00,-8.147513e-01,5.309595e-01,5.252907e-02
-1.050534e-01,9.623299e+00,1.571225e+00,-7.953088e-01,-2.088900e-01,-1.705682e-01
-1.001563e-01,8.676783e+00,8.483824e-01,-8.117211e-01,-4.945315e-01,-2.429194e-01
-6.330590e-01,9.013143e+00,3.217722e+00,-9.331559e-01,-8.037669e-01,-3.083444e-01
2.528200e-01,9.040868e+00,4.839935e+00,-1.122154e+00,-9.346659e-01,-2.669035e-01
1.386595e+00,8.813698e+00,3.678166e+00,-1.266735e+00,-9.537520e-01,-2.672931e-01
1.191574e+00,8.304848e+00,-5.414694e-01,-1.306667e+00,-8.979460e-01,-1.941785e-01
2.308012e+00,9.581534e+00,-4.258421e+00,-1.452247e+00,-7.703552e-01,2.384902e-02
2.812659e+00,1.054911e+01,-1.825318e+00,-1.837021e+00,-7.983985e-01,2.405703e-01
2.464846e+00,1.214444e+01,2.601648e+00,-2.698061e+00,-1.133919e+00,1.557796e-01
1.085918e+01,1.727065e+01,-4.894883e+00,-3.297844e+00,-1.521155e+00,1.684695e-01
4.119380e+00,1.855936e+01,6.112808e-01,-3.845904e+00,-1.550877e+00,5.000050e-01
-9.118585e+00,1.511836e+01,1.334242e+01,-4.378876e+00,-2.278090e+00,7.309465e-01
-1.395504e+01,2.955030e+01,1.953856e+01,-4.612603e+00,-4.840022e+00,1.167150e-01
-8.929854e+00,1.292596e+01,1.853316e+01,-4.815429e+00,-3.822182e+00,-1.391018e-01
7.047262e+00,3.696873e+00,1.190356e+01,-2.062849e+00,8.029612e-02,1.040720e+00
6.482025e+00,1.130042e+01,1.048412e+01,-6.814082e-01,2.325951e+00,1.319819e+00
3.994013e+00,4.952951e+00,8.242103e+00,-5.488396e-01,2.470723e+00,9.535279e-01
3.220929e+00,1.621194e+00,6.382769e+00,8.130959e-01,1.850105e+00,5.042944e-01
2.613311e+00,-1.544078e+00,8.228331e+00,3.176045e+00,1.127172e+00,-6.445183e-02
2.098714e+00,9.806213e-01,8.237329e+00,3.990286e+00,9.703836e-01,-4.204463e-01
4.166628e-01,1.780188e+00,1.024374e+01,4.984451e+00,9.919088e-01,-8.364639e-01
7.807922e-01,1.324718e+00,1.260978e+01,5.587039e+00,9.012551e-01,-7.866861e-01
2.844859e+00,1.037000e+00,1.500376e+01,6.903456e+00,9.241599e-01,-8.019682e-01
4.716424e+00,-7.835785e-01,1.357862e+01,7.552420e+00,1.220848e+00,-7.162014e-01
-9.342040e-01,4.822491e+00,1.078043e+01,8.337723e+00,1.405694e+00,-6.753571e-01
-4.995835e+00,-2.655345e+00,1.017551e+01,7.911618e+00,1.213466e+00,-6.264471e-01
-5.735618e+00,-1.455575e+01,1.016257e+01,4.614764e+00,5.931350e-01,-4.292229e-01
5.607271e+00,2.403536e+01,-2.117316e+00,2.123734e+00,1.022086e+00,-4.854052e-01
7.567986e+00,2.387939e+01,8.583329e+00,-2.902580e+00,2.581540e+00,4.472563e-01
-1.033208e+01,-5.098962e+00,1.434979e+01,-2.713457e+00,3.358450e+00,1.438386e+00
1.071671e+01,7.166336e+00,7.689239e+00,-1.904618e+00,9.008809e-01,-1.286574e+00
9.632278e+00,1.502715e+01,5.595183e+00,-2.906809e+00,2.854761e+00,1.656227e-01
-7.980275e+00,1.255416e+01,8.444811e+00,-2.128664e+00,1.394800e+00,3.600021e-01
-8.669874e+00,6.725743e+00,4.824927e+00,-1.523379e+00,-1.473310e+00,-8.362947e-01
-2.880322e+00,1.088031e+01,5.920077e+00,-1.043834e+00,-2.298933e-01,-1.433104e-01
6.264449e+00,1.199194e+01,3.716565e+00,-9.954446e-01,1.029131e+00,1.028304e-01
5.458673e+00,7.847055e+00,2.205243e+00,-8.633367e-01,1.746313e+00,2.954942e-01
3.887269e+00,9.088368e+00,2.203056e+00,-6.992357e-01,9.556685e-01,5.936284e-02
4.121219e-01,9.462881e+00,1.695880e+00,-9.158697e-01,-4.321756e-01,-2.914719e-01
-2.019478e+00,7.831410e+00,1.527650e+00,-1.041434e+00,-1.023359e+00,-5.071530e-01
-2.677145e+00,7.993516e+00,3.387032e+00,-1.285557e+00,-1.469198e+00,-5.716061e-01
-6.139340e-01,8.471777e+00,3.937424e+00,-1.403689e+00,-1.450306e+00,-5.357521e-01
9.598525e-01,9.357449e+00,1.556230e+00,-1.483469e+00,-9.918977e-01,-3.477211e-01
3.771851e-01,8.463968e+00,-2.049587e+00,-1.550299e+00,-8.865639e-01,-3.084309e-01
2.706750e+00,9.555648e+00,-4.518437e+00,-1.978726e+00,-8.753984e-01,-1.631084e-02
2.353253e+00,9.671735e+00,-1.436916e+00,-2.438422e+00,-9.329906e-01,2.041618e-02
7.562993e+00,1.162708e+01,-9.918712e-03,-3.382878e+00,-1.359493e+00,3.342677e-02
1.045511e+01,1.296041e+01,-3.992457e+00,-3.860301e+00,-1.386407e+00,2.649478e-01
-4.399513e+00,2.001168e+01,1.045674e+01,-4.473542e+00,-2.269080e+00,1.971615e-01
-7.106409e+00,2.571702e+01,1.623966e+01,-4.847086e+00,-3.669108e+00,-5.052654e-02
-1.415086e+01,2.252636e+01,1.955960e+01,-5.098224e+00,-4.281815e+00,-2.462085e-01
-1.016549e+00,2.228085e+00,1.968525e+01,-3.714903e+00,-2.565495e+00,2.455463e-01
7.376955e+00,1.069737e+01,1.174533e+01,-1.565902e+00,1.519155e+00,8.321088e-01
5.431048e+00,8.776211e+00,1.285384e+01,-1.620533e+00,2.368288e+00,6.009976e-01
3.508056e+00,4.401445e+00,8.564155e+00,7.081376e-01,1.953889e+00,3.900678e-01
4.081589e+00,1.511608e+00,8.627020e+00,2.240548e+00,1.766514e+00,1.945716e-02
4.415549e+00,-7.809530e-02,8.859542e+00,4.195223e+00,1.843002e+00,-1.912275e-01
4.008459e+00,4.143604e-01,8.787180e+00,4.969746e+00,1.713954e+00,-4.117213e-02
3.810390e+00,-7.506299e-01,9.904439e+00,6.216792e+00,1.229507e+00,4.732572e-01
3.846046e+00,-1.106453e+00,1.269442e+01,6.907853e+00,8.871423e-01,5.354876e-01
2.274753e+00,-3.479272e-01,1.300521e+01,7.868688e+00,4.018767e-01,4.211295e-01
2.836811e-01,-1.560104e+00,1.394774e+01,8.187266e+00,2.165380e-01,3.443057e-01
-4.799035e+00,5.556010e+00,1.024311e+01,7.886915e+00,2.756082e-01,2.760256e-01
-9.142668e+00,-7.805161e+00,8.290132e+00,6.396049e+00,6.796163e-01,5.697509e-01
6.786220e+00,-1.183526e+01,7.668601e+00,3.197642e+00,1.665081e+00,-7.725487e-02
7.064488e+00,7.313268e+00,4.932003e+00,4.605593e-01,1.943065e+00,1.733798e-02
6.902442e-01,3.517137e+01,1.601378e+01,-3.791896e+00,1.638479e-01,-6.950379e-01
-1.047584e+01,-1.096661e+01,1.690657e+01,-1.401106e+00,4.480801e-02,5.411985e-01
4.230018e+00,8.997321e+00,1.633963e+01,-2.479566e+00,-3.387099e-01,-1.543517e+00
5.826641e+00,1.842720e+01,7.301111e+00,-3.800834e+00,2.384643e+00,6.408827e-01
5.462368e-01,1.046827e+01,6.558028e+00,-1.946165e+00,1.484785e+00,7.682017e-02
-7.524616e+00,9.325422e+00,5.909205e+00,-1.172126e+00,-5.526326e-02,-3.196333e-01
-2.926288e+00,1.034327e+01,5.500441e+00,-1.138125e+00,-4.906888e-01,-1.149990e-01
2.420533e+00,1.171041e+01,4.563132e+00,-8.340620e-01,4.941111e-01,1.827842e-01
7.959257e+00,8.390664e+00,2.299024e+00,-7.488672e-01,1.824998e+00,4.626250e-01
8.748743e+00,9.515516e+00,8.131164e-01,-6.152236e-01,1.666842e+00,4.054503e-01
-1.519271e+00,9.092431e+00,2.865394e+00,-8.674534e-01,4.576389e-02,-2.919361e-02
-4.994002e+00,9.247612e+00,3.789164e+00,-1.007148e+00,-1.190172e+00,-4.596788e-01
-9.685610e-01,8.507637e+00,3.601125e+00,-1.190778e+00,-1.616166e+00,-5.347913e-01
4.174648e+00,7.860004e+00,4.006971e-01,-1.181327e+00,-8.787008e-01,-2.788336e-01
2.596093e+00,8.259210e+00,-4.161648e+00,-1.288349e+00,-5.245486e-01,-5.694864e-02
1.165144e+00,9.061721e+00,-6.524819e+00,-1.597020e+00,-9.370951e-01,-5.703925e-02
5.766232e-01,1.048079e+01,-3.627952e+00,-2.562055e+00,-1.622642e+00,-5.565620e-02
5.194495e+00,1.266396e+01,-1.921161e+00,-3.280083e+00,-1.730993e+00,-9.566842e-03
9.338119e+00,1.989158e+01,-4.500434e+00,-4.250620e+00,-1.555923e+00,3.075116e-01
-2.710126e+00,2.197518e+01,1.226851e+01,-4.811637e+00,-2.180866e+00,6.354007e-01
-2.084537e+01,3.249979e+01,2.425474e+01,-5.367513e+00,-4.563908e+00,8.484803e-01
-1.106630e+01,1.039085e+01,2.224087e+01,-4.960011e+00,-3.548850e+00,4.087143e-01
1.010826e+01,4.700443e+00,1.530932e+01,-2.151495e+00,4.753475e-01,1.747869e+00
1.215310e+01,1.097813e+01,1.215796e+01,-1.270248e+00,3.148640e+00,2.051207e+00
7.759153e+00,4.791695e+00,1.110545e+01,-8.825141e-02,3.002716e+00,1.453618e+00
5.491811e+00,7.535173e-01,8.367457e+00,1.702181e+00,1.886520e+00,6.120221e-01
2.660125e+00,-2.205798e+00,8.590636e+00,3.955799e+00,4.079795e-01,-4.013647e-01
1.113215e+00,-2.237953e+00,8.163428e+00,4.815791e+00,4.383831e-02,-8.833166e-01
-2.103265e+00,-1.591554e+00,8.156454e+00,5.829277e+00,5.557199e-02,-1.242303e+00
-3.742744e+00,-1.484153e+00,8.962058e+00,6.392597e+00,2.510389e-01,-1.382974e+00
-3.384597e+00,-3.590806e+00,1.397204e+01,7.054167e+00,1.381770e+00,-1.233807e+00
-5.947550e-01,-2.064364e+00,1.368422e+01,7.363897e+00,2.462811e+00,-5.527475e-01
4.063772e+00,7.782525e+00,9.452114e+00,6.939616e+00,3.454728e+00,9.416845e-01
6.379276e+00,3.686581e+00,5.334254e+00,6.097748e+00,3.639598e+00,1.740815e+00
6.786726e+00,-6.606226e+00,4.761022e+00,3.781989e+00,2.321023e+00,1.479092e+00
2.126549e+00,-5.463144e+00,8.986919e+00,1.777901e+00,1.097700e+00,7.193701e-02
-4.824358e+00,2.446943e+01,-2.753575e+00,-1.686672e+00,-1.179172e+00,-1.472465e+00
-7.640631e+00,3.925093e+01,1.155063e+01,-3.227792e+00,-1.836280e+00,-1.530045e+00
-3.512742e+00,-1.323092e+00,9.464575e+00,-1.594843e+00,8.559586e-01,7.776461e-01
8.259886e+00,-4.499450e+00,1.378341e+01,-1.624352e+00,2.752305e+00,6.607194e-01
1.651043e+01,1.659505e+01,6.175970e+00,-2.222837e+00,5.644911e+00,1.304354e+00
9.959020e+00,1.488540e+01,7.447350e+00,-1.959187e+00,4.172463e+00,1.168539e+00
-1.210787e+01,8.279549e+00,5.580926e+00,-8.715149e-01,-1.631588e+00,-9.183848e-01
-7.662877e+00,9.334178e+00,4.888938e+00,-7.606643e-01,-2.114204e+00,-1.039351e+00
6.288075e+00,1.092403e+01,3.436434e+00,-5.079195e-01,9.353899e-01,9.827748e-02
8.785491e+00,8.580934e+00,1.839742e+00,-4.854224e-01,2.359648e+00,4.039524e-01
5.376051e+00,8.169240e+00,1.047058e+00,-3.969810e-01,1.672815e+00,2.545452e-01
1.983649e+00,9.102079e+00,7.502174e-01,-5.785500e-01,3.561897e-01,-1.466021e-01
-3.961512e+00,7.607230e+00,1.694911e+00,-9.927932e-01,-1.028973e+00,-5.472165e-01
-4.981260e+00,7.839672e+00,3.375012e+00,-1.192989e+00,-1.316758e+00,-6.226591e-01
7.993804e-01,9.369064e+00,5.924149e+00,-1.455903e+00,-6.202982e-01,-2.827699e-01
3.581084e+00,9.628516e+00,6.445935e+00,-1.435437e+00,3.465568e-02,-1.125268e-01
2.389408e+00,9.313093e+00,2.822500e+00,-1.294366e+00,-4.230514e-02,-1.542185e-01
8.405024e-01,8.160721e+00,-1.738975e+00,-1.294408e+00,-3.402745e-01,-1.699639e-01
2.723623e+00,8.604760e+00,-4.323355e+00,-1.550744e+00,-6.759106e-01,-8.077448e-02
2.487771e+00,1.082690e+01,2.453917e-01,-2.083590e+00,-7.075254e-01,-4.735719e-02
1.074563e+01,1.373165e+01,-1.299156e+00,-3.094211e+00,-1.029081e+00,1.197269e-01
1.737114e+01,1.794160e+01,-7.180820e+00,-3.428769e+00,-1.066656e+00,2.098257e-01
4.719834e-01,1.573497e+01,1.043828e+01,-4.233748e+00,-2.082877e+00,4.394528e-01
-1.859202e+01,2.476794e+01,2.131848e+01,-4.622736e+00,-4.975649e+00,7.882707e-05
-1.460695e+01,2.174369e+01,1.944924e+01,-4.696399e+00,-5.266463e+00,-7.016924e-01
-4.564837e+00,4.660321e+00,1.643418e+01,-3.673726e+00,-2.666682e+00,2.071309e-01
6.638529e+00,4.921068e-01,1.421072e+01,-1.764864e-01,2.099857e+00,1.677219e+00
9.575898e+00,8.865173e+00,9.753651e+00,-3.274220e-02,3.358433e+00,1.243318e+00
5.398710e+00,3.334799e+00,7.622192e+00,1.474696e-01,2.763233e+00,9.146388e-01
3.921986e+00,3.406886e+00,5.461150e+00,1.416574e+00,1.825645e+00,4.906684e-01
1.701530e+00,5.430633e-01,7.278051e+00,3.093304e+00,6.564630e-01,2.659675e-02
7.650405e-01,-3.523508e-01,7.123853e+00,4.201345e+00,3.581980e-01,-4.131679e-01
1.548175e+00,2.916100e+00,9.083139e+00,5.185706e+00,5.514646e-01,-7.907875e-01
1.686133e+00,2.675114e+00,1.066368e+01,5.607570e+00,6.975326e-01,-6.962321e-01
1.936379e+00,2.170541e+00,1.269795e+01,6.780345e+00,8.570185e-01,-5.526634e-01
-9.060121e-01,-2.471342e-01,1.292516e+01,7.457981e+00,1.025727e+00,-5.314204e-01
-4.054649e+00,4.801586e+00,1.181848e+01,7.815193e+00,1.346401e+00,-3.800832e-01
-5.101343e+00,2.454362e-01,1.104160e+01,7.083307e+00,1.445793e+00,2.430432e-01
1.753814e+00,-1.526603e+01,7.666839e+00,4.331458e+00,2.323330e+00,8.907739e-01
4.647209e+00,-3.291645e+00,7.395101e+00,1.844514e+00,2.802651e+00,7.236593e-01
1.796594e+01,3.896685e+01,6.948578e+00,-3.473251e+00,2.579607e+00,3.626559e-02
-5.799779e+00,-3.099522e+00,1.484189e+01,-3.500242e+00,2.064884e+00,1.503971e+00
2.682859e+00,-7.644957e+00,1.285006e+01,-1.851499e+00,-9.375943e-01,-1.729076e+00
4.366132e+00,1.703417e+01,1.176403e+01,-2.158654e+00,1.873042e-01,-1.152466e+00
-2.597008e+00,1.414191e+01,6.637664e+00,-2.611349e+00,1.077273e+00,6.370382e-01
-5.204828e+00,8.228188e+00,6.621298e+00,-1.509888e+00,5.452053e-01,-1.651949e-02
1.989299e+00,9.944333e+00,2.315834e+00,-5.919391e-01,6.446545e-01,-7.250436e-03
1.572693e-01,1.199512e+01,3.045176e+00,-4.969808e-01,1.081098e+00,7.695428e-02
-1.089744e-01,8.537351e+00,2.929487e+00,-5.399232e-01,6.154173e-01,-1.167384e-01
2.008130e+00,8.815172e+00,2.765340e+00,-4.502112e-01,5.242889e-01,-1.079334e-01
4.642206e+00,8.960326e+00,1.887554e-01,-5.620864e-01,6.751414e-01,-1.228134e-01
2.892355e+00,8.001577e+00,1.989821e-01,-6.640270e-01,5.436363e-01,-1.507879e-01
-3.020406e+00,8.330408e+00,3.502651e+00,-1.011860e+00,-4.334447e-01,-4.628833e-01
-1.163347e+00,9.334253e+00,5.724611e+00,-1.261591e+00,-8.134641e-01,-5.421205e-01
3.712053e+00,1.012000e+01,4.899628e+00,-1.310630e+00,-3.671119e-01,-3.748199e-01
4.023000e+00,9.660663e+00,2.277156e+00,-1.273782e+00,-8.945154e-02,-2.371158e-01
2.493573e+00,8.390967e+00,-4.423888e+00,-1.300470e+00,-4.397453e-01,-1.744590e-01
2.870390e+00,9.498494e+00,-5.026046e+00,-1.504512e+00,-6.711821e-01,-1.406155e-01
1.160738e-01,1.128918e+01,9.328127e-01,-2.499873e+00,-1.205768e+00,-8.934767e-02
3.383679e+00,1.347414e+01,3.478040e+00,-3.144083e+00,-1.614809e+00,-9.240370e-02
1.100720e+01,2.024255e+01,-5.970312e+00,-3.676440e+00,-1.486500e+00,2.579468e-01
-7.421325e-02,1.419142e+01,5.043028e+00,-3.825762e+00,-1.380851e+00,5.308964e-01
-8.252611e+00,2.208536e+01,1.642311e+01,-4.378782e+00,-3.820027e+00,3.502059e-02
-1.256571e+01,3.032977e+01,1.952959e+01,-4.747334e+00,-4.560440e+00,-3.684902e-01
-4.193468e+00,5.323851e-01,1.930821e+01,-3.513195e+00,-2.224740e+00,5.360767e-02
6.171840e+00,8.136382e+00,1.079228e+01,-1.202926e+00,-1.003990e-01,8.298837e-01
4.019168e+00,8.882772e+00,1.077378e+01,-1.545173e+00,2.070090e+00,7.635718e-01
3.689073e+00,6.288082e+00,8.979387e+00,-3.521238e-01,1.770777e+00,6.247386e-01
3.559081e+00,7.070827e-01,7.843973e+00,1.916931e+00,1.505306e+00,3.141490e-01
2.871884e+00,-1.333847e+00,8.040000e+00,3.205338e+00,1.388832e+00,1.504579e-01
1.967617e+00,1.288716e+00,7.543449e+00,4.389099e+00,1.394288e+00,-2.446821e-01
1.619084e+00,1.639919e+00,8.693309e+00,4.917070e+00,1.411502e+00,-2.631363e-01
3.498323e+00,-6.983170e-01,1.221172e+01,6.034275e+00,1.327762e+00,-2.225197e-01
4.399379e+00,-5.374871e-01,1.171519e+01,6.880263e+00,1.330382e+00,-2.666276e-01
3.752090e+00,-1.473797e+00,1.404880e+01,7.796497e+00,1.070604e+00,-1.884772e-01
-3.435804e+00,3.666297e+00,1.095111e+01,7.942819e+00,8.093079e-01,-1.299961e-01
-7.979344e+00,-3.598540e+00,9.769843e+00,6.645883e+00,-2.318200e-01,-3.964393e-02
2.460869e+00,-1.379032e+01,8.917658e+00,4.762135e+00,2.071823e-01,-1.374264e-01
1.173790e+01,1.350421e+01,-3.506113e+00,6.569383e-01,1.603428e+00,-5.597686e-01
2.940227e+01,3.925629e+01,-8.982281e+00,-2.457224e+00,9.983195e-01,-6.513684e-01
-2.264236e+01,-6.193851e+00,2.279461e+01,-2.136304e+00,-3.206345e-01,1.114810e+00
-8.138315e-02,-4.953434e+00,1.481818e+01,-2.065990e+00,-2.682577e+00,-2.026725e+00
3.662305e+00,1.102720e+01,9.014439e+00,-3.444110e+00,2.351870e+00,2.833770e-01
3.638603e+00,1.690614e+01,7.948753e+00,-2.884401e+00,2.026684e+00,1.441315e+00
-6.544316e+00,7.653312e+00,7.000734e+00,-1.322207e+00,4.755674e-01,-9.009422e-02
-3.521750e+00,5.722469e+00,4.498986e+00,-1.222264e+00,-1.150195e-01,1.550976e-01
3.941319e+00,1.354360e+01,5.708201e+00,-5.944493e-01,9.630426e-01,3.401059e-01
4.354877e+00,1.000618e+01,2.951893e+00,-6.189430e-01,1.257138e+00,4.316217e-01
1.889331e+00,8.552454e+00,2.502891e+00,-3.530654e-01,6.004445e-01,2.212684e-01
3.413929e-01,9.660442e+00,1.046115e+00,-3.079363e-01,1.279605e-01,-1.730014e-03
-3.367667e-01,8.549115e+00,3.400000e-01,-5.010635e-01,-3.721619e-01,-1.863140e-01
-8.519516e-01,7.442829e+00,1.390421e+00,-7.028663e-01,-4.678532e-01,-2.213342e-01
8.438368e-01,8.248074e+00,3.935779e+00,-1.058063e+00,-5.890758e-01,-2.643565e-01
3.456433e+00,8.419020e+00,2.921411e+00,-1.207764e+00,-5.912928e-01,-1.987601e-01
1.530757e+00,8.188492e+00,-1.133201e+00,-1.354058e+00,-6.327789e-01,-2.078898e-01
1.877863e+00,9.748138e+00,-3.032202e+00,-1.600283e+00,-9.482039e-01,-8.867479e-02
1.745393e+00,9.609955e+00,4.845161e-01,-2.210063e+00,-1.148205e+00,-1.231502e-02
2.734842e+00,1.091127e+01,1.339911e+00,-2.714009e+00,-1.280780e+00,-3.885425e-02
1.231518e+01,1.514779e+01,-2.965350e+00,-3.460603e+00,-1.574428e+00,1.381199e-01
3.457082e+00,1.668425e+01,-9.678507e-01,-3.746249e+00,-1.549277e+00,3.236232e-01
-7.658044e+00,1.766436e+01,1.334582e+01,-4.273292e+00,-3.345287e+00,2.798692e-01
-1.233967e+01,2.807343e+01,1.921362e+01,-4.495966e+00,-4.889497e+00,-1.701659e-01
-6.762560e+00,5.099906e+00,1.973754e+01,-4.184087e+00,-2.729374e+00,2.600730e-01
1.133870e+00,-1.435770e+00,1.774426e+01,-2.408992e+00,-9.039869e-01,8.190314e-01
6.167012e+00,1.131111e+01,1.156029e+01,-7.977758e-01,2.041657e+00,1.199854e+00
3.471502e+00,8.098530e+00,1.146824e+01,-1.002428e+00,2.467938e+00,1.158509e+00
1.958984e+00,2.387444e+00,7.534983e+00,1.453874e+00,1.668992e+00,6.762297e-01
1.892050e+00,-4.006984e-01,7.145500e+00,2.939734e+00,1.389882e+00,4.217732e-01
2.834910e+00,-1.661220e+00,7.394232e+00,4.431065e+00,1.369005e+00,4.745781e-02
2.602397e+00,3.369407e-01,7.910307e+00,5.007828e+00,1.465127e+00,-2.294997e-01
8.075727e-01,1.572402e+00,1.127035e+01,5.750974e+00,1.053466e+00,-3.265633e-01
9.054480e-01,7.593600e-01,1.265023e+01,6.377803e+00,7.439361e-01,-4.406726e-01
3.074321e+00,2.506286e+00,1.338564e+01,7.321498e+00,7.142776e-01,-6.770031e-01
2.344532e+00,9.696906e-01,1.197940e+01,7.460497e+00,9.254955e-01,-7.845659e-01
-1.108359e+00,-9.605921e-01,1.039319e+01,7.088092e+00,8.832358e-01,-8.070110e-01
-2.282567e+00,-7.413167e+00,1.076257e+01,5.530340e+00,7.612635e-01,-8.353142e-01
-3.085339e+00,5.717539e-01,2.794076e+00,2.086421e+00,5.168172e-01,-9.169464e-01
6.822560e+00,3.937199e+01,1.238527e+01,-1.337219e+00,6.955432e-01,-1.478388e-01
3.757494e+00,-5.328614e+00,1.264652e+01,-3.620733e+00,2.775116e+00,2.387560e+00
1.258942e+01,-1.114261e+01,9.958344e+00,-2.651485e+00,2.065048e+00,1.373385e-01
9.107615e+00,1.817767e+01,8.344419e+00,-1.936986e+00,2.616306e+00,3.387981e-01
-1.506578e+00,2.154522e+01,7.815830e+00,-2.338102e+00,4.971216e-01,3.410493e-01
-1.332569e+01,5.304064e+00,5.516993e+00,-1.186799e+00,-1.952800e+00,-7.104057e-01
-3.534309e+00,7.611933e+00,3.500668e+00,-6.176017e-01,-1.476922e+00,-6.153236e-01
5.261420e+00,1.154447e+01,2.749827e+00,-4.925631e-01,1.888015e+00,6.556150e-01
7.669699e+00,9.053993e+00,9.518887e-01,-5.135772e-01,2.591734e+00,7.639793e-01
4.018972e+00,8.785662e+00,1.077329e+00,-4.853921e-01,1.520521e+00,4.275469e-01
1.092109e+00,9.838947e+00,7.633343e-01,-6.139630e-01,4.123167e-01,-4.425997e-03
-2.768765e+00,8.444754e+00,1.241419e+00,-9.912785e-01,-7.786443e-01,-3.703608e-01
-4.796706e+00,8.279294e+00,4.525117e+00,-1.197255e+00,-1.014444e+00,-4.360180e-01
1.100168e+00,9.641094e+00,6.782658e+00,-1.384840e+00,-6.131792e-01,-2.202235e-01
6.146983e+00,9.814451e+00,5.753689e+00,-1.368437e+00,-2.780970e-02,-4.709532e-02
3.411777e+00,8.933442e+00,1.610617e+00,-1.185622e+00,2.844339e-01,3.316780e-02
2.313646e-01,9.121400e+00,-3.668437e+00,-1.213635e+00,-3.167960e-01,-6.067341e-03
4.590879e-02,9.887517e+00,-3.719990e+00,-1.659803e+00,-1.039259e+00,1.493145e-02
3.389755e-01,1.007644e+01,1.273921e+00,-2.213525e+00,-1.182718e+00,1.038525e-01
3.174608e+00,1.226299e+01,1.962546e+00,-2.935896e+00,-1.365374e+00,1.147615e-01
8.433085e+00,1.608793e+01,-5.400743e+00,-3.389593e+00,-1.329180e+00,3.626954e-01
1.799792e+00,1.517940e+01,5.164333e+00,-3.819916e+00,-1.444372e+00,7.469174e-01
-8.841829e+00,2.037898e+01,1.390856e+01,-4.129822e+00,-2.996525e+00,6.886120e-01
-8.976970e+00,2.910273e+01,1.712011e+01,-4.445867e+00,-3.604428e+00,-1.983464e-01
-1.597786e+00,3.456634e+00,1.738622e+01,-3.968300e+00,-2.439281e+00,-1.729093e-01
6.646252e+00,9.248413e+00,9.875741e+00,-9.587519e-01,4.346898e-01,5.946908e-01
6.413013e+00,1.218480e+01,1.037639e+01,-1.254505e+00,1.362819e+00,3.209689e-01
3.587864e+00,6.216809e+00,8.463711e+00,-3.313134e-01,1.286551e+00,1.861069e-01
2.328552e+00,1.720034e+00,7.385473e+00,1.414030e+00,9.472974e-01,-2.224347e-01
2.051980e+00,1.917427e+00,7.943766e+00,3.174641e+00,8.853394e-01,-6.618776e-01
1.471085e+00,2.772647e+00,8.978194e+00,3.661984e+00,1.144596e+00,-8.385691e-01
1.841793e+00,2.914481e+00,9.389199e+00,4.888135e+00,1.530414e+00,-8.753446e-01
3.121238e+00,2.212332e+00,1.091622e+01,5.721993e+00,1.678136e+00,-7.180324e-01
5.058264e+00,2.043503e+00,1.096299e+01,6.820810e+00,1.740271e+00,-4.577130e-01
5.953834e+00,7.259684e-01,1.269534e+01,7.374620e+00,1.605864e+00,-2.906814e-01
-5.422563e-01,7.363911e-01,1.023391e+01,7.531975e+00,1.024130e+00,-4.456121e-02
-9.819372e+00,-5.753043e+00,1.200860e+01,6.685152e+00,-1.643167e-02,-1.910717e-01
-8.276080e-01,-1.552751e+01,1.074354e+01,3.597444e+00,3.047005e-01,-3.867716e-01
1.887894e+00,5.590070e+00,2.487780e+00,1.020536e+00,1.541444e+00,-1.391506e-01
5.316877e+00,3.139068e+01,1.687366e+01,-3.620174e+00,2.501359e+00,6.135478e-01
-4.898784e+00,-6.847513e+00,1.433055e+01,-2.734339e+00,2.694678e+00,2.142417e+00
3.114012e+00,3.074429e+00,1.285611e+01,-1.641959e+00,8.552228e-01,-1.277028e+00
8.450887e+00,2.198368e+01,8.073403e+00,-2.060317e+00,2.093738e+00,2.573751e-01
8.581835e-01,8.282050e+00,5.709891e+00,-1.579070e+00,1.723983e+00,8.428900e-01
-2.572370e+00,4.775038e+00,3.646061e+00,-7.379000e-01,6.925211e-01,-1.736682e-01
4.499944e+00,1.274899e+01,1.831872e+00,-4.630050e-01,6.433585e-01,-6.770206e-02
1.413461e+00,9.970886e+00,4.659401e-01,-4.806973e-01,6.599546e-01,1.122337e-01
1.117373e+00,7.944931e+00,-3.469816e-01,-5.739758e-01,-2.653962e-01,-2.888497e-01
8.643597e-01,8.784700e+00,-3.063121e-03,-6.777805e-01,-5.276959e-01,-3.434225e-01
-2.077667e+00,8.727623e+00,1.599554e+00,-1.197341e+00,-7.523708e-01,-3.014360e-01
-4.738025e+00,8.536844e+00,3.712739e+00,-1.429660e+00,-1.019935e+00,-3.414935e-01
-1.715139e+00,8.701821e+00,6.370294e+00,-1.569417e+00,-1.052272e+00,-3.602774e-01
2.950635e+00,9.110281e+00,6.910820e+00,-1.566174e+00,-5.574411e-01,-2.422859e-01
5.310891e+00,1.014000e+01,4.798614e+00,-1.395924e+00,3.214453e-01,6.581976e-02
3.812341e+00,1.043444e+01,2.540206e+00,-1.308093e+00,2.687727e-01,9.921061e-02
2.104173e+00,1.034386e+01,-5.977283e+00,-1.342065e+00,-4.129322e-01,4.630648e-02
1.454427e+00,9.493061e+00,-4.651066e+00,-1.703374e+00,-8.274480e-01,9.855967e-02
1.770433e+00,1.200827e+01,5.876203e-01,-2.605464e+00,-1.469094e+00,-1.518785e-02
7.781047e+00,1.277640e+01,-1.295401e+00,-3.189922e+00,-1.763568e+00,7.213265e-02
3.972856e+00,1.724448e+01,-2.586628e-01,-3.730166e+00,-1.690670e+00,3.893258e-01
-6.010309e+00,1.695602e+01,1.096058e+01,-4.208237e+00,-2.588486e+00,5.738946e-01
-1.087950e+01,2.998390e+01,1.855400e+01,-4.631305e+00,-4.327873e+00,1.828120e-01
-8.160189e+00,2.003221e+01,1.820753e+01,-4.696430e+00,-3.250581e+00,2.404228e-03
5.522775e+00,4.960039e+00,1.267406e+01,-1.917231e+00,-2.514731e-01,8.971635e-01
6.924498e+00,1.237921e+01,1.082977e+01,-1.155170e+00,1.639928e+00,9.405206e-01
5.141417e+00,5.876050e+00,7.960555e+00,-7.511913e-01,1.959253e+00,6.996311e-01
4.456363e+00,3.580142e+00,6.440739e+00,9.328407e-01,1.514587e+00,2.474733e-01
3.183239e+00,6.984518e-01,7.326245e+00,2.774621e+00,1.022326e+00,-3.997094e-01
2.034877e+00,1.812614e+00,8.132535e+00,3.637192e+00,8.815328e-01,-9.077891e-01
1.424791e+00,3.094267e+00,8.492800e+00,4.566226e+00,9.934871e-01,-1.234340e+00
8.782177e-01,1.917578e+00,1.049529e+01,5.178223e+00,1.015786e+00,-1.169647e+00
2.434616e+00,8.025359e-01,1.301841e+01,6.400337e+00,1.221539e+00,-1.004728e+00
4.838770e+00,1.062719e+00,1.353073e+01,7.237176e+00,1.505940e+00,-8.525373e-01
2.765399e+00,1.878756e+00,1.162804e+01,7.950587e+00,1.628511e+00,-4.139114e-01
-4.634223e+00,2.102537e+00,1.093398e+01,7.922204e+00,1.273352e+00,-1.075290e-01
-1.091108e+01,-1.158819e+01,1.113877e+01,5.743272e+00,-1.155704e-02,5.645318e-02
-7.613686e-01,-1.110080e+01,1.143146e+01,3.101818e+00,1.030464e+00,-2.501948e-01
2.167036e+01,3.527604e+01,5.622083e+00,-1.317408e+00,3.124689e+00,2.974971e-01
-1.525780e+00,2.322618e+01,1.546627e+01,-3.355611e+00,3.523197e+00,9.228932e-01
1.020516e+00,-1.339204e+01,1.278615e+01,-2.041056e+00,1.238409e+00,7.471918e-01
1.107540e+01,1.160306e+01,9.516963e+00,-1.645542e+00,1.415224e+00,-1.566717e+00
9.013867e+00,2.138958e+01,7.086547e+00,-2.048954e+00,2.443949e+00,1.416792e+00
-3.534150e+00,7.579223e+00,5.554816e+00,-1.253316e+00,1.145266e+00,2.829643e-01
-2.486830e-01,7.856105e+00,7.000430e-02,-4.170581e-01,-4.357087e-01,-4.602029e-01
-1.851101e+00,1.334184e+01,2.489875e-01,-3.518967e-01,-9.424176e-03,-4.534836e-01
7.325961e-02,7.496690e+00,-1.851465e+00,-4.919813e-01,-2.905341e-01,-4.388662e-01
2.203978e+00,7.272007e+00,-1.958885e+00,-4.963012e-01,7.028886e-02,-3.736988e-01
1.108900e+00,8.271610e+00,-1.127797e+00,-1.035792e+00,-3.236683e-02,-2.724904e-01
-3.140234e+00,9.067728e+00,2.333788e+00,-1.404051e+00,-5.046740e-01,-3.587845e-01
-3.055782e+00,9.441976e+00,6.162910e+00,-1.824154e+00,-1.234444e+00,-5.827754e-01
1.814958e+00,9.186247e+00,6.449035e+00,-1.889293e+00,-9.927282e-01,-5.259599e-01
6.531402e+00,1.120428e+01,5.779091e+00,-1.733711e+00,-9.250508e-02,-1.795904e-01
4.482042e+00,1.096930e+01,1.895418e+00,-1.662637e+00,-4.569981e-02,-1.281461e-01
1.742263e+00,8.828665e+00,-6.625419e+00,-1.638800e+00,-8.873967e-01,-2.151484e-01
-6.270076e-01,9.232666e+00,-4.481055e+00,-1.979682e+00,-1.371267e+00,-1.166905e-01
4.669351e+00,1.187994e+01,-2.945993e-01,-2.993208e+00,-1.992993e+00,-1.930302e-02
1.298798e+01,1.049782e+01,-1.181847e+00,-3.610753e+00,-1.982142e+00,1.404380e-01
-1.182982e+00,1.882861e+01,3.731536e+00,-4.110533e+00,-1.902928e+00,4.492565e-01
-1.387162e+01,2.192204e+01,1.579063e+01,-4.659072e+00,-3.174946e+00,4.981476e-01
-1.675983e+01,2.949445e+01,1.940975e+01,-4.991177e+00,-5.298807e+00,6.651209e-02
-8.067455e+00,1.135898e+01,1.864415e+01,-4.824665e+00,-3.120871e+00,5.842013e-01
1.129809e+01,5.464163e+00,1.316095e+01,-1.518688e+00,9.711573e-01,1.696149e+00
1.259335e+01,1.287046e+01,9.991787e+00,-9.345860e-01,2.935995e+00,1.555360e+00
7.323947e+00,6.140220e+00,1.012291e+01,-9.649575e-01,2.373962e+00,1.136280e+00
3.423034e+00,3.704957e+00,6.857789e+00,9.447139e-01,1.027696e+00,2.863111e-01
2.762237e-01,-1.205340e-01,7.820261e+00,2.917071e+00,-1.841580e-01,-4.234170e-01
-5.250601e-01,-7.424092e-01,8.412289e+00,3.755328e+00,-3.241861e-01,-6.929775e-01
7.255661e-01,1.315566e+00,9.094638e+00,4.886409e+00,6.950451e-01,-1.267541e+00
1.609461e+00,1.618108e+00,1.029892e+01,5.515680e+00,1.255084e+00,-1.137999e+00
3.741155e+00,7.092645e-01,1.493326e+01,6.485224e+00,1.747341e+00,-9.678923e-01
5.494445e+00,1.405357e+00,1.352349e+01,7.358979e+00,1.985756e+00,-9.315356e-01
3.003862e+00,2.669903e+00,1.349200e+01,8.354885e+00,1.704023e+00,-6.317683e-01
-1.545208e+00,3.620271e+00,1.102760e+01,8.319229e+00,1.138669e+00,-3.397659e-01
-7.381425e+00,-1.382958e+01,9.011997e+00,6.222341e+00,-1.543506e-01,-1.171083e-01
-3.086474e-01,-1.271001e+01,9.961600e+00,3.685114e+00,1.435775e-03,-6.220294e-01
1.432544e+01,3.080023e+01,-7.493898e+00,-1.890856e+00,1.393107e+00,-4.594267e-01
4.674156e+00,2.089760e+01,3.783286e+00,-4.788766e+00,1.617039e+00,2.935084e-01
-4.789567e+00,-1.024035e+01,1.410181e+01,-2.732248e+00,1.090924e+00,1.556991e+00
4.964626e+00,-2.847642e+00,1.320958e+01,-1.661335e+00,-5.052072e-01,-1.518668e+00
1.853927e+00,2.076914e+01,1.006196e+01,-3.263606e+00,1.452884e+00,2.607546e-01
-6.110494e+00,1.339576e+01,8.750087e+00,-2.962013e+00,3.212927e-01,4.592164e-01
-8.915260e+00,5.416722e+00,7.696823e+00,-1.696696e+00,-1.061446e+00,-5.284811e-01
7.082906e-01,9.496075e+00,6.303691e+00,-9.400172e-01,-1.887131e-01,1.122018e-03
7.302277e+00,1.154313e+01,3.360315e+00,-6.325148e-01,1.943218e+00,5.455852e-01
5.509753e+00,7.411134e+00,1.620983e+00,-6.463462e-01,1.931459e+00,6.050974e-01
1.149621e+00,9.171067e+00,2.544076e+00,-3.032705e-01,4.831026e-01,3.830334e-02
-1.224510e+00,9.563958e+00,2.446301e+00,-5.367080e-01,-4.537609e-01,-2.756981e-01
-2.379509e-01,7.755622e+00,8.000000e-01,-7.441727e-01,-9.650339e-01,-4.309750e-01
4.943346e-01,7.877504e+00,2.447559e+00,-8.781523e-01,-8.928436e-01,-3.855144e-01
6.288721e-01,8.851848e+00,5.350711e+00,-1.228820e+00,-9.321947e-01,-3.377882e-01
2.890812e+00,9.268966e+00,6.835259e+00,-1.411763e+00,-1.046208e+00,-3.039904e-01
3.908271e-01,9.464594e+00,2.770622e+00,-1.321566e+00,-1.088529e+00,-2.953144e-01
-1.658562e+00,8.395643e+00,-1.872409e-01,-1.245043e+00,-1.301950e+00,-2.377736e-01
2.138104e+00,1.117735e+01,-5.313863e+00,-1.472230e+00,-1.377772e+00,5.667209e-02
2.567928e+00,1.058272e+01,-2.015941e+00,-1.998354e+00,-1.165033e+00,2.656542e-01
4.993462e+00,1.436042e+01,1.674753e+00,-3.018814e+00,-1.683888e+00,1.354740e-01
5.100270e+00,1.795720e+01,-2.888430e+00,-3.591770e+00,-1.899228e+00,1.978341e-01
-5.375018e+00,1.664421e+01,5.212958e+00,-4.091059e+00,-1.772226e+00,4.051022e-01
-6.622856e+00,2.113237e+01,1.561975e+01,-4.412766e+00,-2.721424e+00,6.219067e-01
-7.880118e+00,2.609130e+01,2.025191e+01,-4.781937e+00,-2.866462e+00,4.993143e-01
-1.100195e+00,3.121284e+00,2.075861e+01,-4.522394e+00,-1.750184e+00,6.338606e-01
6.712798e+00,9.314470e+00,1.043693e+01,-1.445456e+00,6.746188e-01,9.791104e-01
4.949877e+00,1.025121e+01,1.052767e+01,-1.492751e+00,1.872994e+00,1.004844e+00
2.621760e+00,4.704776e+00,9.182786e+00,-1.775534e-01,1.592777e+00,6.429786e-01
3.369334e+00,1.649134e+00,7.956231e+00,1.683550e+00,1.284891e+00,-1.467494e-01
2.827922e+00,2.602141e+00,8.077109e+00,3.409403e+00,1.459145e+00,-6.541369e-01
3.030412e+00,2.814921e+00,7.815079e+00,4.019331e+00,1.451004e+00,-8.146428e-01
3.367714e+00,1.315440e+00,9.373702e+00,5.207151e+00,1.500000e+00,-5.167806e-01
3.634011e+00,2.455084e-01,1.050292e+01,6.015070e+00,1.461822e+00,-4.479868e-01
5.143196e+00,2.285567e-01,1.253180e+01,6.971090e+00,1.163152e+00,-5.208324e-01
6.767298e+00,-9.618887e-01,1.348648e+01,7.449562e+00,9.924022e-01,-4.919960e-01
1.619785e+00,-2.169499e+00,1.198139e+01,7.980881e+00,4.037131e-01,-3.411926e-01
-5.976702e+00,-2.369457e+00,1.235761e+01,7.473875e+00,-8.181197e-01,-5.846193e-01
-6.074760e+00,-2.077469e+01,1.215981e+01,4.141800e+00,-1.337339e+00,-9.982198e-01
1.884505e+00,9.131779e+00,1.435555e-01,1.439287e+00,-5.712635e-01,-1.139456e+00
6.774991e+00,3.010957e+01,1.079094e+01,-4.996685e+00,1.174955e+00,4.863645e-01
5.330559e-01,-1.163990e+01,9.771391e+00,-4.829161e+00,2.563770e+00,3.728111e+00
7.219832e+00,6.579840e+00,1.145002e+01,-1.722974e+00,6.108897e-01,-1.542214e+00
2.888113e+00,2.283065e+01,1.046954e+01,-2.467932e+00,7.884223e-01,-5.896825e-01
-9.481011e+00,7.609695e+00,1.033444e+01,-2.997130e+00,-4.087760e-01,5.351184e-01
-6.618350e+00,6.409641e+00,8.413623e+00,-1.673998e+00,-1.662823e+00,-7.895971e-01
2.072215e-01,1.003593e+01,8.922701e+00,-1.292423e+00,1.255860e-01,3.837396e-01
4.188179e+00,1.204193e+01,5.793257e+00,-9.674049e-01,8.958837e-01,4.519420e-01
4.281208e+00,9.559166e+00,4.349265e+00,-7.574813e-01,1.260338e+00,7.251425e-01
3.913344e+00,1.016823e+01,3.847575e+00,-4.366484e-01,8.277855e-01,6.184417e-01
2.259142e+00,9.822454e+00,3.574766e+00,-5.627740e-01,1.182218e-01,2.118116e-01
6.315025e-01,8.352568e+00,4.527265e+00,-6.560456e-01,-2.016626e-01,1.086963e-01
-9.316478e-01,8.131992e+00,5.674368e+00,-7.012680e-01,-6.832104e-01,-1.806489e-01
-7.926525e-02,8.090480e+00,5.608747e+00,-7.489551e-01,-8.006548e-01,-1.937687e-01
2.298842e+00,9.037014e+00,2.068698e+00,-6.733505e-01,-6.408602e-01,-6.447871e-02
6.410475e-01,8.591667e+00,-2.627562e+00,-6.662541e-01,-5.655328e-01,-1.990883e-02
-1.172508e+00,5.946013e+00,-4.199291e+00,-9.425952e-01,-1.209674e+00,3.438556e-02
3.378077e+00,8.937083e+00,-4.091518e+00,-1.414275e+00,-1.639865e+00,-3.679227e-02
6.050823e+00,1.242179e+01,-4.157022e+00,-2.380663e+00,-1.265444e+00,6.835195e-02
3.818502e-01,1.865106e+01,-3.158323e-01,-2.939097e+00,-1.333716e+00,1.288572e-01
-3.014300e+00,2.062547e+01,6.198931e+00,-3.828796e+00,-2.661728e+00,4.904182e-01
-6.829385e+00,2.666220e+01,1.667105e+01,-4.265806e+00,-3.228723e+00,5.758587e-01
-5.055566e+00,9.846606e+00,2.022061e+01,-4.071094e+00,-2.088708e+00,4.239494e-01
3.907505e-01,2.126450e+00,1.662329e+01,-2.815613e+00,-9.610314e-01,9.142672e-01
5.895593e+00,1.158207e+01,1.196858e+01,-1.236739e+00,1.305992e+00,8.944845e-01
5.152833e+00,9.241304e+00,9.938471e+00,-1.600138e+00,2.736754e+00,1.224732e+00
4.329044e+00,3.995052e+00,7.656397e+00,6.566896e-01,2.400296e+00,1.133386e+00
6.001667e+00,-2.908337e-01,6.880347e+00,2.318385e+00,2.068808e+00,2.252139e-01
5.305372e+00,1.914953e+00,6.758309e+00,3.763757e+00,1.701714e+00,-5.729318e-01
4.037845e+00,2.795729e+00,7.204099e+00,4.226772e+00,1.204039e+00,-6.629360e-01
1.412787e+00,1.398310e+00,9.156248e+00,5.153856e+00,2.582287e-01,-6.440626e-01
5.958516e-01,1.635633e+00,1.185194e+01,5.903713e+00,-2.089833e-01,-7.021668e-01
7.646635e-01,2.941008e+00,1.269347e+01,6.823877e+00,-1.640370e-01,-9.146488e-01
1.114665e+00,2.339745e+00,1.175419e+01,7.283786e+00,3.048063e-01,-9.001525e-01
-5.458711e+00,4.563303e+00,1.118826e+01,7.513753e+00,1.134489e+00,-6.470520e-01
-5.519152e+00,-5.786396e+00,9.161551e+00,6.682206e+00,8.751384e-01,-3.254389e-01
-1.722069e-01,-1.589442e+01,1.013475e+01,3.841330e+00,1.616365e+00,1.431217e-02
8.803018e+00,1.968861e+01,-2.800983e+00,7.701246e-01,2.290609e+00,4.607274e-01
7.898701e+00,3.342464e+01,5.546263e+00,-3.563311e+00,2.322069e+00,2.902755e-01
-8.712449e+00,-2.626392e+00,1.311328e+01,-3.326775e+00,2.800221e+00,2.216106e+00
6.887257e+00,7.351912e-01,1.029168e+01,-2.626968e+00,-5.066108e-01,-1.796554e+00
4.743133e+00,1.455310e+01,9.474383e+00,-2.817685e+00,1.343829e+00,-6.770390e-02
-7.659134e+00,1.704042e+01,1.128347e+01,-2.570498e+00,1.539778e-01,2.614897e-01
-6.555945e+00,6.193149e+00,5.065868e+00,-1.566467e+00,-1.167719e+00,-6.708629e-01
2.482784e+00,1.045084e+01,6.345537e+00,-8.169935e-01,1.875385e-01,3.752788e-01
7.560368e+00,1.304379e+01,5.338167e+00,-6.211396e-01,1.232638e+00,4.493447e-01
5.837712e+00,8.313347e+00,3.485510e+00,-7.876244e-01,1.902612e+00,6.602301e-01
3.827237e+00,9.092943e+00,3.119934e+00,-5.406460e-01,9.520934e-01,4.000582e-01
-4.167326e-01,1.003442e+01,2.994994e+00,-6.243063e-01,-3.900173e-01,-9.184514e-02
-1.522356e+00,8.962730e+00,1.792933e+00,-6.620932e-01,-8.018460e-01,-2.408280e-01
-1.820162e+00,6.687633e+00,1.171206e+00,-7.491189e-01,-1.011405e+00,-2.574805e-01
-1.633158e+00,7.506658e+00,2.924868e+00,-9.144753e-01,-8.988670e-01,-1.677646e-01
1.859805e+00,8.277946e+00,4.543418e+00,-1.171572e+00,-6.639950e-01,-4.966306e-02
3.921088e+00,7.996781e+00,2.569613e+00,-1.216962e+00,-5.069957e-01,-9.099391e-03
1.461110e+00,8.074808e+00,-2.319191e+00,-1.331094e+00,-4.802262e-01,1.343304e-01
-1.205151e+00,9.301671e+00,-1.999398e+00,-1.712794e+00,-9.607295e-01,1.710115e-01
2.370295e+00,1.388279e+01,7.206174e-01,-2.419860e+00,-1.481829e+00,1.799914e-01
5.228471e+00,1.564341e+01,-2.401649e-01,-2.823622e+00,-1.339551e+00,2.049646e-01
3.823925e+00,1.980554e+01,-1.582427e+00,-3.494352e+00,-1.254711e+00,4.478870e-01
-7.013013e+00,1.642051e+01,1.334551e+01,-4.026859e+00,-1.836553e+00,5.454840e-01
-1.582798e+01,2.716008e+01,2.102248e+01,-4.238681e+00,-3.855042e+00,3.156459e-01
-6.683984e+00,9.483068e+00,1.854216e+01,-4.307087e+00,-2.980529e+00,3.402612e-01
5.503383e+00,1.753655e+00,1.311427e+01,-1.929683e+00,7.031600e-01,1.476973e+00
7.670206e+00,9.919935e+00,1.047952e+01,-6.514742e-01,2.907125e+00,2.009159e+00
6.473007e+00,7.811099e+00,8.335410e+00,-6.943737e-01,3.254294e+00,1.653508e+00
2.912779e+00,2.473706e+00,7.669272e+00,7.609563e-01,2.312943e+00,1.422569e+00
1.593679e+00,9.402757e-01,8.162405e+00,2.537400e+00,1.125968e+00,7.507781e-01
2.571129e-03,2.692131e+00,8.279922e+00,3.448670e+00,6.492798e-01,2.480624e-01
6.885741e-01,2.354281e+00,8.934288e+00,4.398866e+00,6.392750e-01,-1.188823e-01
1.415386e+00,1.139044e+00,9.272713e+00,5.068975e+00,7.207413e-01,-3.653950e-02
3.085470e+00,5.317845e-01,1.170614e+01,6.207877e+00,8.500908e-01,-3.000859e-02
1.093808e+00,-6.895032e-01,1.186675e+01,6.834590e+00,8.524112e-01,-1.159283e-01
-3.619010e+00,-3.320219e-01,1.174427e+01,7.357972e+00,6.417654e-01,-3.031085e-01
-4.575392e+00,1.620167e+00,1.075085e+01,7.180258e+00,6.231017e-01,-3.062477e-01
7.610144e-01,-8.644204e+00,8.114392e+00,5.284878e+00,1.152709e+00,-2.274986e-02
5.758029e-01,-1.101758e+01,8.424861e+00,3.186863e+00,2.026549e+00,-1.971786e-01
1.630531e+01,3.586562e+01,-2.216216e+00,-1.034681e+00,1.363632e+00,-1.557423e-01
-2.587420e+00,1.452581e+01,8.446129e+00,-4.362622e+00,1.626902e+00,6.622024e-01
-4.738950e+00,-7.089054e+00,1.296442e+01,-2.691566e+00,7.946667e-01,8.361984e-01
6.190981e+00,6.467922e+00,1.132433e+01,-1.609757e+00,7.269000e-01,-9.400482e-01
1.241703e+00,1.560469e+01,9.197355e+00,-2.115813e+00,2.432100e+00,7.708989e-01
-7.498534e-01,9.207614e+00,8.228616e+00,-1.704064e+00,1.736639e+00,8.973166e-01
5.394915e+00,7.786562e+00,6.357625e+00,-8.477445e-01,1.022375e+00,2.141651e-01
6.446194e+00,1.095742e+01,5.551228e+00,-7.678777e-01,1.578329e+00,5.734473e-01
3.576504e+00,9.990702e+00,3.484136e+00,-5.278197e-01,1.228669e+00,1.956048e-01
1.536170e+00,9.542453e+00,2.866783e+00,-4.523478e-01,3.443152e-01,4.752250e-02
1.113389e+00,9.375768e+00,2.024799e+00,-4.244708e-01,-5.314911e-01,-3.168831e-01
6.907071e-01,8.607030e+00,1.519222e+00,-4.810383e-01,-5.683018e-01,-3.580738e-01
-6.946237e-02,8.145721e+00,1.870587e+00,-7.053718e-01,-5.849976e-01,-3.013877e-01
-1.213701e+00,7.468955e+00,2.947894e+00,-9.562368e-01,-7.747968e-01,-3.216326e-01
1.449172e+00,7.612596e+00,3.656194e+00,-1.193385e+00,-1.007703e+00,-3.005221e-01
1.906830e+00,8.048372e+00,3.558540e+00,-1.293588e+00,-8.645211e-01,-2.403226e-01
3.141766e-01,1.001686e+01,-1.542078e+00,-1.450250e+00,-8.277336e-01,-3.148267e-02
-3.768695e-01,8.661838e+00,-4.491788e+00,-1.643729e+00,-8.389084e-01,7.425141e-02
6.441348e+00,1.059041e+01,-2.801714e+00,-2.203984e+00,-7.706697e-01,2.228582e-01
1.166372e+01,1.529801e+01,-3.166236e+00,-2.806261e+00,-6.765071e-01,2.782659e-01
2.979551e+00,2.323112e+01,5.030664e+00,-3.835439e+00,-1.227992e+00,3.903885e-01
-1.158351e+01,1.718911e+01,1.524246e+01,-4.697026e+00,-2.929238e+00,7.688561e-01
-1.523450e+01,2.451464e+01,2.231917e+01,-4.649023e+00,-4.820424e+00,4.096728e-01
-3.799252e+00,7.524618e+00,1.936061e+01,-4.696951e+00,-3.479591e+00,2.868683e-01
9.726810e+00,3.206474e-01,1.368487e+01,-2.087678e+00,1.345890e+00,1.748656e+00
1.176215e+01,9.261847e+00,8.634360e+00,-1.005008e+00,3.607007e+00,1.992150e+00
5.789215e+00,4.853200e+00,9.353406e+00,-4.319476e-01,2.682879e+00,1.160187e+00
3.128551e+00,2.961706e-01,8.590465e+00,8.349633e-01,1.429745e+00,3.680343e-01
-6.749310e-01,7.869823e-02,8.628389e+00,2.921109e+00,-9.545584e-06,-5.165350e-01
-1.947175e+00,1.202449e+00,9.258921e+00,3.789805e+00,-1.968675e-01,-1.003239e+00
-9.243591e-01,4.629982e-01,1.035407e+01,5.006681e+00,3.149620e-01,-1.134626e+00
1.769358e+00,-1.174929e-01,1.258189e+01,5.775940e+00,8.363222e-01,-1.097005e+00
6.092468e+00,9.224753e-01,1.244121e+01,6.929349e+00,1.753728e+00,-1.092380e+00
1.004310e+01,3.407590e+00,1.002072e+01,7.549417e+00,1.998655e+00,-1.341551e+00
5.714040e+00,2.342558e+00,7.215271e+00,7.417577e+00,1.650071e+00,-1.549619e+00
-3.212290e+00,-3.654555e+00,6.658796e+00,6.421678e+00,2.458539e-01,-1.766849e+00
-4.112940e+00,-3.490000e+00,4.838503e+00,4.234906e+00,-2.149548e+00,-2.786957e+00
-3.034372e+00,-3.916486e+00,7.141411e+00,2.135072e+00,-2.655573e+00,-2.554923e+00
3.944555e-01,2.194959e+01,2.310665e+00,-1.285144e+00,-1.648600e+00,-1.037307e+00
-6.682922e+00,2.299923e+01,9.056759e+00,-3.732887e+00,-2.970627e-01,4.600377e-01
5.771480e+00,1.307486e+00,1.094685e+01,-3.027851e+00,1.922523e+00,2.263174e+00
2.191863e+01,1.545804e+00,8.439142e+00,-2.003046e+00,3.458001e+00,1.793776e+00
1.277843e+01,1.147023e+01,9.361998e+00,-1.674521e+00,3.754519e+00,8.887350e-01
-9.885014e+00,1.065265e+01,1.164133e+01,-2.130851e+00,5.863344e-01,2.960537e-01
-1.309910e+01,9.735037e+00,7.760034e+00,-1.867659e+00,-3.576543e+00,-1.104010e+00
-5.457999e+00,9.086038e+00,7.229165e+00,-1.455796e+00,-2.759569e+00,-7.430994e-01
4.334127e+00,9.785687e+00,4.937056e+00,-6.197200e-01,8.708236e-01,5.299592e-01
7.575056e+00,9.297507e+00,2.332497e+00,-4.814548e-01,1.965020e+00,8.374004e-01
7.072863e-02,8.551821e+00,3.969781e+00,-3.255221e-01,1.188517e+00,7.163754e-01
-3.704196e+00,8.893706e+00,3.818364e+00,-3.400880e-01,-3.371138e-01,1.135937e-01
-2.148838e+00,8.710983e+00,3.296442e+00,-4.105914e-01,-7.952672e-01,2.065646e-02
8.510989e-01,8.072672e+00,3.161097e+00,-4.475306e-01,-3.857127e-01,7.947603e-02
3.731254e+00,9.033368e+00,3.650041e+00,-4.957421e-01,1.748315e-01,2.580806e-01
2.477169e+00,8.962215e+00,4.735877e+00,-6.633880e-01,1.067508e-01,2.352008e-01
-6.028721e-01,8.494294e+00,3.111729e+00,-8.181890e-01,-6.861582e-01,-1.164131e-01
-1.906427e+00,7.574007e+00,-1.891319e-01,-9.392548e-01,-1.136008e+00,-1.276035e-01
3.208850e+00,9.713460e+00,-3.983622e+00,-1.221572e+00,-1.154487e+00,2.016575e-02
3.896743e+00,1.006245e+01,-2.492259e+00,-1.757350e+00,-9.065091e-01,2.339738e-01
2.716321e+00,1.211589e+01,3.299541e+00,-2.738111e+00,-1.416936e+00,1.324889e-02
3.720763e+00,1.501531e+01,3.487968e-01,-3.305799e+00,-1.904507e+00,-8.983378e-02
2.320898e+00,2.218605e+01,3.398622e+00,-4.064182e+00,-2.244182e+00,-7.203886e-02
-2.648184e+00,1.830483e+01,1.205267e+01,-4.638198e+00,-3.070317e+00,3.783532e-01
-6.469885e+00,2.164018e+01,1.964931e+01,-4.530302e+00,-3.740398e+00,4.433283e-01
8.104905e-01,8.075103e+00,1.982534e+01,-4.234228e+00,-3.088353e+00,-3.105150e-01
9.780922e+00,5.786387e+00,7.560390e+00,-2.171980e+00,-5.498072e-01,-1.587087e-01
3.786040e+00,7.910606e+00,8.407532e+00,-1.114482e+00,1.016389e+00,-1.981659e-01
-4.513918e-01,3.496609e+00,7.106781e+00,-2.448322e-03,1.018837e+00,-8.061172e-01
1.523925e-01,3.429328e+00,7.858930e+00,1.186673e+00,7.191650e-01,-1.415394e+00
2.590083e+00,4.175204e+00,8.395096e+00,2.482539e+00,1.455725e+00,-1.588844e+00
4.527885e+00,4.345314e+00,8.128894e+00,3.428058e+00,2.177482e+00,-1.563228e+00
7.532183e+00,3.820744e+00,7.702882e+00,4.470380e+00,2.570952e+00,-1.262346e+00
5.958616e+00,1.598586e+00,1.052217e+01,5.277797e+00,2.323041e+00,-1.026520e+00
4.976620e+00,7.694055e-01,1.124035e+01,6.315610e+00,9.092822e-01,-1.129010e+00
5.594548e+00,-5.413187e-01,1.212143e+01,6.724220e+00,3.536236e-01,-1.196972e+00
-3.971165e-01,1.635386e-01,1.021380e+01,7.050743e+00,1.265896e-01,-1.154537e+00
-5.803310e+00,1.227907e+00,1.076991e+01,6.670099e+00,-4.089456e-01,-1.180638e+00
-3.930321e+00,-1.232530e+01,9.364344e+00,4.314405e+00,-8.631628e-01,-9.249345e-01
-1.787029e+00,-4.765557e+00,1.043061e+01,2.508777e+00,-7.634371e-02,-4.394717e-01
8.926118e+00,3.241327e+01,2.042232e+00,-1.428611e+00,1.274459e+00,4.196852e-01
-1.792416e+00,1.324636e+01,9.754337e+00,-3.596814e+00,2.563270e+00,1.565976e+00
1.071177e+01,-9.457189e+00,1.015376e+01,-1.911445e+00,1.414842e+00,1.198887e+00
8.426764e+00,7.383762e+00,8.095651e+00,-1.915704e+00,8.987389e-01,-9.735069e-01
-2.999117e+00,1.856890e+01,1.094940e+01,-2.469359e+00,5.847654e-01,7.307850e-01
-9.070505e+00,1.101392e+01,8.398897e+00,-1.769924e+00,-1.275319e+00,-4.673242e-01
-2.015990e+00,6.920807e+00,4.100614e+00,-1.038653e+00,-1.060105e+00,-2.550764e-01
2.191853e+00,1.262991e+01,4.205906e+00,-3.969485e-01,4.004751e-01,2.448078e-01
2.699053e+00,8.792111e+00,1.574778e+00,-6.396305e-01,1.019972e+00,3.957011e-01
-3.589219e-01,8.541933e+00,1.823011e+00,-5.129288e-01,5.989328e-01,3.437644e-01
-1.106689e+00,9.116675e+00,1.384402e+00,-5.023765e-01,-5.332686e-01,-8.211723e-02
-1.400132e+00,9.259723e+00,1.590337e+00,-7.386433e-01,-8.491481e-01,-1.301735e-01
-1.884881e+00,7.460633e+00,4.155213e+00,-9.954481e-01,-8.817866e-01,-1.515467e-01
-1.136388e+00,7.988570e+00,5.563863e+00,-1.107328e+00,-8.828028e-01,-2.195500e-01
2.516201e+00,8.385517e+00,5.409312e+00,-1.254016e+00,-7.053556e-01,-1.131334e-01
2.124950e+00,9.166947e+00,3.561609e+00,-1.225616e+00,-5.462673e-01,-3.221600e-02
1.801588e-01,8.221263e+00,-2.216114e+00,-1.213673e+00,-7.741694e-01,6.320836e-03
1.544474e+00,9.728158e+00,-4.051116e+00,-1.389906e+00,-1.035972e+00,9.748018e-02
9.486410e-01,1.052993e+01,-1.863022e-01,-1.986926e+00,-1.230334e+00,1.088878e-01
1.365385e+00,1.266177e+01,1.855392e+00,-2.676720e+00,-1.529317e+00,2.762155e-02
6.856860e+00,1.734456e+01,-4.447270e+00,-3.546041e+00,-1.722535e+00,2.514268e-01
4.749412e+00,1.924636e+01,2.294066e+00,-3.802798e+00,-1.579864e+00,4.485695e-01
-1.377179e+01,1.793083e+01,1.597713e+01,-4.466873e+00,-3.523886e+00,1.201350e+00
-1.048145e+01,2.885682e+01,2.087404e+01,-4.639799e+00,-4.125645e+00,5.241010e-01
1.360043e+00,3.381111e+00,1.998191e+01,-4.568896e+00,-2.470289e+00,-1.488742e-01
9.534599e+00,-2.828690e-01,1.349590e+01,-2.416310e+00,4.762344e-01,7.513071e-01
9.755148e+00,1.231934e+01,9.247910e+00,-1.023307e+00,2.664891e+00,2.445297e-01
3.881077e+00,4.592267e+00,8.605749e+00,-1.021516e+00,2.484585e+00,6.154810e-02
2.084722e+00,1.160642e+00,6.551151e+00,1.253493e+00,9.579526e-01,-9.775206e-01
1.620377e+00,2.038370e+00,7.964147e+00,2.668847e+00,6.627957e-01,-1.615769e+00
2.615254e+00,4.521475e+00,8.817542e+00,3.821077e+00,1.261662e+00,-1.759904e+00
2.777242e+00,3.495593e+00,9.296271e+00,4.435502e+00,1.548552e+00,-1.547249e+00
3.928811e+00,5.942913e-01,1.246855e+01,5.910765e+00,1.861537e+00,-8.332401e-01
7.021976e+00,-1.264019e+00,1.162919e+01,6.855527e+00,1.773933e+00,-3.172436e-01
7.701301e+00,-5.164227e+00,1.223501e+01,7.853955e+00,1.395446e+00,4.014168e-01
-5.586938e+00,-2.383161e+00,1.218618e+01,8.015377e+00,1.151974e+00,6.509108e-01
-9.155265e+00,-1.233290e+01,1.398744e+01,6.854819e+00,-7.977211e-01,4.250975e-01
-9.996935e+00,-2.071730e+01,1.098301e+01,4.103573e+00,-5.797512e-01,2.400793e-01
1.858836e+01,3.941000e+01,1.398308e+01,-6.771555e-01,1.550781e+00,8.198009e-03
2.720887e+00,-3.115260e-01,1.436492e+01,-4.789674e+00,3.109987e+00,1.122809e+00
1.388411e+00,-5.418918e+00,1.337844e+01,-2.585653e+00,1.386702e+00,8.646170e-02
4.030544e+00,1.734913e+01,1.121175e+01,-1.803458e+00,1.553437e-01,-1.899403e+00
-2.851205e+00,1.826860e+01,1.238540e+01,-2.796826e+00,-1.934427e-01,3.744355e-01
1.067359e+00,7.605138e+00,7.265318e+00,-1.765768e+00,-4.090802e-01,-2.264475e-01
6.386259e-01,8.554625e+00,6.899755e+00,-6.067821e-01,3.059492e-01,-2.264416e-01
1.628830e+00,1.546633e+01,3.699449e+00,-3.524190e-01,-5.484859e-02,-2.267503e-01
-3.946761e+00,1.012038e+01,3.129951e+00,-4.083558e-01,-5.471549e-01,-2.740538e-01
-4.669188e+00,8.862130e+00,2.345578e+00,-9.529407e-02,-1.042876e+00,-2.913331e-01
-1.723547e+00,8.485618e+00,-1.339680e+00,3.138380e-02,-9.155233e-01,-4.162466e-01
-1.660592e+00,6.621781e+00,-1.019607e+00,-1.631948e-01,-4.764252e-01,-2.141935e-01
-1.699120e+00,6.771811e+00,1.750427e+00,-5.644075e-01,-4.368976e-01,-2.542927e-01
6.228333e-01,7.729361e+00,3.484501e+00,-8.218290e-01,-5.956898e-01,-3.967896e-01
1.520583e+00,8.532596e+00,2.381067e+00,-1.180676e+00,-7.184132e-01,-4.758507e-01
4.314571e-01,7.841469e+00,4.371093e-01,-1.308361e+00,-9.506583e-01,-5.505743e-01
2.807042e+00,1.038422e+01,-3.612631e+00,-1.535080e+00,-1.048953e+00,-4.672003e-01
2.842328e+00,1.186707e+01,-2.295605e+00,-1.867720e+00,-9.851817e-01,-2.673828e-01
2.426432e+00,1.172642e+01,-2.925623e-01,-2.670587e+00,-1.248645e+00,-2.434303e-01
6.678597e+00,1.278664e+01,-1.018122e+00,-3.113989e+00,-1.459112e+00,-1.518428e-01
6.453441e+00,1.578262e+01,5.639427e-01,-3.535830e+00,-1.290815e+00,2.902103e-01
3.673521e-02,1.992010e+01,1.007508e+01,-3.807900e+00,-1.421872e+00,4.112740e-01
-6.805998e+00,2.798388e+01,1.742356e+01,-4.896743e+00,-3.601600e+00,-4.060598e-01
-6.806661e+00,9.728217e+00,2.110417e+01,-4.887854e+00,-3.845261e+00,-6.237010e-01
-8.928669e-01,6.173586e+00,1.397964e+01,-2.704014e+00,-2.562196e+00,-3.888446e-01
1.534939e+00,1.322117e+01,1.339200e+01,-1.711209e+00,-5.427791e-01,-3.210919e-02
1.130623e+00,7.611971e+00,1.196349e+01,-9.860230e-01,1.328873e+00,1.914699e-01
3.739067e+00,4.210393e+00,9.594525e+00,3.626938e-01,1.491012e+00,5.690900e-02
5.926930e+00,5.790237e-01,8.446280e+00,3.236078e+00,2.503119e+00,-2.618890e-01
5.178464e+00,1.664120e+00,8.415880e+00,3.851170e+00,2.573244e+00,-4.085029e-01
4.405713e+00,1.005261e+00,9.134965e+00,5.350518e+00,1.871293e+00,-3.663679e-01
3.768544e+00,-2.352711e-01,1.059364e+01,5.922905e+00,1.509126e+00,-2.089196e-01
3.359798e+00,2.317576e-01,1.363887e+01,7.255877e+00,6.595399e-01,-1.713920e-01
4.712449e+00,-1.407718e+00,1.329835e+01,7.577874e+00,5.027155e-01,-1.747900e-01
-1.187829e+00,1.231459e+00,1.118325e+01,8.512986e+00,2.596542e-01,-2.137668e-01
-8.132870e+00,-9.295671e-01,1.172408e+01,8.191358e+00,-1.034560e-01,-1.107359e-01
-1.055502e+01,-1.545228e+01,1.045320e+01,4.615198e+00,2.387658e-02,3.078854e-01
2.393630e+00,-7.170627e+00,9.172431e+00,3.132374e+00,7.896830e-01,3.972387e-01
2.431438e+01,3.794184e+01,1.755838e+00,-2.407725e+00,3.092702e+00,8.480380e-01
-4.135485e+00,9.146788e-01,8.378805e+00,-3.478816e+00,2.921329e+00,1.207597e+00
6.882205e+00,-1.520527e+01,1.523664e+01,-2.273610e+00,-1.583692e+00,-2.112875e+00
5.717904e-01,1.399666e+01,1.390953e+01,-2.990800e+00,-8.273879e-01,-1.609444e+00
-6.070043e+00,2.619968e+01,1.429095e+01,-3.146639e+00,-3.316247e-01,-1.376844e-01
-2.787758e+00,7.983449e+00,7.640505e+00,-2.148907e+00,-3.611646e-01,-3.778847e-01
-9.812160e-02,7.316561e+00,3.946550e+00,-5.757982e-01,4.019488e-01,8.055785e-02
8.925078e-01,1.401990e+01,3.654401e+00,-4.194464e-01,2.931822e-01,8.312898e-02
-1.484201e+00,1.118409e+01,1.876590e+00,-6.726181e-01,-6.412043e-02,4.083503e-02
-8.726788e-01,8.023688e+00,2.705871e-01,-3.817665e-01,-3.706195e-01,1.563558e-03
8.068453e-01,9.003185e+00,-8.768761e-01,-4.398646e-01,-1.080758e-01,-3.413484e-02
-1.970799e+00,7.371450e+00,-7.153847e-01,-6.464405e-01,-1.469602e-01,1.326382e-02
-4.076922e+00,6.451892e+00,2.306863e+00,-1.023020e+00,-7.355881e-01,-3.482952e-01
-2.763183e+00,8.358816e+00,4.229611e+00,-1.312372e+00,-8.815641e-01,-4.110287e-01
3.597148e+00,9.226312e+00,4.197375e+00,-1.511980e+00,-4.348759e-01,-2.985269e-01
4.135760e+00,7.968910e+00,3.204309e-01,-1.485461e+00,-3.262188e-01,-2.743016e-01
2.841713e+00,9.300266e+00,-4.079035e+00,-1.634166e+00,-6.480724e-01,-1.917882e-01
2.906950e+00,1.121232e+01,-3.025006e+00,-2.079399e+00,-1.065554e+00,-1.453810e-01
4.386100e+00,1.231733e+01,-1.043331e-01,-2.998712e+00,-1.524170e+00,-1.407397e-01
8.042504e+00,1.317752e+01,2.217496e-01,-3.425110e+00,-1.730491e+00,-1.185104e-01
6.197138e+00,1.528653e+01,-1.738761e+00,-4.029761e+00,-1.742084e+00,1.594966e-01
-4.573785e+00,1.869280e+01,9.769659e+00,-4.509226e+00,-2.757325e+00,1.810008e-02
-1.358877e+01,3.274957e+01,2.105570e+01,-5.106071e+00,-4.987146e+00,-4.196643e-01
-1.145092e+01,1.911108e+01,1.661377e+01,-5.058022e+00,-4.220130e+00,-1.871479e-01
2.986492e+00,3.664432e-01,1.869103e+01,-1.603697e+00,-6.894930e-01,1.404592e+00
8.153526e+00,3.455894e+00,1.423403e+01,-6.581380e-02,1.737497e+00,1.457724e+00
6.222481e+00,8.133950e+00,1.081213e+01,-1.265813e-01,2.319738e+00,7.094230e-01
2.719323e+00,1.825673e+00,7.856350e+00,8.951279e-01,1.635874e+00,6.467424e-01
4.131563e-01,-5.197435e-01,6.877462e+00,3.101057e+00,8.120913e-01,-1.020298e-01
9.424813e-01,9.538604e-01,5.960438e+00,3.838132e+00,6.406327e-01,-5.280402e-01
2.714787e+00,8.408866e-02,9.044080e+00,4.811024e+00,1.175886e+00,-9.078692e-01
3.417980e+00,1.337968e-01,9.195360e+00,5.872212e+00,1.483034e+00,-9.900560e-01
3.881632e+00,9.871447e-01,1.455224e+01,6.734331e+00,1.183883e+00,-1.061363e+00
2.640655e+00,1.142910e+00,1.518065e+01,7.371975e+00,9.088342e-01,-1.091732e+00
-2.308788e+00,2.848058e+00,1.171853e+01,8.267951e+00,4.039114e-01,-1.086965e+00
-7.936093e+00,7.318605e+00,1.194913e+01,7.949090e+00,4.111313e-01,-9.797439e-01
-9.155010e+00,-1.568107e+01,9.883511e+00,4.881605e+00,9.571598e-01,-2.253928e-01
-1.495234e-01,-1.584091e+01,1.223391e+01,3.144134e+00,1.934232e+00,-1.981011e-01
2.495202e+01,3.496787e+01,-1.142004e+01,-2.026140e+00,4.169741e+00,6.991123e-01
2.017309e-01,1.880174e+01,8.225686e+00,-3.750657e+00,4.109803e+00,1.244843e+00
-1.495811e+00,-1.217557e+01,1.168504e+01,-1.372943e+00,1.352854e-01,-7.486195e-01
1.145440e+01,4.621055e+00,9.393610e+00,-2.175984e+00,2.114524e-01,-2.015238e+00
7.231700e+00,2.048410e+01,8.387944e+00,-2.921595e+00,2.426499e+00,9.151788e-01
-8.885118e+00,9.621252e+00,7.765960e+00,-2.064642e+00,3.847694e-02,-6.543323e-01
-4.834723e+00,6.109710e+00,4.366681e+00,-1.203649e+00,-1.515620e+00,-7.469145e-01
-4.321581e-01,1.232576e+01,4.877719e+00,-9.630305e-01,-4.484349e-01,-3.240984e-01
5.136493e+00,1.046994e+01,2.476023e+00,-1.042254e+00,1.058294e+00,3.791411e-02
5.182282e+00,8.279085e+00,1.310355e+00,-8.953167e-01,1.306994e+00,2.408317e-01
2.017104e+00,1.008734e+01,1.647015e+00,-9.028120e-01,1.819867e-01,-2.306849e-01
1.727448e-01,9.267103e+00,1.696090e+00,-1.090492e+00,-5.415146e-01,-4.068196e-01
-1.735495e+00,8.576634e+00,2.252458e+00,-1.332271e+00,-1.249773e+00,-6.305799e-01
-2.354662e+00,8.537086e+00,5.144020e+00,-1.531163e+00,-1.488563e+00,-6.497838e-01
8.678273e-01,9.047000e+00,4.638563e+00,-1.525374e+00,-1.282167e+00,-5.564264e-01
9.492955e-01,8.165741e+00,1.807887e-01,-1.461352e+00,-1.050417e+00,-4.627903e-01
1.443321e+00,9.153183e+00,-4.806651e+00,-1.612298e+00,-1.011571e+00,-2.589414e-01
2.130040e+00,1.031828e+01,-2.759985e+00,-1.988504e+00,-1.149010e+00,-1.158227e-01
2.117275e+00,1.125455e+01,-6.356638e-01,-2.976483e+00,-1.577704e+00,-2.615834e-01
1.054159e+01,1.097886e+01,-3.340165e+00,-3.551382e+00,-1.815923e+00,-4.994201e-02
5.095463e+00,1.409530e+01,2.322833e+00,-4.061122e+00,-1.756283e+00,1.131625e-01
-2.462551e+00,2.099895e+01,1.150125e+01,-4.574753e+00,-2.781818e+00,-9.064946e-02
-1.861835e+01,2.980252e+01,2.187135e+01,-5.318218e+00,-5.178937e+00,-5.271141e-01
-1.016020e+01,4.915384e+00,2.250910e+01,-4.689197e+00,-4.156540e+00,-3.217820e-01
5.698428e+00,6.798350e+00,1.569974e+01,-1.529621e+00,2.235432e-01,1.198746e+00
9.933344e+00,1.215638e+01,1.257891e+01,-1.275123e+00,2.977199e+00,1.269113e+00
7.194904e+00,4.850489e+00,8.766674e+00,-1.091910e-01,3.253234e+00,1.035776e+00
5.661822e+00,2.621635e+00,7.350421e+00,1.731525e+00,2.338678e+00,4.052913e-01
3.466095e+00,1.756338e-01,8.424635e+00,3.424146e+00,1.197255e+00,-7.077958e-02
2.954617e+00,1.822896e+00,7.918540e+00,4.302983e+00,9.751843e-01,-4.160326e-01
2.972032e+00,2.116055e+00,9.524383e+00,5.389163e+00,1.016435e+00,-4.983954e-01
3.839268e+00,-3.774995e-01,1.183128e+01,6.259164e+00,9.492276e-01,-4.339247e-01
5.339247e+00,3.067214e-01,1.273328e+01,7.427015e+00,7.315191e-01,-5.334561e-01
6.115129e+00,-6.266787e-01,1.464371e+01,7.952055e+00,4.070134e-01,-4.762446e-01
-1.553210e+00,1.296597e+00,1.213566e+01,8.344507e+00,-1.530825e-01,-5.241825e-01
-9.866842e+00,-2.619088e+00,1.099011e+01,7.543950e+00,-1.089067e+00,-5.307437e-01
-7.059138e+00,-1.645073e+01,1.050041e+01,4.192399e+00,-4.351892e-01,-5.246450e-01
2.982167e+00,5.497904e+00,2.369854e+00,8.058326e-01,1.236911e+00,9.852407e-02
9.181319e+00,3.277667e+01,9.027107e+00,-3.965227e+00,2.850121e+00,8.695335e-01
-5.911410e+00,-2.794890e+00,1.400691e+01,-3.835620e+00,2.827895e+00,1.833979e+00
3.383449e-02,-1.008815e+01,1.201941e+01,-1.779316e+00,-8.339389e-01,-2.333136e+00
-1.045346e+00,1.804481e+01,1.217100e+01,-2.299602e+00,4.779198e-01,-4.593334e-01
-1.102591e+00,1.326914e+01,9.130669e+00,-2.403522e+00,8.529253e-01,6.499200e-01
1.116671e+00,4.213075e+00,6.939200e+00,-1.538808e+00,1.228173e+00,1.814931e-02
1.043904e+01,1.083589e+01,3.661739e+00,-5.739021e-01,2.197635e+00,5.522974e-01
6.767293e+00,1.346712e+01,4.021039e+00,-6.102004e-01,1.914039e+00,2.737542e-01
-1.250746e+00,8.903955e+00,1.170759e+00,-6.516985e-01,-5.863150e-01,-3.881234e-01
-3.683825e+00,9.846085e+00,1.430737e+00,-5.401501e-01,-1.290633e+00,-6.861070e-01
1.843626e-01,9.604734e+00,2.990754e-01,-6.852590e-01,-8.556482e-01,-5.302558e-01
1.594693e+00,7.936395e+00,-8.909877e-02,-8.258466e-01,-3.603941e-01,-3.476702e-01
-7.192030e-01,7.934421e+00,2.739664e+00,-1.194970e+00,-6.424843e-01,-3.869096e-01
6.716173e-02,8.249850e+00,4.385967e+00,-1.473293e+00,-1.096502e+00,-5.053032e-01
2.046305e+00,8.569751e+00,5.809503e+00,-1.674787e+00,-1.273467e+00,-5.149844e-01
8.939458e-01,9.390448e+00,2.038780e+00,-1.688842e+00,-1.263283e+00,-4.643472e-01
-1.026199e+00,8.452128e+00,-1.550590e+00,-1.809254e+00,-1.226299e+00,-1.618607e-01
1.120719e+00,1.093798e+01,-2.332890e+00,-1.995722e+00,-1.163351e+00,-5.044892e-03
3.852124e+00,1.030079e+01,3.635277e-01,-2.746088e+00,-1.223718e+00,6.555702e-02
5.278435e+00,1.353380e+01,-1.581142e+00,-3.126456e+00,-1.475833e+00,4.603396e-02
-2.376211e-01,2.029866e+01,-7.785508e-01,-3.774277e+00,-1.979669e+00,4.082159e-01
-6.035394e+00,1.846348e+01,1.046879e+01,-4.319360e+00,-2.701962e+00,6.471979e-01
-1.139734e+01,2.762418e+01,1.745011e+01,-4.682984e+00,-3.317120e+00,5.117086e-01
-4.704922e+00,1.221052e+01,2.083470e+01,-4.517046e+00,-1.691254e+00,4.505272e-01
1.177056e+01,7.310608e+00,9.826675e+00,-2.299027e+00,9.009485e-01,6.307502e-01
1.153505e+01,1.329329e+01,9.737418e+00,-1.590503e+00,2.846138e+00,6.588849e-01
5.284575e+00,6.154575e+00,1.138543e+01,-3.019233e-01,1.341295e+00,-1.376994e-01
4.006034e+00,1.111404e+00,8.216342e+00,1.490624e+00,3.768134e-01,-9.751194e-01
1.316265e+00,-4.480994e-02,7.790839e+00,3.374951e+00,-5.237211e-02,-1.386558e+00
1.034330e-01,7.589552e-01,8.112239e+00,4.283441e+00,-4.157047e-02,-1.674348e+00
4.875698e-01,6.070717e-01,9.773578e+00,5.421757e+00,5.525411e-01,-1.242170e+00
2.022580e+00,3.691619e-01,1.142928e+01,6.195311e+00,9.811226e-01,-1.021862e+00
4.879215e+00,1.299306e+00,1.262722e+01,7.199330e+00,1.322563e+00,-6.043314e-01
8.306037e+00,9.915874e-01,1.254059e+01,7.907813e+00,1.277262e+00,-1.193904e-01
-4.003681e-01,1.920687e+00,1.019791e+01,8.198458e+00,4.698000e-01,2.452847e-01
-8.730623e+00,-5.436436e-02,9.267968e+00,7.446913e+00,-7.077399e-01,1.745803e-02
-7.464355e+00,-1.346357e+01,7.898722e+00,4.606181e+00,-3.907269e-01,-4.879046e-01
1.286298e+00,9.518405e+00,-1.188737e+00,1.406279e+00,1.108202e+00,-2.599444e-01
1.573169e+01,3.632787e+01,5.418287e+00,-3.853310e+00,2.063643e+00,4.599181e-01
-2.547798e+00,-1.074435e+01,1.428754e+01,-4.243261e+00,2.480847e+00,1.307374e+00
7.420391e-01,-6.493870e+00,1.335321e+01,-2.282714e+00,-5.590569e-01,-1.903394e+00
5.826904e-01,1.684670e+01,1.707383e+01,-2.274586e+00,4.864858e-01,-1.072560e-01
-4.761903e+00,1.350741e+01,8.362902e+00,-3.065671e+00,4.176713e-01,1.678742e-01
-5.606388e-01,5.505507e-01,6.096575e+00,-2.195837e+00,2.855070e-01,-9.076364e-02
2.946563e+00,1.001370e+01,6.428834e+00,-7.339534e-01,1.244959e+00,3.055036e-01
6.109562e+00,1.368876e+01,5.165742e+00,-1.081866e+00,1.418855e+00,4.688420e-01
2.217849e+00,7.465154e+00,2.020556e+00,-7.813147e-01,5.457923e-01,2.635266e-01
7.939224e-01,8.293640e+00,2.091365e+00,-6.918133e-01,-3.458908e-01,-1.821387e-02
-1.623257e+00,1.119081e+01,2.306488e+00,-7.612179e-01,-8.665453e-01,-2.751295e-01
-2.020870e+00,9.881680e+00,1.836336e+00,-8.717625e-01,-1.021104e+00,-2.948462e-01
-1.431923e+00,8.609173e+00,2.997936e+00,-8.542521e-01,-7.375818e-01,-2.365215e-01
-2.457087e-01,9.203545e+00,3.548806e+00,-9.365657e-01,-6.081706e-01,-2.445249e-01
2.856437e+00,7.259671e+00,2.332033e+00,-1.064047e+00,-6.327365e-01,-2.516762e-01
2.823201e+00,6.256940e+00,-2.215634e-01,-1.112051e+00,-8.152128e-01,-3.196312e-01
-7.378649e-01,1.153573e+01,-5.241753e+00,-1.620238e+00,-1.343509e+00,-2.121658e-01
-1.325114e+00,1.059285e+01,-1.943238e+00,-2.224217e+00,-1.637235e+00,-8.115530e-02
3.727720e+00,1.255370e+01,1.143832e+00,-3.013892e+00,-1.620760e+00,-7.393885e-02
1.359078e+01,1.401066e+01,-3.476903e+00,-3.716565e+00,-1.270252e+00,2.168464e-01
8.292826e+00,1.909572e+01,1.213894e+00,-4.221308e+00,-7.871742e-01,4.838403e-01
-4.990478e+00,1.995109e+01,1.505507e+01,-4.842997e+00,-2.511225e+00,3.843302e-01
-2.348435e+01,3.265392e+01,2.337264e+01,-5.077501e+00,-5.994479e+00,-3.832181e-01
-6.754041e+00,-2.772993e+00,2.249193e+01,-4.753086e+00,-4.705420e+00,-1.083722e-01
1.008953e+01,9.213553e+00,1.273574e+01,-7.023166e-01,1.132764e+00,1.649909e+00
1.223075e+01,1.111480e+01,1.135586e+01,-1.346124e+00,3.595739e+00,1.556483e+00
7.102577e+00,2.538892e+00,6.320490e+00,8.698419e-01,2.705343e+00,1.009747e+00
4.172578e+00,7.559213e-01,6.414508e+00,2.523022e+00,1.478271e+00,2.158024e-01
1.721777e+00,3.201210e-01,9.028344e+00,3.862229e+00,4.121970e-01,-6.290462e-01
1.568890e+00,1.840969e+00,9.065941e+00,4.611328e+00,6.584680e-01,-1.227930e+00
2.149720e+00,1.314869e+00,1.147386e+01,5.835519e+00,1.094848e+00,-1.320911e+00
2.776520e+00,2.459201e-01,1.381070e+01,6.505605e+00,1.240617e+00,-1.270043e+00
5.753381e+00,-6.314556e-01,1.461338e+01,7.715232e+00,1.137915e+00,-1.144687e+00
6.172237e+00,-1.393707e+00,1.451781e+01,8.135699e+00,9.937139e-01,-1.047891e+00
-8.520654e+00,4.219103e-01,1.149137e+01,7.760017e+00,6.223349e-02,-7.528746e-01
-1.682351e+01,-1.384930e+01,1.199500e+01,5.753657e+00,-5.902055e-01,-6.761867e-01
2.204347e+00,-7.693323e+00,1.214182e+01,2.316645e+00,1.100372e+00,-5.730557e-01
1.949192e+01,3.306303e+01,-1.074414e+01,-1.035359e+00,3.930826e+00,8.193885e-01
-5.588442e+00,-1.299999e+00,1.100100e+01,-3.053540e+00,3.935202e+00,1.481232e+00
-5.812928e+00,-1.181737e+01,1.455249e+01,-9.252909e-01,1.933981e+00,1.621055e+00
8.816107e+00,1.248004e+01,1.040303e+01,-3.001028e+00,1.782823e-01,-1.693154e+00
3.137656e+00,1.394037e+01,9.049211e+00,-3.649241e+00,2.113021e+00,1.075573e+00
-9.241267e+00,1.153726e+01,8.115258e+00,-1.984261e+00,-5.332423e-01,-5.192155e-01
-8.092128e+00,5.936435e+00,5.749792e+00,-1.712889e+00,-1.964901e+00,-7.894336e-01
3.004349e+00,1.292502e+01,6.117040e+00,-1.041274e+00,-5.227842e-02,1.052609e-01
5.985527e+00,1.070283e+01,3.970516e+00,-1.147227e+00,1.411069e+00,3.301045e-01
4.091761e+00,8.465313e+00,3.334955e+00,-8.185609e-01,1.228169e+00,4.297093e-01
8.140035e-01,9.545833e+00,3.259168e+00,-6.938734e-01,5.373583e-01,1.444717e-01
-1.284401e+00,8.308419e+00,2.014058e+00,-7.789252e-01,-6.713793e-01,-2.200796e-01
-2.501220e+00,7.562439e+00,1.369443e+00,-8.508412e-01,-8.890555e-01,-3.313691e-01
-9.848259e-01,7.629763e+00,1.188751e+00,-1.085927e+00,-8.061248e-01,-2.605614e-01
1.748979e+00,6.838469e+00,4.295942e-01,-1.280141e+00,-6.205376e-01,-1.447250e-01
1.777901e+00,8.060704e+00,-3.217415e+00,-1.627543e+00,-5.738915e-01,-1.441908e-01
2.897102e+00,7.862272e+00,-2.238220e+00,-1.970396e+00,-8.593500e-01,-1.752033e-01
7.826328e+00,9.677027e+00,-2.135135e-01,-2.828809e+00,-1.148808e+00,-2.176024e-01
1.108151e+01,1.276112e+01,-2.391504e+00,-3.355051e+00,-1.153670e+00,-1.498921e-01
6.521161e+00,2.063915e+01,2.102659e+00,-4.358965e+00,-1.724435e+00,-4.230274e-02
-9.064435e+00,2.394222e+01,1.966303e+01,-4.915538e+00,-3.200220e+00,-1.505365e-01
-1.447137e+01,2.743100e+01,2.360696e+01,-5.212354e+00,-5.458003e+00,-5.955245e-01
-5.914891e+00,6.837880e+00,1.949967e+01,-4.762214e+00,-3.950213e+00,-8.370269e-02
1.150097e+01,4.965110e+00,1.121177e+01,-1.408741e+00,4.315213e-01,8.340966e-01
9.757919e+00,7.405570e+00,8.362125e+00,-7.666939e-01,2.254931e+00,8.231887e-01
4.106805e+00,3.256805e+00,7.929027e+00,3.506881e-01,1.576654e+00,1.406520e-01
2.519458e+00,2.937878e-01,6.639553e+00,2.129646e+00,4.846407e-01,-9.279988e-01
3.949537e+00,-1.530244e-01,8.608377e+00,4.028192e+00,5.462223e-01,-1.426340e+00
4.661642e+00,-9.631773e-01,9.714904e+00,4.703512e+00,9.727422e-01,-1.579256e+00
5.566186e+00,-1.849724e+00,1.006015e+01,5.944927e+00,1.328770e+00,-1.495111e+00
6.105252e+00,-2.669899e+00,1.166519e+01,6.713827e+00,1.375396e+00,-1.516770e+00
6.079251e+00,-3.177759e+00,9.790801e+00,7.250452e+00,9.114477e-01,-1.280076e+00
1.573782e-02,-1.156977e+00,9.817620e+00,6.992104e+00,2.996862e-01,-1.101294e+00
-7.383900e+00,-8.136957e+00,9.997348e+00,4.363748e+00,-1.026944e+00,-7.356663e-01
-3.702944e+00,-4.676888e+00,8.850213e+00,2.228778e+00,-8.919866e-01,-8.796017e-01
8.304755e+00,3.636750e+01,-1.526685e+00,-1.555226e+00,1.228076e+00,5.004980e-01
4.914064e+00,1.789681e+01,6.820428e+00,-2.741566e+00,2.209502e+00,1.332202e+00
1.169651e+01,-2.838557e-01,1.310349e+01,-3.812668e-01,1.721227e+00,5.242476e-01
1.009260e+01,6.513870e+00,9.865912e+00,-2.405523e+00,8.701295e-01,-1.009063e+00
-3.630263e+00,8.853426e+00,6.673228e+00,-1.981283e+00,1.986805e-01,7.556092e-01
-7.618038e+00,1.484545e+01,9.493472e+00,-1.289490e+00,-7.262257e-01,-4.751111e-01
-4.052967e+00,7.468875e+00,4.091412e+00,-1.131043e+00,-9.073904e-01,-2.631970e-01
2.641460e-01,6.776923e+00,4.363762e+00,-6.968618e-01,5.463944e-01,2.410870e-01
5.958770e+00,1.007361e+01,3.389509e+00,-3.850838e-01,1.461465e+00,5.337455e-01
4.969698e+00,7.788752e+00,2.861564e+00,-5.870639e-01,1.433174e+00,4.993285e-01
2.592406e+00,7.595405e+00,2.563108e+00,-5.981023e-01,3.197540e-01,2.430731e-01
-5.925972e-02,7.300448e+00,1.646043e+00,-7.819430e-01,-7.565506e-01,-1.443124e-01
-4.241664e+00,7.616734e+00,2.052815e+00,-1.070816e+00,-1.448519e+00,-3.501482e-01
-4.636569e+00,6.716350e+00,2.998395e+00,-1.282979e+00,-1.482079e+00,-3.484718e-01
2.282823e-01,6.769963e+00,4.429664e+00,-1.542991e+00,-8.594935e-01,-1.887050e-01
3.555538e+00,6.870923e+00,4.692084e+00,-1.705079e+00,-8.489153e-02,1.352229e-01
2.333465e+00,7.950399e+00,6.160919e+00,-1.839017e+00,2.619031e-01,1.051519e-01
2.394496e+00,7.259935e+00,6.125520e+00,-1.933332e+00,-6.850022e-02,1.559894e-02
2.771863e+00,7.269739e+00,4.817565e+00,-2.038231e+00,-6.711021e-01,-6.656880e-02
1.321593e+00,8.745453e+00,4.720296e+00,-2.147333e+00,-9.063098e-01,-1.257193e-01
-8.942190e-01,1.012666e+01,3.968438e+00,-2.609329e+00,-1.343646e+00,2.509754e-02
2.650276e+00,1.140115e+01,8.113610e-01,-2.897701e+00,-1.364856e+00,1.978907e-01
5.848980e+00,1.377549e+01,-2.106563e+00,-3.409122e+00,-1.032869e+00,5.372668e-01
6.665214e+00,2.303707e+01,1.210880e+00,-4.135747e+00,-1.186705e+00,5.821456e-01
-4.457593e+00,2.482310e+01,1.721264e+01,-5.286506e+00,-2.329941e+00,2.732321e-01
-9.895873e+00,2.413893e+01,2.174078e+01,-6.046972e+00,-3.845491e+00,-2.648678e-01
-1.100528e+01,6.428096e+00,2.855199e+01,-5.036541e+00,-4.261922e+00,-4.260187e-01
6.694936e+00,1.443325e+01,1.548284e+01,-2.748217e+00,-2.015405e+00,-3.259398e-01
6.709555e+00,8.140882e+00,2.060405e+01,-8.696116e-01,1.557166e+00,3.846082e-01
5.894594e+00,6.471266e-01,1.382178e+01,1.317401e+00,2.460765e+00,-1.615401e-01
2.632074e+00,-2.925479e+00,1.607266e+01,5.223102e+00,3.223072e+00,-6.032049e-01
3.361224e+00,-2.504779e+00,1.639088e+01,6.617981e+00,3.202145e+00,-7.565123e-01
5.992913e+00,-5.437911e+00,1.660146e+01,8.517973e+00,3.923986e+00,-6.742856e-01
1.142057e+01,-5.858983e+00,1.452974e+01,9.525074e+00,4.085813e+00,-2.198544e-01
1.023986e+01,-7.852211e+00,1.413081e+01,1.037178e+01,3.092645e+00,6.286368e-01
4.744544e+00,-3.590231e+00,9.288461e+00,1.055869e+01,1.609695e+00,6.803817e-01
-1.790298e+01,-3.346953e+00,1.071844e+01,8.993986e+00,-8.295608e-01,4.694125e-01
-2.097155e+01,-1.980784e+01,1.157018e+01,5.283417e+00,-8.691257e-01,4.620204e-01
6.138219e+00,8.489731e+00,6.031784e-01,6.569587e-01,2.253688e+00,2.847431e-01
2.565256e+01,3.825901e+01,1.321528e+01,-2.583668e+00,4.841032e+00,1.854762e+00
-1.566290e+01,-1.786067e+01,1.783811e+01,-1.606528e+00,4.855137e+00,2.415159e+00
1.024970e+01,-1.811133e+01,1.622381e+01,-3.262844e+00,-2.363152e+00,-2.888535e+00
-1.178748e+00,2.047738e+01,1.191133e+01,-3.970706e+00,1.683078e+00,7.320729e-01
-1.012601e+01,2.010887e+01,1.510585e+01,-3.254388e+00,-3.106699e-01,2.777412e-01
-1.983918e+00,6.749340e+00,7.852411e+00,-1.780131e+00,-9.653267e-01,-8.496163e-01
7.643332e+00,3.499568e+00,5.625298e+00,-1.184582e+00,1.074041e+00,5.858074e-01
9.565094e+00,1.487586e+01,4.287778e+00,-3.023504e-01,1.823239e+00,2.396836e-01
4.215713e+00,9.559948e+00,3.078931e+00,-8.056058e-01,8.299888e-01,1.472761e-01
-2.314613e+00,9.941586e+00,1.849045e+00,-3.456844e-01,-1.097006e+00,-3.299314e-01
-4.099379e+00,1.055126e+01,2.571786e+00,-4.175641e-01,-1.723839e+00,-6.720885e-01
-3.222230e+00,7.516122e+00,2.519551e+00,-5.138135e-01,-1.212189e+00,-4.595967e-01
-2.623340e+00,7.216416e+00,3.063039e+00,-5.922040e-01,-7.972615e-01,-3.620201e-01
3.638286e+00,7.386137e+00,1.573400e+00,-8.663303e-01,-4.502272e-01,-1.687225e-01
3.513923e+00,5.885940e+00,-1.076770e-01,-9.498500e-01,-3.010472e-01,-1.611530e-01
1.452418e+00,8.970688e+00,-3.371017e+00,-1.216403e+00,-5.414777e-01,-1.405705e-01
3.061184e+00,1.187021e+01,-1.161211e+00,-1.703219e+00,-8.059990e-01,-1.213971e-01
4.153692e+00,1.248429e+01,6.751723e-01,-2.621447e+00,-8.281060e-01,-8.595485e-02
7.908532e+00,1.495849e+01,-5.405745e-01,-3.081510e+00,-1.093840e+00,-4.986712e-02
6.045461e+00,1.972407e+01,-2.945307e+00,-3.669612e+00,-1.322499e+00,2.433700e-01
-2.481558e+00,1.473763e+01,8.087860e+00,-4.186130e+00,-2.158604e+00,4.116957e-01
-1.053957e+01,2.834262e+01,1.977754e+01,-4.732394e+00,-4.572276e+00,-4.811019e-01
-1.084347e+01,1.416138e+01,1.851437e+01,-4.804020e+00,-4.184244e+00,-3.397492e-01
4.804588e+00,2.378960e+00,1.302179e+01,-2.057575e+00,-1.507997e+00,5.740149e-02
8.105223e+00,1.117032e+01,8.631532e+00,-7.281294e-01,6.225127e-01,4.773575e-01
2.768175e+00,6.078196e+00,1.114552e+01,-4.118921e-01,1.596481e+00,3.027362e-01
2.539660e+00,3.096314e+00,8.902855e+00,1.517612e+00,8.419924e-01,-4.119966e-01
2.337731e+00,-4.759883e-01,8.425930e+00,3.617357e+00,8.872711e-01,-6.426643e-01
2.265113e+00,1.093380e+00,8.898418e+00,4.490722e+00,1.029893e+00,-7.978577e-01
2.267861e+00,1.284282e+00,1.009860e+01,5.325849e+00,1.258562e+00,-8.935240e-01
2.977803e+00,7.188789e-01,1.247159e+01,6.224084e+00,1.406031e+00,-6.741722e-01
3.889273e+00,2.992781e+00,1.195258e+01,7.352536e+00,1.535596e+00,-5.436471e-01
4.352281e+00,3.930319e+00,1.172189e+01,7.850869e+00,1.473615e+00,-3.842241e-01
1.853770e-01,9.281410e+00,8.331574e+00,8.026762e+00,1.619878e+00,-3.116857e-01
-7.995714e+00,-6.023636e+00,4.572765e+00,6.872306e+00,9.583891e-01,-2.109078e-01
-6.458037e+00,-4.056309e+00,1.746012e+00,4.029022e+00,4.762918e-01,-7.695050e-01
5.925242e-01,1.474050e+01,-1.405930e+00,1.193886e+00,1.129363e+00,-3.571809e-01
7.960051e+00,1.302984e+01,9.999822e+00,-1.871269e+00,2.176065e+00,-3.647821e-02
7.367126e+00,-1.299857e+00,1.506747e+01,-3.740269e+00,4.081248e+00,2.285492e+00
5.701878e-01,2.282532e+00,1.232248e+01,-3.573252e+00,1.851928e+00,-3.530999e-01
2.302591e+00,2.124861e+01,1.147433e+01,-3.267219e+00,1.284233e+00,-4.661822e-01
-5.064619e+00,1.241673e+01,6.724782e+00,-2.556038e+00,-2.264522e-01,4.176220e-01
-7.649132e+00,3.413316e+00,6.732821e+00,-1.611073e+00,-4.965012e-01,-4.834311e-01
4.040959e+00,1.175544e+01,6.443136e+00,-8.966910e-01,1.047846e+00,5.257955e-01
9.070479e+00,1.154290e+01,3.459268e+00,-8.979284e-01,2.496943e+00,6.955293e-01
5.081004e+00,6.552481e+00,1.699115e+00,-6.835091e-01,2.197013e+00,7.554449e-01
4.764040e+00,9.895200e+00,1.503326e+00,-4.711420e-01,9.252700e-01,2.529859e-01
-1.311770e+00,9.019637e+00,1.892221e+00,-7.145394e-01,1.791853e-02,-1.910711e-01
-4.307643e+00,9.022461e+00,2.908842e+00,-8.708823e-01,-7.043454e-01,-4.911800e-01
-2.317567e+00,8.821744e+00,5.438614e+00,-1.086552e+00,-1.290618e+00,-5.259523e-01
2.288502e+00,1.014963e+01,5.193071e+00,-1.070379e+00,-7.789667e-01,-3.925903e-01
4.322025e+00,9.234015e+00,2.242856e+00,-1.083080e+00,-1.080688e-01,2.237014e-02
2.869967e+00,1.082674e+01,-2.709517e+00,-1.047894e+00,-1.626884e-01,2.828551e-02
1.303163e+00,9.370929e+00,-3.273540e+00,-1.490842e+00,-6.291016e-01,1.761672e-01
1.295488e+00,1.000707e+01,-1.674511e+00,-2.035798e+00,-1.004184e+00,1.333638e-01
6.346350e+00,1.323421e+01,1.660615e+00,-2.954787e+00,-1.322075e+00,1.755270e-01
6.477900e+00,1.736669e+01,-4.569171e+00,-3.449385e+00,-1.301954e+00,4.202755e-01
-4.858897e+00,1.644761e+01,3.502420e+00,-3.778280e+00,-1.519813e+00,6.501394e-01
-8.562272e+00,1.818176e+01,1.294865e+01,-4.242870e+00,-2.815897e+00,9.169852e-01
-9.552367e+00,2.581247e+01,1.624338e+01,-4.509758e+00,-3.241991e+00,4.277118e-01
-3.198733e+00,2.821367e+00,1.886363e+01,-3.901099e+00,-1.575444e+00,7.133113e-01
8.279631e+00,7.691965e+00,8.769453e+00,-7.162496e-01,6.096319e-01,1.085855e+00
6.850997e+00,1.131595e+01,9.696196e+00,-5.799966e-01,2.246563e+00,9.847561e-01
2.855269e+00,4.644104e+00,9.814826e+00,6.642286e-01,1.548112e+00,6.211529e-01
2.505910e+00,1.594612e+00,8.290987e+00,2.286785e+00,9.435134e-01,1.164721e-01
2.621771e+00,-1.496179e-01,9.395139e+00,3.893631e+00,6.465477e-01,-2.816058e-01
2.322088e+00,5.285230e-01,9.685214e+00,4.803925e+00,7.308507e-01,-6.259949e-01
1.090000e+00,2.921405e+00,1.274929e+01,5.922671e+00,8.134969e-01,-9.278398e-01
1.807990e-01,3.411996e+00,1.392540e+01,6.616556e+00,8.190820e-01,-9.990092e-01
-1.319713e-01,2.945697e+00,1.271455e+01,7.646971e+00,9.961677e-01,-9.827924e-01
-1.751562e-01,5.885300e+00,1.157798e+01,8.138286e+00,1.492714e+00,-8.399007e-01
-4.942891e+00,-3.974396e+00,6.873078e+00,7.145717e+00,2.257112e+00,6.257124e-03
-6.718106e+00,-8.789204e+00,6.345393e+00,5.360350e+00,2.247360e+00,4.563768e-01
6.550917e+00,-3.330886e-01,8.678648e+00,2.066788e+00,2.522447e+00,1.273399e-01
2.758326e+01,3.611408e+01,-4.612600e+00,-5.107904e-01,2.790340e+00,1.103399e-01
-4.893670e+00,7.371003e-01,9.007168e+00,-2.923214e+00,1.725415e+00,4.298750e-02
-6.268818e+00,2.126635e+00,1.526079e+01,-9.440243e-01,9.587833e-01,9.265752e-01
5.217699e+00,1.379190e+01,7.071508e+00,-3.486744e+00,2.981848e-01,-3.357566e-01
8.147801e+00,1.124950e+01,5.197320e+00,-3.284626e+00,2.110203e+00,5.543374e-01
-3.698679e+00,8.018682e+00,6.064575e+00,-1.551753e+00,8.270736e-01,-6.958362e-02
-4.327140e+00,8.618420e+00,4.066806e+00,-1.407372e+00,-7.453876e-01,-5.994755e-01
7.870827e-01,1.038533e+01,4.099601e+00,-1.230977e+00,-2.516241e-01,-3.587125e-02
2.956565e+00,8.839266e+00,3.532522e+00,-1.170466e+00,5.570909e-01,-1.142579e-02
2.598254e+00,8.624004e+00,4.422618e+00,-1.122329e+00,7.214002e-01,1.498073e-01
1.613443e+00,8.807407e+00,5.476289e+00,-1.115875e+00,4.988311e-01,8.546943e-02
3.875286e-01,9.367492e+00,4.134997e+00,-1.073169e+00,-1.953100e-02,1.515319e-03
4.235463e-01,8.454986e+00,3.624266e+00,-1.019394e+00,-1.622875e-01,-1.400695e-02
-3.078454e-01,8.457926e+00,3.670745e+00,-9.064948e-01,-8.358520e-02,-5.705617e-02
3.628941e-01,8.306795e+00,3.715702e+00,-9.291593e-01,4.876105e-02,3.761306e-02
3.033535e+00,9.327245e+00,-2.378983e-01,-9.849450e-01,3.805737e-01,1.708058e-01
5.286430e+00,8.315619e+00,-1.946957e+00,-1.130934e+00,4.107246e-01,3.100893e-01
7.260507e+00,8.360791e+00,-2.567032e+00,-1.468439e+00,2.846013e-01,3.083636e-01
6.539424e+00,1.003057e+01,-1.002753e+00,-1.978289e+00,-1.260768e-01,2.506728e-01
1.310044e+00,2.012576e+01,6.154826e-02,-2.988239e+00,-1.121157e+00,2.195180e-01
2.454401e+00,1.788647e+01,6.208102e-01,-3.714444e+00,-2.143972e+00,3.978425e-01
-1.069707e+01,1.588994e+01,1.423432e+01,-3.958516e+00,-2.455240e+00,4.344340e-01
-1.331315e+01,1.650618e+01,1.726715e+01,-4.084805e+00,-3.074350e+00,8.838277e-01
-5.473504e+00,9.157913e+00,1.366090e+01,-3.149286e+00,-1.429410e+00,1.154924e+00
1.786527e+00,-3.167558e+00,1.688056e+01,-1.891116e+00,8.468318e-01,2.109485e+00
2.727679e+00,1.307444e+01,7.308388e+00,-5.710925e-01,2.711685e+00,2.524983e+00
9.377162e-01,8.023512e+00,1.057475e+01,-7.157161e-01,2.603785e+00,2.650838e+00
2.908801e+00,-1.635261e-01,7.678902e+00,2.024061e+00,1.463421e+00,1.841040e+00
3.209494e+00,5.386216e-01,7.590294e+00,3.400499e+00,1.221283e+00,1.468171e+00
1.868260e+00,2.592877e+00,9.572788e+00,4.517450e+00,6.308968e-01,1.354079e+00
-1.683246e+00,2.850319e+00,1.174328e+01,5.380574e+00,7.189736e-02,1.223903e+00
-7.604165e+00,2.261228e+00,1.382668e+01,6.656512e+00,-2.758020e-01,8.984902e-01
-1.192797e+01,2.990512e+00,1.412087e+01,7.381977e+00,3.009276e-01,7.681936e-01
-8.581646e+00,2.526889e+00,1.499355e+01,7.682655e+00,2.324611e+00,9.087847e-01
-4.664979e+00,-6.849420e-01,1.140387e+01,6.983089e+00,5.057262e+00,1.640610e+00
1.847379e+01,-9.658157e-01,4.850926e+00,4.623163e+00,7.878472e+00,2.205766e+00
2.227081e+01,-9.843467e+00,-1.121101e+00,2.655742e+00,7.292665e+00,2.374960e+00
1.291655e+01,3.545413e+01,9.934749e+00,9.505888e-01,3.360588e+00,6.728509e-01
-1.052610e+01,3.033348e+01,2.138407e+01,-2.021116e+00,6.661573e-02,-8.903746e-01
-1.323301e+01,-1.074966e+00,7.092466e+00,-3.039796e+00,-2.435008e+00,-1.356046e+00
-8.027973e+00,1.088760e+01,8.810073e+00,-7.756370e-01,-1.574040e+00,-1.950771e+00
8.784434e-01,1.353569e+01,8.712840e+00,-1.218639e+00,1.294177e+00,5.213153e-01
6.917942e+00,8.187317e+00,4.492782e+00,-6.004255e-01,2.817028e+00,3.178974e-01
8.031377e+00,7.123211e+00,3.376147e+00,-9.331462e-02,3.411016e+00,9.167487e-01
5.826706e+00,9.125603e+00,3.277063e+00,-4.291553e-02,2.597284e+00,5.290273e-01
3.100287e+00,8.218138e+00,3.232239e+00,-2.322211e-01,1.166492e+00,1.384658e-01
2.475918e+00,7.070443e+00,2.577405e+00,-3.229023e-01,4.873114e-01,-4.594604e-03
1.496803e+00,8.189322e+00,2.109559e+00,-4.307805e-01,1.988574e-01,-1.892701e-01
1.315225e+00,9.167491e+00,3.282169e+00,-5.947081e-01,4.927543e-02,-1.300823e-01
-1.421768e+00,8.130428e+00,6.030939e+00,-8.411549e-01,-7.719409e-02,-1.257703e-01
-3.371515e-01,8.147784e+00,6.220403e+00,-9.415833e-01,-7.227767e-02,-2.138868e-02
2.247045e+00,9.224475e+00,4.351713e+00,-9.269841e-01,5.163491e-01,3.087125e-01
4.518196e+00,9.171687e+00,2.363745e+00,-9.038966e-01,7.745638e-01,6.065758e-01
3.177534e+00,9.903941e+00,7.491100e-01,-9.352898e-01,9.686527e-01,7.721638e-01
2.981980e+00,1.192646e+01,-2.503488e+00,-1.182942e+00,4.853374e-01,8.216907e-01
1.036844e+01,1.253478e+01,-5.278457e+00,-1.832708e+00,-3.933616e-01,8.460831e-01
7.340666e+00,1.630716e+01,9.547614e-01,-2.474711e+00,-9.486008e-01,8.193076e-01
-1.692653e+01,1.961019e+01,1.135322e+01,-3.500360e+00,-2.512069e+00,8.327190e-01
-2.371063e+01,1.893509e+01,1.584925e+01,-3.619077e+00,-4.093917e+00,1.028043e+00
-1.039040e+01,8.284686e+00,1.488962e+01,-2.539724e+00,-1.586645e+00,1.656458e+00
-1.931062e+00,1.778452e+00,1.808258e+01,-1.524761e+00,1.732630e+00,2.666700e+00
6.918300e+00,9.276601e+00,9.566446e+00,6.833822e-02,5.148240e+00,3.283048e+00
7.085974e+00,7.815584e+00,7.156493e+00,4.755436e-01,5.707169e+00,3.404752e+00
7.429469e+00,2.478001e+00,7.310889e+00,2.273167e+00,4.249944e+00,3.108134e+00
2.260269e+00,2.240625e+00,9.196604e+00,3.600801e+00,2.707156e+00,2.554287e+00
-1.517975e+00,4.002662e+00,1.113777e+01,4.802292e+00,3.978919e-01,1.777835e+00
-3.797156e+00,5.278241e+00,1.386923e+01,5.692341e+00,-7.054924e-01,9.304171e-01
-3.257317e+00,5.380894e+00,1.350537e+01,6.838915e+00,-4.766094e-01,-9.079898e-03
-4.469325e+00,6.511973e+00,1.201923e+01,7.475062e+00,6.398550e-01,-6.408576e-01
-6.207663e+00,5.241896e+00,1.064773e+01,7.540874e+00,2.180311e+00,-1.193094e+00
3.765605e+00,-1.871580e-01,3.792495e+00,6.365590e+00,3.315713e+00,-1.116534e+00
-3.737156e+00,-9.736168e+00,1.076648e+00,4.288213e+00,3.213662e+00,5.221358e-01
2.159771e+00,5.918873e+00,-4.389666e-01,2.881219e+00,2.130801e+00,3.700964e-01
2.081261e+01,2.557304e+01,1.083375e+00,-4.881094e-01,2.406920e+00,-7.230843e-01
1.030778e+01,2.664561e+00,7.557298e+00,-1.529194e+00,2.731956e+00,3.995057e-02
-2.708996e+00,4.799595e+00,1.594058e+01,-2.869619e+00,2.698776e+00,5.237072e-01
-2.057707e+00,1.118344e+01,1.294890e+01,-3.855430e+00,1.121912e+00,-1.933266e-01
5.440031e+00,1.504130e+01,7.051172e+00,-3.260671e+00,9.458240e-01,-3.896932e-01
1.826375e+00,7.764883e+00,4.616788e+00,-1.809482e+00,1.191216e-01,-1.962917e-01
-5.972600e+00,8.972157e+00,6.280269e+00,-1.211346e+00,-6.958465e-01,-5.662057e-01
-6.877028e+00,1.203035e+01,7.512314e+00,-1.232089e+00,-7.285397e-01,-3.112226e-01
-3.176184e-01,8.901043e+00,5.156366e+00,-1.266640e+00,2.400784e-01,6.474215e-02
6.332892e+00,7.504560e+00,2.375705e+00,-7.605439e-01,1.353259e+00,4.473779e-01
5.761117e+00,7.925571e+00,1.528494e+00,-4.228662e-01,1.501375e+00,5.741998e-01
3.448263e+00,8.514651e+00,1.640000e+00,-5.767762e-01,8.703253e-01,2.830657e-01
-2.622582e+00,7.902052e+00,3.125235e+00,-8.638570e-01,1.488094e-02,-5.725599e-02
-3.973184e+00,7.893184e+00,4.423046e+00,-1.144880e+00,-7.300986e-01,-3.113440e-01
1.747546e+00,8.886533e+00,4.620371e+00,-1.311231e+00,-5.552325e-01,-2.331394e-01
4.044918e+00,6.887190e+00,2.534380e+00,-1.384793e+00,1.081262e-01,1.306804e-02
4.357253e+00,9.576287e+00,5.402449e-01,-1.521569e+00,3.187131e-01,1.594133e-01
4.696005e+00,1.156457e+01,-8.228676e-02,-1.864986e+00,4.287045e-03,3.230491e-01
8.734974e-01,1.036747e+01,2.551313e+00,-2.596917e+00,-6.356188e-01,2.346965e-01
2.066886e+00,1.532278e+01,8.026609e-01,-3.037936e+00,-1.290084e+00,1.576599e-01
7.841921e+00,2.308920e+01,-2.340273e+00,-3.619338e+00,-1.587823e+00,2.468573e-01
1.321073e+00,2.030358e+01,8.748415e+00,-4.324620e+00,-1.750066e+00,5.358315e-01
-8.959887e+00,1.650625e+01,1.759997e+01,-4.554998e+00,-3.910942e+00,3.232938e-01
-5.912952e+00,1.738459e+01,1.686658e+01,-3.922165e+00,-4.051038e+00,-4.305176e-01
6.409231e+00,4.044207e+00,9.456552e+00,-2.162591e+00,-1.401756e+00,-4.165162e-01
7.522230e+00,6.996215e+00,5.404866e+00,-8.117189e-01,2.310278e-01,-1.457315e-01
3.377040e+00,5.490981e+00,8.551640e+00,3.825383e-01,1.308895e+00,-4.209541e-01
1.990268e+00,9.108054e-01,6.611168e+00,1.757352e+00,8.312437e-01,-1.045630e+00
3.017116e+00,1.354456e+00,8.228564e+00,3.236879e+00,8.075530e-01,-1.505831e+00
3.024215e+00,2.025133e+00,9.013827e+00,4.113364e+00,1.172273e+00,-1.678478e+00
3.412783e+00,3.096804e+00,1.154644e+01,5.273393e+00,1.657381e+00,-1.635941e+00
3.483311e+00,4.252031e+00,1.468824e+01,6.065410e+00,1.751159e+00,-1.501310e+00
5.055034e+00,5.587097e+00,1.042708e+01,7.236879e+00,1.633590e+00,-1.165722e+00
5.388472e+00,6.666332e+00,1.042528e+01,7.919521e+00,1.465375e+00,-9.381527e-01
-1.155341e+01,4.606027e+00,1.228093e+01,7.830736e+00,1.585480e+00,-3.439076e-01
-9.382470e+00,-9.437533e+00,-3.336988e-01,6.578892e+00,8.091467e-01,-3.593164e-01
4.216720e+00,-8.725625e+00,2.090751e+00,4.469070e+00,1.744195e+00,-1.185811e-01
1.701335e+01,3.756147e+01,-2.420788e+00,1.007108e+00,3.413799e+00,3.140094e-01
2.100919e+00,1.105969e+01,5.207052e+00,-2.856689e+00,2.687478e+00,3.196062e-01
2.758618e+00,-3.751627e+00,1.333049e+01,-1.638563e+00,2.845448e+00,1.271042e+00
-3.579694e+00,1.284805e+01,1.525059e+01,-3.234917e+00,7.924867e-01,-3.543577e-01
1.552325e+00,2.003067e+01,1.006800e+01,-3.476390e+00,3.880141e-01,-4.803080e-03
-6.023564e+00,6.144792e+00,5.895822e+00,-2.468165e+00,-3.625379e-01,-4.526417e-01
-4.691708e+00,8.102911e+00,4.599680e+00,-1.294463e+00,-6.082312e-01,-1.743084e-01
6.983460e+00,1.213406e+01,2.513542e+00,-1.155358e+00,1.102507e+00,4.620723e-01
5.424139e+00,8.194682e+00,1.584566e+00,-9.905640e-01,2.226417e+00,7.258430e-01
1.206708e+00,8.551442e+00,1.293757e+00,-1.020286e+00,1.002085e+00,1.689713e-01
-5.534323e-01,9.371703e+00,1.167071e+00,-1.123394e+00,-2.125821e-01,-4.503100e-02
-3.686649e+00,6.759143e+00,1.559091e+00,-1.414639e+00,-9.328192e-01,-2.296817e-01
-1.758929e+00,7.014662e+00,3.143729e+00,-1.527705e+00,-9.938098e-01,-2.825978e-01
2.361208e+00,7.899808e+00,4.205934e+00,-1.800359e+00,-6.059043e-01,-1.917118e-01
4.786116e+00,8.721245e+00,4.725859e+00,-1.939874e+00,-1.745679e-01,-2.555331e-02
2.057768e+00,8.328269e+00,6.207577e-01,-2.055966e+00,-2.222537e-01,-4.544117e-02
9.037625e-01,8.746224e+00,-1.123761e+00,-2.216099e+00,-6.744491e-01,-1.897081e-02
-1.082239e-01,9.645888e+00,6.754344e-01,-2.591656e+00,-1.102941e+00,1.982426e-02
2.337708e+00,1.110572e+01,2.354661e+00,-3.195567e+00,-1.256592e+00,1.146788e-01
1.236626e+01,2.303713e+01,-4.893040e+00,-3.956425e+00,-1.199691e+00,2.988835e-01
1.359474e+01,2.902012e+01,6.400504e+00,-4.458210e+00,-1.179525e+00,4.266017e-01
-2.081310e+01,1.984257e+01,2.368008e+01,-5.516585e+00,-3.253582e+00,7.411738e-01
-2.377026e+01,1.446366e+01,2.503120e+01,-4.917694e+00,-6.386067e+00,-1.270207e-01
1.606402e+00,5.856872e+00,1.278744e+01,-2.909805e+00,-3.702454e+00,-8.134463e-01
7.676684e+00,8.414037e+00,7.885901e+00,-1.199387e+00,7.305287e-01,9.789231e-01
8.769153e+00,3.706467e+00,7.994747e+00,6.663888e-02,2.882121e+00,9.913819e-01
8.463402e+00,2.386336e+00,6.476402e+00,1.885075e+00,2.865781e+00,9.917207e-02
5.709213e+00,2.654022e+00,7.335756e+00,3.440328e+00,2.128266e+00,-5.267822e-01
4.109489e+00,2.474859e+00,8.015757e+00,4.229426e+00,1.652720e+00,-1.046491e+00
2.855003e+00,2.714441e+00,9.731103e+00,5.266256e+00,1.502668e+00,-1.367442e+00
2.660492e+00,3.153770e+00,1.136576e+01,5.930124e+00,1.574643e+00,-1.380518e+00
4.617024e+00,5.971584e+00,1.383496e+01,6.907384e+00,1.545792e+00,-1.189813e+00
6.074443e+00,1.088767e+01,1.043409e+01,7.664454e+00,1.648953e+00,-9.421664e-01
-1.018704e+00,3.410833e+00,5.270880e+00,8.289513e+00,1.315387e+00,-9.027306e-02
-1.062366e+01,-1.737421e-01,1.067418e+01,7.907031e+00,8.221059e-01,1.095482e-01
1.322126e+00,-1.477459e+01,-4.154050e-01,6.214383e+00,3.400126e-01,-3.857496e-01
4.809699e+00,-1.006940e+01,7.697639e+00,3.632781e+00,1.668460e+00,-1.077876e-01
2.755221e+01,3.850887e+01,-4.244734e+00,-1.697508e+00,1.614393e+00,4.145436e-01
-1.304561e+01,3.875961e+00,9.671935e+00,-4.339120e+00,5.502084e-01,-1.260479e-01
-3.668686e+00,-1.106655e+01,1.619148e+01,-1.745329e+00,-3.136410e-01,4.433476e-01
-4.101414e+00,2.742827e+00,2.024894e+01,-3.201892e+00,-1.550196e+00,-1.853564e+00
5.582997e+00,2.234085e+01,1.091335e+01,-3.829875e+00,1.344479e+00,6.924321e-01
-5.075193e-01,3.599311e+00,6.919493e+00,-2.783830e+00,1.654205e+00,1.999803e-01
2.909251e+00,1.035204e+01,2.945803e+00,-1.108257e+00,4.053598e-01,1.193198e-01
4.335863e+00,1.244448e+01,1.614312e+00,-1.062449e+00,4.339646e-01,1.309082e-01
2.491237e+00,7.859993e+00,-2.532502e+00,-8.938387e-01,5.251158e-01,1.064632e-01
3.238948e-01,6.628981e+00,-2.842462e+00,-1.025699e+00,-5.906032e-03,-1.316104e-01
-9.160442e-01,6.117925e+00,-4.629064e+00,-1.536104e+00,-6.992369e-01,-1.791659e-01
-2.513764e+00,6.343764e+00,-5.079234e+00,-2.151760e+00,-1.078524e+00,-2.517699e-01
-8.144978e+00,7.777690e+00,7.046596e+00,-3.117943e+00,-1.399034e+00,-4.680448e-01
-2.417752e+00,3.939258e+00,1.206261e+01,-3.806503e+00,-1.423768e+00,-6.531076e-01
5.432007e+00,3.099085e-01,1.512023e+01,-3.924237e+00,-1.079030e+00,-6.598809e-01
4.219775e+00,-1.914964e+00,1.910370e+01,-3.653571e+00,9.808664e-02,-4.444743e-01
2.536842e-02,7.023423e+00,1.363854e+01,-2.739665e+00,1.568066e-01,-1.323504e-03
-1.270811e+00,2.441092e+01,1.455588e+01,-1.890786e+00,-1.075661e-01,1.685309e-03
1.445116e+00,2.132638e+01,8.502244e+00,-1.275873e+00,-2.851898e-01,5.513441e-01
6.574467e+00,1.565012e+01,4.383180e+00,-9.739967e-01,-2.044901e-01,3.888064e-01
1.347014e+01,1.842214e+01,6.907771e-01,-3.615069e-01,-1.286617e-01,7.292363e-01
1.051711e+00,1.228928e+01,2.797262e+00,-3.850700e-01,-5.769684e-01,3.814364e-01
-4.272902e+00,1.179113e+01,1.167282e+00,-5.575837e-01,-3.335144e+00,-3.457215e-01
-8.167306e+00,1.200669e+01,4.095652e+00,-8.930659e-01,-4.883048e+00,-9.763958e-01
-1.492547e+01,1.069214e+01,1.291442e+01,-1.160715e+00,-4.402980e+00,-7.140735e-01
-8.868951e+00,1.509531e+01,1.078384e+01,-1.375762e+00,-2.619134e+00,-5.004312e-01
3.812265e+00,9.065326e+00,8.834502e+00,-2.141948e+00,1.376487e+00,3.669383e-01
9.659175e+00,7.139867e+00,6.072885e+00,-1.543182e+00,2.919738e+00,9.428950e-01
1.124785e+01,7.065501e+00,6.416336e+00,-1.780204e-01,3.787258e+00,7.592847e-01
7.834658e+00,8.377476e+00,6.689417e+00,2.999014e-01,2.741038e+00,2.129042e-02
1.474302e+00,4.988983e+00,7.287400e+00,7.550746e-01,3.616947e-01,-3.405270e-01
-3.616516e-01,4.749997e+00,7.697218e+00,1.258969e+00,-8.065198e-01,-5.135774e-01
-2.356481e+00,6.834007e+00,8.270628e+00,2.230300e+00,-1.310860e+00,-8.576410e-01
-8.607375e-01,4.704274e+00,8.664013e+00,2.749367e+00,-7.474397e-01,-8.421977e-01
2.910116e+00,2.608972e+00,8.487575e+00,3.725146e+00,5.283828e-01,-6.724738e-01
4.537656e+00,2.433242e+00,8.990848e+00,4.334498e+00,1.323679e+00,-5.272818e-01
4.747436e+00,3.222518e+00,1.068285e+01,5.014704e+00,1.606334e+00,-4.518427e-01
3.751006e+00,2.541976e+00,9.951528e+00,5.591680e+00,1.337201e+00,-4.640715e-01
-6.163857e-01,6.708546e-01,1.036035e+01,6.260322e+00,7.786304e-01,-5.778879e-01
-3.667427e+00,1.291205e-01,9.791466e+00,6.274478e+00,4.653715e-01,-5.732713e-01
-5.393480e+00,-5.550572e+00,8.910950e+00,5.443556e+00,3.412611e-01,-4.037988e-01
-4.003978e+00,-1.064428e+01,8.529048e+00,3.756496e+00,8.657545e-01,7.769588e-02
8.541006e+00,2.922599e+01,-8.775454e+00,1.268512e+00,1.522736e+00,4.798690e-01
2.118793e+01,3.933693e+01,2.102296e+00,-1.647550e+00,1.928935e+00,3.256471e-01
-7.276396e-01,-1.075171e+01,9.426408e+00,-3.043123e+00,2.238097e+00,9.944411e-01
4.382873e+00,-4.402045e-01,1.337919e+01,-2.566768e+00,-2.447479e-01,-9.644708e-01
2.826442e+00,2.025932e+01,1.178152e+01,-3.057728e+00,1.103027e+00,-2.369088e-02
-3.682950e+00,1.461097e+01,1.018122e+01,-3.142722e+00,8.916524e-01,2.152352e-01
-1.539947e+00,6.894934e+00,7.553799e+00,-1.968653e+00,-5.830780e-01,-5.421668e-01
8.660170e-01,9.963541e+00,9.033161e+00,-1.445901e+00,-3.925204e-01,-1.668671e-01
1.836808e+00,1.119677e+01,5.641364e+00,-1.272596e+00,3.048804e-01,-5.307924e-02
7.919665e-01,1.056555e+01,4.735688e+00,-1.070270e+00,2.356593e-01,6.237118e-02
1.749612e+00,1.062702e+01,1.145274e+00,-7.559733e-01,-2.185801e-01,3.486877e-02
2.915238e+00,1.015364e+01,-1.558949e+00,-6.632796e-01,-2.914751e-01,1.604984e-02
1.855152e+00,6.293022e+00,-1.419730e+00,-6.568334e-01,-3.941244e-01,-1.014207e-01
-1.915865e+00,4.140470e+00,1.253976e+00,-9.963426e-01,-9.869021e-01,-1.871738e-01
-4.077998e+00,6.412010e+00,3.580000e+00,-1.475557e+00,-2.103890e+00,-6.122225e-01
-2.060575e+00,7.980216e+00,8.296591e-01,-1.810869e+00,-2.096815e+00,-5.609817e-01
2.450964e+00,7.176325e+00,2.982197e-01,-2.102687e+00,-1.350243e+00,-2.902001e-01
4.900242e+00,8.772911e+00,-1.147357e-03,-2.366706e+00,-6.775002e-01,6.493935e-02
1.066877e+01,1.472527e+01,-3.651329e+00,-3.069709e+00,-2.063055e-01,3.769426e-01
9.329210e+00,2.383351e+01,-1.379023e+00,-3.723988e+00,-6.283347e-01,3.569880e-01
-3.634922e+00,2.503031e+01,1.519969e+01,-4.613953e+00,-2.069474e+00,2.059670e-01
-1.644631e+01,2.491052e+01,2.142595e+01,-5.168160e+00,-4.363513e+00,1.821933e-01
-3.415328e+00,4.998318e+00,2.281460e+01,-4.734853e+00,-4.852794e+00,-1.093082e-01
6.330180e+00,1.389723e+00,1.697619e+01,-3.108318e+00,-2.020394e+00,6.004448e-01
9.974342e+00,9.295304e+00,9.779827e+00,-6.854218e-01,1.917310e+00,1.054238e+00
7.225834e+00,5.544461e+00,1.006152e+01,-3.654932e-01,2.818168e+00,9.498108e-01
4.056782e+00,-6.886854e-01,5.911222e+00,2.137213e+00,1.507723e+00,-2.588636e-01
2.143104e+00,-2.319256e+00,7.547578e+00,3.506645e+00,9.455944e-01,-7.739415e-01
2.152987e+00,5.381296e-01,8.078182e+00,4.522899e+00,7.625189e-01,-1.276216e+00
2.299388e+00,1.801570e+00,9.224757e+00,5.232211e+00,1.075550e+00,-1.559801e+00
3.593351e+00,1.805829e+00,1.421125e+01,6.184026e+00,1.415584e+00,-1.333936e+00
4.515301e+00,1.983601e+00,1.289127e+01,7.047676e+00,1.521861e+00,-1.271581e+00
4.989357e+00,4.693231e+00,1.260482e+01,8.064040e+00,1.381008e+00,-9.895070e-01
-1.153326e+00,6.525812e+00,8.785838e+00,8.301057e+00,1.111774e+00,-5.975475e-01
-1.418061e+01,-1.424630e+01,6.537590e+00,6.922823e+00,-4.078566e-02,-1.909898e-01
-5.886268e+00,-1.553615e+01,9.622239e+00,4.918197e+00,3.411737e-02,-4.891373e-01
1.324389e+01,2.888130e+01,-1.323332e+00,9.213358e-01,2.295553e+00,3.843641e-01
2.762850e+01,3.061278e+01,-5.416822e+00,-2.702558e+00,3.972222e+00,9.846856e-01
-8.178811e+00,-1.473000e+01,1.016689e+01,-2.608937e+00,3.345010e+00,2.014422e+00
9.644395e-01,2.665132e+00,1.478547e+01,-1.068873e+00,-1.016048e+00,-1.761279e+00
-4.363613e+00,1.885480e+01,1.250413e+01,-3.638617e+00,-8.404195e-01,-5.371189e-01
-8.650765e+00,1.542017e+01,1.258778e+01,-3.610037e+00,-4.791573e-01,5.226011e-02
-4.888844e+00,6.350431e+00,6.743722e+00,-1.966565e+00,-1.021796e+00,-5.759793e-01
9.229042e-01,8.772506e+00,7.087293e+00,-1.308146e+00,3.638216e-01,2.894865e-01
8.400883e+00,1.060670e+01,4.193835e+00,-8.697452e-01,2.148255e+00,6.684695e-01
7.152450e+00,8.531838e+00,3.431977e+00,-8.812878e-01,2.483424e+00,6.794231e-01
1.452714e+00,1.042128e+01,2.827692e+00,-5.994958e-01,1.059019e+00,1.779961e-01
-1.550586e+00,9.956079e+00,2.063661e+00,-6.355149e-01,-2.315696e-01,-1.745728e-01
-2.792878e+00,7.777670e+00,1.734229e-01,-7.445833e-01,-1.236647e+00,-4.063509e-01
-2.311718e+00,7.374640e+00,9.579318e-01,-8.760784e-01,-1.391553e+00,-4.439458e-01
6.321768e-01,8.421084e+00,3.100153e+00,-1.208403e+00,-1.263551e+00,-3.005448e-01
1.992781e+00,8.258260e+00,2.001000e+00,-1.381175e+00,-1.098655e+00,-3.599347e-01
1.528436e+00,7.527039e+00,-2.721200e+00,-1.614091e+00,-1.120090e+00,-2.169233e-01
1.795549e+00,7.914996e+00,-2.477516e+00,-1.844118e+00,-1.207114e+00,-1.682199e-01
1.328032e+00,9.856105e+00,1.257873e+00,-2.511400e+00,-1.404779e+00,-7.438102e-02
4.893310e+00,1.110275e+01,5.295021e-01,-3.053189e+00,-1.525815e+00,-1.162193e-01
9.932173e+00,1.801888e+01,-4.170886e+00,-3.730731e+00,-1.653426e+00,4.943504e-02
5.066061e+00,2.137764e+01,2.901978e+00,-4.125366e+00,-1.683729e+00,1.455352e-01
-1.962149e+01,2.766998e+01,2.217470e+01,-4.891445e+00,-3.767004e+00,2.771110e-01
-1.880983e+01,2.483643e+01,2.134365e+01,-4.981738e+00,-5.621438e+00,2.516210e-02
2.313687e+00,-7.985691e-01,2.191821e+01,-4.301310e+00,-3.565971e+00,3.011281e-01
1.214980e+01,7.750373e+00,1.138922e+01,-1.372142e+00,3.720997e-01,1.381205e+00
7.873187e+00,7.628870e+00,1.119172e+01,-6.976032e-01,3.417369e+00,1.371222e+00
5.220880e+00,3.095110e+00,9.555691e+00,4.132588e-01,2.850110e+00,8.907102e-01
3.168216e+00,-1.216027e+00,7.967811e+00,2.524714e+00,1.525337e+00,3.810563e-02
2.657422e+00,-3.702135e-01,8.989097e+00,3.982320e+00,1.068918e+00,-4.634273e-01
3.018574e+00,2.157132e-01,8.983063e+00,5.104435e+00,1.233198e+00,-1.188398e+00
3.827987e+00,2.252214e-01,1.144676e+01,6.019248e+00,1.390815e+00,-1.247165e+00
3.810494e+00,7.391456e-01,1.307209e+01,6.964635e+00,1.367559e+00,-1.231481e+00
5.118079e+00,8.907234e-01,1.379551e+01,7.765841e+00,1.148416e+00,-1.156304e+00
1.021856e-01,7.603305e+00,9.595217e+00,8.462298e+00,8.001366e-01,-1.006001e+00
-1.080903e+01,1.314902e+00,8.687139e+00,7.958247e+00,2.218792e-01,-6.480938e-01
-1.317818e+01,-1.203072e+01,9.674341e+00,5.198366e+00,3.244350e-01,-5.041923e-01
5.927711e+00,-7.694847e+00,8.527476e+00,3.108519e+00,1.533435e+00,-3.591573e-01
2.388869e+01,2.659328e+01,-3.839392e+00,-3.433588e-01,4.395108e+00,8.970743e-01
2.483822e+01,3.374998e+01,-1.951532e+00,-3.713762e+00,4.375081e+00,1.312509e+00
-4.906523e+00,-1.286564e+01,1.139992e+01,-1.989753e+00,3.198505e+00,2.247460e+00
2.462948e+00,1.922416e+00,1.235618e+01,-1.764912e+00,-1.034564e+00,-2.427351e+00
-2.103616e+00,1.920330e+01,1.151721e+01,-3.370499e+00,9.633021e-01,5.102797e-01
-3.904786e+00,1.260483e+01,9.557398e+00,-2.747266e+00,2.746984e-01,-1.404173e-01
-2.390823e+00,6.769468e+00,5.152311e+00,-1.534158e+00,-1.814238e-01,-4.014217e-03
2.787194e+00,1.079124e+01,5.255191e+00,-1.214368e+00,5.806593e-01,2.803590e-01
5.302884e+00,9.734247e+00,3.480775e+00,-1.067322e+00,1.790763e+00,4.473902e-01
1.968377e+00,7.559757e+00,3.173347e+00,-9.848606e-01,9.555809e-01,2.103673e-01
-8.690971e-02,9.323819e+00,3.006067e+00,-8.928224e-01,-3.390391e-01,-1.766851e-01
1.973251e-01,9.551942e+00,2.208771e+00,-9.997539e-01,-6.259265e-01,-2.083953e-01
-1.943833e-01,8.650731e+00,1.706033e+00,-1.085152e+00,-5.702147e-01,-2.346339e-01
-1.379551e+00,8.653804e+00,3.261238e+00,-1.260871e+00,-7.223883e-01,-2.733067e-01
6.529148e-01,8.032600e+00,4.230436e+00,-1.485750e+00,-9.354906e-01,-3.062092e-01
2.132554e+00,7.696850e+00,2.462525e+00,-1.573486e+00,-7.497656e-01,-2.187487e-01
2.941431e+00,8.908706e+00,-2.891451e+00,-1.844357e+00,-5.944393e-01,-6.725345e-03
2.241457e+00,9.376792e+00,-1.441948e+00,-2.315074e+00,-7.986620e-01,1.124153e-01
2.104944e+00,1.072079e+01,1.558941e+00,-2.997113e+00,-1.293079e+00,3.197712e-02
3.591340e+00,1.311105e+01,1.414672e-01,-3.656103e+00,-1.804130e+00,4.027063e-03
7.110104e+00,2.523428e+01,3.718556e+00,-4.415016e+00,-2.255772e+00,5.212777e-02
-5.673884e+00,2.069557e+01,1.409378e+01,-4.988632e+00,-3.597986e+00,4.237884e-01
-1.695828e+01,1.821182e+01,2.056434e+01,-4.874878e+00,-5.087458e+00,4.538202e-01
-3.189743e+00,7.447215e+00,1.944646e+01,-4.308894e+00,-3.745779e+00,-2.814730e-01
1.254685e+01,6.742458e+00,1.040153e+01,-1.857275e+00,1.226748e+00,8.881586e-01
1.220678e+01,9.425745e+00,7.474795e+00,-1.045352e+00,3.126966e+00,1.055865e+00
5.683165e+00,3.329730e+00,7.773822e+00,4.927809e-01,2.242453e+00,8.406790e-02
3.916883e+00,3.013208e-01,6.883728e+00,2.012397e+00,1.225224e+00,-6.289319e-01
3.641107e+00,6.050093e-01,8.224520e+00,3.447191e+00,1.255493e+00,-1.044885e+00
3.965553e+00,5.724180e-01,8.692746e+00,4.341006e+00,1.565559e+00,-1.258479e+00
5.380627e+00,1.509765e+00,1.050176e+01,5.726067e+00,1.906758e+00,-1.142830e+00
6.066331e+00,1.136578e+00,1.233767e+01,6.562986e+00,1.900724e+00,-9.543865e-01
6.914917e+00,1.288032e+00,1.316279e+01,7.747045e+00,1.330627e+00,-7.318987e-01
6.502979e+00,1.053378e+00,1.324852e+01,8.371203e+00,7.652258e-01,-5.488755e-01
-2.562430e+00,4.180305e+00,1.009827e+01,8.338635e+00,-3.786225e-02,-5.268284e-01
-1.180221e+01,-8.617781e+00,6.184178e+00,6.763654e+00,-1.107141e+00,-4.661201e-01
-2.230590e+00,-1.118730e+01,9.855376e+00,3.214545e+00,-4.113049e-01,-7.694061e-01
9.200451e+00,2.283865e+01,-8.839281e-01,-5.391141e-01,1.367262e+00,3.021186e-01
1.629521e+01,3.591512e+01,2.396390e+00,-4.082949e+00,2.423576e+00,9.153128e-01
-1.263182e+01,-8.211348e+00,1.004753e+01,-1.813637e+00,1.806418e+00,1.208197e+00
-5.500640e-02,6.249743e+00,1.199506e+01,-1.644959e+00,-1.099039e+00,-1.832315e+00
2.926597e+00,1.620818e+01,7.295846e+00,-3.046023e+00,1.163605e+00,4.267453e-01
2.150103e+00,1.110522e+01,6.971473e+00,-2.206746e+00,1.575265e+00,1.663964e-01
5.735078e-02,7.876092e+00,5.073508e+00,-1.547262e+00,6.433673e-01,-2.029643e-01
-1.895138e+00,1.078389e+01,5.273463e+00,-1.275968e+00,-1.887067e-01,-1.985345e-01
1.252395e+00,1.083390e+01,4.605070e+00,-1.223006e+00,-3.458837e-01,-2.157521e-01
2.872144e+00,8.461258e+00,3.677526e+00,-1.185974e+00,2.498510e-02,-9.608074e-02
2.444612e+00,8.431677e+00,3.425472e+00,-1.062219e+00,-1.424233e-01,-2.327859e-01
-9.587997e-01,8.517129e+00,3.330506e+00,-1.094009e+00,-8.271010e-01,-3.187047e-01
-1.180065e+00,8.206688e+00,2.730906e+00,-1.142874e+00,-1.236249e+00,-4.436106e-01
-1.757787e+00,8.490087e+00,3.737969e+00,-1.247489e+00,-1.294640e+00,-4.074301e-01
-1.145124e+00,7.570000e+00,4.542914e+00,-1.344078e+00,-1.167913e+00,-3.463809e-01
4.935065e-01,8.386648e+00,6.966097e-01,-1.337552e+00,-9.424538e-01,-2.547461e-01
6.643881e-01,7.158851e+00,-2.942674e+00,-1.458469e+00,-8.468401e-01,-2.039124e-01
1.337280e+00,7.632663e+00,-1.714023e+00,-1.804728e+00,-9.484509e-01,-2.147032e-01
1.012324e+00,9.190426e+00,4.546685e-01,-2.407365e+00,-1.159875e+00,-2.476666e-01
5.245835e+00,9.481660e+00,2.201198e+00,-3.316567e+00,-1.440575e+00,-2.041562e-01
1.129674e+01,1.869360e+01,-4.173468e+00,-3.726384e+00,-1.380980e+00,7.996959e-03
9.223993e-01,2.306095e+01,5.497280e+00,-4.447604e+00,-1.849139e+00,2.980646e-01
-9.617972e+00,1.874857e+01,1.669324e+01,-4.977724e+00,-3.920785e+00,3.232188e-01
-1.226350e+01,2.389885e+01,1.948440e+01,-5.081572e+00,-4.455271e+00,-2.642276e-02
-5.444720e+00,1.095988e+01,1.965319e+01,-4.211673e+00,-1.868111e+00,6.486153e-01
1.220254e+01,6.175005e+00,1.002154e+01,-1.002427e+00,1.929543e+00,1.007232e+00
1.074977e+01,1.167938e+01,9.772307e+00,-1.046971e+00,3.110130e+00,8.884961e-01
7.543048e+00,1.574576e+00,7.477297e+00,2.657923e-01,2.221008e+00,3.517223e-01
7.977278e+00,-1.367601e+00,5.225040e+00,2.151030e+00,1.300262e+00,-3.106277e-01
5.302180e+00,-3.949813e-01,8.149666e+00,4.100471e+00,1.111158e+00,-5.390458e-01
4.017337e+00,8.578058e-01,8.018928e+00,4.823320e+00,7.900003e-01,-7.828464e-01
3.683710e+00,-2.967287e-02,1.198202e+01,5.870836e+00,5.735124e-01,-8.333893e-01
5.517636e+00,-4.835355e-01,1.263507e+01,6.702777e+00,4.898323e-01,-7.919005e-01
1.071090e+01,-8.783739e-02,1.526293e+01,7.881621e+00,8.849998e-02,-5.623741e-01
9.009694e+00,-1.664591e+00,1.305400e+01,8.565085e+00,-7.609966e-01,-6.418771e-01
-8.735704e+00,7.892180e-01,1.285321e+01,8.278491e+00,-2.520587e+00,-1.490364e+00
-2.228841e+01,-7.726997e+00,1.292847e+01,6.196922e+00,-3.511983e+00,-2.251541e+00
-2.450453e+00,-2.972783e+00,5.599437e+00,2.279164e+00,-1.353036e+00,-1.827197e+00
1.728427e+01,3.713128e+01,-1.168049e+01,-8.960113e-01,2.663022e+00,1.161530e+00
-7.186213e+00,-6.817616e-01,9.686317e+00,-3.275973e+00,4.387588e+00,2.051328e+00
-6.287648e+00,-1.042507e+01,1.461363e+01,-1.110744e+00,2.294133e+00,9.936545e-01
9.898256e+00,1.255363e+01,1.311090e+01,-2.563400e+00,1.278652e+00,-7.170392e-01
-4.998966e-01,1.459759e+01,9.522881e+00,-2.875613e+00,1.373805e+00,4.230678e-01
-6.794816e+00,1.124944e+01,8.514098e+00,-1.793064e+00,-1.015034e+00,-6.741050e-01
-3.237350e+00,8.052383e+00,4.738931e+00,-1.328214e+00,-1.065946e+00,-6.537872e-01
2.369501e+00,1.124951e+01,3.909003e+00,-7.548066e-01,7.334155e-01,-4.699269e-02
2.057962e+00,1.046601e+01,2.378174e+00,-6.574404e-01,7.570772e-01,-3.380454e-02
1.772377e+00,8.356166e+00,1.173129e+00,-6.455479e-01,2.564981e-01,-1.394789e-01
-6.683144e-01,8.364755e+00,8.669937e-01,-6.857364e-01,-3.285020e-01,-2.973408e-01
-2.371964e+00,7.974974e+00,3.860717e-01,-8.700963e-01,-9.848135e-01,-4.686362e-01
-2.402727e+00,7.442500e+00,5.052272e-01,-1.083431e+00,-1.172773e+00,-4.960657e-01
-5.496057e-01,8.123644e+00,3.802275e+00,-1.434382e+00,-1.044578e+00,-4.027083e-01
2.798706e-01,8.406754e+00,4.948701e+00,-1.669172e+00,-9.023031e-01,-3.863300e-01
2.283012e+00,8.187540e+00,2.340838e+00,-1.726584e+00,-8.543983e-01,-3.607755e-01
2.431834e+00,7.615818e+00,-1.316358e-01,-1.817581e+00,-8.471922e-01,-3.134975e-01
1.552408e+00,9.356509e+00,9.955152e-01,-2.156927e+00,-1.195622e+00,-3.427628e-01
-2.098653e+00,1.018694e+01,4.045915e+00,-2.658506e+00,-1.656854e+00,-4.589925e-01
3.191455e+00,9.501097e+00,3.991372e+00,-3.341300e+00,-2.277825e+00,-4.849920e-01
1.016697e+01,1.122189e+01,-1.157620e-01,-3.534578e+00,-1.893375e+00,-3.296052e-01
1.163608e+01,2.172921e+01,-6.541658e-02,-4.084747e+00,-1.718949e+00,-1.772036e-01
-4.610571e+00,1.913229e+01,1.682247e+01,-4.781203e+00,-3.417985e+00,-3.616513e-01
-1.417551e+01,2.078073e+01,2.056015e+01,-4.958254e+00,-6.545808e+00,-9.792028e-01
-9.870732e+00,1.509373e+01,1.810166e+01,-4.818613e+00,-5.126822e+00,-7.549938e-01
8.318678e+00,-6.115845e-01,1.541425e+01,-2.770364e+00,-1.677778e+00,7.716041e-02
1.001773e+01,7.725358e+00,8.960912e+00,-1.039053e+00,1.287563e+00,1.746081e-01
3.971134e+00,5.334527e+00,1.028307e+01,-3.376376e-01,1.798776e+00,-5.044987e-01
2.596082e+00,-8.091660e-02,6.692142e+00,1.412655e+00,7.757901e-01,-1.560069e+00
1.934682e+00,-3.463427e-02,7.587876e+00,3.315815e+00,1.091985e+00,-1.707650e+00
2.265529e+00,7.489421e-01,9.246491e+00,4.020754e+00,1.629771e+00,-1.849729e+00
4.313127e+00,9.088866e-01,8.996082e+00,5.246673e+00,2.462606e+00,-1.783859e+00
5.630011e+00,8.733561e-01,1.025807e+01,6.155571e+00,2.820856e+00,-1.486696e+00
1.047258e+01,2.096575e-01,1.207398e+01,7.197135e+00,2.698343e+00,-1.158446e+00
1.293910e+01,1.276852e+00,1.238762e+01,8.053866e+00,1.886978e+00,-8.481774e-01
-2.233214e+00,6.959891e+00,9.135173e+00,8.350298e+00,4.927916e-02,-7.453362e-01
-1.689804e+01,4.076281e+00,8.629656e+00,7.582600e+00,-2.182040e+00,-8.263114e-01
-1.222666e+01,-1.672444e+01,1.093850e+01,4.778711e+00,-1.514376e+00,-1.004999e+00
4.710197e+00,-4.127205e+00,1.110522e+01,1.671618e+00,2.691298e+00,5.674474e-01
3.906743e+01,3.939861e+01,-1.067083e+01,-2.343514e+00,6.420122e+00,2.468420e+00
2.964128e+00,-1.734094e+00,4.689697e+00,-3.385871e+00,5.768045e+00,2.505272e+00
2.259694e-02,-6.919838e-01,1.354291e+01,-7.963668e-01,-2.054694e+00,-2.533920e+00
-2.420999e+00,1.265714e+01,1.253696e+01,-2.878472e+00,-2.427993e+00,-1.787829e+00
-6.791542e+00,1.671681e+01,1.071137e+01,-3.138869e+00,-5.918421e-01,2.884008e-01
-2.963791e+00,1.065996e+01,7.492775e+00,-2.174569e+00,-1.512891e-01,-4.829103e-01
2.851314e+00,8.500776e+00,4.248888e+00,-1.335893e+00,1.064567e+00,5.005133e-01
5.060079e+00,1.217677e+01,4.000020e+00,-1.156097e+00,1.007744e+00,3.318358e-01
2.197895e+00,8.020685e+00,3.705632e+00,-1.329609e+00,4.751259e-01,2.333945e-01
1.471089e+00,7.432376e+00,3.455281e+00,-1.219248e+00,-3.801523e-01,-7.708335e-02
-7.128390e-01,9.459904e+00,3.376587e+00,-1.225508e+00,-1.013182e+00,-2.975336e-01
-1.602637e+00,8.825001e+00,3.163542e+00,-1.263353e+00,-1.235143e+00,-3.465179e-01
-2.723073e+00,7.443069e+00,3.097707e+00,-1.269236e+00,-1.368624e+00,-4.393377e-01
-1.967526e+00,7.260861e+00,4.193550e+00,-1.341162e+00,-1.346692e+00,-3.991855e-01
1.917786e+00,8.360000e+00,5.402443e+00,-1.455565e+00,-9.999552e-01,-2.993831e-01
2.659970e+00,8.478973e+00,4.113879e+00,-1.504242e+00,-7.920964e-01,-1.837383e-01
2.301949e+00,7.461327e+00,-1.859361e+00,-1.575135e+00,-9.596656e-01,-1.670145e-01
2.182224e+00,9.540538e+00,-2.868925e+00,-1.814237e+00,-1.360367e+00,-5.484829e-02
-8.587819e-01,1.085899e+01,1.627900e+00,-2.628272e+00,-1.767836e+00,-3.738620e-02
3.145559e+00,1.243140e+01,2.340090e+00,-3.259923e+00,-2.018558e+00,9.414217e-03
8.538841e+00,2.482963e+01,-3.104530e+00,-3.778629e+00,-1.667063e+00,3.270303e-01
-9.225270e-01,1.861009e+01,7.269263e+00,-4.359233e+00,-1.878228e+00,4.634133e-01
-5.762663e+00,1.907363e+01,1.818170e+01,-4.679484e+00,-4.518610e+00,-2.560056e-02
-6.339358e+00,2.081894e+01,1.944047e+01,-4.836712e+00,-3.836259e+00,-2.789682e-01
5.568362e+00,1.947043e-01,1.567959e+01,-3.498403e+00,-2.216635e+00,-5.219974e-01
1.054064e+01,5.259038e+00,6.877404e+00,-1.465165e+00,-4.558160e-01,-2.694470e-01
5.460949e-01,7.876825e+00,1.058954e+01,-9.863554e-01,8.714704e-01,-6.863167e-01
-5.018839e-01,4.214567e+00,9.516748e+00,3.003798e-01,3.399537e-01,-1.602259e+00
1.542513e+00,1.514146e+00,8.070843e+00,2.296170e+00,1.195085e+00,-1.936647e+00
2.625759e+00,3.444866e+00,1.008263e+01,3.289270e+00,2.401987e+00,-2.001082e+00
4.666989e+00,3.936463e+00,9.634435e+00,4.373936e+00,3.313956e+00,-1.924358e+00
7.243543e+00,1.731227e+00,1.017339e+01,5.492349e+00,3.691956e+00,-1.576781e+00
1.149862e+01,2.584381e+00,1.372264e+01,7.028346e+00,3.509488e+00,-1.174844e+00
1.270340e+01,3.929883e+00,1.044894e+01,7.770134e+00,2.694316e+00,-7.706020e-01
5.380062e+00,1.907955e+00,9.821841e+00,8.240504e+00,9.327208e-01,-1.912584e-01
-1.295610e+01,-2.540696e+00,8.968578e+00,7.925474e+00,-6.708145e-01,-4.151209e-01
-1.379419e+01,-1.727415e+01,1.057990e+01,5.309403e+00,-1.329164e+00,-6.901116e-01
-7.389979e-01,-3.490861e+00,1.165384e+01,1.891248e+00,1.744740e+00,1.423773e-01
2.316325e+01,3.770551e+01,8.995465e+00,-2.722297e+00,4.418265e+00,1.883094e+00
3.158029e-01,1.145931e+00,9.488491e+00,-3.844130e+00,4.405055e+00,1.989962e+00
3.729393e+00,-4.226330e+00,1.200384e+01,-1.900897e+00,-6.788477e-01,-2.046913e+00
-2.411065e+00,1.970889e+01,1.333566e+01,-2.659071e+00,-1.228870e-01,-4.035089e-01
-1.239779e+00,1.927169e+01,1.164005e+01,-2.679194e+00,2.746728e-01,5.881089e-01
-4.141828e-01,3.198826e+00,4.822095e+00,-1.678483e+00,3.644865e-01,-3.269278e-01
2.576191e+00,1.302842e+01,6.791424e+00,-7.148231e-01,4.080323e-01,7.298420e-02
3.431105e+00,1.406071e+01,5.634953e+00,-8.858672e-01,4.036948e-01,9.158538e-02
2.747843e+00,8.290247e+00,2.465686e+00,-7.630371e-01,1.364371e-01,1.386722e-01
1.640826e+00,9.454036e+00,9.180189e-01,-5.269672e-01,-4.259282e-01,-1.416589e-01
-2.999128e+00,8.510388e+00,-1.533926e-01,-7.364969e-01,-1.123992e+00,-2.378922e-01
-5.273952e+00,7.162278e+00,1.317944e-01,-9.612957e-01,-1.670084e+00,-3.611885e-01
-3.940533e+00,6.538321e+00,2.423408e+00,-1.241121e+00,-1.929997e+00,-4.099998e-01
-2.717900e-01,7.205379e+00,3.171531e+00,-1.447660e+00,-1.672725e+00,-3.686401e-01
1.365519e+00,7.674629e+00,1.864170e+00,-1.698732e+00,-1.141497e+00,-2.410174e-01
2.300484e-01,7.616372e+00,-1.427654e+00,-1.869138e+00,-1.194760e+00,-2.599503e-01
2.575340e+00,9.102673e+00,-2.438648e+00,-2.251047e+00,-1.274121e+00,-6.573893e-02
3.134452e+00,9.578339e+00,-7.716406e-01,-2.796652e+00,-1.281210e+00,3.363450e-02
1.119989e+01,1.348196e+01,-1.189658e+00,-3.676990e+00,-1.376280e+00,1.486189e-01
9.870811e+00,2.029980e+01,-2.933966e+00,-4.184033e+00,-1.470912e+00,3.368482e-01
-6.061882e+00,1.742397e+01,1.463680e+01,-4.969708e+00,-2.789388e+00,4.045873e-01
-1.242120e+01,2.601027e+01,2.001211e+01,-5.165944e+00,-4.974541e+00,1.393004e-02
1.785093e-03,6.962077e+00,1.997170e+01,-5.056962e+00,-3.186305e+00,1.309926e-01
8.375169e+00,2.790752e+00,1.654074e+01,-2.838654e+00,-6.574612e-01,5.784889e-01
1.217096e+01,1.115786e+01,9.131570e+00,-1.466616e+00,2.074314e+00,6.831748e-01
6.762408e+00,7.215516e+00,1.150161e+01,-9.427117e-01,1.814126e+00,-9.832841e-02
3.666688e+00,1.601478e+00,8.874712e+00,1.749861e+00,2.024030e-01,-1.719408e+00
2.569904e+00,-1.884163e-01,8.938352e+00,3.364343e+00,4.141966e-01,-2.053562e+00
2.611597e+00,4.378712e-01,8.901331e+00,4.762700e+00,1.077573e+00,-2.313792e+00
2.870079e+00,2.146298e-01,9.308174e+00,5.587758e+00,1.605114e+00,-2.171052e+00
6.697810e+00,-1.276823e+00,1.307142e+01,6.780393e+00,2.269641e+00,-1.636739e+00
8.568771e+00,-1.024791e+00,1.153755e+01,7.618525e+00,2.409172e+00,-1.180018e+00
8.882507e+00,2.038717e-01,1.205318e+01,8.515772e+00,1.683889e+00,-5.476479e-01
3.141492e-01,4.380693e+00,7.583481e+00,8.617872e+00,5.816062e-01,4.045928e-02
-2.032108e+01,-1.888737e+01,8.562595e+00,6.535940e+00,-1.379315e+00,6.111815e-02
-1.066902e+01,-1.963991e+01,1.060658e+01,3.485531e+00,-4.090099e-01,-5.717005e-01
2.514157e+01,3.940350e+01,1.542769e+00,-1.191285e+00,2.964661e+00,1.022418e+00
3.381309e+00,-9.663790e-01,1.192935e+01,-4.554578e+00,4.295563e+00,1.722944e+00
6.480000e+00,-1.942847e+01,1.483327e+01,-2.095724e+00,1.562402e+00,-3.120207e-01
6.799309e+00,1.443713e+01,1.465527e+01,-2.651701e+00,8.953485e-01,-1.198121e+00
-8.019501e+00,2.060801e+01,1.492708e+01,-3.469698e+00,6.170335e-01,7.544749e-01
-4.278510e+00,1.052131e+01,9.359095e+00,-2.104293e+00,-6.701354e-01,-2.303274e-01
2.953895e+00,7.001381e+00,7.689846e+00,-9.266252e-01,7.483210e-01,3.496622e-01
6.804195e+00,1.461937e+01,5.785065e+00,-5.950939e-01,1.457793e+00,3.853691e-01
5.276764e+00,1.075869e+01,3.066875e+00,-6.594254e-01,1.300554e+00,3.827093e-01
4.076500e+00,9.061170e+00,1.279530e+00,-3.894180e-01,4.012116e-01,2.408927e-01
-1.599253e+00,8.759746e+00,2.051799e-01,-4.171096e-01,-6.405130e-01,-2.815733e-01
-2.986486e+00,6.582559e+00,-2.309558e-01,-6.542929e-01,-1.328401e+00,-4.140678e-01
-3.249854e+00,5.299656e+00,1.232094e+00,-9.822856e-01,-1.764476e+00,-5.062371e-01
7.646363e-01,6.943277e+00,2.686112e+00,-1.293531e+00,-1.747751e+00,-4.270749e-01
1.562283e+00,6.496114e+00,-5.010766e-01,-1.615582e+00,-1.431494e+00,-4.091969e-01
-1.486565e-01,7.414030e+00,-2.666577e+00,-1.852430e+00,-1.586424e+00,-4.245947e-01
4.865987e-01,9.132177e+00,-7.653009e-02,-2.408436e+00,-1.801082e+00,-2.390625e-01
2.523378e-01,9.929737e+00,3.248042e-01,-2.907429e+00,-1.705290e+00,-1.375608e-01
9.414624e+00,1.370111e+01,-4.018537e+00,-3.708990e+00,-1.488856e+00,9.907797e-02
9.228429e+00,2.233693e+01,-2.233358e+00,-4.170341e+00,-1.223215e+00,3.463089e-01
-3.233555e+00,2.373083e+01,1.736662e+01,-4.985247e+00,-2.492469e+00,3.371279e-01
-1.642436e+01,2.801581e+01,2.278241e+01,-5.209901e+00,-4.941307e+00,-2.251985e-02
-9.915880e-01,4.312713e+00,2.256513e+01,-4.486432e+00,-3.679621e+00,2.875417e-02
6.799855e+00,2.327800e+00,1.743965e+01,-1.994959e+00,-4.753166e-01,8.798360e-01
8.391064e+00,1.051242e+01,1.065029e+01,-1.150436e+00,2.432739e+00,1.069881e+00
4.901690e+00,5.542621e+00,1.092763e+01,-3.809360e-01,2.496932e+00,6.366355e-01
5.169112e+00,-3.593051e-01,7.249344e+00,2.410362e+00,1.409576e+00,-6.211498e-01
4.671222e+00,-2.502272e-01,7.937635e+00,3.840292e+00,1.600184e+00,-8.335176e-01
4.882180e+00,6.710902e-01,7.633627e+00,5.023677e+00,1.778695e+00,-1.347812e+00
4.843254e+00,6.783728e-01,8.314709e+00,5.736132e+00,1.728271e+00,-1.300682e+00
5.410915e+00,-6.729912e-01,1.159759e+01,6.753281e+00,1.354288e+00,-1.306456e+00
6.698074e+00,-2.297930e-01,1.215360e+01,7.502876e+00,9.992225e-01,-1.295744e+00
5.380224e+00,1.362162e+00,1.240068e+01,8.028275e+00,5.807178e-01,-1.205119e+00
-8.176377e-01,5.872133e+00,1.110098e+01,7.951518e+00,-9.181338e-02,-1.095835e+00
-1.689961e+01,-1.228979e+01,7.397356e+00,5.794479e+00,-1.734399e+00,-8.120586e-01
-1.360086e+01,-1.746104e+01,5.087455e+00,3.492059e+00,-1.197631e+00,-8.056371e-01
1.036701e+01,3.931458e+01,1.175257e+00,-6.498745e-01,1.836614e+00,8.441578e-01
3.529585e+00,1.150630e+01,1.108311e+01,-4.458726e+00,3.815609e+00,1.693803e+00
1.863037e+01,-2.233447e+01,9.079045e+00,-2.856916e+00,3.684563e+00,1.349216e+00
1.167060e+01,4.612230e+00,1.399035e+01,-1.900466e+00,3.203661e+00,1.452872e-01
-6.712829e+00,2.870099e+01,1.420940e+01,-2.799817e+00,5.566095e-01,-1.081213e-01
-1.223411e+01,7.372737e+00,9.603972e+00,-2.537060e+00,-1.029855e+00,-1.884175e-01
-2.144171e+00,6.041843e+00,6.511590e+00,-1.152939e+00,-1.208755e+00,-7.320939e-01
2.048377e+00,1.162126e+01,6.902523e+00,-9.433848e-01,9.136718e-01,3.636630e-01
5.377108e+00,1.029250e+01,2.288280e+00,-8.172076e-01,1.475308e+00,3.598896e-01
4.768824e+00,8.499766e+00,1.679883e+00,-7.273308e-01,1.239304e+00,4.426552e-01
3.522773e+00,1.029694e+01,1.709168e+00,-6.760444e-01,1.709884e-01,4.039519e-02
-5.447694e-01,8.592360e+00,2.409282e+00,-9.221219e-01,-4.584274e-01,-1.751212e-01
-4.012888e+00,6.761321e+00,3.560254e+00,-1.098413e+00,-1.303824e+00,-4.906350e-01
-4.275441e+00,6.464599e+00,4.439960e+00,-1.214338e+00,-1.518226e+00,-5.080461e-01
1.395554e+00,7.796460e+00,4.732360e+00,-1.326632e+00,-1.112006e+00,-3.965827e-01
3.750329e+00,7.682311e+00,4.904608e+00,-1.369506e+00,-6.420221e-01,-2.644435e-01
2.049674e+00,7.302209e+00,2.482232e+00,-1.369762e+00,-7.930708e-01,-3.181370e-01
-1.669026e+00,7.395215e+00,-1.408640e+00,-1.444004e+00,-1.311164e+00,-4.118901e-01
-2.127683e-01,9.619418e+00,-3.110241e+00,-1.913586e+00,-1.913747e+00,-1.534329e-01
3.511827e+00,1.031814e+01,-1.155237e+00,-2.501173e+00,-1.587588e+00,2.660266e-02
9.583666e+00,1.411277e+01,-4.978222e+00,-3.240502e+00,-1.273434e+00,1.218894e-01
1.039341e+01,1.822902e+01,-4.556516e+00,-3.884700e+00,-1.431465e+00,2.299234e-01
-1.176389e+01,2.757452e+01,2.222077e+01,-4.964349e+00,-3.225755e+00,3.121310e-01
-2.471606e+01,2.759023e+01,2.378157e+01,-5.255186e+00,-5.635752e+00,2.878141e-01
-7.583833e+00,4.615402e+00,2.233587e+01,-4.409370e+00,-4.055465e+00,3.815335e-01
7.962661e+00,1.237703e+00,1.910611e+01,-1.769699e+00,4.411003e-01,1.875537e+00
1.215601e+01,9.649565e+00,1.182913e+01,-6.725068e-01,4.283967e+00,1.966813e+00
9.093457e+00,5.868584e+00,1.176253e+01,-2.956456e-02,4.166930e+00,1.553917e+00
4.049093e+00,-1.580735e+00,8.487441e+00,2.848121e+00,2.007251e+00,4.224783e-01
2.229335e+00,-1.946476e+00,8.647509e+00,4.311697e+00,1.103741e+00,-3.965221e-02
2.828383e+00,-1.075981e-01,9.354296e+00,5.482979e+00,8.822634e-01,-7.549051e-01
3.595340e+00,4.395745e-02,9.724277e+00,6.213678e+00,1.044633e+00,-1.043057e+00
5.348310e+00,-1.684640e-01,1.350850e+01,7.313080e+00,1.252810e+00,-1.178216e+00
4.517775e+00,1.739679e-01,1.100012e+01,8.041974e+00,1.108073e+00,-1.155426e+00
3.148500e+00,6.071538e+00,1.093247e+01,8.666823e+00,7.502330e-01,-1.195916e+00
-4.224001e+00,8.650745e+00,1.097209e+01,8.406647e+00,5.687943e-01,-9.506528e-01
-7.076758e+00,-1.556271e+01,8.372838e+00,6.245945e+00,-6.637557e-01,-2.980201e-01
2.142128e+00,-1.506367e+01,3.630000e+00,4.228664e+00,8.152024e-02,-3.760009e-01
1.091584e+01,4.317502e-01,1.534889e+01,2.125053e-01,2.173549e+00,2.034305e-01
7.262092e+00,2.342836e+01,1.148186e+01,-3.140065e+00,1.844020e+00,2.940346e-01
-2.487749e+01,1.461001e+01,1.299791e+01,-4.755656e+00,-9.284874e-01,-4.770250e-01
-1.654237e+01,-2.223622e+00,1.541710e+01,-4.975401e-02,-1.354230e+00,2.837428e-01
1.368179e+01,1.099518e+01,6.245721e+00,-1.937909e+00,-5.531704e-01,-1.567413e+00
1.623540e+01,1.193067e+01,5.910987e+00,-2.543912e+00,4.473422e+00,1.470510e+00
2.400546e+00,1.010215e+01,6.098792e+00,-1.639216e+00,2.690445e+00,1.247098e-01
-7.771460e+00,8.311543e+00,7.686629e+00,-1.467545e+00,-8.452572e-01,-2.148276e-01
-4.510910e+00,1.225072e+01,3.017889e+00,-1.046123e+00,-2.212688e+00,-7.072752e-01
5.431009e+00,1.047682e+01,-6.968959e-01,-1.018925e+00,-6.851671e-01,-1.502409e-01
1.647403e+00,6.284250e+00,-6.261307e-01,-9.923151e-01,8.655503e-01,2.047102e-01
-2.684827e+00,6.753814e+00,1.431646e+00,-1.280321e+00,-1.819209e-01,1.245918e-01
-3.532111e+00,7.285905e+00,2.586698e+00,-1.653794e+00,-1.665842e+00,-3.931701e-01
-1.459759e+00,8.086408e+00,2.815868e+00,-1.839150e+00,-1.834630e+00,-3.635333e-01
2.275953e+00,7.642809e+00,3.089431e+00,-1.957634e+00,-1.444356e+00,-3.048621e-01
1.414843e+00,8.275938e+00,1.762487e-01,-2.006146e+00,-1.415082e+00,-3.087942e-01
5.043908e-02,8.473643e+00,-3.198668e+00,-2.268602e+00,-1.651447e+00,-2.401259e-01
3.821094e-01,8.362109e+00,-1.974699e+00,-2.668148e+00,-1.791055e+00,-1.597579e-01
6.339231e+00,1.106358e+01,-8.606155e-02,-3.460119e+00,-1.786160e+00,-1.184545e-01
8.218460e+00,1.557535e+01,-3.303115e+00,-4.106430e+00,-1.571765e+00,9.758678e-02
3.575801e+00,2.357567e+01,8.948214e+00,-4.827662e+00,-1.839277e+00,4.408166e-01
-1.623212e+01,2.236676e+01,2.014369e+01,-5.344349e+00,-3.637614e+00,1.057110e+00
-9.476570e+00,1.273174e+01,2.294978e+01,-5.470126e+00,-4.400110e+00,-2.690396e-01
-1.049689e-01,3.935293e+00,2.275184e+01,-4.990302e+00,-3.079480e+00,-1.018704e-01
1.094801e+01,1.200390e+01,1.067832e+01,-1.797344e+00,1.803058e+00,9.519824e-01
7.331365e+00,6.915792e+00,1.418930e+01,-1.199937e+00,2.824197e+00,7.428305e-01
5.855600e+00,2.620605e+00,1.050805e+01,1.238000e+00,1.707930e+00,-1.887864e-01
4.025088e+00,6.322422e-01,1.071121e+01,2.745871e+00,1.215272e+00,-6.149372e-01
1.220276e+00,-3.088668e-01,9.214319e+00,4.711166e+00,1.010151e+00,-1.291624e+00
9.135426e-01,-7.906033e-01,1.029460e+01,5.894182e+00,1.092907e+00,-1.458098e+00
3.189349e+00,-8.526988e-01,1.264296e+01,7.035199e+00,1.485506e+00,-1.205918e+00
5.417152e+00,5.815974e-01,1.377358e+01,7.750198e+00,1.768024e+00,-9.031891e-01
9.356881e+00,1.961925e+00,1.245768e+01,8.688729e+00,1.627918e+00,-1.637661e-01
5.145744e+00,4.402075e+00,6.808682e+00,8.983632e+00,1.331572e+00,1.109778e-01
-1.042559e+01,-1.225246e+01,5.228215e+00,7.657006e+00,-9.664603e-02,-2.186034e-01
-1.197004e+01,-1.465209e+01,6.892831e+00,5.693174e+00,-9.489486e-01,-8.965929e-01
8.211138e-01,-7.418898e+00,1.276450e+01,1.103575e+00,6.238740e-02,-4.035559e-01
1.619721e+01,2.967162e+01,-1.137419e+01,-2.274543e+00,1.780616e+00,4.972281e-01
-1.159329e+01,2.043202e+00,1.328682e+01,-4.447703e+00,2.495249e+00,1.084335e+00
-1.090622e-01,-1.793977e+01,1.990169e+01,-1.983482e+00,1.946412e+00,1.778857e+00
1.518836e+01,1.307015e+01,7.248783e+00,-3.735675e+00,1.418516e+00,-1.494236e+00
3.922563e+00,1.804718e+01,1.481418e+01,-3.727752e+00,2.431907e+00,1.150758e+00
-8.892125e+00,1.251890e+01,9.672406e+00,-2.102750e+00,-1.409894e+00,-8.358418e-01
-8.664104e+00,4.794764e+00,6.616207e+00,-1.603016e+00,-2.202488e+00,-7.763325e-01
-1.120432e+00,1.423851e+01,5.739709e+00,-3.813808e-01,-1.176799e+00,-2.993929e-01
4.704662e+00,1.406433e+01,3.312065e+00,-3.703447e-01,3.975801e-01,1.023021e-01
5.241437e+00,7.662971e+00,-1.640576e+00,-4.905749e-02,1.112473e+00,6.081911e-01
2.154828e+00,7.402234e+00,-1.610474e+00,9.202183e-03,4.107522e-01,1.885528e-01
-3.835404e+00,5.477771e+00,-1.102067e+00,-5.401405e-01,-9.626529e-01,-1.737928e-01
-3.836627e+00,5.450163e+00,-1.345889e+00,-8.626779e-01,-1.566124e+00,-4.279960e-01
-1.853452e+00,6.064095e+00,2.677607e+00,-1.473751e+00,-1.567099e+00,-3.347041e-01
4.116018e-01,6.528501e+00,3.788223e+00,-1.861271e+00,-1.292192e+00,-2.286521e-01
4.266835e+00,8.453670e+00,2.383946e-01,-2.162979e+00,-9.125530e-01,-1.309455e-01
4.980243e+00,9.753063e+00,-3.307911e-01,-2.372289e+00,-8.447336e-01,-1.197974e-02
3.996075e+00,1.100427e+01,-2.997082e-01,-2.904068e+00,-1.227315e+00,1.639259e-01
4.050473e+00,1.243559e+01,3.199337e-01,-3.373615e+00,-1.596180e+00,2.218388e-01
4.954989e-01,2.272756e+01,-3.687095e-01,-4.018125e+00,-1.867854e+00,5.500594e-01
-8.839413e+00,2.058275e+01,1.047403e+01,-4.525994e+00,-2.127102e+00,7.696911e-01
-1.223002e+01,2.764770e+01,1.975391e+01,-5.099757e+00,-3.983170e+00,6.615150e-01
-9.709684e+00,2.305982e+01,2.062497e+01,-5.224445e+00,-3.139027e+00,6.333374e-01
9.173625e+00,4.842213e-01,1.600997e+01,-3.025366e+00,1.266176e-02,1.033089e+00
1.321834e+01,1.096235e+01,7.992024e+00,-1.154465e+00,2.149276e+00,1.100060e+00
3.444015e+00,5.823570e+00,1.092176e+01,-1.043409e+00,2.246435e+00,5.809425e-01
1.874124e+00,2.988461e+00,8.917072e+00,6.963735e-01,9.214906e-01,-3.644498e-01
1.365699e+00,-4.227966e-01,8.307638e+00,2.946619e+00,4.465415e-01,-1.106060e+00
1.108215e+00,-1.649808e-01,8.631436e+00,4.039026e+00,9.275953e-01,-1.299894e+00
2.516266e+00,1.593978e+00,9.199681e+00,5.107752e+00,1.585540e+00,-1.496083e+00
3.898203e+00,5.999608e-01,1.100211e+01,5.969331e+00,2.011888e+00,-1.132676e+00
5.730512e+00,6.655555e-01,1.376792e+01,7.135490e+00,2.149897e+00,-8.028618e-01
7.833454e+00,1.524740e+00,1.276257e+01,7.828076e+00,1.900888e+00,-5.038508e-01
1.258466e+00,3.166395e+00,9.641145e+00,8.566256e+00,1.075138e+00,3.931188e-02
-1.154816e+01,-2.269881e+00,9.555414e+00,8.094215e+00,4.395402e-04,1.409093e-01
-1.351278e+01,-1.707383e+01,9.416739e+00,5.314720e+00,-3.973900e-01,-2.424773e-01
2.508933e+00,-8.427133e+00,1.415180e+01,2.688999e+00,1.390908e+00,-7.856505e-02
3.067751e+01,3.845434e+01,5.594313e+00,-1.845781e+00,4.467402e+00,1.239062e+00
2.816580e+00,1.156207e+01,7.796984e+00,-3.667274e+00,4.658414e+00,1.396481e+00
6.081470e+00,-6.204531e+00,1.698511e+01,-1.251379e+00,8.668004e-01,-4.521564e-01
2.237625e+00,1.437482e+01,1.080285e+01,-3.215868e+00,2.516833e-01,-1.853531e+00
-2.938722e+00,1.693730e+01,1.407132e+01,-3.377326e+00,1.217891e+00,8.732045e-01
-2.188624e+00,1.055763e+01,7.069573e+00,-2.102893e+00,-9.807128e-02,-3.387967e-01
4.379054e+00,9.219871e+00,4.732427e+00,-1.466716e+00,3.724247e-01,2.085930e-01
7.514316e+00,1.299750e+01,3.400717e+00,-9.408487e-01,9.688142e-01,2.009195e-01
4.841671e+00,8.704414e+00,1.020604e+00,-1.133558e+00,1.188625e+00,2.497238e-01
1.533330e+00,6.747928e+00,7.034558e-01,-1.049271e+00,1.184908e-01,-1.458722e-01
-2.103958e+00,6.428910e+00,1.566896e+00,-1.257640e+00,-1.263768e+00,-6.139718e-01
-2.702132e+00,7.101471e+00,2.307757e+00,-1.518673e+00,-1.686814e+00,-7.100991e-01
-9.587281e-03,5.722210e+00,2.864545e+00,-1.790237e+00,-1.684153e+00,-7.034811e-01
1.798478e+00,5.927477e+00,2.916204e+00,-1.954472e+00,-1.526446e+00,-6.318304e-01
1.550752e-01,6.841641e+00,7.147770e-01,-2.224702e+00,-1.397058e+00,-5.891564e-01
2.962593e+00,9.790798e+00,9.216334e-01,-2.498576e+00,-1.517314e+00,-3.944605e-01
5.509180e+00,9.332262e+00,7.434098e-01,-2.960325e+00,-1.414960e+00,-2.288798e-01
6.037505e+00,1.269790e+01,-3.146612e+00,-3.351208e+00,-1.422989e+00,-1.975933e-01
-3.165963e+00,2.639421e+01,5.154836e+00,-4.216434e+00,-2.136756e+00,2.484892e-02
-8.897491e+00,2.647644e+01,1.580564e+01,-4.872698e+00,-3.094424e+00,2.140743e-01
-1.137760e+01,2.363749e+01,1.966429e+01,-5.340941e+00,-4.294617e+00,1.313254e-01
-5.488374e+00,1.150583e+01,2.289399e+01,-5.044102e+00,-3.073724e+00,4.847304e-01
1.251185e+01,5.248492e+00,1.199914e+01,-2.166062e+00,3.794127e-01,8.486440e-01
1.046180e+01,1.141466e+01,1.002183e+01,-1.094321e+00,2.271626e+00,8.136773e-01
3.767719e+00,2.876756e+00,1.142970e+01,-2.155750e-02,1.901184e+00,2.661695e-01
4.061589e+00,4.140548e-01,8.466092e+00,1.896430e+00,8.598308e-01,-8.403527e-01
2.203660e+00,-2.826681e-01,9.255006e+00,4.113932e+00,1.062156e+00,-1.177862e+00
2.044294e+00,-2.981499e-01,7.919805e+00,4.977626e+00,1.281815e+00,-1.478623e+00
3.242273e+00,3.480037e-01,9.867412e+00,6.091609e+00,1.550854e+00,-1.302637e+00
4.634935e+00,1.008393e-01,1.234731e+01,6.727869e+00,1.864271e+00,-1.027721e+00
8.205603e+00,2.071822e+00,1.190301e+01,7.925673e+00,1.834110e+00,-6.529781e-01
9.562314e+00,3.622252e+00,1.229769e+01,8.532624e+00,1.499169e+00,-3.271907e-01
-3.996016e+00,3.300640e+00,9.369522e+00,8.581475e+00,7.238022e-01,2.060323e-01
-1.471631e+01,-9.282403e+00,6.769986e+00,7.294368e+00,-8.018400e-01,1.036952e-01
-2.884475e+00,-1.248864e+01,1.006504e+01,4.279605e+00,-8.127168e-02,-5.067660e-01
5.189934e+00,1.783845e+00,9.237363e+00,1.347423e+00,1.715993e+00,3.449754e-01
2.126672e+01,3.841545e+01,7.643675e+00,-3.330402e+00,3.346979e+00,1.064170e+00
-1.041287e+01,-8.813318e+00,1.068351e+01,-3.037241e+00,2.547267e+00,1.120085e+00
1.255596e+00,-1.124751e+00,1.761108e+01,-6.675035e-01,-1.006662e+00,-1.979629e+00
4.005165e+00,1.984439e+01,1.143445e+01,-3.119802e+00,2.203280e-01,-1.241672e+00
3.448500e-01,1.124133e+01,8.474407e+00,-2.758989e+00,1.809279e+00,6.272974e-01
-2.141163e+00,8.128855e+00,5.151008e+00,-1.307193e+00,4.508505e-01,-3.603635e-01
1.384164e+00,1.170800e+01,2.869098e+00,-9.462965e-01,-2.076486e-01,-1.955268e-01
2.934463e+00,1.297748e+01,1.569369e+00,-6.951659e-01,1.204747e-01,-1.628603e-01
2.090417e+00,7.650890e+00,-1.153120e+00,-7.460767e-01,2.113015e-01,-1.638839e-01
-2.013444e+00,6.978688e+00,-4.734312e-01,-7.294193e-01,-3.779215e-01,-3.186891e-01
-4.421731e+00,6.887925e+00,4.924150e-01,-1.099234e+00,-1.236802e+00,-4.922108e-01
-4.091925e+00,7.270373e+00,8.150310e-01,-1.332285e+00,-1.395263e+00,-5.985966e-01
-7.206614e-01,7.995106e+00,3.422963e+00,-1.746090e+00,-1.057045e+00,-5.365129e-01
2.148332e+00,8.053375e+00,3.718541e+00,-1.910023e+00,-7.615364e-01,-4.655290e-01
3.226877e+00,7.388102e+00,1.900435e+00,-1.973193e+00,-5.698771e-01,-5.176543e-01
2.554949e+00,8.972570e+00,9.024272e-01,-2.105682e+00,-7.368561e-01,-4.980125e-01
1.906544e+00,1.127000e+01,8.994479e-01,-2.546324e+00,-1.167193e+00,-3.895384e-01
9.900000e-01,1.097248e+01,1.970096e+00,-3.032451e+00,-1.369465e+00,-2.383346e-01
1.088965e+01,1.205226e+01,-8.129966e-01,-3.557899e+00,-1.636922e+00,-1.360049e-01
1.124946e+01,1.899847e+01,-5.219951e+00,-3.895097e+00,-1.502679e+00,1.799978e-01
-8.424801e+00,1.936552e+01,1.316653e+01,-4.712011e+00,-2.516103e+00,1.421380e-01
-1.293558e+01,2.889738e+01,1.991797e+01,-5.095082e+00,-4.893218e+00,-2.395746e-01
-1.029315e+01,1.185631e+01,2.201417e+01,-5.388725e+00,-5.171195e+00,-3.982816e-01
2.511257e+00,-7.027329e-01,2.147318e+01,-4.288727e+00,-2.782658e+00,3.941568e-01
1.279405e+01,1.190919e+01,1.023312e+01,-8.678291e-01,1.839432e+00,8.080518e-01
6.737931e+00,7.194938e+00,1.087491e+01,-1.111850e+00,2.479062e+00,5.534133e-01
2.773865e+00,1.457874e+00,8.090468e+00,1.468804e+00,1.076415e+00,-5.991760e-01
1.466945e+00,-7.408024e-01,9.139906e+00,2.912651e+00,7.962034e-01,-9.501663e-01
2.718854e+00,-1.079809e+00,8.495070e+00,4.579554e+00,1.270440e+00,-1.191283e+00
4.091943e+00,-1.057689e+00,8.151207e+00,5.511944e+00,1.805011e+00,-1.254494e+00
7.719071e+00,-4.133472e-01,1.144370e+01,6.528791e+00,2.331943e+00,-8.540601e-01
7.688824e+00,-1.034701e-01,1.333693e+01,7.133078e+00,2.228035e+00,-8.182351e-01
5.876473e+00,1.684916e+00,1.541719e+01,8.372986e+00,8.159269e-01,-7.438412e-01
-8.314482e-01,6.291475e+00,1.182930e+01,8.681261e+00,-2.759548e-01,-6.528673e-01
-2.491172e+01,-9.317845e+00,7.930079e+00,7.928336e+00,-1.656512e+00,-5.806715e-01
-2.067633e+01,-1.550488e+01,9.576262e+00,6.215619e+00,-1.428099e+00,-6.213150e-01
6.815025e+00,1.613239e+00,1.204438e+01,1.695980e+00,3.079793e+00,5.348073e-01
3.019620e+01,3.676442e+01,-6.236697e+00,-1.602900e+00,5.887015e+00,1.559910e+00
-6.641062e-01,-3.600006e+00,6.168798e+00,-3.730116e+00,5.291805e+00,1.723892e+00
-4.979881e+00,-9.986649e+00,1.588261e+01,-1.544298e-01,3.656884e+00,2.328509e+00
6.064112e-01,1.839636e+01,1.080298e+01,-3.323745e+00,-6.355655e-01,-1.511017e+00
-1.239898e-01,1.677453e+01,1.086261e+01,-3.637718e+00,1.161015e+00,7.095515e-01
-3.992889e+00,7.606082e+00,5.910229e+00,-2.098444e+00,3.122323e-02,-6.453563e-01
-1.963716e-02,8.631935e+00,4.390645e+00,-1.595378e+00,-5.336572e-02,-2.162034e-01
5.049144e+00,1.173744e+01,2.693591e+00,-1.144089e+00,9.105504e-01,1.578904e-01
4.430588e+00,1.004925e+01,1.425173e+00,-1.143258e+00,1.051435e+00,1.234304e-01
8.667324e-01,8.380813e+00,1.045287e+00,-1.078634e+00,3.253940e-01,-8.248684e-02
-1.466487e+00,8.169533e+00,1.711352e+00,-1.153450e+00,-3.846965e-01,-2.705008e-01
-2.624964e+00,7.512766e+00,1.780425e+00,-1.382647e+00,-9.910884e-01,-4.555853e-01
-9.175070e-01,7.325984e+00,2.761529e+00,-1.504424e+00,-9.783435e-01,-4.621870e-01
1.700941e+00,7.870118e+00,3.834941e+00,-1.702900e+00,-8.681521e-01,-4.535413e-01
2.458469e+00,7.514527e+00,1.040159e+00,-1.782154e+00,-9.542872e-01,-4.622154e-01
1.402427e+00,8.782785e+00,-1.919553e+00,-2.042113e+00,-1.250597e+00,-4.811129e-01
6.431348e-01,1.002583e+01,-1.145370e-01,-2.468803e+00,-1.579679e+00,-3.881241e-01
2.969349e+00,1.114223e+01,1.304253e+00,-3.172731e+00,-1.761774e+00,-3.373125e-01
1.191692e+01,1.364630e+01,-4.327031e+00,-3.673574e+00,-1.692554e+00,-1.545236e-01
-2.728170e-01,2.064723e+01,7.263169e+00,-4.268784e+00,-1.436230e+00,1.814259e-01
-9.376651e+00,2.284640e+01,1.848125e+01,-5.010699e+00,-2.851440e+00,2.148172e-01
-1.582748e+01,2.410169e+01,2.034546e+01,-5.393320e+00,-5.489323e+00,-3.834735e-01
-7.138867e+00,7.086290e+00,2.161961e+01,-5.315486e+00,-4.047052e+00,3.074628e-02
1.344153e+01,1.029499e+01,1.003919e+01,-1.553539e+00,5.824122e-01,9.867237e-01
8.591040e+00,8.913686e+00,1.091980e+01,-1.276263e+00,2.596217e+00,8.679431e-01
4.212932e+00,3.583038e+00,9.199452e+00,9.816191e-02,1.986584e+00,1.205546e-01
3.659427e+00,7.009758e-01,6.709042e+00,1.913492e+00,1.091797e+00,-7.547859e-01
2.897040e+00,4.272445e-01,8.416631e+00,3.940661e+00,1.110469e+00,-1.037091e+00
3.517395e+00,1.141258e+00,8.637413e+00,4.775997e+00,1.410779e+00,-1.285831e+00
4.671535e+00,1.357814e+00,1.085758e+01,5.891382e+00,1.834447e+00,-9.656129e-01
5.799145e+00,3.931466e-01,1.409857e+01,6.611168e+00,1.904670e+00,-7.822140e-01
8.033411e+00,8.429770e-01,1.401030e+01,7.890979e+00,1.331181e+00,-3.816924e-01
5.540135e+00,1.582517e-01,1.374315e+01,8.471678e+00,7.089951e-01,-7.007512e-02
-6.953888e+00,-1.464032e-01,1.133788e+01,8.449629e+00,-5.327665e-01,6.285488e-02
-1.483773e+01,-1.066744e+01,9.884444e+00,7.196283e+00,-1.424106e+00,-5.720010e-02
-1.756364e+00,-9.321709e+00,1.215331e+01,3.086507e+00,4.711744e-01,-1.868636e-01
5.764014e+00,3.090897e+01,-5.812029e+00,-3.212171e-02,2.728596e+00,9.344264e-01
1.016638e+01,1.486195e+01,5.863065e+00,-3.472162e+00,3.736098e+00,1.098601e+00
-8.537188e+00,-1.454466e+01,1.172422e+01,-1.939560e+00,3.237964e+00,1.025073e+00
2.070824e+00,5.254543e+00,1.720382e+01,-1.784814e+00,-6.810445e-01,-2.329649e+00
-5.826212e-01,1.990647e+01,1.142328e+01,-3.379535e+00,1.289320e+00,6.094465e-03
1.607815e+00,1.154530e+01,7.837434e+00,-3.099271e+00,9.982740e-01,1.530233e-01
-3.781598e-03,6.448593e+00,5.315914e+00,-1.654236e+00,5.312340e-01,-2.969862e-01
3.109991e+00,1.097467e+01,5.542934e+00,-1.313046e+00,5.478599e-01,-4.393163e-02
3.421034e+00,1.216793e+01,4.707498e+00,-1.153676e+00,5.995402e-01,-1.876317e-02
1.616684e+00,7.392664e+00,3.359096e+00,-1.185997e+00,2.138176e-01,-1.945242e-01
1.177389e+00,8.465877e+00,2.538965e+00,-9.829595e-01,-2.997929e-01,-2.888979e-01
-4.491693e-01,8.689912e+00,1.702341e+00,-1.004203e+00,-8.179170e-01,-4.176803e-01
-1.471683e+00,7.897162e+00,1.501056e+00,-1.100292e+00,-1.059008e+00,-4.504232e-01
-1.820070e+00,7.748896e+00,3.195308e+00,-1.277982e+00,-1.295752e+00,-5.476266e-01
-8.444835e-01,8.440149e+00,3.763196e+00,-1.446782e+00,-1.282069e+00,-4.942528e-01
1.118111e+00,7.702494e+00,-8.219134e-01,-1.612258e+00,-1.015808e+00,-3.569572e-01
1.381867e+00,8.217733e+00,-3.221733e+00,-1.739261e+00,-9.440057e-01,-3.101499e-01
2.221758e+00,9.458027e+00,-7.213477e-02,-2.225941e+00,-1.224477e+00,-2.686194e-01
4.108587e+00,1.144033e+01,1.715711e+00,-2.743199e+00,-1.370448e+00,-3.093405e-01
9.730004e+00,1.795314e+01,-3.740004e+00,-3.664446e+00,-1.482542e+00,-2.231252e-01
7.374187e+00,2.056935e+01,-1.568289e+00,-4.085356e+00,-1.496374e+00,2.065704e-02
-1.101486e+01,2.565276e+01,1.828224e+01,-4.794068e+00,-2.816575e+00,2.065485e-01
-1.614963e+01,2.775927e+01,1.985296e+01,-5.094692e+00,-4.561756e+00,-5.532396e-02
-3.908687e+00,2.988985e+00,2.261919e+01,-4.471813e+00,-3.470673e+00,4.597044e-01
8.380975e+00,6.335776e+00,1.213833e+01,-1.758647e+00,-6.872686e-01,1.163450e+00
9.174561e+00,8.386303e+00,1.198564e+01,-6.213650e-01,3.043638e+00,1.627684e+00
7.487225e+00,4.908386e+00,1.123334e+01,1.886934e-02,3.125207e+00,1.502390e+00
4.806215e+00,-1.349171e+00,7.065679e+00,3.013049e+00,1.662663e+00,4.297515e-01
3.391320e+00,-1.555253e+00,8.509185e+00,4.468746e+00,8.645150e-01,6.477625e-02
2.281605e+00,-3.893828e-01,9.326790e+00,5.539209e+00,3.402676e-01,-4.683287e-01
2.573628e+00,-6.348407e-02,1.112317e+01,6.095902e+00,4.305108e-01,-6.758619e-01
2.727550e+00,1.225673e+00,1.321639e+01,7.160341e+00,6.159282e-01,-8.428666e-01
3.165820e+00,1.588929e+00,1.335639e+01,7.935843e+00,7.101712e-01,-8.839389e-01
4.383485e-01,6.373609e+00,1.256966e+01,8.523562e+00,7.706453e-01,-7.844404e-01
-7.211474e+00,-2.597347e+00,9.345393e+00,8.326423e+00,7.581441e-01,-6.141417e-01
-5.154682e+00,-1.453608e+01,5.728032e+00,6.041984e+00,1.719740e-01,-2.928949e-01
-2.028338e-01,-7.479760e+00,6.811158e+00,3.457838e+00,4.687917e-01,-6.618383e-01
5.730533e+00,3.638216e+01,9.819755e+00,-2.153204e+00,1.384525e+00,-2.091274e-01
-7.703268e+00,3.199144e+00,1.607403e+01,-4.271181e+00,1.744003e+00,5.559338e-01
7.618374e+00,-1.033571e+01,1.345291e+01,-2.146997e+00,3.293677e-01,-1.029401e+00
8.875309e+00,1.890698e+01,1.429322e+01,-2.418042e+00,2.101955e+00,-4.251875e-01
-8.512056e-01,1.417056e+01,6.792559e+00,-3.062101e+00,1.980942e+00,4.464459e-01
-5.153862e+00,3.776158e+00,6.176085e+00,-2.340093e+00,7.724316e-01,-5.309579e-02
-1.585278e+00,9.852330e+00,4.968491e+00,-9.875337e-01,-5.357493e-01,-5.861112e-01
1.331418e+00,1.171053e+01,4.962972e+00,-1.159625e+00,2.123402e-01,-8.697091e-02
3.418022e+00,8.604913e+00,2.263354e+00,-8.678532e-01,1.024717e+00,-1.524048e-02
3.308034e+00,8.166705e+00,2.372773e+00,-8.716917e-01,8.275855e-01,5.313148e-02
3.479915e-01,9.514910e+00,1.653784e+00,-8.335575e-01,8.659172e-02,-2.694305e-01
-2.034323e+00,8.769269e+00,1.572856e+00,-9.570058e-01,-4.681321e-01,-3.741369e-01
-4.023435e+00,7.681180e+00,2.980477e+00,-1.123527e+00,-1.146129e+00,-5.673340e-01
-5.946077e-01,7.976420e+00,3.951646e+00,-1.249010e+00,-1.071303e+00,-5.226871e-01
4.339538e+00,9.203000e+00,4.770231e+00,-1.399272e+00,-5.070443e-01,-3.000566e-01
3.691349e+00,9.954160e+00,2.449944e+00,-1.436837e+00,-3.914385e-01,-2.577708e-01
2.024191e+00,7.525702e+00,-1.880270e+00,-1.559263e+00,-1.060335e+00,-4.593667e-01
6.489348e-01,8.888112e+00,-1.565589e+00,-1.840885e+00,-1.604503e+00,-4.486493e-01
-1.885530e+00,1.055519e+01,2.024923e+00,-2.599377e+00,-1.985322e+00,-4.069909e-01
3.510314e+00,1.037232e+01,1.205202e+00,-3.098677e+00,-2.060263e+00,-2.777100e-01
1.422528e+01,1.768196e+01,-6.427502e+00,-3.663765e+00,-1.529420e+00,8.827555e-02
3.545605e-01,2.109388e+01,6.612966e+00,-4.116451e+00,-1.538468e+00,1.975465e-01
-2.015403e+01,2.699252e+01,2.141133e+01,-5.059288e+00,-4.660224e+00,1.229425e-01
-2.168615e+01,2.630611e+01,2.193062e+01,-5.155730e+00,-6.055085e+00,-2.402849e-01
2.511242e+00,-2.013280e+00,2.331586e+01,-4.374169e+00,-3.047418e+00,5.876723e-01
1.164759e+01,6.046823e+00,1.337487e+01,-1.465259e+00,8.794570e-01,1.594483e+00
1.120693e+01,8.452818e+00,1.150382e+01,-8.749641e-01,4.490884e+00,1.655979e+00
7.964250e+00,1.184960e+00,7.682583e+00,4.929987e-01,3.517929e+00,1.238703e+00
5.118287e+00,-1.957020e+00,6.759414e+00,2.989157e+00,1.729626e+00,2.260906e-01
3.703481e+00,-8.459065e-01,7.648079e+00,4.124586e+00,9.848372e-01,-1.216993e-01
3.496920e+00,3.289601e-01,8.155880e+00,5.184757e+00,7.203508e-01,-6.864409e-01
3.580919e+00,4.344926e-01,9.700104e+00,5.918669e+00,9.055707e-01,-6.870682e-01
3.942389e+00,7.335728e-01,1.310268e+01,6.826199e+00,1.002054e+00,-7.457935e-01
4.110920e+00,1.149080e+00,1.368270e+01,7.492543e+00,9.362620e-01,-7.042462e-01
1.432118e+00,7.021858e+00,1.159080e+01,8.577497e+00,6.524141e-01,-4.306643e-01
-2.421684e+00,9.722364e+00,9.747711e+00,8.633347e+00,3.317041e-01,-1.577567e-01
-9.127594e+00,-9.324681e+00,3.976030e+00,7.033695e+00,-2.650512e-01,2.877797e-01
-6.777413e-01,-1.306567e+01,1.211177e+00,5.386289e+00,-2.339389e-02,1.116096e-03
1.368166e+01,2.267115e+01,-5.778099e+00,7.769210e-01,1.934600e+00,6.128017e-01
1.230672e+01,3.792673e+01,-2.235319e+00,-2.740519e+00,1.856918e+00,5.581275e-01
-1.518454e+01,-7.057782e+00,1.903781e+01,-4.418054e+00,4.448516e-01,4.503516e-01
3.623027e+00,-1.264633e+01,1.629523e+01,-2.825812e+00,-2.508631e+00,-1.427637e+00
9.068006e-01,1.565418e+01,1.737321e+01,-3.144401e+00,1.191158e+00,-3.767694e-01
-3.479974e+00,2.696012e+01,1.260440e+01,-2.846589e+00,1.493793e+00,6.057701e-01
1.592272e+00,2.935398e+00,4.878181e+00,-2.768244e+00,1.068812e+00,2.142655e-01
7.850612e+00,5.521677e+00,4.078686e+00,-1.247408e+00,1.179673e+00,4.174776e-01
8.130406e+00,1.255587e+01,4.674958e+00,-1.066043e+00,2.503731e+00,4.782941e-01
5.774931e+00,9.802074e+00,3.187358e+00,-1.134369e+00,1.413951e+00,-6.732109e-03
-7.168120e-01,7.560627e+00,2.896035e+00,-1.151513e+00,-7.011595e-01,-4.966297e-01
-1.687203e+00,8.523180e+00,2.950920e+00,-1.136425e+00,-1.687727e+00,-8.782745e-01
-8.169731e-01,7.075391e+00,2.820090e+00,-1.387012e+00,-1.951613e+00,-9.320495e-01
-1.690692e+00,6.190000e+00,3.971269e+00,-1.508215e+00,-1.728163e+00,-1.015786e+00
-4.056962e+00,5.356860e+00,5.500305e+00,-1.672255e+00,-1.581839e+00,-9.263943e-01
-2.899812e+00,6.272550e+00,4.574787e+00,-1.746052e+00,-1.567031e+00,-8.165972e-01
-1.210676e+00,6.982763e+00,5.838189e+00,-1.757725e+00,-9.402441e-01,-5.579219e-01
2.621586e+00,7.174610e+00,5.451073e+00,-1.833348e+00,-4.248786e-01,-3.517846e-01
2.971692e+00,6.899291e+00,4.293323e+00,-1.845835e+00,-1.738057e-01,-2.687980e-01
1.399198e+00,5.465399e+00,5.292468e+00,-1.930599e+00,-5.771624e-01,-3.315657e-01
-4.422189e-01,8.318693e+00,5.561033e+00,-2.185209e+00,-1.359655e+00,-5.256070e-01
-7.017224e-01,9.075009e+00,4.531178e+00,-2.435632e+00,-1.677047e+00,-4.933275e-01
6.209856e+00,9.165564e+00,6.331415e-01,-2.916264e+00,-1.725051e+00,-1.449644e-01
6.136818e+00,1.152895e+01,1.837695e+00,-3.286436e+00,-1.484608e+00,6.964243e-02
2.750069e+00,2.264320e+01,7.215451e+00,-4.310247e+00,-1.874105e+00,7.635119e-02
-5.176281e+00,3.337741e+01,1.535504e+01,-5.206039e+00,-2.614036e+00,-2.005018e-01
-1.227174e+01,1.554135e+01,2.207749e+01,-7.002869e+00,-4.490725e+00,-3.043722e-01
-7.811230e+00,1.026622e+01,2.624886e+01,-6.467639e+00,-4.942665e+00,1.859374e-01
3.232193e-01,3.380030e+00,2.186335e+01,-3.898825e+00,-1.453959e+00,1.308470e+00
5.685092e+00,6.372744e+00,1.459065e+01,-1.862542e+00,6.915239e-01,1.534805e+00
4.991152e+00,-2.150449e-01,1.531163e+01,2.138898e+00,2.969706e+00,1.184946e+00
8.218257e+00,-3.103977e+00,1.207998e+01,5.014398e+00,2.630194e+00,1.892597e-01
8.008481e+00,-3.104408e+00,1.395152e+01,7.199164e+00,2.811480e+00,3.116856e-01
7.194245e+00,-2.775698e+00,1.380656e+01,8.322538e+00,2.510500e+00,1.428698e-02
3.891096e+00,-2.398546e+00,1.522529e+01,9.575775e+00,1.529456e+00,-4.257945e-02
3.115946e+00,-1.704904e+00,1.566097e+01,1.014866e+01,7.506516e-01,-2.296543e-01
2.183901e+00,3.298586e+00,1.094070e+01,1.060409e+01,4.109862e-01,-3.703286e-01
-2.579754e+00,1.144393e+01,9.985852e+00,1.033315e+01,8.276040e-01,-2.672948e-01
-9.521755e+00,-1.178766e+01,5.619824e+00,7.226109e+00,7.009643e-01,6.794429e-01
6.094194e-01,-1.183577e+01,-1.688166e-01,5.587760e+00,9.876512e-01,-3.209160e-01
5.406884e+00,-3.388894e+00,9.469116e+00,1.202300e+00,2.266407e+00,5.309159e-01
1.916641e+00,4.871415e+00,2.009660e+01,-1.502607e+00,1.883902e+00,4.234366e-01
-1.008845e+00,3.852455e+01,-2.241700e+00,-4.620596e+00,-9.440664e-01,-1.118545e+00
-2.915279e+01,2.167854e+01,2.280586e+01,-4.410977e+00,-1.650904e+00,-1.092325e+00
1.488692e+01,-1.760717e+01,1.661424e+01,7.676603e-01,7.578440e-01,4.375345e-01
1.562842e+01,6.047646e+00,1.252575e+01,-1.314841e+00,3.804339e+00,1.068460e-01
2.296623e+01,1.704130e+01,6.147862e+00,-3.207080e+00,6.712193e+00,2.333739e+00
-6.340583e+00,6.831046e+00,8.493222e+00,-1.675221e+00,2.258445e+00,-2.436234e-02
-1.019295e+01,9.605330e+00,5.614884e+00,-1.512633e+00,-3.715174e+00,-1.533077e+00
-4.880829e+00,1.275864e+01,4.419103e+00,-1.575628e+00,-3.532787e+00,-1.519139e+00
3.677032e+00,8.208696e+00,3.076616e+00,-1.381062e+00,5.999277e-02,-2.223786e-01
5.141370e+00,8.994552e+00,2.190457e+00,-1.172291e+00,1.021676e+00,-9.174954e-02
1.970336e+00,8.775593e+00,3.346611e+00,-1.183156e+00,5.203363e-01,6.566959e-02
-1.303010e+00,8.700000e+00,4.365463e+00,-1.287974e+00,-3.096351e-01,-2.849711e-01
-1.692472e+00,8.834623e+00,4.473209e+00,-1.406802e+00,-1.545667e+00,-7.354489e-01
4.967392e-01,7.427754e+00,3.886152e+00,-1.510897e+00,-1.506101e+00,-5.931118e-01
2.504411e+00,8.921179e+00,-2.373012e+00,-1.479982e+00,-9.824012e-01,-3.340971e-01
1.278118e+00,9.855426e+00,-2.835316e+00,-1.562868e+00,-7.256172e-01,-1.958191e-01
2.302846e+00,1.082032e+01,-4.373682e-01,-2.268439e+00,-1.039632e+00,-5.503003e-02
5.506655e+00,1.093991e+01,-2.036469e+00,-2.752954e+00,-1.278066e+00,-1.154266e-01
4.058897e+00,1.960486e+01,-3.967509e+00,-3.453169e+00,-1.313233e+00,1.269056e-01
-7.829281e-01,2.270871e+01,5.553582e+00,-3.814994e+00,-1.615736e+00,2.326586e-01
-1.102520e+01,2.376910e+01,1.697078e+01,-4.747530e+00,-3.732574e+00,4.393679e-01
-6.493011e+00,1.861137e+01,1.649170e+01,-4.803428e+00,-3.989392e+00,7.948351e-02
5.450205e+00,1.792907e+00,1.593951e+01,-3.252254e+00,-1.646220e+00,2.069755e-01
9.094208e+00,1.052809e+01,7.301784e+00,-1.149663e+00,2.047094e-01,2.474484e-01
3.539343e+00,7.525878e+00,1.085245e+01,-6.449478e-01,1.560611e+00,-1.600690e-01
3.464855e+00,4.175705e+00,8.663003e+00,9.618914e-01,9.015783e-01,-7.365647e-01
3.624216e+00,1.179330e+00,8.798476e+00,2.932811e+00,8.370937e-01,-1.326258e+00
3.775650e+00,3.198158e+00,8.486358e+00,4.094230e+00,1.084092e+00,-1.570729e+00
2.684588e+00,3.126911e+00,1.020031e+01,5.336849e+00,1.295538e+00,-1.669416e+00
2.795945e+00,3.277835e+00,1.180953e+01,6.126639e+00,1.085080e+00,-1.518187e+00
3.070668e+00,6.524984e+00,1.313446e+01,7.240427e+00,8.574074e-01,-1.345599e+00
4.945374e+00,7.670440e+00,1.174427e+01,7.734970e+00,7.297304e-01,-1.157513e+00
-1.976614e+00,2.501129e+00,6.971315e+00,8.225659e+00,5.117728e-01,-6.355937e-01
-1.426569e+01,-8.360473e+00,6.742241e+00,7.475263e+00,2.719612e-01,-7.925629e-01
-6.447722e+00,-1.404107e+01,9.250960e+00,4.949061e+00,1.937459e-01,-6.198524e-01
4.044342e+00,7.124618e+00,4.012703e+00,2.565079e+00,1.720324e+00,-1.494650e-01
9.560058e+00,2.317667e+01,9.619261e+00,-2.350532e+00,4.032144e+00,9.441596e-01
6.014247e+00,-1.003484e+01,6.955451e+00,-2.645674e+00,3.492320e+00,1.271441e+00
5.561644e+00,-2.870422e+00,1.304502e+01,-2.549826e+00,1.105604e+00,-7.648335e-01
-1.774569e+00,1.846866e+01,1.539790e+01,-3.488698e+00,1.238911e+00,2.270992e-01
-6.332055e+00,1.449132e+01,9.807396e+00,-3.705556e+00,-8.044962e-01,-7.868129e-01
-9.073650e+00,5.066208e+00,5.600922e+00,-2.745852e+00,-1.531948e+00,-8.032468e-01
1.547730e-01,1.024594e+01,6.959690e+00,-1.343138e+00,-5.538622e-01,3.334301e-02
8.059301e+00,1.261272e+01,5.086511e+00,-1.197940e+00,1.366129e+00,6.281583e-01
7.350567e+00,7.151155e+00,1.819132e+00,-1.109439e+00,2.538457e+00,7.768815e-01
1.957068e+00,8.238802e+00,2.966363e+00,-1.004380e+00,1.670646e+00,5.891769e-01
-2.045590e+00,1.156741e+01,2.676016e+00,-9.860366e-01,-6.379373e-01,-2.342137e-01
-3.120385e+00,9.981570e+00,1.324807e+00,-1.142172e+00,-1.048248e+00,-2.938737e-01
-1.392070e+00,7.039483e+00,1.398626e+00,-1.066807e+00,-9.487556e-01,-4.047854e-01
1.577533e-01,7.965892e+00,2.317933e+00,-1.066613e+00,-6.532098e-01,-3.391750e-01
2.815703e+00,7.100345e+00,2.935960e+00,-1.437898e+00,-3.429394e-01,-1.357608e-01
3.597443e+00,9.121394e+00,3.647700e-01,-1.684878e+00,-2.868445e-01,-8.567881e-03
2.842385e+00,1.044119e+01,-2.955855e-01,-1.971125e+00,-4.007907e-01,8.209404e-02
2.177321e+00,1.046035e+01,7.376671e-01,-2.474549e+00,-7.290693e-01,1.286137e-01
4.042082e+00,1.536305e+01,-3.823465e-01,-3.152389e+00,-1.415976e+00,-1.756036e-02
5.025404e+00,2.154725e+01,-4.814643e+00,-3.758772e+00,-1.778961e+00,8.634150e-02
-2.852282e-01,1.781377e+01,8.306110e+00,-4.124711e+00,-2.066310e+00,1.631121e-01
-9.317675e+00,2.059686e+01,1.715635e+01,-4.632873e+00,-3.626141e+00,2.005471e-01
-9.481292e+00,1.815565e+01,1.887294e+01,-4.680794e+00,-4.673611e+00,-3.015100e-01
2.139024e+00,2.191720e+00,1.599100e+01,-2.820886e+00,-2.045241e+00,-5.792531e-02
6.936315e+00,1.002692e+01,9.597133e+00,-1.104386e+00,3.126810e-01,2.879888e-01
4.178183e+00,6.805344e+00,1.139534e+01,-2.444894e-01,1.885261e+00,1.737332e-01
4.144646e+00,2.674352e+00,7.958289e+00,1.395420e+00,1.589496e+00,-5.486094e-01
4.496446e+00,8.823694e-01,8.962613e+00,3.198103e+00,1.659922e+00,-1.012831e+00
5.051833e+00,1.113627e+00,9.125422e+00,4.794284e+00,1.878585e+00,-1.313303e+00
4.618870e+00,1.455423e+00,1.028576e+01,5.694360e+00,1.835200e+00,-1.221026e+00
4.490956e+00,2.164479e+00,1.380113e+01,6.598434e+00,1.474852e+00,-1.063714e+00
4.260982e+00,3.404180e+00,1.394034e+01,7.408148e+00,1.093535e+00,-9.237058e-01
6.805400e+00,7.542998e+00,1.216877e+01,8.533502e+00,5.405202e-01,-5.844195e-01
-2.722526e+00,5.939277e+00,5.252192e+00,8.543242e+00,4.937716e-01,-3.385070e-01
-2.176203e+01,-9.584538e+00,8.488333e+00,6.911557e+00,-1.303040e-01,-6.610230e-01
-9.720405e+00,-1.590552e+01,1.117790e+00,4.910601e+00,7.218304e-01,-7.487533e-01
4.884186e+00,9.527366e+00,4.891905e+00,-5.364728e-02,5.197569e+00,1.384618e+00
2.874523e+01,3.769808e+01,-3.768776e+00,-3.089799e+00,5.511265e+00,1.796838e+00
-1.346048e+00,-1.041093e+01,1.047230e+01,-1.954589e+00,4.647531e+00,2.525070e+00
-2.351206e+00,-8.939348e+00,1.414530e+01,-1.731251e+00,3.852813e-02,-1.280593e+00
-6.060831e+00,2.267444e+01,1.501018e+01,-3.773375e+00,-6.370019e-01,-5.604328e-02
-6.195392e+00,2.195724e+01,1.226674e+01,-3.499619e+00,-5.289098e-02,-2.098158e-01
-8.530332e-01,4.234465e+00,6.193511e+00,-1.610882e+00,7.239514e-01,2.041066e-01
4.422768e+00,9.296347e+00,4.417794e+00,-1.140046e+00,1.941662e+00,6.928756e-01
1.002599e+01,1.193425e+01,3.575591e+00,-1.096619e+00,2.731993e+00,7.714470e-01
4.033314e+00,8.339856e+00,2.621062e+00,-1.015244e+00,2.257984e+00,4.718333e-01
-3.344515e-01,7.980328e+00,3.188373e+00,-1.012353e+00,5.646027e-02,-8.076594e-02
2.703771e-01,9.625338e+00,3.020826e+00,-1.024122e+00,-2.406632e-01,-2.614338e-01
8.570209e-01,8.028254e+00,1.245389e+00,-1.165177e+00,8.060556e-02,-1.492677e-01
2.786502e-01,7.489735e+00,8.237591e-01,-1.201180e+00,1.658773e-01,-1.701757e-01
-1.052678e+00,7.859537e+00,2.216877e+00,-1.540969e+00,1.323230e-02,-2.033221e-01
7.243734e-01,7.529450e+00,4.003111e+00,-1.807662e+00,-5.686568e-02,-1.601869e-01
4.789691e+00,8.269561e+00,2.421714e+00,-2.025635e+00,1.073566e-01,-8.651858e-02
5.736654e+00,8.896555e+00,3.042124e-01,-2.214341e+00,1.988087e-01,4.824256e-03
7.811301e+00,9.914708e+00,-2.223831e+00,-2.764908e+00,-2.600591e-01,8.707063e-03
8.512988e+00,1.352895e+01,-7.732970e-01,-3.251397e+00,-6.987341e-01,-4.540288e-02
1.448146e+01,3.012510e+01,8.616679e-01,-4.577927e+00,-2.100891e+00,-2.979135e-01
-5.625932e+00,3.028007e+01,1.755007e+01,-5.493913e+00,-3.243239e+00,-2.167127e-01
-2.056105e+01,1.420726e+01,2.252773e+01,-4.971865e+00,-6.804938e+00,-1.538553e-01
-1.906674e+01,1.280916e+01,2.305335e+01,-3.851065e+00,-5.687259e+00,-2.737303e-01
-6.697947e-02,-2.678700e+00,1.836427e+01,-1.075553e+00,5.557581e-01,1.882494e+00
6.565511e+00,4.503083e+00,9.015974e+00,8.161601e-01,3.648486e+00,2.803349e+00
6.607087e+00,2.834279e+00,9.780000e+00,2.354639e+00,4.080979e+00,2.808717e+00
7.226842e+00,-3.556323e+00,7.077897e+00,3.598981e+00,3.134325e+00,2.405080e+00
4.956710e+00,-2.698463e+00,7.866710e+00,5.417623e+00,1.186099e+00,1.704086e+00
2.615819e+00,-3.949591e-01,9.100435e+00,5.908774e+00,5.768466e-02,1.165509e+00
-2.946122e+00,-1.313703e+00,1.256393e+01,6.568782e+00,-8.740789e-01,4.576250e-01
-6.377612e+00,-1.377133e+00,1.195433e+01,7.225135e+00,-9.473594e-01,-1.224177e-01
-1.859809e+01,2.839033e+00,1.686114e+01,7.799325e+00,7.988000e-01,-3.915617e-01
-5.394523e+00,8.086690e+00,1.533836e+01,7.488917e+00,2.622114e+00,3.236571e-01
1.323613e+01,-6.949190e+00,3.969240e+00,5.631908e+00,6.461962e+00,2.791444e+00
1.476015e+01,-6.404948e+00,1.224148e-01,3.856546e+00,6.790567e+00,3.143579e+00
9.062550e+00,3.580704e+00,1.143306e+01,-5.791034e-01,3.373227e+00,3.849319e-01
8.061848e+00,2.292284e+01,7.340886e+00,-2.701191e+00,4.291108e-01,-6.957616e-01
-1.392551e+01,1.023607e+01,1.058975e+01,-3.390872e+00,-2.115649e+00,-1.106110e+00
-1.074450e+01,1.753246e+01,1.112372e+01,-2.001321e+00,-2.711761e+00,-1.757400e+00
2.645818e+00,7.623379e+00,7.385494e+00,-1.827801e+00,6.724626e-01,7.351208e-02
8.840155e+00,7.526452e+00,6.013548e+00,-1.123456e+00,3.163110e+00,9.003429e-01
1.034843e+01,8.890600e+00,5.190494e+00,-1.056782e+00,3.854834e+00,9.733145e-01
1.837326e+00,9.316141e+00,7.315140e+00,-9.994480e-01,1.918120e+00,4.840817e-01
-2.067955e+00,9.073528e+00,8.206776e+00,-8.346321e-01,-2.122829e-01,-6.716519e-02
-7.323962e-02,8.604212e+00,6.804070e+00,-6.590381e-01,-3.642388e-01,-5.575647e-02
4.624814e+00,7.021603e+00,3.579054e+00,-2.908872e-01,8.911349e-01,3.502901e-01
5.092793e+00,7.144862e+00,2.612431e+00,-1.769466e-01,1.278118e+00,4.207566e-01
1.744695e+00,7.434160e+00,3.604945e+00,-2.570217e-01,9.244534e-01,3.119166e-01
-1.308437e-01,6.522084e+00,4.320968e+00,-3.794098e-01,3.872359e-01,1.988150e-01
6.651237e-01,7.129206e+00,3.646021e+00,-5.446683e-01,2.054602e-01,1.738513e-01
2.266519e-01,8.001510e+00,3.939716e+00,-6.666620e-01,4.485596e-01,3.184076e-01
1.769197e+00,6.987785e+00,3.435602e+00,-8.208858e-01,7.499281e-01,5.142834e-01
2.816843e+00,7.930631e+00,2.566945e+00,-8.981230e-01,9.117037e-01,6.329976e-01
3.370538e+00,8.427664e+00,-3.670041e-01,-1.220255e+00,9.447829e-01,7.249178e-01
5.038867e+00,9.103871e+00,-1.542224e+00,-1.558512e+00,6.618323e-01,6.868527e-01
1.700649e+01,2.234241e+01,-4.123943e+00,-2.298871e+00,1.682917e-01,6.176763e-01
1.484815e+01,3.163147e+01,1.672754e+00,-2.789625e+00,-2.208221e-01,5.526493e-01
-1.643083e+01,1.160788e+01,1.755969e+01,-4.024747e+00,-3.438353e+00,7.405679e-01
-1.559168e+01,1.422595e+01,1.754533e+01,-2.965074e+00,-4.778315e+00,2.364011e-01
-8.074852e+00,2.671606e+00,1.714190e+01,-1.722515e+00,-1.149205e+00,1.363240e+00
4.069553e-01,8.386214e-01,1.188080e+01,-4.398720e-01,1.039004e+00,1.967021e+00
2.583458e+00,5.751945e+00,8.355118e+00,8.848012e-01,3.756041e+00,3.064008e+00
3.600674e+00,3.727565e+00,8.556308e+00,1.794828e+00,3.516632e+00,2.710602e+00
3.937637e+00,-1.793486e-02,8.181182e+00,3.583202e+00,2.598759e+00,1.957579e+00
2.457829e+00,1.368801e+00,9.504941e+00,4.417026e+00,1.860155e+00,1.786591e+00
1.119708e+00,3.818941e+00,1.169489e+01,5.367120e+00,7.376630e-01,1.183617e+00
-3.292102e+00,2.810691e+00,1.286988e+01,5.902466e+00,4.819511e-01,7.991566e-01
-6.888237e+00,3.250409e+00,1.283371e+01,6.799275e+00,7.974209e-01,1.215408e-01
-7.213996e+00,7.138026e+00,1.171977e+01,6.891049e+00,2.003688e+00,-7.049528e-02
-3.438997e-01,-4.946478e-02,6.721487e+00,5.329880e+00,4.388023e+00,8.326728e-01
4.858635e+00,-8.968997e-01,2.752411e+00,4.095814e+00,5.295777e+00,1.249053e+00
5.060620e+00,1.660661e+00,6.287814e+00,1.766676e+00,5.285500e+00,1.153564e+00
1.955794e+01,1.053874e+01,7.029423e+00,2.560634e-01,4.468756e+00,7.971676e-01
1.308895e+01,5.066768e+00,8.810845e+00,-3.171334e+00,4.340612e+00,1.326508e+00
5.856294e+00,2.325567e+00,5.309722e+00,-2.365535e+00,1.966000e+00,6.492338e-01
-2.272225e+00,1.274681e+01,7.554450e+00,-1.473448e+00,-6.672566e-01,-1.176958e+00
-1.307700e+01,9.806317e+00,7.391866e+00,-1.730822e+00,-2.244873e+00,-9.748969e-01
-8.656941e+00,8.227544e+00,7.496021e+00,-1.150418e+00,-1.661649e+00,-8.162829e-01
3.874867e-01,9.553121e+00,6.805070e+00,-9.483950e-01,4.249556e-01,1.088456e-01
6.520605e+00,8.635180e+00,5.664390e+00,-6.538566e-01,2.331501e+00,6.597277e-01
7.468949e+00,7.886944e+00,4.654241e+00,-4.957475e-01,2.403676e+00,7.350131e-01
6.550952e+00,9.218745e+00,3.846926e+00,-4.576992e-01,1.451909e+00,4.988198e-01
3.623639e+00,9.102418e+00,4.098803e+00,-5.410698e-01,6.739383e-01,3.029661e-01
-4.058173e-01,7.861774e+00,4.251751e+00,-7.090061e-01,-4.839166e-01,-8.658160e-02
-3.332858e+00,7.505894e+00,5.173751e+00,-7.942678e-01,-8.348575e-01,-1.736245e-01
-9.232535e-01,8.259759e+00,5.535422e+00,-8.786170e-01,-4.446227e-01,3.846286e-02
1.654171e+00,8.191815e+00,5.192828e+00,-9.105366e-01,8.661994e-02,3.339522e-01
3.713226e+00,8.025590e+00,2.904727e+00,-9.181558e-01,7.851915e-01,6.100070e-01
2.193900e+00,7.054863e+00,2.899375e-01,-1.021633e+00,5.837803e-01,6.098219e-01
7.620463e+00,9.696132e+00,-3.492781e+00,-1.331386e+00,7.279821e-02,5.726344e-01
1.184375e+01,9.610953e+00,-4.716542e+00,-1.762085e+00,-1.094167e-01,6.302772e-01
1.201317e+01,2.181989e+01,1.572505e+00,-2.898831e+00,-9.497422e-01,3.246585e-01
-4.994812e+00,2.121888e+01,1.039018e+01,-3.898886e+00,-2.712774e+00,3.665103e-01
-2.558000e+01,1.859968e+01,1.858415e+01,-3.951419e+00,-5.616064e+00,2.953598e-01
-1.386224e+01,1.454310e+01,1.577360e+01,-3.481539e+00,-4.650161e+00,5.497712e-02
3.691994e+00,6.902075e-01,1.660979e+01,-1.529160e+00,1.483368e+00,2.270185e+00
1.110758e+01,2.123036e+00,1.307787e+01,2.647828e-01,4.141538e+00,2.603935e+00
1.336661e+01,5.454531e+00,7.727896e+00,8.112267e-01,4.798786e+00,2.136365e+00
9.749934e+00,4.202601e+00,6.330471e+00,1.262035e+00,3.311442e+00,1.466512e+00
3.547532e+00,4.492217e+00,5.598326e+00,2.460106e+00,6.034272e-01,3.123874e-01
-6.615872e-01,3.688005e-01,9.547800e+00,3.325927e+00,-5.383930e-01,-1.903268e-01
-2.066871e+00,1.280954e+00,1.037577e+01,4.832300e+00,-1.082553e+00,-9.188062e-01
-1.020532e+00,3.229733e+00,1.257743e+01,5.459968e+00,-6.742905e-01,-1.289004e+00
6.526720e-01,4.726498e+00,1.288415e+01,6.414726e+00,6.631157e-01,-1.399472e+00
6.059347e-01,5.193325e+00,1.194106e+01,7.113510e+00,1.401495e+00,-1.230025e+00
1.073450e-01,6.514055e+00,8.689357e+00,7.302189e+00,2.227652e+00,-8.984532e-01
-1.800607e+00,-6.524139e-01,4.855205e+00,6.450924e+00,2.427593e+00,-5.695430e-01
2.055646e+00,-3.105881e+00,-1.716217e+00,3.921879e+00,2.476691e+00,-4.330495e-01
1.055227e+01,3.946609e+00,-1.621258e+00,2.112177e+00,2.508728e+00,-2.711767e-01
-3.486571e+00,2.389407e+01,1.195254e+01,-1.364599e+00,2.836831e+00,4.085790e-01
3.056752e+00,9.066655e+00,1.138005e+01,-3.111795e+00,2.852735e+00,1.285086e+00
-1.576702e+00,-2.012102e+00,1.042941e+01,-3.573382e+00,1.286708e+00,-3.299020e-01
-5.154419e+00,1.420218e+01,1.344930e+01,-2.422763e+00,-1.100682e-01,-4.452544e-01
-1.565124e+00,1.132106e+01,4.996169e+00,-1.609352e+00,-7.295352e-01,-1.007847e-01
4.284528e+00,7.536817e+00,3.090123e+00,-1.222621e+00,1.247056e-01,3.101523e-02
9.564862e+00,1.189975e+01,1.490403e+00,-6.411382e-01,2.368750e+00,6.666676e-01
2.442136e+00,1.013463e+01,2.674672e+00,-8.427352e-01,1.679614e+00,4.783160e-01
-1.618679e+00,8.915285e+00,3.231438e+00,-8.765899e-01,-5.605020e-01,-2.001548e-01
-1.443321e+00,7.966639e+00,2.118315e+00,-8.985323e-01,-1.057523e+00,-3.891440e-01
-8.921085e-01,7.581744e+00,1.273025e+00,-1.048820e+00,-9.401253e-01,-4.088889e-01
-1.974800e+00,7.523911e+00,2.924908e+00,-1.248347e+00,-8.401690e-01,-3.820347e-01
-1.018868e+00,7.966224e+00,6.320891e+00,-1.534348e+00,-7.417393e-01,-2.751402e-01
2.332324e+00,7.942167e+00,6.344014e+00,-1.567013e+00,-5.047194e-01,-1.698434e-01
3.081786e+00,8.129657e+00,5.237019e+00,-1.472751e+00,2.072069e-01,7.290233e-02
1.620325e+00,7.873365e+00,2.270267e+00,-1.392668e+00,1.065180e-01,7.373224e-03
2.939032e+00,7.120000e+00,-1.863419e+00,-1.438735e+00,-2.433390e-01,1.505424e-02
5.134488e+00,8.417568e+00,-1.733928e+00,-1.689187e+00,-3.438286e-01,1.992604e-01
8.776807e+00,1.081579e+01,-1.866872e+00,-2.443693e+00,-7.467837e-01,3.026732e-02
8.290124e+00,1.701224e+01,-4.452890e+00,-2.976075e+00,-1.365470e+00,-3.060453e-02
-2.556854e+00,1.969897e+01,7.060176e+00,-3.837363e+00,-2.610711e+00,9.667710e-02
-9.008259e+00,2.211726e+01,1.695445e+01,-4.360571e+00,-4.058713e+00,-2.269230e-02
-8.333129e+00,1.985046e+01,1.520117e+01,-4.472832e+00,-4.524617e+00,-2.993447e-01
-1.041372e+00,8.824321e+00,1.634666e+01,-3.634726e+00,-2.517769e+00,8.583743e-02
1.143439e+01,5.266821e+00,9.438108e+00,-5.756851e-01,6.982783e-01,1.958309e-01
9.334556e+00,7.351990e+00,7.115126e+00,-2.943354e-01,1.509499e+00,-2.371633e-01
2.396733e+00,4.211658e+00,7.167437e+00,1.202571e+00,5.823786e-01,-1.260479e+00
3.382527e-01,1.354968e+00,7.103853e+00,2.317007e+00,-7.374882e-02,-1.770865e+00
1.227491e+00,1.841523e-01,8.801664e+00,4.142614e+00,1.200884e-01,-2.288262e+00
2.080860e+00,2.884806e+00,1.011771e+01,4.846253e+00,9.494721e-01,-2.554532e+00
4.877670e+00,4.883202e+00,1.230215e+01,5.692456e+00,1.944019e+00,-2.302285e+00
6.142053e+00,4.805121e+00,1.147319e+01,6.480930e+00,2.325607e+00,-1.899269e+00
7.149368e+00,5.601783e+00,9.943541e+00,7.641121e+00,2.197077e+00,-1.164317e+00
-1.787342e-01,4.020881e+00,6.484002e+00,7.530173e+00,1.861569e+00,-7.793344e-01
-1.355176e+01,-7.164925e+00,5.927152e+00,5.871319e+00,5.792206e-01,-3.885656e-01
-3.440410e+00,-9.986632e+00,4.997986e+00,3.990046e+00,7.869081e-01,-6.067002e-01
1.890995e+01,2.703051e+01,-3.786096e+00,-3.677378e-01,3.606286e+00,5.525649e-01
8.939785e+00,6.533852e+00,5.183450e+00,-2.242109e+00,3.777671e+00,1.193156e+00
8.707356e-01,-2.089176e+00,1.706687e+01,-2.622981e+00,2.353806e+00,1.015634e+00
2.796915e+00,6.111318e+00,1.402403e+01,-3.598449e+00,-3.576801e-01,-1.188596e+00
-8.229946e+00,1.442698e+01,1.151738e+01,-3.224232e+00,-7.330541e-01,-4.386253e-01
-1.344850e+01,1.159137e+01,1.053526e+01,-2.239300e+00,-1.921255e+00,-3.005688e-01
-1.810068e+00,6.957765e+00,4.832912e+00,-1.489830e+00,-7.517628e-01,-1.554663e-01
7.377403e+00,1.098897e+01,4.312201e+00,-1.109649e+00,1.404365e+00,8.073633e-01
6.333904e+00,8.938177e+00,2.897100e+00,-1.131419e+00,2.255300e+00,7.187202e-01
2.176874e+00,7.862578e+00,3.683337e+00,-1.156868e+00,1.210994e+00,5.018224e-01
-1.984802e+00,8.947046e+00,3.655941e+00,-1.041591e+00,-6.406614e-01,-1.340433e-01
-2.552704e+00,7.761069e+00,2.943522e+00,-1.084874e+00,-1.103016e+00,-2.690211e-01
-1.845877e+00,7.970483e+00,3.567471e+00,-1.153382e+00,-8.845986e-01,-2.257236e-01
6.248880e-01,8.417758e+00,4.824529e+00,-1.268540e+00,-6.065618e-01,-1.277107e-01
3.726989e+00,8.635858e+00,3.361744e+00,-1.351588e+00,-1.056234e-01,-2.531696e-02
4.258914e+00,6.523676e+00,2.101836e-01,-1.397554e+00,-2.046889e-02,6.700631e-02
6.456567e+00,9.214388e+00,-1.261783e+00,-1.684033e+00,-2.168591e-01,1.648550e-01
5.529432e+00,9.831571e+00,-1.211365e-01,-2.096112e+00,-5.582077e-01,2.223370e-01
4.295569e+00,1.315635e+01,-1.867327e+00,-2.877927e+00,-1.514490e+00,-5.664836e-02
-1.175442e-02,2.213347e+01,-1.020074e+00,-3.536720e+00,-2.317577e+00,-1.104743e-01
-1.006370e+01,1.904689e+01,1.481524e+01,-4.418326e+00,-3.273481e+00,1.841589e-01
-8.221383e+00,1.919920e+01,1.625671e+01,-4.639978e+00,-3.629327e+00,2.408348e-01
-5.109258e+00,1.702548e+01,1.482811e+01,-4.233217e+00,-2.810075e+00,3.563410e-01
4.288022e+00,1.080895e+00,1.607683e+01,-2.839932e+00,-1.051942e+00,4.931189e-01
1.136003e+01,7.107546e+00,5.212005e+00,2.419557e-03,1.354697e+00,1.574518e-01
7.705648e+00,5.690817e+00,7.672257e+00,3.117993e-01,1.725118e+00,-1.966203e-01
3.448802e+00,1.844726e+00,6.794060e+00,2.533968e+00,6.813559e-01,-1.347963e+00
1.571495e+00,2.504228e-01,7.554849e+00,3.608601e+00,1.362415e-01,-1.752091e+00
1.398535e+00,2.350423e+00,9.767982e+00,5.099418e+00,2.510145e-01,-2.194812e+00
1.569656e+00,4.558800e+00,1.207883e+01,5.628745e+00,8.231290e-01,-2.289996e+00
2.275995e+00,4.737000e+00,1.313698e+01,6.623471e+00,1.627219e+00,-1.941310e+00
4.822303e+00,6.150510e+00,1.234208e+01,7.357477e+00,2.115093e+00,-1.635555e+00
6.129023e+00,4.647419e+00,6.221980e+00,7.908673e+00,2.462860e+00,-5.012513e-01
-4.272760e+00,-5.227959e+00,4.228654e+00,7.135233e+00,1.947408e+00,2.970843e-01
-4.878150e+00,-1.235697e+01,6.038086e-01,4.669909e+00,7.089520e-01,-1.509507e-01
8.832892e-01,2.686180e+01,-9.279510e+00,2.448996e+00,1.197738e+00,-3.188945e-01
-7.942425e+00,2.802210e+01,6.710219e+00,-2.586931e+00,2.223251e+00,8.208888e-01
2.079173e+00,-5.416188e+00,1.489347e+01,-2.478217e+00,2.100173e+00,8.117983e-01
7.270182e+00,-1.810657e+00,1.725246e+01,-4.313447e+00,1.482217e+00,-4.714939e-01
5.333742e+00,1.649380e+01,1.382300e+01,-3.570678e+00,2.242032e+00,7.186425e-01
-6.066695e+00,1.848084e+01,9.745315e+00,-2.439198e+00,2.628809e-02,9.586223e-02
-2.047281e+00,5.992627e+00,5.827059e+00,-1.536941e+00,-6.476314e-01,-3.353145e-01
8.098211e+00,1.347510e+01,4.132475e+00,-6.038236e-01,9.454848e-01,2.785143e-01
7.212865e+00,1.322559e+01,2.802369e+00,-6.692762e-01,1.481931e+00,4.265708e-01
7.031748e-01,7.986222e+00,1.711630e+00,-6.373510e-01,3.208340e-01,1.644290e-01
-1.696766e+00,8.085261e+00,7.707295e-01,-5.007102e-01,-9.958257e-01,-2.641438e-01
-3.026719e+00,7.040624e+00,-3.283595e-01,-7.373165e-01,-1.572126e+00,-3.786065e-01
-3.128373e+00,4.665358e+00,1.431662e+00,-8.959022e-01,-1.484946e+00,-3.667207e-01
-4.574644e+00,3.693035e+00,4.890677e+00,-1.341282e+00,-1.067434e+00,-2.782608e-01
-3.359303e+00,5.347106e+00,6.245841e+00,-1.571183e+00,-7.064321e-01,-1.357393e-01
1.632793e+00,8.257381e+00,8.471537e+00,-1.733138e+00,1.470252e-01,3.139369e-01
2.950501e+00,9.347369e+00,8.300175e+00,-1.575553e+00,6.841961e-01,2.745815e-01
-2.733445e-01,9.891126e+00,5.699425e+00,-1.254982e+00,5.273314e-01,1.584486e-01
3.002896e+00,1.530190e+01,5.410918e+00,-1.131949e+00,3.593555e-01,2.923174e-01
7.255053e+00,1.662797e+01,4.217605e+00,-1.109236e+00,7.912163e-01,6.116544e-01
7.461631e+00,1.619106e+01,3.958918e-01,-1.184738e+00,8.075780e-01,6.275992e-01
9.376885e+00,1.625982e+01,-8.467872e+00,-1.275543e+00,-5.603512e-01,3.246042e-01
6.151669e+00,8.253465e+00,-5.105012e+00,-1.584138e+00,-1.387416e+00,1.886640e-01
1.253809e+00,1.363904e+01,5.108515e+00,-2.180355e+00,-3.336079e+00,-6.867350e-01
-3.011989e+00,2.165562e+01,9.661761e+00,-2.905387e+00,-4.006063e+00,-9.048854e-01
-7.078767e+00,7.619889e+00,1.486941e+01,-3.145086e+00,-4.066879e+00,-7.024202e-01
-6.845187e+00,1.103009e+01,1.403970e+01,-2.553946e+00,-3.274540e+00,-8.899610e-01
1.716551e+00,1.234605e+01,1.198488e+01,-3.226865e+00,-7.954171e-01,-5.230769e-01
4.454817e+00,8.163494e+00,9.903876e+00,-3.014571e+00,1.001084e+00,-1.529116e-01
6.400588e+00,3.900757e+00,7.935800e+00,-8.295684e-01,2.136153e+00,-3.554670e-01
5.991060e+00,4.386821e+00,6.761612e+00,3.339806e-02,1.948301e+00,-8.390532e-01
4.382137e+00,3.854331e+00,5.865854e+00,1.087938e+00,1.027446e+00,-1.205301e+00
2.463787e+00,2.209001e+00,6.454514e+00,1.960038e+00,3.572112e-01,-1.157881e+00
-7.601117e-01,1.100056e+00,6.879145e+00,3.148811e+00,-3.110432e-01,-1.185438e+00
-9.708566e-01,1.710526e+00,7.808638e+00,3.802702e+00,-3.150508e-01,-1.058513e+00
1.847755e+00,7.780393e-01,8.868010e+00,4.747725e+00,5.288811e-01,-3.549844e-01
3.230041e+00,1.934351e-01,7.574154e+00,5.255299e+00,1.160278e+00,2.938771e-03
3.958657e+00,-1.294525e-01,8.803524e+00,6.007737e+00,1.972107e+00,6.754059e-01
4.069557e+00,2.498903e-02,8.117827e+00,6.035007e+00,2.043718e+00,7.636721e-01
5.076111e+00,-1.456129e+00,6.201652e+00,5.442308e+00,1.812376e+00,7.375492e-01
-1.244926e+00,-1.099529e+01,9.469999e+00,4.247430e+00,1.514506e+00,5.017587e-01
2.259838e+00,2.629981e+01,4.971299e+00,4.239729e-01,1.883607e-01,-2.983548e-01
6.640379e-01,2.092549e+01,1.889245e+01,-4.377918e+00,-3.183857e-01,-3.746738e-02
1.700999e+00,-1.299623e+01,1.498651e+01,-4.493345e+00,5.478483e-01,9.478703e-01
7.432097e+00,2.568117e+00,1.299007e+01,-1.278525e+00,2.533001e-01,-1.554152e+00
-4.326476e+00,2.066329e+01,1.428367e+01,-1.845442e+00,3.137061e-01,4.168377e-01
5.152281e+00,1.002123e+01,5.170935e+00,-1.383960e+00,3.528042e-01,4.957253e-01
5.599604e+00,7.062973e+00,3.253622e+00,2.532275e-02,2.054234e+00,5.211273e-01
7.505320e-01,1.282284e+01,3.209922e+00,1.443304e-01,1.095466e+00,1.006703e-01
-3.147849e+00,1.048227e+01,1.778888e+00,-8.357578e-02,-8.575301e-01,-2.574044e-01
-1.019459e+00,7.529964e+00,-3.370273e-01,-8.632384e-02,-1.318835e+00,-4.419260e-01
7.280915e-01,6.611049e+00,-1.523561e+00,-1.453482e-01,-8.144651e-01,-3.971637e-01
-3.167215e+00,5.589631e+00,5.186990e-01,-5.127397e-01,-6.587947e-01,-3.103758e-01
-5.878271e+00,5.610000e+00,3.553185e+00,-1.129462e+00,-1.184001e+00,-4.226654e-01
-2.571385e+00,6.685099e+00,5.820198e+00,-1.389745e+00,-1.083028e+00,-3.499850e-01
3.300400e+00,8.383488e+00,5.728430e+00,-1.578879e+00,-6.381586e-02,-1.179912e-01
4.920570e+00,9.535051e+00,3.654931e+00,-1.527778e+00,1.912955e-01,-1.357330e-01
1.522650e+00,6.414265e+00,-1.697495e+00,-1.550751e+00,-2.673141e-01,-2.839642e-01
1.379686e+00,8.461663e+00,-2.536415e+00,-1.662795e+00,-9.554576e-01,-3.691845e-01
3.147916e+00,1.117544e+01,-4.725598e-01,-2.312879e+00,-1.416875e+00,-4.306185e-01
5.280781e+00,1.221423e+01,-9.417669e-01,-2.850206e+00,-1.318752e+00,-2.820829e-01
4.246667e+00,1.876922e+01,-2.105501e-01,-3.577391e+00,-1.539640e+00,3.179731e-02
1.986976e+00,1.796093e+01,9.582320e+00,-4.116665e+00,-2.168909e+00,1.484913e-01
-2.253109e+00,2.487338e+01,2.083707e+01,-4.998185e+00,-3.824615e+00,-2.872887e-01
-1.461458e+00,1.534838e+01,2.052318e+01,-4.992696e+00,-3.582945e+00,-4.450646e-01
6.662087e+00,3.699564e+00,1.230685e+01,-2.359442e+00,-2.381445e+00,-1.105332e+00
5.305453e+00,8.443271e+00,8.239942e+00,-1.288951e+00,-7.877828e-01,-1.013474e+00
-1.325890e+00,5.995027e+00,9.575267e+00,-2.494608e-01,9.134307e-04,-1.549336e+00
1.624440e-03,1.800361e+00,8.160830e+00,1.182532e+00,2.118527e-01,-1.997125e+00
3.089918e+00,9.239836e-01,7.686317e+00,2.898263e+00,1.446241e+00,-1.940045e+00
4.581633e+00,8.646573e-01,7.880131e+00,3.941645e+00,2.440566e+00,-1.731903e+00
7.791213e+00,7.231022e-01,8.316192e+00,5.092032e+00,2.944576e+00,-1.241047e+00
1.012494e+01,4.503952e-01,9.365046e+00,5.822246e+00,2.705848e+00,-9.738783e-01
1.052203e+01,1.092988e+00,1.180854e+01,6.840612e+00,1.439018e+00,-9.106164e-01
6.997713e+00,2.084939e+00,1.183112e+01,7.291601e+00,3.661563e-01,-1.056212e+00
-8.890548e+00,4.404621e+00,9.323214e+00,7.231213e+00,-1.970520e+00,-1.492048e+00
-2.332392e+01,-6.822357e+00,7.270669e+00,6.278711e+00,-2.903691e+00,-1.715350e+00
-7.267684e-01,-7.502514e+00,8.365130e+00,3.404617e+00,-2.948994e-01,-1.383059e+00
1.008670e+01,1.946316e+01,-1.289538e+00,1.451263e+00,2.727303e+00,2.314048e-01
8.793783e+00,1.523223e+01,8.226109e+00,-3.087162e+00,5.698966e+00,2.479086e+00
1.092497e+01,-9.958322e+00,1.504523e+01,-2.553639e+00,4.846122e+00,2.558325e+00
4.546824e+00,4.223441e+00,1.240074e+01,-2.794392e+00,2.654805e-01,-1.605045e+00
-1.182865e+01,1.709643e+01,1.411326e+01,-2.731170e+00,-6.820355e-01,-3.034949e-01
-1.040901e+01,1.275715e+01,7.812818e+00,-1.909850e+00,-2.254056e+00,-6.458293e-01
-2.655995e+00,4.013260e+00,3.362411e+00,-1.500246e+00,-1.713555e+00,-8.559196e-01
6.029150e+00,1.134569e+01,3.858227e+00,-3.543138e-01,1.551625e+00,7.051613e-01
7.510303e+00,1.203693e+01,2.721206e+00,-5.245962e-01,1.871070e+00,7.121038e-01
2.910562e+00,7.964971e+00,1.567231e+00,-6.130594e-01,6.730992e-01,4.803740e-01
-1.815063e-01,9.008078e+00,6.417448e-01,-5.302779e-01,-5.246393e-01,1.769973e-02
-3.524304e+00,8.717307e+00,7.146959e-01,-7.664948e-01,-1.446275e+00,-3.737636e-01
-4.868625e+00,7.325688e+00,1.729561e+00,-1.017618e+00,-1.687363e+00,-3.756148e-01
-1.769056e+00,7.143019e+00,4.007736e+00,-1.303801e+00,-1.388813e+00,-2.712369e-01
1.954106e+00,7.994390e+00,3.966833e+00,-1.414517e+00,-9.835123e-01,-1.346117e-01
2.167645e+00,8.245740e+00,1.430076e+00,-1.556579e+00,-3.297398e-01,1.748159e-02
1.284210e+00,8.456647e+00,-1.833294e+00,-1.662457e+00,-5.388454e-01,-2.587480e-03
2.152893e+00,8.909119e+00,-5.496856e-01,-2.042397e+00,-9.731128e-01,-1.730140e-02
9.299640e-01,9.481443e+00,1.708193e+00,-2.510261e+00,-1.130470e+00,-9.529968e-02
6.540876e+00,1.163260e+01,1.442593e+00,-3.423268e+00,-1.582816e+00,-2.189810e-01
1.442857e+01,1.748547e+01,-3.709747e+00,-3.772320e+00,-1.487666e+00,-7.078031e-02
8.019275e+00,2.166834e+01,8.719801e+00,-4.384353e+00,-1.845368e+00,-1.994183e-01
-8.203630e+00,2.104656e+01,2.261297e+01,-4.841725e+00,-3.466963e+00,-2.685534e-01
-1.515325e+01,1.648170e+01,1.991043e+01,-4.676177e+00,-6.618383e+00,-1.143847e+00
-3.076529e+00,1.448069e+00,1.941452e+01,-4.115369e+00,-5.066362e+00,-9.044139e-01
1.118184e+01,7.302571e+00,7.009267e+00,-7.187401e-01,3.760861e-01,1.868705e-01
7.802760e+00,7.322181e+00,7.412125e+00,-5.540999e-01,1.914658e+00,1.466275e-01
3.218843e+00,2.693735e+00,5.833914e+00,8.062574e-01,1.620979e+00,-8.016933e-01
7.723845e-01,-1.332906e+00,6.414069e+00,2.145837e+00,9.325021e-01,-1.286881e+00
2.003170e+00,1.630837e+00,8.695503e+00,3.725086e+00,1.307358e+00,-1.708584e+00
2.964095e+00,2.305824e+00,9.066090e+00,4.221891e+00,1.923061e+00,-1.822939e+00
5.860751e+00,2.581967e+00,1.107349e+01,5.326333e+00,2.605468e+00,-1.547951e+00
7.014373e+00,2.166518e+00,1.285814e+01,6.055548e+00,2.739234e+00,-1.384798e+00
9.500530e+00,2.907831e+00,1.310057e+01,7.374368e+00,2.144668e+00,-1.058686e+00
8.472786e+00,5.752664e+00,1.088455e+01,8.033059e+00,1.276054e+00,-9.276500e-01
-1.629732e+01,-3.722125e+00,7.713499e+00,7.580990e+00,-4.679686e-01,-8.098785e-01
-2.322577e+01,-1.149323e+01,6.515254e+00,6.104501e+00,-1.528237e+00,-1.155562e+00
-1.699751e+00,-8.407705e-01,1.022899e+01,1.923335e+00,9.966290e-01,-4.098037e-01
2.775166e+01,3.637001e+01,-3.354002e+00,-7.309328e-01,4.441417e+00,1.224397e+00
1.713855e+00,-9.256525e+00,7.285159e+00,-2.457402e+00,6.862872e+00,2.922877e+00
-7.338613e-01,-9.143342e+00,1.383544e+01,-7.640173e-01,4.638941e+00,1.819872e+00
7.005425e-01,1.614167e+01,1.052362e+01,-2.967982e+00,-1.216665e-01,-8.124537e-01
-1.885288e+00,1.680436e+01,1.092509e+01,-3.294023e+00,-6.434184e-02,3.816491e-01
-7.519158e+00,5.603179e+00,5.088464e+00,-1.965769e+00,-1.076275e+00,-8.736104e-01
-1.787660e+00,8.669463e+00,3.914288e+00,-1.523770e+00,-7.796364e-01,-2.124693e-01
5.015692e+00,1.188576e+01,3.556507e+00,-1.090894e+00,1.145635e+00,3.876148e-01
4.153237e+00,8.270973e+00,2.861005e+00,-1.105026e+00,1.381202e+00,3.514909e-01
1.322858e+00,9.163769e+00,2.653466e+00,-9.701307e-01,2.100665e-01,-5.692773e-02
-4.295076e-01,9.666865e+00,2.281300e+00,-1.017123e+00,-3.483747e-01,-2.185333e-01
-1.305912e+00,7.622304e+00,1.133320e+00,-1.109969e+00,-1.110509e+00,-4.402160e-01
-3.033929e+00,7.814447e+00,2.075307e+00,-1.195024e+00,-1.204739e+00,-4.686921e-01
-1.910944e+00,8.333431e+00,5.012170e+00,-1.474542e+00,-1.133174e+00,-4.061464e-01
1.155997e+00,9.680717e+00,6.036759e+00,-1.561461e+00,-8.744074e-01,-3.614157e-01
3.101971e+00,8.812789e+00,1.453312e+00,-1.638634e+00,-3.315753e-01,-1.017668e-01
3.059304e+00,8.628414e+00,-2.013487e+00,-1.604988e+00,-3.173309e-01,-8.751750e-02
1.545306e+00,8.777274e+00,-1.859304e+00,-1.960306e+00,-6.753984e-01,3.121755e-02
1.229678e-02,1.078051e+01,2.016842e+00,-2.479099e+00,-1.117008e+00,-8.209167e-02
7.970666e+00,1.373203e+01,-1.228832e+00,-3.409725e+00,-1.664993e+00,-1.434843e-01
1.362127e+01,2.094615e+01,-5.213793e+00,-3.734656e+00,-1.550793e+00,-1.734105e-02
-2.047741e+00,1.825748e+01,1.366249e+01,-4.554813e+00,-2.042946e+00,2.691351e-01
-1.355571e+01,2.201186e+01,2.022518e+01,-4.902926e+00,-4.070572e+00,1.754471e-02
-1.026700e+01,1.793687e+01,1.840673e+01,-4.537770e+00,-5.548498e+00,-8.500000e-01
4.951814e+00,-1.899879e+00,1.732135e+01,-3.132057e+00,-2.915472e+00,-2.897427e-01
1.110334e+01,7.623127e+00,6.651949e+00,-4.058898e-01,9.156169e-01,1.375715e-01
7.007381e+00,8.287841e+00,7.838549e+00,-4.250605e-01,1.928793e+00,-6.719386e-02
1.445969e+00,1.802885e+00,6.361383e+00,1.287939e+00,5.738903e-01,-1.116474e+00
1.050668e+00,-3.899616e-01,7.315050e+00,2.689648e+00,1.525829e-01,-1.575807e+00
2.550000e+00,2.305444e+00,8.885444e+00,4.234997e+00,9.831343e-01,-1.807860e+00
3.024827e+00,3.030854e+00,1.018435e+01,4.675964e+00,1.651625e+00,-1.767782e+00
4.510302e+00,3.089024e+00,1.305753e+01,5.958943e+00,2.264021e+00,-1.325868e+00
4.108387e+00,1.927121e+00,1.077687e+01,6.731728e+00,2.406952e+00,-1.075416e+00
5.765670e+00,3.716298e+00,1.049670e+01,8.004491e+00,2.047311e+00,-5.458587e-01
1.842652e+00,3.797549e+00,8.368562e+00,8.003756e+00,1.927740e+00,-9.205467e-02
-1.002366e+01,-8.161439e+00,6.880690e+00,6.389852e+00,7.038775e-01,6.032061e-01
-1.015452e+00,-1.083495e+01,7.708254e+00,4.523016e+00,4.856096e-01,4.224766e-01
1.538806e+01,2.546402e+01,-1.113280e+00,6.464274e-01,2.099807e+00,8.178468e-01
2.967593e+01,3.913910e+01,-8.630354e+00,-2.059087e+00,2.541333e+00,6.740844e-01
-1.797859e+01,2.120315e+00,1.680046e+01,-2.509498e+00,1.140797e+00,1.189585e+00
-5.000068e+00,1.871676e+00,1.695979e+01,-1.575597e+00,-2.344056e+00,-1.347917e+00
-4.601348e-01,1.173270e+01,9.340418e+00,-3.254813e+00,-7.514368e-01,-1.053570e+00
-4.620962e+00,1.354390e+01,1.119042e+01,-2.515683e+00,6.111063e-01,5.097729e-01
6.532301e+00,8.744553e+00,3.307194e+00,-1.236593e+00,1.225039e+00,-3.015255e-03
4.590859e+00,7.280486e+00,3.713280e+00,-1.038018e+00,2.171600e+00,7.026408e-01
2.617815e+00,1.248856e+01,4.400199e+00,-6.730496e-01,1.035254e+00,1.737079e-01
-2.774753e-01,1.122613e+01,4.168433e+00,-7.818814e-01,1.898199e-01,6.025187e-03
6.138369e-01,8.737945e+00,2.181094e+00,-6.413888e-01,-7.046886e-01,-2.655844e-01
1.022918e+00,8.626403e+00,3.469702e-01,-5.730697e-01,-5.383060e-01,-2.508197e-01
-2.302021e+00,5.786820e+00,2.221561e-01,-7.205778e-01,-5.449556e-01,-1.455475e-01
-4.077403e+00,5.915081e+00,9.327312e-01,-8.996557e-01,-8.768949e-01,-2.140436e-01
-3.542973e+00,8.016804e+00,4.078560e+00,-1.325322e+00,-1.262125e+00,-3.866424e-01
2.790039e+00,8.362738e+00,3.982317e+00,-1.538226e+00,-9.510415e-01,-2.996927e-01
6.811564e+00,8.264156e+00,6.040931e-01,-1.593179e+00,-2.403964e-01,-1.226514e-01
3.454594e+00,7.922592e+00,-8.573403e-01,-1.684839e+00,-1.559784e-01,-6.769379e-02
-1.487742e-01,1.082687e+01,6.664436e-01,-2.200278e+00,-1.288445e+00,-1.474649e-01
-7.068183e-01,1.023920e+01,2.563955e+00,-2.665677e+00,-1.681631e+00,-1.391555e-01
6.110779e+00,1.336119e+01,-2.233348e+00,-3.267610e+00,-1.652618e+00,-6.597983e-02
6.627694e+00,2.250683e+01,-3.870859e+00,-3.548794e+00,-1.330736e+00,2.273214e-01
-4.097265e+00,2.120809e+01,1.217654e+01,-4.339172e+00,-1.959109e+00,6.407298e-01
-1.040465e+01,2.284175e+01,1.909447e+01,-4.602389e+00,-3.477095e+00,4.073858e-01
-4.979508e+00,1.281894e+01,1.819361e+01,-4.509272e+00,-3.732760e+00,1.125762e-01
6.086692e+00,2.005850e+00,1.541800e+01,-3.148635e+00,-1.731800e+00,4.856210e-01
8.514958e+00,9.346899e+00,8.416192e+00,-8.752555e-01,1.259902e+00,7.444366e-01
3.314459e+00,7.457365e+00,1.064146e+01,-5.837559e-01,1.727057e+00,4.508791e-01
2.551079e+00,2.386326e+00,8.688921e+00,1.182781e+00,1.031530e+00,-4.299000e-01
3.126621e+00,-4.276508e-01,8.523355e+00,2.504273e+00,9.666648e-01,-7.471748e-01
4.248383e+00,1.781435e-01,8.118383e+00,4.451170e+00,1.565978e+00,-1.031320e+00
4.480002e+00,9.882105e-02,9.214133e+00,5.179931e+00,1.834579e+00,-1.123959e+00
4.625454e+00,-6.172242e-01,1.164201e+01,6.222670e+00,1.635133e+00,-9.171934e-01
3.996476e+00,4.037300e-01,1.147730e+01,6.844879e+00,1.351737e+00,-9.030864e-01
3.752285e+00,1.020721e+00,1.315600e+01,7.822692e+00,7.494127e-01,-9.176525e-01
1.856441e-01,8.209730e+00,1.050547e+01,8.079210e+00,6.265505e-01,-8.167488e-01
-1.513610e+01,-5.534712e+00,6.432910e+00,6.928766e+00,8.364230e-02,-3.030509e-01
-1.119527e+01,-9.049855e+00,6.876683e+00,5.388570e+00,1.744188e-02,-2.752894e-01
8.337064e+00,-4.776938e+00,6.692821e+00,1.828401e+00,2.420019e+00,1.419698e-01
2.665256e+01,3.941000e+01,-8.066095e+00,-6.175629e-01,3.994232e+00,6.280832e-01
1.316466e+00,2.665019e+00,5.005131e+00,-3.716206e+00,2.935197e+00,7.870924e-01
-9.089985e+00,-9.256830e+00,1.065209e+01,-1.128607e+00,2.334848e+00,1.601911e+00
-2.625713e+00,1.351353e+01,1.145340e+01,-2.353993e+00,-1.155578e+00,-1.562916e+00
2.477641e+00,1.653599e+01,6.940297e+00,-3.410178e+00,8.811993e-01,3.726210e-01
-1.988085e-01,5.751044e+00,6.520895e+00,-2.562714e+00,6.476043e-01,-2.949857e-01
-4.552642e+00,7.892161e+00,5.809119e+00,-1.842761e+00,-1.311285e-01,-4.659394e-01
1.535339e-01,1.186807e+01,6.743266e+00,-1.731959e+00,-6.564838e-01,-2.125510e-01
2.137319e+00,9.822597e+00,5.339696e+00,-1.504639e+00,6.245034e-02,3.928761e-03
2.714993e+00,7.988160e+00,4.528173e+00,-1.223283e+00,5.421185e-01,5.554403e-02
2.968745e+00,9.120748e+00,4.032456e+00,-1.082766e+00,3.521843e-01,-4.078789e-02
8.364265e-01,8.196336e+00,3.383067e+00,-1.050258e+00,-2.428668e-01,-1.175007e-01
-1.928635e+00,8.488539e+00,3.281782e+00,-9.974311e-01,-7.483923e-01,-3.287541e-01
-8.201581e-01,8.050588e+00,3.798190e+00,-1.085786e+00,-1.245446e+00,-4.813713e-01
9.308023e-01,8.972478e+00,3.726684e+00,-1.132834e+00,-1.106100e+00,-4.244498e-01
2.031135e+00,7.840124e+00,-2.282391e-02,-1.219422e+00,-6.289237e-01,-1.980945e-01
2.733027e-01,8.178960e+00,-2.084811e+00,-1.327312e+00,-6.912025e-01,-1.555860e-01
-4.952959e-02,8.699882e+00,-4.169973e-01,-1.879864e+00,-1.229127e+00,-1.782701e-01
1.138387e-01,1.081335e+01,2.609065e+00,-2.366125e+00,-1.395176e+00,-1.013171e-01
7.151200e+00,1.111364e+01,5.880545e-01,-3.121180e+00,-1.465288e+00,-7.658119e-02
1.142565e+01,1.648851e+01,-3.848762e+00,-3.468697e+00,-1.234531e+00,1.408081e-01
2.062375e+00,2.160188e+01,7.696566e+00,-3.932468e+00,-1.346825e+00,2.849188e-01
-1.274466e+01,1.959514e+01,1.825588e+01,-4.535638e+00,-2.645722e+00,4.589921e-01
-1.656662e+01,2.272363e+01,2.026219e+01,-4.571144e+00,-5.488234e+00,-7.099499e-02
-2.483077e+00,4.145966e+00,1.998019e+01,-4.252892e+00,-3.985161e+00,-1.154885e-01
1.349398e+01,8.971591e+00,7.656591e+00,-1.283249e+00,7.400609e-01,9.202699e-01
1.072619e+01,8.688640e+00,7.611263e+00,-7.907818e-01,2.610779e+00,8.722664e-01
4.072381e+00,3.337337e+00,6.718073e+00,3.450370e-01,1.800412e+00,2.776175e-02
1.636068e+00,-2.744107e-03,6.718232e+00,1.711292e+00,7.082808e-01,-7.021220e-01
1.041873e+00,7.302563e-01,8.360513e+00,3.479362e+00,1.921406e-01,-1.365117e+00
1.163281e+00,2.085085e+00,9.969179e+00,4.194248e+00,6.476586e-01,-1.647519e+00
2.807577e+00,1.962625e+00,1.258298e+01,5.401261e+00,1.519186e+00,-1.495010e+00
3.772830e+00,9.311319e-01,1.385019e+01,6.076447e+00,1.800922e+00,-1.300503e+00
6.152602e+00,5.521834e-01,1.393241e+01,7.512060e+00,2.029380e+00,-9.995992e-01
5.732908e+00,2.265039e+00,1.118648e+01,8.104373e+00,1.851835e+00,-6.567784e-01
-3.370587e+00,1.486663e+00,8.660801e+00,7.978704e+00,1.157941e+00,-1.741655e-01
-1.442711e+01,-1.146199e+01,7.448724e+00,6.407678e+00,3.683610e-01,-5.692506e-02
-2.783879e+00,1.199743e+01,5.144719e-01,3.214642e+00,6.985717e-01,-2.963382e-01
2.603738e+01,3.617276e+01,-2.596462e+00,-3.821112e-02,2.801727e+00,7.399657e-01
3.642885e+00,-2.917905e-02,1.181968e+01,-3.118630e+00,5.811027e+00,2.880002e+00
6.665929e+00,-1.013288e+01,1.777169e+01,-2.903777e+00,2.955286e+00,5.995418e-01
-2.280792e+00,1.497209e+01,1.257725e+01,-2.607487e+00,-3.000880e-01,-1.448629e+00
-1.802616e+01,1.847952e+01,1.277167e+01,-3.314563e+00,-2.089501e+00,-4.652798e-01
-3.240800e+00,6.117151e+00,7.382733e+00,-1.852203e+00,-1.923928e+00,-8.005243e-01
4.103974e+00,5.146101e+00,7.144974e+00,-1.416059e+00,5.208345e-01,3.410260e-01
1.364493e+01,1.249303e+01,5.264187e+00,-6.355373e-01,3.636565e+00,1.158429e+00
7.286899e+00,9.090244e+00,4.522249e+00,-7.825899e-01,3.214593e+00,8.832695e-01
1.803094e+00,1.009457e+01,3.720884e+00,-5.702696e-01,3.867251e-01,2.010562e-01
-4.896606e-02,1.033048e+01,3.060597e+00,-5.403440e-01,-6.220864e-01,-2.047995e-01
-1.137621e+00,7.187548e+00,1.719530e+00,-6.093010e-01,-1.034758e+00,-3.637454e-01
-2.865270e+00,6.761192e+00,1.748507e+00,-6.836188e-01,-9.062069e-01,-3.237474e-01
-6.134200e-01,7.730926e+00,2.503773e+00,-9.584554e-01,-8.292337e-01,-1.799092e-01
1.651309e+00,7.574199e+00,2.030313e+00,-1.089553e+00,-6.696268e-01,-1.068641e-01
1.782579e+00,6.453830e+00,-1.829284e+00,-1.278224e+00,-2.834185e-01,4.867975e-02
1.448446e+00,7.696458e+00,-3.748789e+00,-1.478380e+00,-4.032775e-01,2.829785e-02
1.649474e+00,9.113519e+00,-6.965316e-01,-2.055692e+00,-8.505502e-01,4.942513e-02
1.865739e-01,9.453836e+00,7.067936e-01,-2.567529e+00,-1.079847e+00,2.685913e-02
4.200371e+00,1.245925e+01,-1.079825e+00,-3.412251e+00,-1.690515e+00,-7.249335e-02
7.739789e+00,2.513238e+01,-4.320935e+00,-3.785623e+00,-1.676409e+00,1.492581e-01
-6.221907e+00,2.284370e+01,1.409459e+01,-4.533110e+00,-2.310786e+00,5.824221e-01
-1.786408e+01,2.676971e+01,2.178702e+01,-4.665032e+00,-4.168591e+00,8.716575e-01
1.631803e+00,5.257801e+00,1.895063e+01,-4.251837e+00,-3.655054e+00,-2.076706e-01
8.439511e+00,1.741560e+00,1.453779e+01,-2.634675e+00,-1.300662e+00,2.626687e-01
1.146065e+01,9.470547e+00,8.580298e+00,-4.939095e-01,2.370419e+00,6.335936e-01
6.127182e+00,6.887692e+00,7.977480e+00,-4.661072e-01,2.578807e+00,7.486376e-02
4.549461e-01,1.762520e+00,7.481919e+00,1.665881e+00,7.723053e-01,-7.574547e-01
6.071232e-01,-4.884872e-01,9.024872e+00,2.891024e+00,1.987212e-01,-1.230806e+00
3.068075e+00,1.785969e+00,9.592638e+00,4.512844e+00,1.082133e+00,-1.660282e+00
3.716033e+00,2.235825e+00,1.068238e+01,5.101014e+00,1.606729e+00,-1.609858e+00
4.388811e+00,2.361123e-01,1.214547e+01,6.452474e+00,1.937091e+00,-1.007761e+00
4.807521e+00,5.300422e-01,1.336605e+01,7.322442e+00,1.789930e+00,-7.532764e-01
3.648284e+00,3.596547e+00,1.068670e+01,8.114402e+00,1.497953e+00,-4.694293e-01
-4.683640e-01,4.880564e+00,8.607788e+00,8.087012e+00,1.426552e+00,-3.785824e-01
-1.200496e+01,-1.130372e+01,7.762886e+00,6.132954e+00,7.029887e-01,-1.443353e-01
-4.270655e+00,2.131300e+00,4.641899e+00,3.862301e+00,8.793041e-01,-5.128716e-01
2.514972e+01,3.473585e+01,1.828297e+00,-9.101717e-01,2.699615e+00,6.098526e-01
1.790093e+00,7.370522e+00,1.547666e+01,-3.098991e+00,3.729301e+00,1.242631e+00
1.341748e+01,-1.043280e+01,1.795585e+01,-3.415214e+00,1.888175e+00,8.145843e-03
4.219342e+00,9.578913e+00,1.170833e+01,-2.924051e+00,6.006448e-01,-1.549937e+00
-1.751756e+01,1.950762e+01,1.276494e+01,-2.797239e+00,-1.490149e+00,-4.708801e-01
-8.619572e+00,9.123394e+00,6.924559e+00,-2.171457e+00,-1.873179e+00,-4.716982e-01
2.988884e+00,5.031786e+00,5.057249e+00,-9.395947e-01,5.649588e-01,5.808029e-02
1.059387e+01,1.340810e+01,4.047583e+00,-2.525125e-01,2.569341e+00,6.473609e-01
5.110133e+00,8.993538e+00,2.470332e+00,-3.911128e-01,2.520660e+00,4.554399e-01
2.746697e+00,9.389055e+00,1.435537e+00,-2.708428e-01,1.223087e+00,2.329623e-01
-2.793089e-01,9.132056e+00,-1.156454e+00,-2.666481e-01,-7.336472e-01,-4.516876e-01
-3.272073e+00,6.288518e+00,-1.675713e+00,-4.492525e-01,-1.185564e+00,-5.531532e-01
-5.416592e+00,5.266127e+00,4.577250e-01,-8.694639e-01,-1.469539e+00,-5.557025e-01
-2.388732e+00,7.714636e+00,2.194636e+00,-1.185376e+00,-1.500029e+00,-4.914467e-01
1.793139e+00,9.265328e+00,3.518224e+00,-1.712880e+00,-8.097181e-01,-2.002261e-01
2.913254e+00,8.686636e+00,2.765628e+00,-1.823836e+00,-5.418206e-01,-1.890880e-01
2.072526e+00,7.430773e+00,3.646397e-01,-1.921489e+00,-6.548451e-01,-2.434603e-01
2.781346e+00,9.046743e+00,-8.195434e-01,-2.026926e+00,-9.210035e-01,-2.724929e-01
1.380032e+00,9.800406e+00,1.891198e+00,-2.634369e+00,-1.250696e+00,-2.095601e-01
4.412189e+00,1.079562e+01,2.614993e+00,-3.063096e+00,-1.521135e+00,-2.465301e-01
2.106036e+01,1.516870e+01,-6.369959e+00,-3.573669e+00,-1.471031e+00,-3.460182e-02
1.648596e+01,1.783949e+01,-3.597301e+00,-3.829376e+00,-1.171080e+00,2.293232e-01
-1.529161e+01,2.225195e+01,2.359933e+01,-4.962432e+00,-3.393384e+00,1.553104e-01
-2.679163e+01,2.777671e+01,2.332868e+01,-5.044263e+00,-6.571616e+00,-4.757250e-01
-2.556068e+00,-4.433159e-01,2.200968e+01,-4.582231e+00,-4.757850e+00,2.236441e-01
6.604286e+00,-4.442512e-01,1.921260e+01,-2.164085e+00,-1.301380e+00,1.841071e+00
1.398841e+01,9.323211e+00,8.994004e+00,-2.149682e-01,4.333135e+00,2.287314e+00
1.123029e+01,3.678319e+00,6.592516e+00,1.734523e-01,4.166120e+00,1.957887e+00
5.617863e+00,-1.047275e-01,6.182921e+00,2.554620e+00,1.965986e+00,8.894293e-01
2.876711e+00,-1.003713e+00,8.132404e+00,3.622503e+00,4.896978e-01,3.304824e-01
2.059118e+00,1.179953e+00,1.039279e+01,4.912007e+00,-7.224540e-01,-6.192455e-01
2.316752e+00,1.016460e+00,1.340558e+01,5.535325e+00,-5.002599e-01,-1.033802e+00
2.817053e+00,5.977684e-01,1.216967e+01,6.736852e+00,-6.841317e-02,-1.200075e+00
2.130709e+00,5.219059e-01,1.377661e+01,7.445577e+00,3.755215e-01,-1.294328e+00
4.366340e-01,5.032901e+00,1.215881e+01,8.038818e+00,1.104543e+00,-1.190429e+00
6.463050e-02,5.746237e-01,7.952659e+00,7.839689e+00,1.245022e+00,-8.821599e-01
-5.585029e-01,-1.109849e+01,2.394146e+00,5.655713e+00,1.576654e+00,5.790326e-02
5.131835e+00,-7.452882e+00,4.741788e+00,3.678103e+00,1.530069e+00,-3.279654e-01
2.236389e+01,3.848823e+01,-2.120869e+00,-1.125335e+00,1.657779e+00,2.267065e-01
-2.211487e+00,1.593672e+01,1.007800e+01,-3.818823e+00,1.415203e+00,6.772749e-01
2.696204e+00,-2.955878e+00,1.484686e+01,-3.035004e+00,-5.346810e-01,-5.867188e-01
1.252688e+00,1.064589e+01,1.044886e+01,-2.930717e+00,-6.199075e-01,-1.796985e+00
-9.782611e+00,1.448393e+01,1.083743e+01,-2.725908e+00,1.274759e-01,1.675930e-01
-6.419170e+00,1.194958e+01,9.367461e+00,-1.964641e+00,-4.969803e-01,-1.252208e-02
4.081438e+00,6.805134e+00,7.310421e+00,-1.174507e+00,1.192022e+00,4.583082e-01
9.369353e+00,1.158689e+01,6.455560e+00,-8.082178e-01,2.267280e+00,8.748042e-01
8.746932e+00,1.060029e+01,4.395693e+00,-6.543340e-01,2.453878e+00,6.638705e-01
4.493352e+00,8.392090e+00,3.816676e+00,-5.800657e-01,1.581368e+00,5.461190e-01
1.553611e+00,8.540283e+00,2.188662e+00,-3.995080e-01,-1.875355e-01,-7.878066e-02
-1.130445e+00,7.641357e+00,1.269807e+00,-4.813581e-01,-7.480802e-01,-2.380503e-01
-4.873649e+00,7.049093e+00,2.020948e+00,-7.097599e-01,-1.361820e+00,-3.366171e-01
6.740641e-01,7.526652e+00,3.545663e+00,-8.721375e-01,-1.423938e+00,-3.251258e-01
2.540000e+00,9.202000e+00,3.760000e+00,-1.087509e+00,-5.964577e-01,-4.500225e-02
8.272441e-01,8.693470e+00,4.472821e-01,-1.172199e+00,-3.610215e-01,5.729786e-02
7.102123e-01,9.055684e+00,-4.736860e+00,-1.327261e+00,-6.973069e-01,1.110409e-01
3.180339e+00,8.035609e+00,-4.428722e+00,-1.637790e+00,-9.493348e-01,2.061947e-01
5.480581e+00,1.155717e+01,-7.585197e-01,-2.370368e+00,-9.694543e-01,1.233884e-01
4.308442e+00,1.836907e+01,-4.107360e+00,-3.004992e+00,-1.100896e+00,1.218476e-01
-3.789082e-01,2.374073e+01,2.514773e+00,-3.958745e+00,-1.419997e+00,5.397504e-01
-9.023201e+00,2.499254e+01,1.677491e+01,-4.343308e+00,-2.308159e+00,1.076854e+00
-6.393990e+00,1.857968e+01,1.739229e+01,-4.229941e+00,-2.971592e+00,8.146547e-01
-6.672833e-01,3.170329e+00,1.836755e+01,-3.645075e+00,-2.084116e+00,8.796126e-01
2.580139e+00,5.720317e+00,1.248583e+01,-6.477184e-01,6.925614e-01,1.844725e+00
2.609528e+00,8.720444e+00,1.145557e+01,-1.929537e-01,1.801746e+00,1.238708e+00
1.451662e+00,3.908364e+00,9.430825e+00,8.454775e-01,1.863312e+00,1.042306e+00
2.177946e+00,8.820165e-01,8.122248e+00,2.058661e+00,1.584786e+00,7.185337e-01
1.898167e+00,-1.337278e+00,9.532553e+00,4.051546e+00,1.153433e+00,1.295923e-01
7.183923e-01,-9.848489e-01,1.011534e+01,5.151627e+00,9.686589e-01,-1.260233e-01
-1.594787e+00,1.695325e-01,1.331972e+01,6.274262e+00,5.942564e-01,-3.399911e-01
-9.361778e-01,4.057828e-01,1.439616e+01,6.775808e+00,5.900171e-01,-6.011797e-01
2.061945e+00,3.323254e+00,1.252640e+01,7.571595e+00,1.219839e+00,-8.953213e-01
2.953063e+00,8.449411e+00,1.034972e+01,7.840391e+00,2.173805e+00,-9.814796e-01
-2.089540e+00,-2.462620e+00,4.794614e+00,7.036996e+00,3.184420e+00,-7.416533e-01
-6.651533e+00,-5.986634e+00,4.592939e+00,5.454992e+00,2.741577e+00,-5.051157e-01
-2.242507e+00,-5.019330e+00,9.174516e+00,2.218918e+00,2.078602e+00,-4.353586e-01
9.140361e+00,3.153228e+01,-1.875914e+00,3.938350e-01,2.290611e+00,-2.894020e-01
1.305911e+01,2.182680e+00,4.221131e+00,-3.289563e+00,3.322542e+00,2.766523e-01
-3.952870e-01,-3.853058e+00,1.502115e+01,-1.857287e+00,4.757422e+00,2.141135e+00
3.219947e+00,1.215756e+01,8.282737e+00,-3.194713e+00,9.155860e-01,-1.373180e+00
1.083823e+00,1.080365e+01,1.071664e+01,-3.614235e+00,8.190327e-01,-2.518376e-01
-1.138699e+01,1.311868e+01,9.167794e+00,-2.093462e+00,-1.371219e+00,-8.472563e-01
-5.341146e+00,8.414197e+00,7.036375e+00,-1.860752e+00,-1.869671e+00,-1.206512e+00
5.678963e+00,1.121590e+01,6.001649e+00,-9.847088e-01,5.692531e-01,1.327905e-01
8.827089e+00,9.663977e+00,4.601857e+00,-8.355372e-01,1.824324e+00,3.291641e-01
4.728076e+00,9.065544e+00,4.021658e+00,-5.937154e-01,1.682362e+00,3.403754e-01
7.468712e-01,9.449949e+00,3.489496e+00,-5.381944e-01,6.293299e-01,4.801814e-02
-2.401922e+00,7.547968e+00,1.311076e+00,-5.296899e-01,-1.062222e+00,-4.858741e-01
-2.204675e+00,6.712857e+00,8.857173e-02,-5.644055e-01,-1.230727e+00,-5.689304e-01
-1.808957e+00,7.598461e+00,1.966359e+00,-9.028563e-01,-9.385987e-01,-4.046874e-01
-1.295076e+00,9.433096e+00,3.142257e+00,-1.119177e+00,-8.513585e-01,-4.359637e-01
2.334668e+00,7.128054e+00,-1.844142e+00,-1.323571e+00,-7.359748e-01,-3.900046e-01
3.759410e+00,7.800060e+00,-3.813002e+00,-1.444387e+00,-6.184062e-01,-3.198789e-01
3.564185e+00,9.508639e+00,-1.218763e+00,-2.159313e+00,-8.650945e-01,-2.372857e-01
2.266051e+00,1.273819e+01,1.391917e+00,-2.713307e+00,-1.177791e+00,-3.064073e-01
1.599398e+01,1.501110e+01,-5.117291e+00,-3.451406e+00,-1.352815e+00,-1.033387e-02
1.264868e+01,2.044818e+01,-5.748574e+00,-3.656621e+00,-1.224487e+00,2.168129e-01
-1.068598e+01,1.939781e+01,1.403507e+01,-4.489234e+00,-3.289072e+00,2.819585e-01
-1.507416e+01,3.156529e+01,2.034647e+01,-4.670903e+00,-5.221362e+00,-3.195200e-01
-9.385233e+00,1.236455e+01,1.544768e+01,-4.177079e+00,-3.093460e+00,3.018960e-01
2.317145e+00,1.353698e-01,1.643579e+01,-2.416875e+00,-1.311190e+00,8.490017e-01
9.210328e+00,8.020040e+00,1.081105e+01,-3.305199e-01,2.475711e+00,1.128482e+00
7.101450e+00,7.499185e+00,9.315185e+00,-4.519931e-01,2.528628e+00,6.978493e-01
3.293709e+00,4.268738e+00,5.971415e+00,1.542145e+00,1.352331e+00,2.699214e-01
1.198030e+00,2.571695e+00,6.895683e+00,2.575080e+00,7.489440e-01,3.449899e-03
8.611230e-01,-1.830223e+00,8.198456e+00,4.100207e+00,4.843507e-01,-4.747545e-01
2.459514e+00,9.967553e-01,8.389514e+00,4.936894e+00,9.784193e-01,-7.754245e-01
4.459788e+00,2.030241e+00,1.290575e+01,5.649251e+00,1.424354e+00,-6.397695e-01
4.310845e+00,8.050703e-01,1.249028e+01,6.315430e+00,1.346722e+00,-4.949766e-01
3.998328e+00,-2.058267e+00,1.431702e+01,7.604333e+00,9.109779e-01,-3.972987e-01
2.374518e+00,5.796858e-01,1.107737e+01,7.812074e+00,6.646165e-01,-4.117285e-01
5.240778e-01,-2.754474e+00,1.026787e+01,6.059084e+00,6.416075e-02,-5.774853e-01
-3.018232e+00,-1.315587e+01,9.271124e+00,4.136004e+00,-8.695849e-02,-1.229394e+00
4.270511e+00,3.902916e+01,-2.334676e+00,2.989160e-01,-1.213577e+00,-1.621471e+00
-1.609859e+01,3.098237e+01,2.148255e+01,-2.474102e+00,-7.502710e-01,-4.538003e-01
9.219687e+00,-1.007324e+01,1.438521e+01,-3.138454e+00,1.394835e+00,7.111788e-01
1.677841e+01,2.300294e+00,9.910529e+00,-2.364520e+00,4.278312e+00,2.908566e-01
1.591029e+01,2.155056e+01,6.953894e+00,-2.461657e+00,3.435987e+00,1.193939e+00
-3.148056e+00,9.132260e+00,9.145788e+00,-1.761417e+00,6.636394e-01,5.027185e-02
-1.098796e+01,8.596295e+00,6.253074e+00,-9.736486e-01,-2.572423e+00,-1.261980e+00
-6.322827e+00,1.080204e+01,6.692158e+00,-9.607076e-01,-1.557960e+00,-7.072530e-01
7.962216e-01,1.108447e+01,3.367481e+00,-5.384771e-01,4.652988e-01,1.384604e-02
7.800530e+00,7.465238e+00,2.584871e-01,-4.085848e-01,1.548689e+00,3.779869e-01
7.373127e+00,8.937027e+00,-8.426640e-01,-2.638748e-01,1.285797e+00,3.062151e-01
1.539807e+00,9.328470e+00,4.004739e-01,-5.979994e-01,9.004596e-02,-6.089331e-02
-5.750554e+00,8.820652e+00,3.619061e+00,-1.181519e+00,-2.077132e+00,-7.301166e-01
-6.482364e+00,9.692375e+00,4.440177e+00,-1.359240e+00,-2.321015e+00,-7.820635e-01
2.009155e-02,8.317928e+00,3.306556e+00,-1.436218e+00,-1.391068e+00,-4.045045e-01
2.458688e+00,7.613461e+00,-5.920642e-01,-1.336056e+00,-6.550411e-01,-2.377132e-01
1.165649e+00,9.429440e+00,-2.820880e+00,-1.633457e+00,-7.364702e-01,-1.719857e-01
6.736483e-01,9.521456e+00,-4.508975e-01,-2.114718e+00,-1.161320e+00,-2.369642e-01
2.067720e+00,1.309342e+01,3.751520e+00,-2.991469e+00,-1.418137e+00,-2.930964e-01
9.754394e+00,1.245113e+01,2.892366e+00,-3.558071e+00,-1.189952e+00,-3.517676e-02
1.586621e+01,2.091806e+01,-5.913634e+00,-3.842513e+00,-7.119775e-01,1.970127e-01
-2.954725e+00,1.732808e+01,1.193638e+01,-4.353200e+00,-1.616276e+00,3.590970e-01
-1.905569e+01,2.835542e+01,1.977027e+01,-4.639004e+00,-5.853405e+00,-2.823316e-01
-1.519754e+01,2.051833e+01,1.667074e+01,-4.589840e+00,-5.028207e+00,-3.235027e-01
3.132637e+00,6.763995e-02,1.455424e+01,-1.275446e+00,-2.535843e-01,1.187255e+00
7.945073e+00,8.918181e+00,9.962638e+00,-6.843156e-02,2.044401e+00,1.520420e+00
6.042160e+00,8.844770e+00,9.987876e+00,-4.111415e-01,2.964056e+00,1.348377e+00
4.369085e+00,3.561973e+00,7.246145e+00,1.354562e+00,1.956644e+00,8.804017e-01
2.241458e+00,-9.336943e-01,8.248542e+00,3.459513e+00,8.915951e-01,3.061167e-01
1.413727e+00,-7.700400e-01,8.023855e+00,4.185222e+00,4.423059e-01,9.718174e-02
-1.985070e-01,2.215158e+00,9.810905e+00,5.094843e+00,2.802280e-01,-4.608704e-01
-2.124353e-01,1.131531e+00,1.283077e+01,5.747415e+00,3.323765e-01,-5.266667e-01
6.626583e-01,8.240859e-01,1.383631e+01,6.908548e+00,5.929695e-01,-6.479938e-01
3.795156e+00,-3.215077e-01,1.436716e+01,7.527528e+00,8.052312e-01,-6.885167e-01
3.009093e+00,1.249117e+00,8.993160e+00,8.052779e+00,1.346752e+00,-6.870901e-01
-3.241646e+00,-2.677194e+00,1.001666e+01,7.141791e+00,1.071804e+00,-6.988052e-01
-4.429575e+00,-1.427137e+01,1.007591e+01,3.643182e+00,6.620491e-02,-1.130961e+00
1.493462e+00,1.313985e+01,-4.241813e+00,9.411994e-01,2.583855e-01,-9.818991e-01
1.401273e+01,3.752913e+01,1.060586e+01,-3.414044e+00,1.390219e+00,3.284240e-01
-5.455966e+00,-4.235231e+00,1.889370e+01,-3.031403e+00,3.170945e+00,2.556590e+00
9.660762e+00,4.587411e+00,1.056959e+01,-2.836199e+00,1.199249e+00,-1.498550e+00
7.628036e+00,1.631985e+01,9.046182e+00,-2.650518e+00,2.289194e+00,-5.193034e-02
-8.536750e+00,1.726737e+01,1.114506e+01,-1.983106e+00,-3.858690e-01,6.929829e-02
-4.526844e+00,6.435022e+00,5.503639e+00,-1.249410e+00,-1.426959e+00,-9.083294e-01
1.099203e+00,9.032064e+00,5.917050e+00,-6.929490e-01,4.937144e-01,3.085873e-01
8.496484e+00,1.405927e+01,3.374318e+00,-4.476461e-01,1.441837e+00,3.366874e-01
4.505361e+00,8.563949e+00,1.682306e+00,-5.469613e-01,1.618410e+00,6.113485e-01
2.021143e+00,8.413594e+00,1.212684e+00,-3.715787e-01,4.067327e-01,8.273459e-02
-2.973334e+00,8.110975e+00,5.760160e-01,-5.641055e-01,-8.857670e-01,-3.607508e-01
-3.853779e+00,6.304731e+00,5.107449e-01,-7.886347e-01,-1.233887e+00,-4.489233e-01
-2.412268e+00,6.510530e+00,2.171242e+00,-1.163286e+00,-1.027257e+00,-3.060178e-01
5.381519e-01,7.590372e+00,4.716483e+00,-1.348102e+00,-7.754678e-01,-2.493414e-01
3.527129e+00,8.719022e+00,9.048347e-01,-1.507911e+00,-5.444927e-01,-2.598835e-01
3.528642e+00,9.147752e+00,-2.811170e+00,-1.598300e+00,-6.686829e-01,-2.644369e-01
2.204392e+00,9.828629e+00,-2.400249e+00,-2.026915e+00,-1.183734e+00,-2.204371e-01
1.239885e+00,1.201318e+01,-1.174366e+00,-2.549257e+00,-1.557483e+00,-3.236768e-01
6.983482e+00,1.614708e+01,-3.859152e+00,-3.454576e+00,-1.662992e+00,-5.514039e-02
4.419634e+00,2.306770e+01,-2.039170e+00,-3.790535e+00,-1.421593e+00,3.070602e-01
-5.769981e+00,2.045742e+01,1.422973e+01,-4.531078e+00,-2.228858e+00,9.551487e-01
-1.048057e+01,2.794328e+01,1.922244e+01,-4.543455e+00,-3.957375e+00,4.414685e-01
-5.020279e+00,9.382311e+00,1.847389e+01,-4.227831e+00,-2.346634e+00,7.555923e-02
4.634389e+00,3.434137e+00,1.327352e+01,-1.772032e+00,-3.680648e-01,5.342260e-01
6.390543e+00,1.078252e+01,9.749886e+00,-1.310780e+00,1.973728e+00,3.669892e-01
5.022193e+00,7.997125e+00,8.775891e+00,-8.281844e-01,1.947434e+00,3.004370e-01
2.482893e+00,2.167914e+00,7.444872e+00,1.684846e+00,1.155729e+00,-3.026467e-01
2.793268e+00,-1.798046e-01,8.094484e+00,3.083129e+00,8.361242e-01,-6.544036e-01
2.343025e+00,1.328691e+00,8.584786e+00,4.301442e+00,1.215337e+00,-9.022177e-01
1.665512e+00,2.318491e+00,9.274488e+00,4.850293e+00,1.360309e+00,-9.242223e-01
2.995206e+00,8.884866e-01,1.182710e+01,6.041343e+00,1.368398e+00,-6.256543e-01
5.359725e+00,2.369619e-02,1.292100e+01,6.982442e+00,1.482751e+00,-4.611741e-01
7.886291e+00,-8.257002e-01,1.382196e+01,7.941506e+00,1.471820e+00,-2.903269e-01
2.990512e+00,1.109127e+00,1.113501e+01,8.122953e+00,1.210757e+00,-1.903898e-01
-1.508236e+01,-9.236773e+00,1.107304e+01,6.497320e+00,-8.707546e-01,-1.867566e-01
-6.910566e+00,-1.390995e+01,1.110034e+01,3.908729e+00,-6.673791e-01,-5.318313e-01
2.929882e+01,3.591722e+01,5.773213e+00,-1.162006e+00,2.503345e+00,7.623606e-01
1.229420e+01,2.423162e+01,8.080357e+00,-3.946180e+00,3.975527e+00,1.260409e+00
9.931287e+00,-1.512294e+01,1.595792e+01,-3.259898e+00,1.401336e+00,-5.332751e-03
1.760482e+00,8.201784e+00,1.067206e+01,-2.651331e+00,-6.144027e-01,-2.211501e+00
-1.315656e+01,1.927428e+01,1.411098e+01,-3.069384e+00,-1.596588e+00,1.231002e-01
-5.074133e+00,1.369965e+01,7.869645e+00,-2.122581e+00,-2.230790e+00,-4.904343e-01
9.342867e-01,5.155533e+00,4.963342e+00,-1.246973e+00,5.167897e-01,2.562739e-01
6.170219e+00,1.224682e+01,5.417871e+00,-4.931777e-01,1.352182e+00,4.694913e-01
2.240376e-01,9.431775e+00,4.239187e+00,-6.809380e-01,8.826569e-01,1.883490e-01
-3.009784e+00,9.329604e+00,4.338237e+00,-4.361273e-01,-2.172083e-01,1.984909e-03
-3.800171e+00,9.423652e+00,3.179036e+00,-3.486670e-01,-9.291327e-01,-3.406950e-01
-4.408066e-01,8.314463e+00,-1.773828e-01,-3.121678e-01,-5.111158e-01,-2.050854e-01
6.862387e-01,6.420196e+00,-6.073747e-01,-4.801928e-01,1.358966e-01,-2.959875e-02
9.125606e-02,6.581523e+00,1.180158e+00,-7.547415e-01,-2.083176e-02,-1.346138e-01
1.258406e+00,8.870504e+00,2.992642e+00,-1.194659e+00,-5.080458e-01,-2.928249e-01
1.977352e+00,7.275223e+00,1.154826e+00,-1.373883e+00,-6.547984e-01,-3.303863e-01
2.379066e+00,7.551736e+00,-1.234298e+00,-1.604493e+00,-8.322706e-01,-2.986770e-01
3.260327e+00,1.011071e+01,-1.782740e+00,-1.881795e+00,-1.038862e+00,-2.218014e-01
9.654044e-01,1.080105e+01,6.186300e-01,-2.649841e+00,-1.399279e+00,-2.226915e-01
4.598156e+00,1.370509e+01,1.143655e+00,-3.109138e+00,-1.604525e+00,-1.588647e-01
8.126022e+00,2.060130e+01,-5.378594e+00,-3.615410e+00,-1.297429e+00,3.170293e-01
-3.636218e+00,1.705507e+01,9.381659e+00,-3.901566e+00,-1.642262e+00,4.892633e-01
-8.789431e+00,2.442904e+01,1.704844e+01,-4.481438e+00,-4.250996e+00,8.454418e-02
-1.009871e+01,2.297160e+01,1.768240e+01,-4.656071e+00,-3.713661e+00,-1.179333e-01
1.994505e+00,2.105823e-02,1.584637e+01,-2.698785e+00,-1.155504e+00,4.964537e-01
7.439283e+00,7.582901e+00,9.977503e+00,-1.210530e+00,8.849129e-01,8.906268e-01
5.800974e+00,8.435896e+00,9.370142e+00,-1.427129e+00,2.158065e+00,5.465087e-01
3.783399e+00,4.404129e+00,7.136488e+00,-3.046686e-04,1.670577e+00,2.429753e-01
2.869674e+00,1.206085e+00,6.947697e+00,2.020789e+00,1.238768e+00,-2.555559e-01
3.055780e+00,-1.036524e+00,7.235362e+00,3.143900e+00,1.156004e+00,-4.572553e-01
3.016297e+00,1.195189e+00,7.648918e+00,4.373334e+00,1.468997e+00,-6.645433e-01
2.931600e+00,9.881977e-01,8.459405e+00,4.876308e+00,1.478487e+00,-5.589196e-01
4.409033e+00,4.143555e-04,1.197728e+01,6.090594e+00,1.170003e+00,-4.178786e-01
5.192944e+00,7.459645e-01,1.297623e+01,6.795408e+00,9.814978e-01,-4.226170e-01
2.333386e+00,-1.497542e+00,1.390221e+01,7.714015e+00,4.145013e-01,-3.790068e-01
-3.768664e+00,2.443474e+00,1.332132e+01,8.097816e+00,-8.012945e-02,-5.439770e-01
-9.319885e+00,-1.485721e+01,1.095425e+01,5.785750e+00,-6.314307e-01,-2.767217e-01
-8.617969e+00,-1.523157e+01,1.093706e+01,3.564343e+00,1.373944e-01,-2.652050e-01
2.185861e+01,3.939342e+01,5.798792e+00,-1.060949e+00,2.059220e+00,5.283044e-01
1.121687e+01,1.976708e+01,1.126430e+01,-4.268889e+00,4.011448e+00,1.778429e+00
1.158396e+01,-6.568335e+00,1.104363e+01,-1.705935e+00,1.846037e+00,-6.241005e-01
6.170461e+00,1.471262e+01,1.021780e+01,-1.845702e+00,7.738583e-01,-1.540518e+00
-1.479601e+01,2.029516e+01,1.271626e+01,-2.932886e+00,-1.632189e+00,-1.408704e-01
-1.383981e+01,1.310388e+01,8.190042e+00,-1.655348e+00,-3.489806e+00,-1.423417e+00
-3.593201e+00,5.766131e+00,6.146153e+00,-7.258946e-01,-3.795719e-01,4.163505e-02
7.262004e+00,1.448677e+01,5.034396e+00,-1.902654e-01,1.511277e+00,4.695351e-01
9.845848e+00,1.054965e+01,2.359907e+00,-4.528141e-01,2.780204e+00,9.773920e-01
7.551218e+00,7.824234e+00,-2.725788e-01,-1.555418e-01,1.918894e+00,6.742063e-01
-1.471123e+00,7.977360e+00,-2.870914e-01,-3.884771e-01,-4.073818e-01,-1.930387e-01
-6.087793e+00,6.376641e+00,-1.612559e-01,-6.976070e-01,-1.579578e+00,-5.651340e-01
-6.193275e+00,6.941881e+00,2.999397e+00,-1.120200e+00,-1.932138e+00,-6.085092e-01
1.822238e+00,9.053565e+00,4.943317e+00,-1.321327e+00,-1.300777e+00,-3.600130e-01
6.631890e+00,9.624726e+00,2.171336e+00,-1.401191e+00,2.037707e-02,-4.326915e-02
3.091528e+00,7.035378e+00,-1.726481e+00,-1.462203e+00,-1.334115e-01,-4.902053e-02
2.400769e+00,1.046759e+01,-3.669488e+00,-1.863281e+00,-1.165956e+00,-9.806537e-02
3.093986e-01,1.122817e+01,-4.488027e-01,-2.323943e+00,-1.414730e+00,-7.920281e-03
2.975844e+00,1.245892e+01,7.958214e-01,-3.195457e+00,-1.684813e+00,2.990369e-02
9.271124e+00,1.496011e+01,-5.211804e+00,-3.636402e+00,-1.670639e+00,1.995342e-01
-1.653083e+00,1.797246e+01,6.526132e+00,-4.097124e+00,-1.732526e+00,5.244512e-01
-4.688717e+00,2.087622e+01,1.449663e+01,-4.594038e+00,-3.118600e+00,6.090607e-01
-8.086109e+00,2.604964e+01,1.982307e+01,-4.886328e+00,-3.667424e+00,1.284826e-01
-2.700100e+00,7.604194e+00,1.825019e+01,-4.156797e+00,-2.209570e+00,2.630735e-01
4.663180e+00,4.699759e+00,1.232848e+01,-1.333345e+00,2.815717e-01,9.353358e-01
4.672400e+00,1.035551e+01,1.095370e+01,-1.256052e+00,1.448124e+00,6.580794e-01
2.793996e+00,5.512750e+00,8.398591e+00,-2.854629e-01,1.727679e+00,6.165737e-01
2.207739e+00,2.934548e+00,7.327739e+00,1.452847e+00,1.444662e+00,1.026831e-01
2.960557e+00,-1.046192e+00,8.613096e+00,3.468475e+00,1.310316e+00,-4.087541e-01
3.462170e+00,5.847884e-01,7.768714e+00,4.325872e+00,1.497174e+00,-6.956643e-01
2.624366e+00,1.864366e+00,9.512537e+00,5.199642e+00,1.469452e+00,-8.564481e-01
2.625449e+00,6.706659e-01,1.230031e+01,5.796110e+00,1.228850e+00,-8.332960e-01
2.934915e+00,-9.020327e-03,1.398895e+01,6.993744e+00,8.666698e-01,-9.220273e-01
5.046402e+00,-1.847590e+00,1.463518e+01,7.811860e+00,7.801916e-01,-9.527159e-01
-1.418186e+00,2.432516e+00,1.151618e+01,8.071714e+00,9.259100e-01,-8.607267e-01
-8.322999e+00,-9.852186e+00,1.225804e+01,6.919460e+00,2.773065e-01,-5.232506e-01
-7.123825e+00,-1.465524e+01,7.883108e+00,3.533256e+00,2.919963e-01,-5.156923e-01
2.097726e+01,3.895709e+01,2.216398e+00,-5.262806e-02,1.579218e+00,1.767902e-01
-7.892228e-01,-1.529656e+00,1.302670e+01,-4.476518e+00,4.356013e+00,3.085485e+00
5.105614e+00,-1.261878e+01,1.271609e+01,-2.826485e+00,2.528661e+00,1.251947e+00
6.975265e+00,1.378923e+01,1.056787e+01,-1.966393e+00,1.070855e+00,-7.802147e-01
-2.810550e+00,1.939570e+01,1.053951e+01,-2.588875e+00,1.216909e-01,5.395377e-01
-4.604542e+00,7.535723e+00,8.221269e+00,-1.436715e+00,-8.785045e-01,-4.302562e-01
4.014504e+00,6.599465e+00,4.529916e+00,-8.780587e-01,3.527883e-01,-2.187885e-03
4.421621e+00,1.257177e+01,3.285216e+00,-4.799504e-01,1.699207e+00,4.393168e-01
2.443995e+00,1.065846e+01,2.317932e+00,-5.429518e-01,9.929460e-01,1.624600e-01
-2.056165e-01,9.479045e+00,2.170413e+00,-4.216640e-01,-1.292011e-01,-2.829931e-02
1.549794e-01,9.686801e+00,1.617167e+00,-4.792458e-01,-3.750547e-01,-1.944358e-01
7.768483e-01,8.890389e+00,8.182587e-01,-6.649094e-01,-2.945104e-01,-1.511111e-01
-9.640169e-01,7.521674e+00,1.571590e+00,-8.818515e-01,-3.906824e-01,-1.629702e-01
1.194081e+00,7.313773e+00,4.186236e+00,-1.234429e+00,-9.829837e-01,-2.773720e-01
2.098433e+00,8.450596e+00,4.517837e+00,-1.377841e+00,-1.089031e+00,-3.349087e-01
1.447748e+00,7.423759e+00,7.503211e-01,-1.503989e+00,-1.260956e+00,-2.886626e-01
8.984088e-01,9.326438e+00,-3.365249e+00,-1.625429e+00,-1.368354e+00,-1.928209e-01
5.943624e-01,1.001209e+01,-2.824177e+00,-2.210292e+00,-1.356664e+00,1.452893e-01
2.938398e-01,1.086388e+01,-7.785603e-01,-2.645743e+00,-1.418543e+00,1.668027e-01
6.742212e+00,1.544004e+01,-5.308720e+00,-3.511390e+00,-1.666845e+00,2.227575e-01
6.177790e+00,2.263699e+01,-3.699044e-01,-3.964113e+00,-1.497166e+00,5.137881e-01
-7.282842e+00,1.953525e+01,1.371954e+01,-4.705695e+00,-3.098228e+00,1.232865e+00
-1.278609e+01,2.888917e+01,2.133195e+01,-4.754916e+00,-3.718068e+00,3.661650e-01
2.385591e+00,4.934136e+00,1.592285e+01,-3.727109e+00,-1.723937e+00,1.619569e-01
9.490955e+00,9.646419e+00,1.062137e+01,-1.448669e+00,7.467968e-01,7.463729e-01
8.028323e+00,1.099764e+01,1.064944e+01,-1.408301e+00,2.780975e+00,4.483559e-01
4.993012e+00,6.150706e+00,8.940353e+00,2.509090e-01,1.980323e+00,1.602150e-01
2.323982e+00,-2.870221e-01,6.978053e+00,2.808390e+00,8.224814e-01,-8.148355e-01
2.336633e+00,-8.858294e-01,7.430804e+00,3.825811e+00,6.390905e-01,-1.187922e+00
2.440005e+00,1.091616e+00,8.122778e+00,4.688836e+00,9.972477e-01,-1.350363e+00
1.985145e+00,2.174855e+00,9.711623e+00,5.340908e+00,1.229886e+00,-1.282587e+00
2.628947e+00,1.717018e+00,1.445811e+01,6.516187e+00,1.262316e+00,-1.023257e+00
5.593588e+00,2.379125e+00,1.270633e+01,7.282952e+00,1.320331e+00,-8.322354e-01
8.008559e+00,4.359612e+00,1.284478e+01,8.108926e+00,1.514428e+00,-4.538271e-01
-1.489532e+00,2.653395e+00,1.065414e+01,8.059433e+00,1.519280e+00,-1.945317e-02
-1.104147e+01,-1.170496e+01,9.825961e+00,5.998929e+00,-4.471905e-01,-2.321642e-01
-4.157199e+00,-1.380505e+01,1.123951e+01,3.824306e+00,-1.661958e-01,-7.706145e-01
1.003906e+01,2.332278e+01,3.605522e+00,-4.124148e-01,1.785589e+00,9.280393e-02
2.649858e+01,3.448468e+01,-5.662106e+00,-3.413499e+00,2.559135e+00,5.608880e-01
-8.820933e+00,-1.125192e+01,1.171409e+01,-1.120923e+00,2.433299e+00,1.990167e+00
1.455047e+00,2.811544e+00,1.110481e+01,-1.279746e+00,-1.159392e+00,-1.884994e+00
3.992246e+00,1.708750e+01,6.364106e+00,-3.643367e+00,9.195614e-01,5.096666e-01
-3.569171e+00,1.464953e+01,8.592178e+00,-2.943920e+00,3.941560e-01,2.531652e-01
-1.003251e+01,6.180833e+00,4.581785e+00,-1.836733e+00,-1.835316e+00,-7.383181e-01
-2.532326e+00,9.307185e+00,5.257775e+00,-1.542250e+00,-1.139300e+00,-1.400085e-01
5.544055e+00,1.109883e+01,4.744413e+00,-1.345169e+00,1.197502e+00,5.333096e-01
6.035411e+00,7.581024e+00,3.854607e+00,-1.320448e+00,1.739442e+00,5.971603e-01
3.518742e+00,7.992775e+00,3.356992e+00,-1.141307e+00,9.221718e-01,3.532282e-01
6.482500e-01,9.589831e+00,2.673843e+00,-1.174040e+00,-1.672232e-01,-1.426925e-03
-2.495175e-01,8.092251e+00,1.750161e+00,-1.338778e+00,-9.860047e-01,-2.344557e-01
-1.159498e-01,8.767285e+00,2.868545e+00,-1.425465e+00,-1.081125e+00,-3.069541e-01
1.999961e+00,9.055902e+00,4.020284e+00,-1.690337e+00,-1.179927e+00,-2.492098e-01
1.945132e+00,7.352026e+00,1.392424e+00,-1.771252e+00,-1.168273e+00,-1.532214e-01
1.161274e+00,1.051349e+01,-3.594389e+00,-1.935537e+00,-1.345876e+00,-4.950881e-02
2.819345e+00,9.010609e+00,-2.756522e+00,-2.303138e+00,-1.546734e+00,1.198742e-01
5.921018e+00,1.229775e+01,4.187979e-02,-3.089716e+00,-1.444528e+00,2.838419e-01
8.624751e+00,1.735959e+01,-3.752831e+00,-3.793750e+00,-1.628944e+00,4.229938e-01
-1.955148e+00,2.393832e+01,8.824802e+00,-4.646378e+00,-2.427238e+00,3.613377e-01
-2.368889e+01,2.784325e+01,2.091689e+01,-4.940213e+00,-4.752390e+00,9.003639e-01
-1.209987e+01,1.008385e+01,2.221437e+01,-4.866099e+00,-4.489180e+00,-2.709047e-02
3.554550e+00,1.997596e+00,2.165481e+01,-3.311203e+00,-1.125746e+00,1.172712e+00
1.355673e+01,1.195137e+01,1.126510e+01,-1.113326e+00,4.211842e+00,2.032188e+00
1.174961e+01,6.294996e+00,1.016798e+01,-7.943159e-01,4.225283e+00,1.676630e+00
6.570057e+00,1.478852e+00,7.022310e+00,1.955567e+00,2.376301e+00,7.649944e-01
2.661047e+00,-2.227515e-01,8.587166e+00,3.334103e+00,7.671230e-01,-7.185451e-02
1.381740e+00,1.194583e+00,9.232192e+00,4.590505e+00,7.720042e-02,-1.114523e+00
1.177974e+00,1.091233e+00,9.424318e+00,5.222977e+00,3.138651e-01,-1.420300e+00
2.164530e+00,4.907239e-01,1.166458e+01,6.411863e+00,7.025595e-01,-1.433266e+00
3.391146e+00,6.544297e-01,1.481724e+01,7.152007e+00,1.053085e+00,-1.377367e+00
5.297587e+00,2.680414e+00,1.396359e+01,8.174826e+00,1.253596e+00,-1.145572e+00
2.839551e+00,6.142423e+00,1.086526e+01,8.541346e+00,1.211963e+00,-8.764172e-01
-1.253010e+01,-9.352354e+00,7.437792e+00,7.502776e+00,4.969810e-01,-5.132054e-01
-1.067221e+01,-1.227435e+01,9.485451e+00,5.939499e+00,2.757403e-01,-6.876086e-01
6.902359e+00,-9.794122e+00,1.084659e+01,1.832262e+00,1.883058e+00,-1.409964e-01
1.177367e+01,2.346055e+01,6.709892e+00,-1.433769e+00,3.307382e+00,5.135461e-01
2.171741e+01,2.723203e+01,-1.381090e+00,-4.825740e+00,1.936457e+00,1.687415e-01
-2.254059e+01,-9.883541e+00,1.422253e+01,-2.579796e+00,1.269427e+00,1.079149e+00
5.899126e+00,8.125409e+00,1.060418e+01,-1.361608e+00,-2.282290e+00,-2.787517e+00
1.135182e+01,1.390321e+01,4.736027e+00,-3.603218e+00,2.412980e+00,1.977520e-01
-2.803502e+00,1.452442e+01,8.735131e+00,-2.118150e+00,1.413887e+00,1.100949e-01
-9.219465e+00,8.335035e+00,7.067292e+00,-1.785319e+00,-8.298514e-01,-6.683007e-01
-7.644062e+00,1.070034e+01,6.534926e+00,-1.254754e+00,-1.830039e+00,-5.341215e-01
3.521941e+00,1.177489e+01,1.824005e+00,-9.734373e-01,-7.046385e-01,-2.347621e-01
5.319568e+00,7.693362e+00,-9.900605e-01,-8.018885e-01,1.243410e+00,4.550878e-01
6.811781e-01,6.661478e+00,3.162722e-01,-8.541635e-01,7.339982e-01,3.099423e-01
-2.574242e+00,7.066282e+00,1.377208e+00,-1.150787e+00,-8.044965e-01,-2.592637e-01
-7.092549e-01,7.902823e+00,1.116062e+00,-1.405483e+00,-1.180428e+00,-3.830204e-01
5.851690e-01,7.642286e+00,3.719066e+00,-1.745580e+00,-1.089422e+00,-3.309186e-01
1.310955e+00,8.939547e+00,3.109498e+00,-1.871755e+00,-1.052801e+00,-3.693183e-01
2.929013e+00,7.404477e+00,-1.815824e+00,-2.104540e+00,-1.018118e+00,-2.322372e-01
4.221665e+00,8.747415e+00,-2.999620e+00,-2.334613e+00,-8.881294e-01,-3.845672e-02
6.397655e+00,1.006576e+01,-1.593472e+00,-3.079203e+00,-1.225808e+00,7.357709e-02
9.351180e+00,1.347513e+01,-2.504111e+00,-3.541590e+00,-1.512818e+00,2.971548e-02
2.250811e+00,2.247233e+01,1.236343e+00,-4.391352e+00,-2.004948e+00,1.817774e-01
-1.040418e+01,2.227484e+01,1.677063e+01,-5.051982e+00,-3.237371e+00,2.502454e-01
-1.230890e+01,2.282322e+01,2.028407e+01,-5.396507e+00,-4.600140e+00,-1.659700e-01
-3.892117e+00,6.600840e+00,2.027843e+01,-4.988616e+00,-2.914935e+00,4.157379e-01
1.130973e+01,5.979781e+00,1.061023e+01,-1.860382e+00,3.058432e-01,9.289226e-01
8.730803e+00,9.179092e+00,9.848021e+00,-1.349102e+00,2.202484e+00,9.385645e-01
3.462099e+00,4.627977e+00,1.022546e+01,2.831486e-01,1.366291e+00,6.472298e-03
2.730755e+00,1.013596e+00,8.087769e+00,1.731054e+00,6.954604e-01,-6.841396e-01
1.940483e+00,5.654085e-01,8.913383e+00,3.638058e+00,7.353536e-01,-9.488355e-01
2.592528e+00,5.017582e-01,8.718131e+00,4.525853e+00,1.190055e+00,-1.138505e+00
4.872322e+00,3.795372e-01,9.104877e+00,5.790806e+00,1.839844e+00,-9.394913e-01
6.397554e+00,-8.009688e-01,1.282920e+01,6.409405e+00,2.097397e+00,-8.211189e-01
8.373037e+00,2.714593e+00,1.089534e+01,7.543578e+00,1.714804e+00,-6.957815e-01
7.988267e+00,4.579103e+00,1.177802e+01,8.093303e+00,9.629244e-01,-4.791860e-01
-6.303242e+00,-1.102876e+00,8.683187e+00,7.935645e+00,-4.188844e-01,-1.148446e-01
-1.467094e+01,-1.025535e+01,8.139359e+00,6.658026e+00,-1.358218e+00,-5.659961e-01
-8.409175e+00,-1.610469e+01,6.633543e+00,3.435115e+00,-4.754147e-01,-9.224616e-01
2.076836e+01,3.941000e+01,-2.273499e+00,-2.449201e-01,1.750484e+00,5.025690e-01
3.954047e+00,-3.455532e+00,1.447655e+01,-5.197609e+00,3.944880e+00,1.759372e+00
1.029021e+01,-2.097565e+01,1.692412e+01,-3.788473e+00,2.677292e+00,1.688490e+00
6.158083e+00,1.455730e+01,1.251847e+01,-2.217041e+00,1.280307e-01,-1.560506e+00
-1.392347e+01,2.150209e+01,1.538810e+01,-3.320994e+00,-5.470337e-01,1.073830e-01
-3.641119e+00,8.126983e+00,6.273693e+00,-1.976816e+00,-1.723181e+00,-8.507801e-01
1.719719e+00,4.744834e+00,7.411171e+00,-1.312539e+00,3.290707e-01,-6.227029e-02
8.586666e+00,1.297005e+01,5.138449e+00,-7.209478e-01,1.852202e+00,4.106285e-01
6.344586e+00,1.106289e+01,3.974436e+00,-8.302207e-01,1.638351e+00,3.962377e-01
2.115046e+00,8.756239e+00,2.866252e+00,-5.824906e-01,-4.241991e-02,4.302728e-02
1.042257e+00,8.870000e+00,2.712724e+00,-5.781950e-01,-7.891210e-01,-2.661322e-01
-2.667104e+00,8.648738e+00,2.731589e+00,-7.263357e-01,-1.329118e+00,-4.816920e-01
-5.113810e+00,6.021985e+00,2.935397e+00,-8.442430e-01,-1.556385e+00,-4.780023e-01
-3.663138e+00,6.797851e+00,3.640665e+00,-9.359375e-01,-1.354739e+00,-3.689262e-01
-9.085896e-01,7.468147e+00,4.184059e+00,-1.053297e+00,-9.584548e-01,-2.916946e-01
3.109036e+00,7.946910e+00,3.580106e+00,-1.227213e+00,-2.186894e-01,-5.835983e-02
2.262006e+00,7.339992e+00,-6.637030e-02,-1.264656e+00,-1.274198e-01,-2.381280e-02
2.544254e+00,1.088830e+01,-1.992343e+00,-1.460582e+00,-6.948954e-01,-1.407925e-01
1.830113e+00,1.094854e+01,-4.422687e-03,-1.817340e+00,-9.943111e-01,-1.127276e-01
4.114674e+00,1.250310e+01,2.394405e-01,-2.467972e+00,-1.143435e+00,-2.148195e-01
1.068842e+01,1.432903e+01,-3.933911e+00,-3.016218e+00,-1.186887e+00,2.564706e-02
4.569616e+00,1.709407e+01,3.576882e-01,-3.611149e+00,-1.226057e+00,3.860745e-01
-7.230165e+00,2.248441e+01,1.419102e+01,-4.136169e+00,-2.297644e+00,3.944448e-01
-1.313928e+01,2.905592e+01,1.917573e+01,-4.776387e+00,-4.959333e+00,-1.735926e-01
-7.465683e+00,4.013698e+00,2.162064e+01,-4.395144e+00,-3.828519e+00,9.522411e-02
8.745806e+00,7.382799e+00,1.070494e+01,-1.085778e+00,-3.810908e-01,8.953422e-01
8.170713e+00,1.035567e+01,1.036297e+01,-1.064802e+00,1.662938e+00,8.261714e-01
4.696173e+00,6.915443e+00,9.771258e+00,-5.248066e-01,1.894132e+00,5.392105e-01
3.716403e+00,-2.307842e-01,7.480004e+00,1.474988e+00,1.220781e+00,-1.011583e-02
3.719766e+00,-4.887926e-01,7.531168e+00,3.735957e+00,8.815516e-01,-6.519578e-01
2.957723e+00,1.742304e+00,8.747399e+00,4.359223e+00,1.049294e+00,-1.022380e+00
2.480148e+00,1.591777e+00,9.862743e+00,5.322094e+00,1.246158e+00,-1.197778e+00
3.166478e+00,5.728728e-01,1.254043e+01,6.238675e+00,1.249493e+00,-1.165460e+00
5.671985e+00,2.344866e+00,1.102982e+01,7.433394e+00,1.311043e+00,-1.048701e+00
7.575697e+00,3.586856e+00,1.255044e+01,7.929994e+00,1.304197e+00,-8.573172e-01
-7.928128e-01,2.796795e+00,8.448385e+00,8.021303e+00,9.931507e-01,-3.834077e-01
-1.612571e+01,-1.012134e+01,9.048798e+00,6.903547e+00,-3.775795e-01,-4.594248e-01
-5.448034e+00,-1.078409e+01,1.097867e+01,3.196236e+00,-6.253703e-02,-5.883842e-01
1.211739e+01,2.959013e+01,-1.954133e+00,1.583930e-01,1.716992e+00,3.461160e-01
5.566212e+00,1.418009e+01,1.337636e+01,-4.538685e+00,4.051018e+00,1.427346e+00
5.695216e+00,-1.909893e+01,1.640086e+01,-3.681636e+00,3.169348e+00,2.026510e+00
7.550340e+00,7.640815e+00,1.280333e+01,-2.377712e+00,9.092646e-01,-1.854859e+00
-2.531950e+00,2.604666e+01,1.318310e+01,-2.585651e+00,6.793042e-01,-1.249416e-01
-6.768132e+00,7.477588e+00,8.698702e+00,-2.139705e+00,-5.464572e-01,-1.292880e-01
-2.342580e+00,4.828584e+00,5.632362e+00,-1.081944e+00,-3.476828e-01,-7.525063e-01
3.320725e+00,1.332364e+01,6.472323e+00,-5.912188e-01,1.372859e+00,2.796332e-01
4.572650e+00,1.190938e+01,3.174013e+00,-5.355893e-01,1.420179e+00,1.945635e-01
4.336114e+00,8.462603e+00,6.283010e-01,-4.375999e-01,8.990295e-01,2.990963e-01
3.497483e+00,9.733642e+00,-3.927085e-01,-2.610673e-01,2.258613e-01,-1.039997e-01
-1.754575e+00,7.953931e+00,1.843802e-01,-6.572409e-01,-6.399672e-01,-3.938559e-01
-3.681852e+00,7.167599e+00,1.518491e+00,-9.203262e-01,-1.192918e+00,-5.116560e-01
-1.170436e+00,7.830291e+00,4.017587e+00,-1.330746e+00,-1.527427e+00,-5.294971e-01
1.388324e+00,8.364517e+00,4.311940e+00,-1.512268e+00,-1.204423e+00,-4.127838e-01
6.621923e-01,7.688585e+00,-1.822090e+00,-1.569620e+00,-1.023699e+00,-3.095992e-01
1.915286e+00,8.353554e+00,-4.041491e+00,-1.669034e+00,-1.078911e+00,-2.686653e-01
2.036004e+00,1.028091e+01,-1.248165e+00,-2.227273e+00,-1.087331e+00,-1.357869e-01
3.248205e+00,1.059105e+01,3.566827e-01,-2.933166e+00,-1.287312e+00,-9.864375e-02
1.409854e+01,1.412545e+01,-5.378050e+00,-3.712633e+00,-1.288203e+00,-1.263475e-02
6.301440e+00,1.628099e+01,1.658908e+00,-4.009588e+00,-1.159804e+00,1.281662e-01
-1.056903e+01,2.764149e+01,1.909164e+01,-4.776308e+00,-2.921510e+00,-8.596930e-04
-1.866868e+01,3.298967e+01,2.130309e+01,-5.242454e+00,-5.422066e+00,-6.987620e-01
-3.823142e+00,2.008309e-02,2.262964e+01,-4.133021e+00,-3.821324e+00,1.179652e-01
5.929502e+00,4.144714e+00,1.509665e+01,-1.646756e+00,-1.201320e+00,8.378946e-01
9.767397e+00,1.122302e+01,1.166638e+01,-1.087221e+00,2.747327e+00,1.153298e+00
5.460694e+00,4.753344e+00,9.618864e+00,-7.088694e-02,2.599535e+00,8.790501e-01
3.858808e+00,-1.301325e+00,6.446689e+00,2.913362e+00,1.365264e+00,-1.296590e-01
4.006276e+00,-2.215355e+00,7.950334e+00,4.019164e+00,1.012010e+00,-3.615450e-01
4.882288e+00,4.255938e-01,8.285933e+00,5.165858e+00,1.093148e+00,-8.320007e-01
4.964978e+00,6.882669e-01,1.136409e+01,5.775041e+00,1.297110e+00,-9.264149e-01
4.391746e+00,1.006984e-01,1.125803e+01,6.847289e+00,9.832167e-01,-9.820075e-01
4.573888e+00,1.631482e+00,1.291994e+01,7.563602e+00,7.116770e-01,-1.014190e+00
1.380532e+00,5.486561e+00,1.227616e+01,8.192469e+00,4.598940e-01,-7.965039e-01
-5.421672e+00,4.039303e+00,8.726351e+00,8.117823e+00,3.114153e-01,-6.301575e-01
-1.283127e+01,-1.157783e+01,7.973065e+00,6.397026e+00,-7.942165e-02,-3.651599e-01
2.081840e+00,-1.228561e+01,9.899243e+00,3.979796e+00,9.339466e-01,-3.927867e-01
1.001291e+01,1.432073e+01,7.003345e+00,-7.169184e-01,3.131559e+00,8.577097e-01
2.951233e+01,3.838780e+01,-4.204039e+00,-3.349424e+00,2.964790e+00,8.080962e-01
-1.863484e+01,-6.723841e+00,1.658296e+01,-2.971396e+00,1.361484e+00,7.810267e-01
-8.091792e+00,2.145919e-01,1.725028e+01,-1.326888e+00,-1.960770e+00,-1.807974e+00
3.950947e-01,1.692933e+01,1.477192e+01,-3.651602e+00,1.155851e+00,-1.555411e-01
6.659884e+00,1.269903e+01,9.879478e+00,-3.338246e+00,2.496370e+00,1.062360e+00
2.138462e+00,8.846905e+00,8.436977e+00,-1.298792e+00,1.913989e+00,1.366016e-01
4.201510e+00,9.282449e+00,5.094066e+00,-1.146946e+00,1.303575e+00,3.543010e-01
1.622635e+00,1.225307e+01,4.153789e+00,-7.729733e-01,8.727278e-01,3.027132e-02
1.565288e+00,8.914135e+00,1.858591e+00,-6.970041e-01,4.040168e-01,-9.282512e-02
3.068180e+00,8.288376e+00,-7.154286e-01,-5.383868e-01,-1.138062e-01,-2.504464e-01
2.094910e-01,8.328151e+00,5.327861e-02,-6.416944e-01,-3.605620e-01,-2.400915e-01
-3.126802e+00,7.355296e+00,1.367141e+00,-1.138198e+00,-1.223867e+00,-4.246562e-01
-1.253987e+00,7.419682e+00,3.069036e+00,-1.354295e+00,-1.660776e+00,-5.299472e-01
2.308805e+00,8.766940e+00,4.267365e+00,-1.626478e+00,-1.491257e+00,-4.407437e-01
1.025168e+00,9.358794e+00,1.753147e+00,-1.682919e+00,-1.372109e+00,-4.092166e-01
-5.695360e-01,7.892575e+00,-2.067216e+00,-1.878795e+00,-1.544026e+00,-3.002653e-01
1.086150e+00,1.091009e+01,-9.566560e-01,-2.106036e+00,-1.541627e+00,-1.942147e-01
2.823846e+00,1.062350e+01,3.154612e-01,-2.924058e+00,-1.376632e+00,7.614415e-02
6.447419e+00,1.112696e+01,5.367122e-01,-3.509269e+00,-1.385657e+00,1.490443e-01
9.547848e+00,2.496550e+01,-3.453079e+00,-3.998600e+00,-1.537014e+00,2.688895e-01
7.291168e-01,1.835105e+01,1.251920e+01,-4.528193e+00,-2.023768e+00,6.238261e-01
-1.406796e+01,2.758046e+01,2.019853e+01,-4.782449e+00,-4.912344e+00,1.980907e-01
-4.723678e+00,5.237358e+00,2.242688e+01,-4.683434e+00,-4.543936e+00,-4.032426e-01
7.681521e+00,9.044318e+00,1.189510e+01,-2.653194e+00,-1.800353e+00,-1.046868e-02
7.467494e+00,1.384355e+01,1.055550e+01,-1.394132e+00,1.030492e+00,2.472995e-01
1.941004e+00,4.996631e+00,1.117634e+01,-1.821257e-01,1.206216e+00,-3.024792e-01
2.197936e+00,2.009151e+00,8.943912e+00,1.443543e+00,8.139089e-01,-8.081974e-01
2.548974e+00,-7.456308e-02,1.018107e+01,3.630500e+00,1.122273e+00,-1.061757e+00
2.106644e+00,6.341808e-01,1.054499e+01,4.606137e+00,1.833367e+00,-1.263474e+00
4.585744e+00,-5.611132e-01,1.041614e+01,5.870327e+00,2.439211e+00,-1.176737e+00
7.454994e+00,-7.766656e-01,1.308999e+01,6.654691e+00,2.651484e+00,-9.285393e-01
1.073559e+01,5.753323e-02,1.216519e+01,7.666830e+00,2.864562e+00,-5.549012e-01
8.696553e+00,3.812458e+00,1.208872e+01,8.491896e+00,2.196996e+00,-4.590274e-01
-1.098846e+01,1.195851e+00,9.930667e+00,8.084549e+00,4.083259e-01,-3.079298e-01
-2.227786e+01,-1.205729e+01,9.098789e+00,6.850834e+00,-6.971889e-01,-3.759019e-01
4.884552e+00,-1.128986e+01,1.113449e+01,3.435459e+00,6.794593e-01,-9.231991e-01
1.306006e+01,7.650380e+00,1.070593e+01,3.691325e-01,3.988353e+00,6.904805e-01
2.049550e+01,3.588040e+01,5.537824e+00,-3.274600e+00,4.348369e+00,1.222628e+00
-2.050127e+01,-5.927024e+00,1.414958e+01,-3.191791e+00,3.481751e+00,1.288939e+00
-1.151292e-01,4.444427e+00,1.187422e+01,-1.407431e+00,-2.083142e+00,-2.447455e+00
6.551108e+00,1.332088e+01,5.916473e+00,-3.306502e+00,8.891565e-01,-6.214563e-01
-1.689712e-01,1.232457e+01,8.131567e+00,-2.334904e+00,1.919170e+00,3.791315e-01
1.395372e-01,8.701258e+00,6.947824e+00,-1.889245e+00,7.909089e-01,-2.831292e-01
2.424075e+00,1.159660e+01,5.597758e+00,-1.436207e+00,2.900000e-01,1.541456e-01
7.508725e+00,1.191844e+01,1.510194e-01,-1.176768e+00,3.651879e-01,-4.016044e-03
1.828815e+00,6.407580e+00,3.117169e-01,-1.086651e+00,6.972968e-01,9.978086e-02
-4.273353e+00,6.076451e+00,2.851460e+00,-1.125732e+00,-8.051523e-02,-1.053251e-01
-1.103438e+00,7.590501e+00,2.971858e+00,-1.309710e+00,-1.162007e+00,-4.162969e-01
2.713366e+00,8.060000e+00,3.481092e+00,-1.536009e+00,-9.948779e-01,-3.423667e-01
2.829584e+00,7.847214e+00,3.528135e+00,-1.590122e+00,-8.209025e-01,-3.700487e-01
1.027169e+00,8.117534e+00,-6.698512e-01,-1.639820e+00,-1.246617e+00,-4.832378e-01
-2.351604e+00,8.452876e+00,-2.198873e+00,-1.900682e+00,-1.762536e+00,-4.893918e-01
-3.991504e-01,1.017642e+01,3.711585e-01,-2.333408e+00,-1.900766e+00,-2.777257e-01
5.946478e+00,1.044220e+01,4.820324e-01,-3.044733e+00,-1.515727e+00,-3.025707e-02
1.119313e+01,1.159010e+01,-3.434175e+00,-3.456438e+00,-1.306980e+00,9.908128e-02
3.246090e+00,1.951922e+01,3.030533e+00,-3.921455e+00,-1.431603e+00,1.746854e-01
-9.437364e+00,2.447594e+01,1.842396e+01,-4.596830e+00,-2.890886e+00,1.839083e-01
-1.651562e+01,2.611278e+01,2.058172e+01,-5.147191e+00,-5.476729e+00,-2.645392e-01
-2.972323e+00,3.574730e+00,2.158318e+01,-4.975230e+00,-4.225930e+00,-9.301290e-02
1.173721e+01,7.718468e+00,1.181732e+01,-1.706373e+00,-1.434965e-02,9.990883e-01
9.940958e+00,1.078581e+01,9.469331e+00,-1.157744e+00,2.401539e+00,8.198561e-01
3.607304e+00,4.390539e+00,8.836307e+00,2.232469e-01,1.806587e+00,-2.846870e-02
2.832843e+00,-2.078667e-01,7.226448e+00,1.673693e+00,1.041188e+00,-6.488981e-01
3.329621e+00,-4.363921e-01,8.251203e+00,3.594333e+00,8.847491e-01,-1.072981e+00
4.645163e+00,1.087360e+00,8.954007e+00,4.548993e+00,1.398203e+00,-1.529822e+00
5.463945e+00,8.720141e-01,1.087030e+01,5.666248e+00,1.944339e+00,-1.500006e+00
5.423245e+00,1.730160e-01,1.178003e+01,6.313055e+00,1.819531e+00,-1.403537e+00
5.222781e+00,2.563476e+00,1.314381e+01,7.480622e+00,1.327909e+00,-1.326290e+00
4.798502e+00,7.744298e+00,1.265432e+01,8.114419e+00,9.128582e-01,-1.193569e+00
-6.882782e+00,5.199684e+00,6.719058e+00,8.176923e+00,3.315964e-01,-7.337160e-01
-1.892155e+01,-1.028706e+01,4.737399e+00,7.400424e+00,-1.706316e-01,-4.778137e-01
3.655912e+00,-1.146342e+01,5.252610e+00,4.573020e+00,1.102876e+00,-6.532104e-01
1.032669e+01,-2.836021e+00,8.954464e+00,1.440605e+00,4.038934e+00,6.703829e-01
3.539187e+01,3.935952e+01,-6.422762e+00,-3.019819e+00,4.495098e+00,1.509534e+00
-3.196648e+00,2.439246e+00,1.035604e+01,-4.355366e+00,3.109886e+00,7.428857e-01
-9.748767e-01,-4.189147e+00,1.834629e+01,-1.783641e+00,-1.221311e+00,-7.528109e-01
2.145725e+00,1.197413e+01,1.570350e+01,-3.233362e+00,-2.040499e+00,-2.027717e+00
-5.057128e+00,1.488448e+01,1.105153e+01,-3.650361e+00,3.617139e-01,2.463655e-01
-1.535896e+00,9.021609e+00,8.109623e+00,-2.685163e+00,2.247131e-01,1.433546e-01
2.133685e+00,8.404097e+00,4.804040e+00,-1.346217e+00,2.791467e-01,-5.318919e-02
2.334896e+00,1.171036e+01,5.576945e+00,-1.178757e+00,7.130689e-01,2.642417e-01
1.569522e-01,9.822930e+00,4.183406e+00,-1.096700e+00,1.667283e-01,7.113421e-02
-1.420538e+00,7.965620e+00,3.429237e+00,-1.025407e+00,-1.948924e-01,9.134966e-02
-1.327742e+00,8.910000e+00,1.212581e+00,-6.464324e-01,-5.625276e-01,-1.404778e-01
-1.687560e+00,8.169551e+00,5.878332e-01,-7.173324e-01,-5.204415e-01,-1.485047e-01
-1.115606e+00,7.547600e+00,1.831991e+00,-9.073018e-01,-4.963327e-01,-1.894414e-01
7.419762e-01,7.498825e+00,4.463634e+00,-1.128320e+00,-4.752057e-01,-2.143269e-01
2.890466e+00,8.560106e+00,3.976378e+00,-1.342367e+00,-4.383592e-01,-3.233957e-01
1.481896e+00,8.010355e+00,7.079394e-01,-1.474269e+00,-4.795204e-01,-2.665147e-01
2.405662e+00,8.475770e+00,-3.448568e+00,-1.691309e+00,-7.715322e-01,-2.379870e-01
2.452585e+00,8.929337e+00,-1.054916e+00,-2.082820e+00,-8.326886e-01,-1.262336e-01
3.567056e+00,1.154674e+01,1.838128e+00,-2.823820e+00,-1.047177e+00,-1.758125e-01
1.348195e+01,1.458940e+01,-5.293690e+00,-3.433688e+00,-1.253059e+00,-1.405494e-01
3.583559e+00,1.720983e+01,3.990521e+00,-4.141559e+00,-1.294101e+00,1.258515e-01
-1.153072e+01,2.355324e+01,2.108823e+01,-4.788535e+00,-2.576420e+00,9.481323e-02
-1.611142e+01,2.653859e+01,2.057503e+01,-5.304125e+00,-5.614578e+00,-7.136540e-01
-4.728980e+00,2.869664e+00,2.189656e+01,-5.051195e+00,-4.744942e+00,-3.687476e-01
1.024113e+01,6.342692e+00,1.257174e+01,-1.297845e+00,-1.625185e-01,9.501294e-01
1.071752e+01,1.093750e+01,1.031212e+01,-9.629219e-01,2.451042e+00,9.159504e-01
5.844507e+00,2.446427e+00,6.693651e+00,2.065492e-01,2.088953e+00,2.868311e-01
5.812882e+00,-9.042236e-01,4.413168e+00,2.269412e+00,1.036725e+00,-6.662310e-01
5.852473e+00,1.676235e+00,7.872146e+00,4.245687e+00,6.316056e-01,-1.035984e+00
4.673292e+00,1.891437e+00,8.925748e+00,4.803203e+00,7.845788e-01,-1.353512e+00
3.705735e+00,1.427983e+00,1.111477e+01,5.824592e+00,8.151142e-01,-1.605196e+00
3.661496e+00,1.152392e+00,1.303143e+01,6.730907e+00,8.019206e-01,-1.546524e+00
5.107333e+00,2.180934e+00,1.273746e+01,7.872247e+00,8.237575e-01,-1.163435e+00
2.203055e+00,3.125687e+00,1.038142e+01,8.309153e+00,8.480217e-01,-7.630322e-01
-1.131315e+01,-3.843367e+00,9.842445e+00,8.050753e+00,5.012739e-01,-4.169774e-01
-9.723388e+00,-1.329414e+01,8.024708e+00,5.988324e+00,-1.269139e-02,-3.195411e-01
1.905201e+00,-3.798495e+00,7.776237e+00,1.930135e+00,1.625872e+00,-1.074657e-02
2.963660e+01,3.902231e+01,-6.282010e+00,-5.553841e-01,2.681771e+00,6.219163e-01
-7.144671e+00,2.648561e+00,1.689556e+01,-4.468652e+00,3.097750e+00,1.162140e+00
-7.161352e-01,-1.449941e+01,2.233846e+01,-2.928007e+00,1.075289e+00,8.905718e-01
6.525618e+00,1.860201e+01,1.126431e+01,-2.974691e+00,9.741386e-01,-1.124240e+00
-4.803501e+00,1.774637e+01,1.445221e+01,-3.057507e+00,1.660609e+00,4.499557e-01
-2.180310e+00,8.995639e+00,5.839608e+00,-1.437716e+00,-2.192518e-01,-3.505960e-01
2.097641e+00,7.187879e+00,5.768232e+00,-8.935791e-01,6.677293e-01,2.874241e-02
8.508164e+00,1.491453e+01,3.189975e+00,-3.297234e-01,1.471924e+00,2.692429e-01
5.401987e+00,1.143536e+01,2.127210e+00,-4.983357e-01,1.520821e+00,2.798778e-01
2.055371e+00,9.085030e+00,-2.963898e-02,-2.630114e-01,7.050932e-02,-5.332106e-02
-1.951956e+00,7.384005e+00,-1.390629e+00,-2.673578e-01,-5.496705e-01,-3.807145e-01
-5.125726e+00,4.330747e+00,-2.446746e-01,-6.162558e-01,-1.407277e+00,-5.385676e-01
-5.648816e+00,5.418554e+00,1.993514e+00,-9.176271e-01,-1.737252e+00,-6.347925e-01
8.623538e-01,8.272333e+00,4.501136e+00,-1.435306e+00,-1.361906e+00,-4.153526e-01
3.003902e+00,8.565866e+00,3.516847e+00,-1.651443e+00,-7.719648e-01,-3.261879e-01
2.202956e+00,6.562502e+00,1.312525e-01,-1.751061e+00,-7.289298e-01,-3.281467e-01
1.888235e+00,7.648531e+00,-2.355589e+00,-1.877225e+00,-9.723030e-01,-3.593151e-01
3.601578e+00,9.706365e+00,-1.002621e+00,-2.387596e+00,-1.159380e+00,-1.956174e-01
7.108717e+00,1.059977e+01,6.909435e-02,-2.833135e+00,-1.155563e+00,-1.067042e-01
1.549473e+01,1.800241e+01,-6.070396e+00,-3.533561e+00,-1.360617e+00,-6.670508e-02
1.968553e+00,2.229485e+01,5.021807e+00,-4.028106e+00,-1.528733e+00,2.491084e-01
-1.482567e+01,2.724017e+01,1.886594e+01,-5.091493e+00,-4.368368e+00,2.694279e-01
-1.013698e+01,2.084985e+01,1.683303e+01,-5.122306e+00,-5.639358e+00,-2.907908e-01
4.215084e+00,2.594194e+00,1.773783e+01,-3.390031e+00,-2.289996e+00,3.865622e-01
1.197720e+01,1.014361e+01,9.989730e+00,-1.270560e+00,-2.001521e-01,7.006890e-01
5.910097e+00,8.772515e+00,1.090741e+01,-5.548205e-01,1.984490e+00,1.722507e-01
3.621146e+00,6.175895e+00,1.004704e+01,3.084972e-01,1.533336e+00,-3.982051e-01
2.210558e+00,-7.507088e-01,8.078781e+00,3.524669e+00,4.176756e-01,-1.482166e+00
3.165668e+00,3.377381e-01,9.743920e+00,4.938171e+00,5.508897e-01,-1.700157e+00
2.593323e+00,1.566738e+00,1.218710e+01,5.997640e+00,1.249985e+00,-2.090604e+00
3.375696e+00,1.743852e+00,1.402205e+01,6.618895e+00,1.431937e+00,-2.011086e+00
4.776062e+00,4.385808e+00,1.132943e+01,7.627818e+00,1.890240e+00,-1.660289e+00
4.115185e+00,7.578896e+00,1.164621e+01,8.218692e+00,2.178747e+00,-1.267822e+00
-6.129906e+00,1.171131e+00,7.787432e+00,8.001944e+00,1.913725e+00,-3.348586e-01
-6.868859e+00,-1.219785e+01,3.128714e+00,6.997390e+00,1.410443e+00,2.671147e-02
4.774277e+00,-1.153442e+01,2.726308e+00,4.405176e+00,2.699972e+00,3.771105e-02
7.024868e+00,-2.729484e+00,1.045194e+01,1.674376e+00,3.735642e+00,7.050537e-01
2.573072e+01,3.937731e+01,-6.046100e+00,-2.727262e+00,2.539546e+00,6.015033e-01
6.146585e+00,1.435137e+01,6.349557e+00,-5.081612e+00,9.491744e-01,-1.172993e-01
-1.404500e+01,-9.089630e+00,2.035966e+01,-1.064224e+00,-2.907798e-01,7.189841e-01
3.029067e+00,1.249660e+01,9.574655e+00,-2.919028e+00,-3.265966e+00,-3.260657e+00
2.056378e+00,1.502623e+01,1.115977e+01,-3.745350e+00,2.722409e+00,1.412509e+00
3.077592e+00,1.080424e+01,7.290931e+00,-2.273048e+00,2.192675e+00,4.608561e-01
1.823150e-01,8.202991e+00,5.155699e+00,-1.532924e+00,7.075619e-01,-4.249348e-03
3.070685e+00,1.319445e+01,5.373676e+00,-1.188675e+00,2.436590e-01,2.427157e-02
2.063888e+00,9.867726e+00,4.844192e+00,-1.150072e+00,4.724560e-01,-3.070877e-02
2.144193e+00,8.200768e+00,3.587422e+00,-1.053318e+00,3.040985e-01,-1.248319e-01
1.369870e+00,7.442286e+00,2.609273e+00,-9.097579e-01,-2.399315e-01,-2.299032e-01
-8.163596e-02,7.380830e+00,1.977509e+00,-9.182121e-01,-5.503848e-01,-3.019012e-01
-3.552952e+00,7.836237e+00,2.162590e+00,-1.005597e+00,-1.160480e+00,-5.141026e-01
-3.595102e+00,7.483083e+00,3.897292e+00,-1.125464e+00,-1.387766e+00,-5.779839e-01
1.146490e+00,8.701159e+00,2.898540e+00,-1.330734e+00,-1.285333e+00,-5.416743e-01
4.230471e+00,8.237056e+00,-1.113210e-02,-1.378575e+00,-7.941622e-01,-4.048817e-01
3.373886e+00,6.692989e+00,-3.487094e+00,-1.551776e+00,-3.565811e-01,-1.935340e-01
3.640031e+00,9.848368e+00,-1.752186e+00,-1.859282e+00,-7.943174e-01,-2.946077e-01
4.518973e-01,1.062058e+01,2.741118e+00,-2.822343e+00,-1.540482e+00,-2.035609e-01
7.641078e+00,1.181289e+01,-1.276344e+00,-3.336497e+00,-1.856176e+00,-3.058983e-01
8.885214e+00,2.139895e+01,-4.494155e+00,-3.804038e+00,-1.769686e+00,1.332264e-01
-3.940381e+00,1.757583e+01,1.033133e+01,-4.219012e+00,-1.717015e+00,3.966125e-01
-1.082980e+01,2.935942e+01,2.086665e+01,-5.140114e+00,-4.666066e+00,-4.030262e-01
-1.204371e+01,2.313707e+01,1.870516e+01,-5.320434e+00,-4.775997e+00,-4.395700e-01
3.767197e+00,-1.127037e+00,1.830327e+01,-2.821360e+00,-1.874380e+00,5.252690e-01
1.070326e+01,8.467966e+00,9.028279e+00,-8.923712e-01,-2.209110e-02,5.999871e-01
4.985672e+00,5.639986e+00,1.080830e+01,-6.577945e-02,1.699435e+00,1.496643e-01
3.698018e+00,1.796990e+00,7.458972e+00,9.689774e-01,1.175316e+00,-2.482380e-01
2.875480e+00,-1.014648e+00,7.547657e+00,3.821779e+00,5.813787e-01,-1.079575e+00
3.363581e+00,-1.231494e+00,8.576716e+00,4.574779e+00,8.180231e-01,-1.194255e+00
3.169977e+00,1.370090e+00,9.641084e+00,5.926848e+00,1.618165e+00,-1.556723e+00
4.091966e+00,1.941332e+00,1.227626e+01,6.217492e+00,1.726880e+00,-1.470139e+00
5.752809e+00,2.157620e+00,1.200752e+01,7.580954e+00,1.901240e+00,-1.074019e+00
8.242793e+00,5.366074e+00,1.181851e+01,8.180731e+00,1.753286e+00,-8.380082e-01
-3.089005e+00,6.006763e+00,7.866182e+00,8.192456e+00,1.058049e+00,-1.178003e-02
-1.413772e+01,-5.539290e+00,5.829216e+00,7.298878e+00,7.911639e-03,9.533944e-02
-4.816952e+00,-1.288782e+01,2.295046e+00,4.542889e+00,6.272302e-01,-5.999064e-01
7.031549e+00,-6.249784e+00,7.964048e+00,2.532978e+00,2.117071e+00,3.329470e-02
9.182839e+00,2.255193e+01,5.710395e+00,-2.996145e+00,3.711458e+00,1.005709e+00
3.088787e+01,3.934525e+01,-1.911458e+01,-4.716954e+00,2.153789e+00,1.781167e-02
-2.648793e+01,-1.104936e+01,1.183468e+01,-1.800160e+00,3.164179e-01,8.013479e-01
-7.917526e+00,-6.048980e+00,1.205002e+01,-7.660287e-01,-2.449031e+00,-2.664402e+00
8.489530e+00,1.526440e+01,1.328749e+01,-4.407029e+00,3.281516e+00,8.421200e-01
8.832471e+00,8.708381e+00,9.981731e+00,-3.916258e+00,3.375947e+00,1.056988e+00
8.500348e-01,8.735823e+00,1.145157e+01,-2.057495e+00,4.822493e-01,-5.963951e-01
-4.474817e+00,1.043356e+01,8.479161e+00,-1.932921e+00,-1.274793e+00,-6.585909e-01
6.667632e-02,1.057100e+01,7.337663e+00,-1.532026e+00,-1.050430e+00,-3.681513e-01
3.761186e+00,9.323657e+00,5.741226e+00,-1.260292e+00,-1.027317e-02,-3.414899e-01
4.513225e+00,6.672179e+00,5.081963e+00,-1.033801e+00,6.089775e-01,-1.489015e-01
6.591833e-01,8.473283e+00,5.076243e+00,-8.421192e-01,-1.197923e-01,-2.059337e-01
-3.460764e+00,9.441832e+00,4.029579e+00,-8.529132e-01,-1.341884e+00,-5.848646e-01
-1.879557e+00,8.833834e+00,2.074300e+00,-8.094035e-01,-1.484073e+00,-6.662631e-01
2.068969e+00,6.273794e+00,-1.296210e+00,-8.697835e-01,-8.397670e-01,-4.383393e-01
3.013911e+00,6.282605e+00,-3.006493e+00,-1.103492e+00,-6.652743e-01,-2.788784e-01
-1.499863e+00,7.874429e+00,-8.561196e-01,-1.772275e+00,-1.189362e+00,-3.913247e-01
7.868714e-01,8.784017e+00,1.860173e+00,-2.259370e+00,-1.652374e+00,-4.898015e-01
9.740834e+00,1.085196e+01,-1.417094e+00,-3.098686e+00,-1.464957e+00,-4.176762e-01
1.479535e+01,1.440187e+01,-5.702165e+00,-3.831497e+00,-1.259360e+00,-4.470581e-02
6.151115e+00,2.322736e+01,4.726355e+00,-5.023723e+00,-2.309765e+00,6.302926e-03
-1.168260e+01,2.981351e+01,2.334842e+01,-5.499514e+00,-3.854928e+00,-3.859717e-01
-2.488146e+01,2.349866e+01,2.564540e+01,-5.668940e+00,-6.295853e+00,-9.537916e-01
-1.378091e+01,2.795056e-02,2.819565e+01,-4.232156e+00,-4.666578e+00,2.654134e-01
8.059278e+00,7.345247e+00,1.478441e+01,-8.229024e-01,1.788236e+00,2.027861e+00
9.047787e+00,9.329481e+00,1.403708e+01,-4.381054e-01,3.759377e+00,1.940952e+00
7.752070e+00,-1.341413e+00,7.618955e+00,2.108399e+00,2.849279e+00,1.460398e+00
5.945825e+00,-4.253308e+00,7.361968e+00,4.395928e+00,1.909901e+00,6.981171e-01
4.613537e+00,-1.462413e-02,9.066701e+00,5.748843e+00,8.972945e-01,-1.294116e-04
4.132368e+00,-9.228686e-01,9.959256e+00,6.262147e+00,8.430768e-01,-3.099330e-01
5.956418e+00,-1.582191e+00,1.080768e+01,7.504192e+00,9.943164e-01,-6.162207e-01
6.781430e+00,-4.058689e-01,1.170814e+01,8.041177e+00,1.237775e+00,-8.231992e-01
3.930204e+00,3.730497e-01,1.165555e+01,8.730484e+00,1.118069e+00,-8.466157e-01
4.060818e+00,5.889861e+00,1.044488e+01,8.666911e+00,3.555233e-01,-8.401603e-01
-5.988090e+00,-8.096587e+00,7.614808e+00,6.713369e+00,2.332255e-02,-6.465029e-02
-4.068739e+00,-8.488654e+00,4.311114e+00,4.484602e+00,-5.085028e-01,-9.268716e-01
8.308396e+00,-2.179444e-01,1.042033e+01,-1.759596e-02,2.314555e-01,-2.258532e-02
2.507544e+00,7.671155e+00,8.103569e+00,-2.523434e+00,1.400566e-01,-2.708670e-02
-3.344610e+01,2.978792e+01,1.433069e+01,-4.360613e+00,-1.656718e+00,-8.219484e-01
-1.281642e+01,2.490286e+01,1.542964e+01,-3.231039e+00,-2.119471e+00,-9.060889e-01
2.033195e+01,-7.829312e+00,8.395702e+00,-2.898957e+00,4.678549e+00,1.678410e+00
3.074495e+01,7.758113e+00,6.258703e+00,-2.233006e+00,7.289062e+00,1.786730e+00
6.359400e+00,8.287480e+00,1.342155e+01,-3.017912e+00,4.233709e+00,5.832180e-01
-8.257845e+00,7.024347e+00,1.186154e+01,-2.483669e+00,-2.105172e+00,-8.213320e-01
-1.841455e+01,1.344413e+01,1.034964e+01,-2.062317e+00,-5.225933e+00,-1.735085e+00
-1.012617e+01,9.962450e+00,8.213350e+00,-1.704586e+00,-3.348765e+00,-7.184712e-01
6.209342e+00,5.954097e+00,5.294767e+00,-9.335666e-01,1.016503e+00,2.609556e-01
1.034638e+01,5.185728e+00,3.832512e+00,-8.387840e-01,2.246729e+00,7.275961e-01
3.825971e+00,5.051335e+00,5.500619e+00,-9.111113e-01,1.581479e+00,5.685423e-01
-9.547974e-01,5.538899e+00,6.139200e+00,-1.024453e+00,-4.093214e-01,-5.864202e-02
-7.456418e+00,8.133868e+00,4.874185e+00,-1.130942e+00,-1.985096e+00,-6.176091e-01
-3.497126e+00,7.675920e+00,4.267991e+00,-1.123389e+00,-1.804969e+00,-4.168564e-01
4.220342e+00,8.235850e+00,1.108825e+00,-1.109667e+00,-2.496094e-01,-1.988442e-02
7.819293e+00,7.387681e+00,-2.957702e+00,-1.261367e+00,3.459290e-01,9.249516e-02
3.693473e+00,6.861680e+00,7.668982e-01,-1.879267e+00,-2.196022e-01,-1.607770e-03
1.104613e+00,8.825961e+00,2.117771e+00,-2.405114e+00,-1.153763e+00,-3.048437e-01
6.459656e-01,1.136983e+01,-8.046508e-01,-3.560839e+00,-2.225423e+00,-3.233624e-01
6.666656e+00,1.516119e+01,-3.378896e+00,-4.108664e+00,-2.056321e+00,-3.082529e-02
6.337172e+00,2.449681e+01,8.671908e+00,-5.272308e+00,-1.841452e+00,2.854786e-01
-3.399404e+00,3.030114e+01,2.068642e+01,-5.948916e+00,-2.646175e+00,4.828392e-02
-1.622306e+01,1.662222e+01,2.390122e+01,-6.628651e+00,-4.895564e+00,-9.955073e-02
-1.405047e+01,1.099683e+01,2.762114e+01,-5.045645e+00,-4.251144e+00,2.142205e-01
7.004646e+00,1.322018e+01,1.610968e+01,-1.570819e+00,5.697352e-01,1.045443e+00
7.751523e+00,2.913808e+00,1.851437e+01,8.181079e-03,2.798146e+00,1.170405e+00
9.607147e+00,-1.496630e+00,1.183341e+01,3.812558e+00,3.271619e+00,2.295356e-01
8.208334e+00,-2.674345e+00,1.145731e+01,6.246142e+00,3.144601e+00,-3.808714e-01
5.662066e+00,-2.841669e+00,1.432959e+01,7.981063e+00,2.049366e+00,-8.654905e-01
3.751369e+00,-2.482552e+00,1.862401e+01,8.676665e+00,1.747169e+00,-1.033435e+00
3.349054e+00,1.856636e-01,1.649535e+01,9.881904e+00,1.400609e+00,-1.217937e+00
5.579576e+00,2.425338e-01,1.781513e+01,1.061539e+01,1.233620e+00,-8.594714e-01
1.698507e+00,5.626981e+00,8.404317e+00,1.049896e+01,1.553550e+00,-1.714173e-01
-1.097363e+01,-1.235235e+01,7.048511e+00,8.422710e+00,9.027850e-01,4.697834e-01
3.397086e-01,-1.596710e+01,8.151316e+00,4.357845e+00,1.060052e+00,-7.284658e-01
6.885663e+00,1.173517e+01,8.413253e+00,1.146875e+00,2.292701e+00,7.010563e-02
3.302898e+01,3.935916e+01,-1.174037e+01,-3.482911e+00,2.428448e+00,5.807907e-01
-1.121562e+01,-1.145886e+01,1.003695e+01,-2.640288e+00,1.155527e+00,2.770031e-01
-2.204798e+00,-2.943905e+00,1.933206e+01,-2.678392e+00,-1.951035e+00,-2.676174e+00
2.560231e+00,1.627751e+01,1.082441e+01,-4.446664e+00,5.433404e-01,-3.080425e-01
-7.576458e-01,1.373358e+01,1.233810e+01,-3.102274e+00,1.284898e+00,3.660551e-01
-4.475427e+00,1.132618e+01,8.836363e+00,-1.479273e+00,-5.296816e-01,-6.066692e-01
4.442507e+00,7.903802e+00,5.084462e+00,-1.093651e+00,6.844907e-01,3.872788e-01
1.084499e+01,1.422834e+01,3.199825e+00,-6.552637e-01,1.703445e+00,3.929215e-01
6.335626e+00,1.046692e+01,1.584303e+00,-8.650534e-01,1.245709e+00,3.180341e-01
-4.320687e-01,9.480396e+00,1.225389e+00,-7.026588e-01,-4.248033e-01,-1.957951e-01
-7.307109e+00,7.825836e+00,8.486732e-01,-8.140404e-01,-1.909194e+00,-6.061082e-01
-5.426125e+00,6.110565e+00,-3.006501e-01,-9.207857e-01,-1.889241e+00,-6.198027e-01
-1.816522e+00,6.712137e+00,3.309444e-01,-1.127369e+00,-1.088506e+00,-4.412566e-01
1.114679e+00,7.261670e+00,3.536676e+00,-1.487283e+00,-5.494112e-01,-2.422244e-01
4.657413e+00,8.579721e+00,4.973412e-01,-1.753966e+00,-4.242038e-01,-2.376867e-01
4.569686e+00,9.716121e+00,-1.654148e+00,-1.967652e+00,-4.136205e-01,-1.496719e-01
4.048140e+00,1.091382e+01,3.401951e-01,-2.392086e+00,-7.578104e-01,-2.291458e-02
3.041914e+00,1.154836e+01,7.194535e-01,-2.853534e+00,-1.107463e+00,-6.301114e-02
1.025881e+01,1.293131e+01,-4.206475e+00,-3.408998e+00,-1.445602e+00,2.156414e-01
5.202389e+00,1.695716e+01,-3.028176e+00,-3.547997e+00,-1.402874e+00,3.606603e-01
-6.452462e+00,2.277879e+01,1.448560e+01,-4.264074e+00,-3.015998e+00,2.915338e-01
-1.144431e+01,2.816927e+01,1.772205e+01,-4.874829e+00,-4.842518e+00,-3.342990e-01
-5.743491e+00,7.488462e+00,1.941673e+01,-4.099006e+00,-3.326736e+00,-3.020193e-02
4.551816e+00,4.513078e+00,1.413177e+01,-1.760942e+00,-1.342100e+00,4.581188e-01
6.747595e+00,1.089990e+01,9.938511e+00,-6.719920e-01,1.432845e+00,4.969623e-01
3.497002e+00,6.401233e+00,1.087127e+01,-3.073316e-01,1.577842e+00,3.011111e-01
2.015698e+00,2.904770e+00,7.215872e+00,2.287838e+00,1.054679e+00,-2.796048e-01
2.226095e+00,1.004395e+00,7.703641e+00,3.443662e+00,1.084155e+00,-4.915998e-01
4.275048e+00,-4.816528e-01,8.176795e+00,4.782780e+00,1.600270e+00,-1.043472e+00
4.719775e+00,2.027015e+00,9.691353e+00,5.537121e+00,1.974416e+00,-1.432385e+00
4.879619e+00,3.305947e+00,1.318406e+01,6.162528e+00,1.719897e+00,-1.362766e+00
3.544149e+00,4.068631e+00,1.361635e+01,6.984647e+00,1.312567e+00,-1.363333e+00
3.412037e+00,6.789281e+00,1.197898e+01,8.028945e+00,6.568657e-01,-1.333231e+00
-3.811566e+00,5.822359e+00,7.847088e+00,7.925415e+00,7.893042e-01,-1.124559e+00
-1.856002e+01,-1.349098e+01,6.575333e+00,6.331541e+00,-1.264229e-01,-6.390364e-01
-9.566429e-01,-1.143629e+01,8.633752e+00,3.914274e+00,1.062819e+00,-5.949294e-01
2.215049e+01,3.576184e+01,-3.048584e+00,-1.026831e+00,5.037261e+00,9.997658e-01
8.991134e+00,5.558765e+00,8.409880e+00,-2.751331e+00,5.220548e+00,1.775173e+00
-2.780488e+00,-1.240600e+01,1.797368e+01,-3.412515e+00,2.362535e+00,7.774133e-01
1.133619e+00,7.150277e+00,1.461306e+01,-3.585819e+00,-2.552485e-01,-1.448347e+00
-8.648108e+00,2.118599e+01,1.340542e+01,-3.282422e+00,-1.071953e+00,-4.376321e-01
-1.106234e+01,6.148450e+00,7.906606e+00,-2.233077e+00,-1.991424e+00,-4.652261e-01
3.865488e+00,6.321518e+00,6.009447e+00,-1.222229e+00,-3.778692e-02,1.862402e-01
1.091698e+01,1.334453e+01,4.673816e+00,-7.509534e-01,2.786763e+00,1.162896e+00
6.646766e+00,9.458365e+00,2.007487e+00,-9.343112e-01,2.244717e+00,6.556616e-01
1.764663e+00,9.444245e+00,2.039889e+00,-8.249560e-01,7.479205e-01,3.953117e-01
-2.878260e+00,1.063204e+01,1.213938e+00,-7.991373e-01,-1.013670e+00,-3.556939e-01
-3.674401e+00,7.623733e+00,1.612257e-01,-9.391216e-01,-1.337877e+00,-4.295007e-01
-3.158991e+00,6.201204e+00,1.598170e+00,-1.147266e+00,-1.092718e+00,-3.753402e-01
-1.558789e+00,7.320410e+00,3.785733e+00,-1.343761e+00,-8.935419e-01,-2.265436e-01
3.968489e+00,7.889911e+00,4.111555e+00,-1.619062e+00,-4.763418e-01,-9.256702e-02
4.894926e+00,8.759021e+00,-1.631891e-02,-1.691354e+00,-1.760755e-01,-9.648487e-04
3.852339e+00,1.000746e+01,-2.071594e+00,-2.087197e+00,-5.324866e-01,1.974059e-01
2.300185e+00,1.092922e+01,-5.475184e-01,-2.436109e+00,-9.083311e-01,1.415036e-01
7.905286e+00,1.456381e+01,-4.168282e+00,-3.115757e+00,-1.423063e+00,1.252510e-01
8.765531e+00,2.084525e+01,-6.103535e+00,-3.560553e+00,-1.576858e+00,3.298104e-01
-7.587054e+00,1.910924e+01,1.280282e+01,-4.242641e+00,-2.332510e+00,5.655842e-01
-1.274748e+01,2.568309e+01,1.733457e+01,-4.600289e+00,-4.864519e+00,1.814314e-01
-7.142055e+00,1.242044e+01,1.695996e+01,-4.449647e+00,-3.165218e+00,1.321936e-01
5.399739e+00,3.836944e+00,1.329741e+01,-2.602053e+00,-1.191448e+00,6.031069e-01
9.494714e+00,1.146373e+01,8.732829e+00,-8.545239e-01,2.017252e+00,4.691208e-01
7.357542e+00,7.930421e+00,9.836604e+00,-3.245627e-01,2.057115e+00,2.670547e-01
3.136382e+00,2.806845e+00,7.442959e+00,2.139336e+00,9.863041e-01,-7.394100e-01
2.832417e+00,8.442558e-01,8.123967e+00,3.312482e+00,5.418791e-01,-1.103481e+00
3.515713e+00,4.268589e-01,9.290763e+00,4.455324e+00,7.881954e-01,-1.607641e+00
3.274999e+00,2.964271e+00,9.832854e+00,5.278562e+00,1.272952e+00,-2.003561e+00
3.564884e+00,4.257636e+00,1.436318e+01,6.237731e+00,1.403440e+00,-1.959829e+00
3.890226e+00,5.506995e+00,1.329660e+01,6.891249e+00,1.447637e+00,-1.866744e+00
6.516736e+00,1.106078e+01,1.396938e+01,7.863658e+00,1.343180e+00,-1.583952e+00
3.663594e+00,6.807870e+00,9.284609e+00,7.895912e+00,1.127931e+00,-9.024731e-01
-1.723280e+01,-1.162820e+01,7.799592e+00,6.673596e+00,-4.224819e-01,-7.831978e-01
-2.838546e+00,-1.378431e+01,7.287934e+00,4.654777e+00,3.770879e-02,-8.045722e-01
1.210439e+01,3.433919e+01,-8.179079e-01,1.565650e-01,3.624297e+00,4.497177e-01
3.630943e+01,3.765901e+01,3.299752e+00,-3.342166e+00,4.295194e+00,1.514308e+00
2.813767e-01,-1.194406e+01,1.127568e+01,-1.700478e+00,3.989573e+00,2.356044e+00
1.299764e+00,-1.539596e+00,1.156740e+01,-2.328553e+00,4.511146e-01,-1.401696e+00
-2.881026e+00,2.067137e+01,1.192965e+01,-3.377723e+00,1.904864e-01,1.963680e-01
-4.800711e+00,1.116663e+01,6.557843e+00,-3.127588e+00,-6.876133e-01,-5.380760e-01
-6.361618e+00,6.269291e+00,4.676180e+00,-1.616157e+00,-1.051381e+00,-4.804626e-01
-2.034961e+00,1.013626e+01,5.320238e+00,-1.497006e+00,-2.042624e-01,1.200362e-01
7.703698e+00,1.054978e+01,3.725945e+00,-1.545092e+00,1.764968e+00,5.776917e-01
4.637570e+00,7.012866e+00,3.337648e+00,-1.438897e+00,2.089909e+00,5.912467e-01
1.244510e+00,9.007973e+00,5.048692e+00,-1.448660e+00,2.613588e-01,-3.895829e-02
3.119143e-01,9.783139e+00,5.351064e+00,-1.510424e+00,-4.266110e-01,-2.004355e-01
1.307361e+00,1.023778e+01,4.230706e+00,-1.462896e+00,-8.121344e-01,-3.338726e-01
-3.139545e-01,1.050563e+01,4.961262e+00,-1.394312e+00,-9.328283e-01,-3.771368e-01
-7.157033e-01,8.661878e+00,3.449325e+00,-1.284744e+00,-1.165250e+00,-4.083198e-01
2.538826e+00,7.825991e+00,-2.027522e+00,-1.240004e+00,-9.104862e-01,-2.328114e-01
1.655689e+00,1.084762e+01,-4.410230e+00,-1.403868e+00,-3.755225e-01,1.585648e-02
-4.171088e-02,9.898314e+00,-1.137440e+00,-2.013239e+00,-6.430062e-01,1.610293e-01
4.365565e+00,1.182727e+01,1.155969e+00,-3.010015e+00,-1.458471e+00,-5.777986e-02
1.075551e+01,1.479220e+01,-3.489615e+00,-3.567445e+00,-1.438047e+00,2.201561e-01
4.381187e+00,1.743283e+01,-1.581506e+00,-4.010237e+00,-1.235948e+00,3.332897e-01
-8.859427e+00,1.954056e+01,1.560557e+01,-4.534613e+00,-2.687788e+00,2.065357e-01
-1.689794e+01,2.698031e+01,1.696273e+01,-4.984017e+00,-5.357828e+00,-2.757527e-01
-8.605651e+00,2.398249e+00,2.143214e+01,-4.401235e+00,-3.485540e+00,1.678972e-02
1.016553e+01,1.278709e+01,8.518608e+00,-9.845475e-01,-4.808904e-02,7.142119e-01
1.038478e+01,1.151681e+01,1.115765e+01,-7.289539e-01,2.922677e+00,9.608168e-01
7.500475e+00,3.824635e+00,8.402232e+00,1.620524e+00,2.475205e+00,1.357137e-01
6.057240e+00,1.409682e+00,8.668358e+00,3.064297e+00,1.763830e+00,-3.607412e-01
6.240000e+00,2.010654e+00,1.067536e+01,4.707012e+00,1.047128e+00,-9.868040e-01
5.998493e+00,1.878004e+00,1.101822e+01,5.586140e+00,9.497036e-01,-1.450751e+00
4.834849e+00,2.263520e+00,1.540741e+01,6.994395e+00,7.433608e-01,-1.453417e+00
4.130236e+00,3.426937e+00,1.273564e+01,7.747209e+00,4.738315e-01,-1.383388e+00
2.412156e+00,5.733369e+00,1.386959e+01,8.708048e+00,1.593067e-01,-9.858811e-01
-2.323332e+00,4.012359e-01,7.042346e+00,8.665714e+00,1.406486e-01,-6.656913e-01
-1.477851e+01,-8.016414e+00,9.666877e+00,6.624567e+00,2.885016e-01,-7.427357e-01
2.818010e-01,-1.357582e+01,2.733050e+00,4.540602e+00,5.305483e-01,-6.908964e-01
1.758401e+01,3.651554e+01,-7.967953e+00,2.585799e-02,2.485547e+00,4.904907e-01
2.885326e+01,3.564625e+01,3.437418e+00,-3.496955e+00,2.170904e+00,5.283904e-01
-4.196885e+00,-1.041001e+01,1.513673e+01,-2.498120e+00,9.737969e-01,8.766060e-01
-9.115289e+00,3.591269e+00,1.921985e+01,-3.207924e+00,-1.084105e+00,-1.768714e+00
-8.986246e-01,2.484955e+01,1.344603e+01,-3.666066e+00,6.201702e-02,4.229928e-01
-6.409696e-01,1.214381e+01,8.608179e+00,-2.902689e+00,3.185208e-01,-3.991635e-01
-1.648093e+00,5.832517e+00,6.038473e+00,-1.084260e+00,6.218773e-01,3.844603e-01
6.513724e+00,1.202737e+01,5.193950e+00,-8.959335e-01,1.311728e+00,5.069368e-01
6.172830e+00,1.116433e+01,2.601284e+00,-9.466839e-01,2.323775e+00,7.377832e-01
1.153821e+00,7.777812e+00,1.447039e+00,-8.465579e-01,1.162753e+00,2.717576e-01
-7.547558e-01,9.294406e+00,9.370595e-03,-7.498395e-01,-6.292012e-01,-2.940008e-01
-1.826848e+00,9.000217e+00,5.602480e-02,-8.645389e-01,-9.006729e-01,-3.181887e-01
-2.974640e+00,7.686093e+00,1.571820e+00,-1.158596e+00,-1.081534e+00,-3.980757e-01
-2.195299e+00,8.426124e+00,3.176329e+00,-1.375749e+00,-1.076063e+00,-4.722780e-01
5.284971e+00,9.869918e+00,2.559539e+00,-1.646212e+00,-6.498707e-01,-2.563037e-01
4.077383e+00,8.087694e+00,-9.251408e-01,-1.725102e+00,-3.046077e-01,-1.905546e-01
1.399967e+00,1.132917e+01,-2.060433e+00,-2.082771e+00,-5.167277e-01,6.801333e-02
4.517452e-01,1.212654e+01,-4.936125e-01,-2.495013e+00,-9.431858e-01,1.014644e-01
2.136344e+00,1.327403e+01,2.343444e+00,-3.444223e+00,-1.342334e+00,2.206654e-01
7.959942e+00,1.614749e+01,-2.951752e+00,-3.850879e+00,-1.319024e+00,3.786867e-01
-2.161913e+00,1.739398e+01,7.996509e+00,-4.426046e+00,-1.328278e+00,6.759267e-01
-6.634084e+00,1.738863e+01,1.519239e+01,-4.862216e+00,-3.409526e+00,4.430340e-01
-8.748628e+00,1.741696e+01,1.692431e+01,-4.659009e+00,-4.241557e+00,-3.947458e-01
3.343301e-01,6.665651e-01,1.817832e+01,-3.614598e+00,-2.573295e+00,-4.539409e-01
9.746165e+00,1.260326e+01,6.833948e+00,-1.007526e+00,5.414589e-01,-1.144486e-01
5.918385e+00,7.539961e+00,1.027926e+01,-9.105323e-01,1.397679e+00,-3.874559e-01
2.255049e+00,3.351653e+00,7.933201e+00,1.665217e+00,7.416363e-01,-1.308703e+00
3.129387e+00,1.626682e+00,7.813318e+00,2.689085e+00,5.028003e-01,-1.464462e+00
3.737182e+00,3.231547e+00,1.012739e+01,4.166371e+00,1.545151e+00,-1.714286e+00
3.985889e+00,3.937582e+00,1.049169e+01,4.964527e+00,2.168058e+00,-1.769885e+00
4.192431e+00,3.543018e+00,1.304967e+01,6.090153e+00,2.245443e+00,-1.493761e+00
5.852786e+00,4.555302e+00,1.418281e+01,6.990010e+00,2.106428e+00,-1.125096e+00
1.008991e+01,9.148900e+00,1.107697e+01,8.191418e+00,1.433779e+00,-2.721499e-01
5.408955e+00,3.768953e+00,7.369299e+00,8.445208e+00,6.622424e-01,3.651215e-01
-1.594998e+01,-9.286556e+00,1.075041e+01,7.525155e+00,-5.197376e-01,-5.670145e-01
-8.127186e+00,-1.478814e+01,3.325638e-01,5.910015e+00,-8.672649e-01,-1.074708e+00
7.810513e-01,-2.678229e+00,1.084863e+01,1.857570e+00,1.724138e+00,-1.285621e-01
3.465295e+01,3.808451e+01,-3.322970e+00,-2.235549e+00,2.869669e+00,8.951019e-01
-4.124818e+00,-9.489070e+00,1.110347e+01,-2.892949e+00,3.506438e+00,2.008119e+00
-2.627796e+00,-1.255084e+01,1.395743e+01,-1.843618e+00,1.294019e+00,6.183844e-01
-7.192114e+00,1.803547e+01,1.794402e+01,-3.420715e+00,-5.657848e-01,-1.254165e+00
-5.118954e+00,2.745625e+01,1.432225e+01,-3.628253e+00,4.673796e-01,7.397999e-01
9.109346e-01,8.200991e-01,5.004442e+00,-2.318530e+00,4.942791e-01,-4.587923e-01
1.959489e+00,8.012616e+00,5.143891e+00,-1.270178e+00,9.854929e-01,3.952320e-01
8.694268e+00,1.329914e+01,3.870353e+00,-1.420830e+00,1.750302e+00,5.228059e-01
3.921805e+00,8.717495e+00,2.749289e+00,-1.316055e+00,1.517907e+00,3.474379e-01
-2.758300e+00,7.066122e+00,2.927959e+00,-1.266760e+00,-4.379721e-01,-2.074488e-01
-2.138486e+00,9.331494e+00,2.276855e+00,-1.278707e+00,-1.508162e+00,-5.530888e-01
-1.602572e+00,8.622285e+00,1.460971e+00,-1.439283e+00,-1.109356e+00,-3.492209e-01
-1.710282e+00,8.898373e+00,2.490501e+00,-1.510269e+00,-8.788877e-01,-2.910868e-01
1.689792e+00,8.619770e+00,5.487388e+00,-1.699184e+00,-6.264035e-01,-2.311655e-01
4.703400e+00,9.454813e+00,5.328744e+00,-1.729750e+00,-5.074431e-01,-2.606300e-01
1.837433e+00,8.992075e+00,-2.921828e+00,-1.841651e+00,-5.813035e-01,-1.244983e-01
1.750118e+00,1.051227e+01,-3.394501e+00,-1.992918e+00,-9.190288e-01,-6.762861e-02
1.176986e+00,1.191697e+01,-1.189535e+00,-2.593428e+00,-1.266003e+00,-1.472208e-02
6.501371e+00,1.182466e+01,-2.493561e+00,-3.376175e+00,-1.577629e+00,4.106588e-02
8.783018e+00,1.985956e+01,-2.802163e+00,-4.192073e+00,-1.407116e+00,2.713336e-01
-2.271889e+00,2.004778e+01,1.206693e+01,-4.891079e+00,-1.787179e+00,3.323392e-01
-1.939162e+01,3.913094e+01,2.282574e+01,-5.332993e+00,-4.732128e+00,-2.788838e-01
-2.016139e+01,1.340970e+01,2.422284e+01,-5.588112e+00,-5.586975e+00,-5.361831e-01
9.039817e+00,1.226798e+01,1.441061e+01,-2.279133e+00,-2.296730e+00,5.360359e-01
1.189701e+01,1.563336e+01,1.683619e+01,-1.068864e+00,2.312853e+00,1.420702e+00
4.655301e+00,1.722623e+00,1.183885e+01,5.837350e-01,2.698944e+00,6.297387e-01
3.067934e+00,3.421869e-01,1.143291e+01,3.016693e+00,1.919043e+00,-1.960537e-03
-5.096428e-01,4.110665e-01,1.431679e+01,4.853467e+00,1.347789e+00,-3.161708e-01
-1.672580e-01,1.403302e+00,1.320533e+01,5.968055e+00,1.630681e+00,-9.583048e-01
4.805267e+00,1.694674e+00,1.478203e+01,7.785299e+00,2.749959e+00,-9.466485e-01
1.225945e+01,5.292023e-01,1.408364e+01,8.836401e+00,3.137722e+00,-7.512264e-01
1.237044e+01,8.752745e+00,1.315686e+01,1.020194e+01,2.686295e+00,-3.697399e-01
-2.600144e+00,5.389460e+00,1.003052e+01,1.028572e+01,1.088427e+00,1.342705e-01
-1.810600e+01,-6.172573e+00,1.042749e+01,8.478141e+00,-1.353966e+00,-1.012986e+00
-7.667918e+00,-1.126330e+01,2.436328e+00,6.357711e+00,-7.607662e-01,-1.003821e+00
1.386730e+01,-2.442441e+00,2.109152e+00,3.801462e+00,3.008671e+00,6.042561e-01
1.904437e+01,1.612044e-01,5.510258e+00,5.099001e-01,4.708454e+00,1.456343e+00
5.876904e+00,7.989745e-01,1.347965e+01,-3.191207e+00,1.793063e+00,3.224906e-01
1.206845e+00,7.096476e+00,-1.183605e+01,-4.162958e+00,-1.211159e+00,-9.186294e-01
-3.421216e+01,3.505367e+01,2.084053e+01,-4.181019e+00,-3.753117e+00,-1.317562e+00
1.462903e+00,-1.236819e+01,1.000649e+01,-5.524795e+00,-4.341120e+00,-6.589140e-01
1.290990e+01,-8.840025e+00,1.080792e+01,-2.198977e+00,4.918583e+00,1.719366e+00
1.192236e+01,2.075545e+01,1.515394e+01,-2.362110e+00,5.022310e+00,2.312264e+00
1.108345e+00,1.295779e+01,8.204198e+00,-3.225480e+00,3.099500e+00,4.522738e-01
-2.647703e+00,5.175345e+00,4.768921e+00,-2.166246e+00,-4.822519e-02,8.452317e-01
2.221893e+00,1.112833e+01,7.541991e+00,-7.914005e-01,-1.078945e+00,-2.642261e-01
7.919738e+00,1.044808e+01,5.663994e+00,-9.101133e-01,2.331802e-01,1.837531e-01
5.073110e+00,8.029770e+00,4.514524e+00,-7.009754e-01,1.149754e+00,2.047037e-01
3.034386e-01,9.637708e+00,3.541036e+00,-4.070409e-01,2.112061e-01,-6.686040e-02
-3.457714e+00,1.048948e+01,2.990619e+00,-4.379682e-01,-1.137817e+00,-3.724603e-01
-1.923432e+00,9.817915e+00,2.500112e+00,-4.063909e-01,-1.177325e+00,-3.173395e-01
6.118940e-01,8.318932e+00,2.100880e+00,-4.155037e-01,-5.339671e-01,-2.104265e-01
5.692254e-01,7.690497e+00,1.957097e+00,-5.319335e-01,-8.060225e-02,-7.660461e-02
-2.209538e+00,7.083382e+00,4.047023e+00,-7.675206e-01,-1.852444e-01,-5.646605e-02
-1.430443e+00,8.283599e+00,4.058378e+00,-9.219025e-01,-4.028234e-01,-7.712934e-02
3.121727e+00,7.654646e+00,5.105677e-01,-1.029372e+00,-2.314694e-01,-1.193416e-02
2.851334e+00,7.092627e+00,-3.638263e-01,-1.122805e+00,3.612370e-02,1.533549e-01
3.925675e+00,1.199266e+01,-3.242181e+00,-1.492821e+00,-3.645964e-01,2.016890e-01
4.732486e+00,1.002876e+01,-4.079730e+00,-1.956990e+00,-7.042561e-01,2.183054e-01
6.247807e+00,1.094123e+01,-2.824981e+00,-2.696183e+00,-1.162520e+00,1.337243e-01
3.392124e+00,1.734043e+01,-3.641026e+00,-3.373380e+00,-1.602067e+00,1.413472e-01
-7.354854e+00,2.037895e+01,1.122216e+01,-4.225643e+00,-2.748549e+00,4.807071e-01
-1.294309e+01,2.459394e+01,1.708288e+01,-4.525203e+00,-4.013776e+00,7.337786e-01
-7.339836e+00,1.195817e+01,1.833365e+01,-4.508851e+00,-3.323817e+00,-2.851040e-02
5.099685e+00,3.114409e+00,1.546896e+01,-3.082914e+00,-1.180559e+00,6.092091e-01
1.079422e+01,1.255098e+01,9.628117e+00,-8.578848e-01,2.010736e+00,5.494140e-01
8.311688e+00,6.808743e+00,9.058971e+00,-7.129673e-01,2.632085e+00,5.486547e-01
4.593519e+00,1.093519e+00,6.415047e+00,1.604817e+00,1.713777e+00,-1.111674e-01
3.635588e+00,3.022627e-01,7.257726e+00,2.997057e+00,8.635323e-01,-1.041356e+00
2.040503e+00,1.921306e+00,7.691532e+00,3.995909e+00,5.848427e-01,-1.721190e+00
1.177852e+00,2.928401e+00,9.563008e+00,4.691462e+00,8.209443e-01,-1.986334e+00
2.004278e+00,3.041676e+00,1.176278e+01,5.513858e+00,1.053509e+00,-1.776661e+00
2.635882e+00,2.766259e+00,1.218082e+01,6.372066e+00,1.413450e+00,-1.512299e+00
8.368081e+00,5.455918e+00,1.270805e+01,7.477779e+00,1.727534e+00,-1.032913e+00
6.546369e+00,7.439815e+00,9.213956e+00,7.680770e+00,1.983226e+00,-5.266612e-01
-9.544123e+00,-6.499070e+00,4.893372e+00,6.830604e+00,9.536100e-01,2.383411e-02
-9.787522e+00,-1.183330e+01,6.747538e+00,5.110387e+00,-7.240508e-02,-4.081588e-01
1.831875e+01,3.317647e+01,-7.617782e+00,8.770518e-01,1.314759e+00,5.450304e-02
7.526570e+00,2.995174e+01,6.502743e+00,-1.913104e+00,2.576146e+00,5.848179e-01
6.706576e+00,-6.613762e+00,1.171797e+01,-2.444516e+00,3.662461e+00,2.133763e+00
3.891173e+00,-7.352896e+00,1.278400e+01,-3.205654e+00,8.298177e-01,-8.173926e-01
-9.851402e-01,2.368068e+01,1.176944e+01,-2.943422e+00,1.733884e-01,-7.498955e-02
-6.948365e+00,1.207823e+01,7.674879e+00,-2.792154e+00,-7.245423e-01,-3.440689e-01
-4.759307e+00,5.481377e+00,4.345086e+00,-1.639070e+00,-7.641629e-01,-1.656843e-01
1.997139e+00,9.518048e+00,4.185736e+00,-8.717810e-01,3.194812e-01,1.127919e-01
6.373784e+00,1.033600e+01,1.901783e+00,-8.971142e-01,1.879878e+00,6.502784e-01
4.074596e+00,7.481340e+00,2.208583e+00,-9.248059e-01,1.254759e+00,4.291073e-01
1.361224e+00,1.065698e+01,2.114766e+00,-8.995173e-01,-1.442544e-01,-6.674827e-02
-2.195351e+00,1.044530e+01,1.630412e+00,-1.075914e+00,-8.975299e-01,-3.025092e-01
-4.824930e+00,8.955245e+00,2.775803e+00,-1.185059e+00,-1.522302e+00,-5.187814e-01
-4.616251e+00,8.323750e+00,4.456250e+00,-1.286567e+00,-1.390171e+00,-4.247749e-01
3.718565e+00,9.601980e+00,5.957954e+00,-1.366258e+00,-7.163571e-01,-1.997014e-01
5.472314e+00,8.915076e+00,4.252517e+00,-1.371028e+00,8.476200e-04,1.170181e-01
2.371959e+00,9.344123e+00,-3.427882e+00,-1.291285e+00,8.403000e-02,1.669337e-01
4.921652e-01,1.010145e+01,-6.216083e+00,-1.431676e+00,-3.156856e-01,2.106227e-01
3.572654e-01,1.002078e+01,-1.245850e+00,-2.200072e+00,-1.025592e+00,1.456042e-01
3.328758e+00,1.224240e+01,7.363550e-01,-2.880803e+00,-1.261447e+00,5.818505e-02
9.702844e+00,1.928806e+01,-6.494377e+00,-3.657055e+00,-1.220986e+00,2.995657e-01
9.023097e-01,1.698428e+01,4.244659e+00,-3.857280e+00,-1.243961e+00,3.913894e-01
-6.520447e+00,2.455141e+01,1.689898e+01,-4.580655e+00,-3.766955e+00,-2.914312e-03
-1.201191e+01,2.429168e+01,1.691782e+01,-4.905687e+00,-4.780697e+00,-6.376415e-01
4.054050e+00,2.509117e+00,1.400352e+01,-3.759848e+00,-3.157951e+00,-3.468366e-01
9.950138e+00,8.442144e+00,8.656521e+00,-1.104332e+00,-7.226822e-01,-1.705085e-01
4.126887e+00,7.245257e+00,1.019363e+01,-1.074408e+00,1.273916e+00,-4.419576e-01
1.466755e+00,4.159534e+00,7.829364e+00,4.212117e-01,7.716835e-01,-1.014086e+00
1.242107e+00,6.358911e-01,7.961068e+00,2.322376e+00,4.353135e-01,-1.579889e+00
2.388501e+00,9.978366e-01,8.816167e+00,3.655849e+00,1.026024e+00,-1.697318e+00
3.271513e+00,4.261575e+00,1.080195e+01,4.843817e+00,2.117445e+00,-1.837193e+00
4.334606e+00,4.817884e+00,1.214826e+01,5.551727e+00,2.494335e+00,-1.469754e+00
6.167270e+00,3.120114e+00,1.167728e+01,6.600518e+00,2.633706e+00,-9.999340e-01
1.040437e+01,4.121457e+00,1.188752e+01,7.668917e+00,2.364247e+00,-6.197326e-01
3.589459e+00,3.657807e+00,7.251371e+00,8.148790e+00,1.769366e+00,1.153470e-01
-1.191152e+01,-4.807892e+00,6.649413e+00,7.424853e+00,3.541478e-01,1.711182e-01
-8.463443e+00,-1.235838e+01,1.185042e+01,4.901289e+00,-7.650864e-01,-7.277170e-01
2.520362e+00,6.365653e+00,6.982811e+00,1.744075e+00,1.055128e+00,-3.114925e-01
1.428219e+01,3.108823e+01,7.956218e+00,-2.175110e+00,3.503901e+00,1.056488e+00
4.183797e+00,-3.372363e+00,8.634053e+00,-1.917544e+00,3.646546e+00,1.630617e+00
-5.226795e+00,1.134511e+00,1.338991e+01,-2.319759e+00,2.942006e-01,-1.176039e+00
-3.723636e+00,1.982190e+01,1.211235e+01,-3.140786e+00,-2.308997e-01,-4.105097e-01
-2.615758e+00,9.755276e+00,6.612011e+00,-3.016568e+00,-4.755477e-01,-4.442691e-01
-3.762994e+00,3.848710e+00,5.357444e+00,-1.891482e+00,-4.373811e-01,-1.697261e-01
2.990490e+00,1.182693e+01,4.495067e+00,-1.240230e+00,5.980895e-01,2.252356e-01
7.024372e+00,1.169306e+01,3.667433e+00,-1.334183e+00,1.470018e+00,6.127614e-01
2.321387e+00,7.707113e+00,2.558197e+00,-1.096304e+00,1.353351e+00,4.274600e-01
-2.111267e+00,8.178634e+00,3.007167e+00,-1.052198e+00,-1.359980e-01,-4.569045e-02
-1.551430e+00,9.702766e+00,1.630600e+00,-9.960930e-01,-8.037293e-01,-3.279577e-01
-8.285491e-01,8.648549e+00,5.864001e-01,-1.039578e+00,-5.709083e-01,-2.565776e-01
6.593004e-01,7.909157e+00,1.602067e+00,-1.213078e+00,-2.349948e-01,-1.626253e-01
9.211842e-01,8.541949e+00,3.466010e+00,-1.447729e+00,-1.458988e-01,-1.235690e-01
2.808808e+00,8.507517e+00,3.723843e+00,-1.767280e+00,-2.644997e-01,-1.351775e-01
2.064970e+00,6.562130e+00,1.985651e+00,-1.881182e+00,-4.641943e-01,-1.864336e-01
4.464925e+00,1.102609e+01,4.887312e-01,-2.045216e+00,-6.644473e-01,-1.400427e-01
3.164258e+00,1.045081e+01,1.454302e+00,-2.445832e+00,-8.132282e-01,3.285518e-02
2.221384e+00,1.102212e+01,3.903946e+00,-3.069569e+00,-1.403619e+00,-1.028194e-01
1.166746e+01,1.389653e+01,-3.025334e+00,-3.493084e+00,-1.716505e+00,-2.485215e-02
1.326185e+01,1.440753e+01,-1.836788e+00,-3.829017e+00,-1.370057e+00,1.803955e-01
1.670458e+00,1.440997e+01,8.908687e+00,-4.545585e+00,-1.954379e+00,-1.672136e-02
-2.787309e+01,3.333005e+01,3.061737e+01,-5.265907e+00,-5.727548e+00,-1.357082e+00
-2.707096e+01,1.640616e+01,2.150385e+01,-5.384794e+00,-7.390974e+00,-1.585212e+00
-7.357797e-01,1.339610e+00,1.790753e+01,-3.879860e+00,-4.635911e+00,-1.724368e-01
8.582527e+00,8.719205e+00,1.240692e+01,-1.025774e+00,1.018109e+00,2.112654e+00
1.132640e+01,2.016069e+00,8.355757e+00,1.766860e-01,4.047039e+00,1.834630e+00
9.882566e+00,-2.066203e+00,4.362069e+00,2.210229e+00,3.538129e+00,1.142511e+00
4.232100e+00,5.970364e-01,7.692838e+00,3.957915e+00,2.381073e+00,4.080820e-01
2.799145e+00,1.095108e+00,9.248094e+00,4.563924e+00,1.163960e+00,-1.947409e-01
3.638809e+00,5.644595e-01,9.678809e+00,5.682923e+00,1.079362e+00,-9.144227e-01
6.268030e+00,1.573796e-01,1.340750e+01,6.557444e+00,1.618108e+00,-1.075116e+00
9.242572e+00,1.865548e+00,1.141960e+01,7.505025e+00,2.056714e+00,-1.096935e+00
9.766361e+00,3.113401e+00,1.208682e+01,8.211820e+00,1.916572e+00,-9.921435e-01
-3.680957e+00,5.066430e+00,1.014564e+01,8.394335e+00,9.050300e-01,-6.878718e-01
-1.753803e+01,-1.267365e+01,7.141173e+00,7.310165e+00,-6.997951e-01,-6.704239e-01
-1.793704e+01,8.608870e+00,2.248994e+00,3.669832e+00,-1.036228e+00,-8.604561e-01
1.238590e+01,3.862797e+01,1.694597e+01,-1.462414e+00,1.317073e+00,9.589964e-01
1.454512e+01,-2.236296e+01,1.427343e+01,-6.898118e+00,5.370313e+00,2.851661e+00
6.242847e+00,-2.212223e+01,1.690686e+01,-2.275685e+00,3.212833e+00,5.016131e-01
-2.383431e+01,3.435065e+01,1.961527e+01,-1.530527e+00,-1.183988e+00,-2.147024e+00
-1.285998e+01,1.558062e+01,1.126797e+01,-3.370982e+00,-9.648108e-01,8.838611e-01
1.196410e+01,4.662882e+00,6.904138e+00,-1.312403e+00,8.347186e-01,-2.564169e-01
1.463676e+01,9.760363e+00,4.523219e+00,-6.109360e-01,3.917900e+00,1.271446e+00
5.537461e+00,1.128889e+01,5.172893e+00,-8.548900e-01,2.752768e+00,4.033653e-01
-6.257233e-02,1.077174e+01,5.230000e+00,-8.305454e-01,2.243529e-01,1.121621e-01
1.424214e+00,7.520490e+00,4.226104e+00,-8.495320e-01,-1.953136e+00,-6.301398e-01
-1.563399e-01,6.555013e+00,4.322546e+00,-8.103210e-01,-1.737616e+00,-7.289271e-01
-5.822016e+00,4.778631e+00,4.567030e+00,-8.606094e-01,-1.713239e+00,-9.047246e-01
-9.636767e+00,4.760000e+00,4.616057e+00,-9.105367e-01,-2.326987e+00,-9.094869e-01
-4.148622e+00,5.953958e+00,3.849371e+00,-9.984771e-01,-1.970601e+00,-4.634067e-01
6.613905e-01,7.091528e+00,4.160000e+00,-1.045533e+00,-7.324402e-01,-4.843073e-02
7.603690e+00,7.944369e+00,3.892429e+00,-1.137559e+00,8.322811e-01,9.745483e-02
4.911706e+00,7.086696e+00,2.358995e+00,-1.239814e+00,9.823556e-01,1.296793e-02
-7.808700e-01,5.963837e+00,4.058525e-01,-1.528033e+00,-3.886168e-01,-2.477964e-01
2.457684e+00,1.138531e+01,-2.809690e+00,-1.833607e+00,-1.105073e+00,-2.377282e-01
1.260040e+01,1.226024e+01,-3.542288e+00,-2.669287e+00,-7.490061e-01,2.219715e-01
1.882886e+01,1.689446e+01,-6.200660e+00,-3.208799e+00,-6.865594e-01,2.877327e-01
-9.129196e+00,2.951645e+01,2.059053e+01,-4.652082e+00,-1.992317e+00,-6.635228e-02
-2.525404e+01,2.691370e+01,2.502168e+01,-5.869660e+00,-5.257101e+00,8.501944e-02
-1.401285e+01,1.057921e+01,2.262016e+01,-5.125327e+00,-7.490306e+00,-6.745862e-01
7.407770e+00,-1.094049e-01,2.368754e+01,-3.372573e+00,-2.584466e+00,9.682347e-01
1.352473e+01,8.762673e+00,9.104702e+00,-2.338476e-01,3.421903e+00,1.355415e+00
9.687508e+00,3.904843e+00,9.986311e+00,3.597567e-01,3.867620e+00,9.787312e-01
8.386942e+00,-3.951520e+00,5.267942e+00,3.015787e+00,2.183585e+00,-2.721758e-01
8.095483e+00,-4.732835e+00,6.792963e+00,4.567523e+00,1.021348e+00,-9.875324e-01
7.036118e+00,-2.516967e+00,9.465234e+00,5.760742e+00,6.443347e-01,-1.786916e+00
4.118032e+00,-1.163652e+00,1.241828e+01,6.339700e+00,3.936495e-01,-2.267857e+00
-8.062077e-01,9.205688e-01,1.138040e+01,7.204730e+00,6.145919e-02,-2.537132e+00
-1.204567e-01,2.577317e+00,1.194723e+01,7.918329e+00,6.297120e-02,-2.423271e+00
4.509789e+00,1.690100e+01,8.488157e+00,8.464008e+00,6.254953e-01,-1.703156e+00
-2.761028e+00,4.564227e+00,6.824292e+00,8.119437e+00,1.029796e+00,-8.372744e-01
-1.276864e-01,-1.517652e+01,-7.195454e+00,6.679697e+00,6.955586e-01,-1.463750e-01
1.575589e+00,-1.020583e+01,-3.357200e+00,5.388874e+00,1.677480e+00,-2.714617e-01
5.187630e+00,9.531378e+00,7.524404e+00,-6.756538e-02,2.751733e+00,9.979240e-01
1.748218e+01,3.868964e+01,-1.218173e+01,-3.253599e+00,1.832449e+00,7.508645e-01
-1.657238e+01,-3.195795e+00,4.935844e+00,-4.939452e+00,1.040514e+00,5.049921e-01
-1.564573e+01,-7.173179e+00,1.892300e+01,-7.031553e-01,4.410773e-01,1.342861e+00
2.797907e+00,1.133217e+01,1.695615e+01,-3.931419e+00,-1.879715e+00,-1.283347e+00
-4.551970e-01,2.140452e+01,1.351622e+01,-4.137286e+00,2.097108e+00,2.455537e-01
-2.017702e+00,7.843552e+00,7.074324e+00,-3.008816e+00,6.360198e-01,7.891029e-02
-1.786928e+00,8.246674e+00,7.833667e+00,-1.783184e+00,-1.460879e-01,2.275234e-02
2.610552e+00,1.107777e+01,5.601074e+00,-1.277895e+00,5.097569e-01,3.343837e-01
2.899442e+00,1.011833e+01,3.717077e+00,-1.029944e+00,9.235822e-01,3.646968e-01
1.566247e+00,7.868448e+00,3.024782e+00,-7.916847e-01,6.619716e-01,1.959500e-01
8.471459e-01,7.910666e+00,3.309825e+00,-6.454741e-01,1.844664e-01,1.909528e-01
7.979335e-01,8.368034e+00,7.747336e-01,-5.554711e-01,-3.769196e-01,-9.943725e-02
-4.318355e-01,7.288595e+00,6.653552e-02,-6.586167e-01,-5.781655e-01,-1.411471e-01
-3.811977e+00,6.738258e+00,9.425052e-01,-8.612057e-01,-1.049744e+00,-3.709134e-01
-1.535645e+00,6.895228e+00,1.978755e+00,-1.152237e+00,-1.267377e+00,-5.061079e-01
3.685493e+00,8.061126e+00,2.514648e+00,-1.553461e+00,-6.973724e-01,-2.265580e-01
3.632261e+00,7.837145e+00,9.668261e-01,-1.757780e+00,-1.414569e-01,-9.275392e-02
3.049830e+00,8.668135e+00,1.742033e+00,-2.175763e+00,-3.192805e-01,-6.283585e-02
2.418667e+00,9.297847e+00,3.091379e+00,-2.472017e+00,-8.041826e-01,-1.641442e-01
-1.148301e-01,1.040732e+01,4.118994e+00,-3.177435e+00,-1.660931e+00,-3.166445e-01
3.614667e+00,1.692393e+01,-1.160000e+00,-3.629754e+00,-2.151966e+00,-2.473919e-01
3.770913e+00,2.732088e+01,2.177311e+00,-4.076586e+00,-1.911452e+00,2.169662e-01
-1.294423e+00,2.432373e+01,1.267905e+01,-4.882273e+00,-2.337411e+00,5.651930e-01
-1.002602e+01,1.818106e+01,1.866992e+01,-5.042582e+00,-4.128253e+00,3.964918e-01
-5.232146e+00,8.281210e+00,2.163799e+01,-3.962090e+00,-4.026183e+00,-1.755346e-01
7.867140e+00,9.614153e+00,9.057234e+00,-1.862855e+00,-1.515009e+00,-4.450652e-01
6.335787e+00,8.331123e+00,8.163611e+00,-6.405749e-01,4.741459e-01,-8.242652e-02
2.673047e+00,1.385235e+00,8.257093e+00,1.270135e+00,1.494071e+00,-3.344266e-01
2.867464e+00,6.789052e-01,7.700130e+00,3.026374e+00,1.257274e+00,-1.153574e+00
3.831221e+00,9.983435e-01,9.866868e+00,4.252309e+00,1.697868e+00,-1.507212e+00
5.192485e+00,5.175470e-01,9.517930e+00,5.103381e+00,2.215014e+00,-1.658432e+00
9.519928e+00,6.269788e-01,1.052201e+01,6.338861e+00,2.868975e+00,-1.462448e+00
1.016677e+01,2.696347e+00,9.688442e+00,7.090853e+00,2.761367e+00,-1.140236e+00
8.322110e+00,8.082198e+00,9.412725e+00,7.804951e+00,1.511382e+00,-1.030781e+00
5.591217e-01,6.733993e+00,8.542467e+00,7.858521e+00,4.033914e-01,-9.858814e-01
-1.927793e+01,-5.374843e+00,6.065061e+00,6.875565e+00,-1.090069e+00,-1.474782e+00
-5.355909e+00,-1.138237e+01,-1.711310e+00,5.334450e+00,-9.537912e-01,-1.491246e+00
6.259317e+00,-4.541538e+00,3.499190e+00,2.900645e+00,2.687930e+00,1.605484e-01
1.495409e+01,3.784856e+01,-4.203733e+00,-3.325982e-01,4.441184e+00,1.098802e+00
-4.321356e+00,-7.150618e+00,9.179607e+00,-3.744722e+00,2.996011e+00,8.298655e-01
-3.128578e+00,-5.651717e+00,1.536942e+01,-1.435711e+00,2.219770e+00,1.623015e+00
5.490057e+00,9.002704e+00,1.855551e+01,-3.473111e+00,-5.879800e-01,-1.243461e+00
1.779196e+00,1.514548e+01,1.133650e+01,-4.557126e+00,5.209791e-01,-6.920804e-03
-9.699133e+00,1.150446e+01,1.153319e+01,-2.820214e+00,-3.416151e-01,-3.025081e-01
-5.898741e+00,8.899545e+00,6.249668e+00,-1.636913e+00,-1.375192e+00,-5.347320e-01
4.516919e+00,1.022708e+01,5.632278e+00,-1.272925e+00,5.346835e-01,3.286918e-01
6.182260e+00,1.053647e+01,4.412231e+00,-8.083974e-01,1.967367e+00,6.999507e-01
1.931748e+00,6.782944e+00,3.412418e+00,-8.242952e-01,1.896647e+00,5.982538e-01
6.319752e-01,9.534292e+00,2.601731e+00,-7.145411e-01,7.352893e-01,3.386713e-01
5.149135e-02,9.453487e+00,1.145958e+00,-7.462666e-01,-4.599604e-01,9.668765e-03
-2.822281e-01,8.139457e+00,2.496195e-01,-8.419510e-01,-7.066445e-01,-2.132075e-01
-1.196300e+00,7.008682e+00,1.936191e+00,-1.084737e+00,-8.170709e-01,-1.995654e-01
8.549072e-01,7.435925e+00,3.101770e+00,-1.361692e+00,-9.998452e-01,-2.990368e-01
3.145828e+00,8.358803e+00,3.204864e+00,-1.665916e+00,-8.721247e-01,-2.293601e-01
2.350836e-02,7.475771e+00,1.578745e+00,-1.834551e+00,-9.118740e-01,-2.704080e-01
1.673592e+00,8.835338e+00,-3.929325e-01,-2.159054e+00,-1.567805e+00,-3.225261e-01
2.719518e+00,9.478105e+00,1.359078e-01,-2.548932e+00,-1.605020e+00,-2.064332e-01
3.871952e+00,1.092967e+01,-1.219527e+00,-3.252000e+00,-1.580252e+00,-1.138874e-01
6.090348e+00,1.750467e+01,-1.670354e+00,-3.778091e+00,-1.801280e+00,-1.615139e-01
1.477522e+00,3.195330e+01,1.169854e+01,-4.584221e+00,-1.991457e+00,-5.942176e-02
-1.069593e+01,2.471706e+01,1.794057e+01,-5.183451e+00,-3.154645e+00,-8.844912e-02
-6.241709e+00,7.670098e+00,2.119255e+01,-4.540511e+00,-5.372222e+00,-2.087870e-01
5.325026e+00,1.086462e+01,1.413089e+01,-2.721241e+00,-3.153005e+00,-3.385887e-01
7.303487e+00,7.661691e+00,1.027652e+01,-1.141399e+00,4.516867e-01,4.181441e-02
5.231348e+00,3.308052e+00,9.016707e+00,-2.402805e-01,1.631490e+00,5.305498e-02
3.376463e+00,1.711102e+00,7.452473e+00,2.613869e+00,1.347291e+00,-1.047441e+00
2.109347e+00,2.947794e+00,1.015097e+01,3.683299e+00,1.370047e+00,-1.605583e+00
4.850528e+00,2.079993e+00,1.087093e+01,4.837250e+00,1.676612e+00,-1.927359e+00
7.517740e+00,1.831119e+00,1.189552e+01,5.791964e+00,2.294419e+00,-1.855174e+00
8.765167e+00,3.651772e+00,1.081195e+01,7.005234e+00,2.719618e+00,-1.382118e+00
8.413568e+00,5.522637e+00,1.008349e+01,7.812414e+00,2.124732e+00,-8.792160e-01
-2.811936e+00,3.002812e+00,8.165401e+00,8.257185e+00,7.456458e-01,-4.605484e-01
-1.521835e+01,-5.794878e+00,8.069963e+00,7.705213e+00,-1.995861e-01,-6.602868e-01
-7.100318e+00,-1.199581e+01,8.326491e+00,5.685493e+00,-1.115645e-01,-9.751953e-01
4.035885e+00,-7.722811e+00,7.020067e+00,3.198329e+00,1.682064e+00,-1.459049e-01
3.430335e+01,3.941000e+01,-1.011069e+00,-6.516596e-01,4.303696e+00,1.377756e+00
8.366509e+00,1.408742e+01,9.791671e+00,-3.221599e+00,3.676440e+00,1.082349e+00
-2.464230e+00,-8.143544e+00,1.972673e+01,-2.746865e+00,2.947189e+00,2.177532e+00
4.076374e+00,1.161767e+01,1.527831e+01,-3.086351e+00,-5.826324e-01,-1.779248e+00
-6.851136e+00,1.600928e+01,1.122083e+01,-4.247615e+00,5.464006e-01,-2.299188e-01
-9.644111e+00,9.201827e+00,9.776826e+00,-2.475577e+00,-1.380236e+00,-5.235712e-01
-2.362512e+00,8.457126e+00,6.375089e+00,-1.594921e+00,-1.386213e+00,-8.497559e-01
1.368041e+00,9.926593e+00,6.288069e+00,-1.224223e+00,8.724627e-01,3.561140e-01
4.679947e+00,9.091383e+00,3.709854e+00,-9.473506e-01,1.651175e+00,3.821298e-01
1.462158e+00,7.413449e+00,4.498513e+00,-9.152559e-01,1.239423e+00,4.220907e-01
2.410882e+00,9.456026e+00,3.736154e+00,-7.688889e-01,4.640937e-01,1.397143e-01
2.091454e+00,8.736039e+00,3.318011e+00,-7.839375e-01,-8.880208e-02,-1.015915e-01
-3.822932e-01,7.185495e+00,3.266225e+00,-8.754060e-01,-4.211485e-01,-3.871322e-01
-1.572033e+00,7.624150e+00,4.175300e+00,-1.030546e+00,-8.775601e-01,-5.259101e-01
8.513647e-01,8.673698e+00,3.264599e+00,-1.206908e+00,-9.759661e-01,-5.410386e-01
2.767109e+00,6.701538e+00,4.057417e-01,-1.288149e+00,-7.531877e-01,-3.877459e-01
2.992208e+00,7.684340e+00,-6.537477e-01,-1.567615e+00,-6.850653e-01,-3.302006e-01
2.924068e+00,9.422966e+00,1.393907e+00,-2.044549e+00,-1.026552e+00,-2.813902e-01
-2.255225e+00,1.020452e+01,3.726581e+00,-2.780827e+00,-1.572784e+00,-3.363650e-01
6.838114e-01,9.949374e+00,2.816886e+00,-3.257128e+00,-2.029950e+00,-2.920196e-01
1.713957e+01,1.757801e+01,-5.774988e+00,-3.676579e+00,-1.461493e+00,8.963540e-02
3.070990e+00,2.642254e+01,6.201855e+00,-4.443064e+00,-1.909331e+00,1.762980e-01
-2.069961e+01,2.246439e+01,2.172242e+01,-5.124239e+00,-5.313914e+00,-1.063664e-01
-2.206798e+01,2.059100e+01,2.141556e+01,-4.521856e+00,-6.582769e+00,-6.764235e-01
2.946196e+00,2.202334e+00,1.964089e+01,-2.822734e+00,-1.965731e+00,9.502810e-01
1.137175e+01,8.778564e+00,1.182609e+01,-9.938084e-01,2.324260e+00,1.532715e+00
1.051597e+01,5.023900e+00,9.262505e+00,3.314092e-01,3.152462e+00,9.992446e-01
8.728897e+00,1.948581e+00,7.294906e+00,1.811847e+00,2.337418e+00,2.425268e-01
3.395805e+00,3.210884e-01,8.282874e+00,3.752115e+00,8.804040e-01,-6.866667e-01
2.556169e+00,2.421894e-01,9.201746e+00,4.597690e+00,4.441640e-01,-1.238128e+00
3.268088e+00,9.774139e-01,9.378311e+00,5.694202e+00,8.735575e-01,-1.610746e+00
3.838343e+00,1.195026e+00,1.107342e+01,6.425467e+00,1.329037e+00,-1.596079e+00
6.376231e+00,2.288090e+00,1.201811e+01,7.637228e+00,1.648626e+00,-1.466647e+00
8.117356e+00,6.162813e+00,1.159966e+01,8.365206e+00,1.444159e+00,-1.137714e+00
-1.694608e+00,3.505253e+00,8.238382e+00,8.292654e+00,7.114103e-01,-5.637797e-01
-1.418898e+01,-4.481938e+00,6.408617e+00,7.236813e+00,-2.878948e-01,-5.780569e-01
-2.283518e+00,-1.254522e+01,7.080837e-01,4.241518e+00,-3.246524e-02,-6.950475e-01
6.770915e+00,2.987665e+00,4.239426e+00,1.384189e+00,2.918736e+00,5.608370e-01
3.092474e+01,3.592167e+01,-4.702739e+00,-2.702360e+00,3.466700e+00,9.815114e-01
-1.039682e+01,-1.687124e+00,1.202527e+01,-3.205252e+00,2.767778e+00,9.644710e-01
3.261647e+00,1.570897e+00,1.546625e+01,-3.263058e+00,-2.093625e+00,-2.493020e+00
3.910587e+00,1.019148e+01,8.467046e+00,-4.252623e+00,7.489784e-01,-3.215183e-01
-4.772170e+00,1.624619e+01,1.424692e+01,-3.001890e+00,1.061142e-01,1.524483e-01
-4.270759e+00,1.097370e+01,7.657687e+00,-1.885683e+00,-4.180875e-01,-7.593085e-01
1.855375e+00,8.294346e+00,6.222061e+00,-9.926586e-01,4.975354e-01,3.398310e-01
6.170581e+00,1.315529e+01,5.671802e+00,-6.800456e-01,1.213194e+00,2.169922e-01
3.721546e+00,9.401355e+00,4.416183e+00,-6.800372e-01,1.160613e+00,3.235669e-01
3.303530e+00,9.725294e+00,2.941177e+00,-3.721252e-01,2.807269e-01,1.680362e-02
3.958620e-01,9.406590e+00,2.465091e-01,-3.186762e-01,-5.704610e-01,-2.296358e-01
-1.765949e+00,6.720568e+00,-1.262071e+00,-4.328521e-01,-9.874632e-01,-4.211960e-01
-3.190648e+00,5.713887e+00,-7.819276e-01,-7.460611e-01,-1.233096e+00,-4.887024e-01
-2.624796e+00,7.182749e+00,1.622896e+00,-1.127371e+00,-1.222685e+00,-4.435999e-01
2.411683e+00,7.265195e+00,1.193512e+00,-1.608960e+00,-8.568551e-01,-2.362680e-01
2.022616e+00,6.292820e+00,1.074479e-01,-1.860647e+00,-7.019669e-01,-1.961675e-01
1.452099e+00,9.166442e+00,-1.280439e-01,-2.188979e+00,-1.096526e+00,-3.000606e-01
-1.897132e-01,9.720819e+00,1.889375e+00,-2.694349e+00,-1.419268e+00,-1.940807e-01
1.856408e+00,1.105151e+01,2.763251e+00,-3.345011e+00,-1.555068e+00,-1.128274e-01
1.030491e+01,1.420692e+01,3.759325e-01,-3.693626e+00,-1.194602e+00,2.593036e-01
5.370525e+00,2.336597e+01,1.823966e+00,-4.096643e+00,-8.082194e-01,5.760485e-01
-3.537673e+00,1.637725e+01,1.223111e+01,-4.824681e+00,-1.959841e+00,5.529114e-01
-1.513133e+01,2.658088e+01,2.148528e+01,-4.716731e+00,-5.399615e+00,-4.231600e-01
-6.012546e+00,7.444972e+00,1.864189e+01,-4.424605e+00,-3.797638e+00,-3.385803e-01
6.624545e+00,5.235220e+00,1.106030e+01,-1.724727e+00,-4.009912e-01,6.360209e-01
9.114266e+00,9.697234e+00,8.340299e+00,-1.153985e+00,1.589196e+00,7.482747e-01
4.560471e+00,3.706167e+00,8.391888e+00,5.254061e-01,1.439968e+00,-2.098833e-01
3.676967e+00,1.354620e+00,6.934704e+00,2.136183e+00,9.138778e-01,-8.502046e-01
2.343873e+00,2.034637e+00,7.637839e+00,3.513402e+00,1.063795e+00,-1.035983e+00
2.516176e+00,9.100942e-01,9.028318e+00,4.259257e+00,1.376356e+00,-1.136788e+00
4.598412e+00,9.575148e-01,1.118402e+01,5.629919e+00,2.019032e+00,-9.872647e-01
5.949725e+00,7.244101e-01,1.388299e+01,6.409301e+00,2.332049e+00,-8.182900e-01
8.925888e+00,3.198299e+00,1.270086e+01,7.531670e+00,1.875174e+00,-4.314392e-01
8.933492e+00,2.879818e+00,1.441621e+01,8.073458e+00,1.177757e+00,-6.687482e-02
-5.428041e+00,-3.072867e-02,1.005781e+01,7.916931e+00,-2.097468e-01,5.332570e-02
-1.785872e+01,-8.244285e+00,1.102456e+01,6.277208e+00,-1.086610e+00,-4.849253e-01
-2.944332e+00,3.618031e+00,3.527907e+00,2.602435e+00,5.308195e-01,-5.374417e-01
1.643158e+01,3.313166e+01,-4.467258e+00,-2.205812e-01,2.671575e+00,5.333384e-01
8.036585e+00,2.065764e+00,9.581844e+00,-3.932510e+00,4.796839e+00,2.331006e+00
9.535978e+00,-9.687496e+00,1.276212e+01,-2.834306e+00,2.193899e+00,1.062082e-01
-1.326892e+00,1.472759e+01,1.321664e+01,-2.363846e+00,-3.411432e-01,-1.246400e+00
-1.613983e+01,1.963126e+01,1.211370e+01,-2.958892e+00,-1.637935e+00,-3.512134e-01
-6.848582e+00,7.480915e+00,6.857514e+00,-1.729393e+00,-1.984555e+00,-6.863006e-01
9.435286e-02,4.955368e+00,5.803882e+00,-9.675476e-01,5.427115e-01,8.443365e-02
9.980127e+00,1.270024e+01,5.088861e+00,-4.501687e-01,2.823178e+00,8.249378e-01
7.396103e+00,1.005141e+01,3.665985e+00,-6.103236e-01,2.572273e+00,6.087760e-01
3.273788e+00,9.041410e+00,3.939833e+00,-4.686098e-01,8.529955e-01,2.915146e-01
1.164506e+00,9.981778e+00,2.440856e+00,-4.029118e-01,-3.744043e-01,-2.336611e-01
-2.298964e+00,7.343443e+00,2.903743e-01,-5.362464e-01,-1.102841e+00,-4.508659e-01
-3.542702e+00,5.773535e+00,1.110586e+00,-7.508938e-01,-1.288514e+00,-4.653102e-01
1.371200e+00,6.972186e+00,3.157112e+00,-1.073653e+00,-1.109317e+00,-3.335522e-01
2.430653e+00,8.589637e+00,3.741906e+00,-1.299229e+00,-7.634320e-01,-2.308472e-01
2.238600e+00,7.697754e+00,1.241547e+00,-1.475858e+00,-9.212233e-01,-2.569272e-01
1.244947e+00,7.378458e+00,-1.462926e+00,-1.630688e+00,-1.237770e+00,-2.161421e-01
7.288365e-01,1.027030e+01,-9.636872e-01,-2.132627e+00,-1.504506e+00,-4.860839e-02
-7.535431e-01,1.099301e+01,9.755399e-01,-2.683803e+00,-1.679045e+00,1.948048e-02
2.592466e+00,1.495418e+01,-1.801120e+00,-3.284884e+00,-1.866818e+00,1.565142e-01
3.072663e+00,2.339764e+01,-8.827038e-01,-3.676554e+00,-1.661333e+00,5.196775e-01
-1.375892e+00,1.472466e+01,1.091995e+01,-4.436920e+00,-2.244650e+00,8.566667e-01
-9.050860e+00,2.303365e+01,1.772325e+01,-4.375685e+00,-3.361703e+00,6.270660e-01
-9.731776e-01,8.641350e+00,1.836670e+01,-4.415210e+00,-2.385949e+00,-4.627525e-01
4.445874e+00,2.080952e+00,1.467397e+01,-2.930726e+00,-8.874899e-01,-2.625698e-01
6.307559e+00,9.942125e+00,1.000155e+01,-1.603582e+00,1.357166e+00,1.642683e-01
2.762318e+00,6.363079e+00,1.081258e+01,-8.081493e-01,1.303968e+00,-2.171177e-01
2.469042e+00,1.481886e+00,7.604760e+00,1.067332e+00,1.005846e+00,-7.327521e-01
2.409104e+00,8.537390e-01,7.725852e+00,2.273004e+00,1.399000e+00,-8.635343e-01
3.676898e+00,2.092036e+00,7.967164e+00,3.804817e+00,2.267122e+00,-1.191252e+00
4.797667e+00,1.681203e+00,8.678797e+00,4.772934e+00,2.547114e+00,-9.383679e-01
7.627401e+00,7.567401e-01,1.014577e+01,6.009042e+00,2.549275e+00,-6.731415e-01
8.780168e+00,1.438859e+00,1.317920e+01,6.754474e+00,2.165079e+00,-4.703424e-01
9.150961e+00,2.284001e+00,1.161551e+01,7.701512e+00,7.703322e-01,-1.930522e-01
1.000973e+00,2.702051e+00,1.079589e+01,8.008194e+00,-1.673087e-01,-2.905382e-01
-1.524765e+01,-6.158092e-01,1.013004e+01,7.283006e+00,-1.386103e+00,-6.850538e-01
-1.434027e+01,-9.459361e+00,6.676337e+00,5.474806e+00,-1.215276e+00,-6.149761e-01
7.596777e+00,-2.112574e+00,6.197632e+00,1.939729e+00,1.974747e+00,3.904012e-01
3.579233e+01,3.886937e+01,-1.342294e+01,-1.225874e+00,3.568999e+00,9.167276e-01
-8.209105e+00,-4.934876e+00,1.263485e+01,-3.035434e+00,2.873071e+00,1.451431e+00
-9.530695e+00,-8.068943e+00,1.463258e+01,-1.059854e+00,-2.330158e-01,1.427973e-01
-7.817955e-01,1.327432e+01,1.081622e+01,-3.433898e+00,-1.409916e+00,-1.568357e+00
-3.183237e+00,1.361757e+01,8.342944e+00,-3.419356e+00,-1.180994e-01,5.772747e-01
-3.945851e+00,1.148257e+01,7.390702e+00,-1.559382e+00,-3.153273e-01,-3.526724e-01
-3.327169e-01,6.697667e+00,2.771096e+00,-1.266708e+00,-7.241162e-02,-2.599956e-02
3.249661e+00,1.225098e+01,4.418224e+00,-6.431806e-01,7.150330e-01,2.583878e-01
2.348695e+00,1.012633e+01,3.983434e+00,-7.416928e-01,5.167007e-01,1.306790e-01
-1.268952e+00,8.381161e+00,2.555245e+00,-5.606056e-01,-2.625118e-01,-7.660951e-02
-2.830143e+00,9.010486e+00,1.564600e+00,-5.102845e-01,-7.489210e-01,-2.228222e-01
-1.558960e+00,7.405306e+00,-1.574029e+00,-5.770146e-01,-8.391291e-01,-2.435690e-01
-8.405011e-02,5.842073e+00,-1.107782e+00,-7.655365e-01,-5.677491e-01,-1.885455e-01
1.041001e+00,9.416652e+00,3.044295e+00,-1.204034e+00,-4.418241e-01,-1.534019e-01
1.146508e+00,1.093876e+01,4.059074e+00,-1.541207e+00,-4.107149e-01,-1.543825e-01
1.460114e+00,8.501769e+00,1.542340e+00,-1.801791e+00,-5.265851e-01,-1.114651e-01
1.746521e+00,6.882003e+00,4.787845e-01,-1.808595e+00,-6.140530e-01,-2.093557e-01
1.980100e+00,9.495392e+00,6.663633e-01,-2.063101e+00,-8.092586e-01,-1.722916e-01
-9.787330e-01,1.041743e+01,3.876163e+00,-2.537707e+00,-1.139539e+00,-1.940407e-01
2.721037e+00,1.138752e+01,4.013084e+00,-3.167603e+00,-1.571917e+00,-2.250388e-01
6.174896e+00,1.540279e+01,-1.609791e+00,-3.378429e+00,-1.183440e+00,7.542472e-02
5.711067e+00,1.881343e+01,-1.120660e+00,-3.685527e+00,-9.014158e-01,5.129106e-01
1.703327e-01,1.442446e+01,9.399952e+00,-4.176237e+00,-1.648772e+00,5.116237e-01
-3.423776e+00,2.210002e+01,1.850253e+01,-4.646005e+00,-3.580771e+00,-5.416285e-01
-6.210589e+00,1.790366e+01,1.806194e+01,-4.637011e+00,-3.715575e+00,-6.020481e-01
3.412013e+00,2.599837e+00,9.937464e+00,-2.972940e+00,-2.532149e+00,-3.621467e-01
5.125617e+00,8.448537e+00,7.562955e+00,-1.169290e+00,-9.612941e-01,-2.420584e-01
-1.175664e-01,5.966220e+00,1.105189e+01,-6.792504e-01,4.208346e-01,-1.714197e-01
2.440659e+00,9.956628e-01,7.245851e+00,1.128188e+00,5.774958e-01,-6.837943e-01
3.544961e+00,3.286810e-02,6.914031e+00,2.970886e+00,1.517018e+00,-6.383077e-01
3.249018e+00,1.597866e+00,8.433111e+00,3.831818e+00,2.027394e+00,-6.166465e-01
2.833128e+00,1.159929e+00,8.910118e+00,4.893912e+00,2.247201e+00,-6.856275e-01
3.698038e+00,6.057008e-01,9.962430e+00,5.828780e+00,2.222533e+00,-6.231661e-01
8.636150e+00,1.286960e+00,1.223287e+01,6.882718e+00,2.105442e+00,-5.352347e-01
1.164326e+01,3.169087e+00,1.139189e+01,7.504524e+00,1.815347e+00,-3.793606e-01
4.476458e+00,3.391433e+00,1.123996e+01,7.982123e+00,6.177387e-01,-3.034126e-01
-1.174662e+01,4.088152e+00,1.131481e+01,7.546674e+00,-1.013480e+00,-7.666427e-01
-1.297488e+01,-1.400321e+01,6.431675e+00,5.037165e+00,-1.825142e+00,-1.287264e+00
-5.003943e+00,-1.031149e+01,7.946357e+00,2.752478e+00,5.554506e-01,-3.847850e-01
3.364923e+01,3.935255e+01,7.723366e-01,-1.495479e+00,3.965057e+00,1.271958e+00
4.446986e+00,-2.514784e+00,9.901090e+00,-3.322466e+00,4.863495e+00,1.705775e+00
2.828399e+00,-2.172530e+00,1.267353e+01,-2.139926e+00,5.189998e-01,-1.158827e+00
-1.215913e+00,1.033299e+01,1.366540e+01,-2.630495e+00,-7.075635e-01,-1.380584e+00
-1.026738e+01,1.650136e+01,9.361523e+00,-3.000590e+00,-1.536393e+00,-2.506109e-01
-7.628293e+00,7.030538e+00,7.687220e+00,-2.117339e+00,-1.175243e+00,-5.361012e-01
1.550869e+00,7.028249e+00,4.910131e+00,-1.162623e+00,5.685503e-01,2.491560e-01
7.484614e+00,1.155576e+01,5.023410e+00,-9.870275e-01,2.091935e+00,7.405453e-01
3.626556e+00,7.779963e+00,2.969988e+00,-9.082913e-01,1.508253e+00,4.349952e-01
2.054040e+00,8.136765e+00,3.133587e+00,-8.685656e-01,1.968957e-01,1.439073e-01
9.576791e-01,1.011892e+01,2.222755e+00,-8.560858e-01,-7.543247e-01,-2.638113e-01
1.371060e-01,8.952930e+00,1.344194e+00,-9.662300e-01,-9.796070e-01,-3.368085e-01
-3.169112e+00,7.568316e+00,1.289465e+00,-1.070523e+00,-1.309647e+00,-4.168497e-01
-1.953946e+00,8.746073e+00,2.274049e+00,-1.273304e+00,-1.374829e+00,-3.591816e-01
1.307632e+00,9.015746e+00,3.959965e+00,-1.535756e+00,-9.291142e-01,-2.135671e-01
1.979233e+00,8.670786e+00,4.249262e+00,-1.650949e+00,-5.485196e-01,-4.598848e-02
1.924215e-01,8.276322e+00,6.981639e-02,-1.693564e+00,-5.461955e-01,-1.238346e-01
8.431438e-01,7.645686e+00,-8.986789e-01,-1.901576e+00,-8.090615e-01,-2.077580e-02
2.666707e+00,9.393798e+00,1.086419e+00,-2.324858e+00,-9.564855e-01,4.673265e-02
3.863902e+00,9.041471e+00,1.180030e+00,-2.904306e+00,-1.115214e+00,9.276785e-03
9.103177e+00,1.689001e+01,-2.584724e+00,-3.635934e+00,-1.426998e+00,1.127518e-01
6.945097e+00,2.244329e+01,-1.920330e-01,-4.244047e+00,-1.671495e+00,3.174925e-01
-1.380617e+01,2.339956e+01,2.004189e+01,-4.925470e+00,-3.248129e+00,2.018554e-01
-1.692827e+01,2.662681e+01,1.999397e+01,-5.154206e+00,-5.175432e+00,-1.475143e-01
-3.001795e+00,6.885903e-01,2.310678e+01,-3.863170e+00,-2.852744e+00,7.971717e-01
1.086251e+01,4.050831e+00,1.262253e+01,-1.177348e+00,4.944563e-01,1.267299e+00
9.515793e+00,7.819266e+00,1.002316e+01,-3.849655e-01,2.927252e+00,1.382239e+00
6.842832e+00,4.728832e+00,1.015935e+01,6.242084e-01,2.451947e+00,9.381511e-01
3.496155e+00,-1.696401e+00,7.754244e+00,3.025500e+00,9.012844e-01,-3.391447e-01
1.931735e+00,5.621142e-01,9.481767e+00,4.332298e+00,4.710884e-01,-8.938344e-01
1.338111e+00,8.447772e-01,1.070061e+01,5.248184e+00,6.826369e-01,-1.468826e+00
2.942719e+00,-1.841484e-01,1.228224e+01,6.065497e+00,1.048458e+00,-1.529630e+00
5.197193e+00,6.810183e-01,1.287926e+01,7.377255e+00,1.733121e+00,-1.447881e+00
7.222313e+00,2.497948e-01,1.316360e+01,7.990429e+00,1.745601e+00,-1.254100e+00
5.520318e+00,5.297721e+00,8.954169e+00,8.429652e+00,1.557393e+00,-1.043619e+00
-7.371453e+00,-1.021750e+00,7.859941e+00,7.773636e+00,6.599177e-01,-7.541841e-01
-1.577076e+01,-1.109977e+01,7.135116e+00,4.710590e+00,-5.645304e-01,-9.898168e-01
1.899797e+00,-8.961223e+00,6.994535e+00,2.218531e+00,6.381636e-01,-4.721579e-01
1.374534e+01,2.648837e+01,7.137370e-01,-1.298979e+00,3.638636e+00,9.947561e-01
3.331708e+01,3.936349e+01,-7.806491e+00,-3.644838e+00,3.851577e+00,1.239657e+00
-2.041341e+01,-1.248231e+01,1.784919e+01,-7.357062e-01,1.892932e+00,1.279199e+00
-4.723707e-01,-1.485543e+00,1.603335e+01,-5.283458e-01,-1.385543e+00,-1.868522e+00
7.364768e+00,1.870749e+01,9.320473e+00,-3.006065e+00,1.906136e+00,-2.528491e-01
3.828885e+00,1.360844e+01,8.820443e+00,-2.569795e+00,2.856404e+00,1.168504e+00
-1.704752e+00,9.353530e+00,4.922038e+00,-1.012380e+00,4.253923e-01,-2.676620e-01
-4.946493e-01,9.929750e+00,3.980461e+00,-8.849491e-01,-1.383842e-01,-2.164133e-02
6.358456e+00,1.016200e+01,-1.227911e+00,-3.831906e-01,2.340881e-01,-8.368535e-02
3.632368e+00,7.231917e+00,-2.117921e+00,-3.997305e-01,4.250570e-01,-1.443811e-01
-3.929031e+00,6.102834e+00,-2.615378e-01,-7.100537e-01,-6.347866e-01,-2.455355e-01
-3.594262e+00,6.605289e+00,4.471089e-02,-9.754926e-01,-1.489734e+00,-5.692468e-01
1.214920e-01,9.144032e+00,1.808117e+00,-1.452347e+00,-1.400638e+00,-4.887892e-01
3.479901e-01,8.218614e+00,3.145964e+00,-1.748580e+00,-1.005866e+00,-4.423945e-01
3.368327e+00,9.156348e+00,2.166798e+00,-1.980023e+00,-9.437136e-01,-3.931441e-01
2.937976e+00,7.753119e+00,1.624785e-01,-2.179516e+00,-8.433646e-01,-3.141425e-01
3.253224e+00,7.530105e+00,1.405633e+00,-2.560263e+00,-1.122852e+00,-2.560923e-01
8.157393e+00,1.158674e+01,2.312951e+00,-2.950431e+00,-1.411764e+00,-2.074697e-01
5.321818e+00,1.238963e+01,-2.187730e+00,-3.714654e+00,-1.679479e+00,-1.635031e-03
3.647908e+00,1.779592e+01,-3.558317e+00,-3.969066e+00,-2.183544e+00,6.099192e-03
-1.152065e+01,2.519418e+01,1.223610e+01,-4.777329e+00,-3.293879e+00,2.059463e-01
-1.496444e+01,2.076685e+01,1.907823e+01,-5.165192e+00,-3.965535e+00,3.986508e-01
-4.772500e+00,1.273024e+01,1.924921e+01,-4.684431e+00,-2.940348e+00,1.016767e+00
2.046726e+00,5.870899e-01,2.383216e+01,-3.431783e+00,-1.280240e-01,2.251101e+00
1.412134e+01,7.395922e+00,5.526664e+00,-8.604594e-01,1.972761e+00,1.781406e+00
9.928468e+00,6.910630e+00,7.607092e+00,-4.834314e-01,2.625765e+00,1.677926e+00
4.162886e+00,7.466367e-01,7.923316e+00,1.244265e+00,6.419511e-01,9.651966e-01
2.751148e+00,-2.241504e+00,6.943482e+00,2.711271e+00,-6.144646e-01,-7.569909e-02
1.269989e+00,3.431340e-01,8.265795e+00,4.389082e+00,-9.212019e-01,-7.352775e-01
-2.827888e-01,-1.044492e+00,8.553442e+00,5.054413e+00,-8.939780e-01,-9.808284e-01
-1.243124e+00,-7.288142e-01,1.007286e+01,6.134514e+00,-5.312987e-01,-1.021338e+00
-7.747293e-01,1.227659e-01,1.176303e+01,6.681093e+00,1.042891e-01,-1.052023e+00
-3.768157e-01,4.899892e-01,1.267312e+01,7.535021e+00,1.490387e+00,-8.637825e-01
-1.200136e+00,6.631534e+00,1.298493e+01,7.992049e+00,2.491780e+00,-5.329835e-01
-3.558038e+00,3.980094e-01,7.368200e+00,7.601019e+00,3.325122e+00,5.813739e-01
-3.752142e-01,-7.789498e+00,3.026068e+00,6.306612e+00,3.171693e+00,1.468443e+00
1.031842e+01,8.677009e+00,-1.582726e+00,3.163094e+00,3.770568e+00,8.623781e-01
2.321903e+01,3.306856e+01,-2.224594e+00,2.018449e-01,3.095068e+00,8.682658e-02
-8.526844e+00,1.302972e+00,1.407406e+01,-2.573663e+00,1.302550e+00,5.304155e-01
2.306227e+00,7.474123e+00,1.922502e+01,-1.548206e+00,-1.335169e+00,-9.459243e-01
-8.915910e+00,7.285415e+00,9.660712e+00,-4.047207e+00,-1.176896e+00,-1.170196e+00
-1.144421e+01,1.245861e+01,1.105562e+01,-2.497389e+00,-1.169577e+00,-5.774695e-01
3.119027e+00,1.244544e+01,4.504143e+00,-1.359581e+00,3.198189e-01,1.570391e-01
8.457739e+00,7.055469e+00,1.974053e+00,-1.088524e+00,2.299524e+00,3.520518e-01
9.139529e+00,9.444596e+00,2.830000e+00,-3.476935e-01,2.537572e+00,6.316932e-01
3.781305e+00,9.719859e+00,3.432850e+00,-5.660567e-01,1.322006e+00,1.395741e-01
3.142216e-01,8.655151e+00,2.723602e+00,-6.314685e-01,-3.688730e-01,-2.579828e-01
-1.594247e-01,8.575503e+00,1.454603e+00,-6.255429e-01,-8.947741e-01,-5.430854e-01
-1.144790e+00,7.292752e+00,-4.416387e-01,-7.201086e-01,-8.426914e-01,-4.856196e-01
-2.694738e+00,6.649097e+00,5.089294e-01,-9.272874e-01,-7.876579e-01,-4.644231e-01
-1.921351e+00,7.775077e+00,2.682978e+00,-1.315383e+00,-6.503329e-01,-2.857229e-01
4.960965e-01,9.637245e+00,3.970950e+00,-1.548949e+00,-2.869997e-01,-1.088287e-01
4.785755e+00,1.017205e+01,1.727301e+00,-1.859043e+00,3.783817e-01,2.445584e-01
6.878704e+00,8.662591e+00,-1.086294e+00,-1.915997e+00,4.061519e-01,2.558603e-01
4.693053e+00,7.670000e+00,-1.477734e+00,-2.218675e+00,-1.832331e-01,9.369625e-02
3.957088e+00,9.401549e+00,1.235460e+00,-2.697849e+00,-8.825805e-01,5.429167e-02
5.203519e+00,2.088152e+01,-1.647199e+00,-3.655645e+00,-1.588732e+00,1.010576e-01
7.668751e+00,3.112042e+01,-5.154177e-01,-4.160129e+00,-1.779265e+00,3.344048e-01
-1.308877e+01,1.693349e+01,1.938918e+01,-5.313444e+00,-2.829915e+00,1.171299e+00
-1.564408e+01,2.311458e+01,2.023469e+01,-4.770285e+00,-4.595152e+00,8.807902e-01
-4.048207e+00,-1.949947e+00,2.385945e+01,-3.769735e+00,-3.015205e+00,7.956267e-01
3.747673e+00,3.770363e+00,1.281407e+01,-1.237621e+00,2.807619e-01,1.454520e+00
2.343120e+00,7.131323e+00,1.087087e+01,-2.895918e-01,2.746255e+00,2.121238e+00
-3.552710e-01,3.118814e+00,1.182470e+01,8.836317e-01,2.407940e+00,2.078076e+00
1.826827e-01,-1.680700e+00,9.275186e+00,3.301493e+00,1.483692e+00,1.406317e+00
4.433457e-01,-1.364156e-02,1.104216e+01,4.693772e+00,1.430859e+00,1.606200e+00
-1.073068e+00,-2.956204e+00,1.118414e+01,5.443968e+00,1.767936e+00,1.559746e+00
-2.221349e+00,-2.590249e+00,1.296749e+01,6.303930e+00,1.482345e+00,1.522315e+00
-1.034382e+00,1.182057e+00,1.490506e+01,7.475811e+00,1.715821e+00,9.344035e-01
1.178578e+00,1.927609e+00,1.267102e+01,8.107888e+00,2.137205e+00,6.010520e-01
-1.938034e+00,9.872529e+00,8.969814e+00,8.796738e+00,3.301894e+00,3.551359e-01
-1.671844e+00,1.194748e+00,7.637149e+00,8.011305e+00,3.943430e+00,3.331538e-01
3.941255e+00,-9.507236e+00,3.816009e+00,4.902629e+00,3.998554e+00,3.567821e-01
1.053006e+01,-7.810378e+00,4.260789e+00,2.686416e+00,3.550774e+00,6.055562e-01
1.412650e+01,2.267457e+01,4.911169e+00,-4.883060e-01,2.616036e+00,-3.156923e-02
3.882850e+00,3.916855e+01,3.090743e+00,-3.064108e+00,1.298820e+00,-5.657048e-01
-4.728981e+00,-1.988028e-01,1.662280e+01,-3.771832e+00,-1.232566e+00,1.296038e-01
9.307609e-01,6.806637e-01,9.927345e+00,-2.233141e+00,-9.773692e-01,-1.283641e+00
1.047021e+00,1.128357e+01,9.883086e+00,-2.121182e+00,1.570553e+00,1.999803e-01
1.424014e+00,1.549405e+01,8.398633e+00,-1.456114e+00,1.786472e+00,5.060530e-01
-1.000623e+00,8.371523e+00,5.605173e+00,-9.836050e-01,1.098823e+00,4.404186e-01
2.829112e-01,1.013540e+01,5.714760e+00,-4.911298e-01,5.713587e-01,2.810535e-01
5.002126e+00,9.756860e+00,3.973333e+00,-3.465970e-01,7.769373e-01,2.738737e-01
6.447246e+00,8.171305e+00,2.827291e+00,-2.453591e-01,1.211158e+00,3.004108e-01
5.094055e+00,7.041222e+00,2.365639e+00,-1.729997e-01,1.052727e+00,2.965731e-01
4.062234e-01,6.861812e+00,3.264553e+00,-2.759479e-01,3.976461e-01,4.980358e-02
-3.447815e+00,7.612848e+00,3.297818e+00,-4.681607e-01,-7.842125e-01,-3.534574e-01
-4.058227e+00,7.318731e+00,3.229748e+00,-5.802489e-01,-9.871852e-01,-4.647378e-01
1.079691e-01,7.125568e+00,3.108734e+00,-7.224416e-01,-3.054638e-01,-2.072538e-01
2.019340e+00,8.077614e+00,2.449333e+00,-8.177249e-01,4.415695e-01,1.147201e-01
2.442230e+00,9.244326e+00,-5.056935e-01,-9.843233e-01,7.012282e-01,2.532761e-01
4.005765e+00,8.551245e+00,-2.007454e+00,-1.171718e+00,4.828928e-01,1.286783e-01
6.511367e+00,9.286884e+00,-1.414595e+00,-1.743998e+00,-1.451636e-02,1.678781e-01
8.806201e+00,1.097421e+01,-1.410801e+00,-2.199929e+00,-1.566184e-01,1.946044e-01
1.382843e+01,2.166118e+01,-5.756150e+00,-3.165428e+00,-6.836937e-01,4.105229e-01
-2.058110e+00,2.461745e+01,7.369551e+00,-3.997150e+00,-1.523974e+00,6.809893e-01
-2.473337e+01,2.077961e+01,2.478432e+01,-4.784990e+00,-3.847758e+00,1.120243e+00
-1.951639e+01,1.566789e+01,2.082025e+01,-4.015982e+00,-5.322581e+00,5.203187e-01
-2.103411e+00,5.496998e-01,1.944053e+01,-2.589280e+00,-6.683759e-01,2.039087e+00
6.599830e+00,-5.667680e+00,1.716085e+01,-4.740003e-01,3.030368e+00,3.395761e+00
8.188383e+00,5.513614e+00,9.010194e+00,6.872719e-01,4.928112e+00,3.354110e+00
4.891517e+00,5.712231e+00,8.545996e+00,3.118829e-01,4.113865e+00,3.118459e+00
6.885392e-01,1.443538e+00,7.767709e+00,1.821236e+00,1.571046e+00,2.462776e+00
-1.680602e+00,-2.313305e+00,7.974247e+00,3.158747e+00,4.684855e-01,2.197992e+00
-2.755073e+00,1.000004e+00,9.250579e+00,4.446725e+00,-2.513248e-01,1.754645e+00
-2.266131e+00,7.238216e-01,1.158286e+01,4.914680e+00,-9.259611e-02,1.475089e+00
-3.259354e+00,-3.388655e+00,1.249677e+01,6.088989e+00,5.382506e-01,1.150124e+00
-4.666548e+00,-2.859030e+00,1.455691e+01,6.948542e+00,1.061993e+00,9.204880e-01
-4.504304e+00,2.554639e+00,1.366175e+01,7.194305e+00,2.270756e+00,7.790329e-01
-8.266664e-01,6.113644e+00,1.250292e+01,6.878760e+00,3.461618e+00,9.941599e-01
8.666525e+00,-1.763368e+01,1.071544e+01,5.068971e+00,5.011585e+00,1.045388e+00
1.256780e+01,4.943856e-01,9.468083e+00,3.345835e+00,4.943323e+00,9.984979e-01
8.031208e+00,2.497127e+01,1.313590e+01,-2.586597e+00,3.588893e+00,1.781669e-01
2.077184e+00,-6.886090e+00,9.874890e+00,-4.161844e+00,3.440554e+00,2.497510e+00
-1.249978e+00,1.111776e+01,1.014606e+01,-6.535495e-01,-8.260067e-01,-2.320140e+00
-9.078501e+00,1.076034e+01,8.687467e+00,-2.018240e+00,-7.543643e-01,-3.935565e-01
-2.147842e+00,1.052310e+01,7.133724e+00,-9.307950e-01,-8.558990e-01,-4.708014e-01
2.852215e+00,6.653503e+00,6.982263e+00,-6.665966e-01,6.010446e-01,-6.027466e-02
9.945552e+00,9.593232e+00,5.866864e+00,-1.640329e-01,2.570338e+00,8.056943e-01
1.029630e+01,1.029074e+01,5.034383e+00,-1.774917e-01,2.595357e+00,6.977639e-01
4.279222e+00,8.553518e+00,4.453626e+00,-2.235532e-01,1.301906e+00,4.370871e-01
2.334215e+00,8.744558e+00,4.083673e+00,-1.764996e-01,1.489276e-01,3.699093e-02
-9.935621e-01,8.233676e+00,3.353657e+00,-2.651569e-01,-6.128791e-01,-2.550364e-01
-2.201125e+00,7.521467e+00,3.034071e+00,-3.008247e-01,-8.094345e-01,-3.811330e-01
-1.148056e+00,7.097739e+00,2.813949e+00,-4.302159e-01,-6.049002e-01,-1.790107e-01
-4.007965e-01,7.674880e+00,2.885967e+00,-5.485228e-01,-2.197339e-01,5.169894e-02
1.416516e+00,8.396633e+00,2.999828e+00,-7.424461e-01,1.879230e-01,3.236245e-01
5.027150e+00,9.774438e+00,2.285562e+00,-8.481265e-01,2.967628e-01,4.205457e-01
3.772840e+00,8.937221e+00,-8.682462e-02,-1.165355e+00,2.000780e-01,4.946727e-01
3.260889e+00,8.368448e+00,-2.330452e+00,-1.388687e+00,-3.543159e-01,3.926978e-01
6.040612e+00,1.175122e+01,-5.799610e+00,-1.778795e+00,-6.780998e-01,4.613379e-01
5.385227e+00,1.731526e+01,-4.345555e+00,-2.300217e+00,-5.938234e-01,9.561897e-01
-7.333284e+00,2.313527e+01,1.196110e+01,-3.345253e+00,-8.902223e-01,1.362482e+00
-1.506109e+01,2.376109e+01,1.857755e+01,-3.825147e+00,-1.888730e+00,1.301036e+00
-1.208957e+01,1.114791e+01,1.807169e+01,-3.513978e+00,-1.565819e+00,1.197761e+00
-5.796224e+00,-2.873816e-02,2.088655e+01,-2.286368e+00,5.272857e-01,2.692686e+00
5.154299e+00,4.161459e+00,1.374564e+01,-8.829474e-03,3.949081e+00,3.819781e+00
5.140865e+00,9.016955e+00,1.154587e+01,-2.811639e-01,4.851525e+00,3.435395e+00
3.269497e+00,5.199319e+00,7.746276e+00,2.784739e-01,3.461467e+00,3.542789e+00
2.198523e+00,2.158863e+00,7.604611e+00,1.465126e+00,2.019284e+00,3.313759e+00
5.406261e-01,-4.966087e-01,7.791496e+00,3.153636e+00,1.943081e-01,2.556370e+00
-2.171138e-03,1.094046e+00,7.891283e+00,3.915858e+00,-5.114325e-01,1.946223e+00
-2.295232e+00,1.433519e+00,1.056819e+01,4.738526e+00,-8.634691e-01,9.874340e-01
-3.511034e+00,-9.572321e-01,1.200345e+01,5.386278e+00,-9.356799e-01,4.525429e-01
-2.623566e+00,-2.253861e+00,1.343129e+01,6.468517e+00,-4.084938e-01,-1.707199e-01
-1.324505e+00,-8.307912e-01,1.352299e+01,6.853220e+00,5.760262e-01,-6.377151e-01
3.515754e-01,9.816996e-01,1.115020e+01,6.753130e+00,2.038093e+00,-9.182429e-01
-5.317864e-02,-5.486236e+00,7.453426e+00,5.917961e+00,2.197754e+00,-8.003724e-01
-6.039926e+00,-1.049147e+01,1.444047e+01,3.760264e+00,2.145263e+00,-7.941701e-01
1.847130e+01,3.819195e+01,2.597684e+00,1.362830e+00,1.412404e+00,-8.681683e-01
5.681721e+00,-2.143362e+00,1.068803e+01,-5.240461e+00,4.014459e+00,3.047986e+00
3.940335e+00,-5.498239e+00,1.364037e+01,-1.483498e+00,1.927235e+00,7.108865e-02
-1.424741e+00,1.314551e+01,9.034958e+00,-1.324369e+00,9.439132e-01,-3.894531e-01
-5.741399e+00,1.080606e+01,8.721785e+00,-1.966304e+00,4.112308e-01,4.798983e-01
8.447717e-01,1.007319e+01,6.099997e+00,-8.405801e-01,-9.197173e-01,-9.495666e-01
3.367001e+00,9.349613e+00,5.955982e+00,-8.022563e-01,1.215048e-01,-1.621409e-01
4.409223e+00,1.064795e+01,4.585608e+00,-3.827490e-01,8.015467e-01,-1.439633e-01
2.779134e+00,9.776291e+00,4.035339e+00,-4.122703e-01,5.807732e-01,6.424013e-02
1.128119e+00,8.948354e+00,2.584166e+00,-2.740016e-01,-2.992201e-01,-2.068762e-01
4.085344e-01,8.308694e+00,1.759352e+00,-3.383830e-01,-5.900300e-01,-3.002680e-01
-2.153700e+00,7.312223e+00,1.690492e+00,-4.612012e-01,-8.129567e-01,-3.906311e-01
-4.004006e+00,6.798693e+00,2.599754e+00,-6.534077e-01,-9.323343e-01,-3.726016e-01
-1.744053e+00,7.162126e+00,3.918987e+00,-8.917465e-01,-7.054847e-01,-2.128506e-01
7.013491e-01,7.360000e+00,4.561701e+00,-1.011162e+00,-1.747697e-01,-3.635667e-02
4.631540e+00,9.268114e+00,1.917544e+00,-1.094460e+00,4.803228e-01,2.043735e-01
3.955142e+00,8.703946e+00,1.099612e-01,-1.184664e+00,5.042228e-01,2.460345e-01
4.045812e+00,9.998775e+00,-1.594758e+00,-1.478331e+00,-4.751014e-02,2.700163e-01
4.751204e+00,1.126065e+01,-3.544360e+00,-1.877284e+00,-5.104880e-01,2.198484e-01
5.803517e+00,1.406716e+01,-4.642199e+00,-2.622375e+00,-9.399343e-01,2.346689e-01
2.557087e+00,1.586212e+01,-2.485504e+00,-3.136142e+00,-1.181915e+00,3.398555e-01
-5.690914e+00,2.632440e+01,1.271275e+01,-4.051531e+00,-2.391047e+00,4.969520e-01
-1.218903e+01,2.715117e+01,1.840665e+01,-4.569456e+00,-3.607659e+00,7.548226e-01
-5.635471e+00,5.734869e+00,2.030372e+01,-4.164970e+00,-2.601401e+00,5.549720e-01
5.989324e-01,1.271028e+00,1.708087e+01,-2.095888e+00,-2.532285e-01,1.514835e+00
7.189185e+00,9.788505e+00,1.232112e+01,-6.851420e-01,2.742532e+00,1.654764e+00
6.664929e+00,7.195702e+00,1.107898e+01,-8.428068e-01,3.632122e+00,1.566654e+00
5.640462e+00,1.941160e+00,6.679380e+00,1.351862e+00,2.621037e+00,1.437241e+00
4.534997e+00,-6.462081e-01,7.498215e+00,2.681557e+00,1.916988e+00,7.088280e-01
2.567618e+00,5.317239e-01,7.239868e+00,4.299367e+00,4.330947e-01,1.492680e-02
7.484247e-01,2.758438e+00,9.450738e+00,4.890834e+00,1.858479e-02,-4.496453e-01
-1.231656e+00,9.413295e-01,1.346134e+01,5.617525e+00,-4.268031e-01,-8.327028e-01
-2.381604e+00,-5.332076e-01,1.354808e+01,6.339215e+00,-5.481142e-01,-9.799107e-01
-1.166019e+00,-2.049207e+00,1.357085e+01,7.414205e+00,9.727775e-02,-1.148530e+00
-5.898289e-01,4.598103e+00,1.098541e+01,7.561898e+00,1.124839e+00,-1.007192e+00
5.995128e-01,-2.260362e+00,9.232436e+00,6.357633e+00,2.065619e+00,-3.443644e-01
1.221068e+00,-1.106516e+01,8.119684e+00,4.554976e+00,2.237378e+00,-4.189386e-02
7.339963e+00,3.077783e+01,-7.893241e+00,1.971911e+00,1.730942e+00,-4.733712e-01
1.711185e+00,3.913969e+01,1.331134e+01,-5.532228e-01,1.242222e+00,-2.534455e-01
2.583160e+00,-6.427648e+00,1.176874e+01,-2.759191e+00,1.791379e+00,1.164800e+00
1.334961e+01,-1.915557e+00,7.692815e+00,-2.093985e+00,1.915227e+00,-5.028800e-01
8.864399e+00,1.756120e+01,7.013548e+00,-2.394402e+00,3.358064e+00,9.320463e-01
-4.385137e+00,1.282399e+01,7.648420e+00,-2.592786e+00,1.053495e+00,2.254674e-01
-9.162067e+00,7.914781e+00,5.934361e+00,-1.624664e+00,-1.514280e+00,-8.468443e-01
-5.538338e+00,8.835229e+00,5.227801e+00,-1.246964e+00,-1.815084e+00,-8.474513e-01
1.011330e+00,1.160690e+01,5.555911e+00,-1.015980e+00,3.561633e-01,6.827726e-02
5.915584e+00,8.541883e+00,2.761339e+00,-8.522444e-01,1.235249e+00,3.365237e-01
5.763442e+00,8.622186e+00,1.972043e+00,-5.860581e-01,1.478120e+00,4.905908e-01
2.400168e+00,9.254014e+00,2.206827e+00,-6.065457e-01,8.037272e-01,1.566378e-01
-4.340088e+00,9.359221e+00,2.570000e+00,-8.369853e-01,-4.671873e-01,-2.869686e-01
-4.871809e+00,8.362410e+00,3.195863e+00,-1.001385e+00,-1.105874e+00,-4.679603e-01
1.683215e-01,8.062959e+00,4.670370e+00,-1.084471e+00,-7.897591e-01,-3.232662e-01
3.567694e+00,8.679087e+00,3.441394e+00,-1.146550e+00,-8.279731e-02,-1.503595e-01
4.006923e+00,8.146340e+00,-1.295525e+00,-1.256867e+00,2.354904e-01,6.944690e-02
2.979243e+00,8.672618e+00,-2.342256e+00,-1.396006e+00,5.949098e-02,3.413207e-02
1.075145e+00,1.137867e+01,1.017551e+00,-2.194656e+00,-8.079927e-01,-4.536275e-02
2.044507e+00,1.302606e+01,2.141843e+00,-2.779077e+00,-1.252679e+00,-1.655827e-01
5.092506e+00,1.927187e+01,-3.537318e+00,-3.493509e+00,-1.635012e+00,-7.217204e-02
6.169697e+00,2.079216e+01,1.283945e+00,-3.825399e+00,-1.770938e+00,-2.249968e-02
-8.434460e+00,1.763867e+01,1.489103e+01,-4.495581e+00,-3.425605e+00,4.322063e-01
-1.307237e+01,2.548419e+01,2.069434e+01,-4.515547e+00,-4.094058e+00,1.999123e-01
-1.700137e-01,3.272842e-01,1.769275e+01,-3.987136e+00,-2.788837e+00,-6.303444e-01
4.226161e+00,3.858306e+00,1.024141e+01,-2.410091e+00,-5.184006e-01,3.099236e-01
6.423277e+00,8.193726e+00,1.029014e+01,-1.118527e+00,2.640879e+00,9.426647e-01
6.146532e+00,4.340416e+00,6.657011e+00,-2.380880e-01,2.765599e+00,8.486781e-01
4.600233e+00,8.972687e-01,6.747422e+00,1.510027e+00,2.233512e+00,3.029171e-01
3.455244e+00,5.495124e-01,7.300488e+00,2.615011e+00,1.792100e+00,-1.902134e-02
2.553582e+00,1.980373e+00,7.522729e+00,3.864875e+00,1.112660e+00,-3.474681e-01
2.606713e+00,1.215476e+00,8.552370e+00,4.568355e+00,9.120869e-01,-2.905001e-01
4.413786e+00,1.076152e-01,1.305785e+01,5.562742e+00,6.629829e-01,-2.916999e-01
4.485798e+00,4.496322e-01,1.358525e+01,6.307916e+00,4.589386e-01,-3.092565e-01
1.150149e+00,-4.164530e+00,1.350143e+01,7.378983e+00,-3.223809e-01,-3.468948e-01
-4.631199e+00,-4.057448e-01,1.103958e+01,7.749365e+00,-5.656998e-01,-5.118614e-01
-1.350654e+01,-1.407698e+01,1.428639e+01,6.495342e+00,-1.185365e+00,-3.426128e-01
-1.828040e+01,-3.863682e+00,8.432422e+00,4.320212e+00,-7.321430e-01,9.844345e-02
1.270471e+01,1.960628e+01,1.546691e+01,-3.902573e+00,1.730363e+00,1.218179e+00
1.940421e+01,-1.076528e+01,5.897200e+00,-5.398718e+00,5.430251e+00,2.826533e+00
1.117433e+01,1.152047e+01,1.324167e+01,-9.709221e-01,3.309081e+00,-7.542074e-02
-3.794565e+00,2.241907e+01,1.229890e+01,-1.149049e+00,7.315492e-01,-8.799597e-01
-3.716670e+00,8.733435e+00,7.855022e+00,-2.147309e+00,-1.669957e+00,-9.055552e-02
1.071333e+00,8.295112e+00,5.735334e+00,-7.276017e-01,-9.844699e-01,-1.076970e+00
4.027028e+00,1.073009e+01,4.036965e+00,-5.743870e-01,1.041690e+00,1.315460e-01
3.703522e+00,1.241150e+01,3.143631e+00,-2.878593e-01,9.634365e-01,-1.071245e-01
2.628027e+00,1.031173e+01,1.738521e+00,-4.254666e-01,2.961636e-01,1.844284e-01
1.939413e+00,9.757393e+00,1.753152e+00,-3.410724e-01,-3.164361e-01,-2.535388e-01
-2.888331e+00,7.177906e+00,2.986965e+00,-6.099945e-01,-9.567416e-01,-4.380228e-01
-4.244530e+00,7.140503e+00,2.944737e+00,-7.201547e-01,-1.390254e+00,-6.390807e-01
-2.608092e+00,7.509947e+00,2.910339e+00,-9.460659e-01,-1.399118e+00,-4.112712e-01
2.491651e-01,7.353556e+00,3.485426e+00,-1.042295e+00,-9.528227e-01,-2.434847e-01
3.229704e+00,8.455170e+00,3.986397e+00,-1.189864e+00,-3.672125e-01,-5.695224e-02
2.657593e+00,7.583683e+00,1.395186e+00,-1.264194e+00,-4.321491e-01,-1.436420e-01
1.266472e+00,7.680803e+00,-2.942155e+00,-1.420606e+00,-8.693957e-01,-1.481026e-01
3.927051e+00,1.001611e+01,-2.743420e+00,-1.659635e+00,-1.229722e+00,-9.635081e-02
4.621917e+00,1.250263e+01,-1.729187e+00,-2.480594e+00,-1.338023e+00,7.145765e-02
1.619908e+00,1.950826e+01,-3.309249e+00,-3.061849e+00,-1.587183e+00,1.251930e-01
-1.304264e-02,1.797477e+01,8.722091e+00,-3.879385e+00,-2.202446e+00,4.683492e-01
-7.688413e+00,2.194452e+01,1.650385e+01,-4.344781e+00,-3.294608e+00,5.443973e-01
-7.510473e+00,1.810713e+01,1.879952e+01,-4.661957e+00,-3.473427e+00,-1.842704e-01
1.948417e+00,3.433313e+00,1.655130e+01,-3.910215e+00,-2.292548e+00,-2.483376e-01
6.762074e+00,1.212815e+01,1.058263e+01,-1.695229e+00,3.193886e-01,2.225418e-01
5.381660e+00,9.949939e+00,1.226120e+01,-1.597682e+00,1.598496e+00,1.426571e-01
3.093582e+00,2.003205e+00,8.489518e+00,6.969846e-01,1.915026e+00,6.600428e-02
2.717000e+00,7.119382e-01,9.137186e+00,2.356297e+00,1.900688e+00,-1.865373e-01
2.832077e+00,5.486829e-02,8.683243e+00,3.800401e+00,2.257294e+00,-2.325623e-01
3.583512e+00,5.530622e-01,8.507053e+00,4.639834e+00,2.507386e+00,-2.353171e-01
6.511953e+00,-3.564565e-01,1.066947e+01,6.041489e+00,2.631359e+00,-6.514109e-03
7.558335e+00,-7.222234e-01,1.014055e+01,6.758515e+00,2.435316e+00,9.180961e-02
5.027045e+00,-1.434864e+00,1.142737e+01,7.567507e+00,1.683399e+00,5.311009e-02
2.359822e-01,8.348959e-01,1.078693e+01,7.711537e+00,9.878006e-01,-1.575439e-01
-1.149301e+01,-4.804872e+00,1.084044e+01,6.338590e+00,-8.241673e-01,-4.673662e-01
-6.576877e+00,-1.185356e+01,1.167099e+01,4.550827e+00,-8.351544e-01,-7.016245e-01
5.461380e+00,3.554794e+00,4.746838e+00,1.645642e+00,8.363134e-01,-2.218653e-01
2.542347e+01,3.940183e+01,-2.016643e+01,-5.354241e-01,2.338767e+00,4.258432e-01
-2.397718e+01,-1.327179e+01,1.741924e+01,-2.035445e+00,2.490796e+00,8.496667e-01
-3.885171e-01,-1.483365e+01,6.389423e+00,-3.074243e-01,7.802979e-01,1.119036e+00
9.910298e+00,1.698360e+01,3.989510e+00,-2.820614e+00,2.403061e+00,-9.423098e-01
3.347624e+00,1.531708e+01,9.540866e+00,-2.938602e+00,3.480892e+00,2.015698e+00
-5.226785e+00,6.463192e+00,3.186058e+00,-1.467396e+00,1.674821e-01,-8.812676e-01
-7.175512e+00,4.939792e+00,4.507314e+00,-1.607816e+00,-1.447129e+00,-6.030096e-01
1.160744e+00,1.312583e+01,4.129628e+00,-1.167346e+00,-1.270194e+00,-5.469155e-01
3.193517e+00,9.394765e+00,2.882381e+00,-1.359656e+00,-1.070955e-01,-5.151279e-02
1.449772e+00,7.494548e+00,2.901203e+00,-1.126506e+00,2.799823e-01,3.669262e-02
-4.221397e-01,8.780912e+00,4.006140e+00,-1.069993e+00,-2.005029e-01,-9.248505e-02
-8.461291e-01,8.396308e+00,3.861935e+00,-1.190369e+00,-6.899019e-01,-2.757686e-01
-7.379291e-01,8.405903e+00,3.974053e+00,-1.218806e+00,-8.963726e-01,-3.982587e-01
2.263078e+00,7.330949e+00,3.648889e+00,-1.292858e+00,-9.113750e-01,-4.158715e-01
1.830503e+00,7.232018e+00,1.429507e+00,-1.306974e+00,-9.319943e-01,-4.116866e-01
-1.400096e-01,8.078160e+00,-9.318914e-01,-1.474932e+00,-1.262646e+00,-4.620899e-01
-1.023887e+00,1.117710e+01,1.338940e+00,-1.711948e+00,-1.566464e+00,-4.266667e-01
5.700388e-01,1.083839e+01,2.730090e+00,-2.454920e+00,-1.554062e+00,-3.303911e-01
5.348033e+00,1.148025e+01,1.463700e+00,-2.981131e+00,-1.253413e+00,7.765929e-04
1.150655e+01,2.364493e+01,-6.513739e+00,-3.194710e+00,-9.406000e-01,2.351123e-01
2.914623e+00,1.431770e+01,8.086137e+00,-3.628015e+00,-1.325391e+00,4.070464e-01
-3.719977e+00,2.081254e+01,1.604599e+01,-4.287855e+00,-3.543963e+00,1.013357e-01
-8.115598e+00,2.428773e+01,1.885012e+01,-4.631688e+00,-4.417238e+00,-5.613446e-01
1.621254e+00,9.547538e-02,1.543067e+01,-4.105388e+00,-3.595477e+00,-1.017814e+00
6.509794e+00,7.812298e+00,8.306072e+00,-1.833383e+00,-1.679190e+00,-9.448279e-01
9.237802e-01,8.209901e+00,1.112343e+01,-1.338868e+00,5.279161e-01,-7.987509e-01
1.131907e+00,4.247982e+00,8.998204e+00,3.578155e-01,6.943545e-01,-1.208419e+00
3.365788e+00,5.576629e-01,8.360117e+00,2.082583e+00,1.325669e+00,-1.264118e+00
3.890000e+00,2.806930e-01,8.816636e+00,3.510630e+00,2.274984e+00,-1.187831e+00
4.579981e+00,2.478814e+00,8.068467e+00,4.799912e+00,2.702058e+00,-1.226121e+00
5.783618e+00,1.529207e+00,1.002441e+01,5.660529e+00,2.606319e+00,-1.038949e+00
8.604959e+00,2.853800e-01,1.273216e+01,6.865686e+00,2.111223e+00,-9.567919e-01
1.223904e+01,2.335010e+00,1.208737e+01,7.629618e+00,1.395873e+00,-8.973187e-01
3.568114e+00,2.964808e+00,1.014714e+01,7.900780e+00,-4.012734e-01,-7.930336e-01
-1.800041e+01,5.572874e-01,1.050482e+01,7.108429e+00,-1.994537e+00,-1.306023e+00
-1.841960e+01,-1.449982e+01,9.145453e+00,4.370114e+00,-1.954260e+00,-1.413469e+00
-2.609809e+00,-1.096097e+01,1.227832e+01,2.294173e+00,7.115223e-01,-3.082443e-01
3.764568e+01,3.939699e+01,-7.783081e+00,-2.587094e+00,5.854242e+00,1.909307e+00
7.331788e-01,-1.006314e+01,5.773457e+00,-2.544031e+00,5.990735e+00,2.671792e+00
4.075956e+00,-6.787459e+00,1.108062e+01,-5.253525e-01,7.518209e-01,-1.399678e+00
4.313286e+00,1.214539e+01,1.366656e+01,-2.445996e+00,-1.387230e-01,-1.729003e+00
-2.563945e+00,1.417023e+01,9.979668e+00,-3.104800e+00,-1.347009e-01,1.293172e-01
-7.917050e+00,6.666481e+00,7.268055e+00,-2.228392e+00,-1.022878e+00,-7.699702e-01
-1.844718e+00,9.651107e+00,5.387403e+00,-1.439788e+00,-5.879798e-01,-3.461114e-02
3.213160e+00,1.198036e+01,5.223752e+00,-1.239821e+00,5.606780e-01,3.766158e-01
6.217193e+00,8.526441e+00,2.752195e+00,-1.039714e+00,1.344444e+00,4.920957e-01
5.152470e+00,8.268880e+00,1.700689e+00,-9.839165e-01,1.011488e+00,3.873829e-01
-3.777062e-01,9.294665e+00,1.528253e+00,-1.066738e+00,-5.426320e-01,-1.308197e-01
-1.473162e+00,8.130183e+00,9.318803e-01,-1.168389e+00,-1.194443e+00,-3.520018e-01
-1.548517e+00,7.573843e+00,1.488449e+00,-1.347049e+00,-1.394079e+00,-4.606161e-01
7.719617e-01,7.448952e+00,2.825906e+00,-1.560659e+00,-1.335488e+00,-3.973544e-01
2.300889e+00,7.076817e+00,2.089633e+00,-1.836531e+00,-1.155643e+00,-3.428696e-01
1.411134e+00,7.979884e+00,2.019928e-01,-2.030946e+00,-1.248785e+00,-3.336200e-01
1.451457e+00,9.118737e+00,2.157474e+00,-2.488952e+00,-1.538431e+00,-2.752291e-01
2.199790e+00,1.079764e+01,2.331344e+00,-2.975736e+00,-1.733844e+00,-2.828746e-01
8.641071e+00,1.699146e+01,-1.795268e+00,-3.618545e+00,-1.922887e+00,-1.224487e-01
6.820230e+00,2.677882e+01,-2.797342e-01,-4.016099e+00,-2.060555e+00,-3.720344e-02
-5.929408e+00,1.716387e+01,1.829528e+01,-5.030913e+00,-3.964882e+00,-1.109752e-01
-8.054073e+00,1.753209e+01,1.912808e+01,-4.858198e+00,-5.235891e+00,-3.745138e-01
5.386176e-01,6.385862e+00,2.023033e+01,-3.833074e+00,-3.071657e+00,-5.390600e-01
6.319364e+00,-7.340344e-01,1.713290e+01,-2.538252e+00,-1.578323e+00,-5.133866e-01
5.605734e+00,7.416062e+00,6.217855e+00,-6.197657e-01,1.095368e+00,-5.811312e-01
6.887084e-01,3.751294e+00,9.355282e+00,1.879198e-01,1.040310e+00,-1.182720e+00
1.395425e+00,-7.165623e-01,6.266351e+00,2.169512e+00,8.133176e-01,-2.111805e+00
1.673232e+00,1.004284e+00,7.368796e+00,3.152206e+00,1.593843e+00,-2.081999e+00
3.221087e+00,2.327460e+00,8.008266e+00,4.076845e+00,2.375095e+00,-2.318225e+00
3.962577e+00,2.303554e+00,8.410173e+00,4.757275e+00,2.667888e+00,-2.181203e+00
6.857916e+00,2.037667e+00,1.150448e+01,6.019163e+00,2.790576e+00,-1.901204e+00
8.715502e+00,3.118284e+00,9.968757e+00,6.777842e+00,2.290521e+00,-1.642839e+00
3.526512e+00,4.459510e+00,9.570158e+00,7.287682e+00,1.075828e+00,-9.617710e-01
-8.515941e+00,1.467454e+00,9.025487e+00,6.836174e+00,3.725052e-02,-5.488086e-01
-9.398440e+00,-7.933378e+00,6.780141e+00,5.029730e+00,-1.278840e+00,-5.364153e-01
2.602058e+00,-6.595736e+00,1.351461e+01,2.470490e+00,8.269618e-01,2.890801e-01
8.935325e+00,9.148860e+00,9.619345e+00,-1.064854e+00,3.339264e+00,1.008789e+00
2.711115e+01,3.940408e+01,-1.354372e+01,-2.910285e+00,3.076420e+00,9.817979e-01
-1.182595e+01,-3.193090e+00,1.233961e+01,-1.111965e+00,1.860918e+00,1.308337e+00
8.136537e-02,-1.299619e+01,7.839186e+00,-7.759520e-01,-9.851506e-01,-7.951226e-01
1.422000e+00,1.677387e+01,6.559276e+00,-1.894438e+00,1.618982e+00,3.096256e-01
3.960903e+00,1.970800e+01,8.444699e+00,-2.248826e+00,2.031877e+00,1.545356e+00
-1.541067e+00,6.421838e+00,2.748194e+00,-1.118068e+00,5.201794e-01,-7.429889e-02
-2.602866e+00,7.273007e+00,3.475784e+00,-6.954215e-01,-4.083489e-01,4.588879e-02
3.232191e+00,1.202200e+01,2.586563e+00,-6.539117e-01,-4.624915e-01,-5.314054e-02
3.583958e+00,9.296810e+00,1.570238e+00,-9.085711e-01,3.973407e-02,8.544922e-02
-5.409260e-01,8.203604e+00,1.078401e+00,-8.060785e-01,-5.523621e-01,-9.300171e-02
-2.649045e+00,9.469508e+00,1.300593e+00,-9.309607e-01,-1.177799e+00,-2.500583e-01
-2.268251e+00,8.218976e+00,1.320939e+00,-1.190267e+00,-1.519337e+00,-3.661328e-01
-2.598753e+00,7.476773e+00,3.523323e+00,-1.308272e+00,-1.492777e+00,-3.863682e-01
1.417703e+00,8.929152e+00,3.355378e+00,-1.507295e+00,-1.155250e+00,-3.176776e-01
2.826913e+00,9.485577e+00,3.915002e-01,-1.596419e+00,-8.678380e-01,-1.851740e-01
1.390773e+00,7.774289e+00,-1.753851e+00,-1.930920e+00,-1.069790e+00,-1.188538e-01
3.946636e-01,9.374008e+00,1.080343e+00,-2.275475e+00,-1.459552e+00,-2.444975e-01
1.900239e+00,1.260360e+01,3.351505e+00,-3.180809e+00,-1.747445e+00,-2.018625e-01
6.552099e+00,1.665218e+01,-1.967800e+00,-3.534561e+00,-1.634014e+00,-6.411197e-02
9.511732e+00,2.436189e+01,-4.554757e-01,-4.103169e+00,-1.444083e+00,2.749875e-01
1.965261e+00,1.850594e+01,1.341868e+01,-4.594249e+00,-2.242497e+00,3.146394e-01
-9.152164e+00,2.415227e+01,2.148990e+01,-4.774108e+00,-4.756558e+00,-8.857092e-01
-4.027614e+00,4.673504e+00,2.025874e+01,-4.343190e+00,-4.069996e+00,-1.208740e+00
6.460960e+00,8.848764e-01,7.347224e+00,-1.479619e+00,-1.198358e+00,-8.344305e-01
5.685946e+00,8.461713e+00,6.600694e+00,-8.596508e-01,3.510453e-01,-6.288981e-01
1.047353e+00,3.099215e+00,7.770610e+00,-1.259876e-01,8.394862e-01,-1.303397e+00
1.600760e+00,6.119696e-01,6.375641e+00,1.252725e+00,8.140956e-01,-1.903347e+00
1.346866e+00,1.617821e+00,7.479711e+00,2.719873e+00,1.582786e+00,-1.918089e+00
1.951524e+00,2.753347e+00,8.187895e+00,3.252262e+00,2.002858e+00,-2.039698e+00
3.657685e+00,1.152361e+00,1.101540e+01,4.675929e+00,2.682931e+00,-1.538692e+00
5.625108e+00,-2.161221e+00,1.096254e+01,5.590871e+00,2.817747e+00,-1.353047e+00
9.937756e+00,-3.616712e+00,1.255493e+01,6.771697e+00,2.513465e+00,-7.274232e-01
7.571747e+00,-3.848428e+00,1.137854e+01,7.020592e+00,2.001790e+00,-1.147214e-01
-3.126960e+00,-2.052227e+00,1.207169e+01,6.310132e+00,-3.134704e-01,3.211194e-01
-8.565351e+00,-1.277869e+01,1.267039e+01,4.521250e+00,-1.067632e+00,4.921870e-01
-1.018908e+01,2.533215e+01,9.046396e+00,1.206314e+00,2.444982e-01,1.092245e+00
1.193479e+01,3.377975e+01,1.639109e+01,-1.394243e+00,1.520929e+00,1.439445e+00
2.470264e+01,-2.396450e+01,4.184889e+00,-2.442500e+00,4.919205e+00,1.601358e+00
6.217495e+00,-4.982074e-01,1.208230e+01,-3.780536e-01,2.723235e+00,1.239904e-01
-1.238828e+01,2.335348e+01,1.239283e+01,-2.118130e+00,-1.213025e+00,-4.354689e-01
-4.981205e+00,1.059176e+01,7.043654e+00,-1.942394e+00,-1.804091e+00,3.745084e-02
-2.137801e+00,5.563246e+00,4.813770e+00,-4.939050e-01,-2.481137e-01,-4.774164e-01
1.249745e+00,1.260140e+01,4.964944e+00,-2.347039e-01,3.162335e-01,-7.424775e-02
2.575772e+00,9.756392e+00,2.424362e+00,-5.185941e-01,4.176066e-01,8.260810e-02
2.962022e+00,8.308798e+00,1.969795e+00,-3.716314e-01,1.457482e-02,1.704376e-01
1.020416e+00,9.293321e+00,1.369043e+00,-4.153980e-01,-7.527587e-01,-2.778511e-01
-3.139779e+00,8.509005e+00,2.340301e+00,-5.993970e-01,-1.251080e+00,-3.932125e-01
-4.146309e+00,8.305396e+00,3.753260e+00,-7.785046e-01,-1.964416e+00,-6.387155e-01
-3.422574e+00,7.809733e+00,4.219947e+00,-9.274091e-01,-1.900958e+00,-6.411241e-01
1.746958e+00,7.367062e+00,3.015207e+00,-9.777839e-01,-1.378189e+00,-4.824308e-01
2.705197e+00,7.796615e+00,-7.377525e-01,-9.803260e-01,-1.071348e+00,-3.458192e-01
1.390314e+00,9.714613e+00,-3.227704e+00,-1.325942e+00,-1.062576e+00,-1.509019e-01
-2.960347e-01,1.042631e+01,6.441501e-01,-1.769773e+00,-1.484649e+00,-2.076531e-01
-5.687811e-01,1.291760e+01,3.282397e+00,-2.644517e+00,-1.891064e+00,-3.281273e-01
3.182453e+00,1.345737e+01,-2.015120e-01,-3.040049e+00,-1.643783e+00,2.463878e-03
6.690911e+00,1.673293e+01,-2.410628e+00,-3.249147e+00,-1.049678e+00,4.965326e-01
3.416310e+00,1.361726e+01,7.535098e+00,-3.660511e+00,-1.241104e+00,4.606068e-01
-5.728674e+00,2.399181e+01,1.720125e+01,-4.298751e+00,-3.562050e+00,-5.720839e-01
-7.476969e+00,2.152512e+01,1.691787e+01,-4.561267e+00,-3.734927e+00,-8.980732e-01
-5.619156e-01,1.792620e+00,1.398101e+01,-2.773513e+00,-2.135108e+00,-1.169310e+00
6.683779e+00,8.224724e+00,8.506413e+00,-1.251275e+00,-2.276070e-01,-6.504608e-01
5.301138e+00,9.361794e+00,1.012841e+01,-1.174149e+00,1.841008e+00,-8.333983e-01
3.768103e+00,3.744379e+00,7.504945e+00,8.888716e-03,1.573909e+00,-1.077567e+00
3.727940e+00,1.684157e+00,6.188377e+00,2.178611e+00,1.444275e+00,-1.674621e+00
4.117117e+00,3.877961e+00,6.961688e+00,2.820686e+00,1.544838e+00,-1.684604e+00
4.434431e+00,3.546480e+00,8.190476e+00,3.893744e+00,1.789267e+00,-1.364960e+00
4.927018e+00,2.869866e+00,8.563383e+00,4.643440e+00,1.687838e+00,-1.118473e+00
5.231475e+00,7.334227e-01,1.221496e+01,5.719869e+00,1.265702e+00,-7.184920e-01
6.540406e+00,-1.824221e+00,1.191369e+01,6.392067e+00,7.348718e-01,-4.419895e-01
1.427629e+00,-4.432205e+00,1.112384e+01,7.078544e+00,-2.793486e-01,-2.770578e-01
-6.182653e+00,-2.896344e+00,1.460906e+01,6.688690e+00,-1.284707e+00,-4.191886e-01
-1.156314e+01,-1.333969e+01,1.250329e+01,3.592939e+00,-1.484224e+00,-4.331305e-01
-8.404846e+00,1.589192e+01,1.378007e+00,1.689964e+00,-5.712296e-01,-3.768405e-01
7.844085e+00,1.491939e+01,1.108039e+01,-4.026573e+00,1.955207e+00,1.109381e+00
6.729534e+00,-1.260675e+01,8.974972e+00,-3.267921e+00,3.373766e+00,2.249218e+00
6.019756e+00,8.479841e+00,1.101808e+01,-9.737221e-01,1.540411e+00,-3.434574e-01
2.004235e+00,2.166153e+01,9.650409e+00,-1.583719e+00,1.138059e+00,1.988548e-01
-5.620817e-01,5.937660e+00,6.358110e+00,-1.094575e+00,9.260785e-02,2.341811e-01
2.843470e+00,7.244620e+00,3.554364e+00,-3.161753e-01,-5.175411e-02,-3.437805e-01
-6.239223e-01,1.215033e+01,4.386117e+00,-3.678414e-01,4.825518e-02,1.752316e-02
-1.744482e+00,1.143944e+01,2.523152e+00,-3.626840e-01,-5.656245e-01,-2.517336e-01
-2.259606e+00,9.774961e+00,2.523523e+00,-2.720110e-01,-9.357280e-01,-3.145016e-02
-1.043196e+00,9.273196e+00,1.238294e+00,-2.340661e-01,-7.224769e-01,-2.026864e-01
-4.988678e-01,8.183915e+00,4.027830e-01,-3.036835e-01,-4.420720e-01,-5.316067e-02
-1.774925e+00,8.069578e+00,1.390420e+00,-4.873617e-01,-5.775675e-01,-9.670784e-02
-2.228737e+00,7.724248e+00,3.544569e+00,-8.944311e-01,-1.146376e+00,-3.420105e-01
1.826202e+00,7.699485e+00,2.627358e+00,-9.947650e-01,-1.167954e+00,-4.272903e-01
3.741146e+00,7.759351e+00,-1.936350e+00,-1.111882e+00,-8.562014e-01,-3.160502e-01
8.119909e-01,8.977150e+00,-2.963512e+00,-1.272850e+00,-9.175580e-01,-2.551610e-01
-1.761686e+00,1.078438e+01,1.191124e+00,-2.109347e+00,-1.697866e+00,-2.351146e-01
-1.028236e+00,1.191186e+01,1.702647e+00,-2.574528e+00,-1.785943e+00,-3.067781e-01
7.816502e+00,1.221250e+01,1.150581e+00,-3.191236e+00,-1.174944e+00,1.254451e-01
8.622664e+00,1.886858e+01,-4.362143e+00,-3.350771e+00,-7.419816e-01,3.247579e-01
9.482736e-01,1.611298e+01,7.898714e+00,-3.819471e+00,-1.507993e+00,4.204939e-01
-7.609336e+00,2.089617e+01,1.570934e+01,-4.314126e+00,-3.515178e+00,2.073164e-01
-7.686263e+00,1.963004e+01,1.795957e+01,-4.610629e+00,-3.666126e+00,-5.152318e-01
-1.669665e+00,1.355380e+00,1.867496e+01,-3.268460e+00,-2.111517e+00,-2.790356e-01
6.209836e+00,1.001877e+01,8.990327e+00,-7.623523e-01,4.924535e-01,2.139627e-01
4.085139e+00,8.751050e+00,1.030010e+01,-1.202513e+00,1.581289e+00,9.046991e-02
2.595399e+00,4.845508e+00,8.389283e+00,8.858373e-01,1.396908e+00,-2.127586e-01
3.107214e+00,1.393756e+00,7.862926e+00,1.964882e+00,1.274246e+00,-4.481968e-01
2.665324e+00,1.019863e+00,7.431058e+00,3.631516e+00,1.379847e+00,-6.793102e-01
2.543178e+00,2.510479e+00,8.374362e+00,4.155211e+00,1.450498e+00,-8.437436e-01
3.690244e+00,1.031158e+00,1.133494e+01,5.260984e+00,1.329805e+00,-7.977269e-01
5.039969e+00,-5.615603e-01,1.060847e+01,6.084611e+00,1.112572e+00,-7.723876e-01
6.014701e+00,-2.841403e+00,1.249310e+01,7.109549e+00,5.598279e-01,-7.748183e-01
1.733149e+00,-1.316408e+00,1.138931e+01,7.360621e+00,2.731853e-01,-8.392737e-01
-9.106966e+00,-3.506180e+00,1.238939e+01,6.047330e+00,-1.314859e+00,-8.430671e-01
-5.905731e+00,-1.193306e+01,1.216355e+01,4.227483e+00,-1.352388e+00,-7.818535e-01
2.474782e+00,7.336794e+00,-1.304558e-01,1.226478e+00,7.809857e-01,-5.092115e-01
1.414103e+01,3.871474e+01,8.861440e+00,-9.642191e-01,2.212237e+00,2.619095e-01
-7.132259e+00,-2.450409e+00,1.541119e+01,-2.075952e+00,3.126692e+00,2.257256e+00
1.271204e+01,-9.666690e+00,6.766073e+00,-2.516240e+00,7.702693e-01,-7.274957e-01
1.236457e+01,1.707591e+01,6.745841e+00,-1.824974e+00,3.820876e+00,1.181620e+00
3.864136e+00,1.674480e+01,9.893403e+00,-1.867155e+00,2.001908e+00,1.325439e+00
-3.892072e+00,6.921115e+00,4.181151e+00,-1.028652e+00,-9.199144e-01,-6.285630e-01
-3.909156e+00,9.562004e+00,4.454542e+00,-8.338834e-01,-1.074864e+00,-2.799028e-01
1.891693e+00,1.316975e+01,2.022803e+00,-4.665244e-01,-5.860593e-01,-2.912996e-01
2.996879e+00,9.991299e+00,8.868565e-01,-6.274993e-01,1.154072e-01,6.557794e-02
2.158614e+00,8.152989e+00,2.971876e-01,-4.299425e-01,1.042071e-01,7.938186e-02
-1.158487e+00,7.686162e+00,4.300352e-01,-5.816141e-01,-3.630008e-01,-8.652511e-02
-3.744570e+00,7.209883e+00,1.311738e+00,-9.235215e-01,-1.297007e+00,-4.287814e-01
-4.277749e+00,7.582831e+00,3.824687e+00,-1.187819e+00,-1.631456e+00,-5.106546e-01
-3.037718e-01,7.725387e+00,4.660363e+00,-1.425573e+00,-1.369643e+00,-5.139652e-01
2.192235e+00,8.874239e+00,2.862004e+00,-1.456499e+00,-9.229468e-01,-3.322314e-01
4.451156e+00,1.023678e+01,-1.277676e+00,-1.500328e+00,-5.084841e-01,-1.817603e-01
3.361384e+00,1.118915e+01,-2.196274e+00,-1.652520e+00,-7.112220e-01,-1.288889e-01
1.383258e+00,1.201360e+01,5.577630e-02,-2.298756e+00,-1.559747e+00,-2.717003e-01
5.297385e+00,1.399057e+01,4.878993e-01,-2.821125e+00,-1.898393e+00,-2.746842e-01
4.603463e+00,1.795008e+01,-2.650224e+00,-3.373033e+00,-1.559223e+00,2.520369e-01
-1.796613e+00,1.642852e+01,5.234596e+00,-3.532867e+00,-1.674515e+00,5.116355e-01
-7.008913e+00,2.535835e+01,1.580384e+01,-4.198707e+00,-3.537293e+00,-3.125738e-02
-8.885695e+00,1.942950e+01,1.603961e+01,-4.307492e+00,-3.572215e+00,-2.025196e-01
-1.980640e+00,1.860266e+00,1.506999e+01,-2.320625e+00,-1.810058e+00,1.168252e-01
3.481327e+00,7.575314e+00,1.084948e+01,-8.163720e-01,-2.526744e-01,5.541508e-01
4.514286e+00,8.004862e+00,9.549145e+00,-1.091245e+00,1.967792e+00,1.508357e-01
4.067191e+00,6.325393e+00,7.814945e+00,-1.566047e-01,1.926205e+00,2.426828e-01
2.838345e+00,2.651680e+00,8.208730e+00,1.613945e+00,1.491250e+00,-3.046533e-02
2.500674e+00,1.226632e+00,7.984117e+00,2.660702e+00,1.168738e+00,-2.485615e-01
2.033106e+00,3.923308e+00,8.104321e+00,4.035791e+00,1.035317e+00,-7.110184e-01
1.904768e+00,2.696271e+00,1.042578e+01,4.577779e+00,1.033970e+00,-8.013482e-01
4.018943e+00,-1.145260e+00,1.165950e+01,6.024940e+00,9.382288e-01,-8.641946e-01
5.988627e+00,-8.153098e-01,1.041196e+01,6.690883e+00,9.737215e-01,-9.338419e-01
5.183606e+00,-3.521432e+00,1.223252e+01,7.254737e+00,8.947372e-01,-8.797468e-01
-2.369842e+00,-3.000646e+00,1.335360e+01,7.118389e+00,3.120620e-01,-8.077778e-01
-8.925339e+00,-1.533157e+01,1.203761e+01,4.492790e+00,-1.110545e+00,-5.670982e-01
-8.787374e+00,2.442840e+00,1.745130e+00,2.387896e+00,-8.294158e-01,-4.952025e-01
5.965276e-01,2.303527e+01,1.412530e+01,-3.206173e+00,1.268339e+00,1.040952e+00
9.321107e+00,-9.931965e+00,9.843926e+00,-4.899350e+00,3.625372e+00,3.233845e+00
1.484965e+01,2.533447e+00,1.209963e+01,-1.131091e+00,2.954272e+00,-6.132233e-01
6.978929e+00,2.253703e+01,1.046666e+01,-1.517107e+00,2.201975e+00,-1.427539e-01
-1.037300e+01,1.131607e+01,9.380141e+00,-2.382769e+00,-1.244077e+00,1.645724e-01
-7.721353e+00,6.928074e+00,7.577075e+00,-1.254541e+00,-2.189352e+00,-1.225865e+00
3.744528e-01,1.114380e+01,4.643226e+00,-6.289838e-01,-1.165503e-01,-7.144242e-02
1.671677e+00,1.235084e+01,3.065874e+00,-3.984668e-01,6.994372e-01,3.004476e-02
2.796566e+00,7.729980e+00,7.634337e-01,-2.757904e-01,5.759617e-01,2.001492e-01
2.193566e+00,9.073975e+00,1.435781e+00,-1.144692e-01,2.869373e-01,6.360089e-02
9.380804e-01,9.593975e+00,1.417087e+00,-4.496812e-01,-3.472141e-01,-2.021939e-01
-5.918465e-01,8.761218e+00,1.502079e+00,-6.680486e-01,-7.160131e-01,-3.094538e-01
-4.589014e+00,8.491341e+00,4.149600e+00,-9.626469e-01,-1.203530e+00,-5.037409e-01
-2.456203e+00,8.732945e+00,4.686659e+00,-1.114824e+00,-1.420591e+00,-5.737694e-01
1.882869e+00,8.442015e+00,4.029069e+00,-1.184274e+00,-1.017121e+00,-4.083862e-01
1.899704e+00,9.402718e+00,2.034076e+00,-1.224497e+00,-5.334595e-01,-1.619709e-01
3.217914e+00,1.128212e+01,-2.898056e+00,-1.435785e+00,-4.475574e-01,7.628686e-02
5.130966e+00,1.090973e+01,-4.209463e+00,-1.749669e+00,-5.723796e-01,2.197946e-01
6.249512e+00,1.290204e+01,-1.272616e+00,-2.480634e+00,-1.187158e+00,3.163278e-02
5.273700e+00,1.561667e+01,-3.562597e+00,-3.090495e+00,-1.622412e+00,-2.191570e-02
-3.094389e+00,1.912860e+01,3.750922e+00,-3.885979e+00,-2.123479e+00,2.339615e-01
-6.649107e+00,2.291587e+01,1.515135e+01,-4.267656e+00,-2.825937e+00,5.406659e-01
-1.004153e+01,2.562826e+01,1.822871e+01,-4.593523e+00,-3.338443e+00,-5.186019e-02
-2.474100e+00,1.384066e+00,2.197903e+01,-4.042391e+00,-2.318009e+00,2.019929e-01
9.710617e+00,1.053174e+01,8.263635e+00,-5.075474e-01,8.954470e-01,6.806113e-01
6.157892e+00,9.811135e+00,1.038680e+01,-9.424741e-01,1.977547e+00,5.642766e-01
3.126462e+00,5.862191e+00,8.943412e+00,2.814612e-01,1.313483e+00,2.395902e-01
2.736762e+00,4.558026e-01,7.381239e+00,1.861721e+00,6.611832e-01,-3.349959e-01
2.164114e+00,5.234058e-01,7.270872e+00,3.925917e+00,5.084485e-01,-1.052346e+00
2.134542e+00,4.092667e-01,8.358989e+00,4.467481e+00,5.945861e-01,-1.257928e+00
2.755112e+00,3.568495e-01,1.030456e+01,5.490747e+00,6.880713e-01,-1.069668e+00
2.072974e+00,-5.308938e-02,1.158762e+01,6.043175e+00,7.735570e-01,-1.028386e+00
1.595464e+00,-1.931031e-01,1.321327e+01,7.019512e+00,7.096412e-01,-8.485594e-01
-1.161430e+00,1.817887e+00,1.277040e+01,7.345794e+00,8.441577e-01,-6.827789e-01
-6.536687e+00,-1.394039e+00,8.290782e+00,6.845396e+00,6.491856e-01,6.470588e-04
-4.181818e+00,-1.375115e+01,6.363332e+00,5.454092e+00,6.232767e-01,3.957776e-01
1.134383e+01,2.633755e+01,5.684855e+00,1.849409e+00,2.039412e+00,5.317214e-01
1.301053e+01,2.925219e+01,1.545679e+01,-2.529443e+00,2.288621e+00,2.768005e-01
1.008777e+01,-8.030524e+00,1.156890e+01,-4.268889e+00,3.058876e+00,2.121811e+00
8.808164e+00,9.275747e-01,1.353900e+01,-1.742700e+00,1.423441e+00,-8.173366e-01
-6.697258e+00,2.478401e+01,1.004148e+01,-2.134573e+00,-4.143469e-01,-5.799171e-01
-1.174914e+01,7.235652e+00,7.319740e+00,-2.549412e+00,-1.294991e+00,4.256688e-02
7.399174e-01,7.940185e+00,4.480419e+00,-3.427429e-01,-5.181440e-01,-9.330786e-01
4.699384e+00,1.122670e+01,1.582346e+00,-3.086414e-01,1.259132e+00,1.199354e-01
1.048268e+00,9.837424e+00,2.432240e-01,-7.432349e-02,1.367438e+00,3.454404e-01
1.328095e+00,8.472351e+00,-5.764881e-02,-1.093065e-01,6.578163e-01,1.373815e-01
2.222666e+00,9.664667e+00,7.791112e-01,-2.862061e-01,2.948091e-01,-8.884092e-02
4.279852e-01,8.780282e+00,6.948444e-01,-5.644996e-01,1.707423e-01,-1.821145e-01
-2.520421e+00,8.511748e+00,3.376360e+00,-9.067784e-01,-4.509144e-01,-3.844344e-01
-6.582109e-02,8.256037e+00,4.434461e+00,-1.121503e+00,-7.731372e-01,-4.497516e-01
2.509711e+00,8.715472e+00,4.780888e+00,-1.283533e+00,-6.316227e-01,-4.766820e-01
2.024571e+00,9.162204e+00,4.822097e+00,-1.329578e+00,-6.235799e-01,-4.315230e-01
-6.118670e-01,1.020379e+01,1.214160e+00,-1.389731e+00,-9.067008e-01,-4.073735e-01
1.157404e-01,1.040026e+01,-1.876348e+00,-1.467810e+00,-1.006891e+00,-2.938817e-01
2.383015e+00,1.153602e+01,-1.895913e+00,-1.848412e+00,-8.111892e-01,-9.209740e-03
9.255580e-01,1.268578e+01,9.700000e-01,-2.290331e+00,-9.150792e-01,3.371106e-02
7.173631e+00,1.594725e+01,-3.244796e+00,-2.944948e+00,-1.485172e+00,1.155005e-02
7.158943e+00,1.516165e+01,1.736109e+00,-3.246677e+00,-1.568837e+00,1.969157e-01
-4.253780e+00,1.860043e+01,1.107866e+01,-3.836911e+00,-2.879436e+00,-1.428648e-02
-9.638734e+00,2.474183e+01,1.528108e+01,-4.153470e+00,-4.361020e+00,-4.738470e-01
-3.434028e+00,3.530897e+00,1.651511e+01,-3.636648e+00,-3.386074e+00,-1.147108e+00
3.358622e+00,5.482812e+00,1.067238e+01,-2.124312e+00,-1.665235e+00,-5.721840e-01
7.384372e+00,1.167309e+01,9.674372e+00,-1.434210e+00,1.451088e+00,-4.712526e-01
6.483300e+00,9.104893e+00,8.381410e+00,-1.032700e+00,2.045860e+00,-4.204621e-01
7.803271e+00,2.010248e-01,5.557870e+00,1.362715e+00,1.598025e+00,-7.183630e-01
7.747832e+00,1.260153e+00,5.989887e+00,2.489241e+00,1.576932e+00,-1.108192e+00
5.030655e+00,3.244672e+00,8.079418e+00,3.506161e+00,1.289741e+00,-1.313128e+00
3.316768e+00,2.573130e+00,9.635496e+00,4.184559e+00,6.858214e-01,-1.383258e+00
3.408547e+00,1.568312e+00,1.117898e+01,5.578768e+00,1.090190e-01,-1.301953e+00
5.305557e+00,1.517053e+00,1.066596e+01,6.250330e+00,-6.134296e-02,-1.120720e+00
3.660038e+00,-2.804174e+00,1.125856e+01,7.142948e+00,-3.459200e-01,-5.607684e-01
-2.712114e+00,-1.934533e+00,1.074684e+01,7.173861e+00,-5.493943e-01,-6.592115e-01
-7.384199e+00,-9.150441e+00,1.075028e+01,5.394138e+00,-1.281854e+00,-8.554887e-01
-3.285740e+00,-7.573939e+00,9.019747e+00,3.296136e+00,-7.296581e-01,-8.495281e-01
1.776505e+01,3.937451e+01,-4.343893e+00,-5.559998e-01,9.334678e-01,1.300068e-01
-5.372079e+00,1.680955e+01,1.124345e+01,-2.262292e+00,1.773858e+00,7.981810e-01
9.755080e+00,-4.125931e+00,9.758547e+00,-9.209677e-01,8.229355e-01,-1.039711e-01
1.056800e+01,6.307677e+00,9.440314e+00,-2.087505e+00,1.553371e+00,-6.302971e-01
3.792596e+00,1.555331e+01,6.942378e+00,-2.439028e+00,2.092791e+00,7.415748e-01
-5.804959e+00,1.180120e+01,7.064760e+00,-1.837975e+00,-1.043755e-01,-1.192187e-01
-8.170864e+00,8.487108e+00,4.332263e+00,-1.104583e+00,-1.675650e+00,-6.741821e-01
4.258901e-01,1.182407e+01,3.641719e+00,-8.219562e-01,-9.679894e-01,-3.774864e-01
4.841425e+00,9.180745e+00,2.284161e+00,-5.894496e-01,1.042343e+00,3.977771e-01
6.377285e+00,7.971164e+00,7.911658e-01,-4.853072e-01,1.012879e+00,2.448343e-01
8.761471e-01,8.734182e+00,-2.063447e-01,-4.254101e-01,-8.870143e-02,1.251315e-02
-4.982635e+00,8.061917e+00,-6.071243e-01,-6.532063e-01,-1.245158e+00,-3.357337e-01
-3.149475e+00,7.735906e+00,1.932721e+00,-9.999468e-01,-2.119895e+00,-6.438329e-01
-7.477683e-02,8.261133e+00,3.038311e+00,-1.257961e+00,-1.806745e+00,-4.786224e-01
2.721916e+00,8.964340e+00,1.386256e+00,-1.517761e+00,-6.362125e-01,-1.619870e-01
1.542165e+00,8.512073e+00,-4.587094e-01,-1.698304e+00,-5.083657e-01,-4.379472e-02
1.028083e+00,9.256473e+00,1.391374e+00,-2.033895e+00,-1.145630e+00,-1.996289e-01
-8.602582e-01,1.003759e+01,3.890671e+00,-2.416596e+00,-1.458849e+00,-2.485494e-01
2.121912e+00,1.191557e+01,5.474701e+00,-3.120232e+00,-1.895849e+00,-2.566203e-01
5.583176e+00,1.605633e+01,-7.088477e-01,-3.355784e+00,-1.727920e+00,-1.067177e-01
9.787299e+00,1.810232e+01,-1.615302e+00,-3.602461e+00,-1.271164e+00,2.958262e-01
5.542485e+00,1.465119e+01,1.073015e+01,-4.024929e+00,-1.645758e+00,3.415965e-01
-3.047477e+00,1.614809e+01,1.844697e+01,-4.435395e+00,-4.233835e+00,-7.924289e-01
-6.961849e+00,2.029256e+01,1.820835e+01,-4.321126e+00,-4.952971e+00,-1.487684e+00
4.880613e-01,-1.480620e+00,1.177459e+01,-3.124607e+00,-3.834863e+00,-1.764525e+00
3.519639e+00,4.853502e+00,7.440012e+00,-1.352696e+00,-2.326318e+00,-1.392716e+00
-2.287279e-01,8.851597e+00,1.027933e+01,-6.665968e-01,3.999012e-01,-1.098545e+00
2.538886e-01,2.249986e+00,7.621342e+00,3.217269e-01,9.323193e-01,-1.176302e+00
3.328407e+00,-2.220319e-01,8.122669e+00,2.661079e+00,2.098090e+00,-1.101663e+00
4.722088e+00,3.180414e-01,7.350783e+00,3.372849e+00,2.794505e+00,-9.980324e-01
7.428862e+00,6.204876e-01,8.007887e+00,4.565622e+00,3.444879e+00,-8.472769e-01
8.476581e+00,-2.196989e-02,9.529293e+00,5.212605e+00,3.368056e+00,-6.309428e-01
7.445910e+00,-8.898781e-01,1.155988e+01,6.193651e+00,2.458603e+00,-7.245524e-01
4.360330e+00,3.592131e-01,1.209718e+01,6.848690e+00,1.321952e+00,-7.455567e-01
-4.032702e+00,8.054818e+00,1.106236e+01,7.114475e+00,-2.535636e-01,-6.763933e-01
-1.445497e+01,1.134428e+00,8.327844e+00,6.295546e+00,-1.225920e+00,-4.323629e-01
-2.926468e+00,-8.167064e+00,5.433840e+00,4.170535e+00,-3.250287e-01,-3.994200e-01
4.790592e+00,-2.840041e-01,4.206937e+00,2.680729e+00,1.936536e+00,2.467350e-01
2.867994e+01,3.873228e+01,-5.289742e+00,-1.180418e+00,4.786726e+00,1.241335e+00
-4.846495e+00,-3.681080e+00,6.671299e+00,-2.194170e+00,4.597718e+00,1.848356e+00
-3.988540e+00,-1.004798e+00,9.349552e+00,-7.147627e-01,9.408509e-01,-5.721946e-01
5.363390e-01,1.123048e+01,1.103268e+01,-1.989441e+00,2.308139e-02,-1.416426e+00
3.853561e+00,1.364867e+01,4.926149e+00,-2.633682e+00,1.076052e+00,3.640772e-01
1.771641e+00,4.414387e+00,4.690112e+00,-2.288546e+00,8.123430e-01,8.660861e-02
-1.105405e+00,1.075030e+01,7.166557e+00,-1.546209e+00,-1.522243e-01,-2.533333e-01
1.788266e-02,1.308768e+01,6.786870e+00,-1.793730e+00,-3.204309e-01,-6.759786e-02
1.543544e+00,7.156555e+00,4.102048e+00,-1.578391e+00,-2.679953e-01,2.558127e-02
2.473537e-01,8.960541e+00,3.079218e+00,-1.061195e+00,-3.310292e-01,-2.239859e-02
-2.721346e+00,9.384279e+00,2.133534e+00,-9.290935e-01,-7.967260e-01,-8.988820e-02
-8.752986e-01,9.472010e+00,1.519950e+00,-8.436260e-01,-8.403482e-01,-1.239161e-01
1.889780e+00,7.294518e+00,1.630496e+00,-8.820741e-01,-2.483897e-01,-8.005476e-02
3.073901e+00,7.941424e+00,1.856501e+00,-1.009834e+00,-1.998786e-01,-1.328799e-01
-1.064357e+00,6.997930e+00,1.229619e+00,-1.347132e+00,-5.605282e-01,-2.185396e-01
-6.653839e-01,7.883501e+00,1.357211e+00,-1.603306e+00,-9.149363e-01,-3.166982e-01
1.002670e+00,1.070906e+01,3.009319e+00,-2.169679e+00,-1.020430e+00,-1.008509e-01
-8.859401e-01,1.081366e+01,4.717188e+00,-2.582210e+00,-1.038131e+00,-7.299947e-02
2.459258e+00,1.684983e+01,2.055710e+00,-3.045622e+00,-1.348139e+00,3.348069e-02
9.566676e+00,2.162149e+01,-2.437283e+00,-3.268407e+00,-1.255170e+00,2.733564e-01
1.259959e+01,1.708758e+01,4.998610e+00,-3.928881e+00,-8.074430e-01,6.376131e-01
-9.552982e-01,1.237616e+01,1.480488e+01,-4.267203e+00,-2.058467e+00,2.834432e-01
-6.642033e+00,2.196247e+01,1.693456e+01,-4.385302e+00,-4.618196e+00,-1.093460e+00
-4.020587e+00,1.036089e+01,1.527555e+01,-3.852446e+00,-4.552076e+00,-1.943004e+00
4.017348e+00,4.108175e+00,7.246016e+00,-1.470468e+00,-1.969523e+00,-1.111761e+00
3.823938e+00,8.411616e+00,7.262615e+00,-6.837344e-01,-5.532631e-01,-1.095489e+00
1.831567e+00,3.066143e+00,6.314216e+00,-9.272045e-02,6.270371e-01,-1.530355e+00
2.493288e+00,1.103288e+00,5.552071e+00,1.273560e+00,8.540611e-01,-1.858142e+00
3.090000e+00,1.008139e+00,8.314884e+00,2.820592e+00,1.801947e+00,-1.825355e+00
4.219424e+00,2.187443e+00,8.136337e+00,3.329332e+00,2.232178e+00,-1.845327e+00
6.750557e+00,2.562672e+00,1.072484e+01,4.496459e+00,2.578961e+00,-1.694372e+00
8.816505e+00,1.054779e+00,1.002952e+01,5.315851e+00,2.760245e+00,-1.404416e+00
1.174207e+01,8.540581e-01,1.116661e+01,6.662476e+00,2.130163e+00,-1.116810e+00
9.714322e+00,1.494938e+00,1.086762e+01,7.232148e+00,1.060893e+00,-9.864270e-01
-8.348736e+00,2.581295e+00,9.553624e+00,6.771431e+00,-1.067485e+00,-1.176208e+00
-1.831148e+01,-8.107294e+00,4.666936e+00,5.580955e+00,-2.233511e+00,-1.312254e+00
-6.355071e+00,-6.002107e+00,5.969095e+00,2.880260e+00,-1.122487e+00,-7.187701e-01
1.912479e+01,3.933591e+01,7.471065e-01,6.614684e-01,1.997708e+00,1.017241e+00
2.254400e+00,-6.782400e+00,6.909600e+00,-1.568760e+00,4.777243e+00,2.095848e+00
2.299698e+01,-6.163495e+00,6.745511e+00,-5.405599e-01,3.365766e+00,1.078938e+00
-1.855919e+00,8.193182e+00,1.023114e+01,-2.697920e+00,2.465010e+00,-3.705554e-01
-1.270592e-01,2.209640e+01,8.246159e+00,-2.886083e+00,1.606201e-01,4.784408e-01
-7.289415e+00,4.119598e+00,5.608151e+00,-2.298205e+00,-1.460651e+00,-6.141763e-01
-4.095396e+00,7.292517e+00,4.912919e+00,-1.783203e+00,-1.471298e+00,-3.883146e-01
4.673474e+00,1.253143e+01,4.344228e+00,-1.551687e+00,-2.015987e-01,9.537040e-02
4.925109e+00,9.039031e+00,2.965806e+00,-1.528134e+00,5.984649e-01,3.400337e-01
3.014324e+00,6.467269e+00,3.299786e+00,-1.325820e+00,6.722315e-02,5.008280e-02
1.865386e-01,7.331246e+00,4.039603e+00,-1.338415e+00,-7.413765e-01,-2.138824e-01
-3.513802e+00,6.753645e+00,5.165119e+00,-1.460233e+00,-1.674155e+00,-7.061998e-01
-5.412245e+00,6.783542e+00,7.201411e+00,-1.509863e+00,-1.838276e+00,-8.036989e-01
-3.222552e+00,5.922483e+00,5.773673e+00,-1.583679e+00,-1.558153e+00,-7.029881e-01
-5.722947e-01,6.776081e+00,4.221147e+00,-1.468067e+00,-9.890325e-01,-5.193702e-01
3.310092e+00,8.084132e+00,3.026197e+00,-1.419913e+00,-7.419072e-02,-2.341207e-01
5.576638e+00,7.160211e+00,2.933256e+00,-1.564877e+00,2.073756e-02,-2.517683e-01
2.257895e+00,1.117063e+01,3.874687e+00,-1.908518e+00,-6.031078e-01,-5.571744e-01
5.234437e-01,1.496717e+01,4.531049e+00,-2.189708e+00,-1.309750e+00,-7.958732e-01
5.896666e+00,2.053196e+01,5.733496e+00,-2.836552e+00,-2.367484e+00,-8.125351e-01
9.409943e+00,1.728118e+01,9.096103e+00,-3.066592e+00,-2.343447e+00,-6.954662e-01
7.665956e+00,3.812569e+00,1.531884e+01,-3.263400e+00,-2.102050e+00,-8.400554e-01
5.764057e+00,6.029224e+00,1.564809e+01,-2.871951e+00,-2.907423e+00,-1.813623e+00
-2.195657e-01,-4.564534e+00,1.207386e+01,-2.432213e+00,-3.802843e+00,-3.008132e+00
-2.187401e+00,-5.267574e+00,8.112239e+00,-1.796215e+00,-3.794045e+00,-3.498454e+00
-3.454917e+00,6.420677e+00,5.861622e+00,-7.541574e-01,-3.214225e+00,-3.842360e+00
-3.295299e+00,5.100303e+00,7.298527e+00,-7.986372e-01,-2.275833e+00,-3.664347e+00
2.430920e+00,4.258587e+00,5.807983e+00,9.492851e-01,-1.600022e-01,-3.653662e+00
4.006852e+00,5.465215e+00,7.602780e+00,1.772799e+00,1.115025e+00,-3.058280e+00
9.996845e+00,4.254517e+00,6.368374e+00,2.726480e+00,1.846661e+00,-2.807698e+00
1.710053e+01,3.044753e+00,7.068347e+00,3.664551e+00,1.983606e+00,-2.749649e+00
2.365998e+01,-1.664586e+00,9.795681e+00,4.979928e+00,7.656497e-01,-2.799487e+00
8.621410e+00,-4.911857e+00,1.495261e+01,5.215020e+00,-1.696039e+00,-3.087461e+00
-1.757443e+01,-1.244827e+00,1.596144e+01,4.690423e+00,-7.006720e+00,-5.257185e+00
-3.891913e+01,-2.213600e+00,1.684330e+01,3.880827e+00,-8.335658e+00,-5.920762e+00
-2.164301e+01,2.006085e+01,1.236616e+01,1.962827e+00,-6.128162e+00,-3.462932e+00
4.692616e+00,1.306094e+01,1.829546e+01,-6.295451e-01,-5.812360e-01,5.275308e-01
3.925560e+01,7.604133e-01,4.930536e+00,1.151155e-01,8.100479e+00,3.042160e+00
3.553583e+01,5.606868e+00,3.011748e+00,8.970344e-01,9.619597e+00,2.924133e+00
-5.229962e+00,9.290759e+00,1.113153e+01,-4.644108e-01,1.603295e+00,4.637907e-01
-2.225611e+01,1.159423e+01,1.069762e+01,-4.810613e-01,-4.204508e+00,-1.967249e+00
-1.268131e+01,7.014783e+00,5.733181e+00,-5.464408e-01,-5.102169e+00,-1.985660e+00
-4.876519e+00,7.819859e+00,4.443320e+00,-1.183661e-01,-3.151318e+00,-1.371285e+00
9.457515e+00,8.803110e+00,5.431978e-01,2.445750e-01,1.552063e+00,4.268298e-01
6.804766e+00,7.306024e+00,-2.126359e-01,2.360423e-01,2.369836e+00,8.027090e-01
-1.914879e+00,8.170887e+00,1.502887e+00,-8.543950e-02,3.230222e-01,1.819693e-01
-6.377872e+00,7.821369e+00,2.539389e+00,-3.944034e-01,-1.495627e+00,-4.677162e-01
-2.037244e+00,8.233740e+00,2.584986e+00,-7.639403e-01,-2.244112e+00,-7.158305e-01
-7.556314e-02,8.467536e+00,3.364826e+00,-8.831796e-01,-1.762991e+00,-5.748329e-01
9.572628e-01,8.838364e+00,4.099266e+00,-1.113250e+00,-9.119345e-01,-3.735367e-01
-1.373194e-01,7.974510e+00,3.383169e+00,-1.240277e+00,-9.264867e-01,-4.269250e-01
3.520055e-01,8.858757e+00,3.972429e+00,-1.470897e+00,-1.231697e+00,-4.642610e-01
1.734841e+00,8.930000e+00,2.917271e+00,-1.583938e+00,-1.295915e+00,-5.104934e-01
2.192794e+00,9.073548e+00,2.968467e+00,-1.909039e+00,-1.348663e+00,-5.409907e-01
5.569234e+00,9.803094e+00,2.712673e+00,-2.205115e+00,-1.572636e+00,-5.298119e-01
1.362844e+01,1.307598e+01,-3.535573e+00,-2.797861e+00,-1.642586e+00,-4.320403e-01
1.751369e+01,1.827601e+01,2.386805e+00,-3.157033e+00,-1.811475e+00,-4.716819e-01
-1.550545e-02,2.180103e+01,1.401311e+01,-4.366638e+00,-3.594177e+00,-3.261436e-01
-2.361242e+01,2.116159e+01,2.330766e+01,-5.041982e+00,-5.886599e+00,-8.837128e-02
-7.923958e+00,4.073254e+00,1.924011e+01,-4.127931e+00,-5.901032e+00,-1.322699e+00
2.039393e+00,-3.641594e+00,2.060447e+01,-3.180223e+00,-2.991868e+00,-3.414172e-01
1.511359e+01,9.541495e+00,7.027537e+00,-8.190189e-01,2.673352e+00,8.345651e-01
1.128437e+01,7.133824e+00,9.329200e+00,-8.327676e-01,3.874986e+00,7.750890e-01
8.713324e+00,-1.441250e+00,6.075702e+00,1.021827e+00,1.478949e+00,-5.108035e-01
5.096801e+00,-1.344883e+00,6.975772e+00,2.174003e+00,4.307129e-01,-1.486859e+00
1.622529e+00,-1.553203e-02,9.146951e+00,3.690362e+00,-1.358967e+00,-2.604482e+00
1.221942e-01,3.257031e-01,1.120494e+01,4.334483e+00,-1.903117e+00,-2.819465e+00
-4.925180e-01,-5.587154e-01,1.274020e+01,5.414124e+00,-1.697561e+00,-3.045744e+00
8.974079e-01,-2.761981e+00,1.284906e+01,6.098347e+00,-1.391318e+00,-2.965679e+00
-8.718989e-01,-5.275979e+00,1.220885e+01,7.153566e+00,-2.657803e-01,-2.297872e+00
-2.759473e+00,-2.344693e+00,1.161615e+01,7.049731e+00,4.557833e-01,-1.188140e+00
9.695293e-01,-7.719837e+00,8.293009e+00,5.340476e+00,1.146427e+00,-4.982613e-02
-1.211329e+00,9.011252e+00,-4.927394e+00,3.291995e+00,2.370581e+00,3.750516e-01
-1.280792e-01,2.996002e+01,1.372489e+01,-7.169096e-01,2.518831e+00,5.197739e-01
1.044455e+01,-3.576246e+00,9.932079e+00,-2.304924e+00,2.513227e+00,1.123205e+00
6.807805e+00,1.055820e+01,7.412318e+00,-1.390699e+00,1.907648e+00,-1.728044e-01
-1.408625e+00,1.752572e+01,9.699448e+00,-7.187388e-01,1.225964e+00,-4.412440e-01
-2.070085e+00,1.271180e+01,5.487896e+00,-1.540887e+00,-2.590270e-01,-5.505690e-03
-6.991355e-01,6.005831e+00,1.774929e+00,-7.542159e-01,-4.409376e-01,-6.860284e-01
-2.487487e+00,1.077804e+01,4.404756e+00,-3.107762e-01,-2.296209e-02,-2.083410e-01
9.876547e-01,1.115033e+01,3.423483e+00,-3.031155e-01,-3.477246e-01,-3.481525e-01
4.743085e+00,8.267179e+00,6.901051e-01,-4.535667e-01,1.073226e-01,2.569957e-02
4.606584e+00,8.358207e+00,-4.856532e-01,-3.437537e-01,7.840075e-02,-1.178926e-01
-3.877015e+00,7.462660e+00,2.215910e+00,-6.926402e-01,-7.936678e-01,-3.176635e-01
-6.458319e+00,7.635714e+00,3.230924e+00,-9.790263e-01,-1.775576e+00,-6.162333e-01
-2.592746e+00,8.213251e+00,3.624999e+00,-1.366314e+00,-2.323422e+00,-7.176547e-01
4.243321e-01,8.338151e+00,2.074221e+00,-1.438616e+00,-1.598599e+00,-4.680999e-01
2.782198e+00,8.203150e+00,1.441026e-01,-1.564213e+00,-7.231708e-01,-1.663124e-01
3.453718e+00,8.512003e+00,-1.689846e+00,-1.687143e+00,-5.620427e-01,-4.423471e-02
1.649690e+00,8.094481e+00,-1.841712e-01,-2.159551e+00,-7.774180e-01,-1.003111e-01
2.001376e+00,8.888908e+00,2.368964e+00,-2.757188e+00,-1.284919e+00,-1.222662e-01
1.356257e+01,1.455541e+01,-2.603589e+00,-3.483063e+00,-1.607475e+00,-1.701706e-01
8.612469e+00,2.473542e+01,2.837911e+00,-3.914168e+00,-1.511079e+00,8.069958e-02
-9.218311e+00,1.737920e+01,1.776696e+01,-4.807647e+00,-3.104432e+00,3.076403e-01
-1.516830e+01,2.351030e+01,2.126082e+01,-4.761579e+00,-5.656198e+00,-2.471339e-01
-2.712373e+00,5.856061e+00,1.623583e+01,-4.554776e+00,-4.396410e+00,-3.578351e-01
4.564874e+00,-2.174911e+00,1.713003e+01,-3.382396e+00,-2.104705e+00,2.840585e-01
1.039153e+01,9.175132e+00,6.925494e+00,-8.122019e-01,1.573099e+00,5.117551e-01
3.635038e+00,6.617052e+00,8.899045e+00,-9.247831e-01,1.987158e+00,1.890901e-01
1.484739e+00,-8.115784e-01,6.212105e+00,8.517446e-01,6.196247e-01,-8.237170e-01
1.070107e+00,-3.664749e-01,6.497851e+00,2.121153e+00,3.255822e-01,-1.293920e+00
5.909041e-01,1.065976e+00,9.341027e+00,3.524585e+00,9.199241e-01,-1.487030e+00
3.568062e-01,1.038639e+00,9.092304e+00,4.229126e+00,1.351947e+00,-1.480970e+00
2.511038e+00,1.873468e-01,1.237032e+01,5.601687e+00,1.861641e+00,-1.228697e+00
4.656281e+00,-3.492563e-01,1.410347e+01,6.266687e+00,2.124344e+00,-1.028589e+00
6.639822e+00,-9.312834e-01,1.387541e+01,7.512810e+00,2.350596e+00,-5.948398e-01
2.099946e+00,1.743516e+00,9.690065e+00,7.999485e+00,1.968369e+00,-2.899578e-01
-1.619906e+01,-7.853126e+00,9.930893e+00,7.244511e+00,6.357251e-01,6.133451e-02
-1.105400e+01,-8.510502e+00,5.662677e+00,5.596648e+00,4.629642e-01,1.890133e-01
2.103937e+01,3.848877e+01,2.453877e+00,1.055619e+00,3.370109e+00,6.650463e-01
1.837611e+01,5.526973e+00,3.824709e+00,-2.005376e+00,4.828264e+00,1.459306e+00
4.979611e+00,-6.157856e+00,1.372285e+01,-2.650388e+00,3.217096e+00,1.730774e-01
-8.492697e-03,1.110742e+01,1.178826e+01,-2.649659e+00,8.898670e-01,-1.424376e+00
-1.559647e+01,1.963688e+01,1.285124e+01,-3.187664e+00,-2.613019e+00,-9.447669e-01
-9.733714e+00,5.572764e+00,6.641144e+00,-2.489849e+00,-3.053342e+00,-8.745043e-01
3.703210e-01,6.127602e+00,7.055367e+00,-1.321468e+00,-1.549945e-01,7.992513e-02
9.089178e+00,1.178927e+01,5.739409e+00,-9.576301e-01,1.717552e+00,7.352723e-01
6.801379e+00,7.945496e+00,3.109853e+00,-9.476997e-01,1.910705e+00,7.070813e-01
4.648027e+00,8.369520e+00,2.923832e+00,-8.252582e-01,8.899874e-01,4.047102e-01
-1.342340e-01,9.417318e+00,3.108110e+00,-8.901858e-01,-5.775738e-01,-1.701639e-01
-2.497673e+00,7.000586e+00,2.984191e+00,-1.066880e+00,-1.294178e+00,-4.427520e-01
-2.730471e+00,6.170001e+00,2.855567e+00,-1.214190e+00,-1.267940e+00,-4.126157e-01
-1.613536e+00,7.279964e+00,3.643219e+00,-1.337839e+00,-1.065560e+00,-3.058426e-01
1.612751e+00,7.446568e+00,3.931627e+00,-1.557652e+00,-6.496962e-01,-1.415593e-01
1.830455e+00,6.295504e+00,2.517311e+00,-1.642599e+00,-5.383807e-01,-1.233896e-01
1.366252e+00,7.395074e+00,1.617054e+00,-1.834796e+00,-8.215222e-01,-1.535263e-01
2.694880e+00,8.145272e+00,1.661972e+00,-2.106195e+00,-9.600412e-01,-7.478508e-03
3.439330e+00,1.020984e+01,-7.569276e-01,-2.718813e+00,-9.361719e-01,1.254749e-01
7.935939e+00,1.287148e+01,-2.579145e+00,-3.225618e+00,-1.244146e+00,2.200676e-01
8.640077e+00,3.297581e+01,5.851757e+00,-4.208603e+00,-1.700666e+00,3.581535e-01
-6.014492e+00,2.675511e+01,1.906732e+01,-5.016796e+00,-2.685096e+00,4.409944e-01
-1.920797e+01,1.821270e+01,2.041607e+01,-4.665415e+00,-6.061774e+00,5.375539e-02
-1.162383e+01,7.110158e+00,2.180618e+01,-3.799773e+00,-4.000321e+00,2.421300e-01
7.106617e+00,3.168339e+00,1.364536e+01,-1.075226e+00,1.052945e+00,1.603860e+00
9.425707e+00,7.332699e+00,8.040415e+00,-2.320038e-01,3.340940e+00,1.876836e+00
7.608812e+00,7.670960e-01,6.835479e+00,1.503291e+00,2.968182e+00,1.167872e+00
6.761131e+00,-2.811043e-01,5.500554e+00,2.764274e+00,2.224076e+00,5.485495e-01
3.818729e+00,1.882492e+00,7.408980e+00,4.237402e+00,1.280814e+00,4.065004e-02
2.550781e+00,1.720899e+00,8.847184e+00,4.824954e+00,1.060562e+00,-2.311213e-01
2.436262e+00,9.565654e-01,1.011512e+01,5.907757e+00,1.251520e+00,-2.285576e-01
3.959463e+00,1.747956e-01,1.386750e+01,6.621722e+00,1.515026e+00,-1.499814e-01
6.053230e+00,2.140000e+00,1.103743e+01,7.549739e+00,1.696374e+00,-3.298206e-02
4.521287e+00,2.661722e+00,1.333397e+01,7.924829e+00,1.548679e+00,1.050246e-01
-5.299583e+00,-1.077083e+00,1.015375e+01,7.409872e+00,6.253196e-01,3.708308e-01
-9.057419e+00,-1.046243e+01,8.682786e+00,5.932868e+00,5.330785e-02,2.215863e-01
1.088980e+00,5.116157e+00,2.177603e+00,2.339418e+00,1.313903e+00,2.123182e-03
2.372699e+01,3.863315e+01,-4.412633e-02,-5.549269e-01,2.270000e+00,8.441567e-02
-2.981944e+00,-4.985407e+00,9.234924e+00,-1.500519e+00,1.811092e+00,7.822507e-01
-6.450552e-01,1.442909e+00,1.350058e+01,-1.466530e+00,-1.162255e+00,-1.326690e+00
-5.623687e+00,1.423965e+01,1.046420e+01,-3.204170e+00,-1.030445e+00,-1.211448e+00
-8.252010e+00,1.282461e+01,8.808950e+00,-2.797323e+00,-6.255769e-01,-1.827068e-01
-1.235145e+00,9.520312e+00,6.436996e+00,-1.444787e+00,3.145248e-01,-1.003717e-01
5.526419e+00,7.653749e+00,3.978166e+00,-1.211257e+00,1.636553e+00,4.612806e-01
6.202605e+00,1.046807e+01,3.477916e+00,-8.729484e-01,1.944832e+00,4.323556e-01
4.553373e+00,8.707943e+00,2.748608e+00,-9.617425e-01,1.250883e+00,1.467227e-01
2.151389e+00,7.126239e+00,1.511670e+00,-9.568234e-01,-2.754244e-01,-2.699010e-01
-2.745247e+00,6.703248e+00,2.061328e+00,-1.061107e+00,-1.038325e+00,-5.550965e-01
-6.568476e+00,8.215308e+00,2.871918e+00,-1.301427e+00,-1.613105e+00,-6.659859e-01
-4.749618e+00,8.079734e+00,2.437950e+00,-1.436089e+00,-1.232346e+00,-5.597232e-01
1.795838e+00,8.311474e+00,2.484124e+00,-1.535135e+00,1.439202e-01,-1.191566e-01
5.282200e+00,8.301105e+00,6.873490e-01,-1.654568e+00,6.995363e-01,3.900480e-02
4.890616e+00,7.084354e+00,1.220430e+00,-2.042831e+00,2.718975e-01,-9.129901e-02
3.018066e+00,8.056500e+00,2.586301e+00,-2.358550e+00,-3.147455e-01,-2.137952e-01
6.721065e+00,9.711513e+00,4.991008e-01,-3.219600e+00,-1.376922e+00,-3.330817e-01
1.627483e+01,1.382901e+01,-5.182144e+00,-3.661631e+00,-1.644424e+00,-2.839763e-01
1.031941e+01,2.311872e+01,2.904092e+00,-4.860822e+00,-2.343982e+00,-1.222222e-01
-1.443503e+01,2.665128e+01,2.569255e+01,-5.642283e+00,-3.808610e+00,-3.981174e-01
-2.740212e+01,3.014212e+01,2.697273e+01,-5.511034e+00,-7.895515e+00,-1.138485e+00
-1.742555e+01,2.896437e+00,2.204690e+01,-4.817826e+00,-5.421018e+00,1.657675e-01
9.083717e+00,4.501213e+00,1.351375e+01,-5.269631e-01,1.656424e+00,2.447073e+00
1.268296e+01,8.632592e+00,1.076205e+01,1.028603e-01,4.421193e+00,2.734373e+00
1.079005e+01,3.014100e+00,9.723768e+00,1.904217e+00,4.124738e+00,2.432385e+00
8.303826e+00,-4.185860e+00,6.622912e+00,3.814309e+00,2.611395e+00,1.439254e+00
4.081352e+00,-2.781377e+00,8.818661e+00,5.682850e+00,4.525635e-01,3.061117e-01
1.770047e+00,-8.552026e-01,9.279190e+00,6.166432e+00,-5.236169e-01,-4.376539e-01
-2.905882e-01,-1.468236e+00,1.300765e+01,7.100424e+00,-9.651169e-01,-9.832906e-01
-1.383052e-01,-8.346455e-01,1.348153e+01,7.673932e+00,-5.436324e-01,-1.411963e+00
-1.527681e+00,1.697937e+00,1.233355e+01,8.245564e+00,7.744318e-01,-1.784742e+00
-1.323352e+00,1.183974e+01,1.122251e+01,8.233059e+00,1.556002e+00,-1.685295e+00
-7.261048e+00,-4.082102e+00,6.646002e+00,6.399901e+00,2.235834e+00,-5.728964e-01
-3.307839e+00,-1.557591e+01,1.529100e-01,4.886821e+00,2.147254e+00,-6.236725e-02
1.136985e+01,1.491590e+01,-5.711458e-01,7.506524e-01,3.218676e+00,2.736337e-01
2.950708e+01,3.941000e+01,-9.398583e+00,-2.246440e+00,3.235065e+00,5.028611e-01
-2.290915e+01,-7.070626e+00,1.910893e+01,-2.358023e+00,2.103845e+00,9.730427e-01
-4.632600e+00,-3.648334e+00,2.052927e+01,-1.884341e+00,-2.453383e+00,-2.032847e+00
1.738539e+00,1.276931e+01,1.061986e+01,-3.904774e+00,1.188668e+00,-1.415805e-01
-3.000590e+00,1.508857e+01,1.511498e+01,-2.734020e+00,8.492250e-01,8.495752e-01
8.494112e-01,7.532857e+00,4.960589e+00,-1.398180e+00,6.825068e-01,-3.212695e-01
1.291320e+00,6.705545e+00,4.910046e+00,-1.105327e+00,9.051898e-01,6.150509e-01
4.654216e+00,1.277131e+01,4.115922e+00,-6.322044e-01,8.258735e-01,5.834095e-02
4.170874e+00,1.002397e+01,1.729578e+00,-6.855707e-01,8.016935e-01,2.076898e-01
2.561020e+00,7.632964e+00,-8.661727e-01,-4.888769e-01,-2.811200e-02,-1.242293e-01
-9.768064e-01,5.875320e+00,-4.721278e-01,-6.544785e-01,-5.739055e-01,-2.530179e-01
-5.588094e+00,5.549938e+00,1.070080e-01,-1.057964e+00,-1.573734e+00,-5.561985e-01
-4.997010e+00,5.983538e+00,9.294737e-01,-1.390467e+00,-1.719045e+00,-5.736553e-01
-1.006534e+00,8.144123e+00,4.344238e+00,-1.850498e+00,-9.810003e-01,-3.347478e-01
2.674733e+00,8.427875e+00,3.138003e+00,-2.015708e+00,-4.690946e-01,-2.177743e-01
3.623360e+00,7.178588e+00,1.974353e+00,-2.195632e+00,-2.295319e-01,-1.452481e-01
4.260960e+00,8.443684e+00,1.561291e+00,-2.324578e+00,-3.408889e-01,-7.962220e-02
1.083333e+00,9.524067e+00,3.679000e+00,-2.864735e+00,-7.221719e-01,-3.092735e-02
3.112153e+00,9.878627e+00,3.255374e+00,-3.231367e+00,-1.171881e+00,-8.161525e-02
1.315165e+01,2.043822e+01,-4.814571e+00,-3.642328e+00,-1.128342e+00,2.511215e-01
4.671755e+00,2.293556e+01,1.877205e+00,-4.070382e+00,-1.313167e+00,4.772422e-01
-9.972864e+00,1.798175e+01,2.114675e+01,-5.047295e+00,-3.917833e+00,1.452654e-01
-1.338179e+01,2.851978e+01,2.214420e+01,-4.965704e+00,-5.649176e+00,-4.727519e-01
-1.700849e+00,9.380971e-01,2.005239e+01,-4.254904e+00,-2.832478e+00,5.345630e-01
9.010592e+00,1.938383e+00,1.223375e+01,-1.563023e+00,-4.337824e-01,9.243952e-01
7.168677e+00,7.269772e+00,8.715817e+00,-5.329942e-01,2.211218e+00,7.572523e-01
3.813579e+00,3.992538e+00,8.418638e+00,4.115280e-01,1.762983e+00,1.389691e-01
2.679674e+00,-6.663909e-01,5.856391e+00,2.695973e+00,8.903139e-01,-9.061031e-01
2.415083e+00,-5.390638e-01,6.469498e+00,4.017426e+00,1.068137e+00,-1.145960e+00
4.135130e+00,-2.498264e-01,9.063043e+00,4.969837e+00,1.712804e+00,-1.367665e+00
4.968946e+00,1.324337e-01,1.084542e+01,5.566456e+00,2.031365e+00,-1.204000e+00
4.218573e+00,4.187485e-01,1.399589e+01,6.777541e+00,1.999596e+00,-1.068308e+00
4.405047e+00,1.124989e+00,1.266974e+01,7.698187e+00,1.648816e+00,-9.496037e-01
2.757961e+00,7.224775e+00,1.098160e+01,8.415861e+00,1.586994e+00,-4.305204e-01
-1.834434e+00,6.703530e+00,9.310993e+00,8.229595e+00,1.339967e+00,-1.221424e-01
-1.099732e+01,-1.245052e+01,5.191567e+00,5.679751e+00,8.588534e-01,3.702253e-01
1.922283e+00,-9.441108e+00,6.828785e+00,3.436129e+00,1.897800e+00,6.758155e-02
1.754704e+01,3.241666e+01,-6.546533e+00,-8.775057e-01,3.958378e+00,1.017111e+00
3.026846e+01,3.320731e+01,-3.208770e+00,-3.125896e+00,3.704967e+00,1.333027e+00
-2.175073e+01,-1.106949e+01,1.836965e+01,-5.151242e-01,1.135642e+00,1.263342e+00
-4.080584e-01,1.227068e+01,1.298703e+01,-1.742227e+00,-4.112842e+00,-2.964856e+00
-5.221738e+00,5.070726e+00,9.176420e+00,-4.236772e+00,1.191214e+00,7.624928e-01
1.764313e+00,1.125286e+01,8.281645e+00,-2.822714e+00,7.618667e-01,2.654002e-01
3.240804e+00,9.486553e+00,5.897948e+00,-2.739560e+00,7.585588e-01,4.940319e-03
7.562722e-01,9.120948e+00,7.598817e+00,-2.126565e+00,1.458013e-01,1.784886e-01
1.362926e+00,8.096103e+00,6.181962e+00,-1.782708e+00,-5.943367e-01,-2.395475e-01
2.509136e+00,8.064627e+00,5.063999e+00,-1.589593e+00,-5.438174e-01,-2.183510e-01
2.608695e+00,5.857857e+00,4.128621e+00,-1.365217e+00,-4.873615e-01,-3.993228e-01
-8.383529e-01,4.710126e+00,4.682121e+00,-1.395274e+00,-7.703660e-01,-5.774062e-01
-4.303824e+00,6.505544e+00,5.076157e+00,-1.460900e+00,-1.359798e+00,-5.922104e-01
-3.777874e+00,8.331892e+00,4.343492e+00,-1.543413e+00,-1.360822e+00,-5.111149e-01
-3.430464e-01,8.297588e+00,3.627962e+00,-1.659909e+00,-5.309100e-01,-2.707650e-01
1.639778e+00,8.310019e+00,3.882251e+00,-1.730295e+00,2.536535e-02,7.669091e-03
6.541733e+00,8.676600e+00,4.480941e-01,-2.020025e+00,1.425171e-01,1.777953e-01
5.990721e+00,1.148479e+01,1.618818e-01,-2.302379e+00,-1.876622e-01,7.732313e-02
3.293934e+00,1.707739e+01,-1.846214e-01,-3.075184e+00,-1.316410e+00,-6.335833e-02
2.928178e+00,2.574550e+01,3.721899e+00,-3.614409e+00,-2.168774e+00,7.999815e-03
-2.169961e+00,1.515508e+01,1.599118e+01,-4.370625e+00,-2.755634e+00,3.489960e-01
-1.816716e+00,1.659671e+01,1.648463e+01,-4.152494e+00,-3.147768e+00,1.139766e-01
-3.036602e+00,5.526884e+00,2.176064e+01,-3.138884e+00,-2.473558e+00,-3.431804e-01
1.668298e+00,4.520430e+00,9.790716e+00,-1.418375e+00,-1.542277e+00,-6.355212e-01
7.654040e-02,8.565288e+00,9.892691e+00,-4.245648e-01,1.050668e-01,-3.121335e-01
9.636320e-01,3.123544e+00,9.161433e+00,4.408590e-01,5.084540e-01,-3.095736e-01
3.655804e+00,6.848593e-01,6.646468e+00,2.803205e+00,1.464724e+00,-7.722873e-01
3.185012e+00,1.536617e+00,7.938494e+00,3.879296e+00,2.145447e+00,-4.964470e-01
2.059417e+00,6.254855e-01,7.650718e+00,4.851095e+00,2.243054e+00,-5.556253e-01
3.228886e+00,2.103227e+00,9.472791e+00,5.510561e+00,2.299563e+00,-5.351216e-01
5.269601e+00,1.662539e+00,1.248444e+01,6.422589e+00,2.426297e+00,-1.660852e-01
7.892278e+00,3.380722e+00,9.287485e+00,7.212742e+00,2.253218e+00,-6.945151e-02
3.989451e+00,6.088802e+00,8.244546e+00,7.689764e+00,1.817084e+00,1.887329e-01
-7.565451e+00,5.059425e+00,8.172044e+00,7.190963e+00,1.069083e+00,4.408341e-01
-1.327841e+01,-7.830290e+00,3.206635e+00,4.963568e+00,-5.620574e-02,1.877617e-01
-3.589488e+00,2.928965e+00,9.602382e-01,3.454793e+00,1.497874e+00,2.089765e-01
1.673886e+01,2.736076e+01,5.075463e+00,-1.311291e+00,4.170668e+00,8.643187e-01
1.344030e+01,7.972617e+00,1.273266e+01,-3.345838e+00,4.586012e+00,1.444866e+00
1.119836e+01,-1.407046e+01,1.264039e+01,-3.684877e+00,1.915851e+00,-3.751659e-01
-1.387094e+00,9.261144e+00,1.489197e+01,-2.464262e+00,-1.232408e-01,-9.433994e-01
-1.952675e+01,2.562667e+01,1.345163e+01,-3.007697e+00,-2.486903e+00,-1.026055e+00
-7.066270e+00,5.563532e+00,5.854267e+00,-1.659221e+00,-1.754902e+00,-7.127547e-01
1.512151e+00,4.248220e+00,4.425811e+00,-5.594825e-01,1.473946e+00,3.161673e-01
6.896752e+00,1.220005e+01,4.036710e+00,-3.061519e-01,2.538018e+00,7.429490e-01
6.481928e+00,8.610130e+00,2.262469e+00,-5.705497e-01,2.092496e+00,6.094825e-01
5.127579e+00,8.182744e+00,1.753064e+00,-4.455609e-01,1.449452e+00,4.503172e-01
1.492779e+00,9.765236e+00,9.930245e-01,-6.453747e-01,1.347335e-02,-2.152151e-01
-2.865468e+00,8.347996e+00,2.490597e+00,-9.365093e-01,-7.969212e-01,-4.306801e-01
-3.933687e+00,7.838194e+00,3.993179e+00,-1.209160e+00,-1.351802e+00,-6.805020e-01
-9.768013e-01,7.522033e+00,4.032407e+00,-1.353657e+00,-1.352956e+00,-5.964935e-01
4.158004e+00,9.590620e+00,3.937687e+00,-1.407597e+00,-6.257478e-01,-3.201723e-01
2.643971e+00,9.398695e+00,2.184683e+00,-1.496643e+00,-5.584422e-01,-2.666135e-01
2.313837e-01,7.774294e+00,-2.401156e+00,-1.689836e+00,-1.094261e+00,-2.243410e-01
6.620432e-01,9.523334e+00,-1.316773e+00,-2.062414e+00,-1.229714e+00,-3.906146e-02
4.312202e+00,1.167639e+01,3.447566e-01,-2.867710e+00,-1.260735e+00,6.038848e-02
8.526183e+00,1.224429e+01,-3.297803e+00,-3.360645e+00,-1.387019e+00,2.167404e-01
6.595336e+00,1.569274e+01,-1.552023e+00,-3.989559e+00,-1.785538e+00,8.688844e-02
-5.646322e+00,2.224938e+01,1.365488e+01,-4.645082e+00,-3.132061e+00,7.540973e-02
-2.171453e+01,2.987013e+01,2.144851e+01,-5.109076e+00,-5.450366e+00,-7.465672e-02
-8.749063e+00,5.365953e+00,2.219751e+01,-4.970090e+00,-4.692637e+00,-2.787247e-01
1.081591e+01,6.597376e+00,1.392407e+01,-1.812784e+00,-6.769799e-02,1.411505e+00
1.344651e+01,1.216001e+01,1.284572e+01,-9.325458e-01,3.453832e+00,1.691015e+00
8.482092e+00,3.995690e+00,8.783954e+00,4.130809e-01,3.146879e+00,9.435260e-01
7.205028e+00,-5.811681e-01,5.973753e+00,2.249136e+00,2.063314e+00,2.362683e-02
5.800258e+00,-1.272323e+00,7.552323e+00,3.973475e+00,1.149368e+00,-8.020046e-01
5.605969e+00,6.103007e-01,8.318845e+00,4.731398e+00,8.545537e-01,-1.423310e+00
3.767860e+00,1.796219e+00,1.052194e+01,5.783175e+00,7.165691e-01,-1.614639e+00
2.468519e+00,1.283706e+00,1.370074e+01,6.547011e+00,4.838751e-01,-1.680587e+00
5.820758e-01,-2.671285e-02,1.300214e+01,7.692872e+00,4.740321e-01,-1.574751e+00
1.777827e-01,2.285070e-01,1.457224e+01,8.261257e+00,6.072836e-01,-1.173405e+00
-8.710989e-01,4.735865e+00,1.134664e+01,8.003334e+00,9.752965e-01,1.812135e-02
-4.590976e+00,-1.143516e+01,7.596583e+00,6.126356e+00,1.073358e+00,8.011343e-01
4.011151e+00,-8.257681e+00,1.202361e+01,2.683514e+00,1.314783e+00,4.579873e-01
3.582536e+00,2.806079e+00,1.563996e+01,-1.916252e-02,1.829404e+00,3.845608e-01
5.843821e+00,3.941000e+01,-1.987682e+01,-3.349871e+00,1.172789e+00,-3.402804e-02
8.864779e-01,2.116296e+01,1.376994e+01,-2.867242e+00,3.047488e-01,-4.207202e-01
-5.898842e-01,-7.737963e+00,1.187436e+01,2.677192e-01,2.409616e-01,6.407181e-02
1.500539e+01,1.156669e+01,5.156043e+00,-1.596789e+00,1.092347e+00,-1.197231e+00
9.375160e+00,1.471921e+01,1.075274e+01,-2.687734e+00,4.830050e+00,1.648521e+00
-3.679167e+00,1.560559e+01,8.217024e+00,-1.133621e+00,4.392513e-01,-5.755881e-01
-7.704481e+00,7.326153e+00,2.731977e+00,-1.132716e+00,-2.522942e+00,-9.017020e-01
6.707426e+00,1.293969e+01,-1.176292e+00,-6.969927e-01,-1.764974e+00,-8.844749e-01
8.872653e+00,1.016855e+01,-2.511811e+00,-9.436968e-01,1.063289e+00,2.486132e-01
-2.140064e+00,5.252079e+00,8.766255e-01,-1.153035e+00,3.803713e-01,1.562418e-01
-5.719346e+00,7.537941e+00,3.763762e+00,-1.422893e+00,-2.024333e+00,-6.546450e-01
-4.424498e+00,8.902686e+00,3.408657e+00,-1.628206e+00,-2.089940e+00,-7.276417e-01
1.393869e-01,8.413058e+00,3.320928e+00,-1.765603e+00,-1.327454e+00,-5.431188e-01
4.762290e+00,8.341145e+00,2.783830e+00,-1.754704e+00,-7.926911e-01,-3.782087e-01
3.417614e+00,9.381432e+00,5.783125e-02,-1.870116e+00,-7.854795e-01,-4.102053e-01
5.430683e-01,9.011219e+00,-2.938401e+00,-2.077485e+00,-1.244524e+00,-6.014529e-01
2.771796e+00,9.357079e+00,-9.452704e-01,-2.650993e+00,-1.789996e+00,-3.024327e-01
5.736128e+00,1.131393e+01,-1.595444e-02,-3.197487e+00,-1.602193e+00,-1.149195e-01
7.582981e+00,2.013388e+01,-5.868088e+00,-3.937884e+00,-1.499704e+00,2.779397e-01
-5.512776e+00,1.976341e+01,1.045380e+01,-4.271879e+00,-1.768237e+00,5.325625e-01
-6.630790e+00,2.267992e+01,1.799353e+01,-5.045323e+00,-4.048480e+00,1.727971e-01
-9.921846e+00,2.336856e+01,2.180173e+01,-5.256525e+00,-4.014746e+00,-3.886468e-01
7.064914e+00,1.457521e+00,1.569883e+01,-3.183761e+00,-1.768049e+00,-3.365248e-02
1.130716e+01,8.699217e+00,7.775545e+00,-1.119426e+00,5.503700e-01,2.071001e-01
5.168948e+00,6.425265e+00,9.316297e+00,-9.233548e-01,1.422798e+00,-2.388859e-01
1.219018e+00,2.383122e+00,6.740414e+00,8.747172e-01,5.803477e-01,-1.247491e+00
-8.121427e-01,-1.055253e-01,7.335662e+00,2.971796e+00,4.950938e-01,-1.726324e+00
-7.366039e-01,9.389797e-01,8.596813e+00,3.753702e+00,9.312966e-01,-1.676021e+00
1.536993e+00,1.798483e+00,1.027185e+01,4.892276e+00,2.099541e+00,-1.388397e+00
4.755729e+00,1.335958e+00,1.170628e+01,5.863125e+00,2.906127e+00,-7.071162e-01
8.809009e+00,5.669536e-01,1.199424e+01,7.070447e+00,3.246153e+00,-1.422780e-01
1.246876e+01,1.383771e-01,1.226817e+01,7.687148e+00,2.861253e+00,2.312962e-01
3.496356e+00,1.497954e+00,9.986138e+00,7.920038e+00,1.471235e+00,6.878249e-01
-1.066259e+01,-4.847807e+00,1.024930e+01,6.836577e+00,-8.054417e-01,5.070773e-01
-8.262176e+00,-1.065127e+01,8.042284e+00,3.724256e+00,-7.510752e-01,-3.409129e-01
6.547486e+00,2.047248e+01,-2.727770e-01,1.405753e+00,9.344327e-01,1.446507e-01
3.968611e+00,2.460479e+01,1.363725e+01,-3.173471e+00,3.198180e+00,1.050817e+00
1.399300e+01,-1.547072e+01,1.390782e+01,-3.405464e+00,3.126576e+00,1.761191e+00
3.825815e+00,1.388744e+01,1.064370e+01,-2.606829e+00,1.140714e+00,-1.156344e+00
-1.075114e+01,2.068813e+01,1.441856e+01,-2.850991e+00,-2.595053e-01,-2.311118e-01
-6.326320e+00,1.079816e+01,6.672005e+00,-2.011105e+00,-1.599829e+00,-1.356910e-01
-2.175533e+00,3.854265e+00,5.914038e+00,-1.347993e+00,-3.975717e-02,-2.332251e-01
8.141476e+00,1.316284e+01,6.105585e+00,-5.988163e-01,1.689275e+00,6.427399e-01
8.054841e+00,1.234562e+01,4.341995e+00,-8.049964e-01,1.965675e+00,6.007283e-01
3.607823e+00,9.303445e+00,3.302683e+00,-5.612930e-01,7.042064e-01,4.021886e-01
7.157887e-01,9.370891e+00,2.557449e+00,-3.323387e-01,-4.671811e-01,-2.441319e-01
-3.797277e+00,7.920378e+00,3.549793e-01,-4.643257e-01,-1.117838e+00,-3.995070e-01
-5.994624e+00,6.251310e+00,6.026708e-01,-6.466066e-01,-1.346806e+00,-4.320138e-01
-1.371048e+00,7.153874e+00,2.236912e+00,-9.716827e-01,-9.342531e-01,-2.326297e-01
3.903682e+00,8.804712e+00,1.601031e+00,-1.186712e+00,-2.953847e-01,2.114839e-02
3.843672e+00,5.891296e+00,-1.847409e+00,-1.360014e+00,-1.487968e-02,2.513886e-02
2.076426e+00,6.884140e+00,-2.179670e+00,-1.641224e+00,-5.476201e-01,-9.429013e-02
1.561608e+00,1.054805e+01,4.897544e-01,-2.413264e+00,-1.561675e+00,-1.707233e-01
-1.792700e-01,1.071136e+01,1.929227e+00,-2.923723e+00,-1.740608e+00,-1.472689e-01
3.778981e+00,1.789614e+01,-2.620545e+00,-3.622109e+00,-1.967388e+00,4.845959e-02
2.522894e+00,2.203680e+01,5.341118e-01,-3.864180e+00,-1.663859e+00,4.147259e-01
-1.418317e+00,1.735893e+01,1.335941e+01,-4.486462e+00,-2.457399e+00,7.625046e-01
-8.091152e+00,2.635561e+01,1.906561e+01,-4.522189e+00,-3.751224e+00,2.836095e-01
-1.807232e+00,5.251180e+00,2.160299e+01,-3.976525e+00,-2.489660e+00,-5.011476e-01
6.242039e+00,7.954069e+00,9.308489e+00,-1.776302e+00,-8.960430e-01,-2.400275e-01
3.760175e+00,9.769388e+00,1.113431e+01,-1.408962e+00,1.447829e+00,-2.178930e-04
2.646023e+00,5.102353e+00,9.632773e+00,-4.105063e-01,1.622072e+00,-6.717569e-02
4.302909e+00,1.321637e+00,8.023273e+00,1.834121e+00,1.905616e+00,-5.292757e-01
4.675180e+00,5.747686e-01,8.932616e+00,3.210319e+00,2.441016e+00,-6.639922e-01
4.342230e+00,1.544798e+00,8.782634e+00,4.672008e+00,2.608579e+00,-7.831187e-01
4.727505e+00,8.754970e-01,1.024900e+01,5.374761e+00,2.409386e+00,-5.228073e-01
6.295766e+00,-1.492883e-01,1.299740e+01,6.659714e+00,1.932951e+00,-2.189164e-01
7.222710e+00,9.707537e-01,1.255435e+01,7.470604e+00,1.407963e+00,-4.900544e-02
3.128307e+00,1.020321e+00,8.579180e+00,8.142675e+00,4.552925e-01,-6.926195e-02
-5.703699e+00,2.001203e+00,1.046338e+01,7.944677e+00,-7.906142e-02,-3.160089e-01
-1.449248e+01,-1.241322e+01,1.016797e+01,5.313075e+00,-9.088889e-01,-4.479431e-01
-5.104242e-01,-7.668196e+00,1.143459e+01,2.950742e+00,-6.087728e-02,-6.480258e-01
1.447162e+01,3.088915e+01,-1.493686e+00,-1.396549e+00,2.820913e+00,8.095514e-01
1.590924e+01,2.964973e+01,7.879890e+00,-2.985659e+00,3.072382e+00,7.475490e-01
-5.366185e-01,-1.370512e+01,8.910031e+00,-3.397955e-01,1.798840e+00,1.006442e+00
-5.307801e+00,6.012985e+00,1.320235e+01,-2.793388e-01,-7.397428e-01,-1.495614e+00
1.250606e+00,2.166713e+01,6.963541e+00,-3.092207e+00,5.963337e-02,-3.663912e-01
-3.041329e+00,2.334091e+00,5.982618e+00,-2.605693e+00,4.614611e-01,1.716410e-01
-3.030703e+00,1.124231e+01,5.625572e+00,-6.414877e-01,-3.818569e-01,-4.785951e-01
3.191403e+00,1.225908e+01,2.718418e+00,-1.151383e+00,1.862389e-01,1.737758e-01
2.200163e+00,7.454498e+00,-1.140420e+00,-5.893697e-01,6.113619e-01,1.929975e-01
9.582523e-01,6.894871e+00,-1.791142e+00,-6.032626e-01,7.087026e-02,-3.994859e-02
-2.001030e+00,7.301717e+00,-1.189614e+00,-8.808875e-01,-7.046840e-01,-2.047967e-01
-2.946378e+00,7.407934e+00,5.522053e-01,-1.297511e+00,-1.088296e+00,-3.696463e-01
2.232148e-01,8.942115e+00,4.239526e+00,-1.748317e+00,-8.966280e-01,-2.550022e-01
2.805533e+00,9.463972e+00,5.915811e+00,-1.934982e+00,-5.408442e-01,-1.809598e-01
6.149123e+00,9.245872e+00,4.380495e+00,-1.949854e+00,-1.919126e-01,-1.561024e-01
3.730719e+00,7.979140e+00,2.164640e+00,-1.948531e+00,-4.299310e-01,-1.961929e-01
6.145021e-01,1.075066e+01,-1.513001e+00,-2.081211e+00,-1.328253e+00,-3.868327e-01
-9.855938e-01,1.140982e+01,1.173873e+00,-2.433417e+00,-1.737227e+00,-3.242778e-01
5.280064e+00,1.274707e+01,9.908853e-01,-3.080827e+00,-1.913833e+00,-1.787813e-01
1.072093e+01,1.309870e+01,-3.199613e+00,-3.512956e+00,-1.545424e+00,2.287757e-01
-1.652782e+00,1.864881e+01,2.481263e+00,-3.955209e+00,-1.570834e+00,4.195741e-01
-9.850879e+00,1.953030e+01,1.389119e+01,-4.478941e+00,-2.815912e+00,4.195706e-01
-1.207422e+01,2.910248e+01,1.949178e+01,-4.927020e+00,-4.572368e+00,-1.350395e-01
-4.444307e+00,6.056664e+00,1.972196e+01,-4.661706e+00,-2.678266e+00,3.773810e-01
1.192723e+01,8.177109e+00,8.961888e+00,-1.533199e+00,2.714191e-01,9.589329e-01
8.653032e+00,9.068029e+00,9.768550e+00,-1.431071e+00,1.666199e+00,1.050846e+00
2.281509e+00,5.240863e+00,9.658320e+00,-6.572497e-01,1.273129e+00,3.722932e-01
1.704862e+00,2.706877e+00,7.227984e+00,1.053581e+00,3.994543e-01,-5.421100e-01
1.348685e+00,1.889319e-01,7.877350e+00,2.927081e+00,6.181315e-01,-9.188301e-01
2.138647e+00,8.091863e-01,8.537569e+00,3.665571e+00,9.809942e-01,-1.190478e+00
2.718250e+00,-2.193834e-02,9.051626e+00,4.904654e+00,1.605214e+00,-1.195565e+00
3.226687e+00,-1.296988e-01,1.142450e+01,5.818565e+00,1.799137e+00,-1.042419e+00
4.677630e+00,3.600620e-01,1.356218e+01,6.838123e+00,1.663363e+00,-9.627627e-01
6.195671e+00,-2.514004e+00,1.532586e+01,7.480169e+00,1.416554e+00,-7.816101e-01
2.907228e-01,-2.320477e+00,1.205094e+01,8.300243e+00,9.475633e-01,-5.908314e-01
-8.221756e+00,-5.365187e-01,1.229863e+01,7.787246e+00,-6.813999e-02,-6.415005e-01
-5.040340e+00,-1.453523e+01,1.165556e+01,4.245548e+00,2.947853e-01,-2.303246e-01
8.650579e-01,-3.647393e+00,7.851427e+00,2.257382e+00,1.415017e+00,-3.545502e-02
2.224514e+01,3.722323e+01,8.869277e+00,-1.905407e+00,3.619680e+00,8.892268e-01
-6.873850e+00,-1.613793e+01,9.703658e+00,-8.223275e-01,4.244713e+00,2.351886e+00
1.004667e+01,2.904742e+00,1.378524e+01,-2.099457e+00,9.584072e-02,-2.101892e+00
4.808066e-01,1.655194e+01,9.113181e+00,-3.554476e+00,1.471958e+00,-2.233302e-01
-7.780590e+00,1.374300e+01,1.023100e+01,-2.742340e+00,-5.792778e-01,-1.778613e-01
-1.077023e+01,9.444660e+00,6.629594e+00,-1.501747e+00,-1.844121e+00,-9.888817e-01
1.511869e+00,9.456908e+00,5.057905e+00,-1.169752e+00,-1.439930e-01,9.540428e-02
5.927630e+00,1.160245e+01,3.524315e+00,-7.668397e-01,1.442807e+00,3.901526e-01
5.912580e+00,7.563004e+00,1.772368e+00,-8.621743e-01,1.625707e+00,4.218451e-01
2.780709e+00,7.796236e+00,3.242205e-01,-6.610070e-01,7.351925e-01,1.803138e-01
-3.664273e+00,8.099115e+00,2.131259e-01,-9.483365e-01,-7.738984e-01,-3.050029e-01
-4.839331e+00,6.964094e+00,1.003569e+00,-1.151456e+00,-1.298010e+00,-4.352371e-01
-1.843742e+00,7.799702e+00,3.723949e+00,-1.468831e+00,-1.385382e+00,-5.332367e-01
3.532860e+00,9.262754e+00,4.410777e+00,-1.731471e+00,-8.726709e-01,-3.269848e-01
4.982214e+00,8.783093e+00,1.164928e+00,-1.861952e+00,-3.150119e-01,-1.913571e-01
3.322490e+00,8.632880e+00,-3.696828e-01,-2.034524e+00,-6.265605e-01,-2.047673e-01
-1.589536e+00,1.182112e+01,3.847034e+00,-2.548177e+00,-1.479535e+00,-2.985181e-01
-4.222629e+00,1.186090e+01,4.785021e+00,-3.040520e+00,-1.835625e+00,-2.566974e-01
1.706811e+00,1.802770e+01,-3.102523e+00,-3.473450e+00,-1.969205e+00,-3.643626e-02
1.162113e+01,2.187155e+01,-2.230199e+00,-3.678008e+00,-1.366428e+00,5.846430e-01
3.214404e+00,1.430049e+01,1.103655e+01,-4.491251e+00,-1.626881e+00,6.260327e-01
-6.195312e+00,2.191583e+01,1.748522e+01,-4.702762e+00,-3.755357e+00,1.266463e-01
-4.417934e-01,7.734747e+00,1.931740e+01,-4.409160e+00,-4.271543e+00,-2.134333e+00
4.146647e+00,4.428533e+00,1.029697e+01,-3.249986e+00,-3.306320e+00,-2.037826e+00
7.815211e-01,9.301671e+00,1.134699e+01,-1.558381e+00,-6.096307e-01,-1.540740e+00
-2.149399e+00,4.962340e+00,1.074791e+01,-9.160096e-01,9.734063e-02,-1.761424e+00
1.576951e+00,1.530683e+00,8.285500e+00,1.491523e+00,1.077193e+00,-1.836964e+00
3.473352e+00,3.366658e-01,8.996645e+00,2.840896e+00,2.544446e+00,-1.546420e+00
8.826461e+00,9.468580e-02,7.263480e+00,4.318992e+00,3.801392e+00,-1.480119e+00
1.120967e+01,-7.828870e-01,8.325029e+00,5.024844e+00,4.155133e+00,-1.113080e+00
1.015743e+01,4.130075e-01,1.042935e+01,6.015992e+00,3.499400e+00,-6.732516e-01
6.194761e+00,1.856376e+00,1.153951e+01,6.833660e+00,1.623428e+00,-3.477059e-01
-1.207823e+00,4.191517e-01,9.562413e+00,7.512848e+00,-5.521394e-01,-1.397983e-01
-1.064253e+01,5.928887e+00,9.609326e+00,7.600622e+00,-9.574733e-01,-2.060939e-01
-1.438233e+01,-1.094121e+01,8.365024e+00,6.050657e+00,-9.938827e-01,-1.774301e-01
-4.058740e+00,-1.567736e+01,1.023020e+01,3.703321e+00,1.264043e+00,1.342459e-01
1.034946e+01,1.101924e+01,1.399070e+01,-2.873241e-01,4.810525e+00,1.681164e+00
3.537764e+01,3.931486e+01,-6.611686e+00,-2.408264e+00,5.140967e+00,1.710921e+00
-1.378749e+01,-7.051246e+00,9.736363e+00,-7.967580e-01,3.624180e+00,1.939738e+00
5.556190e+00,-1.140442e+01,8.220985e+00,-6.529123e-01,-1.332023e+00,-2.153069e+00
-3.430887e+00,1.481172e+01,7.235122e+00,-3.223006e+00,6.984853e-01,-3.061451e-01
-2.156541e+00,1.803395e+01,1.026161e+01,-3.415688e+00,6.598097e-01,8.857647e-01
-2.941414e+00,7.859060e+00,5.818784e+00,-2.199989e+00,-4.728687e-01,-5.881440e-01
-2.986907e-01,6.341537e+00,6.900085e+00,-1.970822e+00,-3.579278e-01,2.196135e-01
8.798191e+00,1.350506e+01,4.979436e+00,-1.402728e+00,6.344963e-01,1.325384e-01
5.684111e+00,8.177332e+00,4.164362e+00,-1.451368e+00,1.079534e+00,2.429580e-01
-2.885646e+00,4.782964e+00,5.284881e+00,-1.267750e+00,-8.331574e-02,-3.022481e-01
-5.833852e+00,8.584674e+00,5.506677e+00,-1.133402e+00,-1.432849e+00,-5.660589e-01
-1.184559e+00,8.260487e+00,2.363584e+00,-1.194116e+00,-1.572594e+00,-7.083623e-01
2.889028e+00,6.219822e+00,-3.967284e-01,-1.106502e+00,-9.282427e-01,-5.384677e-01
2.163776e+00,6.702383e+00,-3.485394e+00,-1.304957e+00,-7.808322e-01,-4.564025e-01
-9.832108e-01,7.763606e+00,-1.523585e+00,-1.825508e+00,-1.308320e+00,-5.097935e-01
-1.015665e+00,1.086628e+01,3.353035e+00,-2.776830e+00,-2.051937e+00,-5.980570e-01
6.436693e+00,1.305590e+01,8.866570e-02,-3.305376e+00,-1.981171e+00,-4.513070e-01
1.344439e+01,2.329079e+01,-4.464121e+00,-3.863190e+00,-1.492870e+00,-9.559470e-02
6.229704e+00,1.915226e+01,1.081708e+01,-4.307683e+00,-1.640381e+00,6.375745e-02
-7.222168e+00,2.315961e+01,1.874417e+01,-5.079860e+00,-4.223851e+00,-3.526415e-01
-9.269013e+00,1.966601e+01,2.263867e+01,-5.091144e+00,-5.201382e+00,-1.056985e+00
4.702190e+00,5.047815e+00,1.336652e+01,-3.308517e+00,-3.327371e+00,-1.917305e+00
3.468314e+00,9.328129e+00,9.135378e+00,-1.653947e+00,-6.846023e-01,-1.354905e+00
-4.344802e-01,5.116249e+00,1.089647e+01,-3.249431e-01,5.938318e-01,-1.522716e+00
1.590820e+00,2.103595e+00,7.988817e+00,1.291349e+00,8.738244e-01,-1.901233e+00
1.912481e+00,1.514992e-01,9.520227e+00,3.335759e+00,2.265346e+00,-1.237195e+00
2.703474e+00,7.771793e-01,8.368114e+00,4.492992e+00,2.881773e+00,-1.037379e+00
6.593668e+00,3.979256e-02,8.544858e+00,5.681314e+00,3.393218e+00,-3.143388e-01
9.879109e+00,-9.393568e-01,1.046694e+01,6.236499e+00,3.452895e+00,8.972634e-02
9.575831e+00,-3.582616e-01,9.623359e+00,7.118079e+00,2.443844e+00,4.439963e-01
3.324627e+00,-3.558533e+00,9.505257e+00,7.214028e+00,9.409065e-01,2.712225e-01
-1.124464e+01,-8.759175e+00,1.020473e+01,6.153998e+00,-6.580088e-01,-3.444320e-01
-1.823560e+01,-1.584752e+01,1.422331e+01,4.394355e+00,-1.105897e+00,-4.242436e-01
7.928993e+00,3.905129e+01,2.170242e+01,1.151944e-01,-2.215753e-02,4.073448e-01
1.262582e+01,4.275073e+00,1.983275e+01,-5.713206e+00,2.461329e+00,1.063593e+00
7.512508e+00,2.152127e+00,1.391329e+01,-1.750929e+00,3.250715e+00,1.237797e+00
7.911341e-01,2.247219e+01,1.579733e+01,-1.102214e+00,1.593137e+00,-1.131457e+00
2.707913e+00,1.171878e+01,9.139562e+00,-2.122382e+00,5.651360e-01,1.335428e+00
-2.835616e-02,8.003082e+00,7.077603e+00,-8.523286e-01,5.084272e-01,-4.182824e-01
-6.069428e-01,1.417978e+01,5.186290e+00,-2.423880e-01,-3.434499e-01,-1.262021e-01
2.371669e-01,1.304133e+01,2.637538e+00,-1.733194e-01,-5.751707e-01,-7.183329e-02
1.543645e+00,7.205557e+00,-2.120876e-02,-6.379868e-02,-7.151147e-01,1.221930e-01
1.084758e+00,6.204332e+00,-5.347871e-01,8.255724e-02,-7.958592e-01,-6.291757e-02
-2.536617e+00,5.491477e+00,1.133970e+00,-2.094335e-01,-1.397499e+00,-3.198394e-01
-4.590892e+00,5.269132e+00,2.419677e+00,-5.532612e-01,-2.039030e+00,-4.518522e-01
-1.858411e+00,5.504616e+00,2.785874e+00,-9.442712e-01,-2.291222e+00,-5.273818e-01
2.199324e+00,5.827603e+00,3.389210e+00,-1.165480e+00,-1.853977e+00,-3.977625e-01
4.187211e+00,6.955459e+00,2.490696e+00,-1.352697e+00,-1.450694e+00,-2.625691e-01
1.085027e-01,5.836895e+00,2.237525e+00,-1.522185e+00,-1.478526e+00,-2.076912e-01
1.881109e+00,1.225756e+01,-2.821378e+00,-1.846221e+00,-2.085896e+00,-1.261917e-01
-3.946422e-02,1.198897e+01,-3.379545e+00,-2.202383e+00,-1.841357e+00,2.585194e-01
1.670032e-01,1.134224e+01,-3.936845e+00,-2.765589e+00,-1.808453e+00,6.224326e-01
3.676891e+00,1.760870e+01,8.370855e-02,-3.106364e+00,-1.809567e+00,8.178568e-01
4.109877e-01,2.319453e+01,1.024075e+01,-4.118565e+00,-1.717357e+00,8.385197e-01
-9.210351e+00,2.640141e+01,1.713421e+01,-4.872650e+00,-3.178929e+00,5.410332e-01
-7.914353e+00,6.014118e+00,2.302155e+01,-4.691757e+00,-3.486890e+00,-6.208691e-01
4.569640e+00,1.211964e+01,1.470685e+01,-3.503493e+00,-1.877520e+00,-3.538418e-01
7.910973e+00,1.379881e+01,1.450419e+01,-2.984250e+00,2.311298e+00,2.264252e-01
8.233792e+00,6.306691e+00,1.057643e+01,-1.717368e+00,3.448524e+00,1.593891e-01
8.162692e+00,2.362651e+00,8.588600e+00,1.051126e+00,2.763732e+00,-3.980625e-01
6.141032e+00,4.990628e+00,9.262087e+00,2.382504e+00,2.041262e+00,-8.442374e-01
1.769359e+00,2.221418e+00,8.813332e+00,3.611081e+00,1.428754e+00,-1.119291e+00
1.213336e+00,1.229811e-01,8.790834e+00,4.969540e+00,1.037181e+00,-1.171759e+00
4.158071e+00,-1.154344e+00,1.204685e+01,6.539987e+00,1.455819e+00,-1.024115e+00
6.505783e+00,-3.654729e-01,1.231540e+01,7.143125e+00,2.092043e+00,-6.254333e-01
4.334989e+00,-7.523018e+00,1.621729e+01,7.841934e+00,2.176069e+00,-1.375889e-01
5.134570e-01,-1.124010e+01,8.964701e+00,8.095649e+00,1.686210e+00,7.394420e-02
-8.109479e+00,-1.395100e+01,1.141289e+01,7.284733e+00,8.922227e-01,-9.833504e-02
-8.113662e+00,1.325180e+01,-5.731848e+00,4.172965e+00,8.442614e-01,2.561176e-01
1.459866e+01,3.822117e+01,1.680836e+01,-2.679408e+00,1.673546e+00,7.854140e-01
1.676800e+00,-1.380594e+01,2.035397e+01,-5.561703e+00,3.800729e+00,1.932830e+00
5.914026e+00,1.780503e+00,1.350016e+01,-1.988553e+00,1.146378e+00,-1.385210e+00
-7.137364e+00,1.965387e+01,1.688440e+01,-2.226724e+00,4.289183e-02,-1.593677e+00
-3.951771e-02,1.569175e+01,1.072032e+01,-2.374155e+00,-8.584388e-01,6.977938e-01
3.941611e+00,4.413966e+00,7.407802e+00,-1.242088e+00,5.364396e-01,-6.613648e-01
7.076954e+00,1.258669e+01,4.901293e+00,-1.305591e-02,1.673478e+00,3.913568e-01
1.556607e+00,1.421702e+01,3.718324e+00,-7.277029e-02,1.320804e+00,3.206865e-02
-1.207913e+00,9.250388e+00,1.933739e+00,4.854720e-03,-5.923246e-01,1.785982e-02
-6.674524e-01,8.795775e+00,4.587053e-01,2.033003e-01,-1.432491e+00,-4.651006e-01
-1.483332e+00,6.861337e+00,-8.692591e-01,5.042577e-02,-1.463762e+00,-6.009111e-01
-4.542115e+00,5.387645e+00,4.566209e-01,-2.446832e-01,-1.740298e+00,-5.959079e-01
-2.220770e+00,5.086544e+00,9.276103e-01,-7.161712e-01,-2.190229e+00,-7.020996e-01
-1.046957e-01,5.183866e+00,3.032339e-01,-9.683314e-01,-2.133675e+00,-6.743212e-01
9.375773e-01,6.059954e+00,-8.861237e-01,-1.312801e+00,-1.684465e+00,-6.636585e-01
1.184792e+00,8.363403e+00,1.290895e-01,-1.727587e+00,-1.779959e+00,-5.582046e-01
9.797239e-01,1.088733e+01,1.105300e+00,-2.376248e+00,-2.078100e+00,-5.094976e-01
3.533245e+00,1.027769e+01,-3.958382e-01,-2.772590e+00,-2.061300e+00,-3.986038e-01
1.078290e+01,1.033892e+01,-5.025776e-01,-3.216362e+00,-1.763436e+00,6.375261e-02
1.134659e+01,1.160583e+01,-2.834437e+00,-3.477251e+00,-1.603434e+00,2.460568e-01
-4.278758e+00,2.663009e+01,1.333233e+01,-4.035212e+00,-2.275055e+00,-2.571424e-02
-9.501332e+00,2.798412e+01,1.718666e+01,-4.954323e+00,-4.558059e+00,-1.208676e-01
-8.807751e+00,1.423619e+01,1.920339e+01,-5.073931e+00,-4.825970e+00,-7.095484e-01
7.085202e+00,4.506186e+00,1.531882e+01,-3.507600e+00,-2.670337e+00,-1.582064e-01
1.029499e+01,9.101111e+00,8.607192e+00,-1.631122e+00,9.994132e-01,1.020007e-01
3.976333e+00,6.642970e+00,8.801154e+00,-1.428913e+00,2.042900e+00,-4.195279e-01
1.115518e+00,1.376202e+00,7.968551e+00,7.244047e-01,8.384849e-01,-1.563672e+00
1.998098e+00,1.627910e+00,7.989759e+00,1.789785e+00,8.370369e-01,-1.950490e+00
3.746561e+00,3.626500e+00,9.250244e+00,3.079773e+00,1.748257e+00,-2.239585e+00
5.582658e+00,2.600043e+00,8.661097e+00,4.053341e+00,2.409328e+00,-2.440305e+00
6.010725e+00,1.895533e-01,1.242238e+01,5.562907e+00,2.519900e+00,-2.069212e+00
4.712190e+00,1.355844e+00,1.205379e+01,6.391575e+00,2.200389e+00,-1.878806e+00
6.747977e+00,-1.205769e-01,1.390516e+01,7.250901e+00,1.083763e+00,-1.536409e+00
2.951911e+00,-1.573384e+00,9.942306e+00,7.812770e+00,5.050360e-01,-1.030366e+00
-1.176859e+01,-6.776625e+00,1.051799e+01,7.175846e+00,-4.675120e-01,-5.071541e-01
-6.138065e+00,-1.650131e+01,1.364583e+01,4.968662e+00,-4.775795e-02,-2.283688e-01
8.988714e+00,-2.398876e-02,1.549073e+01,1.039418e+00,3.001576e+00,9.130491e-01
1.748971e+01,3.202226e+01,-1.514364e+01,-1.448842e+00,4.534475e+00,1.737445e+00
-1.592372e+01,7.422568e-01,1.483979e+01,-3.240317e+00,4.172154e+00,2.124092e+00
-2.098397e+00,-2.726230e+01,6.445977e+00,-1.064558e+00,1.697414e+00,1.136402e+00
-6.516920e-01,1.032731e+01,7.106965e+00,-1.669292e+00,-1.696167e-01,-2.113017e+00
6.267624e+00,2.488788e+01,1.356030e+01,-2.766792e+00,1.914845e+00,2.184592e+00
-1.167981e+00,5.355510e+00,5.748016e+00,-1.936523e+00,1.345653e+00,-5.585542e-01
1.129097e+00,1.554799e+00,4.766643e+00,-1.725829e+00,4.402248e-01,4.439337e-01
6.014918e+00,1.678181e+01,6.906271e+00,-8.440529e-01,-6.330386e-01,-5.295202e-01
4.951493e-01,8.988935e+00,5.256528e+00,-1.394244e+00,-1.879466e-01,7.943606e-03
-2.425779e+00,8.116927e+00,4.116947e+00,-9.310201e-01,-1.435131e+00,-5.818124e-01
-2.540000e+00,9.492090e+00,3.564508e+00,-7.808027e-01,-1.723782e+00,-5.796261e-01
-8.890752e-01,8.301626e+00,1.928927e+00,-8.424643e-01,-1.516592e+00,-4.907940e-01
2.598106e-01,7.586621e+00,1.294779e+00,-7.783218e-01,-1.422565e+00,-4.879494e-01
-4.546232e-01,6.106181e+00,2.385126e+00,-1.055472e+00,-1.604566e+00,-5.221636e-01
-8.535579e-01,7.112890e+00,-3.497444e-01,-1.187886e+00,-1.819835e+00,-5.785894e-01
1.154686e+00,9.290841e+00,-3.359519e+00,-1.537772e+00,-2.003955e+00,-4.663862e-01
1.437135e+00,9.321146e+00,-1.482178e+00,-1.994991e+00,-2.020366e+00,-3.732902e-01
2.268176e+00,1.099956e+01,-7.306184e-01,-2.787671e+00,-2.150234e+00,-2.470494e-01
7.932621e+00,9.805430e+00,-2.301840e+00,-3.216632e+00,-2.143710e+00,-3.747039e-02
2.991199e+00,1.904987e+01,1.728972e+00,-3.820611e+00,-1.645212e+00,3.652424e-01
-5.686771e+00,2.607704e+01,1.451692e+01,-4.413673e+00,-2.174357e+00,2.922761e-01
-1.072264e+01,2.424839e+01,2.093054e+01,-5.416861e+00,-4.351583e+00,-2.481409e-01
-2.139337e+00,8.553346e+00,2.240725e+01,-5.347120e+00,-3.870797e+00,-3.363601e-01
1.181405e+01,8.901091e+00,1.090141e+01,-2.817054e+00,-8.239900e-01,4.700908e-01
8.715199e+00,1.024378e+01,1.059526e+01,-1.807659e+00,1.796188e+00,4.310091e-01
2.142798e+00,4.266505e+00,9.442100e+00,-6.658957e-01,1.564790e+00,-1.213720e-01
2.877874e+00,1.864438e+00,8.487799e+00,1.052937e+00,8.068111e-01,-1.096873e+00
4.790771e+00,2.688602e+00,8.645404e+00,2.779021e+00,1.353128e+00,-1.507566e+00
6.019455e+00,2.716972e+00,8.069031e+00,3.692624e+00,1.808168e+00,-1.769088e+00
6.022408e+00,6.400461e-01,9.997132e+00,4.818054e+00,2.049666e+00,-1.596781e+00
5.716860e+00,-6.092108e-01,1.132953e+01,5.778656e+00,1.800014e+00,-1.544291e+00
6.292788e+00,-2.261621e+00,1.256254e+01,6.956078e+00,1.099889e+00,-1.540464e+00
3.779418e+00,-4.165161e+00,1.394175e+01,7.478153e+00,7.378728e-01,-1.380999e+00
-2.111175e+00,-1.725308e+00,1.139139e+01,7.790671e+00,2.003707e-01,-9.922223e-01
-3.666756e+00,-3.948684e+00,1.078037e+01,7.022179e+00,-6.581602e-01,-6.703087e-01
1.558131e+00,-1.358454e+01,1.286254e+01,3.688265e+00,6.571962e-02,-1.178678e-01
2.562735e+00,-6.656925e+00,1.456632e+01,1.730908e+00,8.145072e-01,1.576470e-01
5.491482e+00,3.941000e+01,2.610793e+00,-2.152310e+00,1.380387e+00,5.747393e-01
-1.392031e+01,-7.801245e+00,1.471592e+01,-3.043766e+00,1.432805e+00,1.055623e+00
7.230216e+00,-1.367100e+01,1.013052e+01,-1.616773e+00,-5.726713e-01,-1.441400e+00
8.039450e+00,1.365976e+01,7.299450e+00,-1.219861e+00,1.773733e+00,-5.376829e-01
2.990537e+00,2.704619e+01,1.337970e+01,-2.068189e+00,1.798659e+00,9.851430e-01
-2.276479e+00,6.218045e+00,5.297953e+00,-1.624730e+00,8.083787e-01,2.271891e-01
3.969849e-01,6.821614e+00,5.052449e+00,-4.804875e-01,-5.132346e-01,1.878130e-01
2.587734e+00,1.756037e+01,5.430503e+00,-1.300797e-01,-1.822060e-01,-2.800075e-02
1.498255e+00,8.582881e+00,1.707899e+00,-6.444241e-01,2.008152e-01,3.513867e-01
1.350485e+00,8.258453e+00,-2.593567e-02,-1.882207e-01,-2.496123e-01,2.277783e-01
-1.274490e+00,7.914147e+00,-1.163282e+00,-2.368931e-01,-7.457427e-01,-7.841354e-02
-3.615626e+00,6.550698e+00,-1.139191e+00,-4.769913e-01,-1.216792e+00,-7.311151e-02
-4.424611e+00,6.138421e+00,1.078825e+00,-8.687611e-01,-1.921546e+00,-3.844741e-01
-9.470761e-01,6.756911e+00,2.042304e+00,-1.180774e+00,-2.021703e+00,-3.757195e-01
1.031057e+00,7.441034e+00,8.842709e-01,-1.529845e+00,-1.435502e+00,-3.246605e-01
3.106103e+00,8.078272e+00,2.333823e-01,-1.765367e+00,-1.056801e+00,-1.764264e-01
2.053662e+00,1.022089e+01,1.716566e+00,-2.203275e+00,-1.104999e+00,-2.822249e-02
-9.857079e-02,1.178513e+01,2.053203e+00,-2.488166e+00,-1.279296e+00,-2.317930e-02
2.286580e+00,1.359723e+01,1.919630e+00,-3.080120e+00,-1.729961e+00,8.285749e-02
8.864920e+00,1.977211e+01,-5.160159e+00,-3.368342e+00,-1.576545e+00,3.315276e-01
1.496064e+00,1.685997e+01,7.727519e+00,-3.795075e+00,-1.378468e+00,7.029057e-01
-6.045687e+00,1.857107e+01,1.605242e+01,-4.304091e+00,-2.164814e+00,6.967864e-01
-1.061731e+01,2.205623e+01,2.084335e+01,-4.523720e+00,-4.308844e+00,-1.124135e-01
-1.602026e+00,5.273224e+00,1.698430e+01,-4.561750e+00,-3.318625e+00,-7.175460e-01
7.881427e+00,9.685611e+00,8.119257e+00,-1.659114e+00,-7.363158e-02,1.658247e-01
4.408000e+00,8.493118e+00,9.587085e+00,-1.475159e+00,1.351221e+00,3.615515e-01
2.553451e+00,3.697168e+00,7.431859e+00,-5.112297e-01,1.455961e+00,-2.948838e-01
1.997297e+00,1.797776e+00,6.621694e+00,1.111443e+00,1.308496e+00,-8.965829e-01
6.542327e-01,2.936995e+00,7.593498e+00,2.470458e+00,1.667359e+00,-1.028988e+00
1.654128e+00,3.203527e+00,7.751295e+00,3.022445e+00,1.847527e+00,-1.245228e+00
3.736834e+00,1.927823e+00,9.135611e+00,4.207689e+00,2.321055e+00,-9.491151e-01
6.628900e+00,1.186169e+00,1.189203e+01,5.233404e+00,2.589350e+00,-7.254634e-01
9.746193e+00,-6.187280e-01,1.190225e+01,6.390307e+00,2.221257e+00,-4.371198e-01
8.816856e+00,-3.118074e+00,1.354348e+01,7.103174e+00,1.480147e+00,-2.780356e-01
-5.253523e+00,-2.401608e+00,1.415302e+01,7.501884e+00,-3.338900e-03,-3.694508e-01
-9.645973e+00,-5.526646e+00,1.425264e+01,7.030390e+00,-1.166621e+00,-6.463310e-01
-2.580632e+00,-1.333796e+01,2.965150e+00,3.033267e+00,-7.134552e-02,-2.712886e-01
1.880994e+00,3.934526e+01,7.997742e+00,1.478587e+00,1.237890e+00,2.253102e-01
1.016675e+01,-9.467455e+00,8.634949e+00,-3.342146e+00,2.475244e+00,4.773357e-01
1.096825e+01,-1.362191e+01,1.004664e+01,-2.852043e+00,2.666981e+00,-1.291798e-01
-1.298322e+00,1.912540e+01,1.167275e+01,-2.225575e+00,6.497505e-01,2.304699e-01
-5.327519e+00,1.946284e+01,1.296917e+01,-2.893697e+00,-3.749291e-01,1.891726e-01
-2.209237e+00,3.673920e+00,5.869632e+00,-1.160783e+00,2.353278e-01,3.723459e-04
1.210539e+00,7.479129e+00,5.920000e+00,-9.415572e-01,5.802186e-01,3.672775e-01
1.334161e+01,1.460381e+01,1.920401e+00,-5.177846e-01,1.115163e+00,5.621892e-01
-9.380485e-01,8.185351e+00,4.536843e+00,-5.961437e-01,1.100095e+00,5.840635e-01
1.716910e-01,9.252901e+00,1.990235e+00,-3.238968e-01,-2.676238e-01,6.134446e-02
1.930643e+00,9.346061e+00,6.602398e-01,-5.605399e-01,-4.188898e-01,3.276839e-01
-9.653543e-01,7.680509e+00,1.146256e+00,-7.706299e-01,-4.071964e-01,-1.022528e-02
-3.588877e+00,7.632768e+00,2.482748e+00,-8.308221e-01,-8.590572e-01,-5.635653e-02
-1.414487e+00,8.277577e+00,2.500070e+00,-1.185235e+00,-1.666653e+00,-3.822589e-01
1.071558e+00,7.342695e+00,1.785981e+00,-1.315089e+00,-1.495642e+00,-3.110957e-01
4.312091e-01,7.004321e+00,9.559367e-01,-1.441320e+00,-1.226976e+00,-2.405050e-01
8.106349e-01,9.083245e+00,-7.389801e-01,-1.680759e+00,-1.203922e+00,-1.339819e-01
2.093554e+00,1.018187e+01,1.040071e-01,-2.263956e+00,-1.232694e+00,1.292079e-01
2.536079e+00,1.001125e+01,1.670306e+00,-2.678713e+00,-1.416085e+00,4.471278e-02
7.482594e+00,1.270467e+01,-1.068773e+00,-3.181688e+00,-1.645391e+00,1.489304e-01
4.922474e+00,1.650724e+01,-2.437051e+00,-3.554559e+00,-1.590822e+00,3.198666e-01
-7.764626e+00,2.094974e+01,1.128665e+01,-4.193461e+00,-2.938513e+00,3.004087e-01
-1.021118e+01,2.709425e+01,1.820044e+01,-4.546351e+00,-3.883356e+00,1.826371e-01
-5.932645e+00,1.450370e+01,1.921569e+01,-4.527176e+00,-2.769679e+00,3.512917e-01
4.275572e+00,1.561214e+00,1.774656e+01,-2.544589e+00,-6.024382e-01,7.283544e-01
9.634683e+00,8.933357e+00,8.070657e+00,-1.039926e+00,2.033366e+00,8.915488e-01
5.944854e+00,7.127210e+00,8.425254e+00,-8.977720e-01,2.109075e+00,4.906547e-01
2.334141e+00,3.345357e+00,7.749491e+00,1.228776e+00,9.241823e-01,-5.452580e-01
2.421957e+00,9.100000e-01,7.519858e+00,2.171094e+00,7.082125e-01,-7.964961e-01
3.150133e+00,1.604186e+00,8.222747e+00,3.622014e+00,1.078493e+00,-1.267452e+00
3.619218e+00,1.967331e+00,8.259645e+00,4.472787e+00,1.399592e+00,-1.457631e+00
4.151076e+00,1.181165e+00,1.065183e+01,5.658870e+00,1.369036e+00,-1.423439e+00
4.468548e+00,8.524189e-01,1.268714e+01,6.291679e+00,1.227872e+00,-1.425113e+00
6.707553e+00,1.182979e+00,1.242984e+01,7.338773e+00,8.277493e-01,-1.402453e+00
6.317633e+00,1.712509e+00,1.245275e+01,7.839436e+00,6.776354e-01,-1.232734e+00
-7.096765e+00,2.191958e+00,1.011284e+01,7.378750e+00,-2.893645e-01,-8.934318e-01
-1.437448e+01,-8.567794e+00,7.227420e+00,5.601833e+00,-9.077777e-01,-7.117037e-01
-2.927786e-01,-1.059069e+01,1.031590e+01,2.235977e+00,1.612882e+00,4.959700e-01
2.561072e+01,2.942786e+01,-7.812244e+00,-6.762066e-01,4.024052e+00,1.381088e+00
7.886962e+00,1.822386e+01,7.593695e+00,-3.315646e+00,4.718677e+00,1.718971e+00
-1.454002e+00,-1.637127e+01,1.123714e+01,-1.459263e+00,1.973048e+00,1.657370e+00
2.550351e+00,7.348626e+00,1.332590e+01,-3.116029e+00,-7.786069e-01,-1.802541e+00
-6.462969e+00,2.212396e+01,1.308999e+01,-3.364670e+00,-5.070044e-01,3.839234e-01
-1.001397e+01,8.985519e+00,9.525684e+00,-2.533321e+00,-1.659094e+00,-8.645594e-01
-4.897944e+00,5.949050e+00,5.294870e+00,-1.462465e+00,-6.121969e-01,-2.556346e-01
5.032018e+00,1.157919e+01,5.130000e+00,-8.607487e-01,1.583265e+00,7.309779e-01
6.301750e+00,1.089680e+01,2.370909e+00,-7.982916e-01,1.729011e+00,7.219266e-01
2.610700e+00,7.660740e+00,1.125997e+00,-8.171770e-01,7.182647e-01,4.463215e-01
5.072090e-01,9.164587e+00,6.074859e-01,-7.232819e-01,-5.278200e-01,-5.574995e-02
-2.908801e+00,8.906241e+00,9.935694e-01,-1.091752e+00,-1.292707e+00,-2.823219e-01
-2.500600e+00,8.256698e+00,1.903214e+00,-1.214276e+00,-1.393720e+00,-3.466429e-01
-2.823233e-02,8.224149e+00,4.849950e+00,-1.507945e+00,-1.159833e+00,-3.591282e-01
3.637242e+00,7.802398e+00,4.546604e+00,-1.635801e+00,-9.117069e-01,-2.800161e-01
1.900436e+00,7.320776e+00,-2.580514e+00,-1.726367e+00,-9.662648e-01,-2.399051e-01
5.482947e-01,8.904287e+00,-3.242672e+00,-1.962832e+00,-1.343943e+00,-1.884732e-01
-1.015855e-01,1.021435e+01,5.990743e-01,-2.804240e+00,-1.783458e+00,-7.048577e-02
3.577655e+00,1.187405e+01,6.186926e-01,-3.313261e+00,-1.792220e+00,-3.639713e-02
1.160184e+01,1.899049e+01,-3.508522e+00,-4.087188e+00,-1.481279e+00,2.834110e-01
-1.411948e-01,2.447333e+01,1.261818e+01,-4.686846e+00,-2.032406e+00,2.029516e-01
-1.935720e+01,2.901226e+01,2.238810e+01,-5.193970e+00,-5.440570e+00,-2.327171e-01
-1.892007e+01,1.673961e+01,2.237394e+01,-5.032935e+00,-5.792557e+00,-6.631933e-01
7.377552e+00,4.986847e+00,1.523976e+01,-1.980136e+00,-1.063523e+00,6.943145e-01
1.165842e+01,1.070022e+01,1.097413e+01,-1.223885e+00,1.979196e+00,1.074091e+00
6.507558e+00,5.202742e+00,9.925752e+00,-3.933503e-01,2.810120e+00,5.433696e-01
4.536894e+00,9.618113e-01,6.914262e+00,1.666055e+00,1.856595e+00,-4.059314e-01
8.362339e-01,2.660320e-01,9.067720e+00,3.476052e+00,1.440982e+00,-9.782243e-01
1.008525e+00,1.718894e+00,9.053460e+00,4.244465e+00,1.577473e+00,-1.482334e+00
2.865645e+00,1.095583e+00,1.007923e+01,5.304141e+00,2.228740e+00,-1.441052e+00
6.278639e+00,1.072829e-01,1.220462e+01,6.370001e+00,2.742180e+00,-1.213918e+00
7.954577e+00,4.377760e-01,1.272148e+01,7.520946e+00,2.617834e+00,-7.772782e-01
8.180223e+00,3.047713e-01,1.444250e+01,8.157594e+00,1.740830e+00,-4.483323e-01
-2.324839e+00,5.551201e+00,1.046763e+01,8.310930e+00,3.666271e-01,-3.198577e-01
-1.287200e+01,1.068042e+00,1.056270e+01,7.161500e+00,-9.200130e-01,-2.919576e-01
-1.011202e+01,-1.670378e+01,9.267754e+00,4.109555e+00,-5.158463e-02,-3.927701e-01
6.596856e+00,-6.518474e+00,1.496669e+01,1.338261e+00,2.702982e+00,6.728416e-01
2.555450e+01,3.308198e+01,-8.976278e+00,-3.189135e+00,5.029454e+00,1.495991e+00
2.089781e+01,2.490504e+01,8.845604e+00,-4.242447e+00,3.904052e+00,1.250439e+00
-7.396003e+00,-2.415037e+01,9.251911e+00,-1.734296e-02,4.033574e-01,5.711801e-01
1.799048e+00,3.339673e+00,1.464210e+01,-2.389199e+00,-3.722797e+00,-4.265719e+00
-6.875886e+00,1.974396e+01,1.469176e+01,-3.654810e+00,3.217994e-01,1.234045e+00
-6.789707e+00,1.093450e+01,6.084538e+00,-2.276589e+00,-6.407209e-01,-7.741549e-01
-2.625452e+00,3.884291e+00,4.031356e+00,-1.165134e+00,-1.587297e-01,3.607263e-02
7.665898e+00,1.225846e+01,3.995968e+00,-6.743104e-01,1.221253e+00,5.049492e-01
7.686159e+00,9.184022e+00,2.772136e+00,-1.051269e+00,2.151121e+00,7.126661e-01
2.780558e+00,7.088396e+00,3.016035e+00,-1.015496e+00,9.548981e-01,3.079519e-01
-3.275691e+00,9.095063e+00,3.198577e+00,-1.012530e+00,-1.265040e+00,-4.650716e-01
-3.989324e+00,8.867898e+00,2.561171e+00,-1.142193e+00,-1.845588e+00,-5.369823e-01
-2.759533e+00,7.794057e+00,1.767666e+00,-1.090768e+00,-1.475330e+00,-5.349189e-01
-2.852791e+00,7.023480e+00,2.811034e+00,-1.174460e+00,-1.165249e+00,-4.417826e-01
5.388456e-01,6.857071e+00,2.508729e+00,-1.346126e+00,-1.027925e+00,-4.442813e-01
1.553221e+00,7.587567e+00,-5.378883e-02,-1.470883e+00,-8.279839e-01,-3.891308e-01
3.426263e+00,9.357228e+00,-2.515145e+00,-1.883043e+00,-1.018127e+00,-3.654286e-01
1.715810e+00,1.031642e+01,6.020981e-01,-2.366228e+00,-1.391018e+00,-3.809649e-01
2.403390e+00,1.185653e+01,1.941982e+00,-3.049054e+00,-1.777108e+00,-4.321963e-01
8.488535e+00,1.503074e+01,-3.048064e+00,-3.520752e+00,-1.663567e+00,-4.159528e-02
3.082942e+00,1.639671e+01,5.115113e+00,-3.871874e+00,-1.344018e+00,6.225992e-01
-1.415761e+00,1.551363e+01,1.416071e+01,-4.508122e+00,-2.574401e+00,4.446136e-01
-8.338827e+00,2.844621e+01,2.057129e+01,-5.099067e+00,-4.294781e+00,-7.699472e-01
-4.967098e+00,6.912624e+00,1.998469e+01,-4.985834e+00,-3.812407e+00,-1.059243e+00
8.090719e+00,8.786655e+00,8.578855e+00,-1.625201e+00,-1.197664e+00,-6.717414e-01
5.183207e+00,1.061517e+01,1.056795e+01,-1.597879e+00,6.200263e-01,-4.667029e-01
1.556416e+00,5.140063e+00,1.090577e+01,1.224253e-01,5.836678e-01,-1.054890e+00
3.962627e+00,1.276047e+00,7.005622e+00,1.399496e+00,7.573092e-01,-1.098117e+00
6.260021e+00,4.234463e-01,6.308208e+00,3.388209e+00,1.871636e+00,-6.554566e-01
8.547975e+00,2.021441e+00,6.693862e+00,4.070156e+00,2.256815e+00,-6.856916e-01
8.524275e+00,3.087884e+00,7.643899e+00,4.985555e+00,1.936158e+00,-6.145370e-01
5.372953e+00,2.136923e+00,1.048214e+01,5.561400e+00,1.160577e+00,-6.677099e-01
1.408859e+00,-5.427037e-01,1.265846e+01,6.379844e+00,-3.694796e-01,-6.257018e-01
-1.443803e+00,-2.473434e+00,1.307394e+01,6.894574e+00,-6.191728e-01,-6.852644e-01
-8.197168e+00,-4.960928e-01,1.238241e+01,6.969499e+00,2.384707e-01,-5.435528e-01
-2.816899e+00,-3.911849e+00,1.172384e+01,6.187270e+00,9.239172e-01,-1.479606e-01
6.156850e+00,-8.131266e+00,3.602670e-01,3.818971e+00,2.957066e+00,6.266030e-01
5.015498e+00,1.486633e+01,-8.861187e+00,1.492282e+00,3.309284e+00,7.827601e-01
8.392483e-01,9.956548e+00,1.095193e+01,-3.230098e+00,1.601820e+00,3.294291e-01
3.627014e+00,-1.050745e+01,1.460172e+01,-3.798477e+00,6.691561e-01,8.995572e-01
2.140079e+00,2.710828e+00,1.366615e+01,-2.822036e+00,-2.805586e-01,-1.501031e+00
-4.457896e+00,2.423610e+01,1.214959e+01,-2.884850e+00,-5.945947e-01,-6.731420e-01
-4.245072e+00,7.730135e+00,9.418700e+00,-2.015811e+00,-6.500961e-01,1.955041e-01
1.686701e+00,7.073733e+00,6.920117e+00,-1.087290e+00,8.254214e-02,-4.117897e-01
6.748316e+00,1.089707e+01,6.172746e+00,-6.757921e-01,2.059626e+00,7.087139e-01
5.741684e+00,1.241952e+01,4.466625e+00,-4.239139e-01,1.493632e+00,3.471259e-01
3.147347e-01,8.995993e+00,2.711618e+00,-3.145783e-01,-7.890234e-03,1.397980e-01
5.674287e-01,1.014333e+01,1.917360e+00,-1.882687e-01,-7.701280e-01,-2.071780e-01
-1.086733e+00,1.066086e+01,3.475178e-01,-3.497059e-01,-7.708901e-01,-3.221151e-01
-2.561605e+00,8.655475e+00,8.759121e-01,-5.265661e-01,-8.866062e-01,-3.547958e-01
-3.874953e+00,6.948738e+00,2.772677e+00,-8.801036e-01,-1.177958e+00,-4.771992e-01
1.386380e+00,6.426101e+00,1.897843e+00,-1.114874e+00,-9.828547e-01,-3.460701e-01
4.859732e+00,7.696875e+00,1.074814e-01,-1.285436e+00,-4.500407e-01,-1.672743e-01
3.942330e+00,9.638853e+00,-2.334677e+00,-1.553163e+00,-3.358010e-01,-6.289389e-02
1.874571e+00,1.039656e+01,-8.501818e-01,-2.305750e+00,-1.112182e+00,-3.309807e-02
1.128182e+00,1.235245e+01,4.554547e-01,-2.819835e+00,-1.484334e+00,-9.684914e-02
4.705873e+00,2.103954e+01,-5.775260e+00,-3.603373e+00,-1.673793e+00,2.564377e-01
6.393842e-01,1.862225e+01,5.070864e+00,-4.007591e+00,-1.710592e+00,5.636012e-01
-6.848476e+00,2.268922e+01,1.526728e+01,-4.428661e+00,-3.518407e+00,4.795449e-01
-1.046706e+01,2.386790e+01,2.023427e+01,-4.572084e+00,-3.592946e+00,4.336138e-02
-9.326217e-01,3.016742e+00,1.473200e+01,-2.691621e+00,-1.705208e+00,8.664642e-03
3.699829e+00,1.024830e+01,1.043239e+01,-1.409378e+00,-6.795813e-02,5.698169e-01
3.455004e+00,7.188578e+00,1.127101e+01,-9.579006e-01,2.120914e+00,1.083368e+00
4.499466e+00,2.528888e+00,7.382686e+00,7.964589e-01,2.160024e+00,7.330449e-01
5.032511e+00,2.117770e-01,6.647489e+00,2.614439e+00,2.165940e+00,2.721149e-01
4.340941e+00,8.557432e-01,7.141305e+00,3.554084e+00,1.956398e+00,-8.670365e-02
2.617329e+00,1.823473e+00,8.187480e+00,4.509560e+00,1.373301e+00,-2.907274e-01
2.180483e+00,1.688906e+00,1.002600e+01,5.251086e+00,9.710762e-01,-3.680890e-01
2.085588e+00,9.827942e-01,1.333463e+01,6.219632e+00,6.083223e-01,-4.578596e-01
3.011569e+00,-2.018474e-01,1.406529e+01,7.042024e+00,4.525349e-01,-4.683247e-01
-7.511326e-01,-8.064932e-01,1.242675e+01,7.741503e+00,5.640172e-01,-5.747555e-01
-5.773105e+00,2.551472e+00,1.330627e+01,7.556022e+00,3.948261e-01,-5.684341e-01
-5.302194e+00,-1.069096e+01,9.563952e+00,5.098351e+00,4.066346e-01,-1.853543e-01
-6.790158e-01,-1.763461e+00,2.515680e+00,2.597850e+00,1.465465e+00,-1.904105e-01
1.032089e+01,3.531273e+01,1.482333e+01,-1.752777e+00,2.322467e+00,3.160435e-01
3.518723e+00,-3.905367e+00,1.337921e+01,-2.943095e+00,3.018151e+00,1.152493e+00
7.756462e+00,-9.586723e+00,1.075813e+01,-2.538279e+00,1.601914e+00,-4.430260e-01
6.989525e+00,1.743716e+01,1.214691e+01,-2.281799e+00,1.731600e+00,-1.893949e-01
-4.835839e+00,1.215264e+01,7.605596e+00,-2.396788e+00,3.396019e-01,3.600497e-01
-7.080150e+00,5.108038e+00,6.489635e+00,-1.499576e+00,-5.548403e-01,-5.177474e-01
9.824511e-01,1.079684e+01,3.773010e+00,-7.149948e-01,-1.734915e-01,-2.059768e-01
1.409244e+00,1.238394e+01,2.496966e+00,-6.757044e-01,6.356937e-01,1.066028e-01
1.845129e+00,7.922251e+00,8.293479e-01,-6.097936e-01,6.723101e-01,1.010848e-01
2.351298e+00,8.727653e+00,-3.221381e-02,-4.600734e-01,4.430667e-01,1.058753e-02
-1.041987e-01,9.212166e+00,2.537079e-01,-7.586687e-01,-5.104519e-02,-1.727734e-01
-2.449411e+00,8.280611e+00,2.380655e+00,-1.067847e+00,-4.527708e-01,-2.838008e-01
-1.555568e+00,8.807976e+00,5.052800e+00,-1.384564e+00,-8.156560e-01,-4.537102e-01
2.134523e+00,8.746929e+00,5.679678e+00,-1.544216e+00,-7.424800e-01,-3.908853e-01
3.896138e+00,8.237113e+00,-1.107935e+00,-1.486920e+00,-4.620345e-01,-3.055775e-01
2.025094e+00,8.761110e+00,-3.600722e+00,-1.557796e+00,-5.840985e-01,-2.082528e-01
7.762696e-02,1.118995e+01,-1.385859e+00,-2.045661e+00,-1.068931e+00,-1.039332e-01
-6.673189e-01,1.185079e+01,4.961409e-02,-2.723285e+00,-1.409498e+00,-9.077329e-02
1.260879e+01,1.314593e+01,-2.434264e+00,-3.587808e+00,-1.508308e+00,1.097681e-01
1.159417e+01,1.910206e+01,-5.047440e+00,-3.866347e+00,-1.305730e+00,2.496587e-01
-8.753901e+00,2.021383e+01,1.642701e+01,-4.519717e+00,-2.613687e+00,1.390776e-01
-1.845885e+01,3.019251e+01,2.023077e+01,-4.920127e+00,-5.660947e+00,-2.524589e-01
-8.270931e+00,5.991860e+00,2.005205e+01,-4.961382e+00,-4.285789e+00,-1.817926e-01
4.310673e+00,2.138768e+00,1.645412e+01,-2.847170e+00,-1.420415e+00,9.031806e-01
9.873683e+00,1.052899e+01,9.905221e+00,-1.339860e+00,2.712268e+00,1.493562e+00
7.275594e+00,6.462510e+00,9.935220e+00,-9.775405e-01,2.986644e+00,1.093831e+00
4.138621e+00,1.421025e+00,7.827882e+00,1.504528e+00,1.741914e+00,1.146206e-01
2.527537e+00,1.603285e+00,8.189903e+00,2.787472e+00,1.117923e+00,-1.963264e-01
1.456051e+00,2.821632e+00,8.414067e+00,3.753046e+00,9.183847e-01,-7.214214e-01
1.625706e+00,1.618102e+00,9.075700e+00,4.681031e+00,1.063748e+00,-7.981229e-01
3.429735e+00,3.870394e-01,1.176693e+01,6.098717e+00,1.208179e+00,-7.106546e-01
5.429193e+00,-2.239865e-01,1.447537e+01,6.837022e+00,1.300754e+00,-6.557013e-01
4.721801e+00,-3.610047e+00,1.699249e+01,7.760761e+00,1.002580e+00,-5.419883e-01
2.152563e+00,-5.014929e+00,1.239418e+01,8.302525e+00,3.641611e-01,-5.316536e-01
-1.078627e+01,-5.659296e+00,1.369011e+01,7.285115e+00,-7.207446e-01,-6.622507e-01
-6.046892e+00,-1.405393e+01,3.238651e+00,4.697790e+00,-6.134967e-01,-4.183978e-01
3.839674e+00,3.927840e+01,-4.413767e+00,1.408723e+00,1.098789e+00,-3.846528e-01
9.478875e+00,1.258008e+01,1.129994e+01,-2.320745e+00,2.419557e+00,6.569879e-01
1.152580e+01,-1.080414e+01,1.195137e+01,-2.185164e+00,3.029774e+00,8.496783e-01
4.557304e+00,1.035359e+01,1.349472e+01,-2.149024e+00,1.594424e+00,-5.023031e-01
-1.691076e+00,1.943566e+01,8.303721e+00,-2.724059e+00,7.046212e-01,-1.790794e-02
-4.298789e+00,7.668740e+00,7.106634e+00,-1.736376e+00,-2.458557e-01,1.109062e-02
-8.572650e-01,7.242111e+00,4.570919e+00,-8.242204e-01,-9.272156e-02,-3.724771e-01
3.374466e+00,1.211058e+01,3.260583e+00,-6.853982e-01,6.205081e-01,-1.493944e-02
2.096600e+00,9.643859e+00,8.764004e-01,-5.608261e-01,5.570395e-01,3.036702e-02
1.795026e+00,8.429498e+00,2.323629e-01,-6.182781e-01,-1.674213e-02,-9.669685e-02
4.662300e-01,9.294863e+00,-1.186806e+00,-6.642925e-01,-4.761647e-01,-3.253730e-01
-2.965000e+00,6.459621e+00,4.030289e-02,-9.324026e-01,-7.429072e-01,-3.215970e-01
-3.318672e+00,7.435404e+00,2.141022e+00,-1.301444e+00,-1.199015e+00,-4.394486e-01
-1.025514e+00,7.940000e+00,4.870006e+00,-1.596459e+00,-1.260603e+00,-4.727100e-01
3.876460e+00,9.337667e+00,5.346526e+00,-1.696209e+00,-1.010015e+00,-4.668464e-01
2.585537e+00,9.822728e+00,1.931656e+00,-1.686272e+00,-9.355556e-01,-4.533702e-01
1.850185e-01,1.072599e+01,-3.580217e+00,-1.760253e+00,-1.105397e+00,-2.415181e-01
1.804304e+00,1.109814e+01,-3.071588e+00,-2.075106e+00,-1.224847e+00,6.319901e-02
4.644209e+00,1.274669e+01,-1.417935e+00,-2.894848e+00,-1.460848e+00,6.205172e-02
7.957326e+00,1.563881e+01,-4.378154e+00,-3.548083e+00,-1.736493e+00,1.342409e-01
-3.327329e+00,2.034280e+01,7.653523e+00,-4.140350e+00,-1.980250e+00,3.166458e-01
-5.902822e+00,1.898259e+01,1.408790e+01,-4.640194e+00,-2.833338e+00,5.243000e-01
-1.254167e+01,2.870872e+01,2.167733e+01,-4.870351e+00,-4.212504e+00,1.780246e-01
-2.408291e+00,4.485934e+00,2.230802e+01,-4.611348e+00,-2.458712e+00,2.696501e-01
1.021282e+01,9.581229e+00,8.316796e+00,-1.470584e+00,9.323073e-01,1.358260e+00
7.361661e+00,8.951748e+00,1.031404e+01,-1.357200e+00,2.516292e+00,1.211925e+00
5.639504e+00,3.654096e+00,7.349277e+00,3.335629e-01,1.848183e+00,5.764808e-01
5.073819e+00,8.297028e-01,5.786808e+00,1.666071e+00,1.336008e+00,5.251579e-02
2.350296e+00,-9.532381e-01,7.105589e+00,3.529914e+00,7.861602e-01,-5.502377e-01
1.227855e+00,8.635734e-01,7.309288e+00,4.213092e+00,6.164814e-01,-9.184047e-01
7.153627e-01,1.352254e+00,8.868498e+00,5.014975e+00,7.297714e-01,-8.438134e-01
1.551219e+00,1.025389e+00,1.095675e+01,5.789083e+00,8.959844e-01,-6.947079e-01
4.259680e+00,1.394086e+00,1.425011e+01,6.891473e+00,1.198477e+00,-4.491944e-01
5.529940e+00,2.463538e-01,1.489159e+01,7.631379e+00,1.188561e+00,-2.013394e-01
-1.016308e+00,3.250930e+00,1.086881e+01,8.277598e+00,8.834436e-01,-9.630865e-03
-1.114522e+01,-2.321744e-01,9.120935e+00,7.669029e+00,1.501034e-02,3.749813e-02
-7.275421e+00,9.164494e-01,-7.163011e+00,4.065963e+00,1.964446e-01,-7.694006e-02
9.931066e+00,2.860433e+01,1.859586e+00,1.013488e+00,1.695562e+00,-1.841878e-01
1.251088e+01,5.098870e+00,8.952372e+00,-2.832590e+00,3.577379e+00,1.051403e+00
1.194542e+01,-1.137218e+01,1.234613e+01,-3.668553e+00,3.634290e+00,1.483960e+00
4.851073e+00,1.050659e+01,1.400050e+01,-2.340995e+00,5.681225e-01,-8.851223e-01
-4.841925e+00,2.602831e+01,1.175814e+01,-3.166281e+00,-5.381056e-01,-6.250224e-01
-5.874587e+00,5.157137e+00,7.417128e+00,-2.237676e+00,-1.390407e+00,-2.659970e-01
-1.260661e+00,6.338235e+00,6.930949e+00,-1.264335e+00,-7.167249e-01,-6.568344e-01
7.548609e+00,1.237492e+01,4.062599e+00,-1.043073e+00,1.228907e+00,4.698175e-01
4.486942e+00,1.055593e+01,2.609117e+00,-8.848958e-01,1.588406e+00,3.529093e-01
1.696505e+00,8.545003e+00,2.291587e+00,-7.221942e-01,3.761508e-01,1.653176e-01
2.582017e-01,9.669285e+00,1.886912e+00,-6.403465e-01,-3.063781e-01,-1.763145e-01
-1.902595e+00,8.503702e+00,1.408878e+00,-7.877318e-01,-6.092595e-01,-3.219447e-01
-3.315393e+00,8.178419e+00,2.339277e+00,-8.933295e-01,-6.395990e-01,-3.717295e-01
-2.019485e-01,7.790822e+00,3.955602e+00,-1.190474e+00,-5.485239e-01,-2.531327e-01
3.661556e+00,7.950778e+00,4.264823e+00,-1.296683e+00,-2.291534e-01,-1.318195e-01
3.127857e+00,8.964960e+00,2.580523e+00,-1.392446e+00,-3.173858e-02,-2.881439e-02
4.489749e-01,9.618064e+00,6.394760e-01,-1.562097e+00,-3.494525e-01,5.970836e-02
4.447598e+00,1.277669e+01,-4.170205e+00,-1.969112e+00,-7.424198e-01,2.883957e-01
5.222833e+00,1.154968e+01,-2.777170e+00,-2.470116e+00,-7.663137e-01,4.675550e-01
8.617816e+00,1.351141e+01,-3.005129e+00,-3.197861e+00,-1.298234e+00,3.685532e-01
3.724995e+00,2.086811e+01,-1.817958e+00,-3.818369e+00,-1.939044e+00,2.574944e-01
-8.473727e+00,2.003282e+01,1.400275e+01,-4.624259e+00,-3.534904e+00,3.500454e-01
-1.806840e+01,2.913773e+01,2.049099e+01,-4.601900e+00,-5.240908e+00,3.206956e-01
-2.102268e+00,2.469605e+00,2.157024e+01,-4.337008e+00,-3.378161e+00,3.669778e-01
5.589720e+00,6.564577e+00,1.559614e+01,-1.977412e+00,-1.418754e-01,1.486083e+00
8.969257e+00,9.815317e+00,1.307067e+01,-1.246315e+00,3.219606e+00,1.735184e+00
7.400799e+00,6.168086e+00,1.071976e+01,-2.292437e-01,3.044738e+00,1.479060e+00
4.855676e+00,1.264499e+00,8.587060e+00,2.244463e+00,1.797335e+00,5.105671e-01
3.527854e+00,2.443208e-02,9.601739e+00,3.621721e+00,1.101967e+00,-3.797287e-02
2.311446e+00,1.180215e+00,8.372628e+00,4.666756e+00,8.550430e-01,-7.824640e-01
1.293131e+00,8.002420e-01,1.013362e+01,5.650138e+00,8.916562e-01,-1.128812e+00
5.983939e-01,-4.573159e-01,1.382248e+01,6.743385e+00,6.968167e-01,-1.282720e+00
1.954232e+00,-5.439134e-01,1.344820e+01,7.554029e+00,7.935299e-01,-1.290782e+00
1.692267e+00,-3.915661e-01,1.271530e+01,8.283602e+00,1.341142e+00,-9.520023e-01
-5.698326e+00,2.153341e+00,1.161366e+01,7.991873e+00,1.543178e+00,-3.996138e-01
-6.663723e+00,-1.325280e+01,9.778039e+00,5.926991e+00,1.243770e+00,4.720469e-01
3.203638e+00,-1.219218e+01,1.194493e+01,3.505781e+00,2.074677e+00,5.219013e-01
1.392359e+01,1.174770e+00,7.296166e+00,-8.485762e-01,4.184603e+00,1.189464e+00
-1.667015e+01,3.941000e+01,2.409531e+01,-2.849927e+00,3.319244e+00,5.711474e-01
-1.018842e+01,-2.553128e+00,1.727054e+01,-3.484007e+00,1.744297e-01,-4.392015e-01
1.115155e+01,-2.324240e+01,8.524861e+00,-3.726365e+00,5.719530e-01,5.472463e-01
2.010648e+01,2.030044e+01,1.042029e+01,-5.782459e-01,5.819036e+00,4.174353e-01
1.693995e+01,2.550113e+01,7.486075e+00,-1.829405e+00,5.238781e+00,1.286023e+00
-7.894173e+00,3.039949e+00,2.714349e+00,-1.272064e+00,7.904839e-01,7.102004e-01
-4.032340e+00,1.295630e+01,2.938306e+00,-2.882829e-01,-2.408080e+00,-1.421741e+00
4.297286e+00,9.910120e+00,1.221844e+00,-9.247705e-01,-7.782057e-01,-3.583627e-01
2.827628e+00,4.681849e+00,9.057229e-01,-9.102760e-01,3.307332e-01,-9.198853e-02
-7.621262e-01,7.570148e+00,1.852039e+00,-6.570685e-01,-1.079229e-01,-2.278487e-01
-2.543518e+00,8.848617e+00,2.250880e+00,-9.925725e-01,-8.364018e-01,-2.903421e-01
-2.469090e+00,7.352717e+00,3.942944e+00,-1.268270e+00,-1.353333e+00,-3.898593e-01
1.170343e+00,7.442653e+00,4.043588e+00,-1.276453e+00,-1.148284e+00,-3.724510e-01
2.683407e+00,7.796813e+00,2.721349e+00,-1.341426e+00,-6.048097e-01,-1.794364e-01
1.780928e+00,8.177296e+00,6.930411e-01,-1.418782e+00,-4.586760e-01,-5.728211e-02
1.699193e+00,9.451086e+00,-3.116282e+00,-1.715031e+00,-7.351855e-01,1.038660e-01
2.317423e+00,9.587405e+00,-2.545575e+00,-2.036754e+00,-1.026201e+00,1.490460e-01
1.823694e+00,1.157319e+01,5.339007e-01,-2.706669e+00,-1.363557e+00,9.826671e-02
3.485872e+00,1.711449e+01,-4.820493e+00,-3.315491e+00,-1.699474e+00,1.795692e-01
-7.643373e-01,1.825156e+01,6.165081e+00,-3.939693e+00,-1.872334e+00,5.306742e-01
-6.554092e+00,1.802428e+01,1.233993e+01,-4.334324e+00,-3.055420e+00,9.882062e-01
-5.271452e+00,2.429227e+01,1.666294e+01,-4.422828e+00,-3.117380e+00,3.583125e-01
1.712475e+00,2.654960e+00,1.668641e+01,-3.661358e+00,-1.666588e+00,3.311293e-01
7.477244e+00,8.386259e+00,9.020860e+00,-9.592583e-01,7.255216e-01,5.125764e-01
5.885305e+00,1.052908e+01,1.026471e+01,-7.710408e-01,1.454213e+00,1.600000e-01
2.316737e+00,4.224142e+00,7.656890e+00,4.563163e-01,1.258065e+00,1.268894e-02
1.797501e+00,1.907498e+00,7.320358e+00,2.204342e+00,9.337357e-01,-6.089131e-01
2.996680e+00,-5.382183e-02,8.144440e+00,3.528680e+00,1.074069e+00,-1.043614e+00
2.832705e+00,8.018897e-01,8.301415e+00,4.421364e+00,1.504157e+00,-1.231575e+00
2.024881e+00,2.214443e+00,1.053502e+01,5.358057e+00,1.704935e+00,-1.268466e+00
1.984174e+00,1.469730e+00,1.326352e+01,6.011092e+00,1.701204e+00,-1.145601e+00
3.345176e+00,8.520669e-01,1.368277e+01,6.946838e+00,1.860479e+00,-9.737260e-01
3.430770e+00,3.172467e+00,1.175347e+01,7.506793e+00,2.086111e+00,-6.793689e-01
-6.569495e+00,4.991888e-01,8.813073e+00,6.970960e+00,2.004414e+00,9.030165e-02
-8.693872e+00,-9.169378e+00,7.853679e+00,5.181186e+00,1.423146e+00,6.301185e-01
2.363140e+00,-5.913563e+00,1.365059e+01,2.226385e+00,2.405800e+00,2.988081e-01
2.615649e+01,3.935249e+01,-1.367323e+01,-7.925015e-01,3.587070e+00,4.765894e-01
-1.720234e+00,-5.321716e+00,7.990586e+00,-2.892390e+00,3.530603e+00,4.535872e-01
-6.886564e+00,-5.028372e+00,1.524578e+01,-3.070052e-01,3.457309e+00,2.155200e+00
3.690276e+00,1.207097e+01,6.788136e+00,-3.716242e+00,5.551013e-01,-1.281195e+00
-4.269871e+00,1.414717e+01,1.329214e+01,-3.304899e+00,1.889682e+00,5.993890e-01
-6.441811e+00,1.048130e+01,6.400019e+00,-1.893391e+00,-2.031895e-01,-6.118939e-01
-1.110049e+00,7.875111e+00,5.269376e+00,-1.680963e+00,-7.833412e-01,-5.449494e-01
6.642588e+00,1.305116e+01,3.762690e+00,-9.928143e-01,8.829032e-01,4.402127e-02
4.046778e+00,1.092887e+01,3.271392e+00,-1.057699e+00,1.282641e+00,1.979228e-01
-3.510940e-01,8.850487e+00,3.506653e+00,-8.753453e-01,3.225067e-01,-6.407972e-02
-1.495054e+00,7.888242e+00,2.289169e+00,-8.432699e-01,-6.122629e-01,-3.974925e-01
-2.263199e+00,7.306270e+00,1.400127e+00,-9.241384e-01,-9.264509e-01,-4.790159e-01
-1.693175e+00,7.470000e+00,2.564810e+00,-1.051039e+00,-8.112326e-01,-4.196372e-01
2.314745e+00,7.832647e+00,3.728266e+00,-1.311513e+00,-5.901931e-01,-3.013197e-01
3.425056e+00,8.436882e+00,2.159972e+00,-1.406346e+00,-4.285700e-01,-2.797812e-01
2.957281e+00,8.057655e+00,-3.263001e+00,-1.596492e+00,-5.292249e-01,-3.186276e-01
2.234089e+00,8.031651e+00,-5.252046e-01,-1.807910e+00,-8.756388e-01,-3.132203e-01
4.288088e+00,1.096386e+01,5.223686e-01,-2.486651e+00,-1.300617e+00,-3.142336e-01
1.109589e+01,1.053241e+01,-2.952278e+00,-3.089347e+00,-1.370715e+00,-1.263615e-01
5.545406e+00,1.804101e+01,1.130325e+00,-3.532839e+00,-1.208104e+00,1.889910e-01
-3.506731e+00,2.127760e+01,1.151848e+01,-4.157426e+00,-2.250577e+00,2.316292e-01
-1.553859e+01,2.765993e+01,1.973372e+01,-4.857481e+00,-4.994675e+00,-3.116970e-01
-1.080096e+01,1.642286e+01,1.771408e+01,-4.918400e+00,-4.816801e+00,-5.966990e-01
1.086612e+01,5.661523e+00,1.137423e+01,-2.284051e+00,-1.715592e+00,2.180183e-01
1.274057e+01,1.031534e+01,8.361877e+00,-4.316143e-01,1.272260e+00,4.732789e-01
4.701092e+00,5.422911e+00,8.906824e+00,-2.167744e-01,1.746351e+00,-3.068741e-02
2.467881e+00,4.348987e+00,7.432536e+00,1.178749e+00,7.501356e-01,-6.970415e-01
5.528226e-01,-7.459495e-01,7.532778e+00,3.238218e+00,-1.088752e-01,-1.305314e+00
9.826803e-01,-5.235767e-02,8.400823e+00,4.292895e+00,2.647534e-01,-1.651571e+00
1.991107e+00,2.941817e+00,1.093263e+01,5.114182e+00,1.125806e+00,-2.074788e+00
2.600538e+00,4.332602e+00,1.305542e+01,5.702226e+00,1.740406e+00,-1.891009e+00
2.649350e+00,4.418915e+00,1.331804e+01,6.850837e+00,2.043243e+00,-1.493630e+00
2.716060e+00,6.555007e+00,1.417862e+01,7.840063e+00,1.954562e+00,-1.103488e+00
-2.334346e+00,4.711704e+00,6.900500e+00,8.268205e+00,1.940780e+00,-4.136814e-01
-1.256551e+01,-1.024492e+01,4.963083e+00,7.532356e+00,1.589016e+00,2.660582e-01
5.350774e+00,-1.222116e+01,8.901963e+00,4.207957e+00,2.203345e+00,-1.278372e-01
6.881766e+00,2.732449e+01,-2.795715e+00,7.783067e-01,3.817129e+00,1.136209e-01
1.969389e+01,2.538295e+01,7.647503e+00,-3.346096e+00,3.724909e+00,8.074589e-01
-3.607556e+00,-1.273242e+01,1.232484e+01,-1.580070e+00,3.087297e+00,1.756817e+00
-3.988992e+00,8.250205e+00,1.623171e+01,-2.595062e+00,-1.938396e-01,-1.489781e+00
4.379895e-01,2.364112e+01,1.069060e+01,-3.683179e+00,1.811410e-01,-1.287213e-01
-5.884516e+00,6.605699e+00,6.475194e+00,-2.737479e+00,2.083644e-01,-2.816596e-01
-4.684825e+00,6.111318e+00,3.964910e+00,-1.357669e+00,-3.728180e-01,-2.808989e-01
8.133064e+00,1.280460e+01,2.570585e+00,-1.002642e+00,7.317625e-01,1.442146e-01
6.041632e+00,9.843916e+00,1.265989e+00,-8.810581e-01,1.953310e+00,4.699958e-01
2.279350e+00,8.422450e+00,7.850124e-01,-1.024558e+00,6.853267e-01,-2.345343e-02
-1.703159e+00,9.257225e+00,1.105426e+00,-1.097009e+00,-8.089056e-01,-4.323864e-01
-5.988878e+00,7.718647e+00,9.370175e-01,-1.402777e+00,-1.605514e+00,-6.674508e-01
-5.747931e+00,6.954482e+00,1.840518e+00,-1.540014e+00,-1.584546e+00,-6.514202e-01
-9.721443e-01,7.950170e+00,4.326349e+00,-1.694896e+00,-1.018473e+00,-4.697066e-01
2.983702e+00,8.291400e+00,4.597800e+00,-1.831245e+00,-3.215725e-01,-3.245821e-01
5.110242e+00,8.535155e+00,7.324209e-01,-1.896221e+00,1.657601e-01,-1.620610e-01
4.761190e+00,1.031064e+01,-1.757056e+00,-2.043194e+00,4.696665e-03,-7.135056e-02
3.847277e+00,1.062969e+01,-3.940125e-02,-2.430105e+00,-6.360394e-01,-8.355557e-02
5.585459e+00,1.168100e+01,1.624538e-01,-2.969819e+00,-1.081485e+00,-1.206135e-01
6.897977e+00,2.221954e+01,-3.617916e+00,-3.665359e+00,-1.532016e+00,8.486697e-02
-7.083989e+00,1.783120e+01,1.122416e+01,-4.232597e+00,-2.071553e+00,2.613657e-01
-1.121460e+01,2.702820e+01,1.844314e+01,-4.687185e+00,-4.171164e+00,-2.269572e-01
-7.841757e+00,2.062243e+01,1.569818e+01,-5.094791e+00,-4.856690e+00,-5.302434e-01
4.369753e+00,1.554898e+00,1.349311e+01,-3.575901e+00,-2.047667e+00,4.039759e-01
9.333607e+00,8.953957e+00,6.993806e+00,-6.081076e-01,-7.914932e-02,2.953928e-01
2.303928e+00,6.744974e+00,1.104651e+01,-5.767301e-01,1.321315e+00,3.606149e-02
1.908365e+00,3.816814e+00,8.719723e+00,1.166288e+00,5.519793e-01,-4.824672e-01
2.867940e+00,-3.989638e-01,8.395369e+00,3.247613e+00,4.824097e-01,-9.035912e-01
2.951938e+00,-7.751890e-01,8.478325e+00,4.595833e+00,9.403884e-01,-9.653589e-01
2.283177e+00,2.255994e+00,1.103793e+01,5.604624e+00,1.388248e+00,-1.367547e+00
2.366438e+00,3.410306e+00,1.246308e+01,6.186702e+00,1.522858e+00,-1.224770e+00
1.930488e+00,4.272810e+00,1.298532e+01,7.139663e+00,1.551622e+00,-9.577578e-01
3.145239e+00,7.474784e+00,1.234576e+01,8.112151e+00,1.615169e+00,-6.836128e-01
-5.593832e+00,-8.031834e-01,5.822289e+00,8.366345e+00,1.957446e+00,5.896951e-02
-1.262411e+01,-9.452037e+00,7.600281e+00,7.312868e+00,1.510135e+00,7.031183e-01
6.579539e+00,-1.120725e+01,3.937789e+00,4.934604e+00,1.670801e+00,1.337218e-01
9.035162e+00,1.500748e+01,-8.785590e-01,1.497417e+00,3.066852e+00,1.084327e-01
-1.225719e+00,1.258497e+01,1.208826e+01,-3.267083e+00,1.960592e+00,4.841499e-01
-4.532980e+00,-1.165114e+01,1.422361e+01,-2.689792e+00,1.499835e+00,1.096351e+00
-5.929909e+00,5.288724e+00,1.641190e+01,-3.266095e+00,-2.023036e+00,-2.478374e+00
-3.396281e+00,2.523768e+01,1.370137e+01,-3.438610e+00,-5.578362e-01,-4.324415e-01
-2.437386e+00,4.469603e+00,6.926500e+00,-3.043343e+00,3.943271e-01,-6.587016e-02
-8.422064e-01,4.136871e+00,5.388373e+00,-1.485446e+00,7.375251e-01,1.893124e-01
1.038967e+01,1.234046e+01,3.969421e+00,-1.058197e+00,1.720307e+00,4.438304e-01
6.427685e+00,1.134081e+01,2.596230e+00,-1.069309e+00,2.157060e+00,5.279320e-01
-1.102627e+00,8.662977e+00,2.675692e+00,-1.102589e+00,2.956979e-01,-1.020289e-01
-2.168824e+00,9.833422e+00,2.154826e+00,-1.025452e+00,-1.083053e+00,-4.684619e-01
-3.275006e+00,8.402374e+00,6.552275e-01,-1.137978e+00,-1.161627e+00,-5.027446e-01
-3.072540e+00,7.383135e+00,7.739881e-01,-1.200867e+00,-8.477637e-01,-3.892546e-01
-6.211218e-01,7.805314e+00,3.170637e+00,-1.388776e+00,-4.845793e-01,-2.634007e-01
1.846090e+00,8.424371e+00,5.346045e+00,-1.633511e+00,-2.054460e-01,-1.724491e-01
3.065444e+00,8.478811e+00,2.784466e+00,-1.793702e+00,-3.236470e-02,-1.094148e-01
2.941880e+00,9.248947e+00,-1.662471e+00,-1.813732e+00,-1.130949e-01,-8.128935e-02
3.329337e+00,1.072826e+01,-1.545369e+00,-2.159043e+00,-4.277562e-01,5.832387e-02
5.111930e+00,1.123847e+01,-5.523750e-01,-2.684221e+00,-8.365709e-01,6.111865e-02
1.481905e+01,1.696264e+01,-6.543938e+00,-3.327435e+00,-1.159532e+00,-3.613655e-02
8.674840e+00,2.013868e+01,-3.756797e-01,-3.828193e+00,-1.187652e+00,1.915905e-01
-1.331352e+01,2.512873e+01,1.940669e+01,-4.776894e+00,-3.083581e+00,2.330645e-01
-1.963939e+01,2.985034e+01,2.030298e+01,-4.940463e+00,-5.876861e+00,-4.939747e-01
-6.051921e+00,6.162440e-03,2.117749e+01,-4.387074e+00,-4.358555e+00,-1.817327e-01
3.146084e+00,5.953797e+00,1.156016e+01,-1.294188e+00,-1.242249e+00,7.031563e-01
7.489024e+00,8.921672e+00,1.121935e+01,-4.172307e-01,2.991999e+00,1.377984e+00
7.391079e+00,4.499766e+00,9.185706e+00,1.019928e+00,2.997679e+00,1.034379e+00
6.166194e+00,-1.559774e-01,7.907442e+00,3.154702e+00,2.249458e+00,5.937856e-01
4.161424e+00,-5.206628e-01,8.174029e+00,4.572452e+00,1.383119e+00,3.324516e-01
1.150346e+00,1.872054e+00,1.012096e+01,5.480343e+00,5.451716e-01,-4.277991e-01
9.357344e-01,2.396283e+00,1.085088e+01,6.115489e+00,3.606660e-01,-7.897629e-01
2.725163e+00,4.261623e+00,1.467466e+01,7.114034e+00,4.938359e-01,-1.009612e+00
4.360471e+00,1.068373e+01,1.090550e+01,7.853035e+00,8.829112e-01,-1.045149e+00
-7.989404e-01,6.523288e+00,8.729986e+00,8.388374e+00,1.174990e+00,-7.825741e-01
-8.863991e+00,-5.560738e-01,6.660716e+00,8.024908e+00,1.115448e+00,-3.246284e-01
-3.206340e+00,-1.374004e+01,9.519216e-01,6.075637e+00,4.350702e-01,-2.192667e-01
5.216587e+00,-1.175901e+01,5.506693e+00,3.446492e+00,2.043458e+00,-2.476623e-01
2.416977e+01,3.853160e+01,-5.082095e+00,-1.365867e+00,2.862503e+00,5.017760e-01
1.738730e+00,9.606185e+00,7.231873e+00,-4.370801e+00,1.332464e+00,-1.785456e-01
-1.058207e+01,-9.772692e+00,1.281511e+01,-1.788750e+00,9.838089e-01,1.716143e+00
-1.065170e+01,2.016090e+00,1.483414e+01,-2.565043e+00,-2.748400e+00,-3.170758e+00
-1.612809e+00,2.465039e+01,1.248076e+01,-3.683892e+00,6.257311e-01,8.763700e-01
6.957310e+00,7.575823e+00,6.230453e+00,-3.146511e+00,1.486429e+00,-8.533444e-02
4.190733e+00,5.755617e+00,3.898965e+00,-1.450622e+00,2.221584e+00,4.693244e-01
4.694082e+00,1.186163e+01,4.164026e+00,-1.040903e+00,1.698834e+00,2.597614e-01
2.491944e+00,9.334030e+00,3.142377e+00,-1.420502e+00,1.219659e+00,1.491422e-01
-1.314987e+00,8.265664e+00,3.306123e+00,-1.312743e+00,4.511411e-01,-2.120995e-01
-3.235711e+00,9.409495e+00,3.611269e+00,-1.301465e+00,-1.015909e+00,-6.343814e-01
-1.642941e+00,1.000598e+01,3.157930e+00,-1.275655e+00,-1.061174e+00,-5.859229e-01
2.557228e+00,9.088781e+00,1.483657e+00,-1.288363e+00,-2.079910e-01,-2.660989e-01
-9.636771e-02,8.874876e+00,2.756354e+00,-1.333838e+00,-3.833915e-02,-2.452131e-01
-5.526364e-01,8.009282e+00,5.183131e+00,-1.515476e+00,-5.577883e-01,-4.210019e-01
1.424401e+00,8.811305e+00,4.370333e+00,-1.652239e+00,-8.550156e-01,-4.507087e-01
2.987158e+00,8.743351e+00,-2.185176e+00,-1.780527e+00,-3.191491e-01,-2.142995e-01
3.228793e+00,1.055409e+01,-1.058719e+00,-2.007081e+00,-2.689703e-01,-4.385202e-02
2.546141e+00,1.104182e+01,9.212351e-01,-2.616630e+00,-8.926698e-01,-1.070964e-01
9.318267e+00,1.384386e+01,-8.050391e-01,-3.188789e+00,-1.381605e+00,-2.042931e-01
3.331573e+00,1.873539e+01,4.199795e+00,-3.776395e+00,-1.502150e+00,9.662454e-02
-7.696400e+00,1.777932e+01,1.528890e+01,-4.392462e+00,-2.534057e+00,1.869157e-01
-1.307595e+01,2.758837e+01,1.611026e+01,-4.669511e+00,-5.318359e+00,-5.458161e-01
-9.633335e+00,1.024609e+01,1.758610e+01,-4.546615e+00,-4.781859e+00,-5.186671e-01
7.580201e+00,8.605257e+00,8.064034e+00,-1.802782e+00,-1.463812e+00,1.103718e-01
9.234246e+00,1.240638e+01,7.220055e+00,-4.149160e-01,1.450438e+00,3.004595e-01
5.315878e+00,4.712284e+00,8.951056e+00,1.766719e-01,2.015933e+00,-2.178359e-01
4.430645e+00,1.713953e+00,7.485899e+00,2.079077e+00,1.276068e+00,-8.991711e-01
3.374147e+00,1.961705e+00,8.670243e+00,3.691562e+00,7.467326e-01,-1.290654e+00
2.159125e+00,3.362953e+00,9.998258e+00,4.526098e+00,7.244800e-01,-1.563253e+00
1.716048e+00,3.594850e+00,1.124323e+01,5.510358e+00,9.426585e-01,-1.793320e+00
2.655867e+00,4.016471e+00,1.338234e+01,6.450634e+00,1.149329e+00,-1.628642e+00
5.742539e+00,1.037291e+01,1.142175e+01,7.421509e+00,1.512011e+00,-1.423262e+00
5.505567e+00,1.123474e+01,1.216997e+01,8.073569e+00,1.593992e+00,-9.671056e-01
-1.092577e+01,-3.501803e+00,5.773200e+00,8.116930e+00,8.615236e-01,1.060767e-01
-1.048565e+01,-1.285616e+01,5.105632e+00,7.187405e+00,3.059916e-01,-4.311004e-01
2.847004e+00,-7.313714e+00,4.940568e+00,4.112764e+00,1.630709e+00,-3.438247e-01
7.110800e+00,2.382628e+01,5.974446e-01,8.030740e-01,3.685250e+00,6.084695e-01
5.550282e+00,5.238496e+00,8.812989e+00,-3.550143e+00,2.952668e+00,7.204022e-01
8.705444e-01,-1.005206e+01,1.125683e+01,-2.394675e+00,2.836454e+00,1.351925e+00
-7.728902e+00,4.609116e+00,1.567283e+01,-3.000763e+00,-8.581798e-01,-1.980768e+00
-9.200511e+00,2.645460e+01,1.425266e+01,-3.197696e+00,-8.420360e-01,-6.079905e-01
-1.208737e+00,5.622536e+00,5.170945e+00,-3.112467e+00,-5.121189e-01,-4.931339e-01
8.533567e-01,4.592118e+00,3.494665e+00,-1.648231e+00,7.109829e-01,-8.280743e-02
8.434809e+00,1.321803e+01,4.049763e+00,-1.179505e+00,1.582307e+00,4.660630e-01
6.098459e+00,1.147820e+01,3.603010e+00,-1.286892e+00,1.807550e+00,3.590886e-01
-1.167384e-01,7.899643e+00,3.783262e+00,-1.240089e+00,3.255109e-01,-5.462972e-02
-7.989684e-01,1.095966e+01,3.080688e+00,-1.178621e+00,-7.706642e-01,-4.604060e-01
-2.874128e-01,9.519743e+00,1.436275e+00,-1.274785e+00,-8.360244e-01,-4.046850e-01
-4.928530e-01,8.310360e+00,8.012853e-01,-1.260816e+00,-6.648447e-01,-3.933871e-01
-2.148968e+00,7.171943e+00,3.307266e+00,-1.395409e+00,-5.986945e-01,-3.789216e-01
-1.187737e+00,7.765741e+00,5.059916e+00,-1.523266e+00,-7.607183e-01,-4.063098e-01
2.527969e+00,9.373624e+00,2.364063e+00,-1.668717e+00,-6.705726e-01,-3.969511e-01
4.200905e+00,8.930453e+00,-2.136826e+00,-1.706017e+00,-4.118648e-01,-2.806479e-01
2.103967e+00,9.555980e+00,-4.985899e-01,-2.004947e+00,-3.393938e-01,-9.474551e-02
1.956253e+00,1.045028e+01,7.067615e-01,-2.528117e+00,-8.791826e-01,-8.569217e-02
1.291728e+01,1.466101e+01,-3.894296e+00,-3.247019e+00,-1.334254e+00,-6.760956e-02
1.075127e+01,2.061783e+01,-3.801328e+00,-3.701443e+00,-1.271995e+00,1.687726e-01
-1.077631e+01,2.041926e+01,1.718181e+01,-4.510593e+00,-2.681847e+00,1.103339e-01
-1.064300e+01,2.936145e+01,1.828066e+01,-4.748790e+00,-4.856155e+00,-6.393925e-01
-5.160086e+00,4.585475e+00,1.885337e+01,-4.914486e+00,-4.350984e+00,-3.565170e-01
3.054499e+00,2.799566e-01,1.571924e+01,-3.101675e+00,-2.048639e+00,3.466164e-01
8.754579e+00,1.099752e+01,8.577063e+00,-5.686472e-01,1.139161e+00,3.987799e-01
4.676847e+00,5.446214e+00,9.897479e+00,-5.535929e-01,1.724548e+00,6.958462e-02
3.294320e+00,1.901605e+00,7.187446e+00,1.662779e+00,5.902683e-01,-8.196469e-01
2.230926e+00,3.979060e-01,8.429544e+00,3.167505e+00,3.033882e-01,-1.165858e+00
1.753593e+00,1.508847e+00,9.265999e+00,4.530992e+00,5.342509e-01,-1.409369e+00
1.758743e+00,2.128952e+00,1.012895e+01,5.386898e+00,1.065573e+00,-1.585907e+00
2.818189e+00,3.897445e+00,1.282770e+01,6.105644e+00,1.429192e+00,-1.356105e+00
4.302053e+00,4.382954e+00,1.369956e+01,7.101532e+00,1.775833e+00,-1.119066e+00
4.849201e+00,1.039620e+01,1.220127e+01,8.098756e+00,1.800516e+00,-7.754834e-01
-1.629280e-02,7.460632e+00,7.264294e+00,8.341355e+00,1.367759e+00,6.805746e-02
-1.191858e+01,-1.482014e+01,5.923163e+00,6.679628e+00,2.716052e-01,1.111906e-02
1.622057e-01,-1.372409e+01,2.444035e+00,4.302977e+00,1.333335e+00,-3.352750e-01
4.332524e+00,1.485626e+01,5.128992e+00,-2.531255e-01,2.997887e+00,4.600831e-01
3.737084e+01,3.928660e+01,-2.835721e+00,-3.206695e+00,2.394775e+00,5.994834e-01
-6.401841e+00,-1.011400e+01,9.087105e+00,-1.852787e+00,1.614158e+00,1.919186e+00
-6.145851e-01,-5.991335e+00,8.759193e+00,-2.295971e+00,-1.561047e+00,-2.343594e+00
-4.086739e+00,2.003822e+01,1.447620e+01,-3.540694e+00,3.678009e-01,4.495974e-01
-1.981331e+00,2.122178e+01,1.316182e+01,-3.807160e+00,4.175587e-01,2.502302e-01
-2.251654e+00,3.770735e+00,7.162802e+00,-2.156871e+00,-1.578310e-01,-5.214467e-01
-1.502596e+00,9.697691e+00,8.276851e+00,-1.504378e+00,2.193657e-01,1.683114e-01
5.434344e+00,1.253569e+01,6.793265e+00,-1.444447e+00,1.305777e+00,3.926089e-01
7.592203e+00,9.671656e+00,4.594498e+00,-1.172764e+00,2.044598e+00,3.901009e-01
7.649169e-01,8.666198e+00,3.883968e+00,-9.301375e-01,5.615913e-01,6.131805e-03
2.605125e-01,1.091711e+01,2.976959e+00,-8.526144e-01,-5.088117e-01,-3.013860e-01
-5.542708e-01,1.054285e+01,1.323734e+00,-8.947345e-01,-6.962143e-01,-2.857325e-01
-2.147889e+00,8.299043e+00,8.657653e-01,-8.968572e-01,-8.625308e-01,-3.541944e-01
-1.664933e+00,7.310676e+00,2.865125e+00,-1.047463e+00,-1.145299e+00,-4.650314e-01
1.104293e+00,7.797422e+00,3.511659e+00,-1.252307e+00,-1.024818e+00,-4.427321e-01
2.473925e+00,8.959241e+00,-2.224545e+00,-1.443032e+00,-5.244511e-01,-2.276115e-01
1.689549e+00,8.888646e+00,-4.442530e+00,-1.743001e+00,-4.651425e-01,-1.579180e-02
4.149719e+00,1.044489e+01,-1.759278e+00,-2.496862e+00,-9.648014e-01,6.857672e-02
7.771413e+00,1.235517e+01,-1.685635e+00,-3.155764e+00,-1.186170e+00,4.355545e-02
3.409534e+00,2.115539e+01,-3.158548e+00,-3.825384e+00,-1.443349e+00,3.136249e-01
-7.204448e+00,1.684717e+01,1.008213e+01,-4.359634e+00,-2.299046e+00,4.807065e-01
-9.416938e+00,2.744222e+01,1.672957e+01,-4.929556e+00,-4.145088e+00,-7.454198e-02
-7.043984e+00,2.597309e+01,1.583084e+01,-4.899534e+00,-3.091623e+00,1.208094e-01
6.771473e+00,3.095254e+00,1.256475e+01,-1.790485e+00,-4.084128e-01,2.906843e-01
1.018687e+01,1.186556e+01,6.775454e+00,-5.975829e-01,1.225845e+00,1.177595e-01
2.618303e+00,6.657624e+00,1.109864e+01,2.402306e-01,8.420218e-01,-4.957710e-01
1.921804e+00,4.333049e+00,9.490779e+00,2.064482e+00,-4.887306e-02,-1.416349e+00
2.750000e+00,2.015362e+00,9.324234e+00,4.194329e+00,2.589125e-01,-1.680495e+00
2.182111e+00,2.618944e+00,1.014271e+01,5.171220e+00,8.476187e-01,-1.792329e+00
1.318310e+00,3.116386e+00,1.166922e+01,6.210752e+00,1.262987e+00,-1.690512e+00
2.755844e+00,2.527810e+00,1.512818e+01,7.031020e+00,1.612879e+00,-1.372457e+00
8.314234e+00,8.543463e+00,1.174478e+01,8.196612e+00,2.100157e+00,-7.196451e-01
8.484482e+00,8.328201e+00,1.024970e+01,8.534362e+00,2.028845e+00,3.609944e-02
-1.174138e+01,-7.548427e+00,5.196723e+00,7.728068e+00,9.266406e-01,4.169699e-01
-1.059414e+01,-1.279663e+01,1.014281e+01,5.628955e+00,3.659348e-03,-5.456608e-01
3.228027e+00,-1.342448e+00,2.758052e+00,1.927874e+00,1.464107e+00,-2.036447e-01
3.068342e+01,3.910782e+01,-2.124000e+00,-1.638031e+00,2.208101e+00,5.735413e-01
-3.832535e+00,-7.816780e+00,1.788506e+01,-3.050156e+00,2.496517e+00,1.319602e+00
3.098867e-01,-1.706768e+01,1.243066e+01,-3.170490e+00,-8.289327e-01,-1.307363e+00
-3.178023e+00,1.900804e+01,1.626432e+01,-3.008980e+00,3.651679e-01,-5.999810e-01
-2.659224e+00,2.302175e+01,1.015410e+01,-3.317596e+00,3.600736e-01,3.949103e-01
5.170153e-01,1.980479e+00,5.114389e+00,-1.677026e+00,6.274084e-01,6.614887e-03
2.888958e+00,7.930046e+00,4.320288e+00,-8.305334e-01,1.354280e+00,3.330363e-01
9.028454e+00,1.400377e+01,3.000768e+00,-1.129904e+00,1.988439e+00,5.282523e-01
4.553080e+00,1.017884e+01,2.554015e+00,-9.789904e-01,1.522060e+00,2.994771e-01
-3.205722e+00,7.239731e+00,1.961388e+00,-8.455882e-01,-6.628945e-01,-3.876651e-01
-1.820961e+00,9.667808e+00,5.196976e-01,-8.438082e-01,-1.136099e+00,-6.044444e-01
-4.061596e-01,8.554540e+00,-3.432069e-01,-1.103802e+00,-6.041789e-01,-3.510527e-01
-2.126964e+00,7.382155e+00,1.325259e+00,-1.303348e+00,-3.990111e-01,-2.761186e-01
4.318587e-01,1.000196e+01,6.508411e+00,-1.640389e+00,-4.919359e-01,-3.231629e-01
2.539516e+00,9.905894e+00,6.981158e+00,-1.743500e+00,-3.678068e-01,-3.074998e-01
4.659860e+00,8.977822e+00,1.406259e+00,-1.682617e+00,-1.556176e-01,-2.093234e-01
2.105339e+00,8.764297e+00,-1.589824e+00,-1.765933e+00,-3.374490e-01,-4.516440e-02
-5.947989e-01,1.201997e+01,-4.725493e-01,-2.232506e+00,-9.627816e-01,3.875115e-02
-1.053331e+00,1.130891e+01,2.248561e+00,-2.831017e+00,-1.306710e+00,1.897164e-02
1.018955e+01,1.513217e+01,-3.367412e+00,-3.291072e+00,-1.241863e+00,2.431686e-01
1.110960e+01,2.082199e+01,-7.453186e+00,-3.555548e+00,-8.700232e-01,6.435219e-01
-5.684275e+00,1.389998e+01,1.215628e+01,-4.269239e+00,-2.432750e+00,5.415898e-01
-9.351763e+00,2.882942e+01,1.549110e+01,-4.652554e+00,-4.749177e+00,-4.705301e-01
-1.009001e+01,1.700918e+01,1.607030e+01,-4.563350e+00,-3.588930e+00,-2.951063e-01
2.999345e+00,1.556820e+00,1.316974e+01,-2.573073e+00,-2.023285e+00,-1.327741e-01
6.965901e+00,1.270071e+01,9.919383e+00,-1.086224e+00,1.126802e+00,9.521868e-02
4.813735e+00,7.963773e+00,1.144582e+01,-3.362440e-01,1.056247e+00,-4.182662e-01
3.123718e+00,2.708514e+00,8.026769e+00,2.087075e+00,4.525647e-01,-1.197112e+00
2.766810e+00,4.144135e-01,8.366380e+00,3.526415e+00,4.933622e-01,-1.272759e+00
1.286286e+00,5.381492e-01,9.454249e+00,4.906742e+00,9.105892e-01,-1.545435e+00
6.813879e-01,2.777882e+00,1.055649e+01,5.614362e+00,1.319947e+00,-1.701539e+00
2.302893e+00,3.499474e+00,1.538973e+01,6.461015e+00,1.828466e+00,-1.408857e+00
3.709588e+00,3.807144e+00,1.501785e+01,7.379834e+00,2.212344e+00,-1.081993e+00
8.163312e+00,9.480158e+00,1.282426e+01,8.488853e+00,2.323731e+00,-3.300381e-01
-1.245470e+00,2.241449e+00,5.070652e+00,8.303881e+00,1.757194e+00,4.410574e-01
-1.262312e+01,-1.605840e+01,1.030697e+01,6.821898e+00,2.604129e-01,-5.981748e-02
-3.163631e+00,-1.498707e+01,3.631151e+00,4.096345e+00,7.816718e-01,-6.927049e-01
1.884655e+01,3.851847e+01,-5.448697e+00,-1.040726e+00,3.379222e+00,6.072156e-01
3.201039e+01,3.667748e+01,5.532274e+00,-3.880553e+00,2.911005e+00,7.531249e-01
-6.896357e+00,-1.225045e+01,1.307050e+01,-1.841928e+00,2.729069e+00,1.599335e+00
-3.095011e+00,5.373398e-01,9.255246e+00,-2.685769e+00,-3.423520e-01,-2.104461e+00
-4.987798e-01,2.335676e+01,1.213542e+01,-3.168128e+00,1.163146e+00,8.466838e-01
5.217514e+00,1.392091e+01,8.157382e+00,-2.708608e+00,8.326044e-01,-3.266218e-01
1.565312e+00,4.297959e+00,4.312884e+00,-1.671560e+00,9.574389e-01,-1.489461e-01
2.598644e+00,1.069161e+01,4.852860e+00,-1.210619e+00,6.963767e-01,-4.849610e-02
3.839578e+00,1.007619e+01,3.980758e+00,-1.396154e+00,8.238226e-01,-1.430239e-01
-3.366765e-01,7.306992e+00,3.323407e+00,-1.251613e+00,-2.342438e-02,-3.388235e-01
-1.673923e+00,9.888442e+00,2.510969e+00,-1.175745e+00,-1.318737e+00,-7.052604e-01
-1.093768e+00,1.137024e+01,2.139758e+00,-1.256516e+00,-1.339849e+00,-6.597283e-01
-1.436457e+00,8.489693e+00,1.548697e+00,-1.380473e+00,-8.900438e-01,-4.264028e-01
-2.056174e+00,7.564410e+00,2.390001e+00,-1.366052e+00,-8.879762e-01,-4.590873e-01
-2.094577e-01,7.514899e+00,4.026967e+00,-1.529152e+00,-8.702448e-01,-4.218955e-01
2.581012e-01,9.305946e+00,4.154560e+00,-1.649966e+00,-6.803971e-01,-3.050609e-01
2.448239e+00,1.002268e+01,-1.764388e+00,-1.907350e+00,-4.365929e-01,-4.745094e-02
3.669783e+00,1.077826e+01,-1.982194e+00,-2.139689e+00,-4.095546e-01,9.344275e-02
3.356796e+00,1.063458e+01,1.922039e+00,-2.719944e+00,-7.767434e-01,8.407494e-02
9.121522e+00,1.502059e+01,-2.322668e+00,-3.227927e+00,-1.185260e+00,9.144154e-03
4.511392e+00,2.035677e+01,-1.140724e+00,-3.837100e+00,-1.481996e+00,4.090822e-01
-6.905903e+00,1.456371e+01,1.376413e+01,-4.327464e+00,-2.738097e+00,5.286321e-01
-8.494083e+00,2.771728e+01,1.574041e+01,-4.568547e+00,-4.852156e+00,-3.533048e-01
-8.475718e+00,1.638151e+01,1.703448e+01,-4.407524e+00,-3.620168e+00,-1.702396e-01
7.322123e+00,9.698740e+00,7.149304e+00,-1.311283e+00,-8.778513e-01,-6.599282e-02
4.479850e+00,1.258958e+01,9.382691e+00,-8.828263e-01,8.517597e-01,3.121863e-02
2.151131e+00,7.043536e+00,1.112149e+01,4.125366e-01,8.280513e-01,-5.040838e-01
3.074723e+00,2.822251e+00,8.354899e+00,2.221624e+00,5.683934e-01,-1.012750e+00
3.614306e+00,1.628207e+00,9.790405e+00,4.242992e+00,1.071085e+00,-9.135958e-01
3.149222e+00,1.702766e+00,9.778652e+00,5.028329e+00,1.319634e+00,-1.070508e+00
2.721143e+00,2.851107e+00,1.172432e+01,6.141487e+00,1.529251e+00,-1.178807e+00
3.559533e+00,3.610916e+00,1.558648e+01,6.906443e+00,1.605855e+00,-1.146859e+00
5.956576e+00,7.524910e+00,1.181525e+01,8.009979e+00,1.577338e+00,-9.946417e-01
4.538664e+00,8.070606e+00,1.094770e+01,8.492676e+00,1.396475e+00,-6.659153e-01
-1.711268e+01,-4.002350e+00,9.836035e+00,7.698294e+00,5.241563e-01,-3.945635e-01
-1.310937e+01,-1.478585e+01,4.360496e+00,5.888039e+00,1.699639e-01,-7.285158e-01
1.764124e+00,-1.245350e+01,9.834997e+00,2.610126e+00,2.510012e+00,-2.481079e-01
1.555975e+01,3.191491e+01,-1.193799e+00,-1.000574e+00,3.646919e+00,8.751719e-01
6.651947e+00,1.071500e+01,6.934859e+00,-3.866275e+00,3.158931e+00,1.064925e+00
-6.291911e+00,-1.304568e+01,1.217856e+01,-1.940290e+00,2.186235e+00,1.491054e+00
-4.558342e+00,9.310246e+00,1.556545e+01,-3.245141e+00,-4.497035e-01,-1.508732e+00
-2.248496e+00,2.432609e+01,1.408901e+01,-3.510214e+00,5.846985e-01,5.743514e-01
-1.483573e+00,4.286567e+00,6.608873e+00,-2.694107e+00,4.284625e-01,-6.698055e-01
-2.726205e+00,5.956065e+00,5.668002e+00,-1.516194e+00,2.897734e-01,-7.196711e-02
7.428946e+00,1.354064e+01,6.000383e+00,-1.418843e+00,9.123480e-01,2.163441e-01
5.370069e+00,1.062433e+01,4.545741e+00,-1.315170e+00,1.725795e+00,3.190537e-01
7.148510e-01,9.625149e+00,4.116827e+00,-1.064116e+00,1.375682e-01,-1.623760e-01
-3.471262e-01,1.100279e+01,3.653372e+00,-9.974395e-01,-6.454958e-01,-3.395163e-01
-6.581847e-01,9.583881e+00,2.406463e+00,-9.656257e-01,-7.493597e-01,-3.468567e-01
-4.465263e-01,8.025410e+00,1.957221e+00,-9.594719e-01,-6.624395e-01,-3.603818e-01
-5.450074e-01,8.019309e+00,2.360691e+00,-1.034540e+00,-7.007876e-01,-3.287626e-01
6.275407e-01,7.500882e+00,2.813178e+00,-1.207688e+00,-8.588860e-01,-3.301721e-01
6.686036e-01,7.382323e+00,-1.065576e+00,-1.399795e+00,-8.030236e-01,-2.012039e-01
1.405467e+00,1.052285e+01,-3.561869e+00,-1.609529e+00,-7.129885e-01,-5.106777e-02
2.231259e+00,9.899123e+00,-7.514712e-01,-2.285006e+00,-8.129325e-01,1.449921e-01
4.827479e+00,1.065704e+01,5.101995e-01,-2.763294e+00,-1.078190e+00,2.917140e-02
9.408789e+00,1.875416e+01,-5.144441e+00,-3.445091e+00,-1.266512e+00,2.551277e-01
-5.200733e-02,1.582103e+01,2.741601e+00,-3.839688e+00,-1.596502e+00,4.334538e-01
-7.797317e+00,2.494929e+01,1.494232e+01,-4.362219e+00,-3.707918e+00,1.730565e-01
-1.165691e+01,2.876419e+01,1.653714e+01,-4.697593e+00,-4.580445e+00,-1.144703e-01
-5.403481e-01,1.551579e+00,1.771377e+01,-3.334743e+00,-2.443327e+00,1.263936e-02
6.259729e+00,8.593231e+00,1.068015e+01,-1.127589e+00,-4.388811e-01,4.397539e-01
4.879510e+00,8.810332e+00,1.131150e+01,-1.036004e+00,1.701857e+00,3.709806e-01
3.013336e+00,5.836958e+00,1.020095e+01,5.485427e-01,1.190731e+00,-5.508727e-03
2.240269e+00,2.073269e+00,8.410654e+00,2.788761e+00,8.312450e-01,-5.240764e-01
2.418487e+00,4.796064e-01,9.391729e+00,3.964840e+00,9.606243e-01,-6.961723e-01
2.547560e+00,1.381205e+00,9.568652e+00,5.121553e+00,1.463940e+00,-1.152301e+00
1.463676e+00,3.226999e+00,1.171422e+01,5.794112e+00,1.626617e+00,-1.239377e+00
1.865133e+00,3.580368e+00,1.385843e+01,6.808380e+00,1.522090e+00,-1.110890e+00
3.808421e+00,3.942243e+00,1.338857e+01,7.647420e+00,1.517682e+00,-9.863846e-01
9.935093e-01,4.791145e+00,8.685147e+00,8.273228e+00,1.830067e+00,-5.836628e-01
-6.418693e+00,1.218382e+00,8.879753e+00,7.529010e+00,1.521284e+00,-3.418441e-01
-7.784452e+00,-8.412110e+00,9.873749e+00,5.116190e+00,1.382226e+00,-4.462122e-01
4.940031e+00,-9.149131e+00,7.606427e+00,2.873752e+00,2.572903e+00,-2.034881e-01
2.955404e+01,3.939949e+01,-9.322560e+00,-1.436420e+00,3.825478e+00,6.797465e-01
3.210685e+01,3.488207e+01,-7.835920e-01,-3.795751e+00,2.595239e+00,2.231951e-01
-6.588963e+00,-1.503798e+01,1.162406e+01,-8.109880e-01,1.603923e+00,1.785903e+00
-7.559738e+00,8.949670e+00,1.542214e+01,-2.447347e+00,-2.631002e+00,-3.133167e+00
-4.499530e+00,2.189665e+01,1.007840e+01,-4.067792e+00,-3.240655e-01,5.403293e-01
-4.591069e+00,8.588219e+00,7.508205e+00,-3.045016e+00,-3.305124e-01,-3.875755e-01
-8.387317e-01,7.222164e+00,5.458226e+00,-1.475659e+00,-8.059523e-02,9.983433e-02
6.668167e+00,1.143769e+01,4.867510e+00,-1.371083e+00,1.218861e+00,6.241221e-01
6.564982e+00,9.214985e+00,3.310001e+00,-1.284993e+00,2.321753e+00,7.505987e-01
2.068194e+00,8.833661e+00,3.614714e+00,-1.206495e+00,9.519326e-01,2.857904e-01
-2.636598e+00,1.021592e+01,3.564839e+00,-1.167335e+00,-6.968408e-01,-1.680784e-01
-2.361559e+00,9.184528e+00,3.007537e+00,-1.183067e+00,-9.078835e-01,-2.039711e-01
9.072184e-01,8.236654e+00,2.285538e+00,-1.100594e+00,-3.963473e-01,-1.558974e-01
7.108851e-01,9.015951e+00,3.525066e+00,-1.181303e+00,-1.700275e-01,-5.392320e-02
1.609156e+00,8.386948e+00,4.470485e+00,-1.332912e+00,-3.580468e-01,-9.221819e-02
1.263102e+00,8.043315e+00,2.335494e+00,-1.362726e+00,-4.207299e-01,-6.667939e-02
2.854010e+00,9.777422e+00,-2.668542e+00,-1.540020e+00,-3.264702e-01,1.692548e-01
3.691786e+00,1.120523e+01,-1.134831e+00,-1.852456e+00,-3.084461e-01,3.203459e-01
1.856720e+00,1.078481e+01,1.376183e+00,-2.537726e+00,-7.992937e-01,2.128704e-01
6.079213e+00,1.210448e+01,-4.776353e-01,-3.005999e+00,-1.277283e+00,2.503435e-01
3.863169e+00,1.726377e+01,-2.772545e+00,-3.378972e+00,-1.305920e+00,5.170458e-01
-4.048016e+00,1.524774e+01,7.281536e+00,-3.792859e+00,-1.916832e+00,6.311108e-01
-1.221861e+01,2.656138e+01,1.586989e+01,-4.330587e+00,-4.565252e+00,1.098069e-01
-1.021685e+01,1.656097e+01,1.701834e+01,-4.333348e+00,-3.492492e+00,1.850416e-01
5.157461e+00,4.734822e+00,1.241303e+01,-1.848337e+00,-7.645124e-01,7.848695e-01
8.064407e+00,1.090334e+01,9.518097e+00,-5.185988e-01,1.619042e+00,1.053286e+00
5.280297e+00,7.678389e+00,1.058621e+01,-2.096847e-01,2.268907e+00,6.638108e-01
3.285459e+00,4.134177e+00,8.576602e+00,1.630483e+00,1.550085e+00,1.665018e-01
2.521162e+00,2.389722e-01,9.381363e+00,3.459419e+00,9.479778e-01,-3.082542e-01
3.156955e+00,-2.705011e-01,8.951493e+00,4.423262e+00,8.843055e-01,-5.958673e-01
3.057191e+00,3.284131e+00,1.043925e+01,5.608526e+00,1.331719e+00,-1.143476e+00
2.764385e+00,3.799655e+00,1.099625e+01,6.252705e+00,1.316696e+00,-1.193584e+00
2.662982e+00,5.022437e+00,1.373028e+01,7.306605e+00,1.161994e+00,-1.291297e+00
4.477258e+00,1.042901e+01,1.179420e+01,7.996404e+00,1.212971e+00,-1.206020e+00
-7.833876e+00,7.979828e-01,5.565276e+00,8.138127e+00,1.395652e+00,-7.438851e-01
-1.714774e+01,-4.743855e+00,1.086433e+01,7.348996e+00,9.654760e-01,-6.391961e-01
1.936120e+00,-1.431207e+01,6.007943e+00,4.780335e+00,1.039664e+00,-6.377769e-01
3.198696e+00,7.823301e+00,3.008206e+00,1.753882e+00,3.173469e+00,-7.247615e-02
2.457495e+01,3.087717e+01,1.883880e+00,-3.044515e+00,3.056868e+00,4.679035e-01
2.810457e+00,-3.976677e+00,1.029570e+01,-2.664596e+00,3.337392e+00,1.610873e+00
-2.073606e+00,9.791910e-01,1.145704e+01,-3.454799e+00,-1.650539e-02,-1.571402e+00
-4.337582e+00,1.581966e+01,1.462637e+01,-3.355712e+00,1.811240e-01,-2.461755e-02
-1.285625e+00,1.395595e+01,8.148500e+00,-2.764575e+00,-5.750381e-01,-5.866135e-01
-6.002893e+00,3.486297e+00,4.983061e+00,-2.245312e+00,-6.808352e-01,-1.018780e+00
-8.185648e-01,1.082824e+01,5.628762e+00,-9.670221e-01,3.475371e-01,7.767897e-02
8.172576e+00,1.312412e+01,3.990624e+00,-1.105625e+00,1.832261e+00,4.708849e-01
4.703507e+00,7.060611e+00,2.246776e+00,-9.266826e-01,2.108405e+00,4.659099e-01
2.545687e+00,8.279215e+00,2.477124e+00,-8.720355e-01,6.818936e-01,-1.656566e-02
8.401088e-01,1.142855e+01,1.105619e+00,-1.063120e+00,-5.151659e-01,-3.345922e-01
-7.738670e-01,1.011260e+01,5.546067e-01,-1.282511e+00,-9.088219e-01,-3.791201e-01
-3.787207e+00,7.934264e+00,2.204716e+00,-1.385417e+00,-1.424619e+00,-6.124350e-01
-2.528648e+00,8.873847e+00,3.398752e+00,-1.503699e+00,-1.456168e+00,-5.422496e-01
9.310649e-01,8.433268e+00,3.805114e+00,-1.710474e+00,-1.054164e+00,-3.496193e-01
2.369911e+00,9.326292e+00,1.580054e+00,-1.728266e+00,-5.768967e-01,-1.025854e-01
3.917057e+00,1.000418e+01,-2.220192e+00,-1.997056e+00,-1.067097e-01,2.406855e-01
4.115922e+00,1.047909e+01,-8.261070e-01,-2.281123e+00,-2.321138e-01,2.938835e-01
2.472214e+00,1.059759e+01,1.238119e+00,-3.020126e+00,-9.169967e-01,8.256072e-02
5.431746e+00,1.550527e+01,-3.915429e+00,-3.442024e+00,-1.433397e+00,4.967234e-02
-3.015207e+00,1.645376e+01,7.081746e+00,-3.943666e+00,-1.847068e+00,2.222017e-01
-4.541226e+00,1.986496e+01,1.238886e+01,-4.306598e+00,-2.791231e+00,1.267419e-01
-9.406198e+00,2.427963e+01,1.537886e+01,-4.857269e+00,-4.277606e+00,-3.882441e-01
-1.383721e+00,6.899595e+00,1.724877e+01,-4.096569e+00,-3.028366e+00,-1.590308e-01
8.836912e+00,1.142305e+01,7.763587e+00,-1.298334e+00,-4.070750e-01,-2.557733e-03
5.154493e+00,9.565731e+00,1.043044e+01,-1.241790e+00,9.282003e-01,-2.030301e-01
1.860000e+00,4.543685e+00,8.823661e+00,6.914226e-01,7.915315e-01,-7.123006e-01
2.349487e+00,2.742222e+00,8.235556e+00,2.320242e+00,8.557184e-01,-1.195929e+00
5.307463e+00,1.676439e+00,8.293726e+00,3.958119e+00,1.573347e+00,-1.323488e+00
7.768377e+00,1.435197e+00,8.152769e+00,4.868761e+00,2.160088e+00,-1.357061e+00
8.587310e+00,2.760804e+00,9.875781e+00,5.842278e+00,2.501337e+00,-1.169491e+00
5.860522e+00,3.718266e+00,1.365595e+01,6.377860e+00,2.171216e+00,-1.136702e+00
1.249598e+00,9.875548e+00,1.413479e+01,7.561506e+00,6.265441e-01,-9.285585e-01
9.134658e-01,1.194094e+01,1.508070e+01,8.227688e+00,-8.214547e-02,-4.410004e-01
-1.052530e+01,-5.396368e+00,4.508734e+00,8.191531e+00,-2.701561e-01,5.634017e-01
-1.103185e+01,-1.028144e+01,5.138191e+00,7.174457e+00,3.136740e-01,-4.992805e-02
1.047434e+00,-1.340784e+01,8.218742e+00,2.718461e+00,2.372727e+00,-3.056222e-01
2.528925e+00,3.288977e+01,-1.726159e+00,-8.926657e-01,2.932496e+00,7.228828e-01
-4.056575e-01,2.507074e-01,4.951955e+00,-4.542105e+00,2.264594e+00,1.505138e-01
-5.348379e+00,-1.295604e+01,9.684469e+00,-1.295955e+00,2.866191e+00,1.959741e+00
-3.460799e+00,7.007321e+00,1.516540e+01,-2.478231e+00,3.793257e-01,-1.932603e+00
-8.754865e-01,2.369669e+01,1.388782e+01,-3.406387e+00,1.223554e+00,5.783382e-01
-6.663481e-01,4.533878e+00,7.341004e+00,-2.839603e+00,5.423577e-01,-6.413624e-01
-4.581484e+00,5.422142e+00,5.741402e+00,-1.637498e+00,7.352470e-02,-1.608281e-01
5.997236e+00,1.369202e+01,4.623386e+00,-1.285577e+00,8.415359e-01,1.139529e-01
6.419197e+00,1.201066e+01,3.028668e+00,-1.083578e+00,1.794338e+00,3.271496e-01
3.018061e+00,7.338369e+00,1.009835e+00,-9.712071e-01,8.740030e-01,-2.074510e-02
7.458685e-01,1.023668e+01,7.265236e-01,-9.902654e-01,-1.941588e-01,-3.438470e-01
-4.024518e+00,8.410559e+00,9.305436e-01,-1.309080e+00,-1.034634e+00,-4.849138e-01
-3.694032e+00,7.442175e+00,8.798939e-01,-1.437524e+00,-1.366135e+00,-6.302016e-01
-5.053056e-01,7.754023e+00,2.598269e+00,-1.679563e+00,-1.188202e+00,-5.596628e-01
2.000036e+00,8.628876e+00,3.445081e+00,-1.868038e+00,-8.358871e-01,-4.294400e-01
2.296692e+00,8.021789e+00,-9.719144e-01,-2.066500e+00,-6.112568e-01,-3.286192e-01
1.051275e+00,8.837395e+00,-6.555294e-01,-2.294824e+00,-8.770029e-01,-3.410865e-01
1.389122e+00,1.062405e+01,6.399045e-01,-2.837084e+00,-1.277909e+00,-2.829624e-01
7.251426e+00,1.060296e+01,-7.401187e-01,-3.319916e+00,-1.314446e+00,-2.022371e-01
1.047497e+01,2.354345e+01,-5.105316e+00,-4.011691e+00,-1.090974e+00,1.358814e-01
-2.322804e+00,2.256653e+01,9.666031e+00,-4.793543e+00,-1.950636e+00,1.910181e-01
-1.814529e+01,2.984678e+01,1.978467e+01,-5.249427e+00,-5.286570e+00,-2.170735e-01
-1.211739e+01,1.627054e+01,1.946327e+01,-5.143360e+00,-5.409211e+00,-4.935477e-01
1.020297e+01,6.799791e+00,1.258763e+01,-2.477187e+00,-1.177870e+00,5.908664e-01
1.311945e+01,1.071187e+01,7.809495e+00,-6.900200e-01,2.006258e+00,7.656308e-01
7.794818e+00,5.170845e+00,8.680851e+00,3.888012e-01,2.338261e+00,2.001859e-02
6.963084e+00,2.315268e+00,6.886782e+00,1.971165e+00,1.408697e+00,-8.225930e-01
5.613001e+00,1.993999e-01,8.656867e+00,4.074397e+00,5.753763e-01,-1.450193e+00
4.648793e+00,1.448104e+00,8.651609e+00,4.918784e+00,5.638640e-01,-1.887049e+00
2.780635e+00,2.868096e+00,1.177452e+01,5.805264e+00,7.610670e-01,-2.056527e+00
3.249147e+00,2.423876e+00,1.470015e+01,6.458543e+00,8.099015e-01,-2.050049e+00
8.814977e+00,5.205395e+00,1.323279e+01,7.878270e+00,9.545658e-01,-1.762853e+00
9.217495e+00,1.018311e+01,1.372358e+01,8.617584e+00,8.449193e-01,-1.191495e+00
-1.608319e+01,-3.473186e+00,7.262381e+00,8.296891e+00,-6.076949e-01,-1.996338e-01
-3.185315e+01,-1.928929e+01,8.284614e+00,6.842571e+00,-2.213334e+00,-6.967462e-01
1.696337e+00,-3.210283e+00,1.657239e+01,2.227949e+00,1.296745e+00,-2.580625e-01
1.900657e+01,3.669712e+01,-3.931331e+00,-1.564935e+00,5.767377e+00,1.781324e+00
1.299429e+01,6.890768e-01,4.498367e+00,-4.161436e+00,6.351464e+00,2.461826e+00
-1.387098e+00,-1.179633e+01,1.056285e+01,-5.696035e-01,5.474179e+00,3.179139e+00
-7.773876e+00,7.529941e+00,2.062857e+01,-2.161028e+00,-2.322598e+00,-2.775295e+00
-5.985318e+00,2.819581e+01,1.477348e+01,-3.107035e+00,-1.307177e+00,-1.834157e-01
-3.062663e+00,2.719101e+00,6.210220e+00,-3.256962e+00,-6.973883e-01,-1.255432e+00
4.788261e-01,6.869852e+00,6.039804e+00,-1.354430e+00,2.042725e-01,-1.947234e-01
8.399249e+00,1.321847e+01,3.807678e+00,-1.508758e+00,1.689543e+00,2.435106e-01
5.455457e+00,1.024350e+01,3.399219e+00,-1.328783e+00,1.842915e+00,1.082694e-01
-1.067495e+00,7.506041e+00,3.199895e+00,-1.060985e+00,-1.687010e-01,-4.128651e-01
-2.512446e+00,9.752983e+00,2.070941e+00,-1.069582e+00,-1.250659e+00,-7.624338e-01
-1.551242e+00,8.517944e+00,4.510774e-01,-1.174548e+00,-1.336431e+00,-6.920578e-01
-1.367045e+00,7.542169e+00,5.935169e-01,-1.286907e+00,-1.095145e+00,-6.492551e-01
-3.421656e+00,7.870884e+00,4.074903e+00,-1.481339e+00,-1.036454e+00,-6.792416e-01
-1.322662e+00,8.597465e+00,3.826739e+00,-1.680212e+00,-1.045936e+00,-6.287011e-01
4.064572e+00,8.637841e+00,-2.514958e+00,-1.784447e+00,-6.310464e-01,-4.859417e-01
4.248966e+00,8.505528e+00,-1.184873e+00,-1.959965e+00,-4.585767e-01,-3.270512e-01
1.794997e+00,1.137997e+01,1.877404e+00,-2.671964e+00,-9.393045e-01,-2.815535e-01
6.794570e+00,1.142979e+01,2.021378e+00,-3.324175e+00,-1.397759e+00,-2.406477e-01
1.477499e+01,2.348936e+01,-6.402219e+00,-3.741575e+00,-1.343266e+00,-1.266206e-02
-2.195190e+00,1.930101e+01,8.916936e+00,-4.292077e+00,-1.901165e+00,1.640665e-01
-1.358217e+01,2.528610e+01,1.860219e+01,-4.952659e+00,-5.312337e+00,-2.689611e-01
-1.187939e+01,2.485494e+01,1.653924e+01,-5.163892e+00,-5.908289e+00,-5.651169e-01
7.393434e+00,4.157574e+00,1.121597e+01,-2.901835e+00,-2.088241e+00,4.098148e-01
1.290831e+01,1.220552e+01,6.167817e+00,-5.285523e-01,7.832748e-01,4.051830e-01
5.807046e+00,7.629184e+00,1.185248e+01,-6.431145e-01,1.830116e+00,-1.105132e-01
4.267466e+00,3.693384e+00,1.024980e+01,1.198587e+00,4.341179e-01,-9.703316e-01
3.445190e+00,4.616853e-02,9.192269e+00,3.802511e+00,-7.948366e-02,-1.640134e+00
2.003250e+00,3.076428e-01,9.843618e+00,4.922753e+00,1.870824e-01,-1.967188e+00
-1.381059e+00,1.684620e+00,1.173038e+01,5.762424e+00,3.560717e-01,-2.155180e+00
-1.184566e+00,2.148244e+00,1.449209e+01,6.370277e+00,6.005763e-01,-2.066202e+00
1.902210e+00,5.367571e+00,1.357100e+01,7.622813e+00,1.607784e+00,-1.809388e+00
6.960106e+00,8.665175e+00,1.404302e+01,8.435685e+00,2.130062e+00,-1.187857e+00
-1.020227e+00,-2.119226e+00,5.013645e+00,8.584579e+00,2.437216e+00,8.369235e-02
-1.629819e+01,-1.134529e+01,8.747692e+00,7.599159e+00,1.562430e+00,5.569792e-01
3.460305e+00,-1.257139e+01,7.897943e+00,3.594518e+00,1.651094e+00,-4.811288e-01
1.414989e+01,1.184513e+01,3.864771e+00,2.436890e-01,3.663718e+00,5.352278e-01
1.322809e+01,2.451128e+01,9.470826e+00,-3.875159e+00,3.311834e+00,9.438526e-01
-6.633151e+00,-1.424898e+01,1.344894e+01,-1.838828e+00,3.280291e+00,1.591866e+00
-1.782163e+00,7.289701e+00,1.707562e+01,-3.046090e+00,-1.005796e+00,-2.422536e+00
-2.119484e+00,2.357617e+01,1.497175e+01,-3.792749e+00,1.786485e-01,-2.169462e-01
-2.295471e+00,7.559442e+00,9.681362e+00,-3.140955e+00,5.041552e-01,-2.707253e-02
-2.008199e+00,5.615459e+00,7.323515e+00,-1.604159e+00,3.536137e-01,2.427116e-02
8.711934e+00,1.129094e+01,4.842762e+00,-1.022874e+00,1.667281e+00,4.924621e-01
7.569963e+00,1.194729e+01,3.109134e+00,-7.885433e-01,2.293138e+00,5.291619e-01
3.266369e+00,8.280514e+00,1.992350e+00,-8.022798e-01,1.164612e+00,1.270874e-01
1.932912e+00,9.357648e+00,1.072473e+00,-6.846309e-01,-1.601417e-01,-2.737311e-01
-1.903110e+00,8.646638e+00,1.584530e-01,-8.964302e-01,-1.079579e+00,-5.627051e-01
-5.225451e+00,6.534994e+00,5.781647e-01,-1.086402e+00,-1.536106e+00,-6.914874e-01
-5.133706e+00,6.983592e+00,2.429860e+00,-1.335762e+00,-1.887490e+00,-7.491398e-01
4.827467e-01,8.452995e+00,4.120749e+00,-1.510505e+00,-1.586609e+00,-6.022811e-01
5.584750e+00,9.031543e+00,2.082807e+00,-1.719961e+00,-3.728183e-01,-1.704701e-01
4.684536e+00,9.479045e+00,-5.456232e-01,-1.827752e+00,-7.332134e-02,-3.548097e-02
1.050634e+00,1.095839e+01,-3.078367e-01,-2.209779e+00,-7.197924e-01,-1.447453e-02
4.011450e-01,1.011200e+01,1.130103e+00,-2.698803e+00,-1.359898e+00,-4.269879e-02
9.708206e+00,1.370849e+01,-1.730238e+00,-3.283994e+00,-1.651242e+00,3.178441e-02
6.763383e+00,2.038221e+01,-3.494548e+00,-3.673626e+00,-1.314530e+00,4.186724e-01
-8.171302e+00,1.735061e+01,1.298177e+01,-4.355145e+00,-2.590615e+00,3.289025e-01
-9.381461e+00,2.462163e+01,1.648205e+01,-4.554191e+00,-3.987154e+00,-9.005932e-02
-8.159755e+00,1.248525e+01,1.717087e+01,-4.897660e+00,-3.695257e+00,6.078347e-02
2.603629e+00,1.310482e+00,1.603787e+01,-3.183924e+00,-1.858510e+00,4.967006e-01
9.506255e+00,1.166342e+01,7.730706e+00,-5.616798e-01,1.382541e+00,6.917576e-01
4.320496e+00,6.672729e+00,1.061477e+01,-7.248623e-01,1.792997e+00,4.116930e-01
2.137311e+00,3.080411e+00,7.827039e+00,1.509388e+00,6.951639e-01,-3.874979e-01
1.752056e+00,6.619861e-01,7.755157e+00,2.802185e+00,4.897193e-01,-6.864422e-01
2.669244e+00,6.931158e-01,9.326174e+00,4.403678e+00,9.371977e-01,-9.191805e-01
3.161653e+00,1.934142e+00,1.026378e+01,5.125790e+00,1.470799e+00,-1.237863e+00
2.984771e+00,3.077520e+00,1.290368e+01,6.200139e+00,1.755387e+00,-1.176469e+00
3.215575e+00,4.748411e+00,1.626943e+01,6.993682e+00,1.665040e+00,-1.165491e+00
4.639936e+00,8.976651e+00,1.341529e+01,8.156514e+00,1.433871e+00,-1.005005e+00
1.768095e-01,6.057451e+00,8.857158e+00,8.490306e+00,1.294650e+00,-5.018987e-01
-1.951189e+01,-8.971833e+00,7.562591e+00,7.507799e+00,4.768111e-01,-5.059404e-01
-6.255448e+00,-1.487921e+01,1.084281e+01,5.242497e+00,8.248328e-01,-6.071995e-01
9.619564e+00,2.184713e+01,-8.333491e-01,9.082447e-01,4.255279e+00,3.804112e-01
3.045497e+01,3.259393e+01,4.895614e-01,-2.417008e+00,4.774295e+00,1.306808e+00
2.626042e+00,-1.051543e+01,1.100251e+01,-2.192288e+00,4.521834e+00,2.166827e+00
-4.073763e+00,-6.674960e+00,1.373587e+01,-3.073479e+00,-2.811746e-02,-1.204452e+00
-5.994513e+00,2.345295e+01,1.386423e+01,-3.725960e+00,-1.364213e+00,-5.628967e-01
-7.017467e+00,1.697285e+01,1.177988e+01,-3.428325e+00,-1.259469e+00,-6.754603e-01
-5.185399e+00,4.628279e+00,6.018952e+00,-1.848129e+00,-6.835385e-01,-3.432945e-01
7.757710e+00,9.918474e+00,5.462629e+00,-1.074039e+00,8.474386e-01,2.832276e-01
1.089635e+01,1.150143e+01,3.058223e+00,-9.089074e-01,3.284334e+00,8.898471e-01
6.266569e+00,8.146938e+00,3.017243e+00,-9.912512e-01,2.216291e+00,4.361422e-01
-1.274759e+00,1.127329e+01,3.059965e+00,-9.115710e-01,-5.881527e-01,-3.298087e-01
-2.751828e+00,9.999948e+00,2.141787e+00,-1.066310e+00,-1.427105e+00,-5.309334e-01
-2.597610e+00,6.618207e+00,8.238996e-01,-1.081391e+00,-1.401124e+00,-5.030354e-01
-2.473208e+00,7.043293e+00,1.289795e+00,-1.162227e+00,-1.098087e+00,-3.247568e-01
1.280553e-01,6.625505e+00,2.428895e+00,-1.448890e+00,-8.229910e-01,-1.482713e-01
1.774772e+00,6.981287e+00,3.099461e+00,-1.636709e+00,-5.900417e-01,-7.090201e-02
3.905671e+00,9.923663e+00,1.826838e-01,-1.929784e+00,-2.558802e-01,6.720346e-02
4.657919e+00,8.925280e+00,-1.247259e+00,-2.183197e+00,-2.661225e-01,1.607736e-01
6.410388e+00,9.819134e+00,-5.707836e-01,-2.617546e+00,-6.398272e-01,2.293881e-01
9.013671e+00,1.355657e+01,-2.561735e+00,-2.989948e+00,-1.057816e+00,1.359896e-01
-2.015063e+00,1.941829e+01,6.226576e+00,-3.817089e+00,-1.888785e+00,1.475092e-01
-9.483256e+00,2.143145e+01,1.446957e+01,-4.394367e+00,-3.344978e+00,7.716576e-02
-1.138658e+01,2.392966e+01,1.549273e+01,-4.680179e+00,-5.200498e+00,-3.092695e-01
-5.735158e+00,7.720689e+00,1.798477e+01,-4.348215e+00,-3.705025e+00,4.529849e-02
5.858367e+00,8.060575e+00,8.845767e+00,-1.107918e+00,-2.974792e-01,4.246004e-01
6.364126e+00,1.123604e+01,8.066097e+00,-4.332836e-01,1.698330e+00,4.569147e-01
4.782155e+00,5.234681e+00,8.166419e+00,1.030718e+00,1.815271e+00,-1.051995e-01
4.287701e+00,2.476253e+00,7.120852e+00,2.750949e+00,1.451296e+00,-7.275723e-01
2.808422e+00,3.057468e+00,9.281615e+00,4.449842e+00,1.234871e+00,-1.032038e+00
1.889732e+00,3.054799e+00,1.089908e+01,5.116159e+00,1.227005e+00,-1.382584e+00
3.909245e+00,3.710090e+00,1.353798e+01,6.119661e+00,1.328072e+00,-1.356444e+00
5.183446e+00,5.012275e+00,1.445923e+01,6.867566e+00,1.640943e+00,-1.257271e+00
8.074803e+00,1.183541e+01,1.121418e+01,7.970639e+00,1.815651e+00,-9.400950e-01
1.675179e+00,4.773859e+00,7.087666e+00,8.199488e+00,1.368792e+00,-3.092497e-01
-1.197779e+01,-7.420009e+00,7.199096e+00,7.540413e+00,1.302169e-01,-1.063126e+00
-1.212242e+00,-1.579903e+01,1.279192e+00,5.450355e+00,2.304334e-01,-1.068649e+00
4.266282e+00,1.709458e+01,4.349334e+00,2.033672e+00,2.679221e+00,5.120451e-02
1.989171e+01,3.940557e+01,7.378382e-01,-1.313134e+00,2.818593e+00,6.173675e-01
7.528166e-01,-8.414668e+00,9.240644e+00,-3.528386e+00,2.220253e+00,9.482890e-01
2.834847e+00,-8.670931e+00,1.070000e+01,-2.593796e+00,1.131760e+00,6.079666e-01
-6.154840e+00,1.171689e+01,1.573945e+01,-3.635915e+00,-2.605943e-01,-3.945819e-03
-2.249320e+00,2.529660e+01,1.325987e+01,-3.349421e+00,-3.462353e-01,-1.706023e-02
-1.924142e+00,4.805920e+00,4.883947e+00,-2.478220e+00,-8.249751e-02,-4.537797e-01
-1.267970e+00,5.851560e+00,4.805230e+00,-1.345403e+00,5.087544e-01,2.504579e-01
7.347271e+00,1.376148e+01,5.876278e+00,-1.251966e+00,1.256649e+00,3.229695e-01
4.491467e+00,9.684154e+00,4.361915e+00,-1.284750e+00,1.650169e+00,4.453341e-01
9.292942e-01,9.294713e+00,3.649451e+00,-1.119236e+00,7.890350e-02,-4.619953e-03
-1.193319e-01,1.114924e+01,3.090820e+00,-1.093351e+00,-6.252384e-01,-1.997117e-01
-8.932604e-01,9.918442e+00,2.038813e+00,-1.186616e+00,-7.261453e-01,-1.127945e-01
-1.452617e+00,7.530351e+00,2.119267e+00,-1.102158e+00,-7.273242e-01,-2.523167e-01
-1.190001e+00,7.984054e+00,3.043603e+00,-1.174003e+00,-8.560669e-01,-1.617860e-01
1.905176e+00,7.867589e+00,3.705060e+00,-1.338871e+00,-8.234511e-01,-1.903603e-01
2.684454e+00,7.848474e+00,1.541279e+00,-1.441207e+00,-5.186042e-01,-7.149420e-02
1.381950e+00,8.995545e+00,-2.082084e+00,-1.545970e+00,-4.469074e-01,-3.024163e-02
2.278197e+00,9.570183e+00,-4.732397e-01,-2.073099e+00,-7.590106e-01,2.513610e-01
2.771613e+00,1.102273e+01,8.386022e-01,-2.494493e+00,-9.390768e-01,1.956207e-01
7.356776e+00,1.706184e+01,-4.524690e+00,-3.183356e+00,-1.282648e+00,3.368933e-01
1.572296e+00,1.751001e+01,-5.600343e-01,-3.515685e+00,-1.434823e+00,4.528564e-01
-7.452843e+00,2.030416e+01,1.383086e+01,-4.184253e+00,-2.848090e+00,3.723818e-01
-1.218801e+01,2.753058e+01,1.711486e+01,-4.571124e+00,-4.334796e+00,-1.102387e-01
-2.293145e-01,2.434656e+00,1.912822e+01,-4.229252e+00,-2.921283e+00,1.918728e-01
6.443543e+00,3.525084e+00,1.274035e+01,-2.223638e+00,-1.112629e+00,5.925465e-01
8.130361e+00,9.543342e+00,9.892791e+00,-7.985496e-01,1.936366e+00,7.392255e-01
4.717538e+00,6.369119e+00,9.788886e+00,-4.483349e-01,2.044479e+00,5.019271e-01
1.792830e+00,2.453674e+00,7.937224e+00,1.900480e+00,9.601837e-01,-4.200614e-01
1.689646e+00,-3.811742e-02,8.838164e+00,2.878125e+00,7.856328e-01,-5.723809e-01
3.812529e+00,4.233371e-01,8.992123e+00,4.420964e+00,1.258421e+00,-1.023152e+00
5.007737e+00,1.854642e+00,9.411490e+00,5.158315e+00,1.773647e+00,-1.187412e+00
6.038814e+00,3.711779e+00,1.263295e+01,6.225560e+00,2.028421e+00,-1.112397e+00
5.277912e+00,4.769386e+00,1.502280e+01,7.028530e+00,1.706660e+00,-1.089727e+00
5.832815e+00,1.118765e+01,1.240577e+01,8.114463e+00,9.734754e-01,-9.929769e-01
-2.783770e+00,8.408125e+00,7.384926e+00,8.580426e+00,5.905296e-01,-8.594969e-01
-1.509076e+01,-1.775327e+01,5.374720e+00,7.695738e+00,-2.151176e-01,-6.030739e-01
-3.404697e+00,-1.968489e+01,4.726193e-01,6.233421e+00,-6.099874e-02,-8.378209e-01
8.210531e+00,2.663317e+01,2.455472e+00,8.665857e-01,3.716967e+00,4.703936e-01
3.252572e+01,3.251400e+01,1.186560e-01,-2.878322e+00,3.815751e+00,1.080040e+00
-2.618502e+00,-1.129592e+01,9.431784e+00,-2.219498e+00,3.278546e+00,2.146682e+00
-1.505813e+00,-2.310054e+00,1.183485e+01,-1.337454e+00,3.956549e-01,-6.973926e-01
-9.838635e+00,2.364911e+01,1.416158e+01,-3.465538e+00,-7.220115e-01,2.293184e-01
-2.140713e+00,1.826246e+01,8.937508e+00,-3.407781e+00,-7.744313e-01,-2.155172e-01
-1.066477e+00,1.911817e+00,3.446591e+00,-2.143082e+00,2.158619e-01,-4.808227e-01
2.472254e+00,1.068213e+01,4.046162e+00,-1.122743e+00,7.961358e-01,3.590628e-01
8.340028e+00,1.191711e+01,2.750580e+00,-1.433148e+00,1.997145e+00,5.633083e-01
3.203798e+00,6.895010e+00,2.328253e+00,-1.331106e+00,1.956996e+00,4.908581e-01
-8.056729e-01,8.931346e+00,3.218884e+00,-1.301111e+00,-9.096504e-02,-2.438148e-01
-1.984962e+00,1.057750e+01,2.935515e+00,-1.379571e+00,-9.245287e-01,-4.576614e-01
-9.265176e-01,8.442153e+00,2.449941e+00,-1.575556e+00,-9.275992e-01,-3.469016e-01
4.080984e-01,9.032199e+00,2.967193e+00,-1.499776e+00,-6.604049e-01,-3.477778e-01
1.004608e+00,9.027986e+00,4.335339e+00,-1.637677e+00,-4.546039e-01,-2.666076e-01
1.126108e+00,8.635928e+00,5.034870e+00,-1.719296e+00,-4.722900e-01,-2.268023e-01
1.385211e+00,8.364078e+00,6.487991e-01,-1.739849e+00,-4.538522e-01,-8.897954e-02
3.101065e+00,1.004580e+01,-1.543221e+00,-1.875637e+00,-4.231857e-01,8.745636e-02
2.135983e+00,9.851360e+00,-4.584651e-01,-2.311035e+00,-5.204698e-01,2.263862e-01
3.667714e+00,1.146976e+01,9.088056e-01,-2.669318e+00,-8.588352e-01,1.263186e-01
8.510858e+00,1.841651e+01,-4.478820e+00,-3.489353e+00,-1.674256e+00,1.991260e-01
-1.181253e+00,1.873152e+01,3.759353e+00,-3.882766e+00,-1.739173e+00,3.140007e-01
-9.690346e+00,2.115009e+01,1.658881e+01,-4.597947e+00,-3.599505e+00,1.210883e-01
-1.056324e+01,2.678411e+01,1.604013e+01,-4.717384e+00,-5.059992e+00,-3.300629e-01
1.962525e+00,8.318091e-03,1.796433e+01,-3.869987e+00,-2.321377e+00,2.816002e-01
1.200071e+01,9.500883e+00,6.820637e+00,-1.104088e+00,-3.160472e-01,4.387978e-01
8.581974e+00,9.902435e+00,8.452253e+00,-6.457496e-01,1.765701e+00,-4.112947e-03
3.542368e+00,5.943822e+00,9.219373e+00,6.830264e-02,1.471685e+00,-4.735944e-01
2.190819e+00,1.270886e+00,7.869933e+00,2.673369e+00,3.169070e-01,-1.490264e+00
2.987345e+00,1.200686e+00,8.693844e+00,3.832469e+00,5.361914e-01,-1.564734e+00
3.622502e+00,3.169068e+00,1.031813e+01,4.844159e+00,1.290372e+00,-1.958521e+00
4.357222e+00,4.387593e+00,1.217335e+01,5.494932e+00,1.778681e+00,-1.934397e+00
4.703290e+00,4.052525e+00,1.672566e+01,6.825169e+00,2.018765e+00,-1.556669e+00
8.064028e+00,9.521428e+00,1.225386e+01,7.737638e+00,1.878326e+00,-1.250218e+00
1.476788e+00,3.349780e+00,6.411368e+00,8.458857e+00,1.358821e+00,-3.624341e-01
-1.196785e+01,-3.196715e+00,6.911609e+00,8.140205e+00,7.942698e-01,1.656160e-01
-1.397029e+00,-1.683594e+01,-7.647096e-01,5.792589e+00,2.000473e-01,-8.701931e-01
1.563984e+00,-2.117291e+00,8.241077e+00,3.128221e+00,2.081677e+00,-2.751334e-01
2.692419e+01,3.454876e+01,2.572759e+00,-2.586911e+00,2.993466e+00,9.443518e-01
-1.778525e+00,-6.724097e-01,5.244496e+00,-4.118981e+00,2.646369e+00,6.878053e-01
1.693642e+00,-7.416791e+00,1.035922e+01,-1.974105e+00,2.723156e-01,-6.683665e-01
-4.433336e+00,9.052663e+00,1.299280e+01,-3.348784e+00,-4.183231e-01,-1.318691e+00
-1.345667e+00,2.198293e+01,1.124400e+01,-3.506833e+00,9.051021e-02,1.318208e-01
-4.515861e+00,2.768622e+00,6.375692e+00,-3.188708e+00,-1.601817e-01,-7.219554e-01
1.574996e+00,9.564703e+00,6.298513e+00,-1.536147e+00,2.043655e-02,2.326051e-02
6.674456e+00,1.345869e+01,5.997150e+00,-1.601517e+00,1.004444e+00,3.332457e-01
5.085300e+00,7.945170e+00,3.232224e+00,-1.484594e+00,1.910232e+00,4.911041e-01
3.849073e+00,7.465771e+00,2.797243e+00,-1.402270e+00,1.242041e+00,2.549680e-01
1.150200e+00,1.043623e+01,2.845103e+00,-1.415700e+00,-2.910875e-01,-1.507526e-01
-1.721327e+00,9.051125e+00,3.545373e+00,-1.580517e+00,-8.075532e-01,-2.714789e-01
-4.013877e+00,7.197474e+00,4.840442e+00,-1.602024e+00,-1.330208e+00,-5.260848e-01
-2.176580e+00,7.283160e+00,5.397175e+00,-1.603002e+00,-1.450420e+00,-4.967139e-01
2.572641e+00,8.973000e+00,4.245078e+00,-1.548928e+00,-9.056900e-01,-3.650865e-01
1.841876e+00,8.116507e+00,2.032972e+00,-1.596275e+00,-5.512082e-01,-1.586264e-01
2.870522e+00,9.389119e+00,-5.824692e-01,-1.698724e+00,-6.840107e-01,1.529861e-02
4.490097e+00,1.040486e+01,-1.274505e+00,-1.917955e+00,-8.768068e-01,1.201401e-01
3.653219e+00,1.199486e+01,-3.478932e+00,-2.585186e+00,-1.245153e+00,-6.090141e-02
2.053931e+00,1.605406e+01,-3.113082e+00,-3.079094e+00,-1.769313e+00,5.571459e-02
-7.763966e+00,1.956205e+01,1.072415e+01,-3.823269e+00,-2.426148e+00,1.877111e-01
-8.345065e+00,2.518712e+01,1.546851e+01,-4.260367e+00,-3.093243e+00,1.376314e-01
-7.782320e+00,1.662141e+01,1.592507e+01,-4.653021e+00,-3.321461e+00,1.026101e-01
4.992418e+00,3.811892e+00,1.626857e+01,-3.490220e+00,-1.631904e+00,3.805665e-01
1.179578e+01,1.265948e+01,8.658874e+00,-9.103034e-01,9.543335e-01,5.088684e-01
8.234140e+00,8.155397e+00,1.012874e+01,-8.292669e-01,2.051439e+00,1.984242e-01
4.345307e+00,3.298791e+00,6.827555e+00,1.575735e+00,1.013044e+00,-6.472583e-01
4.444173e+00,1.264699e+00,7.621503e+00,2.790578e+00,5.589485e-01,-8.840819e-01
5.188185e+00,5.388307e-01,8.505262e+00,3.964818e+00,8.715264e-01,-1.011879e+00
5.117509e+00,2.805474e+00,9.942207e+00,4.844383e+00,1.401207e+00,-1.398725e+00
4.021803e+00,4.237010e+00,1.299636e+01,6.032629e+00,1.475641e+00,-1.330941e+00
4.368358e+00,4.103881e+00,1.500078e+01,6.766991e+00,1.201707e+00,-1.079702e+00
5.765702e+00,9.562755e+00,1.193501e+01,8.021853e+00,8.307509e-01,-8.133412e-01
-2.758898e-01,5.526599e+00,7.359196e+00,8.503465e+00,4.951862e-01,-3.986970e-01
-1.362139e+01,-7.445076e+00,1.011836e+01,7.621886e+00,-3.913832e-01,-1.088899e-01
-3.163794e+00,-1.640616e+01,1.268276e+00,5.903363e+00,-4.282422e-01,-5.231094e-01
3.941700e+00,1.584856e+01,2.814094e+00,2.517419e+00,1.567922e+00,4.513821e-03
2.570239e+01,3.771977e+01,-3.827859e+00,-1.262303e+00,2.426042e+00,9.551891e-01
-7.965513e+00,-9.781596e+00,1.150651e+01,-2.890339e+00,1.742665e+00,9.461532e-01
-2.706931e+00,-7.444440e+00,1.296557e+01,-2.277032e+00,-6.581323e-01,-4.329106e-01
-7.542446e+00,1.676567e+01,1.539095e+01,-3.422121e+00,-1.060307e+00,-9.292983e-01
-3.843320e+00,2.243163e+01,1.096564e+01,-3.579229e+00,-3.083513e-01,7.872092e-02
-5.939868e-01,2.264565e+00,5.158910e+00,-2.457436e+00,3.434939e-01,-1.984056e-01
2.391583e+00,6.868559e+00,5.231132e+00,-1.142176e+00,1.223939e+00,6.290210e-01
8.842099e+00,1.277981e+01,4.621761e+00,-1.245739e+00,2.229157e+00,6.588278e-01
3.847470e+00,8.754229e+00,3.493694e+00,-1.212338e+00,2.217682e+00,6.259715e-01
4.309543e-01,7.897964e+00,3.224621e+00,-1.129205e+00,2.240081e-01,-2.536365e-02
9.735207e-02,1.057093e+01,2.209856e+00,-1.103939e+00,-6.063121e-01,-2.990513e-01
-8.091645e-01,9.423829e+00,1.431647e+00,-1.227868e+00,-8.427288e-01,-2.964379e-01
-2.235765e+00,8.266425e+00,2.096641e+00,-1.301297e+00,-9.116392e-01,-3.203904e-01
-4.093972e-01,8.235818e+00,3.672303e+00,-1.437806e+00,-1.070816e+00,-3.674182e-01
2.691567e+00,8.337198e+00,3.838102e+00,-1.548510e+00,-9.265649e-01,-3.106939e-01
2.317590e+00,8.489377e+00,3.456512e-01,-1.661268e+00,-5.513720e-01,-9.408213e-02
1.640317e+00,9.579683e+00,-2.617407e+00,-1.795608e+00,-5.745012e-01,-5.856204e-02
5.904371e-01,9.868439e+00,-2.444084e-01,-2.421423e+00,-1.053758e+00,9.271591e-02
5.692852e+00,1.115590e+01,-8.053656e-01,-2.921017e+00,-1.358773e+00,5.206538e-02
9.835590e+00,2.145761e+01,-4.968398e+00,-3.567387e+00,-1.389757e+00,2.041617e-01
-5.975846e+00,1.756397e+01,1.185846e+01,-4.041879e+00,-1.496445e+00,3.243112e-01
-1.310615e+01,2.798705e+01,1.684759e+01,-4.770422e+00,-4.471708e+00,-4.072994e-02
-1.162364e+01,1.961930e+01,1.652789e+01,-4.841405e+00,-4.958604e+00,-2.898856e-01
5.301681e+00,3.350527e+00,1.321528e+01,-3.452424e+00,-2.083552e+00,3.511402e-01
1.192231e+01,1.165017e+01,7.300116e+00,-9.134268e-01,3.037124e-01,5.230021e-01
7.306188e+00,6.554195e+00,1.000327e+01,-2.005375e-01,2.312340e+00,1.361641e-01
4.620828e+00,1.751940e+00,7.853799e+00,1.543058e+00,1.561953e+00,-5.843888e-01
2.397145e+00,1.242640e+00,9.184735e+00,3.644056e+00,6.523108e-01,-1.160592e+00
1.209526e+00,2.608408e+00,1.087809e+01,4.569823e+00,5.523609e-01,-1.346182e+00
2.175818e+00,3.147915e+00,1.357823e+01,5.851896e+00,1.150908e+00,-1.794143e+00
3.990869e+00,3.657709e+00,1.484569e+01,6.798643e+00,1.540820e+00,-1.544994e+00
9.913835e+00,9.668827e+00,1.157347e+01,8.028589e+00,2.097138e+00,-1.163968e+00
5.487700e+00,7.237929e+00,8.755438e+00,8.570462e+00,2.051668e+00,-6.357050e-01
-1.471039e+01,-7.875316e+00,1.376199e+01,8.129517e+00,5.241711e-01,-2.477657e-01
-7.136789e+00,-1.319831e+01,-1.949459e+00,6.920320e+00,-3.145515e-02,-1.210491e+00
7.970808e-01,-5.024490e+00,6.211389e+00,3.685980e+00,2.013320e+00,-3.792685e-01
8.866934e+00,2.927622e+01,-8.591786e-01,6.630750e-01,3.534032e+00,1.078692e+00
-1.666355e+00,5.491101e+00,1.205979e+01,-3.646136e+00,3.140120e+00,9.686301e-01
1.058927e+00,-1.535817e+01,1.457981e+01,-3.349001e+00,2.032316e+00,1.502196e+00
-1.186594e+00,1.071670e+01,1.657575e+01,-3.727417e+00,-1.584171e+00,-2.289371e+00
-5.362074e+00,2.683655e+01,1.555426e+01,-3.619111e+00,-1.076788e+00,-6.445906e-01
-3.441911e+00,6.084466e+00,8.521169e+00,-2.863669e+00,-1.514555e-01,9.749514e-02
6.798226e+00,5.756086e+00,5.134428e+00,-1.561479e+00,4.673415e-01,8.455464e-02
1.144964e+01,1.156250e+01,5.640358e+00,-9.183181e-01,2.636241e+00,7.397565e-01
7.167245e+00,1.108931e+01,4.290201e+00,-9.335921e-01,2.659574e+00,5.706181e-01
-6.382300e-01,8.972584e+00,4.102686e+00,-9.697453e-01,1.719214e-01,-6.074934e-02
-1.813908e+00,9.943391e+00,3.148966e+00,-8.275082e-01,-1.245160e+00,-5.235152e-01
-1.999120e+00,8.422657e+00,9.445247e-01,-8.666642e-01,-1.650010e+00,-6.088939e-01
-3.339243e+00,7.247220e+00,6.491940e-01,-8.828210e-01,-1.435008e+00,-5.192888e-01
-3.760315e+00,7.438927e+00,2.235130e+00,-1.097792e+00,-1.270980e+00,-3.090229e-01
-7.239677e-02,8.386633e+00,3.881678e+00,-1.338282e+00,-1.055056e+00,-1.918957e-01
1.675902e+00,8.011701e+00,2.951564e+00,-1.495758e+00,-5.636166e-01,-4.646404e-02
2.749396e+00,8.279659e+00,1.021458e+00,-1.551444e+00,-3.776049e-01,2.796301e-02
6.005693e+00,1.032796e+01,-2.491504e+00,-1.732476e+00,-3.255556e-01,1.742695e-01
3.937341e+00,9.956094e+00,-1.308670e+00,-2.165298e+00,-7.083807e-01,1.439320e-01
5.240524e-01,1.236876e+01,-4.452086e-01,-2.863669e+00,-1.609441e+00,-5.624607e-02
-2.798507e+00,2.024546e+01,-1.225315e+00,-3.218365e+00,-1.892317e+00,1.286651e-01
-6.017357e+00,1.659768e+01,9.410804e+00,-3.913435e+00,-2.002994e+00,6.885276e-01
-4.320109e+00,2.295408e+01,1.284303e+01,-4.273915e+00,-2.120689e+00,6.158775e-01
1.552811e+00,1.755001e+01,1.357317e+01,-4.411250e+00,-1.322827e+00,7.290750e-01
8.939818e+00,3.096942e+00,1.306655e+01,-2.548565e+00,-1.504360e-01,5.814596e-01
9.413071e+00,1.280128e+01,5.970688e+00,-1.093137e+00,2.845598e-01,-7.086361e-02
1.840158e+00,7.749712e+00,1.204217e+01,-5.948532e-01,-2.297129e-01,-7.134343e-01
-8.025296e-01,2.406458e+00,9.185848e+00,2.087369e+00,-1.263806e+00,-1.738696e+00
-5.668291e-02,1.298385e+00,9.919408e+00,3.425607e+00,-6.399314e-01,-1.906898e+00
6.291067e-01,3.045585e+00,1.100903e+01,4.929267e+00,6.484175e-01,-1.884332e+00
1.631277e+00,2.329836e+00,1.199937e+01,5.804084e+00,1.469022e+00,-1.560869e+00
3.604773e+00,3.285776e+00,1.570594e+01,7.297879e+00,2.372913e+00,-1.024886e+00
5.693717e+00,4.791355e+00,1.242362e+01,7.977005e+00,2.642001e+00,-3.920380e-01
5.482266e+00,7.514724e+00,8.784115e+00,8.596855e+00,2.653464e+00,2.900000e-01
-1.947958e+00,1.487412e+00,5.542748e+00,8.222958e+00,2.471231e+00,5.004835e-01
-7.832272e+00,-1.192803e+01,7.430896e-01,5.540418e+00,1.462928e+00,-6.244214e-02
3.491810e+00,-1.136356e+01,3.891027e+00,3.205412e+00,2.416045e+00,-1.459806e-01
1.104772e+01,2.305398e+01,-3.195312e+00,-1.116252e+00,2.946932e+00,8.957475e-01
9.799929e+00,2.950550e+01,1.009997e+01,-3.498366e+00,1.966943e+00,1.676035e-01
-3.711377e+00,-1.312683e+01,1.589959e+01,-3.458531e+00,-7.379490e-01,-2.113425e-01
-7.578361e+00,-1.660270e+00,1.752984e+01,-3.454766e+00,-1.601251e+00,-2.561251e+00
-8.032337e+00,2.719849e+01,1.443515e+01,-3.543685e+00,-5.319526e-01,2.721183e-02
-4.074512e+00,9.634448e+00,9.154500e+00,-2.659615e+00,-1.090288e-02,1.271288e-01
2.766076e+00,3.754847e+00,3.856871e+00,-5.119172e-01,1.779543e+00,5.384042e-01
1.427626e+01,1.168571e+01,3.933552e+00,-4.760505e-01,2.901131e+00,8.199056e-01
5.791251e+00,1.104498e+01,3.731615e+00,-7.377756e-01,2.267428e+00,4.533377e-01
1.257043e+00,8.108880e+00,2.991459e+00,-7.940005e-01,2.289351e-01,3.929320e-02
-8.915041e-01,1.035386e+01,4.308855e-01,-6.288248e-01,-1.546268e+00,-6.366191e-01
-3.272104e+00,8.248566e+00,-9.949827e-01,-7.552114e-01,-1.494204e+00,-5.312946e-01
-5.992659e+00,6.223663e+00,7.756443e-01,-9.765015e-01,-1.381133e+00,-4.675931e-01
-4.374274e+00,6.764152e+00,2.664538e+00,-1.182746e+00,-1.134949e+00,-3.263446e-01
3.084948e+00,1.050638e+01,5.729745e+00,-1.539139e+00,1.537739e-02,8.710562e-02
4.353697e+00,1.035503e+01,3.874569e+00,-1.616582e+00,4.773405e-01,2.380441e-01
4.225767e+00,7.904705e+00,-1.265457e+00,-1.615964e+00,2.561303e-01,2.411013e-01
3.162651e+00,9.915639e+00,-2.475582e+00,-1.759899e+00,-7.699188e-02,2.372327e-01
2.040733e+00,1.018626e+01,-2.646564e-01,-2.527511e+00,-8.215014e-01,2.315376e-01
4.899126e+00,1.153948e+01,6.877006e-01,-2.954525e+00,-1.154483e+00,1.919800e-01
8.239232e+00,2.019982e+01,-5.069632e+00,-3.643013e+00,-1.259989e+00,5.638810e-01
-3.079407e+00,1.567939e+01,5.362676e+00,-4.141602e+00,-1.844431e+00,6.888280e-01
-9.111452e+00,2.321610e+01,1.564739e+01,-4.563713e+00,-4.272997e+00,8.319753e-02
-1.146093e+01,2.248614e+01,1.580375e+01,-4.594658e+00,-3.878048e+00,1.592335e-01
3.020603e+00,3.515205e+00,1.268549e+01,-2.831427e+00,-1.584043e+00,6.951188e-01
7.413826e+00,1.092535e+01,8.623415e+00,-8.004004e-01,8.862050e-01,9.436455e-01
3.960636e+00,7.698402e+00,1.135617e+01,-3.812374e-01,1.847764e+00,8.383945e-01
3.028050e+00,5.281346e+00,1.003602e+01,1.353578e+00,1.329253e+00,2.889974e-01
2.720588e+00,7.147847e-01,9.020352e+00,3.618855e+00,1.105294e+00,-8.055448e-02
2.555323e+00,-2.004827e-01,1.023839e+01,4.438336e+00,1.103692e+00,-1.889564e-01
1.857143e+00,1.954285e+00,1.145190e+01,5.701067e+00,1.377936e+00,-7.852307e-01
2.485194e+00,1.444412e+00,1.384415e+01,6.365023e+00,1.472850e+00,-8.264079e-01
3.035164e+00,5.187457e+00,1.358000e+01,7.493447e+00,1.549495e+00,-9.475416e-01
3.022339e+00,8.415951e+00,1.323587e+01,8.032949e+00,1.546788e+00,-8.617379e-01
-2.212485e+00,6.063439e+00,7.490751e+00,8.160664e+00,1.591694e+00,-3.641339e-01
-1.360892e+01,-4.459860e+00,5.021418e+00,7.132963e+00,1.535760e+00,-4.134841e-01
3.939485e+00,-1.019333e+01,2.057739e+00,4.374963e+00,2.451389e+00,-7.783206e-01
4.855154e+00,1.995969e+00,2.562329e+00,2.020377e+00,3.823524e+00,-1.155552e-01
1.977994e+01,2.990204e+01,5.408712e+00,-2.574468e+00,2.994137e+00,4.963104e-01
4.476179e+00,-2.492595e+00,1.361293e+01,-3.072974e+00,3.701603e+00,1.553054e+00
-4.946188e+00,-6.543224e+00,1.413604e+01,-3.944054e+00,-7.404841e-02,-1.410190e+00
-1.331798e+00,1.781641e+01,1.348279e+01,-3.423090e+00,-7.224553e-01,-1.154333e+00
-1.012653e+01,1.353474e+01,1.002515e+01,-2.901228e+00,-1.410816e+00,-3.475576e-01
-9.277084e+00,5.180973e+00,6.976550e+00,-1.828866e+00,-1.126716e+00,-5.198194e-01
7.265305e+00,9.184223e+00,5.420314e+00,-9.713397e-01,1.702895e+00,6.407851e-01
1.155276e+01,1.220736e+01,3.890772e+00,-8.655556e-01,3.123291e+00,9.659890e-01
6.073389e+00,8.527320e+00,3.401786e+00,-9.713472e-01,1.757652e+00,4.140063e-01
1.351472e+00,1.043613e+01,3.271637e+00,-8.429145e-01,6.535702e-02,-1.084795e-02
-2.282405e+00,9.693934e+00,2.726266e+00,-9.011732e-01,-1.117982e+00,-4.022111e-01
-4.639558e+00,8.234052e+00,2.113195e+00,-8.757224e-01,-1.181951e+00,-4.228844e-01
-3.132079e+00,7.234265e+00,2.549646e+00,-9.666388e-01,-8.821391e-01,-3.122871e-01
-2.403839e-01,7.406208e+00,4.264718e+00,-1.092495e+00,-4.620338e-01,-2.042274e-01
2.851106e+00,8.671945e+00,5.060000e+00,-1.259286e+00,7.755828e-02,3.098307e-02
2.977827e+00,9.661615e+00,2.453356e+00,-1.297857e+00,2.514805e-01,1.248403e-01
3.338830e+00,8.842726e+00,-2.528570e+00,-1.481095e+00,1.152018e-01,2.978097e-01
4.537275e+00,1.083767e+01,-3.049544e+00,-1.721466e+00,-5.814953e-02,3.626107e-01
3.771165e+00,1.073530e+01,7.105560e-01,-2.509038e+00,-6.385195e-01,2.441351e-01
1.111608e+01,1.373448e+01,-3.281891e+00,-2.926156e+00,-1.126584e+00,1.034420e-01
6.172706e+00,1.835591e+01,-2.341423e+00,-3.713321e+00,-1.613007e+00,4.036948e-01
-5.442656e+00,1.565687e+01,1.265345e+01,-4.277661e+00,-2.972410e+00,3.860658e-01
-1.410042e+01,2.726085e+01,1.792489e+01,-4.518263e+00,-5.248485e+00,-2.107376e-01
-1.006847e+01,1.711980e+01,1.530899e+01,-4.499370e+00,-4.101528e+00,-2.133228e-01
5.052854e+00,2.298051e+00,1.223287e+01,-1.217743e+00,-2.203726e-01,9.116057e-01
7.273762e+00,1.076789e+01,9.187981e+00,-4.680005e-01,1.710262e+00,8.435937e-01
3.867233e+00,6.184164e+00,9.172810e+00,-9.766944e-02,1.879437e+00,5.078880e-01
2.948703e+00,3.223280e+00,7.704955e+00,1.737923e+00,1.231482e+00,-1.751192e-01
2.597319e+00,2.835608e-01,8.198549e+00,3.605137e+00,1.005506e+00,-6.056019e-01
3.136218e+00,5.738561e-01,9.114013e+00,4.321678e+00,1.120262e+00,-8.419010e-01
2.430819e+00,3.688977e+00,1.043839e+01,5.445050e+00,1.522591e+00,-1.349375e+00
2.250085e+00,4.101381e+00,1.368595e+01,6.025707e+00,1.485649e+00,-1.320455e+00
3.401160e+00,7.125815e+00,1.351313e+01,7.118249e+00,1.527849e+00,-1.405633e+00
5.130995e+00,9.022901e+00,1.272542e+01,7.759412e+00,1.609699e+00,-1.113523e+00
-5.418829e+00,1.266287e+00,6.372067e+00,7.926497e+00,1.701665e+00,-4.731584e-01
-1.539683e+01,-4.668839e+00,6.094030e+00,6.934720e+00,1.201010e+00,-5.858959e-01
3.718900e+00,-1.080591e+01,4.649041e+00,4.041624e+00,1.867497e+00,-6.343633e-01
6.410352e+00,1.725506e+01,1.198152e+00,1.683332e+00,3.668702e+00,1.057367e-02
1.557483e+01,1.317850e+01,4.072389e+00,-2.864322e+00,3.147389e+00,6.010745e-01
5.749195e+00,-5.083625e+00,9.206298e+00,-2.150491e+00,3.551521e+00,1.824735e+00
-7.571834e+00,3.296404e+00,1.409815e+01,-3.391147e+00,-5.023468e-02,-1.420563e+00
-6.998954e+00,1.558614e+01,1.289070e+01,-3.469691e+00,-5.413243e-01,-1.965460e-01
-5.348453e+00,1.002381e+01,7.247956e+00,-2.815690e+00,-1.269202e+00,-9.071563e-01
-7.139726e+00,4.448527e+00,4.595616e+00,-1.859236e+00,-9.122391e-01,-5.573790e-01
5.482037e+00,1.153458e+01,5.945997e+00,-1.169802e+00,1.467940e+00,5.429491e-01
1.130417e+01,1.180713e+01,4.348337e+00,-1.134347e+00,2.828880e+00,8.161150e-01
4.519775e+00,6.665375e+00,4.047940e+00,-1.086078e+00,2.230958e+00,5.673513e-01
3.073719e+00,8.947595e+00,3.471361e+00,-9.735168e-01,5.449520e-01,-5.789458e-02
-2.929281e-01,1.074467e+01,2.106784e+00,-1.236434e+00,-8.581137e-01,-3.091086e-01
-2.974448e+00,9.152806e+00,2.562880e+00,-1.277920e+00,-1.170681e+00,-4.502960e-01
-3.400346e+00,8.558362e+00,4.248677e+00,-1.244982e+00,-1.283028e+00,-4.447252e-01
-1.162629e-01,8.590000e+00,5.157127e+00,-1.276503e+00,-1.025810e+00,-3.626402e-01
3.773760e+00,9.243642e+00,2.678044e+00,-1.295117e+00,-3.890836e-01,-9.869581e-02
2.134601e+00,8.507128e+00,-2.279235e-01,-1.333400e+00,-1.472825e-01,7.404447e-02
1.544391e+00,1.007478e+01,-3.561611e+00,-1.681567e+00,-4.408324e-01,2.769043e-01
7.289642e-01,9.535332e+00,-9.301464e-01,-2.052109e+00,-7.392022e-01,2.735697e-01
3.269216e+00,1.214879e+01,7.822045e-01,-2.948186e+00,-1.446308e+00,6.337848e-02
5.216134e+00,1.653734e+01,-3.523558e+00,-3.328477e+00,-1.584564e+00,1.609237e-01
-3.255412e-01,1.440563e+01,5.286032e+00,-3.932222e+00,-1.699146e+00,4.674661e-01
-1.159115e+00,1.710403e+01,1.286288e+01,-4.345545e+00,-2.788122e+00,1.149918e-01
-8.053648e+00,2.501790e+01,1.689092e+01,-4.597317e+00,-3.644151e+00,-5.232529e-01
-5.704509e-01,3.582936e+00,1.703380e+01,-3.995599e+00,-2.952796e+00,-8.286022e-01
7.248981e+00,1.033074e+01,7.771590e+00,-1.379100e+00,-9.713614e-01,-5.692476e-01
5.232869e+00,9.860916e+00,9.488394e+00,-1.343579e+00,5.760030e-01,-6.114910e-01
8.223572e-01,4.228567e+00,8.908259e+00,6.542231e-01,7.184260e-01,-1.033224e+00
1.137678e+00,2.407285e+00,7.959926e+00,2.070757e+00,8.269995e-01,-1.153789e+00
2.870522e+00,2.207943e+00,9.356678e+00,3.612344e+00,1.926116e+00,-1.194504e+00
4.976490e+00,2.978297e+00,9.457294e+00,4.240202e+00,2.546541e+00,-1.216779e+00
6.760414e+00,3.586672e+00,1.124733e+01,5.619903e+00,3.120010e+00,-7.800224e-01
7.372742e+00,3.387605e+00,1.335603e+01,6.427874e+00,2.881122e+00,-5.544472e-01
9.999259e+00,7.240721e+00,1.205610e+01,7.717535e+00,1.703603e+00,-1.977659e-01
5.979904e+00,7.053771e+00,1.029505e+01,8.163121e+00,9.189232e-01,4.103462e-02
-9.658558e+00,1.063217e-01,5.860096e+00,7.851073e+00,-4.847928e-01,-3.072362e-02
-1.743291e+01,-1.149496e+01,1.075971e+01,6.517160e+00,-1.197492e+00,-9.796038e-01
2.657916e+00,-7.800668e+00,7.718021e+00,2.415565e+00,1.563727e+00,-4.446075e-01
1.023040e+01,3.060431e+01,-1.111493e+00,-5.049354e-01,3.391581e+00,9.782341e-01
8.264004e+00,4.742015e+00,5.431781e+00,-3.598909e+00,3.400138e+00,9.968151e-01
2.926521e-01,-8.877710e+00,9.806573e+00,-1.681869e+00,3.615764e+00,2.447369e+00
-9.439397e+00,6.604271e+00,1.526030e+01,-3.080315e+00,-1.165021e+00,-1.544829e+00
-6.428636e+00,2.303236e+01,1.127250e+01,-3.702316e+00,-1.194426e+00,-1.064395e-01
-4.496393e+00,4.314713e+00,5.742418e+00,-2.411135e+00,-5.682640e-01,-3.901948e-01
-4.276927e+00,5.399857e+00,5.555794e+00,-1.401826e+00,2.214299e-01,1.473253e-01
1.034958e+01,1.295154e+01,4.703065e+00,-1.361834e+00,1.825155e+00,7.377413e-01
8.316089e+00,1.047945e+01,3.896880e+00,-1.274798e+00,2.633885e+00,8.317866e-01
1.057371e+00,8.447963e+00,4.322565e+00,-1.214934e+00,5.856508e-01,7.085706e-02
-1.551138e+00,1.048644e+01,4.345382e+00,-1.166150e+00,-5.511165e-01,-2.630245e-01
-1.742294e+00,9.568500e+00,3.104736e+00,-1.206999e+00,-1.015292e+00,-2.712143e-01
-1.630102e+00,8.638606e+00,2.731189e+00,-1.082028e+00,-9.172168e-01,-3.221204e-01
-5.992540e-02,8.207915e+00,3.578203e+00,-1.111027e+00,-6.707470e-01,-2.409269e-01
3.067850e+00,9.288595e+00,4.159988e+00,-1.194894e+00,-4.764063e-01,-1.406021e-01
3.171222e+00,9.028665e+00,1.048392e+00,-1.321392e+00,-1.969103e-01,4.117358e-02
1.698317e+00,7.836470e+00,-1.507633e-01,-1.416843e+00,-3.381322e-01,4.269483e-02
1.568461e+00,1.090282e+01,-2.147696e+00,-1.827543e+00,-9.218937e-01,1.236779e-01
-1.774932e-02,1.031186e+01,-7.147747e-01,-2.256582e+00,-1.132715e+00,1.624178e-01
3.940058e+00,1.185706e+01,1.562316e-01,-2.908570e+00,-1.586680e+00,7.139590e-02
8.238781e+00,1.674779e+01,-5.888288e+00,-3.284227e+00,-1.588292e+00,3.764293e-01
-2.381076e+00,1.567735e+01,6.922197e+00,-3.898951e+00,-1.794187e+00,5.519514e-01
-5.292814e+00,2.146312e+01,1.362626e+01,-4.308062e+00,-3.444912e+00,3.445642e-01
-1.024369e+01,2.145491e+01,1.590493e+01,-4.628400e+00,-3.680484e+00,-4.150026e-02
-8.615833e-01,4.911655e+00,1.813642e+01,-3.955273e+00,-2.637780e+00,-1.216886e-01
1.097388e+01,1.105782e+01,8.622468e+00,-9.222628e-01,9.136241e-01,5.103058e-01
6.178445e+00,8.330962e+00,1.067748e+01,-1.172618e+00,1.739961e+00,1.070257e-01
2.496985e+00,4.383444e+00,8.820574e+00,9.726211e-01,6.884812e-01,-8.053113e-01
2.108100e+00,1.823853e+00,7.975240e+00,2.118422e+00,3.990116e-01,-1.154504e+00
2.952222e+00,1.029363e+00,9.292532e+00,3.920305e+00,8.944790e-01,-1.649391e+00
3.944457e+00,1.849065e+00,9.226919e+00,4.603236e+00,1.401446e+00,-1.843894e+00
4.791771e+00,3.919873e+00,1.113548e+01,5.701074e+00,1.842737e+00,-1.923333e+00
4.467706e+00,3.674986e+00,1.549897e+01,6.461461e+00,1.764103e+00,-1.665156e+00
6.954195e+00,7.483319e+00,1.367045e+01,7.786708e+00,1.355509e+00,-1.437952e+00
5.461098e+00,9.551096e+00,1.292055e+01,8.300484e+00,1.208713e+00,-1.121307e+00
-1.609828e+01,-7.997784e-01,7.347670e+00,7.791437e+00,3.052983e-01,-5.569858e-01
-1.337414e+01,-1.409364e+01,4.950875e+00,6.698341e+00,-9.277555e-02,-8.600975e-01
2.342416e+00,-1.321928e+01,8.215796e+00,2.716269e+00,3.103156e+00,-2.442470e-01
2.421628e+01,3.832400e+01,1.086163e+00,-9.446719e-01,4.723953e+00,1.102492e+00
1.137057e+01,8.798445e+00,4.764671e+00,-3.998523e+00,4.104298e+00,1.213020e+00
-1.798925e+00,-9.244888e+00,1.140584e+01,-1.509038e+00,3.471707e+00,2.458803e+00
-6.530227e+00,9.854613e+00,1.347768e+01,-3.437125e+00,-4.262866e-01,-1.217707e+00
-3.792506e+00,1.999166e+01,1.064824e+01,-3.648773e+00,-3.327542e-01,1.791252e-02
-3.561188e+00,6.770902e+00,6.872162e+00,-2.528605e+00,-4.048085e-01,-5.738812e-01
-4.248322e+00,6.319025e+00,5.131437e+00,-1.538898e+00,1.391219e-01,-9.105488e-02
7.314814e+00,1.207610e+01,4.503330e+00,-1.192990e+00,1.826769e+00,5.119247e-01
7.202741e+00,1.013116e+01,3.711071e+00,-1.092233e+00,2.521537e+00,5.886333e-01
2.756691e+00,7.787657e+00,3.918592e+00,-1.071324e+00,9.622730e-01,3.499938e-02
1.838372e+00,1.094814e+01,3.037361e+00,-1.040060e+00,-1.862409e-01,-3.366351e-01
-7.221417e-01,1.058574e+01,2.233074e+00,-1.272453e+00,-9.795831e-01,-4.211120e-01
-3.237359e+00,8.878537e+00,2.092831e+00,-1.258204e+00,-1.275288e+00,-5.189682e-01
-7.459047e-01,7.874815e+00,2.546914e+00,-1.292153e+00,-1.365217e+00,-5.076245e-01
8.333516e-01,8.502507e+00,2.294113e+00,-1.347544e+00,-1.141725e+00,-4.168155e-01
8.264726e-01,8.305731e+00,-1.479724e+00,-1.560032e+00,-7.721431e-01,-1.223110e-01
1.504835e+00,9.330220e+00,-2.513077e+00,-1.785682e+00,-7.137013e-01,-3.072766e-02
2.058638e+00,8.930000e+00,-5.603027e-01,-2.475840e+00,-9.554583e-01,7.332584e-02
3.485596e+00,1.111785e+01,1.315151e+00,-2.899266e+00,-1.091310e+00,7.145741e-02
7.219679e+00,1.825241e+01,-3.819893e+00,-3.563898e+00,-1.187931e+00,2.793802e-01
3.441831e+00,1.751582e+01,2.054880e-01,-3.849049e+00,-1.264670e+00,4.083657e-01
-3.498532e+00,2.240684e+01,1.477397e+01,-4.611014e+00,-3.158827e+00,-7.490201e-02
-4.452941e+00,2.460534e+01,1.478405e+01,-4.928069e+00,-4.176800e+00,-5.031098e-01
1.970312e+00,5.052575e+00,1.502671e+01,-3.741099e+00,-2.575982e+00,-2.963842e-01
9.263180e+00,9.139429e+00,6.627331e+00,-1.430174e+00,-1.404440e+00,-5.278939e-01
2.547476e+00,7.485546e+00,9.909154e+00,-9.642086e-01,1.696794e-01,-9.478165e-01
7.463701e-01,5.980244e+00,9.429961e+00,1.898867e-01,-1.187756e-01,-1.393608e+00
1.640169e+00,2.023630e+00,7.382348e+00,2.713555e+00,2.406821e-03,-2.005325e+00
2.524215e+00,1.792704e+00,9.302707e+00,3.817246e+00,7.374544e-01,-1.886492e+00
3.005773e+00,3.391878e+00,1.059148e+01,4.907408e+00,1.683314e+00,-1.907913e+00
4.012463e+00,4.110059e+00,1.261701e+01,5.636177e+00,2.051692e+00,-1.681729e+00
6.810583e+00,5.097681e+00,1.228798e+01,7.006238e+00,2.325256e+00,-1.198301e+00
1.113255e+01,8.077189e+00,1.290823e+01,7.800329e+00,2.060723e+00,-8.323217e-01
5.490880e-01,2.702987e+00,5.908818e+00,8.197226e+00,1.325524e+00,4.563542e-02
-2.011331e+01,-5.648430e+00,9.498815e+00,7.614354e+00,-1.347525e-01,-1.130782e-01
-5.901152e+00,-1.377512e+01,4.976337e+00,4.676946e+00,-6.049968e-01,-1.224560e+00
1.493235e+00,9.564821e+00,3.474217e+00,1.881954e+00,2.116682e+00,-2.636157e-01
1.505870e+01,2.376504e+01,6.931235e+00,-2.939291e+00,3.658607e+00,1.358309e+00
3.476842e+00,-6.339482e+00,8.597781e+00,-2.532396e+00,3.967929e+00,1.516177e+00
-4.927450e-01,-1.601765e+00,1.258130e+01,-2.449991e+00,5.754249e-01,-1.665785e+00
-4.497342e+00,2.221851e+01,1.372676e+01,-2.891165e+00,2.334936e-01,-2.897796e-01
-4.431369e+00,8.430538e+00,6.461573e+00,-2.744057e+00,-7.811107e-01,-5.107080e-01
-4.785207e+00,2.704447e+00,4.560183e+00,-1.908439e+00,-8.147420e-01,-4.850151e-01
4.383527e+00,1.191342e+01,4.380931e+00,-9.621361e-01,9.385504e-01,3.198401e-01
8.214559e+00,1.180098e+01,2.819936e+00,-1.095687e+00,2.084625e+00,6.431426e-01
3.861634e+00,6.813840e+00,1.185133e+00,-1.011129e+00,1.427558e+00,4.038264e-01
6.270378e-01,8.104250e+00,9.519458e-01,-9.798865e-01,8.081420e-02,-1.099720e-01
-3.399788e+00,9.344230e+00,9.465415e-01,-1.272922e+00,-1.239817e+00,-4.061147e-01
-5.100159e+00,8.081210e+00,1.989777e+00,-1.450547e+00,-1.410521e+00,-4.000258e-01
-7.067451e-02,8.733033e+00,4.875182e+00,-1.557682e+00,-1.100509e+00,-3.507899e-01
3.889586e+00,9.637029e+00,5.077742e+00,-1.622366e+00,-5.173057e-01,-1.956410e-01
4.187802e+00,9.237933e+00,2.891868e+00,-1.656394e+00,1.555357e-01,8.656949e-02
3.236310e-01,9.164713e+00,-1.445477e+00,-1.722929e+00,-1.084474e-01,1.320960e-01
3.147299e-01,1.202583e+01,-8.508171e-01,-2.034132e+00,-7.871874e-01,1.885793e-01
1.035068e+00,1.099972e+01,1.532393e+00,-2.532068e+00,-1.018572e+00,2.418746e-01
1.034248e+01,1.481350e+01,-1.852099e+00,-3.236140e+00,-1.102545e+00,3.458879e-01
8.941272e+00,1.902401e+01,-5.751027e+00,-3.571868e+00,-9.054028e-01,6.675906e-01
-3.433466e+00,1.336591e+01,9.832707e+00,-4.165258e+00,-1.961500e+00,7.489804e-01
-1.011106e+01,2.275458e+01,1.627940e+01,-4.438099e+00,-4.137225e+00,9.971691e-02
-1.117534e+01,2.234165e+01,1.701808e+01,-4.462398e+00,-4.532425e+00,-2.767966e-01
-1.425325e+00,-5.641164e-01,1.667555e+01,-3.371277e+00,-2.597294e+00,2.130823e-02
5.950399e+00,1.062461e+01,7.929467e+00,-2.628892e-01,9.796858e-01,6.853887e-01
4.918315e+00,8.737447e+00,9.507436e+00,-5.631634e-01,1.794940e+00,5.343480e-01
3.417023e+00,3.693909e+00,8.119798e+00,1.688633e+00,1.286333e+00,-2.030518e-01
3.397756e+00,6.488779e-01,7.913895e+00,3.105482e+00,1.009330e+00,-4.350252e-01
3.597194e+00,2.141110e+00,1.020713e+01,4.594846e+00,1.141900e+00,-9.335371e-01
2.816713e+00,2.971049e+00,1.122713e+01,5.081821e+00,1.371732e+00,-1.248565e+00
2.794174e+00,3.887009e+00,1.490214e+01,6.378310e+00,1.372883e+00,-1.452845e+00
4.069740e+00,5.842201e+00,1.509891e+01,7.063645e+00,1.461402e+00,-1.492117e+00
8.489572e+00,9.477378e+00,1.243322e+01,8.170123e+00,1.550719e+00,-1.247794e+00
-3.815101e-01,9.576628e-01,6.638403e+00,8.328518e+00,1.460176e+00,-7.597761e-01
-1.422302e+01,-1.247608e+01,1.315529e+01,6.664970e+00,-1.800906e-01,-1.234150e+00
-4.959949e+00,-1.181064e+01,4.762082e+00,4.652723e+00,-2.086750e-01,-1.249565e+00
1.387083e+01,3.305990e+01,2.069638e-01,-9.967390e-02,2.902125e+00,1.993386e-01
2.186844e+01,2.060934e+01,2.532829e+00,-2.859544e+00,3.393963e+00,9.067356e-01
7.282465e+00,-4.700296e+00,8.227557e+00,-1.900306e+00,3.646399e+00,1.852190e+00
-5.112396e+00,4.092965e+00,1.246994e+01,-2.880377e+00,1.567318e+00,-5.794672e-01
-3.640953e+00,2.213829e+01,1.119509e+01,-3.183105e+00,-1.833843e-01,-6.918926e-02
-3.471602e+00,1.000797e+01,5.937478e+00,-2.872920e+00,-1.204131e+00,-8.420348e-01
-6.980622e+00,5.435581e+00,4.613268e+00,-1.214467e+00,-4.356285e-01,-2.957922e-01
-1.334453e+00,1.138219e+01,5.861834e+00,-1.270485e+00,6.064258e-01,2.760798e-01
8.715660e+00,9.311070e+00,2.722578e+00,-1.221208e+00,3.042737e+00,8.537980e-01
6.304203e+00,6.285560e+00,2.075266e+00,-1.116364e+00,3.014144e+00,8.211720e-01
2.594520e+00,1.176865e+01,3.160092e+00,-1.038047e+00,7.398324e-01,-7.033327e-02
-2.105617e-01,1.180866e+01,3.588433e+00,-1.231435e+00,-7.052003e-02,-1.754113e-01
-1.026365e+00,1.080137e+01,3.912413e+00,-1.310099e+00,-8.402494e-01,-4.727534e-01
1.084085e+00,1.119714e+01,3.443961e+00,-1.277393e+00,-9.513789e-01,-5.128131e-01
1.333668e+00,6.446882e+00,1.789813e+00,-1.369351e+00,-8.354111e-01,-3.831836e-01
1.345020e+00,8.430207e+00,-3.603783e-01,-1.392210e+00,-8.680719e-01,-2.996530e-01
1.653431e+00,9.703663e+00,-2.945394e+00,-1.895832e+00,-6.870856e-01,8.250849e-02
2.364159e+00,9.940675e+00,-1.473044e+00,-2.223306e+00,-7.561839e-01,1.695050e-01
7.497111e-01,1.016191e+01,1.373635e+00,-3.087267e+00,-1.377980e+00,5.896586e-02
6.044972e+00,1.468798e+01,-4.188270e+00,-3.523374e+00,-1.749744e+00,1.026934e-01
3.260538e+00,1.824305e+01,3.560878e+00,-3.954672e+00,-1.863026e+00,2.791376e-01
-2.302983e+00,1.808423e+01,1.303677e+01,-4.400486e+00,-2.740915e+00,2.691350e-01
-1.071080e+01,2.293853e+01,1.634184e+01,-4.575436e+00,-4.769341e+00,-4.174700e-01
-9.409196e-01,6.724866e+00,1.601413e+01,-4.083385e+00,-3.736565e+00,-6.960320e-01
8.116369e+00,9.728821e+00,8.135759e+00,-1.362761e+00,-4.631413e-01,-8.502713e-02
5.273643e+00,1.028070e+01,9.925191e+00,-1.041703e+00,1.030044e+00,-3.371905e-01
2.505692e+00,5.769808e+00,9.441539e+00,5.024417e-01,1.191008e+00,-8.337376e-01
3.172257e+00,2.245958e+00,8.333123e+00,1.919165e+00,1.050131e+00,-1.215998e+00
5.581126e+00,2.607882e+00,9.090000e+00,3.763081e+00,1.745575e+00,-1.554406e+00
5.402605e+00,2.732292e+00,9.443753e+00,4.390588e+00,2.166422e+00,-1.618155e+00
5.347753e+00,3.130000e+00,1.106126e+01,5.759342e+00,2.065066e+00,-1.387489e+00
4.693751e+00,2.996948e+00,1.363489e+01,6.441788e+00,1.738035e+00,-1.258770e+00
8.165015e+00,5.586824e+00,1.199029e+01,7.569713e+00,1.149341e+00,-1.008113e+00
8.804747e+00,7.579661e+00,9.846507e+00,8.108105e+00,9.431021e-01,-8.462774e-01
-1.695395e+01,-4.909834e-01,1.058291e+01,7.561941e+00,4.283571e-02,-6.492268e-01
-1.087069e+01,-1.622501e+01,3.074830e+00,6.101234e+00,-7.844494e-01,-1.354120e+00
1.025723e-01,3.807758e+00,3.972561e+00,2.722793e+00,1.115874e+00,-4.931209e-01
2.595188e+01,3.933291e+01,1.897321e+00,-8.027673e-01,3.063684e+00,9.543029e-01
3.728115e+00,-1.915774e+00,6.331792e+00,-2.170529e+00,3.692010e+00,1.502700e+00
3.760925e+00,-6.452773e+00,1.106161e+01,-2.056455e+00,1.898515e+00,2.520269e-01
-1.954359e+00,1.491215e+01,1.196385e+01,-3.289925e+00,7.831460e-01,4.645381e-01
2.036360e-01,2.076000e+01,1.081909e+01,-3.055009e+00,3.621904e-01,2.679701e-01
-3.201304e+00,3.262288e+00,4.620567e+00,-2.417528e+00,-6.105842e-01,-5.054209e-01
-4.255176e+00,7.667175e+00,5.307573e+00,-1.564910e+00,-6.555468e-01,-2.565138e-01
5.524743e+00,1.267428e+01,4.431114e+00,-1.600281e+00,4.833435e-01,2.400176e-01
4.187353e+00,9.336146e+00,3.138093e+00,-1.487059e+00,1.127151e+00,2.859198e-01
-2.023579e-01,8.136007e+00,3.274268e+00,-1.249259e+00,1.613523e-01,-2.243491e-03
-1.910263e+00,1.036283e+01,3.171524e+00,-1.235924e+00,-5.091422e-01,-1.788677e-01
-2.251484e+00,8.958677e+00,2.090032e+00,-1.262090e+00,-7.023999e-01,-2.103546e-01
-7.565404e-01,8.727346e+00,2.061007e+00,-1.207562e+00,-6.307140e-01,-2.826338e-01
1.990301e+00,8.437057e+00,4.230271e+00,-1.387186e+00,-3.519933e-01,-1.628358e-01
3.029041e+00,8.605752e+00,4.538860e+00,-1.498999e+00,-3.712639e-01,-1.742325e-01
1.213073e+00,8.386127e+00,2.092273e+00,-1.683212e+00,-6.270465e-01,-1.698150e-01
9.826750e-01,9.993014e+00,-1.569635e+00,-1.806263e+00,-8.518653e-01,-1.258455e-01
4.685554e-01,1.049038e+01,-8.170122e-01,-2.287478e+00,-1.137940e+00,1.464352e-01
1.348752e+00,1.046811e+01,1.260178e+00,-2.771739e+00,-1.285350e+00,1.811842e-01
1.086626e+01,1.916761e+01,-5.118338e+00,-3.507674e+00,-1.496128e+00,2.696409e-01
1.005431e+01,2.073197e+01,-3.501447e+00,-3.840674e+00,-1.427041e+00,3.945855e-01
-6.201107e+00,1.814910e+01,1.612161e+01,-4.633513e+00,-3.202758e+00,1.926085e-01
-1.253698e+01,2.502448e+01,1.770555e+01,-4.678489e+00,-5.415530e+00,-4.710580e-01
1.679064e+00,4.497640e+00,1.543813e+01,-3.949569e+00,-3.596693e+00,-5.884926e-01
1.050295e+01,9.011570e+00,8.342400e+00,-2.083254e+00,-1.697128e+00,-1.550149e-01
6.742505e+00,7.161187e+00,9.148815e+00,-8.163225e-01,1.276229e+00,-2.960952e-01
4.195478e+00,5.487962e+00,8.393363e+00,2.955128e-01,1.105887e+00,-8.743135e-01
3.368474e+00,1.793572e+00,6.704317e+00,2.462492e+00,3.417907e-01,-1.750744e+00
3.934585e+00,1.621805e+00,9.604083e+00,3.456415e+00,6.769702e-01,-1.975909e+00
3.738195e+00,3.419323e+00,1.006434e+01,4.689609e+00,1.592534e+00,-2.388315e+00
4.435507e+00,4.508768e+00,1.264522e+01,5.385999e+00,1.824835e+00,-2.358918e+00
6.813570e+00,3.927286e+00,1.363413e+01,6.601900e+00,2.068336e+00,-1.971596e+00
1.084266e+01,5.389350e+00,1.241793e+01,7.498226e+00,1.967762e+00,-1.708438e+00
6.302320e+00,7.542252e+00,8.713110e+00,8.504321e+00,1.184664e+00,-8.277506e-01
-2.402999e+01,-4.551415e+00,1.198998e+01,8.226244e+00,-2.095805e-01,-6.574188e-01
-9.209910e+00,-2.023754e+01,3.134741e+00,5.968962e+00,-1.483254e+00,-1.519478e+00
1.190263e+00,-1.458921e+01,1.130298e+01,3.483954e+00,1.123259e+00,-9.339086e-01
3.710322e+01,3.930306e+01,-3.575843e+00,-2.512810e+00,4.713802e+00,1.585547e+00
2.750703e+00,2.637806e+00,7.110816e+00,-4.852240e+00,4.404314e+00,1.567579e+00
2.734206e+00,-7.020745e+00,1.195620e+01,-1.182605e-01,9.613796e-01,-1.151073e+00
-9.022108e-01,1.417293e+01,1.161929e+01,-2.427712e+00,4.400924e-01,-1.980965e+00
-1.198683e+00,2.263005e+01,1.005292e+01,-3.264401e+00,6.537571e-01,4.307121e-01
-7.090542e+00,3.720801e+00,5.419927e+00,-2.382707e+00,-2.484953e-01,-5.875962e-01
-7.795233e-01,9.399141e+00,4.842937e+00,-1.203919e+00,-4.511056e-01,-9.828848e-02
4.821644e+00,1.304158e+01,4.661296e+00,-1.260559e+00,5.771572e-01,2.795654e-01
6.028186e+00,7.814036e+00,2.501270e+00,-1.238735e+00,1.970819e+00,6.008683e-01
3.646467e+00,7.292403e+00,2.050343e+00,-1.178309e+00,1.171618e+00,3.408773e-01
-9.057130e-01,1.020440e+01,2.113029e+00,-1.313959e+00,-4.170599e-01,-1.659634e-01
-2.423618e+00,9.399915e+00,2.164530e+00,-1.493012e+00,-9.221836e-01,-2.452796e-01
-1.106056e+00,9.172168e+00,2.836961e+00,-1.610528e+00,-1.223576e+00,-4.001150e-01
9.671874e-01,8.466141e+00,3.073859e+00,-1.659686e+00,-1.039300e+00,-3.497552e-01
1.635313e+00,7.945313e+00,1.492805e+00,-1.711367e+00,-7.933686e-01,-2.354537e-01
1.298240e+00,8.743832e+00,-2.284886e+00,-1.817747e+00,-7.097901e-01,-1.017463e-01
8.529087e-01,1.041504e+01,1.859367e-01,-2.341212e+00,-8.392825e-01,1.065038e-01
1.677578e+00,1.058388e+01,1.651476e+00,-2.814432e+00,-1.078461e+00,1.297742e-01
9.422051e+00,1.817077e+01,-4.130913e+00,-3.509971e+00,-1.181587e+00,2.547835e-01
6.818559e+00,2.156349e+01,-2.428808e+00,-3.813370e+00,-1.036467e+00,4.745067e-01
-4.886456e+00,1.576948e+01,1.488217e+01,-4.582176e+00,-2.366177e+00,4.359534e-01
-6.752366e+00,2.477262e+01,1.684412e+01,-4.831544e+00,-4.438730e+00,-3.168836e-01
-1.725450e+00,4.202953e+00,1.832436e+01,-4.445618e+00,-3.429093e+00,-4.619023e-01
2.924333e+00,3.641866e+00,1.179424e+01,-2.734754e+00,-2.189725e+00,-6.093218e-01
4.157057e+00,9.244415e+00,8.344612e+00,-7.229203e-01,3.593652e-01,-5.702329e-01
1.580783e+00,6.180526e+00,1.029444e+01,-5.649370e-02,8.798693e-01,-7.811887e-01
2.124043e+00,2.033759e+00,7.830213e+00,2.415179e+00,7.320391e-01,-1.449271e+00
2.573107e+00,1.615170e+00,9.465692e+00,3.389621e+00,1.161745e+00,-1.331282e+00
2.774446e+00,2.437782e+00,1.111815e+01,4.771861e+00,1.989471e+00,-1.460225e+00
3.698892e+00,3.507889e+00,1.182526e+01,5.545710e+00,2.301867e+00,-1.411097e+00
6.267624e+00,4.084891e+00,1.595156e+01,6.732614e+00,2.493145e+00,-1.096425e+00
8.309321e+00,5.868205e+00,1.297598e+01,7.575303e+00,2.384793e+00,-8.920355e-01
7.289155e+00,9.210923e+00,1.011375e+01,8.615875e+00,1.452612e+00,-3.695409e-01
-1.402748e+01,-1.388834e+00,7.661806e+00,8.231923e+00,5.015466e-01,-2.386415e-02
-5.344782e+00,-1.826054e+01,2.529216e+00,5.952789e+00,-7.178030e-01,-1.070700e+00
-6.099158e-02,-1.518950e+01,8.991901e+00,3.766787e+00,1.021827e+00,-8.519708e-01
2.929809e+01,3.939122e+01,2.141933e+00,-1.861962e+00,3.924017e+00,1.180431e+00
3.049783e+00,-4.815717e+00,3.644577e+00,-4.081878e+00,3.668307e+00,1.137923e+00
2.422970e+00,-3.466186e+00,1.012106e+01,-1.199664e+00,1.401037e+00,-3.170728e-01
-2.971978e+00,6.223542e+00,1.128664e+01,-2.806047e+00,8.406311e-02,-1.605578e+00
-4.257453e+00,2.199697e+01,1.211494e+01,-3.229896e+00,1.717293e-02,2.256553e-01
-2.534227e+00,8.369051e+00,7.191800e+00,-2.668880e+00,-5.124127e-01,-7.496760e-01
-1.090986e+00,6.851090e+00,4.451045e+00,-1.273225e+00,3.690545e-01,1.494205e-01
7.191456e+00,1.316533e+01,4.598736e+00,-1.185305e+00,1.242756e+00,3.587140e-01
6.223281e+00,8.728750e+00,2.396131e+00,-1.264081e+00,2.077910e+00,4.791197e-01
2.193579e+00,7.158011e+00,2.637319e+00,-1.232657e+00,1.405606e+00,2.712719e-01
-1.744403e+00,1.161954e+01,2.584420e+00,-1.251110e+00,-7.749934e-01,-4.486427e-01
-2.908420e+00,1.023282e+01,2.246927e+00,-1.446631e+00,-1.179651e+00,-4.160872e-01
-7.360705e-01,8.698852e+00,2.695816e+00,-1.500629e+00,-1.089373e+00,-4.171067e-01
-3.406173e-01,8.741679e+00,3.826469e+00,-1.531950e+00,-8.650399e-01,-3.436057e-01
2.172752e+00,8.618522e+00,3.242567e+00,-1.675830e+00,-6.929693e-01,-2.466156e-01
1.729611e+00,7.840924e+00,-2.504527e-01,-1.755964e+00,-5.827441e-01,-1.200569e-01
1.524555e+00,1.033138e+01,-1.743747e+00,-2.072832e+00,-6.922927e-01,7.644180e-02
1.406596e+00,9.411193e+00,-3.449905e-01,-2.402699e+00,-8.866677e-01,1.358501e-01
7.194714e+00,1.177803e+01,-1.241359e+00,-3.165666e+00,-1.269647e+00,1.138265e-01
7.638145e+00,1.909554e+01,-4.131263e+00,-3.620353e+00,-1.346310e+00,2.756697e-01
-2.350612e+00,1.728685e+01,8.804122e+00,-4.299401e+00,-2.160647e+00,2.498066e-01
-8.771890e+00,2.382775e+01,1.637400e+01,-4.664207e+00,-3.710529e+00,-1.068522e-01
-7.830352e+00,1.391861e+01,1.726052e+01,-4.821124e+00,-4.593636e+00,-4.577997e-01
1.993539e-01,1.911409e+00,1.914384e+01,-3.934805e+00,-2.966409e+00,-1.641703e-01
9.386648e+00,1.081472e+01,7.353382e+00,-6.284934e-01,4.165680e-01,9.277977e-02
4.531757e+00,7.405132e+00,1.029500e+01,-6.357274e-01,1.589996e+00,-1.501255e-01
3.135579e+00,2.770503e+00,7.588143e+00,1.690779e+00,9.857987e-01,-1.021278e+00
3.116166e+00,9.384991e-01,7.896362e+00,2.884220e+00,9.071348e-01,-1.307129e+00
3.893579e+00,1.770570e+00,9.538930e+00,4.424746e+00,1.327888e+00,-1.592838e+00
4.184346e+00,3.624186e+00,1.047181e+01,5.152922e+00,1.662106e+00,-1.778930e+00
4.905990e+00,3.932211e+00,1.419550e+01,6.312526e+00,1.779969e+00,-1.464668e+00
5.667635e+00,5.216235e+00,1.306828e+01,7.037812e+00,1.705964e+00,-1.370335e+00
6.407129e+00,9.546110e+00,1.255894e+01,8.315640e+00,1.228960e+00,-9.329452e-01
-2.563819e+00,2.966273e+00,4.819307e+00,8.450484e+00,9.939557e-01,-4.064304e-01
-1.243249e+01,-1.727438e+01,3.683084e+00,7.299438e+00,-1.064454e-01,-5.959472e-01
-1.248916e+00,-1.790123e+01,1.706145e+00,5.223356e+00,2.369443e-01,-8.629327e-01
1.135107e+01,3.678446e+01,-4.323256e+00,-7.813322e-02,3.608406e+00,8.704431e-01
9.108019e+00,1.495938e+01,5.531187e+00,-3.191574e+00,3.490279e+00,1.171319e+00
5.090172e-01,-1.137615e+01,1.206417e+01,-2.262622e+00,2.511513e+00,1.060044e+00
-6.765749e+00,3.978873e+00,1.439475e+01,-3.077690e+00,-3.059307e-01,-1.157827e+00
-4.079526e+00,2.450602e+01,1.273199e+01,-3.481441e+00,-6.279510e-01,-1.064718e-01
-4.923688e+00,1.071805e+01,8.000461e+00,-2.976656e+00,-5.804089e-01,-4.592524e-01
1.329860e+00,6.413872e+00,5.139317e+00,-1.372034e+00,4.118063e-01,2.007953e-01
9.715666e+00,1.282203e+01,4.798293e+00,-1.159699e+00,1.262764e+00,5.009914e-01
5.263126e+00,8.731208e+00,3.569797e+00,-1.171933e+00,2.341263e+00,6.175255e-01
1.584008e+00,8.165992e+00,3.238716e+00,-1.131022e+00,1.075439e+00,2.561332e-01
-2.928213e+00,1.106940e+01,1.916821e+00,-1.075512e+00,-7.362881e-01,-3.102718e-01
-2.615966e+00,8.530882e+00,9.482758e-01,-1.164147e+00,-1.156120e+00,-3.936878e-01
-1.191476e+00,7.329168e+00,1.239785e+00,-1.183042e+00,-9.189992e-01,-3.930812e-01
6.660773e-01,7.595760e+00,1.932096e+00,-1.273439e+00,-7.407054e-01,-3.152542e-01
1.325496e+00,7.949851e+00,3.080448e+00,-1.562435e+00,-6.435718e-01,-2.357940e-01
6.097985e-01,7.966783e+00,1.649907e+00,-1.727748e+00,-7.087741e-01,-1.838958e-01
1.937273e+00,1.053643e+01,-8.829463e-01,-2.027575e+00,-8.087398e-01,-4.426810e-02
5.493676e-01,9.355391e+00,3.039009e-01,-2.327713e+00,-8.134663e-01,1.073163e-01
3.772428e+00,1.172007e+01,1.811796e+00,-2.954380e+00,-1.081274e+00,1.614569e-01
1.173612e+01,1.733891e+01,-4.720000e+00,-3.385225e+00,-1.162474e+00,3.559452e-01
-8.918290e-01,1.592956e+01,6.317705e+00,-3.837046e+00,-1.234553e+00,4.417335e-01
-7.659511e+00,1.827950e+01,1.614079e+01,-4.457610e+00,-2.808841e+00,2.467381e-01
-9.268882e+00,2.379891e+01,1.604676e+01,-4.801393e+00,-5.202503e+00,-5.763152e-01
-5.739499e-01,3.726682e+00,1.712931e+01,-4.487605e+00,-3.821496e+00,-3.657329e-01
9.000352e+00,5.683120e+00,8.217715e+00,-1.171547e+00,-5.439259e-01,1.509360e-01
7.768709e+00,9.289391e+00,7.624603e+00,-4.907484e-01,1.125913e+00,-9.458158e-02
2.914312e+00,3.978303e+00,7.848463e+00,6.994129e-01,8.986253e-01,-9.050215e-01
2.680132e+00,1.911729e+00,6.945465e+00,1.953783e+00,4.232919e-01,-1.454114e+00
3.005777e+00,2.270262e+00,8.934114e+00,3.795210e+00,5.616635e-01,-1.780802e+00
2.924323e+00,3.257619e+00,1.055103e+01,4.501551e+00,1.020671e+00,-2.055925e+00
3.982887e+00,4.386840e+00,1.196365e+01,5.624333e+00,1.622302e+00,-2.108838e+00
4.892174e+00,4.918420e+00,1.581064e+01,6.377722e+00,1.840639e+00,-1.918194e+00
7.838791e+00,1.149690e+01,1.321833e+01,7.709001e+00,1.789175e+00,-1.467285e+00
2.561830e+00,7.519724e+00,9.333766e+00,8.273778e+00,1.433947e+00,-9.003603e-01
-2.142087e+01,-5.943587e+00,1.221108e+01,7.818483e+00,3.920119e-01,-4.490094e-01
-3.390959e+00,-1.606558e+01,1.209171e+00,6.742609e+00,1.833861e-01,-8.544326e-01
3.404341e+00,-8.908644e+00,1.112658e+01,2.144801e+00,3.571032e+00,7.934035e-02
2.921447e+01,3.939956e+01,-5.362532e-02,-1.423380e+00,4.536308e+00,1.305560e+00
1.081855e-01,-9.868012e+00,8.168915e+00,-4.022496e+00,3.700345e+00,1.241540e+00
-8.022527e-01,-9.065166e+00,1.094656e+01,-1.166576e+00,2.916199e+00,2.036916e+00
-5.986389e+00,1.614017e+01,1.416809e+01,-2.901671e+00,-4.106437e-01,-1.068132e+00
-2.444901e+00,1.735218e+01,8.352671e+00,-3.538749e+00,-2.351525e-01,1.949510e-01
-4.969516e+00,4.648691e+00,4.410483e+00,-2.366049e+00,-2.803310e-01,-5.070792e-01
-4.011949e-01,7.598499e+00,4.430044e+00,-1.384815e+00,2.569913e-02,4.884344e-02
8.722688e+00,1.233419e+01,3.078952e+00,-1.428135e+00,1.692266e+00,5.568351e-01
5.606397e+00,8.809066e+00,3.061094e+00,-1.379231e+00,2.124631e+00,5.583337e-01
1.089016e+00,9.559449e+00,3.617087e+00,-1.401105e+00,1.175308e-01,-1.016475e-01
-4.875178e-01,1.014594e+01,3.600000e+00,-1.477396e+00,-6.524311e-01,-2.674754e-01
-2.061021e+00,8.534335e+00,3.518966e+00,-1.526440e+00,-1.076086e+00,-3.668216e-01
-1.854225e+00,7.780952e+00,3.198898e+00,-1.482208e+00,-1.052166e+00,-3.805626e-01
7.815186e-01,7.766938e+00,4.352199e+00,-1.510043e+00,-8.515819e-01,-3.199362e-01
1.388109e+00,8.541616e+00,4.429288e+00,-1.553415e+00,-6.228689e-01,-2.068088e-01
1.177023e+00,8.406878e+00,-2.549787e-01,-1.631131e+00,-4.245194e-01,1.861749e-03
2.655200e+00,1.026538e+01,-3.304560e+00,-1.785163e+00,-3.918932e-01,1.666345e-01
3.194500e+00,9.432278e+00,-9.773612e-01,-2.355179e+00,-7.123311e-01,2.609670e-01
5.598885e+00,1.129212e+01,-1.470049e+00,-2.771024e+00,-1.007925e+00,2.006893e-01
3.812275e+00,1.910502e+01,-9.263890e-01,-3.645044e+00,-1.624824e+00,2.857425e-01
-3.733288e+00,1.671508e+01,1.014903e+01,-4.180720e+00,-2.194539e+00,3.751266e-01
-6.321367e+00,2.501780e+01,1.548445e+01,-4.704462e+00,-4.068762e+00,-1.863954e-01
-5.047193e+00,1.659407e+01,1.574978e+01,-4.851273e+00,-4.129777e+00,-2.801476e-01
6.823503e+00,6.022691e+00,1.142446e+01,-2.773993e+00,-1.721495e+00,8.319557e-02
8.761119e+00,1.097404e+01,8.023810e+00,-9.194584e-01,-1.111308e-01,7.843425e-03
2.324637e+00,5.969571e+00,9.816039e+00,-2.780175e-01,7.881359e-01,-5.164145e-01
2.130286e+00,3.233102e+00,7.966072e+00,1.002627e+00,3.926197e-01,-1.074442e+00
2.590899e+00,1.319101e+00,8.149046e+00,3.232649e+00,6.189365e-01,-1.590202e+00
4.081075e+00,1.632895e+00,9.353224e+00,4.253210e+00,1.147869e+00,-1.739873e+00
4.496337e+00,3.455843e+00,1.079943e+01,5.351251e+00,1.859938e+00,-1.957590e+00
4.482557e+00,3.705349e+00,1.275024e+01,5.923902e+00,1.962185e+00,-1.833747e+00
4.777397e+00,6.528340e+00,1.176705e+01,7.220014e+00,1.806497e+00,-1.536403e+00
1.821409e+00,1.055097e+01,1.231542e+01,7.969994e+00,1.543955e+00,-1.214464e+00
-1.130670e+01,6.467616e-01,5.660950e+00,8.094052e+00,1.216535e+00,-3.381205e-01
-1.519204e+01,-1.064126e+01,1.268091e+01,7.440378e+00,7.404591e-01,-2.299862e-01
7.611204e+00,-1.156938e+01,6.525461e+00,4.257309e+00,2.678875e+00,-4.213373e-01
6.923922e+00,8.586951e+00,7.105715e+00,1.260601e+00,5.033287e+00,4.751557e-01
2.026239e+01,2.963826e+01,4.711991e+00,-3.509851e+00,3.399613e+00,7.137324e-01
-5.304258e-01,-4.513630e+00,9.095349e+00,-3.553355e+00,2.425508e+00,4.551241e-01
3.540610e-01,-1.738658e+00,1.151963e+01,-1.732410e+00,-3.362814e-01,-1.437211e+00
-4.031926e+00,1.858737e+01,1.319771e+01,-3.073096e+00,9.069648e-04,-7.685868e-01
-2.427193e+00,1.111825e+01,7.635788e+00,-2.995494e+00,7.617412e-02,-1.606648e-01
-5.074308e+00,4.074013e+00,4.589768e+00,-2.235586e+00,-4.315105e-01,-8.033399e-01
2.272246e+00,1.100179e+01,4.942646e+00,-1.090163e+00,1.310066e-01,4.432382e-02
7.508301e+00,1.149079e+01,3.315770e+00,-1.191407e+00,1.333371e+00,2.900022e-01
4.961836e+00,7.625329e+00,2.776306e+00,-1.145905e+00,1.545924e+00,2.641929e-01
1.642605e+00,9.278892e+00,3.131923e+00,-1.135858e+00,6.791546e-01,-3.122751e-02
-1.575465e+00,9.863147e+00,2.567592e+00,-1.307050e+00,-9.582935e-01,-4.193700e-01
-4.036945e+00,8.441777e+00,2.027476e+00,-1.436114e+00,-1.280568e+00,-4.284234e-01
-3.900691e+00,7.997117e+00,2.701482e+00,-1.361687e+00,-1.365018e+00,-5.058030e-01
-1.051430e-01,7.530000e+00,3.960711e+00,-1.386805e+00,-1.207018e+00,-4.900541e-01
3.641091e+00,9.292224e+00,2.849902e+00,-1.485451e+00,-5.396699e-01,-3.093823e-01
2.678700e+00,8.527115e+00,-1.174043e+00,-1.577966e+00,-2.102114e-01,-1.640737e-01
1.612266e+00,9.567499e+00,-1.036643e+00,-1.873967e+00,-3.666078e-01,3.548243e-02
1.045343e+00,9.923105e+00,4.970523e-01,-2.231712e+00,-6.929366e-01,4.501693e-02
8.040144e+00,1.135378e+01,-1.939822e+00,-3.034039e+00,-1.119778e+00,5.926363e-02
8.841568e+00,1.875712e+01,-3.730532e+00,-3.456759e+00,-1.117449e+00,2.419548e-01
-4.101938e+00,1.671532e+01,1.067202e+01,-4.087079e+00,-1.592602e+00,3.340160e-01
-7.643189e+00,2.266466e+01,1.740307e+01,-4.549297e+00,-3.317202e+00,-1.024197e-01
-7.295377e+00,1.637402e+01,1.558615e+01,-4.897718e+00,-4.431849e+00,-4.568190e-01
-1.185314e+00,3.490067e+00,1.813853e+01,-4.098772e+00,-2.876566e+00,7.078188e-02
9.824355e+00,9.123160e+00,6.523869e+00,-8.786909e-01,-4.546410e-01,5.434720e-02
4.446861e+00,6.694763e+00,9.464637e+00,-4.723870e-01,1.075896e+00,-9.056031e-02
2.731072e+00,3.274972e+00,8.238356e+00,1.217019e+00,5.990156e-01,-9.235846e-01
3.260182e+00,1.269911e+00,7.303545e+00,2.688641e+00,3.384833e-01,-1.451677e+00
3.699023e+00,1.732932e+00,1.010872e+01,4.464991e+00,8.390263e-01,-1.498654e+00
3.718673e+00,2.825198e+00,1.144438e+01,5.215696e+00,1.219313e+00,-1.740472e+00
4.463303e+00,3.689038e+00,1.434463e+01,6.329528e+00,1.549582e+00,-1.718109e+00
6.381442e+00,6.294940e+00,1.243669e+01,7.042855e+00,1.614050e+00,-1.566093e+00
6.962203e+00,9.346008e+00,1.208624e+01,8.123442e+00,1.335645e+00,-1.229064e+00
-2.266788e+00,3.639964e+00,5.019667e+00,8.360075e+00,1.076255e+00,-7.211757e-01
-1.442369e+01,-1.571610e+01,5.988201e-02,6.975335e+00,-3.725152e-01,-9.386139e-01
2.299866e+00,-1.541418e+01,5.610406e+00,5.318783e+00,-2.242903e-01,-1.245650e+00
8.230970e+00,2.810292e+01,1.210942e+00,4.410480e-01,3.350004e+00,5.273893e-01
2.573369e+01,3.148241e+01,1.259317e+00,-3.070844e+00,3.465987e+00,1.038769e+00
-4.153729e+00,-7.640263e+00,1.158922e+01,-1.774390e+00,2.683633e+00,1.693466e+00
-3.252585e+00,-2.351355e-01,1.214242e+01,-1.452344e+00,4.471889e-01,-5.935182e-01
-5.113565e+00,2.060486e+01,1.231414e+01,-3.128979e+00,-9.024770e-02,-1.288659e-01
7.116388e-01,8.600101e+00,5.053394e+00,-3.038927e+00,2.841351e-01,9.991697e-02
-4.647059e-01,3.716332e+00,3.472271e+00,-1.809137e+00,7.727883e-01,-6.041260e-02
1.682209e+00,1.154115e+01,3.656829e+00,-1.117156e+00,9.777288e-01,2.342242e-01
4.877396e+00,1.056618e+01,2.774533e+00,-1.514517e+00,1.348619e+00,3.882895e-01
1.514131e+00,8.017190e+00,2.602585e+00,-1.387370e+00,1.262302e+00,2.288097e-01
8.848418e-01,9.439684e+00,3.500472e+00,-1.464141e+00,-2.353425e-01,-1.969088e-01
1.887543e-02,9.820802e+00,3.792335e+00,-1.480069e+00,-6.033481e-01,-3.094714e-01
-9.306494e-01,8.555039e+00,4.103153e+00,-1.548788e+00,-7.305730e-01,-3.458138e-01
-1.377098e+00,9.722151e+00,5.193117e+00,-1.471868e+00,-9.069907e-01,-4.366369e-01
1.295790e+00,8.844737e+00,5.364737e+00,-1.509195e+00,-8.423350e-01,-3.892538e-01
2.319784e+00,8.981321e+00,3.275420e+00,-1.452955e+00,-6.267439e-01,-3.175239e-01
1.688339e+00,8.169233e+00,-1.694772e+00,-1.500398e+00,-1.527318e-01,1.231311e-02
2.545191e+00,1.028736e+01,-2.993688e+00,-1.637341e+00,-2.072170e-01,1.377610e-01
9.379719e-01,9.898502e+00,4.868580e-01,-2.493764e+00,-9.426352e-01,5.052684e-02
4.384319e+00,1.270124e+01,-1.172776e-01,-2.981433e+00,-1.464844e+00,-8.308777e-02
5.647606e+00,1.858822e+01,6.189386e-02,-3.716909e+00,-1.774879e+00,9.078605e-02
4.698953e-01,1.515159e+01,9.311414e+00,-4.326630e+00,-2.332161e+00,1.686095e-01
-3.708991e+00,2.100890e+01,1.422652e+01,-4.553911e+00,-4.149095e+00,-5.871576e-01
-5.391165e+00,1.855128e+01,1.590077e+01,-4.554300e+00,-3.823305e+00,-8.643402e-01
5.810752e+00,5.206542e+00,8.087456e+00,-1.953345e+00,-1.940927e+00,-1.001717e+00
7.681667e+00,1.051933e+01,5.281926e+00,-1.006769e+00,-6.173554e-01,-1.118995e+00
1.903109e+00,6.771156e+00,9.914353e+00,-2.053051e-02,5.036325e-01,-1.590111e+00
2.112562e+00,3.872075e+00,7.606501e+00,1.736879e+00,2.049102e-01,-2.195915e+00
3.005415e+00,3.031766e+00,8.971733e+00,3.616102e+00,1.103427e+00,-2.133057e+00
3.314824e+00,4.413880e+00,1.018538e+01,4.219575e+00,1.574935e+00,-2.266259e+00
4.577273e+00,4.569477e+00,1.155972e+01,5.533155e+00,2.116277e+00,-2.108534e+00
7.092006e+00,4.056850e+00,1.453996e+01,6.533900e+00,2.285285e+00,-1.865488e+00
1.268229e+01,1.041152e+01,1.188939e+01,7.792851e+00,1.808770e+00,-1.321629e+00
9.863836e+00,8.228507e+00,1.168587e+01,8.130236e+00,1.077775e+00,-9.009272e-01
-1.534127e+01,-4.173868e+00,5.927586e+00,7.582701e+00,-1.004408e+00,-1.079265e+00
-1.412173e+01,-1.499036e+01,2.248479e+00,5.703211e+00,-1.309427e+00,-1.606052e+00
3.678228e+00,1.172886e+01,4.447595e+00,1.679678e+00,2.806005e+00,2.217683e-01
2.220135e+01,3.804004e+01,3.003726e-01,-1.391479e+00,4.896375e+00,1.635551e+00
8.508934e+00,-4.279261e+00,6.076800e+00,-2.415259e+00,4.706737e+00,1.940949e+00
3.358025e+00,-8.818151e+00,1.191665e+01,-2.469527e+00,1.883724e+00,2.623968e-01
-1.734932e+00,1.631406e+01,1.253731e+01,-3.171108e+00,-7.135710e-01,-6.127222e-01
-9.763996e+00,2.097518e+01,1.266794e+01,-3.646918e+00,-1.568130e+00,-4.525136e-01
-9.246824e+00,5.134263e+00,7.091177e+00,-1.968145e+00,-1.756981e+00,-4.030690e-01
-2.306025e-01,6.718854e+00,6.460698e+00,-1.267381e+00,1.667683e-01,1.753383e-01
1.022519e+01,1.227846e+01,4.702564e+00,-1.111735e+00,2.469689e+00,9.251594e-01
8.125079e+00,9.391669e+00,3.571973e+00,-1.121678e+00,2.424843e+00,8.364292e-01
2.430438e+00,1.002578e+01,2.908471e+00,-9.918996e-01,2.853317e-01,1.231183e-01
-2.714415e+00,1.136606e+01,2.599925e+00,-1.061679e+00,-9.585277e-01,-2.558509e-01
-3.878152e+00,7.994488e+00,1.720883e+00,-1.111865e+00,-1.600542e+00,-4.637131e-01
-1.834519e+00,6.939946e+00,1.248245e+00,-1.093880e+00,-1.331726e+00,-3.663939e-01
8.340148e-01,7.682606e+00,2.202817e+00,-1.358414e+00,-8.077045e-01,-1.404588e-01
1.650376e+00,8.242782e+00,-1.011101e-01,-1.532222e+00,-6.401121e-01,-2.610538e-02
1.226380e+00,9.369284e+00,-2.240179e+00,-1.905964e+00,-5.763047e-01,1.436246e-01
9.314441e-01,9.299034e+00,-5.125272e-01,-2.357631e+00,-8.485222e-01,2.065795e-01
3.369264e+00,1.050588e+01,1.131163e+00,-3.131314e+00,-1.234977e+00,1.957927e-01
9.500885e+00,1.371883e+01,-2.844839e+00,-3.582031e+00,-1.229462e+00,3.772721e-01
2.752399e+00,1.950081e+01,3.634800e+00,-4.188812e+00,-1.495315e+00,4.534788e-01
-4.644657e+00,1.952884e+01,1.366587e+01,-4.646130e+00,-2.838337e+00,3.261292e-01
-1.065046e+01,2.464611e+01,1.662712e+01,-4.843668e+00,-5.335907e+00,-5.204701e-01
-2.608519e+00,6.236906e+00,1.815927e+01,-4.097174e+00,-3.457515e+00,-2.238613e-01
1.078995e+01,9.256437e+00,7.926768e+00,-8.494126e-01,-7.835677e-02,-2.220228e-02
8.487602e+00,9.606085e+00,8.690720e+00,-7.679796e-01,1.232113e+00,-3.303678e-01
2.715119e+00,4.895108e+00,8.600477e+00,1.186357e+00,6.303517e-01,-1.303650e+00
2.400763e+00,1.791488e+00,7.995154e+00,2.453037e+00,2.617234e-01,-1.709882e+00
3.505441e+00,1.809600e+00,9.904604e+00,4.186932e+00,9.728859e-01,-1.898804e+00
4.550211e+00,3.081038e+00,1.149661e+01,5.055153e+00,1.728980e+00,-2.092224e+00
5.967284e+00,3.225129e+00,1.443147e+01,6.497448e+00,2.258130e+00,-1.768458e+00
7.469634e+00,4.311705e+00,1.194452e+01,7.470932e+00,2.208845e+00,-1.490792e+00
7.677803e+00,6.455838e+00,1.268432e+01,8.447279e+00,1.673234e+00,-8.088364e-01
-2.146793e+00,2.746596e+00,7.670582e+00,8.401943e+00,1.033003e+00,-4.718874e-01
-1.056397e+01,-1.299015e+01,6.718363e+00,6.327939e+00,2.542056e-01,-9.722329e-01
-4.895518e-01,-1.404377e+01,2.029266e+00,3.958378e+00,1.200289e+00,-7.742729e-01
6.687079e+00,1.905795e+01,1.360467e+00,-1.207321e-01,3.686149e+00,8.048460e-01
2.852954e+01,3.941000e+01,-2.408357e+00,-3.272110e+00,3.376490e+00,8.771650e-01
-5.620469e+00,-8.360011e+00,9.838135e+00,-1.480004e+00,2.428550e+00,1.709477e+00
-4.950727e+00,-1.984490e+00,1.486698e+01,-1.589253e+00,-3.111549e-01,-1.381436e+00
-3.527941e+00,1.746959e+01,1.448944e+01,-3.449226e+00,5.310781e-01,2.443051e-01
-5.168987e-01,1.224475e+01,8.746759e+00,-3.142847e+00,7.609053e-01,-2.871195e-01
-1.716762e+00,6.408783e+00,5.673148e+00,-1.357852e+00,6.223625e-01,1.806443e-01
2.776190e+00,9.971271e+00,4.951094e+00,-1.232477e+00,1.179110e+00,3.207319e-01
7.050735e+00,1.155160e+01,3.467186e+00,-1.205977e+00,2.208685e+00,5.404147e-01
2.888853e+00,7.613026e+00,3.356917e+00,-1.185642e+00,1.401522e+00,1.914955e-01
9.150076e-01,9.294726e+00,2.984742e+00,-1.163162e+00,-4.796974e-01,-3.298290e-01
-2.178870e-02,1.013447e+01,2.971062e+00,-1.277080e+00,-8.521779e-01,-3.893364e-01
-3.037463e+00,8.337463e+00,3.111904e+00,-1.392298e+00,-1.251355e+00,-5.267161e-01
-2.127469e+00,7.722117e+00,3.891327e+00,-1.361633e+00,-1.373304e+00,-6.168598e-01
1.502854e+00,8.408361e+00,5.296415e+00,-1.394804e+00,-9.562905e-01,-4.469999e-01
2.772122e+00,9.540756e+00,3.862674e+00,-1.407824e+00,-6.142171e-01,-3.509553e-01
-5.701964e-02,8.252623e+00,-1.045865e-02,-1.508468e+00,-4.796219e-01,-1.474540e-01
-1.120395e-01,9.566299e+00,-5.591118e-01,-1.692130e+00,-7.645917e-01,-6.410494e-02
1.224556e-01,1.024569e+01,9.888747e-01,-2.278274e+00,-8.693735e-01,-6.313730e-03
4.605303e+00,1.046084e+01,5.098098e-01,-2.670334e+00,-9.772327e-01,6.383445e-02
7.161999e+00,1.497601e+01,-2.798005e+00,-3.161693e+00,-8.758911e-01,2.888659e-01
3.803233e+00,1.598162e+01,4.510735e-01,-3.583611e+00,-1.402065e+00,2.549922e-01
-2.249282e+00,1.937248e+01,1.217707e+01,-4.304042e+00,-3.084575e+00,-1.921763e-01
-3.391906e+00,2.424183e+01,1.416278e+01,-4.706772e+00,-4.082112e+00,-5.042798e-01
2.248743e+00,5.595990e+00,1.712560e+01,-4.023879e+00,-2.830417e+00,-5.572358e-01
6.606468e+00,5.692051e+00,1.070053e+01,-1.881007e+00,-1.647640e+00,-8.060849e-01
6.257896e+00,8.584481e+00,9.226394e+00,-1.197832e+00,1.911083e-01,-1.079422e+00
1.662501e+00,5.630213e+00,9.035632e+00,2.693899e-01,-1.079030e-01,-1.823983e+00
3.249008e+00,2.198689e+00,8.876554e+00,2.429739e+00,1.278132e-01,-2.443935e+00
4.541777e+00,2.538997e+00,9.407565e+00,3.461187e+00,7.834421e-01,-2.408410e+00
5.334313e+00,3.187603e+00,1.041303e+01,4.827759e+00,1.808796e+00,-2.472631e+00
6.173369e+00,3.090366e+00,1.302521e+01,5.857574e+00,1.980299e+00,-2.255626e+00
8.627857e+00,3.740304e+00,1.343788e+01,7.272635e+00,1.664235e+00,-1.952954e+00
1.406560e+01,7.475843e+00,1.267773e+01,7.914328e+00,1.131091e+00,-1.616907e+00
1.289247e+00,4.217066e+00,7.060249e+00,8.364752e+00,-3.419278e-01,-1.166011e+00
-2.149410e+01,-3.613907e+00,7.213747e+00,7.609510e+00,-2.438865e+00,-1.375266e+00
-1.335993e+01,-1.825977e+01,6.503400e-01,4.212985e+00,-1.699938e+00,-1.735704e+00
1.159216e+00,6.672789e+00,3.982356e+00,1.572846e+00,2.445144e+00,3.767437e-01
2.502179e+01,3.304658e+01,5.530828e+00,-3.163147e+00,5.401476e+00,2.282540e+00
7.112733e+00,-7.951986e+00,7.664962e+00,-2.071983e+00,5.164992e+00,1.989183e+00
1.399253e+00,1.326139e+00,1.328153e+01,-2.564032e+00,1.254016e+00,-1.055415e+00
-7.954178e-01,1.332667e+01,1.403174e+01,-2.941008e+00,1.598703e-01,-3.894186e-01
-7.005316e+00,1.578313e+01,9.465064e+00,-3.119693e+00,-9.754181e-01,-4.982199e-01
-5.893769e+00,3.942855e+00,6.195433e+00,-2.094767e+00,-1.143575e+00,-2.240679e-01
3.212629e+00,1.129664e+01,5.432780e+00,-1.329854e+00,7.100730e-01,3.316703e-01
6.853624e+00,1.266050e+01,4.434890e+00,-1.315833e+00,1.590839e+00,6.293337e-01
3.320787e+00,7.983961e+00,3.136039e+00,-1.139690e+00,1.275193e+00,4.326354e-01
1.320112e+00,8.601484e+00,3.543589e+00,-1.053782e+00,-3.667285e-02,4.816502e-02
-1.403931e+00,1.083834e+01,2.543351e+00,-1.093008e+00,-9.330595e-01,-2.424880e-01
-1.762984e+00,8.697415e+00,1.859917e+00,-1.113467e+00,-1.084123e+00,-2.749392e-01
-1.413166e+00,7.387417e+00,1.960781e+00,-1.153594e+00,-1.031016e+00,-3.054845e-01
7.656409e-01,7.544551e+00,3.011317e+00,-1.313026e+00,-8.528285e-01,-1.973000e-01
1.735313e+00,8.192817e+00,3.379380e+00,-1.580584e+00,-6.435546e-01,-7.511301e-02
1.126622e+00,7.390396e+00,2.112515e+00,-1.712726e+00,-6.623313e-01,-2.836950e-02
2.485895e+00,8.685496e+00,2.564630e-01,-1.977786e+00,-8.308393e-01,7.663567e-02
5.504969e-01,9.857140e+00,1.000315e+00,-2.346785e+00,-9.754089e-01,1.702623e-01
8.952177e-01,1.079572e+01,9.101457e-01,-2.922768e+00,-1.535972e+00,1.310277e-01
5.332527e+00,1.437657e+01,-2.270001e+00,-3.223421e+00,-1.673061e+00,2.134893e-01
4.729545e+00,1.859172e+01,1.575829e+00,-3.769069e+00,-1.618190e+00,3.689576e-01
-3.141889e+00,1.836776e+01,1.459554e+01,-4.353708e+00,-2.542296e+00,1.901297e-01
-7.981105e+00,2.183942e+01,1.750329e+01,-4.527652e+00,-4.712596e+00,-6.263958e-01
-6.778071e-01,6.394474e+00,1.656673e+01,-4.032103e+00,-3.489133e+00,-6.606783e-01
7.218076e+00,5.122608e+00,9.758694e+00,-1.312751e+00,-1.000992e+00,-4.715018e-01
5.963290e+00,8.511369e+00,8.331596e+00,-7.509410e-01,4.916567e-01,-6.956289e-01
1.799041e+00,3.883872e+00,8.199629e+00,6.161734e-01,4.393436e-01,-1.496279e+00
2.423252e+00,2.200000e+00,6.862372e+00,1.998675e+00,3.828243e-01,-1.991530e+00
4.989019e+00,2.908889e+00,8.141176e+00,3.463701e+00,1.554953e+00,-2.170127e+00
7.506418e+00,3.571809e+00,9.553447e+00,4.245273e+00,2.334648e+00,-2.305104e+00
9.111949e+00,3.907096e+00,1.181530e+01,5.540837e+00,2.599323e+00,-2.049080e+00
9.232265e+00,3.975117e+00,1.141262e+01,6.288184e+00,2.260813e+00,-1.931435e+00
1.130300e+01,6.922739e+00,1.207335e+01,7.541923e+00,8.547954e-01,-1.634959e+00
3.067128e+00,5.177684e+00,9.032526e+00,7.821048e+00,-5.938403e-02,-1.337539e+00
-1.957490e+01,3.467990e-01,6.680142e+00,7.188647e+00,-1.726375e+00,-1.701796e+00
-1.314465e+01,-1.498266e+01,1.258875e+00,5.483745e+00,-1.669323e+00,-2.008650e+00
4.850215e+00,5.807857e+00,5.451752e+00,2.070019e+00,3.184907e+00,5.477221e-01
1.625021e+01,3.750791e+01,-3.623930e+00,-1.260097e+00,5.376691e+00,1.908834e+00
1.459417e+00,1.400297e+00,3.472409e+00,-2.697407e+00,4.564666e+00,1.929298e+00
-9.061011e-01,-7.997894e+00,1.028196e+01,-1.201306e+00,1.538566e+00,3.492989e-01
-1.299656e-01,1.463420e+01,1.379245e+01,-2.549501e+00,-2.950481e-03,-3.906599e-01
9.985812e-01,2.271358e+01,1.050961e+01,-3.175303e+00,-8.269002e-02,1.741829e-01
-2.373241e+00,4.855648e+00,5.123587e+00,-2.208388e+00,4.072542e-01,2.431489e-01
1.371075e+00,8.932990e+00,4.049148e+00,-1.256937e+00,4.742679e-01,-3.250295e-03
2.506838e+00,1.106561e+01,3.611383e+00,-1.274352e+00,8.593784e-01,3.252136e-01
2.237018e+00,9.413509e+00,3.222456e+00,-1.196007e+00,4.993881e-01,1.666579e-01
1.359221e+00,8.365525e+00,2.927390e+00,-1.179676e+00,-2.553109e-01,-6.321059e-02
-4.831535e-01,9.445833e+00,2.632024e+00,-1.200315e+00,-6.898395e-01,-1.729238e-01
-2.007142e+00,8.907498e+00,2.614283e+00,-1.292476e+00,-1.101515e+00,-2.647673e-01
-1.767383e+00,8.648166e+00,2.790761e+00,-1.339496e+00,-1.117958e+00,-2.876835e-01
-4.578863e-01,8.046025e+00,3.450745e+00,-1.417914e+00,-8.605265e-01,-2.193892e-01
1.315799e+00,6.721695e+00,3.876123e+00,-1.506838e+00,-6.340751e-01,-1.608788e-01
9.213675e-02,7.458461e+00,3.919333e+00,-1.653307e+00,-4.887887e-01,-2.622553e-02
6.685720e-01,9.419700e+00,2.538721e+00,-1.781642e+00,-5.934261e-01,3.529360e-02
1.287963e+00,9.473580e+00,1.388056e+00,-2.089687e+00,-6.463855e-01,2.505380e-01
9.765898e-01,9.854508e+00,2.733682e+00,-2.387719e+00,-8.057438e-01,3.187153e-01
3.549243e+00,1.336073e+01,1.494595e+00,-2.889827e+00,-1.197037e+00,3.145021e-01
6.141765e+00,2.000347e+01,-1.363163e+00,-3.132260e+00,-1.348658e+00,2.792215e-01
2.540493e+00,1.550241e+01,3.254661e+00,-3.771625e+00,-1.896302e+00,4.313806e-02
3.176707e-01,1.307931e+01,1.308030e+01,-4.076475e+00,-3.073443e+00,-3.722536e-01
-4.969950e+00,1.788590e+01,1.556818e+01,-4.139219e+00,-3.909291e+00,-8.614452e-01
1.378163e+00,6.041852e+00,1.305545e+01,-3.732293e+00,-3.404246e+00,-1.213740e+00
7.105853e+00,8.026487e+00,4.536897e+00,-1.487740e+00,-1.422809e+00,-1.122287e+00
5.771209e+00,6.210990e+00,7.085163e+00,-1.009870e+00,-3.908320e-01,-1.286756e+00
3.612055e+00,3.398858e+00,8.107986e+00,5.486994e-01,3.451146e-02,-1.878686e+00
3.168839e+00,4.069973e+00,7.047743e+00,1.709018e+00,4.386016e-01,-2.202863e+00
1.716756e+00,4.866270e+00,1.116373e+01,3.024838e+00,1.322731e+00,-2.259043e+00
3.699054e+00,4.548617e+00,1.180577e+01,3.880269e+00,1.779046e+00,-2.106055e+00
8.010645e+00,3.537451e+00,1.391658e+01,5.568859e+00,2.799467e+00,-1.636123e+00
1.492071e+01,4.915298e+00,1.188496e+01,6.829495e+00,2.862348e+00,-1.351292e+00
1.715910e+01,6.991040e+00,1.063810e+01,7.986327e+00,1.433541e+00,-8.910142e-01
5.568287e+00,1.986833e+00,8.043334e+00,8.022934e+00,-1.423569e-01,-8.749096e-01
-2.821733e+01,-2.722327e+00,1.031411e+01,6.926196e+00,-3.480296e+00,-2.607896e+00
-1.694176e+01,-1.470575e+01,-3.390169e-01,4.513898e+00,-3.432828e+00,-2.555337e+00
2.515757e+00,1.309579e+01,1.635917e+00,1.023148e+00,2.743566e+00,7.544606e-01
2.636899e+01,3.540175e+01,3.695465e+00,-1.695306e+00,5.334814e+00,2.083180e+00
-4.444246e+00,-1.033380e+01,1.054062e+01,-1.722801e+00,4.780491e+00,2.123992e+00
6.590722e-01,-3.255321e+00,1.317143e+01,-2.157301e+00,-1.699308e-02,-1.126275e+00
-2.793570e+00,1.718931e+01,1.041456e+01,-3.548716e+00,-7.951571e-01,-1.266910e-01
-5.343109e+00,1.233559e+01,1.057700e+01,-3.189491e+00,-6.155460e-01,5.717437e-01
-1.188606e+00,6.938497e+00,6.938797e+00,-1.901919e+00,-4.981278e-01,-1.125503e-01
2.880845e+00,9.446162e+00,6.712183e+00,-1.428305e+00,5.928586e-01,4.344582e-01
5.310146e+00,1.044905e+01,4.555658e+00,-1.088287e+00,8.866948e-01,4.922784e-01
5.356550e+00,8.153100e+00,3.508471e+00,-1.034288e+00,6.936784e-01,3.495778e-01
2.387321e+00,8.699894e+00,3.313899e+00,-7.986769e-01,-1.383579e-01,-8.769251e-03
-1.330660e+00,8.949620e+00,3.695713e+00,-8.086482e-01,-1.051718e+00,-2.813985e-01
-4.409355e+00,8.308095e+00,4.145308e+00,-8.770215e-01,-1.832119e+00,-5.114565e-01
-2.937550e+00,7.903440e+00,3.222485e+00,-8.677778e-01,-1.695725e+00,-4.969238e-01
-3.602179e-01,8.325452e+00,2.863986e+00,-9.070387e-01,-9.047581e-01,-1.629472e-01
-1.514915e-01,7.911968e+00,3.039841e+00,-9.896861e-01,-4.552653e-01,1.096033e-02
-1.056705e+00,7.863693e+00,3.058267e+00,-1.139736e+00,-3.747015e-01,7.222222e-02
-4.161765e-01,8.131870e+00,2.797853e+00,-1.238913e+00,-4.016710e-01,1.044539e-01
2.454884e+00,8.666143e+00,1.494330e+00,-1.494398e+00,-3.112672e-01,2.675121e-01
3.490658e+00,9.192527e+00,1.986043e+00,-1.787440e+00,-3.750791e-01,3.095337e-01
4.949413e+00,1.065795e+01,6.805847e-01,-2.293262e+00,-9.497692e-01,1.574003e-01
5.353983e+00,1.409444e+01,-8.693818e-01,-2.594389e+00,-1.229941e+00,5.760104e-02
2.777264e+00,1.884309e+01,1.348458e+00,-3.359986e+00,-1.871590e+00,6.862377e-02
-4.463928e+00,1.891333e+01,1.182733e+01,-3.940087e+00,-2.492913e+00,3.055325e-02
-6.806407e+00,1.536040e+01,1.875202e+01,-4.247778e+00,-3.552237e+00,-1.228509e-02
-4.452472e+00,1.164374e+01,1.504018e+01,-3.831644e+00,-3.249742e+00,-9.604582e-02
2.811787e+00,2.474863e-02,1.463982e+01,-2.537267e+00,-1.314016e+00,3.199155e-01
9.484260e+00,3.682213e+00,7.071013e+00,-9.378694e-01,3.040625e-01,3.905571e-01
4.136552e+00,4.717190e+00,8.703596e+00,-2.891849e-02,1.240467e+00,-9.576429e-02
1.796691e+00,9.500411e-01,7.274055e+00,8.651643e-01,6.416897e-01,-8.373880e-01
8.789543e-01,1.564790e+00,6.835742e+00,2.521036e+00,3.839409e-01,-1.584969e+00
1.343642e+00,3.271166e+00,9.444243e+00,3.500404e+00,9.442381e-01,-1.731307e+00
5.496404e+00,3.034184e+00,9.861633e+00,4.742346e+00,1.766433e+00,-1.800102e+00
8.161615e+00,3.046320e+00,1.065980e+01,5.543160e+00,2.242198e+00,-1.722461e+00
1.561628e+01,5.784826e+00,1.033913e+01,6.806401e+00,2.149228e+00,-1.490999e+00
1.064219e+01,6.218424e+00,9.765372e+00,7.548978e+00,1.110383e+00,-1.103933e+00
-4.220612e+00,4.607074e+00,6.873692e+00,7.212329e+00,-1.683336e+00,-7.821632e-01
-1.634641e+01,3.154703e+00,5.059690e+00,6.592936e+00,-2.626676e+00,-1.473104e+00
-4.864595e+00,-2.173043e+00,-4.084994e-01,4.725456e+00,-8.121795e-01,-1.571457e+00
4.701472e+00,-3.425936e+00,-6.566112e-01,2.915774e+00,2.438460e+00,-4.289147e-01
2.209671e+01,2.919593e+01,-6.236377e+00,1.425106e-01,3.484393e+00,1.696766e+00
1.020726e+01,1.824971e+01,-1.150533e+00,-1.510605e+00,2.571094e+00,1.191042e+00
-1.259274e+01,-2.049114e+00,4.636121e+00,-1.104072e+00,-1.934140e+00,-4.098364e-01
-1.564761e+01,6.349594e+00,1.242486e+01,-1.390465e+00,-4.327791e+00,-1.835700e+00
-2.924298e+00,1.447510e+01,1.198444e+01,-2.567593e+00,-1.232228e+00,3.085321e-01
4.371888e+00,9.841761e+00,6.659542e+00,-2.532725e+00,1.034455e+00,6.145968e-01
1.142844e+01,8.022463e+00,2.583526e+00,-1.114680e+00,3.793850e+00,1.303619e+00
4.653575e+00,1.022749e+01,2.397518e+00,-8.754940e-01,2.770605e+00,7.379953e-01
-2.298115e+00,9.667040e+00,2.580000e+00,-9.320632e-01,4.331306e-01,6.780882e-02
-3.349485e+00,8.691248e+00,2.237110e+00,-9.091462e-01,-4.801216e-01,-2.375638e-01
-2.267427e+00,9.397667e+00,2.025540e+00,-8.250208e-01,-6.095621e-01,-3.184067e-01
-1.069386e+00,9.404532e+00,2.482179e+00,-8.295552e-01,-2.828975e-01,-1.414479e-01
4.823474e-01,8.848575e+00,3.383483e+00,-8.341274e-01,4.693593e-02,1.596236e-02
6.031567e-01,9.144442e+00,3.354253e+00,-7.991314e-01,6.882967e-02,9.520595e-03
-8.601483e-01,9.045836e+00,3.529501e+00,-7.544551e-01,-7.927599e-02,-4.110042e-02
-1.205117e+00,9.052395e+00,3.592488e+00,-7.148532e-01,-1.900863e-01,-5.613126e-02
7.334195e-01,9.041221e+00,2.989837e+00,-6.888889e-01,-4.205561e-02,2.410172e-02
1.479663e+00,9.127505e+00,3.313618e+00,-6.835192e-01,1.211435e-01,8.684849e-02
1.324288e+00,8.593331e+00,3.658569e+00,-7.265227e-01,1.489558e-01,8.575225e-02
5.101636e-02,9.288644e+00,3.976780e+00,-7.336312e-01,-3.960247e-02,1.977147e-03
-1.478384e-01,9.021644e+00,4.083059e+00,-7.696961e-01,-3.569059e-01,-6.505232e-02
4.175476e-01,8.822622e+00,3.687548e+00,-7.277974e-01,-3.890141e-01,-1.012793e-01
-7.080898e-01,9.329115e+00,2.770326e+00,-6.944141e-01,-2.918308e-01,-9.777778e-02
-1.517245e+00,8.554147e+00,3.142412e+00,-7.165965e-01,-3.074122e-01,-9.864977e-02
-1.361305e-01,8.299324e+00,3.467717e+00,-7.987183e-01,-3.600282e-01,-7.777778e-02
7.808308e-01,8.551666e+00,3.693331e+00,-8.753980e-01,-2.682449e-01,-2.861011e-02
4.881513e-01,7.999021e+00,4.459158e+00,-1.052659e+00,-2.261727e-01,5.351410e-02
-1.294175e-01,8.019054e+00,5.191456e+00,-1.150529e+00,-4.214011e-01,2.124361e-02
-8.104436e-02,8.263133e+00,5.720049e+00,-1.269227e+00,-7.070497e-01,-8.968728e-03
-6.277350e-01,9.354846e+00,4.595786e+00,-1.322270e+00,-7.510408e-01,1.489398e-02
1.052883e+00,1.044292e+01,2.058311e+00,-1.409166e+00,-8.366197e-01,1.027776e-01
5.476180e+00,9.781920e+00,-2.731426e-01,-1.541986e+00,-8.628234e-01,1.760466e-01
8.770470e+00,1.395311e+01,-1.483647e+00,-2.131883e+00,-7.719659e-01,3.335042e-01
2.816377e+00,1.569438e+01,3.155194e+00,-2.780225e+00,-1.129456e+00,3.571368e-01
-1.718483e+00,1.440709e+01,9.111695e+00,-3.564889e+00,-2.733563e+00,1.964852e-01
-2.578956e+00,1.122879e+01,1.237890e+01,-3.631955e+00,-3.154022e+00,1.695135e-01
-4.628126e-01,8.576310e+00,1.257525e+01,-3.354557e+00,-2.552325e+00,-6.214609e-02
1.856571e+00,3.989273e+00,1.276616e+01,-2.763564e+00,-1.581536e+00,-3.736989e-01
6.783947e+00,6.628145e+00,7.290205e+00,-1.801084e+00,-5.605272e-01,-6.533441e-01
4.251181e+00,7.508858e+00,5.778536e+00,-1.272236e+00,-6.420386e-02,-8.571337e-01
5.988606e-01,2.316392e+00,7.379493e+00,1.870739e-01,-4.796965e-01,-1.528835e+00
1.639698e+00,3.309934e+00,7.187182e+00,1.267949e+00,-5.569335e-01,-1.883194e+00
1.511702e+00,4.662775e+00,8.383141e+00,2.252846e+00,2.477847e-01,-1.706378e+00
1.663620e+00,4.737938e+00,9.191168e+00,3.109106e+00,8.469546e-01,-1.626304e+00
3.757856e+00,5.307161e+00,1.088410e+01,4.482086e+00,1.650224e+00,-1.420946e+00
6.127414e+00,5.639967e+00,9.793555e+00,5.238076e+00,1.925766e+00,-1.226310e+00
1.410082e+01,5.378933e+00,9.889114e+00,6.408575e+00,1.759352e+00,-8.764112e-01
5.265239e+00,5.659847e+00,8.992238e+00,6.835599e+00,9.927515e-01,-4.819820e-01
-9.595810e+00,3.060669e+00,6.645138e+00,5.927045e+00,-1.601661e+00,-1.089190e+00
-2.006467e+01,-4.077237e+00,5.179665e+00,5.162504e+00,-2.615035e+00,-1.438093e+00
-4.471719e+00,6.705686e+00,2.932191e-01,2.774321e+00,-6.285365e-01,-8.904523e-01
1.684306e+01,2.308252e+01,-5.864412e-01,1.104051e-01,2.645435e+00,6.576621e-01
8.267833e+00,4.226971e+00,3.164847e+00,-1.304697e+00,5.014176e+00,2.119594e+00
5.197255e+00,5.350355e+00,8.299848e+00,-8.681614e-01,3.496138e+00,1.034865e+00
-1.133978e+00,1.225237e+01,7.483474e+00,-1.517008e+00,-1.183936e-01,-4.551822e-01
-3.774918e+00,1.141599e+01,4.973629e+00,-1.563479e+00,-7.984629e-01,-2.432962e-01
-3.796966e+00,8.342566e+00,4.031104e+00,-7.326408e-01,-9.497038e-01,-4.722573e-01
-8.416865e-01,9.516747e+00,3.078735e+00,-5.365669e-01,3.888116e-03,-1.155905e-01
3.451838e+00,9.839945e+00,1.575181e+00,-4.329202e-01,1.228204e+00,2.725778e-01
2.752645e+00,8.799389e+00,1.408895e+00,-3.788997e-01,1.289129e+00,3.095947e-01
-1.754807e+00,9.692310e+00,3.409183e+00,-4.616620e-01,1.433902e-01,1.669571e-02
-1.605495e+00,9.942835e+00,4.529049e+00,-5.653047e-01,-5.243205e-01,-1.060099e-01
9.377103e-01,9.079061e+00,4.711331e+00,-5.292534e-01,-4.963771e-01,-6.072376e-02
2.419368e+00,9.230800e+00,4.089933e+00,-3.673475e-01,-1.493847e-01,2.313308e-02
1.411533e+00,9.487490e+00,3.831764e+00,-1.855212e-01,-5.806286e-02,4.964211e-02
-3.255493e-01,9.654132e+00,4.016308e+00,-1.011342e-01,-2.797957e-01,-2.035850e-02
-2.432975e-01,9.473405e+00,3.966380e+00,-2.762015e-03,-4.976220e-01,-9.980276e-02
6.760020e-02,9.624600e+00,3.794150e+00,6.547616e-02,-3.838638e-01,-9.726095e-02
1.492964e+00,9.873255e+00,4.940057e+00,1.733574e-01,-5.937339e-02,-5.284406e-02
2.126081e+00,1.024492e+01,5.351206e+00,2.766787e-01,9.243616e-02,-5.693409e-02
2.510765e+00,9.559898e+00,1.443647e+00,4.225700e-01,-2.596702e-01,-1.245640e-01
-1.655269e+00,7.768412e+00,-3.669792e-01,5.052052e-01,-6.505880e-01,-1.744451e-01
-5.126880e+00,8.171117e+00,2.611391e-01,5.130376e-01,-1.124994e+00,-3.225560e-01
-2.976527e+00,8.105612e+00,-4.388064e-03,3.551674e-01,-9.009157e-01,-2.939195e-01
2.663775e+00,9.677020e+00,1.671516e+00,1.065520e-01,3.594209e-01,1.186943e-01
3.494166e+00,9.748468e+00,3.144453e+00,-4.180774e-02,7.535391e-01,2.634468e-01
1.105632e+00,9.175156e+00,3.246562e+00,-1.663741e-01,2.351825e-01,1.278428e-01
-1.635139e+00,9.754325e+00,3.204593e+00,-1.811111e-01,-2.924173e-01,-2.158167e-02
-7.070523e-01,9.681920e+00,2.770861e+00,-1.551718e-01,-7.241365e-01,-1.276732e-01
1.052583e+00,9.065837e+00,1.912536e+00,-7.501413e-02,-4.026287e-01,-2.675927e-02
1.332379e+00,9.360841e+00,1.492326e+00,-1.363238e-02,4.529877e-02,1.246151e-01
1.021960e-01,9.211784e+00,2.429721e+00,-6.899804e-02,-1.023972e-01,1.053375e-01
-3.400000e-01,9.061266e+00,3.100278e+00,-1.563809e-01,-4.317235e-01,-3.764658e-03
1.639993e-01,9.666736e+00,3.390000e+00,-1.695082e-01,-4.504905e-01,-3.457191e-02
8.080687e-01,9.441931e+00,3.206161e+00,-1.219714e-01,-1.349303e-01,3.256949e-02
9.374988e-01,9.352596e+00,2.741056e+00,-5.260236e-02,-1.190386e-02,5.045240e-02
5.033797e-01,9.305251e+00,2.021941e+00,1.525471e-02,2.756921e-02,4.982050e-02
1.658696e-01,9.269964e+00,1.962065e+00,2.317135e-02,-3.998706e-02,2.906381e-02
3.776356e-01,9.303888e+00,2.237636e+00,-1.759405e-02,-7.280994e-02,2.333333e-02
7.239883e-01,9.340020e+00,2.657937e+00,-5.984083e-02,-4.770772e-02,3.714264e-02
5.740858e-01,9.330000e+00,3.159571e+00,-9.844422e-02,-2.910954e-02,3.666779e-02
6.247203e-01,9.251180e+00,3.216460e+00,-9.704426e-02,-3.083875e-02,2.704426e-02
6.092956e-01,9.331409e+00,3.152732e+00,-6.744276e-02,5.936369e-03,3.125572e-02
6.025360e-01,9.405024e+00,2.979808e+00,-3.346761e-02,3.993286e-02,3.222222e-02
6.875064e-01,9.255013e+00,2.746272e+00,1.178513e-02,4.962010e-02,3.185662e-02
6.528540e-01,9.261427e+00,2.502843e+00,3.915444e-02,4.888889e-02,2.603646e-02
5.841553e-01,9.228311e+00,2.288311e+00,3.459209e-02,2.905990e-02,2.417251e-02
5.094909e-01,9.279236e+00,2.381273e+00,2.564646e-02,1.628742e-02,2.122865e-02
5.320931e-01,9.189845e+00,2.502093e+00,-7.122840e-03,1.066960e-02,2.100440e-02
5.643544e-01,9.181532e+00,2.520000e+00,-3.342962e-02,2.544888e-02,2.287926e-02
6.764284e-01,9.353096e+00,2.651192e+00,-6.216468e-02,6.153798e-02,3.094005e-02
6.360347e-01,9.601838e+00,2.977757e+00,-9.258182e-02,6.949789e-02,3.774215e-02
6.419495e-01,9.300884e+00,3.062076e+00,-9.579407e-02,4.663526e-02,2.831763e-02
8.652908e-01,9.269971e+00,2.676511e+00,-6.470568e-02,2.742123e-02,2.379975e-02
1.879885e-01,9.211303e+00,2.657988e+00,-2.507139e-02,4.561137e-02,1.549975e-02
6.146210e-01,9.290990e+00,2.648020e+00,-5.932116e-03,5.524316e-02,9.853090e-03
8.565708e-01,9.166458e+00,2.540000e+00,-1.133316e-02,1.621086e-01,3.088819e-02
8.278890e-01,9.157222e+00,2.632111e+00,-2.338785e-02,1.998910e-01,3.955694e-02
7.129718e-01,9.345404e+00,2.945404e+00,-5.680217e-02,1.412170e-01,1.913033e-02
8.862435e-01,9.507889e+00,3.106244e+00,-7.909170e-02,1.040146e-01,1.000000e-02
3.103738e-01,9.600830e+00,3.011100e+00,-8.186158e-02,7.960577e-02,5.849026e-03
3.443269e-01,8.983433e+00,2.860747e+00,-4.502381e-02,2.938708e-02,-1.650433e-02
7.858001e-01,9.149244e+00,2.708822e+00,1.094980e-02,9.700740e-02,-1.956982e-02
7.888387e-01,9.031548e+00,2.679613e+00,-5.091312e-03,1.852244e-01,1.041475e-02
6.859314e-01,9.165931e+00,2.846617e+00,-2.338237e-02,1.859547e-01,5.837989e-03
7.016532e-01,9.174435e+00,2.928871e+00,-5.454018e-02,1.234963e-01,-1.004787e-02
6.318366e-01,9.103138e+00,2.689413e+00,-7.922125e-02,5.468229e-02,-3.177583e-02
5.244906e-01,9.086528e+00,2.445717e+00,-8.590526e-02,2.943783e-02,-4.416998e-02
7.567936e-01,9.098111e+00,2.461889e+00,-1.159388e-01,2.041470e-02,-4.819248e-02
9.377174e-01,9.017772e+00,2.742120e+00,-1.624702e-01,1.642859e-02,-4.719246e-02
9.083051e-01,9.164770e+00,3.141695e+00,-2.325794e-01,-6.198979e-02,-7.214475e-02
4.664311e-01,9.178766e+00,3.268311e+00,-2.610309e-01,-1.305611e-01,-9.616259e-02
1.552581e-01,9.183145e+00,3.371597e+00,-2.794300e-01,-1.999133e-01,-1.484923e-01
-1.727676e-02,9.299546e+00,3.488638e+00,-2.685181e-01,-1.515622e-01,-1.486417e-01
-8.885567e-02,9.339771e+00,3.247254e+00,-2.406595e-01,-1.107541e-02,-1.304197e-01
1.063587e-01,8.923677e+00,2.658206e+00,-1.869339e-01,1.175142e-01,-1.219513e-01
7.762664e-01,8.250640e+00,1.756854e+00,-1.062968e-01,2.830731e-01,-1.098147e-01
4.137209e-01,8.581982e+00,1.982494e+00,-1.289266e-01,3.538383e-01,-1.016415e-01
1.699351e-01,8.638810e+00,2.216688e+00,-3.666571e-01,3.162186e-01,-8.564891e-02
5.297142e-01,8.581086e+00,2.379943e+00,-4.790985e-01,2.506641e-01,-9.890929e-02
8.037166e-03,8.537145e+00,2.308607e+00,-7.133876e-01,1.639322e-01,-5.887128e-02
-8.955263e-01,8.401522e+00,3.535149e+00,-8.392843e-01,1.714269e-02,-1.109621e-01
-1.146335e+00,8.436496e+00,4.223369e+00,-9.561933e-01,-6.112642e-03,-9.523233e-02
-6.105634e-01,9.056409e+00,4.045697e+00,-9.994225e-01,1.743724e-01,-3.643196e-02
6.091471e-01,8.780190e+00,4.642773e+00,-1.016168e+00,2.647876e-01,2.691010e-02
4.867266e-01,8.247878e+00,5.574065e+00,-1.008225e+00,2.793034e-01,5.109011e-02
1.379313e+00,7.979536e+00,7.498144e+00,-1.028896e+00,6.615695e-02,5.017773e-03
1.415362e+00,9.033646e+00,7.331072e+00,-1.002820e+00,-2.698211e-02,-3.254237e-02
2.289292e-01,8.929610e+00,7.257671e+00,-8.728127e-01,-1.644582e-01,-1.376942e-01
-1.051889e+00,7.891415e+00,7.312160e+00,-7.002465e-01,-3.422772e-01,-1.699582e-01
-1.331062e+00,8.001635e+00,5.983057e+00,-3.913690e-01,-4.021270e-01,-2.109595e-01
-3.484899e-01,8.626538e+00,5.373462e+00,-2.542723e-01,-1.965859e-01,-1.173914e-01
1.784517e+00,7.921574e+00,4.885939e+00,-1.892279e-01,1.604897e-01,3.856875e-02
2.471558e+00,7.947987e+00,4.390844e+00,-1.925002e-01,2.850644e-01,5.858957e-02
2.376621e+00,7.956671e+00,3.823280e+00,-3.033899e-01,1.660536e-01,1.276627e-02
2.242976e+00,8.001700e+00,3.352328e+00,-4.242357e-01,-7.490898e-02,-5.547888e-02
1.820428e+00,8.010720e+00,2.665344e+00,-6.638389e-01,-5.050515e-01,-2.049498e-01
1.397741e+00,7.765983e+00,1.574352e+00,-9.191429e-01,-9.041941e-01,-3.341799e-01
2.188796e+00,9.655282e+00,-6.345208e-01,-1.336727e+00,-1.342669e+00,-4.396689e-01
3.931694e+00,1.277004e+01,-1.396398e+00,-1.794861e+00,-1.508745e+00,-3.838064e-01
3.304597e+00,1.735517e+01,4.071955e+00,-2.689535e+00,-1.670052e+00,-2.484965e-01
5.061386e-01,1.308675e+01,8.772002e+00,-3.400652e+00,-2.036099e+00,-2.209286e-01
-1.512232e+00,6.235283e+00,1.624384e+01,-3.304932e+00,-2.488306e+00,-2.632932e-01
-1.582914e+00,6.409534e+00,1.563100e+01,-3.062962e+00,-2.253552e+00,-2.118282e-01
3.476323e-01,7.038454e+00,1.067895e+01,-2.583105e+00,-1.493126e+00,-2.380686e-01
1.631461e+00,7.246359e+00,7.495049e+00,-1.856461e+00,-5.012067e-01,5.085094e-02
3.693776e+00,4.631288e+00,7.283991e+00,-2.055876e-02,2.317947e-01,-2.699027e-01
5.189215e+00,2.573615e+00,8.287015e+00,1.084043e+00,3.374061e-01,-4.480177e-01
2.783826e+00,1.856146e+00,9.790799e+00,2.779603e+00,1.154865e-03,-6.484165e-01
-1.837092e+00,1.875292e+00,9.969412e+00,3.716912e+00,-4.785440e-01,-7.400899e-01
-2.547100e+00,-1.292222e+00,1.174225e+01,4.741233e+00,-8.730519e-01,-8.996423e-01
1.153116e+00,-1.282941e+00,1.098001e+01,5.152703e+00,-3.983912e-01,-8.282091e-01
5.237454e+00,4.379629e+00,9.850467e+00,5.355813e+00,1.521713e+00,-5.685052e-01
3.773997e+00,3.349752e+00,8.114876e+00,4.758184e+00,1.999773e+00,-2.221811e-01
-1.035887e+01,-1.545219e+00,8.531593e+00,3.508749e+00,1.068367e+00,-2.764727e-01
4.091359e+00,2.976843e+01,7.795481e-01,2.757175e+00,3.539422e-01,-6.660259e-01
-7.590990e-01,2.401895e+00,3.654120e+00,-1.279819e+00,-4.842127e-02,-5.663994e-01
6.719294e+00,2.748260e+00,5.014641e+00,-4.901040e-01,1.794217e+00,1.384578e+00
9.953167e+00,1.064984e+01,3.837891e+00,-1.484982e-01,2.190532e+00,3.680757e-02
2.295825e+00,1.038402e+01,4.145430e+00,-7.511389e-01,1.728568e+00,5.172080e-01
-3.640949e+00,9.713043e+00,4.335390e+00,-3.216743e-01,-3.135189e-01,-5.538234e-01
-5.521468e+00,8.936244e+00,4.085920e+00,-2.823385e-01,-1.161840e+00,-6.794070e-01
-1.662711e+00,8.691871e+00,4.138388e+00,-1.360372e-01,-6.140836e-01,-5.004067e-01
2.072051e+00,8.527993e+00,3.024941e+00,-1.199463e-01,4.651983e-02,-2.497974e-01
2.967516e+00,9.415402e+00,3.207887e+00,-7.232793e-02,9.635869e-01,6.011842e-02
2.115040e-01,8.558487e+00,4.748491e+00,-1.607097e-01,7.878206e-01,6.316122e-02
-9.632939e-01,8.760175e+00,4.591637e+00,-1.768800e-01,-5.492037e-02,-1.795741e-01
-6.935574e-01,8.784178e+00,4.753154e+00,-1.803605e-01,-2.662662e-01,-2.175731e-01
6.719298e-01,8.911930e+00,4.757803e+00,-1.524934e-01,-9.435042e-02,-8.267426e-02
4.039981e-01,9.019157e+00,4.535367e+00,-8.866315e-02,9.499499e-02,-4.543511e-03
-2.193606e-01,8.838227e+00,4.067849e+00,1.857875e-02,1.497051e-02,1.994502e-02
-1.764341e-01,9.055446e+00,4.231189e+00,6.440308e-02,-4.010896e-02,6.766882e-03
8.668413e-01,9.016843e+00,4.021579e+00,9.036283e-02,2.495432e-02,6.561211e-02
5.967155e-01,9.039489e+00,3.903668e+00,8.753889e-02,9.316111e-02,9.531667e-02
1.710479e-01,9.324837e+00,4.527942e+00,1.030414e-01,8.451255e-02,8.530899e-02
6.746694e-01,8.718702e+00,3.975217e+00,8.396262e-02,-5.559497e-02,9.835304e-02
1.832656e+00,9.193606e+00,2.915984e+00,9.714337e-02,-5.085771e-02,1.362857e-01
4.398834e-02,9.120777e+00,2.475689e+00,1.009559e-01,-9.085785e-02,1.229658e-01
-1.110236e+00,8.195384e+00,2.809646e+00,7.415113e-02,-1.939899e-01,5.384713e-02
-5.482928e-01,8.124476e+00,3.005808e+00,1.047000e-02,-2.024976e-01,4.478345e-02
1.536149e+00,8.385427e+00,3.345361e+00,-9.983241e-02,9.237692e-02,1.645637e-01
9.642052e-01,8.737811e+00,3.840558e+00,-1.734444e-01,1.842436e-01,2.005641e-01
7.178163e-01,8.623276e+00,4.217816e+00,-2.122924e-01,2.009142e-02,1.331559e-01
6.774022e-01,8.554100e+00,4.242300e+00,-1.855556e-01,-1.848704e-01,2.638269e-02
1.706754e-01,8.724941e+00,4.375391e+00,-1.722222e-01,-1.608074e-01,3.535310e-02
1.846421e-01,8.960862e+00,4.502440e+00,-1.584743e-01,-1.327486e-01,2.666667e-02
1.070442e+00,9.033662e+00,4.358961e+00,-1.366148e-01,-3.895997e-02,4.258256e-02
1.374828e+00,9.432539e+00,4.492147e+00,-9.341893e-02,6.190521e-02,6.289586e-02
1.206293e+00,8.994347e+00,4.318693e+00,-2.755599e-02,7.339566e-02,5.840146e-02
9.807818e-01,8.702512e+00,3.981256e+00,3.905653e-02,-2.496784e-03,1.733129e-02
2.260544e-01,8.893674e+00,4.075782e+00,9.991077e-02,-7.075417e-02,-3.853195e-02
3.034896e-01,8.866510e+00,4.041362e+00,1.199103e-01,-1.206625e-01,-6.207268e-02
7.192959e-01,8.806841e+00,3.755090e+00,1.321292e-01,-3.339956e-02,-3.316694e-02
8.942532e-01,8.924253e+00,3.556785e+00,1.466741e-01,1.556551e-02,-2.111484e-02
7.515951e-01,8.908054e+00,3.452919e+00,1.521676e-01,2.766846e-02,-3.155436e-02
6.229143e-01,8.853841e+00,3.465695e+00,1.427096e-01,-3.118732e-03,-4.383524e-02
2.220908e-01,8.924418e+00,3.488836e+00,1.096545e-01,-3.828510e-02,-6.604109e-02
2.089879e-01,8.913482e+00,3.475506e+00,9.311628e-02,-4.977649e-02,-7.088760e-02
5.019505e-01,8.935244e+00,3.630975e+00,6.351335e-02,-5.930481e-03,-5.208690e-02
6.435492e-01,8.941399e+00,3.618601e+00,4.592533e-02,3.674206e-02,-3.562915e-02
6.649666e-01,9.001958e+00,3.658042e+00,3.666667e-02,7.171829e-02,-1.868855e-02
4.262948e-01,8.983147e+00,3.682223e+00,2.053010e-02,6.171694e-02,-1.785351e-02
5.530344e-01,8.986111e+00,3.644786e+00,2.240095e-02,1.716408e-02,-2.537683e-02
6.098789e-01,8.909879e+00,3.683010e+00,2.393610e-02,1.534256e-02,-2.728151e-02
5.882144e-01,8.847856e+00,3.707856e+00,3.485181e-02,2.716673e-02,-1.888889e-02
5.502909e-01,8.925756e+00,3.790000e+00,1.897676e-02,1.350908e-02,-1.663738e-02
3.464197e-01,8.969432e+00,3.815284e+00,8.620587e-03,-1.417614e-02,-3.044036e-02
4.610748e-01,8.920000e+00,3.848925e+00,1.658749e-02,-1.888889e-02,-3.446028e-02
2.892401e-01,9.165579e+00,3.763437e+00,2.854980e-02,1.787164e-02,-2.227127e-02
2.558041e-01,8.946131e+00,3.661744e+00,3.777778e-02,4.426303e-02,-1.353993e-02
2.012623e-01,8.884563e+00,3.607864e+00,6.821364e-02,8.169346e-02,-2.260450e-02
3.993922e-01,8.915130e+00,3.545217e+00,9.710724e-02,1.191571e-01,-5.727917e-03
7.154795e-01,8.959555e+00,3.463630e+00,7.799133e-02,1.544166e-01,1.935934e-02
7.700000e-01,8.986034e+00,3.463966e+00,6.080563e-02,1.774723e-01,3.333333e-02
5.106726e-01,9.015048e+00,3.574664e+00,2.365605e-02,1.054896e-01,2.143382e-02
5.033362e-01,9.133336e+00,3.363700e+00,8.888889e-03,4.632897e-02,4.245188e-03
7.702226e-02,8.910668e+00,3.564889e+00,2.559783e-03,-1.029528e-02,-6.089972e-03
3.186428e-01,8.973186e+00,3.543864e+00,-3.219361e-03,-1.751184e-02,-4.558417e-03
5.722282e-01,9.133342e+00,3.552215e+00,-6.574486e-03,2.559886e-02,8.910541e-03
5.400000e-01,8.928647e+00,3.587162e+00,-1.234127e-02,4.159723e-02,1.617064e-02
4.166684e-01,8.913334e+00,3.696666e+00,-7.880561e-04,6.963613e-03,6.182084e-03
3.792788e-01,8.908558e+00,3.724639e+00,2.364284e-03,-1.652460e-02,-1.146627e-03
4.558674e-01,8.954711e+00,3.722934e+00,-1.071092e-02,-9.478587e-03,2.733048e-03
4.247513e-01,8.974917e+00,3.709834e+00,-1.195076e-02,6.786440e-04,3.469062e-03
3.865727e-01,9.053315e+00,3.726685e+00,-5.844996e-03,6.449586e-03,4.661525e-03
3.664093e-01,8.944865e+00,3.727181e+00,1.567258e-04,6.196489e-03,6.509941e-03
5.571209e-01,8.945424e+00,3.715424e+00,1.899547e-02,1.815083e-02,9.102059e-03
5.164145e-01,8.982643e+00,3.720000e+00,2.086114e-02,2.468065e-02,1.283339e-02
4.690272e-01,8.983362e+00,3.714778e+00,2.345670e-02,1.858048e-02,1.191382e-02
4.870982e-01,8.972902e+00,3.691607e+00,2.546119e-02,1.356926e-02,6.902593e-03
4.123122e-01,8.946937e+00,3.749249e+00,3.771513e-02,-2.159575e-03,3.458627e-03
4.431964e-01,9.002475e+00,3.784639e+00,3.775903e-02,-7.469886e-04,5.798304e-03
4.800000e-01,8.998956e+00,3.835522e+00,5.313118e-02,8.282422e-03,9.091045e-03
4.400000e-01,9.013608e+00,3.852623e+00,6.132572e-02,2.387628e-02,7.588389e-03
5.521650e-01,9.065017e+00,3.703539e+00,9.391474e-02,2.235142e-02,5.523255e-03
5.121896e-01,9.056877e+00,3.608126e+00,1.141030e-01,2.684428e-02,4.266836e-03
1.469851e-01,9.174684e+00,3.278493e+00,1.421746e-01,2.027339e-02,-5.781285e-03
6.760556e-03,8.986338e+00,3.156338e+00,1.562017e-01,1.635667e-02,-1.142111e-02
2.160347e-01,9.146035e+00,2.780000e+00,1.819648e-01,8.769626e-02,1.625908e-03
2.489706e-01,8.593162e+00,2.882904e+00,1.656693e-01,1.472704e-01,1.955382e-02
5.589435e-01,9.021050e+00,2.958943e+00,1.469567e-01,1.732366e-01,1.858694e-02
6.130639e-01,9.060404e+00,3.170000e+00,5.213730e-02,1.842150e-01,4.950497e-02
4.252157e-01,8.929137e+00,3.434784e+00,-7.269494e-03,1.383065e-01,3.699871e-02
4.593688e-01,9.088738e+00,3.502281e+00,-2.477202e-02,1.000089e-01,3.166888e-02
5.155704e-01,9.090000e+00,3.482215e+00,-5.107250e-02,7.524953e-02,3.808380e-02
4.256001e-01,9.150799e+00,3.697200e+00,-5.218997e-02,6.903405e-02,3.558781e-02
5.952714e-01,9.117636e+00,3.664473e+00,-4.003803e-02,4.573440e-02,3.279679e-02
5.632864e-01,9.084429e+00,3.631142e+00,-2.351009e-02,4.607070e-02,2.666667e-02
4.426449e-01,9.120580e+00,3.492065e+00,2.158253e-03,1.263524e-02,2.149214e-02
4.886468e-01,9.120269e+00,3.438916e+00,1.307763e-02,-1.966514e-03,2.209437e-02
3.791058e-01,9.022537e+00,3.287463e+00,2.564056e-02,-1.102001e-02,2.410444e-02
3.933299e-01,8.975567e+00,3.319990e+00,2.901666e-02,-2.333333e-02,1.856947e-02
2.792346e-01,9.036543e+00,3.349235e+00,3.111111e-02,-2.154087e-02,1.294811e-02
4.150182e-01,9.242015e+00,3.378974e+00,2.674274e-02,-1.133933e-02,2.306708e-02
5.428961e-01,8.910082e+00,3.285710e+00,8.280254e-03,2.782803e-02,4.091012e-02
5.720562e-01,9.116729e+00,3.393925e+00,2.318595e-02,2.802948e-02,3.322902e-02
3.208293e-01,9.221659e+00,3.603626e+00,-4.337005e-03,8.207536e-03,4.344077e-02
1.892038e-01,8.962389e+00,3.649204e+00,7.977138e-04,-1.950752e-02,3.133497e-02
3.960047e-01,9.083144e+00,3.420511e+00,3.468207e-02,1.975798e-02,3.880748e-02
7.988367e-01,9.055582e+00,3.250000e+00,4.474511e-02,6.645756e-02,6.267323e-02
8.558282e-01,9.084998e+00,3.258334e+00,3.942895e-02,9.558875e-02,6.841301e-02
5.717094e-01,9.006182e+00,3.300655e+00,3.246912e-02,4.802432e-02,5.555544e-02
9.967759e-01,9.134041e+00,3.042123e+00,1.664390e-02,-4.667805e-02,2.334472e-02
9.902749e-01,9.030092e+00,3.071311e+00,-1.315683e-04,-5.010121e-02,2.445457e-02
5.981464e-01,9.056293e+00,3.266976e+00,-3.223746e-02,-1.337672e-01,-4.098206e-03
7.500792e-01,8.989881e+00,3.330079e+00,-5.218557e-02,-2.231207e-01,-3.106713e-02
1.250000e+00,9.076311e+00,3.271230e+00,-6.546129e-02,-2.316947e-01,-4.378526e-02
6.437137e-01,9.164089e+00,3.341599e+00,-8.156345e-02,-2.617946e-01,-4.866765e-02
-1.784179e-01,9.240527e+00,3.690907e+00,-9.414696e-02,-3.809891e-01,-8.167557e-02
-4.663189e-01,8.998374e+00,3.858773e+00,-8.712267e-02,-3.826448e-01,-9.657547e-02
1.175299e+00,9.039039e+00,3.368364e+00,-3.929263e-02,-1.473324e-01,-3.099603e-02
1.725009e+00,8.944209e+00,3.303687e+00,-1.692033e-02,1.553370e-03,2.681409e-02
1.612082e+00,8.913804e+00,3.382823e+00,-6.704022e-03,1.503198e-03,2.170865e-02
9.689836e-01,9.097433e+00,3.445321e+00,-2.964754e-02,-2.058146e-01,-5.299056e-02
3.967954e-01,9.193494e+00,3.436989e+00,-7.307688e-02,-4.579062e-01,-1.294873e-01
-8.733461e-02,8.843166e+00,3.499779e+00,-5.361955e-02,-4.821912e-01,-1.442541e-01
-3.080951e-01,9.053691e+00,3.639048e+00,-2.484675e-02,-4.322798e-01,-1.279694e-01
2.608462e-01,9.046448e+00,3.626448e+00,-4.087851e-02,-2.928950e-01,-7.987117e-02
1.840282e+00,9.082403e+00,3.317597e+00,-2.897023e-02,-3.192298e-02,6.124919e-03
1.708241e+00,9.078143e+00,3.274072e+00,-3.507376e-02,-1.437565e-02,9.950828e-03
5.403635e-01,8.878847e+00,3.517204e+00,-3.877418e-02,-2.204882e-01,-4.976725e-02
3.864420e-01,9.215491e+00,3.441625e+00,-3.122951e-02,-4.085699e-01,-1.097358e-01
3.280097e-01,8.859968e+00,3.254013e+00,-4.412656e-02,-3.981839e-01,-1.014731e-01
4.172393e-01,9.160000e+00,3.310644e+00,-2.567058e-02,-3.576248e-01,-9.011503e-02
3.117226e-01,9.322954e+00,3.535900e+00,-5.157566e-02,-2.994349e-01,-6.349021e-02
3.624454e-01,8.624851e+00,3.798728e+00,-5.743027e-02,-2.711111e-01,-4.692730e-02
6.385595e-01,9.007311e+00,3.778788e+00,-5.928313e-02,-1.853963e-01,-4.317410e-02
4.295408e-01,9.014770e+00,3.754954e+00,-4.646981e-02,-1.569355e-01,-1.720424e-02
6.320303e-01,9.089697e+00,3.613909e+00,-2.248409e-02,-1.256597e-01,-1.359520e-02
6.378352e-01,8.920000e+00,3.555299e+00,-2.413770e-03,-6.688693e-02,8.237559e-03
9.111125e-01,8.822890e+00,3.259444e+00,3.077745e-02,-2.850072e-02,1.427761e-02
1.072630e+00,8.944204e+00,3.293685e+00,3.078615e-02,-8.616462e-03,2.235844e-02
9.944916e-01,9.053958e+00,3.317220e+00,8.817039e-03,-1.290370e-03,2.648741e-02
8.975054e-01,8.981685e+00,3.553326e+00,-2.076921e-02,-4.277061e-02,1.777778e-02
7.559250e-01,8.996481e+00,3.739444e+00,-2.211570e-02,-8.648616e-02,-5.375048e-03
7.446673e-01,9.097879e+00,3.626424e+00,-1.765314e-02,-8.314638e-02,-9.979227e-03
6.384879e-01,9.032077e+00,3.542641e+00,5.182139e-03,-3.531575e-02,-1.285372e-03
9.004450e-01,9.208430e+00,3.490000e+00,1.459809e-02,-4.741652e-05,6.808462e-03
9.573045e-01,8.954185e+00,3.417163e+00,2.560136e-02,5.767140e-02,2.429226e-02
8.486213e-01,9.003448e+00,3.392069e+00,3.430389e-02,5.550870e-02,1.342704e-02
7.372024e-01,9.115789e+00,3.703408e+00,2.196605e-02,5.111111e-02,1.028498e-02
5.162372e-01,8.936258e+00,3.854070e+00,1.555556e-02,6.590707e-02,1.080727e-02
7.318188e-01,8.995091e+00,3.777563e+00,4.690839e-02,1.361397e-01,2.694868e-02
9.520675e-01,8.912448e+00,3.415528e+00,7.557997e-02,2.022177e-01,4.550222e-02
1.745667e+00,8.627375e+00,3.209968e+00,9.996355e-02,3.131830e-01,8.882054e-02
2.350158e+00,8.978704e+00,3.076550e+00,7.369821e-02,3.052122e-01,8.593944e-02
6.065253e-01,8.948723e+00,3.309007e+00,-5.275068e-02,1.214202e-01,5.149347e-02
5.012302e-01,8.914295e+00,3.445951e+00,-8.743701e-02,-8.472047e-02,-1.436527e-02
1.978402e+00,9.113826e+00,3.208620e+00,-9.747258e-02,-1.792280e-01,-5.548773e-02
2.116646e+00,9.042983e+00,3.513014e+00,-9.950666e-02,-1.415444e-01,-2.642221e-02
2.134192e+00,9.295166e+00,4.110321e+00,-9.599923e-02,-2.879218e-01,-6.170268e-02
1.918579e+00,9.288470e+00,4.068980e+00,-9.332020e-02,-4.877827e-01,-1.115887e-01
4.835623e-02,8.557759e+00,3.918510e+00,-3.190219e-02,-8.113551e-01,-2.114686e-01
4.839427e-01,9.035771e+00,3.351942e+00,-4.912395e-03,-9.331150e-01,-2.701752e-01
3.605127e-01,8.505598e+00,3.122878e+00,-2.264432e-02,-8.386654e-01,-2.379050e-01
5.753063e-01,8.959904e+00,3.146399e+00,-1.444039e-02,-7.605687e-01,-2.447227e-01
1.712431e+00,8.409579e+00,3.035296e+00,-6.615598e-02,-6.716729e-01,-2.144444e-01
2.557692e+00,8.604841e+00,2.896561e+00,-8.386007e-02,-6.745297e-01,-2.305694e-01
1.959336e+00,9.082918e+00,3.260849e+00,-1.876386e-01,-7.804980e-01,-2.789051e-01
8.366035e-01,9.286846e+00,3.540364e+00,-2.876195e-01,-1.035508e+00,-3.654742e-01
2.226681e+00,8.649276e+00,3.627632e+00,-3.234983e-01,-1.324761e+00,-5.013611e-01
6.396591e+00,8.667813e+00,3.487697e+00,-2.801534e-01,-1.287704e+00,-5.011418e-01
7.327897e+00,8.086841e+00,3.952982e+00,-2.944418e-01,-1.416746e+00,-5.879699e-01
5.499725e+00,8.244637e+00,4.831139e+00,-3.766122e-01,-2.158565e+00,-8.874368e-01
9.853775e-01,7.844899e+00,6.624622e+00,-5.336257e-01,-3.561203e+00,-1.372216e+00
1.396799e+00,7.883997e+00,6.071512e+00,-5.264478e-01,-3.941724e+00,-1.548943e+00
3.852469e-01,8.500000e+00,6.108956e+00,-4.934276e-01,-3.858449e+00,-1.555993e+00
-1.789559e+00,8.875302e+00,6.318642e+00,-4.991807e-01,-3.776767e+00,-1.541450e+00
-3.605560e+00,8.876204e+00,5.442334e+00,-3.329476e-01,-3.493544e+00,-1.424860e+00
-3.078229e+00,7.690595e+00,4.948821e+00,-1.479259e-01,-3.102873e+00,-1.253651e+00
-1.619019e+00,9.690000e+00,4.281411e+00,1.255332e-01,-2.233616e+00,-9.745351e-01
-1.051793e+00,9.754354e+00,3.714151e+00,7.308912e-02,-1.523566e+00,-6.695729e-01
-8.138522e-02,6.916044e+00,2.666119e+00,2.954252e-01,-7.422754e-01,-3.539958e-01
5.151287e-01,8.141598e+00,3.051647e+00,4.420209e-01,-4.056674e-01,-2.050783e-01
2.908398e+00,8.311917e+00,2.042475e+00,1.243138e-01,4.576839e-02,-1.296742e-01
2.404841e+00,8.415159e+00,1.521322e+00,2.635852e-02,2.631882e-01,-5.551312e-02
1.430964e+00,8.840482e+00,2.520482e+00,-1.390809e-02,-3.074779e-03,-1.240517e-01
3.384213e+00,8.169672e+00,2.607086e+00,-9.735300e-02,-1.169257e-01,-2.049600e-01
3.398805e+00,9.021082e+00,2.163776e+00,-2.224777e-01,-1.084659e-01,-2.501374e-01
1.657896e+00,9.982650e+00,3.057890e+00,-3.216276e-01,-3.304524e-01,-3.644037e-01
-3.432456e+00,9.150715e+00,4.607411e+00,-4.508384e-01,-9.865992e-01,-6.332565e-01
-3.718820e+00,9.663230e+00,4.435652e+00,-4.853770e-01,-1.277755e+00,-6.379815e-01
-1.341531e+00,9.050881e+00,4.040881e+00,-4.546399e-01,-8.290379e-01,-3.643168e-01
-2.501859e-01,9.280080e+00,4.375718e+00,-3.583800e-01,-2.743068e-01,-1.307571e-01
7.754952e-02,8.876428e+00,4.566635e+00,-3.353976e-01,4.006215e-02,5.745833e-02
2.226249e-01,9.217938e+00,4.334750e+00,-2.523047e-01,1.106143e-02,1.147584e-01
7.427380e-01,8.731641e+00,4.096019e+00,-2.036908e-01,-2.579738e-03,1.974588e-01
1.085917e+00,8.549340e+00,3.897775e+00,-1.505299e-01,3.157611e-02,2.631446e-01
8.948170e-01,8.756754e+00,3.528326e+00,-9.410958e-02,5.660576e-02,3.089498e-01
8.035420e-01,8.559374e+00,2.992779e+00,-1.195871e-01,-1.226463e-03,3.414511e-01
5.073629e-01,8.704471e+00,2.975529e+00,-1.444519e-01,1.000664e-02,3.644519e-01
1.607258e-01,8.605344e+00,3.178625e+00,-1.964915e-01,1.029245e-01,4.107604e-01
8.073632e-01,8.858944e+00,3.165790e+00,-2.761682e-01,2.649802e-01,4.778924e-01
7.432095e-01,8.756196e+00,3.437608e+00,-3.336604e-01,4.203523e-01,5.460923e-01
9.595147e-01,8.630777e+00,4.319903e+00,-3.676325e-01,5.033333e-01,6.159072e-01
1.246484e+00,8.921830e+00,4.499464e+00,-4.094899e-01,5.248234e-01,6.607187e-01
2.897095e+00,8.110068e+00,4.590304e+00,-4.394456e-01,5.527698e-01,7.291536e-01
2.482962e+00,8.605630e+00,4.713929e+00,-4.330811e-01,5.165646e-01,7.343647e-01
1.826484e+00,8.294329e+00,4.293157e+00,-4.841112e-01,2.363322e-01,7.671112e-01
6.652327e-01,8.425675e+00,4.057389e+00,-4.939503e-01,6.876682e-02,7.448152e-01
6.911097e-01,9.487741e+00,3.573807e+00,-5.870051e-01,-1.687493e-01,7.845997e-01
1.950078e+00,1.082814e+01,2.542425e+00,-6.494928e-01,-1.119842e-01,8.694502e-01
1.855002e+00,1.168200e+01,1.020497e+00,-7.992755e-01,-1.098837e-01,8.988103e-01
2.376559e+00,1.239796e+01,-5.003702e-01,-1.077047e+00,5.356044e-03,1.116052e+00
-2.053693e+00,1.538534e+01,3.974913e-01,-1.647359e+00,-1.342470e-01,1.229858e+00
-3.251781e+00,1.495936e+01,2.067190e+00,-2.138429e+00,-7.544695e-01,1.284368e+00
-1.899469e+00,1.217178e+01,5.696723e+00,-2.482240e+00,-1.204032e+00,1.434622e+00
-1.852219e+00,1.218178e+01,9.168326e+00,-2.388516e+00,-6.760859e-01,1.227107e+00
-1.968896e-01,9.244659e+00,8.456085e+00,-1.738005e+00,1.349831e-01,2.382796e-01
-1.702064e+00,1.407604e+01,8.010366e+00,-1.304396e+00,8.201439e-01,1.766769e-02
-9.686176e-01,8.615489e+00,1.004679e+01,-9.822965e-01,1.626112e+00,3.774024e-01
1.254572e+00,7.518031e+00,9.078642e+00,2.405405e-01,2.099586e+00,3.135145e-02
6.134952e+00,7.237440e+00,9.295598e+00,2.323370e+00,3.093845e+00,-2.816987e-03
8.990044e+00,6.979975e+00,9.529983e+00,3.372768e+00,3.111769e+00,-2.041270e-01
7.191223e+00,5.714233e+00,1.092079e+01,4.811778e+00,2.207815e+00,-1.083504e-01
3.923541e+00,5.391667e+00,1.109814e+01,5.518832e+00,1.347439e+00,-1.648545e-01
-5.229497e+00,2.061892e+00,9.794131e+00,6.273522e+00,5.308699e-01,-5.141638e-01
-8.532457e+00,1.378054e+00,1.083124e+01,6.296488e+00,9.011074e-01,-5.753285e-01
9.910223e-01,-2.561777e+00,8.536860e+00,5.224876e+00,2.819988e+00,7.537407e-02
6.755212e+00,-2.699812e+00,5.529628e+00,3.997635e+00,5.077923e+00,1.136391e+00
1.331518e+01,1.418948e+00,2.478258e+00,1.574306e+00,5.249832e+00,1.388396e+00
1.293078e+01,1.595192e+01,-3.250806e+00,3.515505e-02,4.064143e+00,8.917507e-01
-7.834909e+00,1.701424e+01,9.943885e+00,-1.581495e+00,1.549110e+00,7.300349e-02
-1.271812e+01,4.798580e-01,1.207723e+01,-1.858133e+00,-3.266613e-01,-1.460390e-01
-4.376778e+00,8.566320e+00,7.303797e+00,-2.413145e+00,-5.832158e-01,-9.211652e-01
1.418356e+00,1.490824e+01,9.357885e+00,-2.137748e+00,1.313310e+00,4.215448e-01
7.376442e+00,7.867070e+00,4.721528e+00,-1.377808e+00,2.518757e+00,6.141971e-01
8.690051e+00,7.578528e+00,5.199390e+00,-1.129345e+00,2.381091e+00,4.775886e-01
2.390022e+00,1.121115e+01,6.790000e+00,-1.018207e+00,1.080320e+00,1.997399e-01
6.653314e-02,9.041304e+00,5.844894e+00,-1.057267e+00,1.697688e-01,-4.710161e-02
2.458767e+00,9.001001e+00,3.803235e+00,-8.699791e-01,-6.815156e-01,-2.250442e-01
3.570727e+00,9.515081e+00,2.819194e+00,-7.403319e-01,-4.290476e-01,-1.462722e-01
-1.052663e+00,8.498201e+00,2.967626e+00,-7.539321e-01,-5.414577e-01,-1.953495e-01
-2.623808e+00,8.039973e+00,3.045014e+00,-8.041370e-01,-9.565864e-01,-3.147883e-01
-2.301789e+00,8.076379e+00,3.328186e+00,-9.091005e-01,-1.059669e+00,-2.997470e-01
-5.303107e-01,8.169603e+00,3.155155e+00,-9.765826e-01,-7.052942e-01,-1.659384e-01
5.803803e-02,7.049649e+00,2.296550e+00,-1.090884e+00,-1.467869e-01,7.298124e-02
6.179324e-01,6.722717e+00,2.154784e+00,-1.220718e+00,7.688615e-02,1.982359e-01
4.239182e+00,8.922250e+00,1.150409e+00,-1.526992e+00,2.762379e-01,3.936218e-01
4.062120e+00,8.805187e+00,5.190024e-01,-1.831812e+00,2.769755e-01,4.617322e-01
1.876406e+00,1.321350e+01,2.140797e-01,-2.265011e+00,-2.725511e-01,3.634828e-01
3.017363e+00,1.770004e+01,-1.708340e+00,-2.730570e+00,-9.009346e-01,3.866412e-01
-3.024513e-01,1.338682e+01,3.488147e+00,-3.466817e+00,-1.475422e+00,4.791291e-01
-3.090326e+00,1.761423e+01,1.349368e+01,-3.828821e+00,-2.179248e+00,1.904318e-01
-3.903548e+00,1.672044e+01,1.551843e+01,-4.125624e+00,-2.843540e+00,-3.757495e-02
-1.183383e+00,8.660260e+00,1.304353e+01,-3.629552e+00,-1.951501e+00,-4.534468e-02
7.984614e+00,7.055666e+00,7.085751e+00,-1.466072e+00,-2.144309e-01,1.460080e-01
5.658111e+00,7.698844e+00,7.931792e+00,-1.156619e+00,7.424352e-01,9.936223e-03
2.581598e+00,4.885876e+00,7.643102e+00,2.207100e-01,4.295240e-01,-7.134058e-01
2.667634e+00,3.553325e+00,6.482417e+00,1.196307e+00,2.486865e-01,-1.085466e+00
3.226575e+00,3.057933e+00,8.118780e+00,2.628012e+00,7.873526e-01,-1.097857e+00
3.434704e+00,3.053136e+00,8.072596e+00,3.524672e+00,1.211946e+00,-1.180599e+00
4.228801e+00,3.643244e+00,1.086231e+01,4.805382e+00,1.562398e+00,-1.154332e+00
5.536102e+00,3.696344e+00,1.315946e+01,5.567705e+00,1.584824e+00,-1.042795e+00
8.192398e+00,5.358074e+00,1.219318e+01,6.723239e+00,1.293232e+00,-7.565789e-01
5.802795e+00,5.125244e+00,1.210207e+01,7.431942e+00,7.559788e-01,-4.430850e-01
-1.034058e+01,1.307773e+00,8.239963e+00,7.221621e+00,-4.502180e-01,-3.395631e-01
-1.401310e+01,-6.029963e+00,4.500424e+00,6.055514e+00,-1.058792e+00,-6.320581e-01
-6.953001e+00,-6.675489e+00,8.494091e+00,3.405852e+00,4.802338e-01,-6.643616e-01
1.652504e+01,2.205062e+01,2.296895e+00,6.165633e-01,2.654728e+00,3.329573e-01
6.548685e+00,2.081198e+00,1.247634e+01,-2.638392e+00,4.778617e+00,1.812930e+00
1.055097e+01,-2.676745e+00,9.425241e+00,-2.784931e+00,2.815098e+00,6.801469e-01
-1.932161e+00,1.383855e+01,9.808597e+00,-2.460960e+00,-1.972901e-01,-1.147966e+00
-8.155592e+00,1.665641e+01,8.928450e+00,-2.450741e+00,-1.393450e+00,-4.343361e-01
-5.640597e+00,8.421723e+00,5.383446e+00,-1.401228e+00,-1.099188e+00,-5.704266e-01
3.651987e+00,7.729158e+00,3.168165e+00,-9.723802e-01,4.932231e-01,-6.256383e-02
6.787035e+00,1.051984e+01,2.852965e+00,-7.085669e-01,1.962280e+00,4.684217e-01
4.912169e+00,9.132040e+00,2.789016e+00,-8.356445e-01,1.534685e+00,3.269193e-01
3.535622e-01,9.640068e+00,2.839932e+00,-9.143581e-01,1.556606e-01,-5.602105e-02
-8.047161e-01,9.925173e+00,2.329310e+00,-1.005107e+00,-6.964603e-01,-3.123165e-01
-1.320849e+00,8.600480e+00,2.232804e+00,-1.123170e+00,-9.116340e-01,-3.243464e-01
-1.117897e+00,8.491452e+00,3.150817e+00,-1.184802e+00,-8.304418e-01,-2.793326e-01
6.388704e-01,8.284602e+00,4.595021e+00,-1.366935e+00,-6.578598e-01,-2.094706e-01
1.816016e+00,8.669785e+00,5.025725e+00,-1.451107e+00,-5.215935e-01,-1.239897e-01
1.112991e+00,8.653038e+00,3.564487e+00,-1.504416e+00,-3.633355e-01,-3.948000e-02
-2.680438e-01,7.080619e+00,1.259121e+00,-1.533191e+00,-4.031078e-01,2.051809e-02
1.636967e+00,8.882503e+00,-1.161342e+00,-1.646383e+00,-4.014668e-01,1.404280e-01
4.149498e+00,9.683196e+00,-1.415160e+00,-1.979723e+00,-3.748897e-01,3.043532e-01
6.531392e+00,1.202182e+01,-2.874175e+00,-2.659231e+00,-6.861280e-01,2.269558e-01
6.206624e+00,1.722156e+01,-2.192338e+00,-3.139893e+00,-1.211090e+00,1.135966e-01
-4.285027e+00,1.802026e+01,1.198468e+01,-4.008046e+00,-2.199160e+00,3.026537e-02
-1.079490e+01,2.344273e+01,1.699590e+01,-4.428624e+00,-3.687285e+00,-1.142944e-01
-9.018265e+00,1.315964e+01,1.616264e+01,-4.379370e+00,-3.885243e+00,-1.555375e-01
4.809839e+00,2.425670e+00,1.473712e+01,-2.981230e+00,-1.651380e+00,3.488066e-01
1.028234e+01,8.806823e+00,7.533606e+00,-9.709019e-01,1.303935e+00,7.489546e-01
8.424869e+00,6.988524e+00,8.379010e+00,-5.150861e-01,2.112219e+00,3.357656e-01
5.104393e+00,2.355900e+00,6.646715e+00,1.661135e+00,1.087296e+00,-6.545103e-01
4.060641e+00,1.249395e+00,7.239609e+00,2.933971e+00,5.153957e-01,-9.350972e-01
3.924570e+00,2.496972e+00,9.202230e+00,4.042046e+00,4.337410e-01,-1.157267e+00
3.484255e+00,3.147235e+00,1.116965e+01,4.868897e+00,7.442093e-01,-1.405539e+00
3.324160e+00,3.963613e+00,1.189869e+01,6.212459e+00,8.837479e-01,-1.468211e+00
4.565090e+00,4.975036e+00,1.234717e+01,7.150270e+00,8.849555e-01,-1.313542e+00
3.168149e+00,6.842049e+00,1.150141e+01,7.897834e+00,9.079164e-01,-7.805070e-01
-3.893756e+00,2.796191e+00,7.169132e+00,7.781215e+00,7.126113e-01,-3.410679e-01
-1.334079e+01,-5.727288e+00,5.774145e+00,5.974652e+00,4.990978e-01,-1.804520e-01
1.737214e+00,-8.999220e+00,1.799981e+00,3.959557e+00,1.258745e+00,-2.281815e-01
1.280665e+01,2.675040e+01,-2.085137e+00,7.548874e-01,3.307766e+00,7.620142e-01
2.666985e+01,3.583587e+01,-1.258420e+00,-2.279205e+00,3.167706e+00,1.037906e+00
-7.770880e+00,-4.802198e+00,1.102795e+01,-1.487574e+00,1.226979e+00,8.543880e-01
-8.554024e+00,6.735178e+00,1.694463e+01,-1.744888e+00,-1.871235e+00,-1.712479e+00
-2.997985e+00,1.457286e+01,7.650810e+00,-3.364084e+00,-1.437666e+00,-8.606407e-01
-3.137734e-01,1.062451e+01,6.438786e+00,-2.639657e+00,6.348382e-01,2.096816e-01
1.992766e+00,8.477447e+00,4.427468e+00,-1.249031e+00,1.706977e+00,3.901436e-01
5.919756e+00,9.807806e+00,2.815572e+00,-1.093746e+00,2.100800e+00,5.587335e-01
3.336292e+00,9.557853e+00,2.892341e+00,-9.857613e-01,1.707612e+00,4.397663e-01
1.601683e+00,8.631496e+00,2.724763e+00,-1.068223e+00,4.752829e-01,-3.526650e-02
1.450827e+00,8.409965e+00,2.159552e+00,-1.154374e+00,-3.428833e-01,-2.343791e-01
2.959299e-01,8.856085e+00,2.474455e+00,-1.258444e+00,-6.704643e-01,-2.815009e-01
-3.577750e+00,8.890000e+00,4.384140e+00,-1.384399e+00,-1.141041e+00,-4.126761e-01
-2.205375e+00,8.776701e+00,5.119687e+00,-1.418988e+00,-1.262859e+00,-4.759518e-01
2.357460e+00,9.387802e+00,6.011340e+00,-1.423313e+00,-7.372847e-01,-2.882366e-01
2.760241e+00,9.871596e+00,4.583193e+00,-1.372635e+00,-1.041653e-01,-5.575566e-02
1.077372e+00,7.603166e+00,-5.713240e-01,-1.365428e+00,-1.989433e-02,1.488550e-01
1.486940e+00,8.799294e+00,-2.195718e+00,-1.433106e+00,-2.661742e-01,1.582985e-01
2.172251e+00,9.371566e+00,6.695286e-01,-1.997417e+00,-5.742965e-01,2.103863e-01
3.092872e+00,9.954108e+00,8.866099e-01,-2.570578e+00,-8.917938e-01,1.184554e-01
7.042056e+00,1.709947e+01,-2.842148e+00,-3.155573e+00,-1.217966e+00,1.418586e-01
4.897662e+00,1.788671e+01,1.238094e+00,-3.715022e+00,-1.490995e+00,3.313810e-01
-5.666048e+00,1.774880e+01,1.581433e+01,-4.314257e+00,-2.868429e+00,8.986801e-02
-9.878559e+00,2.087995e+01,1.805501e+01,-4.348567e+00,-4.488919e+00,-3.608479e-01
-1.361603e+00,5.536362e+00,1.597724e+01,-3.939906e+00,-3.344093e+00,-4.802711e-01
5.207354e+00,5.711833e+00,9.373659e+00,-2.141773e+00,-1.539096e+00,-4.370985e-02
5.926243e+00,7.146735e+00,7.779363e+00,-6.144307e-01,1.110448e+00,1.314478e-01
4.532648e+00,4.182277e+00,8.116713e+00,5.535150e-01,1.242789e+00,-4.128441e-01
2.721273e+00,1.471427e+00,7.401657e+00,2.516609e+00,8.703754e-01,-1.106294e+00
2.184145e+00,1.932605e+00,9.042575e+00,3.539540e+00,8.545999e-01,-1.184716e+00
2.099992e+00,2.672489e+00,1.020496e+01,4.457627e+00,1.088929e+00,-1.482142e+00
3.007981e+00,3.237244e+00,1.223730e+01,5.385806e+00,1.515626e+00,-1.502212e+00
4.548811e+00,5.685314e+00,1.367529e+01,6.623869e+00,1.896462e+00,-1.355650e+00
8.222411e+00,9.249881e+00,1.279650e+01,7.405614e+00,1.918365e+00,-1.148573e+00
8.966353e-01,6.349397e+00,6.576986e+00,8.126081e+00,1.727566e+00,-6.452120e-01
-1.072036e+01,-1.109348e+00,4.680912e+00,7.585306e+00,8.569589e-01,-3.578700e-01
-3.235021e+00,-1.128665e+01,-8.946676e-01,5.197331e+00,5.112750e-01,-8.825646e-01
4.562618e+00,6.216428e+00,3.503915e+00,2.872554e+00,2.407722e+00,-3.643712e-01
2.694827e+01,3.380237e+01,2.091120e+00,-9.900811e-01,4.312673e+00,1.159514e+00
8.895279e+00,2.422974e+00,4.232079e+00,-2.833296e+00,3.377231e+00,7.358127e-01
-2.172125e+00,-2.576431e+00,1.398973e+01,-2.668805e+00,1.096365e+00,-5.339971e-01
-1.017335e+00,1.215088e+01,1.183733e+01,-3.307545e+00,-4.386096e-01,-7.075054e-01
-6.776586e+00,1.370684e+01,8.754768e+00,-3.398329e+00,-9.543555e-01,-8.324023e-01
-8.268423e+00,7.365937e+00,7.033786e+00,-2.455388e+00,-1.023522e+00,-6.434349e-02
2.547510e+00,9.134878e+00,5.037868e+00,-1.369352e+00,3.636401e-01,-2.331731e-02
7.418174e+00,1.077067e+01,4.451869e+00,-1.254683e+00,1.810130e+00,6.364325e-01
5.621673e+00,9.113882e+00,4.259029e+00,-1.139871e+00,1.969945e+00,4.421189e-01
2.881350e+00,8.995877e+00,4.510495e+00,-1.155139e+00,9.388607e-01,2.242098e-01
3.605983e-01,1.020148e+01,3.759151e+00,-1.105325e+00,-4.498193e-01,-1.800999e-01
-5.008088e-01,9.285228e+00,3.040632e+00,-1.103721e+00,-8.076502e-01,-2.962538e-01
-1.410585e+00,8.303163e+00,2.962486e+00,-1.091461e+00,-9.143155e-01,-3.263630e-01
-2.112984e+00,7.903581e+00,3.199403e+00,-1.139852e+00,-8.676092e-01,-2.526991e-01
-2.125058e-01,7.351671e+00,2.703749e+00,-1.217603e+00,-7.164933e-01,-2.103023e-01
2.462727e-01,7.141606e+00,2.417303e+00,-1.330236e+00,-4.236262e-01,-6.631197e-02
2.749953e+00,9.393315e+00,6.566783e-01,-1.501567e+00,-1.704662e-01,7.991242e-02
3.354643e+00,8.793103e+00,5.807606e-01,-1.783903e+00,-1.269580e-01,1.925262e-01
2.581412e+00,9.301326e+00,1.409654e+00,-2.267004e+00,-5.796375e-01,1.095864e-01
4.524165e+00,1.152049e+01,2.059776e-01,-2.708433e+00,-1.061327e+00,9.377572e-02
5.029197e+00,1.776348e+01,-1.752409e+00,-3.257055e+00,-1.260816e+00,2.007239e-01
-3.397553e-01,1.687935e+01,5.242343e+00,-3.765747e+00,-1.864392e+00,2.439497e-01
-5.835982e+00,1.987210e+01,1.615427e+01,-4.194659e+00,-3.121829e+00,-7.537084e-02
-4.462741e+00,1.864438e+01,1.611330e+01,-4.344717e+00,-3.835161e+00,-2.931046e-01
6.076341e+00,3.629555e+00,1.213802e+01,-3.213904e+00,-1.845163e+00,9.067007e-02
9.881997e+00,6.318745e+00,6.567575e+00,-1.414918e+00,-1.753450e-01,1.010711e-01
4.924665e+00,5.468273e+00,7.674209e+00,-5.650192e-01,5.552799e-01,-3.811497e-01
3.302294e+00,3.821945e+00,7.383568e+00,6.714673e-01,1.622252e-01,-1.139219e+00
2.982910e+00,1.632010e+00,7.287564e+00,2.564394e+00,-1.482466e-01,-1.840000e+00
3.826201e+00,2.835675e+00,9.141397e+00,3.603787e+00,3.352315e-01,-1.842281e+00
3.417269e+00,3.207474e+00,1.195233e+01,4.662815e+00,1.048237e+00,-1.930135e+00
3.792248e+00,4.055962e+00,1.428883e+01,5.647018e+00,1.265003e+00,-1.846329e+00
4.899576e+00,5.932408e+00,1.149584e+01,6.749110e+00,1.458102e+00,-1.639771e+00
5.812052e+00,7.188690e+00,1.348846e+01,7.640228e+00,1.278087e+00,-1.163277e+00
-3.193738e+00,4.790969e+00,4.482582e+00,7.951614e+00,9.585755e-01,-3.005174e-01
-1.513529e+01,-4.406738e+00,8.125410e+00,6.987605e+00,3.040075e-01,-3.267155e-01
2.982579e+00,-1.010284e+01,3.727815e-02,4.292299e+00,1.133088e+00,-6.320104e-01
4.159062e+00,1.329069e+01,1.112685e+00,1.675864e+00,3.236247e+00,2.513885e-01
1.650052e+01,2.722224e+01,3.921494e+00,-2.033335e+00,3.149055e+00,9.646953e-01
3.035598e+00,4.295979e-01,6.726786e+00,-2.489699e+00,2.376996e+00,5.789683e-01
-4.712083e+00,4.210980e-01,1.532144e+01,-2.497501e+00,-4.230466e-02,-1.106554e+00
3.596570e-02,1.896738e+01,1.142878e+01,-3.123308e+00,-4.299109e-01,-6.434394e-01
-4.503223e+00,9.763888e+00,7.793436e+00,-2.761719e+00,1.293452e-01,-1.316747e-02
-3.962140e+00,6.811956e+00,5.857529e+00,-1.460786e+00,4.976129e-02,2.059881e-02
5.855264e+00,1.081223e+01,3.814520e+00,-9.699153e-01,1.224294e+00,2.621831e-01
4.969166e+00,1.010968e+01,3.148060e+00,-8.807435e-01,1.829189e+00,4.989555e-01
2.193462e+00,9.554781e+00,2.628700e+00,-9.453595e-01,8.283591e-01,1.164607e-01
4.764622e-01,9.762004e+00,2.426605e+00,-9.400625e-01,-2.298843e-01,-1.017393e-01
-1.035161e-02,9.362244e+00,1.338159e+00,-9.875710e-01,-9.064711e-01,-2.907215e-01
-1.309315e+00,8.309431e+00,1.528880e+00,-1.098584e+00,-9.868782e-01,-2.822222e-01
-2.020810e+00,8.293468e+00,3.354494e+00,-1.231939e+00,-1.079710e+00,-2.856028e-01
7.269308e-01,8.314356e+00,4.171287e+00,-1.379373e+00,-9.418867e-01,-2.047262e-01
1.732086e+00,8.604886e+00,4.239757e+00,-1.456507e+00,-4.969571e-01,-7.963330e-02
9.835585e-01,8.057455e+00,2.912182e+00,-1.510602e+00,-2.730656e-01,3.771545e-02
1.267139e+00,7.347142e+00,1.794291e+00,-1.620874e+00,-2.415837e-01,1.964960e-01
3.066179e+00,8.225466e+00,4.233978e-01,-1.760429e+00,-1.736588e-01,3.287323e-01
2.564737e+00,8.530783e+00,4.199010e-01,-2.131240e+00,-3.165847e-01,3.672670e-01
3.628782e+00,1.050073e+01,-8.646943e-02,-2.532861e+00,-7.817314e-01,2.782294e-01
2.754417e+00,1.671142e+01,-1.026271e+00,-3.020111e+00,-1.377370e+00,2.822886e-01
-3.378230e+00,1.699802e+01,5.616484e+00,-3.536689e+00,-1.779572e+00,4.325428e-01
-4.470092e+00,2.080459e+01,1.487969e+01,-4.051563e+00,-2.856245e+00,2.654669e-01
-4.410433e+00,2.056955e+01,1.529224e+01,-4.238277e+00,-2.989199e+00,1.554350e-01
5.852377e+00,3.601873e+00,1.429944e+01,-3.400879e+00,-1.304808e+00,3.883950e-01
9.961204e+00,5.097626e+00,8.321607e+00,-1.676660e+00,-1.647744e-01,3.922374e-01
7.014281e+00,7.140250e+00,7.784612e+00,-6.926070e-01,7.934771e-01,2.367044e-03
2.124213e+00,4.652144e+00,8.414853e+00,-8.409005e-02,3.499517e-01,-5.317026e-01
-2.241241e-01,1.832267e+00,7.441857e+00,1.797370e+00,-7.019177e-01,-1.512677e+00
1.565169e-01,1.626578e+00,8.512627e+00,2.899548e+00,-3.865278e-01,-1.698538e+00
1.879285e+00,2.429285e+00,1.050833e+01,4.023392e+00,6.242011e-01,-1.894895e+00
2.665065e+00,3.558093e+00,1.250872e+01,4.914130e+00,1.303646e+00,-1.878221e+00
3.527247e+00,4.567912e+00,1.338269e+01,5.930408e+00,1.639866e+00,-1.672158e+00
5.103672e+00,4.354834e+00,1.365503e+01,6.809226e+00,1.685659e+00,-1.437829e+00
3.490363e-01,7.727274e+00,8.557914e+00,7.711807e+00,1.710554e+00,-1.103795e+00
-5.857308e+00,5.855419e+00,6.649825e+00,7.406806e+00,1.358545e+00,-8.661613e-01
-5.198502e+00,-1.005965e+01,2.154248e+00,5.638524e+00,1.265503e+00,-9.364827e-01
3.439316e+00,-6.500649e+00,-2.912876e-01,3.551389e+00,2.668344e+00,-6.820139e-01
1.611450e+01,3.007891e+01,1.974688e+00,3.196465e-01,4.443118e+00,7.305239e-01
1.749125e+01,1.357304e+01,-7.063035e-01,-2.468043e+00,3.529829e+00,6.044714e-01
2.784657e-02,1.827764e-01,1.335557e+01,-1.058868e+00,3.582798e+00,1.507591e+00
-2.339687e+00,7.041008e+00,1.496395e+01,-2.829773e+00,1.030618e+00,-5.662786e-01
-9.149381e+00,1.392827e+01,1.063863e+01,-3.572278e+00,-1.561276e+00,-1.084205e+00
-1.202518e+01,8.462888e+00,9.438653e+00,-2.657571e+00,-1.734843e+00,-4.819939e-01
3.677288e+00,8.873929e+00,4.746574e+00,-1.416829e+00,-5.051125e-01,-3.713735e-01
1.031704e+01,1.167904e+01,3.335503e+00,-1.121845e+00,1.809297e+00,6.660971e-01
6.267977e+00,9.331030e+00,2.335382e+00,-9.314026e-01,2.665217e+00,6.808617e-01
1.516766e+00,9.291235e+00,3.047765e+00,-1.048148e+00,1.263767e+00,3.622772e-01
-2.957837e+00,9.593512e+00,3.077590e+00,-1.061086e+00,-1.055279e+00,-3.121493e-01
-1.277809e+00,8.370508e+00,2.064557e+00,-1.116742e+00,-1.336179e+00,-3.647913e-01
1.242019e-01,7.874067e+00,2.173480e+00,-1.104592e+00,-9.525275e-01,-2.820944e-01
-2.476203e-01,7.512961e+00,3.327281e+00,-1.192951e+00,-7.000790e-01,-2.077168e-01
-9.048670e-02,7.807958e+00,3.610324e+00,-1.393387e+00,-7.546085e-01,-2.817803e-01
3.623240e-01,6.786514e+00,3.202662e+00,-1.522588e+00,-7.449682e-01,-1.988963e-01
-3.119786e-02,6.075386e+00,2.606708e+00,-1.600821e+00,-4.553109e-01,-9.660614e-02
2.376955e+00,9.034173e+00,1.007233e+00,-1.732316e+00,-2.840203e-01,1.678779e-02
3.182941e+00,9.490261e+00,1.313790e+00,-2.118134e+00,-7.465879e-02,2.996987e-01
2.832989e+00,1.045541e+01,1.416090e+00,-2.466535e+00,-3.049679e-01,2.195250e-01
4.143452e+00,1.897282e+01,-8.510320e-01,-3.016610e+00,-1.029326e+00,1.284466e-01
2.919622e+00,1.797385e+01,1.739916e+00,-3.392593e+00,-1.442753e+00,1.106373e-01
-3.870000e+00,1.635167e+01,1.534795e+01,-4.003977e+00,-2.455084e+00,-1.127447e-01
-2.000090e+00,2.064327e+01,1.656900e+01,-4.275108e+00,-3.493060e+00,-4.698549e-01
5.016038e-01,1.100294e+01,1.333280e+01,-3.862116e+00,-2.705169e+00,-3.380243e-01
5.496806e+00,6.472797e-02,1.160598e+01,-2.468520e+00,-1.668580e+00,-2.517973e-01
5.323698e+00,6.616310e+00,6.200137e+00,-4.613629e-01,-1.214668e-01,-4.293036e-01
2.319594e+00,5.865917e+00,7.440362e+00,-2.361757e-01,5.697213e-02,-9.312246e-01
1.150672e+00,1.593434e+00,6.332485e+00,1.243502e+00,-2.412125e-01,-1.572606e+00
3.703376e+00,2.091190e+00,7.155252e+00,2.494918e+00,3.441800e-01,-1.595819e+00
4.815073e+00,2.686820e+00,8.675481e+00,3.538014e+00,1.484193e+00,-1.480009e+00
5.614702e+00,3.345286e+00,1.003247e+01,4.343251e+00,1.974318e+00,-1.435257e+00
6.531010e+00,5.513279e+00,1.426916e+01,5.536342e+00,1.909691e+00,-1.288196e+00
7.470177e+00,5.998107e+00,1.323208e+01,6.447176e+00,1.490960e+00,-1.131733e+00
7.722114e+00,7.980538e+00,1.191573e+01,7.697122e+00,5.902141e-01,-8.361966e-01
-1.119303e+00,6.012687e+00,6.356804e+00,7.869672e+00,1.286949e-01,-5.513509e-01
-1.726919e+01,-7.693375e+00,5.413051e+00,6.633239e+00,-1.678411e+00,-9.460478e-01
-7.851997e+00,-1.227897e+01,1.251203e+00,4.432819e+00,-1.343719e+00,-1.262299e+00
1.872435e+01,3.221889e+01,-3.224099e+00,1.276730e+00,2.028846e+00,1.729670e-01
2.251994e+01,2.748594e+01,1.259827e+00,-2.213582e+00,3.919266e+00,1.363982e+00
-1.523380e+00,-6.100503e+00,1.079785e+01,-1.655547e+00,2.863411e+00,1.418808e+00
-7.832203e+00,7.283478e+00,1.425223e+01,-2.035300e+00,-7.119227e-01,-1.408789e+00
-1.661525e+00,1.938749e+01,9.018241e+00,-2.685112e+00,-1.292292e+00,-7.386089e-01
-9.090984e-01,9.929872e+00,6.133851e+00,-2.371769e+00,4.516048e-03,1.918920e-01
2.726025e+00,8.955246e+00,2.070285e+00,-7.259799e-01,1.396619e+00,1.461245e-01
5.254660e+00,1.103881e+01,1.302881e+00,-6.465077e-01,1.818888e+00,4.099360e-01
1.670520e+00,8.719758e+00,-2.215878e-01,-5.939665e-01,1.490979e+00,3.377836e-01
-2.843903e-01,7.452027e+00,-9.632164e-01,-7.118468e-01,2.177110e-01,-2.701832e-02
-9.626233e-02,8.270493e+00,-9.182939e-01,-1.037908e+00,-6.240944e-01,-1.800058e-01
-6.073997e-01,8.915278e+00,5.158326e-01,-1.410152e+00,-7.996274e-01,-2.039979e-01
-1.262847e+00,9.046047e+00,4.145898e+00,-1.800760e+00,-9.628780e-01,-2.294605e-01
2.113746e-01,8.823952e+00,5.468985e+00,-1.979621e+00,-1.020372e+00,-2.737029e-01
1.958491e+00,8.947137e+00,6.731954e+00,-2.012312e+00,-7.393300e-01,-2.937473e-01
1.060427e+00,8.650213e+00,5.604448e+00,-1.955552e+00,-5.729622e-01,-2.116639e-01
-1.927103e-01,8.173284e+00,2.702543e+00,-1.882544e+00,-5.603814e-01,-8.690219e-02
9.765106e-01,9.379392e+00,1.319775e+00,-1.845199e+00,-5.580682e-01,7.621784e-02
1.867762e+00,9.406547e+00,1.319890e+00,-2.079955e+00,-4.584179e-01,2.392047e-01
2.615912e+00,1.068945e+01,1.098445e+00,-2.407759e+00,-6.665985e-01,1.978535e-01
6.494167e+00,1.550551e+01,-1.798758e+00,-2.865101e+00,-1.119283e+00,1.863421e-01
7.677848e+00,1.646089e+01,-1.467645e+00,-3.276914e+00,-1.420342e+00,1.881795e-01
-3.383997e+00,1.479341e+01,1.606326e+01,-3.965652e+00,-2.470271e+00,-3.398819e-02
-4.589563e+00,1.898333e+01,1.721940e+01,-4.316051e+00,-4.111509e+00,-6.297959e-01
-3.979296e+00,1.134831e+01,1.368629e+01,-4.110194e+00,-4.356729e+00,-9.604001e-01
2.604780e+00,2.388735e-02,1.192692e+01,-3.133455e+00,-2.982230e+00,-6.667205e-01
5.661564e+00,7.132935e+00,6.899080e+00,-6.755854e-01,-4.095271e-01,-5.947261e-01
2.227233e+00,6.303064e+00,8.875313e+00,-4.323024e-01,4.023624e-01,-9.404337e-01
1.478240e+00,2.118380e+00,6.593310e+00,9.464079e-01,1.666271e-01,-1.550928e+00
1.736566e+00,1.587811e+00,6.846751e+00,2.297693e+00,4.481792e-01,-1.714481e+00
2.665486e+00,2.578800e+00,9.805086e+00,3.623702e+00,1.488599e+00,-1.528997e+00
3.588324e+00,3.971788e+00,1.058771e+01,4.393310e+00,2.111875e+00,-1.604510e+00
5.086279e+00,4.979711e+00,1.396313e+01,5.475883e+00,2.512970e+00,-1.324476e+00
6.034688e+00,5.325194e+00,1.290657e+01,6.432134e+00,2.555898e+00,-1.035279e+00
8.145734e+00,7.959982e+00,1.157158e+01,7.765089e+00,1.968890e+00,-4.862527e-01
3.466557e-02,5.028027e+00,5.898502e+00,8.076640e+00,1.456063e+00,1.470071e-01
-1.750597e+01,-3.774131e+00,8.364087e+00,7.202132e+00,-2.271455e-02,-1.732815e-01
-3.133816e+00,-1.037036e+01,-3.692294e+00,5.208340e+00,-9.423320e-02,-9.852226e-01
1.652841e+01,2.626241e+01,-5.728200e-01,1.698105e+00,2.673633e+00,8.899407e-03
1.913211e+01,2.435026e+01,8.726988e-01,-1.805917e+00,3.511056e+00,1.072945e+00
2.485254e+00,-3.942658e+00,1.191458e+01,-1.757593e+00,3.634106e+00,1.475641e+00
-6.015987e+00,-2.778456e-01,1.458370e+01,-2.462016e+00,4.079182e-01,-8.133278e-01
-5.512368e+00,2.145691e+01,1.027950e+01,-2.921340e+00,-1.428400e+00,-9.507432e-01
-3.883096e+00,8.070249e+00,5.221232e+00,-2.501745e+00,-8.980472e-01,-3.524698e-01
-1.075540e+00,7.519371e+00,4.105160e+00,-1.263462e+00,3.151685e-01,3.962753e-02
5.485310e+00,1.166163e+01,2.756915e+00,-8.230549e-01,1.336075e+00,2.746425e-01
5.394681e+00,8.696567e+00,1.195925e+00,-7.949633e-01,2.348642e+00,6.503407e-01
2.696608e+00,7.366703e+00,1.166262e+00,-7.171560e-01,1.648176e+00,4.010016e-01
-5.238882e-01,9.439873e+00,7.909698e-01,-8.477343e-01,-4.468790e-01,-2.776598e-01
-8.332639e-01,8.174598e+00,-9.887380e-02,-1.076560e+00,-9.484014e-01,-3.300000e-01
-1.803546e+00,8.328360e+00,1.586720e+00,-1.316830e+00,-1.052498e+00,-3.737615e-01
-1.281826e+00,9.162148e+00,3.896026e+00,-1.572111e+00,-1.050074e+00,-3.065604e-01
2.304115e+00,9.145292e+00,5.192790e+00,-1.767670e+00,-7.786932e-01,-2.484400e-01
1.831689e+00,9.407614e+00,5.736299e+00,-1.810669e+00,-4.945556e-01,-1.965397e-01
-9.956481e-01,8.898333e+00,4.896297e+00,-1.792964e+00,-4.381904e-01,-1.147062e-01
-1.137971e-01,8.269031e+00,3.661200e+00,-1.683697e+00,-5.406869e-01,-6.705059e-02
2.047398e+00,9.532478e+00,1.536326e+00,-1.643999e+00,-3.434901e-01,9.390468e-02
1.955668e+00,8.822416e+00,1.221444e+00,-1.806507e+00,-1.817182e-01,2.622472e-01
3.809452e+00,9.845190e+00,9.554430e-01,-2.162655e+00,-4.292123e-01,2.709916e-01
5.443596e+00,1.244266e+01,-3.416698e-01,-2.522318e+00,-7.975351e-01,2.705372e-01
3.459321e+00,1.591456e+01,-6.780505e-01,-3.126580e+00,-1.301430e+00,2.513829e-01
-2.176023e+00,1.432133e+01,6.811385e+00,-3.604910e+00,-1.994683e+00,1.935804e-01
-5.341012e+00,2.111058e+01,1.622394e+01,-4.069616e+00,-3.523726e+00,-2.371373e-01
-4.960903e+00,1.973494e+01,1.499458e+01,-4.209094e+00,-3.908798e+00,-3.202962e-01
3.071376e+00,4.704192e-01,1.403008e+01,-3.516056e+00,-2.294405e+00,8.904765e-02
7.129799e+00,2.342283e+00,9.350731e+00,-1.459705e+00,-7.369206e-01,2.509679e-01
6.055903e+00,6.743830e+00,8.210195e+00,-6.569701e-01,7.061821e-01,-1.136467e-01
3.127572e+00,4.845771e+00,7.602647e+00,-5.748133e-02,5.470557e-01,-5.636019e-01
2.499299e+00,1.385284e+00,6.617776e+00,1.814053e+00,-1.368871e-01,-1.374395e+00
2.683876e+00,1.372039e+00,7.800678e+00,3.044273e+00,1.493153e-01,-1.470096e+00
3.009209e+00,2.938135e+00,9.745066e+00,4.058387e+00,7.708965e-01,-1.653692e+00
3.174290e+00,3.735338e+00,1.127117e+01,4.880954e+00,1.253758e+00,-1.738211e+00
5.402956e+00,5.419420e+00,1.382902e+01,6.126670e+00,1.490932e+00,-1.564724e+00
8.038192e+00,7.457934e+00,1.251314e+01,6.976455e+00,1.492328e+00,-1.326758e+00
-8.469921e-01,8.626838e+00,7.080928e+00,8.135503e+00,1.290344e+00,-6.278042e-01
-1.261960e+01,3.243499e+00,5.188267e+00,8.057548e+00,5.278754e-01,-2.820056e-01
-7.319293e+00,-1.379254e+01,-3.861684e+00,6.607931e+00,1.560717e-01,-7.788806e-01
4.539935e+00,-1.540999e+01,-1.810032e+00,4.275361e+00,2.176736e+00,-5.309573e-01
2.537335e+01,3.377831e+01,-1.678126e+00,-2.022757e-01,5.229698e+00,1.519722e+00
2.176637e+01,1.996521e+01,-8.052519e-01,-2.914312e+00,4.335683e+00,1.187099e+00
-5.119127e+00,-4.338215e+00,1.228812e+01,-1.721242e+00,1.991230e+00,1.227506e+00
-9.996790e+00,4.741317e+00,1.399868e+01,-2.148186e+00,-2.074942e+00,-2.130896e+00
-9.617032e+00,1.862272e+01,1.191848e+01,-3.011795e+00,-1.876304e+00,-7.730411e-01
-3.205996e-01,7.896274e+00,5.214127e+00,-2.840429e+00,-6.349676e-01,-3.724364e-01
6.087692e+00,7.575935e+00,2.884100e+00,-1.225125e+00,2.143594e+00,5.718666e-01
9.843787e+00,1.120947e+01,1.431970e+00,-9.544003e-01,2.839826e+00,8.232999e-01
2.988503e+00,8.701718e+00,2.800499e+00,-1.211180e+00,2.291938e+00,5.401302e-01
3.297302e-02,7.757538e+00,3.835129e+00,-1.273949e+00,6.618804e-01,7.361134e-02
1.169976e-01,8.645766e+00,3.996699e+00,-1.403990e+00,-1.187617e+00,-4.830706e-01
1.529745e+00,8.712708e+00,3.539028e+00,-1.434277e+00,-1.174559e+00,-3.898624e-01
-4.713284e-01,8.773951e+00,4.279615e+00,-1.465027e+00,-9.401399e-01,-3.337918e-01
-1.747047e+00,8.539799e+00,5.348322e+00,-1.468456e+00,-1.002745e+00,-3.476937e-01
1.475367e+00,9.448810e+00,6.094597e+00,-1.470819e+00,-1.067220e+00,-3.029867e-01
2.415460e+00,9.609484e+00,6.071754e+00,-1.438769e+00,-6.325131e-01,-1.456054e-01
9.781278e-01,1.003363e+01,2.076279e+00,-1.364339e+00,-3.426169e-01,7.831221e-02
4.148702e-01,9.387222e+00,4.375941e-02,-1.321315e+00,-4.814526e-01,1.648531e-01
3.229297e+00,8.550768e+00,-1.027274e+00,-1.402912e+00,-5.864381e-01,2.710086e-01
4.770435e+00,9.752276e+00,-2.098817e-01,-1.680166e+00,-5.188552e-01,3.388241e-01
4.595866e+00,1.591899e+01,-1.962083e+00,-2.423150e+00,-7.166741e-01,4.057530e-01
2.514944e+00,1.877370e+01,-2.022746e+00,-2.999646e+00,-1.315654e+00,4.669079e-01
-9.136185e+00,1.594825e+01,1.138107e+01,-3.635395e+00,-2.086595e+00,5.990346e-01
-9.893582e+00,1.949033e+01,1.454702e+01,-3.971961e+00,-3.177589e+00,6.243040e-01
-4.348369e+00,1.205028e+01,1.457655e+01,-3.792966e+00,-2.648326e+00,9.507348e-01
2.236592e+00,1.046864e+00,1.636994e+01,-2.947503e+00,-6.895929e-01,1.443137e+00
5.811423e+00,9.265766e+00,5.573868e+00,-6.080090e-01,1.378907e+00,1.416556e+00
3.351090e+00,6.939225e+00,8.460487e+00,5.484509e-03,1.754732e+00,1.225800e+00
2.177704e+00,1.541917e+00,8.857552e+00,2.390769e+00,8.540886e-01,3.168372e-01
1.953450e+00,1.432058e+00,1.014447e+01,3.969826e+00,4.845280e-01,-2.150921e-01
1.113365e+00,3.282116e+00,1.212269e+01,5.249817e+00,3.148641e-01,-4.427835e-01
-6.681170e-01,3.719216e+00,1.420443e+01,6.010490e+00,3.915218e-01,-6.868299e-01
-4.537535e+00,6.597156e+00,1.367341e+01,7.277365e+00,7.816972e-01,-8.714540e-01
-5.174603e+00,8.073521e+00,1.433574e+01,8.011407e+00,1.538033e+00,-8.880921e-01
-2.407413e+00,6.557232e+00,1.004672e+01,8.259431e+00,3.319702e+00,-4.808958e-01
2.104851e+00,-9.302361e-01,9.716533e+00,7.649675e+00,4.702967e+00,1.207618e-01
7.325775e+00,-9.612463e+00,-1.850366e+00,5.209179e+00,5.960420e+00,5.871115e-01
-5.497685e-01,-3.363617e-01,2.993424e+00,2.972384e+00,4.838092e+00,3.142911e-01
2.271487e+01,2.297444e+01,1.856362e+00,-9.455629e-01,1.347251e+00,-6.842986e-01
1.292568e+01,5.966355e+00,7.253975e+00,-2.489081e+00,1.090632e+00,-6.080488e-01
-1.129144e+01,3.396820e+00,1.639509e+01,-3.355130e+00,1.329135e+00,3.711287e-01
-1.052074e+01,9.535780e+00,1.107974e+01,-4.209102e+00,-1.353989e+00,-1.139418e+00
-2.047081e+00,1.473910e+01,7.436796e+00,-2.915418e+00,-6.641586e-02,-6.202177e-01
3.509874e-01,1.024645e+01,6.216161e+00,-1.541057e+00,8.119419e-01,3.397347e-01
8.925146e+00,8.291561e+00,4.563259e+00,-1.147750e+00,2.683445e+00,7.056574e-01
1.296714e+01,1.048199e+01,4.603181e+00,-1.051670e+00,3.219321e+00,8.737770e-01
3.699052e+00,8.221293e+00,5.167665e+00,-1.261666e+00,2.661127e+00,5.472269e-01
-1.933269e-02,8.344532e+00,5.542756e+00,-1.165017e+00,-6.602887e-02,-9.196986e-02
-3.463033e-01,9.454076e+00,5.040379e+00,-1.033533e+00,-9.825616e-01,-3.175192e-01
1.480712e-01,9.551559e+00,4.546975e+00,-9.789747e-01,-7.850668e-01,-2.063937e-01
-5.520974e-01,8.287977e+00,3.906891e+00,-8.704784e-01,-3.844275e-01,-5.219512e-02
-2.540732e-01,8.096724e+00,3.592478e+00,-8.487189e-01,-1.063003e-01,8.236615e-02
-1.832107e+00,9.777813e+00,3.990152e+00,-9.064658e-01,3.868026e-01,4.334523e-01
2.084677e+00,9.554278e+00,-5.090949e-01,-8.381555e-01,5.381501e-01,5.334889e-01
6.093391e+00,6.278323e+00,-2.404180e+00,-1.038853e+00,8.821110e-01,6.552687e-01
6.969583e+00,8.424809e+00,-1.150208e+00,-1.396704e+00,7.703109e-01,6.442580e-01
9.553164e+00,1.289067e+01,-4.275768e+00,-2.381089e+00,-6.103608e-02,5.640471e-01
1.116080e+01,1.736613e+01,-5.727577e+00,-3.094167e+00,-9.262058e-01,4.278731e-01
-2.920565e+00,2.260937e+01,7.600972e+00,-4.185217e+00,-2.632978e+00,4.688949e-01
-1.933119e+01,1.931451e+01,1.924361e+01,-4.577631e+00,-4.642280e+00,6.606185e-01
-1.429803e+01,1.681923e+01,1.674664e+01,-3.841115e+00,-4.266823e+00,4.222271e-01
-9.250796e+00,4.137399e+00,1.896106e+01,-2.833868e+00,-1.260843e+00,1.780035e+00
3.746610e+00,5.315207e+00,1.046143e+01,4.501938e-01,2.882751e+00,2.669314e+00
3.415854e+00,7.318594e+00,1.013933e+01,7.394534e-01,3.725474e+00,2.629511e+00
5.036037e+00,3.797575e+00,1.011390e+01,2.531698e+00,3.000724e+00,2.032696e+00
4.423395e+00,-5.917282e-01,9.113778e+00,4.056960e+00,2.186723e+00,1.548616e+00
3.788554e-01,4.659989e-01,1.115828e+01,5.443491e+00,6.890269e-01,9.562660e-01
-1.735132e+00,2.345495e+00,1.283879e+01,6.066800e+00,-2.126133e-01,3.658803e-01
-4.280815e+00,4.013876e+00,1.496863e+01,6.933229e+00,-2.614036e-01,-4.117492e-01
-4.886431e+00,4.249388e+00,1.567735e+01,7.639171e+00,5.373099e-01,-8.522773e-01
-3.479977e+00,8.391613e+00,1.264131e+01,7.935446e+00,2.621893e+00,-1.031984e+00
-1.580783e+00,1.518986e+00,8.178095e+00,7.085580e+00,4.120599e+00,-5.632949e-01
-2.336366e-01,-8.079231e+00,-7.900700e-01,4.867309e+00,4.856271e+00,1.087290e-01
3.107496e+00,-5.036793e+00,1.300922e+00,2.922930e+00,4.769738e+00,3.763846e-01
2.112388e+01,1.766464e+01,3.328774e+00,-5.420350e-01,4.210224e+00,9.858777e-02
1.894939e+01,1.088369e+01,5.693050e+00,-1.977855e+00,4.133185e+00,5.701997e-01
2.727068e+00,-3.475427e-01,1.217906e+01,-2.875144e+00,3.212552e+00,7.450453e-01
-8.317403e+00,6.903509e+00,1.184447e+01,-2.971713e+00,3.713997e-01,-5.247266e-01
-1.932872e+00,1.599289e+01,7.771833e+00,-3.155017e+00,-6.344226e-01,-1.271341e+00
-4.194139e+00,7.978054e+00,5.157327e+00,-2.099188e+00,-8.027907e-01,-3.071124e-01
-4.103406e+00,8.541523e+00,8.435083e+00,-1.363265e+00,2.418956e-01,-2.193693e-01
7.826441e+00,1.140534e+01,6.126949e+00,-1.417179e+00,1.677046e+00,4.704505e-01
6.113642e+00,8.129107e+00,4.875673e+00,-1.188934e+00,2.835294e+00,6.491639e-01
4.591581e+00,6.287503e+00,4.723555e+00,-1.010325e+00,1.764476e+00,3.769851e-01
2.765860e+00,9.622079e+00,4.579075e+00,-8.543017e-01,4.131867e-01,3.827932e-02
9.689482e-01,9.282713e+00,4.083610e+00,-9.553423e-01,-8.420674e-02,-6.364101e-02
-1.567956e+00,9.020967e+00,3.124838e+00,-9.934087e-01,-5.399904e-01,-2.349102e-01
3.304041e-01,8.772513e+00,1.933617e+00,-1.093039e+00,-3.390861e-01,-1.249988e-01
6.924814e+00,7.331832e+00,-3.524342e+00,-1.340060e+00,3.141733e-01,2.087746e-01
8.726578e+00,8.784943e+00,-6.314182e+00,-1.718617e+00,5.013616e-01,3.641395e-01
1.243872e+01,1.710933e+01,-9.114982e+00,-2.696105e+00,-1.041164e-01,3.949487e-01
1.833912e+01,2.687432e+01,-3.324961e+00,-3.832983e+00,-1.065952e+00,2.971291e-01
-1.791156e+01,2.598311e+01,2.625493e+01,-5.500848e+00,-3.763673e+00,3.492236e-01
-2.942937e+01,1.517191e+01,2.633021e+01,-4.921390e+00,-6.445576e+00,-7.447161e-02
-1.047252e+01,9.378005e-01,2.435491e+01,-2.877782e+00,-3.547991e+00,2.096927e-01
1.621490e+00,6.379903e+00,1.996059e+01,-1.219905e+00,1.140713e+00,2.502707e+00
1.057177e+01,4.964089e+00,1.393169e+01,3.630080e-01,5.744316e+00,3.401788e+00
9.815800e+00,2.535676e+00,1.051024e+01,1.819701e+00,5.071244e+00,2.886863e+00
2.873187e+00,1.775771e+00,1.011948e+01,2.910215e+00,2.698054e+00,2.496130e+00
-2.009661e+00,2.868194e+00,1.023403e+01,3.532224e+00,8.269911e-01,1.767458e+00
-5.211436e+00,-1.475290e+00,9.519295e+00,4.243953e+00,-2.242980e-01,1.245108e+00
-4.486950e+00,-1.044247e+00,9.734080e+00,4.662113e+00,1.207262e-01,7.178995e-01
1.950627e+00,-1.765762e+00,8.144539e+00,4.867379e+00,1.356087e+00,4.356318e-01
5.446983e+00,-2.968294e+00,6.673010e+00,5.066883e+00,2.246223e+00,4.152008e-01
4.498969e+00,-3.438016e+00,6.424074e+00,4.942786e+00,2.205564e+00,3.775758e-01
5.475862e-01,-3.341314e+00,6.677126e+00,4.575155e+00,1.265430e+00,2.439438e-01
-3.692113e+00,-4.820000e+00,6.905739e+00,3.965972e+00,8.854874e-02,1.446218e-01
-4.511115e+00,-3.543162e+00,7.452816e+00,3.258409e+00,-1.213921e-02,2.547526e-01
1.433018e+00,4.718341e-01,6.750434e+00,1.500508e+00,1.086808e+00,5.444212e-01
1.004501e+01,2.684718e+01,5.352377e+00,4.055793e-01,1.997075e+00,5.648615e-01
-1.733296e+00,5.365184e-01,7.163615e-02,-1.158400e+00,2.268532e+00,5.070423e-01
2.665510e+00,-3.509236e-01,8.090852e+00,-2.605642e+00,5.744121e-01,3.556725e-01
4.488385e+00,-6.880694e-01,6.857205e+00,-2.120556e+00,4.154524e-01,-3.260427e-01
2.124287e+00,1.107744e+01,9.602377e+00,-1.486157e+00,2.718830e-01,-5.209372e-01
-3.920000e+00,1.007697e+01,8.127074e+00,-1.870759e+00,-1.418665e-02,-1.534534e-01
-1.491842e+00,4.628503e+00,7.524546e+00,-1.364059e+00,8.993432e-02,3.361600e-01
3.214369e+00,8.759794e+00,7.259876e+00,-4.716736e-01,1.040404e+00,3.376963e-01
5.693470e+00,9.716361e+00,6.771277e+00,-5.019346e-01,1.622229e+00,4.876419e-01
3.850138e+00,8.506847e+00,6.907883e+00,-7.461296e-02,1.316108e+00,3.594039e-01
2.792912e+00,8.641367e+00,6.827014e+00,4.915000e-02,6.564795e-01,1.369607e-01
1.194605e+00,9.205847e+00,6.985226e+00,1.956560e-01,7.298571e-02,-7.429771e-02
1.371834e+00,8.752111e+00,5.854765e+00,3.977212e-01,-1.165538e-01,-1.481964e-01
2.050986e+00,7.869926e+00,3.847955e+00,6.617592e-01,-2.690048e-02,-1.733444e-01
2.135293e+00,8.178819e+00,2.121577e+00,7.353544e-01,1.599826e-01,-1.810718e-01
2.375849e+00,8.488839e+00,-2.318504e-01,6.467819e-01,2.131228e-01,-2.387739e-01
1.182926e+00,8.456998e+00,-7.143340e-01,4.822031e-01,3.583394e-02,-2.857202e-01
-1.731077e+00,8.318372e+00,-5.214170e-01,8.685289e-02,-5.918364e-01,-4.766534e-01
-7.699065e-01,8.517602e+00,1.520262e-01,-2.254573e-01,-7.928824e-01,-5.218811e-01
-9.823739e-01,9.931510e+00,4.116140e+00,-6.558754e-01,-5.505168e-01,-3.964764e-01
3.227819e-01,9.075974e+00,6.708295e+00,-8.577968e-01,-4.192112e-01,-2.958741e-01
1.333277e+00,1.101603e+01,7.748276e+00,-7.489022e-01,-1.829674e-01,-2.528343e-01
8.787105e-01,1.227889e+01,7.271324e+00,-6.090397e-01,-2.220801e-01,-1.332553e-01
3.291398e+00,1.353482e+01,4.694185e+00,-3.785663e-01,-2.949411e-01,-2.926282e-03
8.779146e+00,1.313007e+01,1.426737e+00,-2.815275e-01,-9.509667e-02,1.520170e-01
7.460366e+00,1.564431e+01,-3.229861e+00,-3.547871e-01,-1.536911e-02,2.349539e-01
5.407944e+00,1.610138e+01,-3.329236e+00,-6.574027e-01,-7.590970e-01,2.908888e-01
-1.122041e+01,9.250250e+00,1.066887e+00,-1.230607e+00,-2.201467e+00,-3.858024e-01
-1.778486e+01,4.665400e+00,1.061593e+01,-1.685538e+00,-3.011783e+00,-9.589469e-01
-3.441695e+00,1.111540e+01,1.787133e+01,-3.061613e+00,-1.971958e+00,-2.840420e-01
6.994083e+00,1.448820e+01,1.597265e+01,-4.954539e+00,1.175084e+00,1.154187e+00
7.226348e+00,7.681824e+00,1.107857e+01,-5.518007e+00,2.913945e+00,1.636813e+00
3.878291e+00,5.647386e+00,1.169161e+01,-5.040072e+00,1.546809e+00,1.074971e+00
-4.180242e-01,8.659718e+00,9.523524e+00,-4.237624e+00,-4.461728e-01,3.911584e-01
-2.957623e+00,7.513081e+00,7.690197e+00,-3.627925e+00,-1.119903e+00,5.209680e-01
-3.283319e+00,3.936207e+00,4.999095e+00,-1.869483e+00,-1.011900e+00,7.834285e-01
-1.062008e+00,4.203002e+00,2.664005e+00,-6.452986e-01,-9.019910e-02,7.118218e-01
1.747472e+00,2.760981e+00,2.917676e+00,7.814218e-01,1.090339e+00,4.793052e-01
2.327260e+00,1.974790e+00,3.078638e+00,1.964545e+00,1.510354e+00,2.096977e-01
-1.896412e-01,-3.421875e-02,5.887263e+00,3.403894e+00,1.546956e+00,-1.970143e-01
-2.851680e-01,-1.796318e+00,7.093096e+00,4.208139e+00,1.334751e+00,-3.288363e-01
3.061654e+00,-4.553538e+00,8.215596e+00,4.942124e+00,1.506268e+00,-3.340088e-01
4.041439e+00,-7.264933e+00,8.314293e+00,5.078964e+00,1.585635e+00,-2.517828e-01
3.272609e+00,-6.639271e+00,9.389252e+00,4.610786e+00,5.774929e-01,-5.281026e-01
1.636681e+00,-6.138723e+00,1.012148e+01,3.669984e+00,-3.347773e-01,-6.105820e-01
-2.111297e+00,2.549468e+01,1.089097e+01,2.475692e+00,-1.282517e+00,-6.432834e-01
3.922111e+00,2.428578e+01,9.851520e+00,1.299769e+00,-1.597759e+00,-8.804021e-01
-6.849528e+00,-6.073573e+00,5.926011e+00,-9.288894e-01,-7.700749e-01,2.057495e+00
2.488119e+00,1.672030e+00,5.381618e+00,8.355013e-01,1.398598e-01,-6.660626e-01
7.293539e+00,1.777515e+01,8.041245e+00,3.620509e-01,1.209097e+00,6.956754e-01
3.148808e+00,7.087691e+00,6.035968e+00,-5.802815e-01,1.537854e+00,1.379633e+00
1.082152e+00,8.854074e+00,5.910546e+00,6.488612e-01,2.076559e-01,-9.023188e-02
-1.637027e+00,9.825656e+00,7.507630e+00,2.770881e-01,-2.882302e-01,8.781334e-02
-4.469245e+00,8.502512e+00,7.388952e+00,2.938418e-01,-8.425235e-01,-6.576270e-02
-4.611673e+00,8.070836e+00,5.523136e+00,5.265351e-01,-9.284273e-01,-4.627398e-02
1.187545e+00,8.280207e+00,4.305728e+00,7.744940e-01,6.734683e-02,3.997776e-01
4.292505e+00,8.625779e+00,3.595858e+00,8.940717e-01,9.522846e-01,6.097004e-01
4.962484e+00,7.160299e+00,6.903322e-01,7.925232e-01,1.184684e+00,7.094053e-01
2.811514e+00,7.672567e+00,2.974155e-01,6.267048e-01,5.487064e-01,4.484777e-01
2.786613e-01,8.733276e+00,1.094872e+00,2.252736e-01,-3.989975e-01,2.899627e-03
-6.393051e-01,8.637538e+00,1.197024e+00,-9.780632e-02,-7.086347e-01,-1.551984e-01
-1.504522e+00,9.294795e+00,8.094119e+00,-4.074953e-01,-7.239724e-01,-2.041682e-01
-1.536966e-01,8.959652e+00,8.290066e+00,-6.045940e-01,-6.860411e-01,-9.114785e-02
4.476747e-01,1.070705e+01,7.607013e+00,-3.763535e-01,-2.893585e-01,-3.566638e-02
1.605222e+00,1.206341e+01,5.878039e+00,-1.875772e-01,-6.183677e-02,1.909381e-01
4.842879e+00,1.385443e+01,3.752754e+00,-8.557452e-03,2.446727e-01,3.954008e-01
6.678911e+00,1.357956e+01,4.812356e-01,-4.781698e-02,3.538341e-01,5.143271e-01
8.111183e+00,1.673620e+01,-2.324773e+00,-3.679684e-01,-1.257726e-01,4.426223e-01
5.688227e+00,1.438684e+01,-1.720384e+00,-7.649619e-01,-8.823373e-01,3.630466e-01
-7.125528e+00,1.027121e+01,4.687211e+00,-1.279922e+00,-2.580022e+00,-4.933509e-01
-2.036039e+01,6.604794e+00,1.059245e+01,-1.571956e+00,-3.574440e+00,-9.728559e-01
-1.186993e+01,1.161715e+01,1.515123e+01,-2.282509e+00,-2.634499e+00,-4.502011e-01
6.272061e+00,1.361652e+01,1.412050e+01,-3.729801e+00,4.055273e-01,7.235029e-01
1.289025e+01,9.171631e+00,8.417639e+00,-4.001499e+00,4.169169e+00,2.037484e+00
8.775881e+00,5.821880e+00,8.803230e+00,-3.761747e+00,3.238561e+00,1.329990e+00
2.745662e+00,8.357456e+00,8.552326e+00,-3.222843e+00,4.457990e-01,7.238915e-02
-1.534340e+00,8.404452e+00,7.890418e+00,-2.867449e+00,-9.395619e-01,-1.445173e-01
-3.989600e+00,5.457723e+00,6.204494e+00,-1.640299e+00,-1.623026e+00,-1.509811e-02
-2.214890e+00,4.802806e+00,5.061294e+00,-6.057488e-01,-9.757696e-01,9.949768e-02
2.327696e+00,4.012634e+00,4.967210e+00,2.135139e+00,1.537616e+00,8.433857e-03
3.382970e+00,2.878395e+00,4.793627e+00,2.886040e+00,1.442692e+00,-2.224275e-01
2.525402e+00,6.020150e-01,5.523387e+00,3.962246e+00,9.882461e-01,-5.358811e-01
1.077022e+00,-2.959062e+00,6.069873e+00,4.409249e+00,8.612008e-01,-5.901467e-01
-4.615849e-01,-7.439072e+00,7.556066e+00,4.462953e+00,5.622332e-01,-5.088385e-01
-1.449755e+00,-1.010953e+01,8.013763e+00,4.156761e+00,4.765408e-01,-5.166667e-01
1.256654e+00,-8.384915e+00,9.876463e+00,3.005292e+00,4.272537e-01,-5.934613e-01
1.470804e+00,-1.043826e+01,9.835234e+00,2.486074e+00,3.950204e-02,-6.953776e-01
2.131823e+01,3.470345e+01,-1.978748e+00,-2.577379e+00,1.245232e-01,3.359050e+00
-6.281482e+00,9.115111e+00,1.049136e+01,4.319411e-01,-1.016123e+00,1.700154e-01
-1.384818e+00,-4.546573e+00,5.557506e+00,5.607760e-01,1.533296e+00,6.911988e-01
7.744115e+00,1.316869e+01,8.345767e+00,-6.961672e-01,2.522705e+00,2.186220e+00
1.136861e+01,1.032915e+01,6.812535e+00,6.476831e-01,1.003309e+00,2.204358e-02
6.341725e+00,2.333920e+00,5.517469e+00,3.928138e-01,1.153335e-01,-9.120639e-02
5.125786e+00,9.990833e+00,6.056745e+00,1.059075e-01,-9.571645e-01,-5.408436e-01
1.522413e+00,9.408627e+00,7.158798e+00,3.329748e-01,-1.929516e+00,-8.867842e-01
-5.082369e+00,8.226086e+00,6.986960e+00,4.936241e-01,-2.003703e+00,-7.394620e-01
-6.519028e+00,7.954514e+00,6.044345e+00,6.366761e-01,-1.198224e+00,-4.898089e-01
-2.251934e+00,9.054323e+00,3.330902e+00,6.811331e-01,-7.922556e-02,1.982435e-02
-7.534531e-01,8.412622e+00,2.143583e+00,6.144063e-01,2.925768e-01,1.692981e-01
1.382460e+00,7.386230e+00,4.321828e-02,2.129727e-01,1.585477e-01,1.523637e-01
1.981318e+00,9.256219e+00,5.352156e-01,-5.961477e-02,-7.074280e-02,1.076048e-01
1.288112e-01,9.307684e+00,2.197174e+00,-3.529809e-01,-4.835331e-01,-9.420202e-02
-1.447176e+00,8.313769e+00,4.020004e+00,-4.403020e-01,-5.077053e-01,-9.243959e-02
1.757445e-02,9.288543e+00,7.169420e+00,-4.698469e-01,-8.465066e-02,9.636311e-02
9.814894e-01,9.984235e+00,6.897784e+00,-3.710748e-01,1.139973e-01,2.363245e-01
2.588524e+00,1.170292e+01,5.823671e+00,-2.419881e-01,3.537430e-01,4.343277e-01
3.806144e+00,1.315430e+01,3.679556e+00,-2.720305e-01,2.774676e-01,4.455806e-01
5.557558e+00,1.464952e+01,-2.284510e-02,-6.955311e-01,-3.169700e-01,4.594541e-01
7.465105e+00,1.686212e+01,-2.004222e+00,-1.049309e+00,-1.003756e+00,2.479780e-01
2.377604e+00,1.355594e+01,3.934765e-01,-1.494658e+00,-2.804862e+00,-5.206737e-01
-3.256159e+00,1.267404e+01,1.841511e+00,-1.739947e+00,-3.146082e+00,-6.338572e-01
-1.727950e+01,7.862929e+00,1.110398e+01,-2.593087e+00,-1.576599e+00,5.537321e-02
-1.357376e+01,8.948614e+00,1.457636e+01,-3.762139e+00,1.386774e+00,1.024613e+00
5.277433e+00,1.304653e+01,1.303625e+01,-3.579370e+00,3.762704e+00,1.563071e+00
1.042685e+01,1.148640e+01,1.028297e+01,-3.218328e+00,2.971205e+00,1.135652e+00
5.453596e+00,6.142703e+00,9.789553e+00,-2.519799e+00,4.744024e-01,7.726352e-02
2.909163e+00,7.421638e+00,9.250197e+00,-2.114252e+00,-3.087520e-01,1.682852e-01
-1.626303e+00,8.106962e+00,7.635808e+00,-7.836247e-01,-6.285733e-01,3.349661e-01
-3.555892e+00,5.332325e+00,6.365244e+00,1.325333e-01,-1.181745e-01,4.031321e-01
-1.444590e+00,3.915319e+00,5.701315e+00,1.612685e+00,1.256984e+00,4.740644e-01
1.506483e+00,3.378511e+00,5.172015e+00,2.489963e+00,1.680019e+00,4.464697e-01
4.659180e+00,6.977105e-01,4.765777e+00,3.602295e+00,1.441768e+00,2.199955e-01
3.784516e+00,-1.438146e+00,6.357662e+00,4.209624e+00,9.608340e-01,4.030192e-03
1.046472e+00,-5.187305e+00,6.121780e+00,4.815609e+00,3.190103e-01,-6.263625e-02
-1.326816e-01,-7.899554e+00,8.461495e+00,4.591500e+00,3.356805e-02,-9.214145e-02
-8.730041e-01,-8.573124e+00,9.150848e+00,3.417026e+00,-1.694936e-02,-3.589075e-01
1.242983e+00,-7.848712e+00,9.460322e+00,2.324930e+00,8.333253e-02,-5.533494e-01
-6.675272e+00,9.599429e-01,1.495440e+01,-2.918320e-01,-4.187785e-01,-7.701234e-01
7.398196e+00,3.081033e+01,1.105221e+01,-2.681112e+00,-6.021567e-01,1.859335e+00
-1.011484e+01,-5.946099e-01,6.321195e+00,1.298009e-01,-6.522078e-01,-9.214622e-01
-4.834535e+00,-4.768865e+00,6.875684e+00,-7.621343e-02,6.078138e-01,1.934227e-01
4.995280e+00,1.532309e+01,8.983887e+00,-6.888390e-01,1.617582e+00,1.027378e+00
5.978819e+00,1.470650e+01,8.247408e+00,1.507753e-01,1.125839e+00,2.909931e-01
2.335285e+00,5.694925e+00,6.533213e+00,2.402115e-02,5.898318e-01,2.886075e-01
4.264664e+00,9.317800e+00,6.202785e+00,3.571101e-02,2.925995e-01,5.877116e-02
2.343683e+00,9.213206e+00,7.128902e+00,3.641141e-01,-1.062446e+00,-3.437002e-01
-1.669331e+00,8.201153e+00,6.926574e+00,4.537938e-01,-1.186299e+00,-3.036142e-01
-2.933378e+00,8.534411e+00,5.279484e+00,6.535656e-01,-5.476128e-01,-1.096810e-01
-7.148578e-01,8.597947e+00,4.541751e+00,7.056217e-01,-4.392218e-02,4.842584e-02
1.653070e+00,8.307811e+00,1.509057e+00,5.314954e-01,-5.855989e-02,5.595484e-02
1.439716e+00,8.056916e+00,6.869807e-01,3.462362e-01,-3.387818e-01,-8.417951e-02
-3.323959e-01,8.419456e+00,5.678728e-01,-2.707087e-02,-6.849180e-01,-1.877978e-01
-1.712579e+00,8.237421e+00,8.244798e-01,-1.872280e-01,-6.266073e-01,-1.864157e-01
-1.744261e+00,9.794258e+00,3.174251e+00,-5.254626e-01,-2.846409e-01,3.090485e-02
-1.199951e+00,8.955952e+00,4.947000e+00,-4.813740e-01,1.428069e-02,6.557571e-02
1.887103e+00,1.026306e+01,6.417157e+00,-4.818333e-01,1.857121e-01,2.319374e-01
2.384455e+00,1.074594e+01,7.019406e+00,-3.542950e-01,1.136943e-01,1.756639e-01
2.221031e+00,1.216010e+01,6.216858e+00,-1.852633e-01,-5.997835e-02,2.101447e-01
2.587233e+00,1.304171e+01,4.815188e+00,-1.766545e-01,-3.155650e-02,3.068992e-01
5.037756e+00,1.450882e+01,-1.308439e-01,-4.778283e-01,-3.412967e-01,4.828553e-01
7.807050e+00,1.624122e+01,-2.595360e+00,-7.980794e-01,-8.617384e-01,3.148350e-01
4.794715e+00,1.378951e+01,-1.248378e+00,-1.450634e+00,-2.849549e+00,-7.345531e-01
-1.362999e+00,1.276909e+01,8.369028e-01,-1.818667e+00,-3.340524e+00,-1.043999e+00
-1.752673e+01,5.845590e+00,1.485659e+01,-2.894420e+00,-1.906798e+00,-2.947012e-01
-1.148405e+01,9.091952e+00,1.678118e+01,-4.274800e+00,9.189060e-01,9.067747e-01
4.933443e+00,1.474185e+01,1.428375e+01,-4.219232e+00,3.144860e+00,1.493947e+00
7.141012e+00,1.108982e+01,1.178427e+01,-3.658838e+00,2.445008e+00,8.673673e-01
4.742481e+00,9.443150e+00,9.486639e+00,-2.780253e+00,7.506034e-01,2.871408e-01
2.799620e+00,9.860039e+00,8.206942e+00,-1.791886e+00,-2.699747e-02,4.016353e-01
-3.975960e-01,5.956787e+00,5.303952e+00,1.205847e-01,-4.193413e-01,2.639840e-01
-1.458160e+00,4.705494e+00,3.912751e+00,9.687152e-01,-1.513627e-01,2.086739e-01
-1.132586e+00,2.561874e+00,3.784222e+00,2.488210e+00,7.581905e-01,9.925346e-02
-2.056370e-01,1.640510e+00,4.057611e+00,3.202401e+00,1.199948e+00,6.863096e-02
8.197278e-01,5.432547e-02,4.556081e+00,4.056502e+00,1.517921e+00,4.165440e-02
2.051581e+00,-1.824226e+00,5.531050e+00,4.430822e+00,1.598326e+00,7.035007e-02
3.409145e+00,-4.652671e+00,7.037605e+00,4.450736e+00,7.970153e-01,-3.707237e-03
1.316396e+00,-6.929091e+00,7.979026e+00,4.009324e+00,1.607630e-02,-2.115833e-01
6.402761e-01,-7.758080e+00,8.478255e+00,2.441232e+00,-3.455790e-01,-3.281072e-01
4.824301e-01,-7.721113e+00,9.306437e+00,1.365799e+00,-4.413736e-01,-4.083895e-01
-6.344513e+00,1.444052e+01,1.728512e+01,-2.836105e+00,5.240822e-02,2.270029e-01
8.242924e-01,1.975511e+01,7.427207e+00,-1.149096e+00,-2.075892e-01,1.748993e+00
-5.111708e+00,-2.347501e+00,8.185526e+00,9.237384e-02,4.085991e-01,-2.911677e-02
-2.874120e-02,-1.833315e+00,7.724186e+00,-8.550334e-02,1.071478e+00,6.864389e-01
4.487637e+00,1.845763e+01,8.866642e+00,-3.776077e-01,9.668235e-01,1.116982e+00
1.653443e+00,8.610802e+00,6.416811e+00,3.127218e-01,6.763876e-01,4.883111e-01
1.522315e+00,5.698686e+00,6.030123e+00,1.170275e-01,9.656154e-01,5.807922e-01
4.140204e+00,9.445320e+00,5.572936e+00,1.572870e-01,9.713496e-01,4.082753e-01
2.416035e+00,8.222683e+00,6.123742e+00,3.512396e-01,1.919072e-02,2.492446e-02
1.310911e+00,7.835012e+00,5.824172e+00,3.172193e-01,-3.495787e-01,3.933345e-02
-5.748244e-01,8.583023e+00,5.132733e+00,4.000554e-01,-4.465638e-01,-6.907874e-03
-5.484739e-01,8.980598e+00,5.067545e+00,4.635689e-01,-2.499285e-01,3.027483e-02
3.543319e-01,8.416483e+00,4.615179e+00,5.388867e-01,-4.040908e-02,8.131454e-02
1.260061e+00,7.521656e+00,2.841411e+00,5.007494e-01,-5.887358e-02,7.266973e-02
5.201400e-01,8.550848e+00,1.653465e+00,2.717504e-01,-2.690654e-01,1.218113e-02
-7.573408e-01,9.053205e+00,1.267179e+00,1.777279e-01,-2.739281e-01,-4.876056e-02
-2.007520e-01,8.562092e+00,1.299343e+00,-2.843766e-02,-9.046367e-03,-9.655160e-03
1.455374e+00,9.035461e+00,1.364110e+00,-2.362462e-01,1.547802e-02,3.088124e-02
9.517827e-01,9.709042e+00,4.680818e+00,-4.563494e-01,-4.530270e-01,-9.984548e-02
-6.177286e-01,8.757274e+00,7.103186e+00,-3.901838e-01,-5.723448e-01,-9.550488e-02
1.749900e-01,1.018610e+01,8.167069e+00,-1.794528e-01,-2.507630e-01,1.252197e-01
1.301707e+00,1.124147e+01,7.027961e+00,3.158700e-02,1.028267e-01,2.461859e-01
5.735820e+00,1.477488e+01,3.362661e+00,1.347904e-02,-7.271291e-04,2.774741e-01
6.504498e+00,1.466084e+01,4.920376e-01,-1.768379e-01,-2.357806e-01,3.731196e-01
9.257737e+00,1.591132e+01,-4.010379e+00,-8.445930e-01,-1.355642e+00,1.909170e-02
6.522393e+00,1.435418e+01,-2.754176e+00,-1.274410e+00,-2.663695e+00,-4.805871e-01
-5.694566e+00,1.083597e+01,5.178467e+00,-1.715732e+00,-3.796075e+00,-1.140922e+00
-1.441452e+01,8.917799e+00,4.131760e+00,-2.111054e+00,-3.171576e+00,-8.560684e-01
-1.563238e+01,8.351261e+00,1.441016e+01,-3.534170e+00,1.275341e+00,1.023182e+00
-2.281790e+00,1.058595e+01,1.369174e+01,-4.022524e+00,3.651420e+00,2.017097e+00
1.045777e+01,1.271331e+01,1.056921e+01,-3.771825e+00,3.300375e+00,1.638727e+00
9.466680e+00,9.003349e+00,8.463481e+00,-3.232762e+00,1.748321e+00,9.721472e-01
2.365143e+00,4.229285e+00,9.273977e+00,-2.353423e+00,-3.367633e-01,2.000464e-01
-4.896750e-03,3.544874e+00,9.053456e+00,-2.063150e+00,-6.118270e-01,2.362899e-01
-2.150287e+00,7.163908e+00,6.693218e+00,-1.211781e+00,-3.022694e-01,4.868808e-01
-2.057046e+00,6.000321e+00,5.721144e+00,-3.694562e-01,1.870769e-01,4.460612e-01
1.447756e+00,3.589978e+00,4.569840e+00,8.919067e-01,1.060306e+00,2.203614e-01
2.875687e+00,3.903012e+00,4.281329e+00,1.578514e+00,1.167903e+00,-1.330680e-02
3.537390e+00,3.176008e+00,4.691842e+00,2.794466e+00,7.845686e-01,-4.590413e-01
2.569888e+00,1.684416e+00,5.110032e+00,3.374488e+00,5.037723e-01,-6.890661e-01
-6.941689e-01,-3.084721e+00,6.106532e+00,4.258509e+00,3.411551e-01,-1.014268e+00
-1.346253e+00,-4.915014e+00,6.876676e+00,4.385018e+00,4.971976e-01,-8.232247e-01
2.874736e-01,-7.896119e+00,8.451294e+00,3.973668e+00,8.009363e-01,-6.946978e-01
3.217878e+00,-7.081570e+00,9.000467e+00,3.265671e+00,7.568027e-01,-6.723719e-01
9.174385e-01,-9.989469e+00,2.007779e+01,1.221335e+00,-4.480073e-01,-9.625837e-01
1.083723e+01,3.251139e+01,1.225864e+01,-4.061099e+00,-3.367831e-01,1.129189e+00
-1.364770e+01,5.261071e+00,8.915980e+00,2.434794e-01,-2.299953e+00,-4.883158e-01
-1.325866e+01,-4.935610e+00,7.803537e+00,6.508493e-01,-2.375296e-01,-5.929210e-01
3.541596e+00,1.099151e+01,8.057539e+00,-6.683139e-01,2.093360e+00,1.863797e+00
8.359824e+00,1.708042e+01,6.868280e+00,-1.022689e-01,1.847843e+00,1.178367e+00
3.252251e+00,5.539690e+00,5.567236e+00,2.438690e-01,5.686210e-01,4.418492e-01
2.526643e+00,9.275029e+00,6.814895e+00,-2.353800e-02,3.903816e-01,3.311003e-01
2.379077e+00,6.651157e+00,6.916997e+00,3.872441e-01,-2.963965e-01,-7.094512e-02
-8.184170e-01,6.502037e+00,7.251765e+00,2.920531e-01,-7.223747e-01,-6.201083e-02
-3.433460e+00,8.674979e+00,7.336540e+00,4.468791e-01,-2.110587e-01,1.338628e-01
-1.720884e+00,8.656851e+00,6.802578e+00,5.849452e-01,3.314228e-01,3.078187e-01
2.179945e+00,8.221282e+00,5.349775e+00,7.384191e-01,4.616748e-01,4.443062e-01
2.080148e+00,7.482387e+00,4.505069e+00,7.542077e-01,2.513613e-01,3.350525e-01
2.304319e+00,8.262069e+00,2.895861e+00,6.120805e-01,-1.114654e-01,1.670091e-01
1.842220e+00,7.941850e+00,1.732405e+00,4.795474e-01,-3.696642e-01,1.932251e-02
5.493628e-02,8.004169e+00,1.048312e+00,1.081015e-01,-6.654477e-01,-9.870010e-02
-5.974478e-01,8.251682e+00,7.315551e-02,-1.039634e-01,-6.648086e-01,-8.905737e-02
-1.244304e+00,8.985417e+00,1.117376e+00,-6.160847e-01,-5.604046e-01,3.257545e-03
-9.961858e-01,8.454301e+00,4.345464e+00,-6.899815e-01,-3.833001e-01,9.504710e-03
5.600200e-01,9.731840e+00,5.580930e+00,-6.130253e-01,-1.642392e-01,1.308394e-01
-1.026332e+00,9.725521e+00,7.557207e+00,-4.536087e-01,-1.835732e-01,1.633333e-01
-2.577800e-01,9.790082e+00,8.646249e+00,-1.450673e-01,2.284400e-01,3.033391e-01
1.634867e+00,1.167362e+01,6.892392e+00,-1.564235e-02,5.760077e-01,4.935723e-01
5.887253e+00,1.403668e+01,3.798587e+00,-8.376826e-02,6.479567e-01,6.862729e-01
7.744875e+00,1.543769e+01,1.478203e+00,-2.680387e-01,2.350008e-01,6.902706e-01
1.107879e+01,1.678205e+01,-3.204121e+00,-8.028550e-01,-1.358835e+00,1.389206e-01
4.974957e+00,1.316973e+01,-2.187620e+00,-1.176838e+00,-2.998364e+00,-4.249968e-01
-9.031929e+00,9.364938e+00,5.151848e+00,-1.675099e+00,-4.437362e+00,-9.144822e-01
-2.252565e+01,7.295746e+00,7.713315e+00,-2.442955e+00,-2.550471e+00,-1.610135e-01
-1.285584e+01,1.164417e+01,1.654361e+01,-3.950688e+00,4.247632e+00,2.495574e+00
5.953272e+00,1.173907e+01,1.579242e+01,-3.760809e+00,6.189059e+00,3.020482e+00
1.879045e+01,1.152692e+01,1.012287e+01,-3.536944e+00,4.176093e+00,1.629149e+00
1.226830e+01,5.307193e+00,8.597348e+00,-3.156844e+00,1.238654e+00,3.848875e-01
3.554391e+00,7.060934e+00,8.771696e+00,-2.479598e+00,-1.514350e+00,3.233256e-02
-1.341369e+00,8.601570e+00,8.656471e+00,-1.771802e+00,-1.899979e+00,3.194705e-02
-5.294121e+00,4.792259e+00,6.218724e+00,-1.726042e-01,-9.590797e-01,1.311253e-01
-3.981350e+00,3.706148e+00,4.996774e+00,7.654732e-01,3.233606e-01,1.760083e-01
4.321255e-01,2.893904e+00,5.182740e+00,2.038784e+00,1.622246e+00,-1.286543e-02
3.011815e+00,2.769092e+00,4.723181e+00,2.743025e+00,1.758828e+00,-1.157726e-01
4.091952e+00,1.002036e-01,5.547629e+00,3.887056e+00,1.465834e+00,-3.912704e-01
5.185026e+00,-3.340682e+00,5.315656e+00,4.428891e+00,1.075081e+00,-5.309487e-01
3.190523e+00,-6.959435e+00,7.287311e+00,4.348869e+00,-4.473748e-01,-7.902074e-01
4.642904e-01,-8.602823e+00,7.939552e+00,4.008047e+00,-1.019873e+00,-8.430279e-01
-1.758347e+00,-8.832828e+00,9.187683e+00,2.760253e+00,-1.093617e+00,-8.183274e-01
-2.392602e+00,-1.011646e+01,1.082863e+01,2.195028e+00,-7.273300e-01,-4.685357e-01
1.475267e+01,3.808828e+01,6.041622e+00,-4.344356e+00,1.707827e+00,2.137395e+00
-4.403300e+00,1.383006e+01,1.468866e+01,6.639038e-01,5.971714e-01,1.478926e+00
-2.731337e+00,-1.075290e+01,6.561079e+00,7.507389e-01,7.459707e-01,-3.315290e-01
3.779990e+00,5.780321e+00,6.381901e+00,-3.208314e-01,1.120333e+00,1.578270e+00
6.123681e+00,1.835834e+01,8.833681e+00,9.704161e-02,1.849828e-01,3.640100e-01
-1.384945e-01,3.637789e+00,6.287751e+00,6.418424e-01,-6.507086e-02,1.365811e-01
4.738829e+00,8.904701e+00,5.351230e+00,1.296613e-01,5.936291e-01,2.971852e-01
6.104670e+00,9.690739e+00,5.770607e+00,2.631515e-01,8.397262e-02,-6.614222e-02
2.761662e+00,7.709460e+00,6.228589e+00,3.187353e-01,-1.074200e+00,-4.881499e-01
-3.560537e-01,8.140453e+00,6.810248e+00,3.537169e-01,-1.383693e+00,-5.781060e-01
-2.883214e+00,8.643436e+00,6.284796e+00,5.486428e-01,-1.182668e+00,-4.659346e-01
-2.512619e+00,8.579748e+00,4.787983e+00,6.580550e-01,-6.398552e-01,-2.108459e-01
-1.019419e+00,8.326797e+00,2.288909e+00,6.508572e-01,2.501146e-02,1.200822e-02
9.895793e-01,8.409010e+00,1.242026e+00,4.969703e-01,1.848027e-01,7.548404e-02
2.269865e+00,8.209252e+00,-2.352368e-01,1.227302e-01,-1.777477e-01,-6.943978e-02
1.664905e-01,9.000400e+00,1.021301e+00,-1.314720e-01,-5.099793e-01,-1.595373e-01
-2.479029e+00,8.909100e+00,6.774219e+00,-6.821749e-02,-2.712687e-01,-1.294950e-01
-3.040000e+00,1.000585e+01,8.211122e+00,-1.278240e-02,6.883435e-02,1.280756e-01
1.284120e+00,1.165796e+01,7.444084e+00,3.993618e-01,1.079044e+00,5.016302e-01
4.634274e+00,1.314214e+01,5.387524e+00,4.810314e-01,1.431957e+00,6.946151e-01
1.067234e+01,1.372094e+01,1.514740e+00,3.015638e-01,8.932541e-01,5.101930e-01
8.587416e+00,1.255562e+01,-1.874530e+00,-3.935832e-02,-4.280656e-01,2.584069e-01
7.746701e+00,1.487459e+01,-5.521918e+00,-8.365383e-01,-2.542688e+00,-3.846489e-01
2.030301e+00,9.573301e+00,-2.406612e+00,-1.223602e+00,-3.693608e+00,-8.899807e-01
-8.918920e+00,1.033145e+01,4.662355e+00,-2.117052e+00,-3.924882e+00,-9.422884e-01
-1.365226e+01,8.560389e+00,6.196376e+00,-2.516355e+00,-2.556768e+00,-6.121190e-01
-9.439412e+00,1.147272e+01,1.137386e+01,-4.215538e+00,1.385801e+00,8.802843e-01
5.353364e+00,1.621661e+01,1.173442e+01,-4.173392e+00,2.894365e+00,1.340003e+00
9.492967e+00,1.022797e+01,9.104545e+00,-3.670525e+00,1.470722e+00,5.489909e-01
4.848218e+00,5.512251e+00,9.870550e+00,-3.588550e+00,2.972609e-01,1.008854e-01
1.925720e+00,8.323051e+00,9.906555e+00,-3.226202e+00,-6.852385e-01,1.705399e-01
1.650810e-01,1.004815e+01,8.968032e+00,-2.426819e+00,-8.475393e-01,1.580162e-01
-1.298707e+00,8.269249e+00,6.207144e+00,-8.536589e-01,-1.808674e-01,2.407005e-01
8.051680e-01,5.787395e+00,5.477173e+00,1.376130e-01,3.872427e-01,8.061477e-02
3.272418e+00,3.937994e+00,4.368544e+00,1.703863e+00,6.625548e-01,-3.362742e-01
3.437439e+00,2.015531e+00,4.426027e+00,2.677579e+00,4.318068e-01,-5.983530e-01
-8.692133e-01,-2.669213e+00,5.439351e+00,3.811680e+00,2.146666e-01,-9.149654e-01
-5.581420e+00,-7.814508e+00,6.583886e+00,4.420777e+00,5.887736e-01,-7.242466e-01
-6.905090e+00,-1.013286e+01,8.745038e+00,4.139380e+00,1.963033e+00,4.745836e-01
1.482938e+00,-9.209205e+00,8.516652e+00,3.663112e+00,2.704612e+00,8.106454e-01
8.525842e+00,-1.300412e+01,1.329221e+01,3.025608e+00,1.375938e+00,4.109659e-01
-5.477694e+00,-2.446473e+01,2.266982e+01,1.113253e+00,-8.175630e-01,-1.095424e+00
-7.329178e+00,1.914488e+01,1.667145e+01,-1.223193e+00,-2.735140e+00,3.238181e+00
-1.255025e+01,-3.836806e+00,7.104836e+00,7.175327e-01,-2.302647e+00,-1.381123e+00
1.755636e+00,-1.064928e+00,8.177421e+00,-6.039133e-01,1.949865e+00,1.726188e+00
5.132332e+00,1.779062e+01,1.142616e+01,-7.121186e-01,1.970271e+00,1.831531e+00
6.719267e+00,8.434094e+00,1.023144e+01,6.477144e-01,1.653650e+00,3.908407e-01
6.247155e+00,6.222229e+00,5.785414e+00,4.176094e-01,7.087756e-01,6.466805e-01
4.112850e+00,8.732792e+00,8.149847e+00,5.278935e-01,-6.425189e-01,-1.644770e-01
-3.353845e-01,9.081538e+00,7.591569e+00,6.351153e-01,-1.090598e+00,-2.444577e-01
-2.104320e+00,8.110000e+00,7.112279e+00,8.833498e-01,-6.213236e-01,-1.784365e-01
1.294429e-01,8.999392e+00,5.619846e+00,9.568587e-01,-6.131886e-02,5.624336e-02
3.080917e+00,9.685626e+00,2.978511e+00,8.246148e-01,1.395766e-01,2.232330e-01
3.466322e+00,8.236136e+00,8.464455e-01,6.635111e-01,-1.234928e-01,6.052398e-02
1.762569e+00,7.360948e+00,6.031088e-01,1.869860e-01,-6.775762e-01,-1.277191e-01
9.635273e-01,6.434147e+00,-2.917978e-01,-1.705864e-01,-8.661243e-01,-2.590723e-01
-2.773360e+00,7.853715e+00,1.075202e+00,-6.967773e-01,-1.142185e+00,-2.382688e-01
-4.017775e+00,4.885835e+00,4.278046e+00,-7.919922e-01,-9.115119e-01,-2.210974e-01
-1.506309e+00,6.585182e+00,5.144381e+00,-1.052084e+00,-8.001465e-03,1.253987e-01
-6.080981e-01,7.612524e+00,7.754952e+00,-9.171049e-01,2.259839e-01,2.638838e-01
-3.260187e-01,7.603050e+00,1.159393e+01,-4.854400e-01,7.324694e-01,4.858836e-01
-6.923748e-01,1.054729e+01,1.084720e+01,-1.707347e-01,1.071704e+00,7.276444e-01
-1.844007e-01,1.432342e+01,9.965282e+00,3.713914e-01,1.699395e+00,1.032263e+00
4.992029e+00,1.495511e+01,7.246963e+00,5.651951e-01,1.926955e+00,1.072888e+00
1.125932e+01,1.466605e+01,1.054718e+00,4.497425e-01,1.175834e+00,9.999551e-01
1.389954e+01,1.601309e+01,-2.650092e+00,2.649497e-01,-2.255102e-01,7.026474e-01
8.038320e+00,6.820991e+00,-1.769137e+00,-4.220512e-01,-3.685133e+00,-4.949780e-01
7.589501e-01,6.457056e+00,7.948106e-01,-1.195571e+00,-5.090356e+00,-6.987885e-01
-1.625085e+01,7.855075e+00,6.583516e+00,-1.990505e+00,-4.115252e+00,-3.477041e-01
-1.841905e+01,6.134574e+00,8.857365e+00,-2.707488e+00,-1.401716e+00,5.841656e-01
-4.490746e+00,9.481428e+00,1.227715e+01,-4.005682e+00,2.523581e+00,2.139021e+00
2.215955e+00,1.077170e+01,1.101813e+01,-3.979734e+00,3.518264e+00,2.334300e+00
8.720000e+00,1.089696e+01,7.695808e+00,-3.083785e+00,2.464297e+00,1.692888e+00
7.136938e+00,8.936067e+00,6.389562e+00,-2.483263e+00,1.422198e+00,1.246921e+00
3.628988e+00,8.607079e+00,4.850636e+00,-1.121023e+00,1.180911e-01,8.171749e-01
6.474897e-01,9.648973e+00,4.688175e+00,3.281380e-02,-4.197289e-01,8.678564e-01
-3.846135e+00,7.405501e+00,5.552391e+00,1.780993e+00,-8.620269e-02,7.794435e-01
-3.418165e+00,5.372689e+00,5.790929e+00,2.855703e+00,7.203967e-01,6.858016e-01
-3.002596e-01,3.813568e+00,7.481977e+00,4.456920e+00,1.794723e+00,6.606501e-01
1.881303e+00,2.951629e+00,8.528795e+00,5.395122e+00,1.942458e+00,5.622289e-01
5.610547e+00,2.399895e+00,8.984358e+00,6.395557e+00,1.439180e+00,4.665405e-01
7.195039e+00,4.364330e+00,1.111091e+01,6.843081e+00,7.775340e-01,3.172664e-01
3.986659e+00,5.883073e+00,1.354497e+01,7.480187e+00,-3.427805e-01,-5.113103e-01
-1.504224e+00,6.915539e+00,1.119036e+01,7.236235e+00,-1.687596e-01,-1.176616e+00
-1.812636e+01,2.575640e+00,1.095767e+01,5.385807e+00,1.798906e+00,-3.868386e-01
-1.101599e+01,3.412391e-01,9.650694e+00,3.880277e+00,4.220022e+00,1.255795e+00
6.114955e+00,-7.874723e+00,1.571350e+00,9.742623e-01,5.320386e+00,1.303759e+00
1.623446e+01,1.628583e+00,-3.006734e-01,-1.555346e+00,3.734098e+00,3.207287e-01
2.777278e+01,2.250676e+01,-1.994431e+00,-1.352470e+00,1.158122e+00,1.029109e+00
-8.194942e-02,-1.213068e+00,6.523368e+00,-2.156303e+00,-3.037512e+00,-2.157211e+00
-1.737504e+01,7.193033e+00,1.540000e+01,-3.728719e+00,-1.851834e+00,-1.476708e+00
-8.200578e+00,1.116315e+01,1.402404e+01,-2.261215e+00,-2.256947e-01,1.609855e-01
-2.142150e-01,1.169613e+01,6.375781e+00,-1.223895e+00,1.421148e+00,4.748791e-01
-2.524307e+00,8.280147e+00,5.968253e+00,-9.985670e-01,1.740770e+00,6.712559e-01
7.530167e+00,8.953328e+00,3.903161e+00,-9.202415e-01,2.194525e+00,6.631563e-01
7.209656e+00,1.032753e+01,3.392792e+00,-1.015578e+00,1.087327e+00,3.214746e-01
4.441232e+00,8.201147e+00,2.959901e+00,-9.613691e-01,-1.328905e-02,6.109198e-02
1.991518e+00,8.904207e+00,2.655793e+00,-1.046934e+00,-3.806457e-01,-1.334223e-02
-3.704354e-01,8.645643e+00,3.035767e+00,-1.072761e+00,-6.121461e-01,-1.170945e-01
-8.633096e-01,7.913452e+00,3.168416e+00,-1.121996e+00,-4.524016e-01,-1.239295e-01
-5.945583e-01,7.554572e+00,3.301150e+00,-1.250871e+00,-6.434514e-02,5.052512e-02
2.045667e-01,7.909204e+00,3.818343e+00,-1.352767e+00,1.805508e-01,2.262306e-01
2.555778e+00,9.602111e+00,5.988736e+00,-1.438187e+00,2.962314e-01,4.030800e-01
3.967117e+00,8.822047e+00,6.470943e+00,-1.345095e+00,1.106161e-01,3.287479e-01
2.830793e+00,8.604606e+00,5.374583e+00,-1.332995e+00,-3.506236e-01,4.274078e-01
7.435974e-01,1.019573e+01,4.014390e+00,-1.362355e+00,-3.650940e-01,6.191259e-01
1.794431e+00,9.743474e+00,-1.815488e-02,-1.526618e+00,3.208810e-02,9.003628e-01
4.989738e+00,9.645501e+00,-2.773595e+00,-2.000515e+00,5.317736e-02,1.013995e+00
9.069458e+00,1.405884e+01,-6.186790e+00,-3.181743e+00,-1.270157e+00,8.745606e-01
3.994896e+00,1.907061e+01,-1.587912e+00,-3.751891e+00,-2.669238e+00,7.467169e-01
-1.036073e+01,2.129166e+01,1.396260e+01,-3.762477e+00,-4.379255e+00,6.745940e-01
-1.753737e+01,2.430821e+01,1.889695e+01,-2.996453e+00,-2.831124e+00,1.276553e+00
-1.380316e+01,3.846958e+00,2.051824e+01,-3.866754e-01,1.193847e+00,3.010409e+00
-5.150170e+00,1.144966e+00,1.623758e+01,8.812903e-02,3.356758e+00,3.516254e+00
8.179670e-01,6.422288e+00,1.455093e+01,1.393670e+00,4.212316e+00,3.506273e+00
4.680948e+00,3.816451e+00,1.265739e+01,2.830258e+00,3.782309e+00,3.284446e+00
4.042080e+00,-6.185555e-02,8.515526e+00,4.313258e+00,2.222880e+00,2.739477e+00
1.159276e+00,-9.801237e-01,9.332790e+00,4.781122e+00,1.481252e+00,2.219486e+00
-1.020796e+00,7.806513e-01,9.640772e+00,5.664306e+00,1.099844e+00,1.341680e+00
-1.351959e+00,1.194281e+00,1.065357e+01,6.357521e+00,1.204621e+00,6.646268e-01
3.973331e-01,2.142750e+00,1.239300e+01,7.287292e+00,1.644894e+00,-3.842144e-02
1.362692e+00,4.975140e+00,1.382338e+01,7.703576e+00,1.852267e+00,-4.145345e-01
-7.412163e-01,1.039804e+01,1.312114e+01,7.555511e+00,2.005098e+00,-7.577409e-01
-4.669044e+00,1.144253e+01,9.556195e+00,6.338562e+00,2.245148e+00,-6.229104e-01
-5.480963e+00,-4.015852e+00,5.034711e+00,3.832065e+00,3.148239e+00,-2.421071e-01
-1.870687e-01,-4.928388e+00,4.070761e+00,1.904041e+00,3.565199e+00,-2.612032e-01
5.376946e+00,-1.021736e+00,6.928578e+00,-1.382213e+00,2.247878e+00,-7.215117e-01
2.425326e-01,2.765342e+01,-3.904974e+00,-2.376702e+00,1.427487e+00,-8.236552e-01
1.361533e+01,1.591646e+01,1.289205e+00,-1.466134e+00,2.891240e+00,1.341287e+00
7.157836e+00,-3.559956e+00,9.072292e+00,-2.368772e+00,1.987817e+00,2.754925e-02
-5.045963e+00,1.184690e+01,1.158593e+01,-3.012769e+00,2.047144e+00,-2.160116e-01
3.309153e+00,1.718682e+01,7.993898e+00,-1.740309e+00,1.350828e+00,8.937198e-02
3.476630e+00,5.640471e+00,7.293635e+00,-9.687772e-01,-7.049891e-01,-7.868901e-01
-3.748535e+00,8.554517e+00,8.398916e+00,-1.100392e+00,-6.882453e-01,-2.873007e-01
-4.258906e+00,1.116991e+01,7.706754e+00,-7.569089e-01,8.705427e-01,7.715194e-02
3.129829e+00,1.106468e+01,4.224827e+00,-3.550327e-01,1.742753e+00,3.582957e-01
6.386943e+00,8.008981e+00,3.192535e-01,-3.019127e-01,4.897025e-01,2.541053e-02
3.229729e+00,7.110263e+00,1.411393e-01,-4.594054e-01,-2.666764e-01,-1.982742e-01
6.751589e-01,8.871073e+00,-7.001802e-01,-9.357216e-01,-6.255512e-01,-2.793117e-01
-5.214189e-01,7.360705e+00,-2.048564e+00,-1.300381e+00,-6.863143e-01,-3.472803e-01
-1.730549e+00,8.798402e+00,1.039951e+00,-1.899457e+00,-4.972258e-01,-2.091436e-01
-9.026390e-01,7.189940e+00,2.650417e+00,-2.059114e+00,-2.244327e-01,-2.550156e-01
3.844632e+00,7.968583e+00,6.185732e+00,-2.274044e+00,9.621872e-02,-1.842347e-01
4.174657e+00,8.025192e+00,1.040260e+01,-2.050910e+00,-1.323687e-01,-3.643620e-01
1.350043e+00,5.017450e+00,1.206058e+01,-1.418517e+00,-5.105652e-01,-3.715891e-01
-2.497316e+00,9.103439e+00,1.062380e+01,-1.144352e+00,-5.160321e-01,-1.625306e-01
-1.006587e+00,1.514800e+01,9.380111e+00,-5.831578e-01,2.908239e-01,1.063347e-01
1.488294e+00,1.563049e+01,8.993902e+00,-3.151330e-01,7.024270e-01,2.651951e-01
5.568120e+00,1.559526e+01,5.260301e+00,-1.860448e-01,4.529296e-01,4.703650e-01
7.299774e+00,1.638773e+01,2.036980e+00,-2.279883e-01,2.774314e-02,6.275687e-01
1.065616e+01,1.792642e+01,-3.249891e+00,-5.302847e-01,-1.707677e+00,-5.947284e-02
3.562879e+00,8.433824e+00,-1.983542e+00,-8.717627e-01,-3.605326e+00,-8.323809e-01
-7.365570e+00,1.653958e+01,4.489733e+00,-1.737759e+00,-4.321093e+00,-6.802243e-01
-1.611672e+01,1.372931e+01,6.989716e+00,-1.629803e+00,-3.433247e+00,-6.542631e-01
-1.342531e+01,9.193767e+00,1.161354e+01,-2.597042e+00,1.087134e+00,8.047777e-01
-4.073672e+00,1.454439e+01,1.150484e+01,-2.757428e+00,3.676153e+00,1.648063e+00
1.040727e+01,1.266601e+01,9.920576e+00,-1.683342e+00,3.662206e+00,1.584126e+00
8.576517e+00,5.907840e+00,9.870351e+00,-1.405593e+00,2.284302e+00,9.533970e-01
3.090480e+00,7.184936e+00,1.062895e+01,-1.299261e+00,2.911156e-01,4.069133e-01
6.135653e-01,8.636942e+00,1.096573e+01,-8.099146e-01,-3.222399e-01,3.872378e-01
-3.518361e+00,5.001476e+00,9.095574e+00,3.271588e-01,-1.068531e-01,3.820962e-01
-3.503984e+00,3.142136e+00,8.126920e+00,1.038739e+00,5.257213e-01,4.829640e-01
-3.359133e-01,1.306236e+00,7.342151e+00,2.193752e+00,1.326948e+00,5.203091e-01
1.717935e+00,-1.848514e-01,7.034959e+00,3.063402e+00,1.454431e+00,3.866790e-01
-7.642663e-01,-4.579097e+00,4.795986e+00,4.002078e+00,1.368859e+00,2.021314e-01
-1.523634e+00,-7.027578e+00,7.977795e+00,4.191140e+00,1.463425e+00,3.693252e-01
-8.495986e-01,-8.376248e+00,7.264554e+00,4.042946e+00,1.504251e+00,4.800851e-01
7.020983e-01,-8.317925e+00,7.978448e+00,3.559060e+00,1.265225e+00,3.575909e-01
4.719786e+00,-6.893795e+00,7.852276e+00,2.356850e+00,3.262007e-01,7.618710e-03
2.946793e+00,-5.041383e+00,8.232534e+00,1.645500e+00,-3.283963e-01,-7.692299e-02
-1.775175e+00,-3.792587e+00,-5.372831e-01,1.490294e+00,-9.354987e-01,6.502723e-02
-1.239511e+01,3.778570e+01,2.343110e+01,-2.228497e+00,-1.538701e-01,5.015679e-02
5.896414e-01,4.284719e+00,1.120336e+01,1.232698e-01,-4.735588e-02,8.196492e-01
-5.312170e-01,-8.225060e+00,2.935980e+00,6.462074e-01,5.041774e-01,-2.928334e-02
3.077610e+00,1.014051e+01,7.227184e+00,-1.289724e-01,1.125322e+00,1.232498e+00
6.133776e+00,2.490933e+01,1.037708e+01,-4.768792e-01,1.410821e+00,1.020180e+00
4.242571e+00,1.394093e+00,4.165310e+00,7.320550e-01,9.013801e-01,1.806955e-01
5.307472e+00,3.411821e+00,3.669160e+00,3.003461e-01,4.878993e-01,1.567274e-01
2.260561e+00,1.160140e+01,5.871996e+00,1.643995e-01,-8.247578e-01,-3.637576e-01
-2.770568e+00,9.761621e+00,6.081930e+00,3.471122e-01,-1.551280e+00,-4.577960e-01
-5.044065e+00,8.109935e+00,4.790385e+00,5.879456e-01,-1.112913e+00,-2.148683e-01
-4.577169e+00,8.180726e+00,3.983730e+00,6.828454e-01,-1.209572e-01,1.341910e-01
5.668194e-01,8.066350e+00,1.763330e+00,5.832958e-01,1.179163e+00,5.775608e-01
3.796503e+00,7.750882e+00,7.158172e-01,3.858173e-01,1.441104e+00,6.177710e-01
6.332506e+00,7.867782e+00,-7.454204e-01,2.373450e-02,8.584229e-01,2.535773e-01
3.573412e+00,9.427246e+00,-6.581479e-01,-3.558153e-01,-1.147844e-01,-8.211598e-02
-5.125507e-01,9.417028e+00,2.057824e+00,-7.537106e-01,-9.380922e-01,-3.880573e-01
-1.704666e+00,9.681045e+00,5.880121e+00,-7.753572e-01,-8.811553e-01,-3.659965e-01
-1.919996e+00,1.115349e+01,7.241311e+00,-5.881221e-01,-2.515448e-01,-6.071409e-02
-2.131577e+00,9.901935e+00,8.764195e+00,-2.723494e-01,1.126879e-01,1.067161e-01
2.191744e+00,1.195087e+01,7.625414e+00,-4.844687e-02,5.607622e-01,3.827097e-01
7.774593e+00,1.573168e+01,3.702333e+00,3.479029e-04,6.408357e-01,4.068829e-01
1.054233e+01,1.801383e+01,5.942899e-01,-3.462970e-01,-2.248553e-01,4.807043e-01
1.361204e+01,1.673938e+01,-5.417717e+00,-7.364521e-01,-1.566948e+00,-1.459546e-01
1.517902e+00,1.167792e+01,-8.260239e-01,-1.441902e+00,-4.072199e+00,-1.150541e+00
-8.221782e+00,9.457917e+00,2.886468e+00,-1.797726e+00,-4.636383e+00,-1.533961e+00
-2.345016e+01,7.582468e+00,1.540138e+01,-3.208009e+00,-2.540888e+00,-4.134442e-01
-3.055674e+00,1.429022e+01,1.347651e+01,-4.422293e+00,1.465773e+00,1.303981e+00
7.304892e+00,1.262311e+01,1.144812e+01,-4.183791e+00,2.672967e+00,1.487979e+00
7.834170e+00,8.568337e+00,9.910833e+00,-4.001258e+00,1.606853e+00,9.742865e-01
2.715155e+00,9.088013e+00,9.246584e+00,-3.589349e+00,4.491900e-02,4.604657e-01
2.489639e-01,1.013905e+01,8.722841e+00,-2.654029e+00,-5.451685e-01,6.184823e-01
-2.370253e+00,6.752709e+00,5.183099e+00,-9.400966e-01,-6.977993e-02,5.709598e-01
2.371309e-01,4.405568e+00,3.962574e+00,1.843573e-02,5.562749e-01,3.521567e-01
4.121358e+00,4.685656e+00,2.904748e+00,1.587514e+00,1.158550e+00,-2.712277e-01
4.412790e+00,2.465212e+00,3.502947e+00,2.751893e+00,8.749723e-01,-7.425944e-01
5.223632e-01,-3.627969e+00,3.872444e+00,3.969741e+00,7.019097e-01,-1.175622e+00
-3.005687e-01,-5.710379e+00,5.476067e+00,4.324949e+00,9.219776e-01,-1.161957e+00
5.404456e-01,-8.287878e+00,8.055381e+00,4.430294e+00,1.063969e+00,-9.031707e-01
1.997069e+00,-1.157342e+01,8.219307e+00,4.039393e+00,6.206492e-01,-8.386203e-01
4.904805e+00,-1.070785e+01,9.039262e+00,2.759104e+00,-2.180141e-01,-9.985927e-01
6.980377e-01,-1.148169e+01,3.984361e+00,2.241105e+00,-1.077955e+00,-1.087261e+00
1.094293e-02,2.454140e+01,5.439323e+00,-3.532938e+00,7.766208e-02,2.886552e+00
-1.094714e+01,5.254256e+00,1.139500e+01,7.762048e-01,-1.266718e+00,-1.845078e-03
-2.241958e+00,-7.768402e+00,4.497981e+00,7.713783e-01,1.546193e+00,1.573439e-01
7.489059e+00,1.696056e+01,8.877032e+00,-6.602964e-01,2.376169e+00,1.927269e+00
1.092691e+01,1.698305e+01,7.671917e+00,4.139117e-01,6.867912e-01,6.342984e-02
7.186285e-01,5.546522e-01,5.315994e+00,5.752168e-01,-5.750663e-01,-5.731567e-02
-4.678734e-01,1.005880e+01,6.985747e+00,8.890219e-02,-7.717775e-01,2.240876e-03
-1.530200e+00,1.034870e+01,7.533996e+00,3.734092e-01,-8.865442e-01,-1.335707e-01
-2.853180e+00,7.833684e+00,5.606195e+00,6.717639e-01,-4.501854e-01,1.799424e-01
-1.552999e+00,7.342846e+00,4.383713e+00,7.512535e-01,2.395892e-01,3.131028e-01
3.666946e+00,8.709135e+00,2.621324e+00,6.493345e-01,6.764469e-01,4.533376e-01
4.245783e+00,8.544367e+00,1.474313e+00,5.392681e-01,3.278512e-01,3.227870e-01
1.702155e+00,7.214659e+00,1.560417e+00,2.736151e-01,-5.457093e-01,-9.203892e-02
2.396126e-01,8.375095e+00,1.203736e+00,-1.726420e-02,-7.647864e-01,-1.536610e-01
-1.360518e+00,9.208891e+00,1.241405e+00,-2.680540e-01,-5.369940e-01,-1.132661e-01
-1.191450e+00,9.531349e+00,3.128096e+00,-3.780183e-01,-3.042939e-01,-5.636624e-02
-1.228206e+00,8.134787e+00,5.008198e+00,-2.913494e-01,-1.287154e-01,-5.917947e-02
-3.244696e-01,9.809485e+00,5.782321e+00,-2.982331e-01,1.079962e-01,1.947720e-01
-1.888545e-01,1.121730e+01,6.607170e+00,-2.326351e-01,2.945463e-01,2.816900e-01
2.288058e-01,1.161890e+01,6.617907e+00,-1.209939e-01,3.686307e-01,3.791692e-01
5.133537e+00,1.485164e+01,3.733213e+00,-2.944298e-01,4.773387e-01,5.010177e-01
1.189759e+01,1.836906e+01,7.907795e-01,-5.945568e-01,7.266980e-02,4.714928e-01
6.679945e+00,1.429121e+01,-2.041852e+00,-1.074518e+00,-2.049991e+00,-2.995164e-01
1.282110e+00,1.484309e+01,2.231955e-01,-1.349140e+00,-3.039827e+00,-6.752879e-01
-1.879774e+01,7.321673e+00,6.325655e+00,-1.871342e+00,-3.548023e+00,-9.530826e-01
-2.384475e+01,4.611049e+00,1.487590e+01,-3.435377e+00,-6.804544e-01,6.807713e-01
1.064330e+00,1.403499e+01,1.586050e+01,-4.539625e+00,3.751372e+00,2.503238e+00
8.699788e+00,9.432989e+00,1.232211e+01,-4.420650e+00,3.829250e+00,2.071073e+00
1.197108e+01,9.655674e+00,8.797248e+00,-3.956172e+00,1.885898e+00,8.933808e-01
1.253304e+01,9.970560e+00,8.930061e+00,-3.177544e+00,-8.738359e-02,4.550605e-01
4.202535e+00,7.031046e+00,5.696643e+00,-1.871203e+00,-2.348933e+00,-1.900106e-02
-7.657255e-01,5.896044e+00,6.248581e+00,-1.065014e+00,-2.514536e+00,-2.397267e-01
-5.914481e+00,5.015637e+00,3.965228e+00,4.256926e-01,-1.119284e+00,-6.290562e-01
-5.613659e+00,3.357615e+00,4.477412e+00,1.595600e+00,4.702321e-01,-7.264416e-01
9.061451e-01,2.438237e+00,4.562827e+00,3.013260e+00,2.321471e+00,-5.272964e-01
4.203656e+00,4.363833e-01,5.261561e+00,3.857377e+00,2.537474e+00,-5.300512e-01
7.417630e+00,-4.387527e+00,4.802267e+00,4.563661e+00,1.621296e+00,-6.690689e-01
5.978505e+00,-6.841174e+00,5.973325e+00,4.492950e+00,1.819683e-01,-9.145251e-01
-2.224391e-01,-9.236932e+00,8.584694e+00,3.746004e+00,-1.505072e+00,-1.300977e+00
-1.182855e+00,-9.006428e+00,9.255003e+00,3.038691e+00,-1.390005e+00,-1.313137e+00
-6.984281e+00,-2.960751e+00,1.880520e+01,1.447707e+00,-8.304251e-01,-1.126365e+00
1.408787e+01,3.929391e+01,4.330260e+00,-5.289626e+00,8.470735e-01,2.298994e+00
-8.156453e+00,-1.205581e+00,7.811273e+00,9.651806e-01,5.690129e-01,-5.996581e-01
4.519076e-01,-4.333899e+00,6.070702e+00,8.485826e-01,1.318806e+00,-6.925283e-02
8.692410e+00,1.667172e+01,7.530055e+00,-5.292473e-01,1.389667e+00,1.494164e+00
4.051823e+00,9.029326e+00,6.684822e+00,3.995706e-01,1.723893e-01,1.096953e-01
-1.060193e+00,6.588697e+00,7.566721e+00,2.366155e-01,-9.030530e-02,2.161945e-01
4.133464e-01,1.005483e+01,7.221481e+00,2.767266e-01,3.208894e-01,2.189830e-01
5.340468e-01,7.873852e+00,7.285331e+00,6.924331e-01,1.354814e-01,7.432337e-02
2.161895e-01,8.071048e+00,6.089489e+00,7.201317e-01,5.612256e-02,1.882417e-01
4.562872e-01,8.104554e+00,5.408996e+00,8.384575e-01,2.223928e-01,2.137407e-01
2.647584e+00,8.106785e+00,4.640035e+00,8.734946e-01,3.270966e-01,1.879391e-01
2.962284e+00,7.819206e+00,3.056018e+00,7.705632e-01,-8.662073e-02,5.690273e-02
1.755834e+00,7.435683e+00,1.993170e+00,6.490952e-01,-4.915450e-01,-1.371499e-01
-7.415665e-01,8.369607e+00,5.429422e-01,3.209484e-01,-6.520350e-01,-2.295273e-01
-1.746223e+00,8.275445e+00,-1.119177e-01,1.049555e-01,-4.978104e-01,-2.004575e-01
-1.951813e+00,9.275282e+00,6.234117e-02,-2.624646e-01,-1.486482e-01,-5.110349e-02
-1.419797e+00,9.469661e+00,1.900322e+00,-4.851677e-01,5.638366e-02,4.947567e-03
-1.079942e+00,9.065417e+00,8.275617e+00,-4.181165e-01,2.027430e-01,4.554365e-02
7.686609e-01,1.003759e+01,1.047190e+01,-3.361239e-01,4.685900e-01,1.955346e-01
2.497106e+00,1.044271e+01,7.479655e+00,5.349720e-02,7.308598e-01,3.375616e-01
5.994754e+00,1.309318e+01,5.263291e+00,1.525809e-01,6.324790e-01,4.358336e-01
4.652527e+00,1.552017e+01,2.554181e+00,-1.065278e-01,-3.484848e-01,3.063024e-01
8.532524e+00,1.686626e+01,-2.103027e+00,-3.302742e-01,-5.330132e-01,2.342177e-01
7.140998e+00,1.277498e+01,-4.426307e+00,-9.810658e-01,-1.974583e+00,-4.036361e-01
3.039597e+00,1.122096e+01,-2.043842e+00,-1.435378e+00,-3.181104e+00,-8.626180e-01
-1.191383e+01,6.997735e+00,5.046328e+00,-2.225480e+00,-2.991092e+00,-9.673341e-01
-1.407812e+01,6.475647e+00,1.257529e+01,-3.442905e+00,-1.028508e+00,9.538941e-02
1.441108e+00,1.383851e+01,1.304871e+01,-4.603244e+00,2.413471e+00,1.460150e+00
1.078643e+01,1.207989e+01,1.093217e+01,-4.610209e+00,2.356006e+00,1.099922e+00
5.896076e+00,8.574051e+00,1.066595e+01,-4.262382e+00,4.666304e-02,1.348136e-01
2.910065e+00,8.320681e+00,1.112566e+01,-3.702590e+00,-1.325219e+00,-1.341453e-01
-3.029777e+00,8.885906e+00,1.005059e+01,-2.469933e+00,-1.587761e+00,1.651696e-01
-4.658852e+00,8.049087e+00,7.854693e+00,-1.429259e+00,-9.498174e-01,3.656238e-01
-3.405927e+00,5.663371e+00,6.335955e+00,2.202859e-01,5.788240e-01,3.367633e-01
-6.123777e-01,3.853885e+00,4.758365e+00,1.226572e+00,1.305366e+00,1.996761e-01
2.111084e+00,1.403467e+00,4.208979e+00,2.447529e+00,1.593838e+00,-8.219766e-02
1.770546e+00,-3.570466e-01,4.949787e+00,3.377150e+00,1.289862e+00,-3.188297e-01
-1.662720e+00,-5.796770e+00,5.257966e+00,4.549357e+00,9.395028e-01,-4.656750e-01
-1.061683e+00,-9.159209e+00,5.620199e+00,4.874236e+00,1.130822e+00,-2.619056e-01
-6.130675e-02,-1.010647e+01,7.038622e+00,4.636743e+00,1.053936e+00,-6.237177e-02
2.531747e+00,-1.017205e+01,8.462272e+00,4.365327e+00,1.055808e+00,2.335484e-02
4.133088e+00,1.083980e+01,1.154123e+01,5.260059e-02,6.642796e-02,-1.421666e+00
8.193847e+00,3.777901e+01,7.471854e+00,-3.608630e+00,1.480218e+00,4.859208e+00
-1.379291e+01,-1.287718e+01,1.081992e+01,1.606144e+00,-1.013096e+00,-2.070475e+00
7.679133e+00,-4.723729e-01,7.651811e+00,9.594769e-02,7.387651e-01,-4.818189e-01
5.825760e+00,1.809652e+01,9.883081e+00,-8.300230e-01,5.024188e-01,9.913609e-01
-7.528592e-03,5.559269e+00,9.134438e+00,6.209138e-01,-3.664122e-01,-5.803786e-01
-3.439400e-01,8.403739e+00,7.655002e+00,1.031080e-01,1.808858e-01,4.868674e-01
2.076476e+00,8.363319e+00,7.762814e+00,4.004773e-01,2.916055e-01,2.550906e-01
1.611006e+00,8.096547e+00,7.563632e+00,6.635651e-01,-1.368246e-02,1.153936e-01
5.048711e-01,7.780284e+00,6.780284e+00,7.895919e-01,-1.144586e-01,1.527115e-01
2.625659e+00,8.056363e+00,5.099922e+00,9.096960e-01,4.889401e-03,3.212868e-02
2.655415e+00,8.692562e+00,3.849753e+00,8.703951e-01,-2.077736e-01,-8.285589e-03
6.654310e-02,7.679508e+00,2.753803e+00,7.679425e-01,-6.270146e-01,-2.396705e-01
-1.644883e-01,7.234698e+00,2.118188e+00,5.869739e-01,-6.373101e-01,-2.354730e-01
-4.362296e-01,7.445082e+00,9.735223e-01,2.204671e-01,-5.098063e-01,-2.329014e-01
-2.639404e-01,8.483431e+00,-7.684462e-01,-2.338445e-02,-4.373112e-01,-2.066874e-01
-6.133319e-01,7.964938e+00,3.073826e+00,-4.457106e-01,-4.271991e-01,-1.522156e-01
-7.139742e-01,8.573496e+00,4.020965e+00,-5.572607e-01,-2.869564e-01,-1.392959e-01
1.409304e+00,1.015628e+01,5.596514e+00,-5.943628e-01,-1.967541e-01,-1.143686e-01
1.790601e+00,9.730601e+00,8.138589e+00,-5.058186e-01,-2.870251e-01,-1.257587e-01
-8.698103e-01,1.054357e+01,8.565955e+00,-1.969827e-01,-2.189275e-01,9.610656e-02
-3.944535e-01,1.321098e+01,7.479316e+00,-2.777626e-02,-1.088676e-02,2.762728e-01
4.908512e+00,1.394572e+01,4.075031e+00,1.334713e-01,6.007035e-01,5.360730e-01
6.990525e+00,1.442998e+01,2.977239e+00,4.731786e-02,4.550216e-01,6.537568e-01
1.075738e+01,1.562694e+01,-2.295551e+00,-3.164267e-01,-1.199862e+00,1.916965e-01
6.493789e+00,1.108156e+01,-2.254885e+00,-6.159710e-01,-2.980907e+00,-5.809052e-01
-6.225925e+00,1.094868e+01,2.184749e+00,-1.337311e+00,-4.387725e+00,-9.180871e-01
-1.963528e+01,3.769292e+00,7.072016e+00,-1.810256e+00,-3.441183e+00,-6.296313e-01
-8.313730e+00,1.385589e+01,1.281688e+01,-3.966075e+00,9.512067e-01,1.181521e+00
-6.422465e-01,1.435444e+01,1.403209e+01,-4.337596e+00,3.498558e+00,1.977661e+00
1.311494e+01,1.027740e+01,1.080386e+01,-4.057525e+00,3.273005e+00,1.684434e+00
9.633153e+00,7.428631e+00,1.017836e+01,-3.984400e+00,1.290833e+00,5.696859e-01
5.190968e+00,8.458053e+00,9.790306e+00,-3.412973e+00,-6.863881e-01,2.506390e-01
9.143051e-01,8.204111e+00,8.783344e+00,-2.628220e+00,-1.188897e+00,1.567692e-01
-2.972701e+00,5.999198e+00,6.642492e+00,-1.367158e+00,-8.977354e-01,4.151729e-01
-2.436183e+00,4.973048e+00,5.374187e+00,-2.979226e-01,6.655297e-02,5.458476e-01
1.067433e+00,4.433006e+00,4.234710e+00,1.250319e+00,1.261428e+00,3.964043e-01
3.339482e+00,3.103515e+00,4.177766e+00,2.211835e+00,1.417392e+00,9.943054e-02
4.140414e+00,1.523312e+00,4.218758e+00,3.565125e+00,8.864191e-01,-3.361383e-01
2.938220e+00,9.488354e-01,5.241362e+00,4.168669e+00,4.879298e-01,-5.937474e-01
-1.731405e-01,-3.886634e+00,6.602964e+00,5.163862e+00,8.193269e-02,-9.888935e-01
-1.186150e+00,-6.270336e+00,7.669364e+00,5.473906e+00,2.866835e-01,-8.700155e-01
-2.116588e-01,-1.120556e+01,8.193318e+00,4.921174e+00,5.393144e-01,-5.207294e-01
1.694157e+00,-9.354216e+00,8.184061e+00,3.831049e+00,5.987684e-01,-3.208777e-01
5.080913e+00,-9.595262e+00,7.030462e+00,2.040865e+00,1.185475e-01,-4.426285e-01
2.461280e+00,3.666078e+01,3.543369e+00,-2.296607e+00,-4.779395e-01,-1.224403e+00
-5.446852e+00,3.945534e+00,5.186436e+00,-1.773663e-01,-2.015293e+00,-1.126724e-01
-1.140782e+01,-1.113196e+01,7.252645e+00,1.706614e-01,-1.288104e+00,-4.733657e-01
2.095427e+00,1.374371e+01,1.004807e+01,-1.906341e+00,1.239367e+00,1.156150e+00
3.175205e+00,1.684406e+01,9.163936e+00,-1.486247e+00,1.223216e+00,1.116598e+00
1.388354e+00,-9.478571e-04,6.894881e+00,-1.912023e-01,8.532325e-01,3.903459e-01
5.456769e+00,6.466364e+00,6.910683e+00,-6.651479e-01,8.483013e-01,5.495034e-01
4.074707e+00,9.345687e+00,8.203641e+00,-3.268994e-01,-5.596378e-01,-6.622767e-02
3.500289e-01,7.724387e+00,7.904394e+00,-2.432277e-01,-8.112150e-01,-1.260938e-01
4.135369e-01,8.810605e+00,7.606511e+00,-9.486043e-02,-5.205587e-01,5.908198e-02
1.652809e+00,9.473136e+00,7.257964e+00,5.375157e-03,-3.018664e-01,9.565504e-02
2.068082e+00,9.706463e+00,6.974844e+00,2.407615e-01,-4.660408e-01,-4.938036e-03
4.900197e-01,8.949501e+00,6.532715e+00,2.976433e-01,-7.031143e-01,-3.555556e-02
-1.250960e+00,8.170669e+00,5.838163e+00,3.222638e-01,-7.504464e-01,8.682254e-02
-1.657144e+00,6.924283e+00,5.015236e+00,3.365592e-01,-6.158418e-01,1.429392e-01
-1.301510e+00,6.146752e+00,4.525755e+00,2.065502e-01,-2.225835e-01,2.936307e-01
-9.346147e-01,5.572112e+00,4.593654e+00,1.364875e-01,-5.083930e-02,3.640057e-01
-3.657988e-01,4.943041e+00,3.985412e+00,-3.007374e-03,1.195882e-01,4.241956e-01
-3.484795e-01,5.557287e+00,5.165243e+00,-1.020082e-01,2.599662e-01,4.241216e-01
4.305305e-02,6.193380e+00,5.415763e+00,-1.801601e-01,4.331307e-01,4.887943e-01
3.821722e-01,6.636956e+00,5.603479e+00,-2.186062e-01,6.265267e-01,5.478459e-01
1.868404e+00,7.645758e+00,5.668677e+00,-2.827524e-01,9.337091e-01,6.378956e-01
2.442773e+00,8.028909e+00,5.089191e+00,-3.657354e-01,9.059276e-01,6.599226e-01
2.006831e+00,8.501402e+00,3.812676e+00,-5.567087e-01,7.540196e-01,7.220374e-01
2.396468e+00,1.021884e+01,1.897625e+00,-8.154896e-01,6.389069e-01,8.148653e-01
6.366691e+00,1.064990e+01,-2.195146e+00,-1.496341e+00,4.560373e-02,7.730558e-01
8.678487e+00,1.093348e+01,-4.663054e+00,-2.292762e+00,-1.050671e+00,5.159778e-01
7.976803e+00,1.407379e+01,-4.432997e+00,-3.417499e+00,-2.894231e+00,1.516545e-01
1.103887e+00,1.732466e+01,3.655417e+00,-3.888031e+00,-3.943663e+00,5.808777e-02
-7.958785e+00,1.933945e+01,1.171305e+01,-3.975242e+00,-3.805606e+00,3.381221e-01
-1.686856e+01,2.609747e+01,1.696109e+01,-2.697534e+00,-1.429932e+00,1.031783e+00
-8.930005e+00,3.754029e+00,1.870848e+01,-6.125751e-02,2.750614e+00,2.300490e+00
-6.188732e-02,1.622948e+00,1.337835e+01,-3.062410e-01,3.571631e+00,2.216821e+00
4.086942e+00,1.074005e+01,1.146869e+01,1.613416e+00,2.803901e+00,1.763728e+00
4.452866e+00,7.750924e+00,1.103696e+01,3.340512e+00,2.060198e+00,1.463534e+00
2.909657e+00,2.203417e+00,8.631880e+00,4.728621e+00,9.153795e-01,9.530835e-01
1.640145e+00,1.554796e+00,9.319112e+00,5.235239e+00,6.046117e-01,5.936788e-01
1.926351e-01,2.811892e+00,1.107447e+01,6.269679e+00,4.565163e-01,1.460199e-01
-6.952587e-01,3.143641e+00,1.203173e+01,7.117391e+00,6.276840e-01,-2.269714e-01
-1.704414e+00,3.478379e+00,1.537990e+01,7.884905e+00,1.688065e+00,-6.630576e-01
-5.879200e-01,4.138309e+00,1.468615e+01,7.739209e+00,2.553269e+00,-7.067224e-01
-9.713264e-01,6.015914e+00,1.242602e+01,6.215649e+00,3.047712e+00,-5.546110e-01
-2.474756e-01,2.358597e-01,9.925011e+00,4.441948e+00,2.906865e+00,-9.464997e-03
-1.324174e+00,-7.052408e+00,6.003215e+00,1.253423e+00,2.181456e+00,-1.092944e-01
-2.445476e+00,-7.086874e+00,5.071102e+00,-7.599401e-01,2.191273e+00,-1.427485e-01
5.870679e+00,2.245589e+01,-2.653037e+00,-1.710610e+00,3.257840e+00,1.280753e+00
1.609687e+01,1.779958e+01,4.072594e+00,-3.374376e+00,9.784125e-01,1.582394e-01
-7.445177e+00,3.892801e+00,1.390677e+01,-3.136550e+00,1.559814e+00,-6.999721e-01
4.257542e+00,-2.403253e+00,7.813022e+00,-2.591900e+00,9.145801e-01,3.744170e-01
-2.697307e+00,1.400734e+01,1.306909e+01,-1.821635e+00,-9.331701e-02,-4.029402e-01
-5.439297e+00,1.481733e+01,1.086549e+01,-1.252960e+00,7.582058e-01,5.460819e-01
1.181629e+00,6.431273e+00,6.238112e+00,-9.432085e-01,1.623274e+00,4.712214e-01
6.432409e+00,1.134144e+01,5.578664e+00,-9.383338e-01,1.441947e+00,5.730555e-01
7.003491e+00,1.098562e+01,4.453383e+00,-7.772219e-01,3.740973e-01,2.755869e-01
5.395337e+00,8.765908e+00,3.729229e+00,-7.665384e-01,-4.522632e-01,-3.465241e-02
1.272132e+00,8.121424e+00,2.473239e+00,-8.586097e-01,-1.157383e+00,-2.489709e-01
-2.434691e+00,7.489972e+00,2.156706e+00,-8.962854e-01,-1.186960e+00,-2.331936e-01
-4.397528e+00,6.434522e+00,1.954522e+00,-1.076692e+00,-6.454522e-01,2.497833e-02
-2.037796e+00,6.813623e+00,2.501799e+00,-1.228130e+00,-9.939429e-02,1.921917e-01
6.893516e-01,8.820511e+00,4.351489e+00,-1.326135e+00,3.676093e-02,2.992575e-01
4.152375e-01,9.051647e+00,3.933843e+00,-1.381721e+00,1.665972e-01,4.231626e-01
1.268505e+00,8.384523e+00,2.539296e+00,-1.601254e+00,5.089158e-01,7.798213e-01
3.780730e+00,1.009006e+01,4.572042e-01,-1.989915e+00,5.500848e-01,9.074215e-01
7.898640e+00,1.015406e+01,-2.534228e+00,-2.691537e+00,-4.430809e-01,6.212944e-01
8.371658e+00,1.274906e+01,-4.008578e+00,-3.316239e+00,-1.519048e+00,4.822072e-01
1.012082e+00,1.692927e+01,-1.835969e+00,-4.013495e+00,-2.944837e+00,2.735115e-01
-4.384147e+00,1.619079e+01,6.552204e+00,-4.392663e+00,-3.710043e+00,1.670102e-01
-1.152640e+01,2.818752e+01,1.780514e+01,-3.609689e+00,-1.934772e+00,8.902432e-01
-1.148351e+01,1.983949e+01,1.719143e+01,-1.077207e+00,3.422186e-02,1.646220e+00
7.870298e-01,-1.568819e-01,1.473411e+01,-2.903341e-01,2.536367e+00,1.720072e+00
7.519958e+00,7.882261e+00,9.382153e+00,3.148729e-01,2.463098e+00,1.407516e+00
6.380017e+00,6.827337e+00,1.014643e+01,2.666962e+00,1.558005e+00,5.139796e-01
5.052699e+00,3.263108e+00,7.629253e+00,3.671121e+00,1.045368e+00,2.197846e-01
2.428081e+00,8.188181e-02,8.325987e+00,4.799978e+00,7.148564e-01,-3.369493e-01
2.393892e+00,-2.522794e-01,8.883419e+00,5.583860e+00,9.356997e-01,-7.431095e-01
2.444406e+00,1.159937e+00,9.492703e+00,6.537216e+00,1.114391e+00,-9.364657e-01
3.168640e+00,3.090350e+00,1.179296e+01,7.085892e+00,1.217528e+00,-1.024244e+00
2.777987e+00,5.020713e+00,1.446449e+01,8.095665e+00,1.213764e+00,-1.066247e+00
1.342272e+00,7.182812e+00,1.340629e+01,8.009977e+00,1.510705e+00,-6.949162e-01
-3.598363e+00,8.370213e+00,1.055405e+01,6.202593e+00,2.010685e+00,-2.415997e-02
-8.835436e+00,-4.879964e+00,2.784309e+00,4.442415e+00,2.746474e+00,-9.546691e-02
4.281696e-01,-1.497358e+01,-1.788535e-01,1.732874e-01,3.651601e+00,6.440837e-02
8.665407e+00,5.498170e-01,2.012360e+00,-3.174595e+00,1.871085e+00,2.338251e-01
2.095372e+01,2.822984e+01,-2.818968e+00,-2.085699e+00,1.465052e+00,6.441828e-01
2.939068e+00,-2.224551e+00,6.111651e+00,-3.498525e+00,-4.580685e-01,-1.099128e+00
-4.309903e+00,-2.240304e+00,1.375925e+01,-4.021281e+00,-4.748243e-01,-6.332182e-01
-4.680149e+00,1.097576e+01,1.380008e+01,-3.204576e+00,-6.294837e-01,-3.910100e-01
-3.376261e+00,1.650956e+01,1.135299e+01,-1.463496e+00,-4.370871e-01,-1.784396e-01
-1.207310e+01,6.191342e+00,8.410375e+00,-1.181180e+00,8.274886e-01,4.540004e-01
1.780612e+00,8.247557e+00,7.146769e+00,-9.688444e-01,3.666847e+00,1.336852e+00
8.061841e+00,1.034641e+01,6.318100e+00,-9.673988e-01,3.136443e+00,9.440304e-01
8.204722e+00,8.554881e+00,4.398425e+00,-7.667102e-01,8.451578e-01,2.600933e-01
4.197538e+00,8.746870e+00,4.850651e+00,-7.990050e-01,1.044498e-01,7.615290e-03
2.665878e+00,1.070821e+01,4.855431e+00,-6.935284e-01,-2.839419e-01,-1.645950e-01
2.208720e+00,1.063000e+01,3.535492e+00,-6.729373e-01,-5.526771e-01,-2.488297e-01
-1.417550e+00,8.573251e+00,2.485145e+00,-7.772136e-01,-8.279874e-01,-3.035634e-01
-1.894121e+00,7.799312e+00,2.676184e+00,-9.050577e-01,-6.311737e-01,-1.727542e-01
2.300947e+00,8.535234e+00,3.683011e+00,-1.055779e+00,-4.960995e-01,-1.523158e-02
1.764552e+00,8.927319e+00,2.978351e+00,-1.198918e+00,-7.499668e-01,3.774453e-02
6.659729e-01,7.891062e+00,-2.735548e-01,-1.628768e+00,-8.418584e-01,2.119479e-01
1.815506e+00,8.969887e+00,-3.342809e+00,-2.053951e+00,-1.001020e+00,2.732123e-01
1.367548e-01,9.313503e+00,-5.572584e-01,-2.836689e+00,-1.320797e+00,3.225871e-01
-2.421551e-01,9.616240e+00,7.604599e-01,-3.298166e+00,-1.114018e+00,6.775925e-01
6.371819e+00,1.519644e+01,-2.881838e+00,-3.823070e+00,-1.229983e+00,9.356198e-01
3.213256e+00,1.670602e+01,-9.572349e-01,-4.101193e+00,-2.786494e+00,6.671150e-01
-3.723931e+00,1.544853e+01,1.108091e+01,-4.292910e+00,-3.211761e+00,-4.640108e-03
-8.796199e+00,2.401618e+01,1.667962e+01,-3.586320e+00,-2.054165e+00,4.864291e-03
-1.661179e+00,7.960747e+00,1.706097e+01,-1.195737e+00,5.518042e-01,6.869675e-01
4.268748e+00,4.661726e+00,1.159454e+01,-9.578634e-01,1.378226e+00,3.739964e-01
7.156880e+00,9.660425e+00,9.394125e+00,7.380450e-01,9.473869e-01,-2.783606e-01
4.459811e+00,6.370692e+00,9.364281e+00,1.957710e+00,6.807081e-01,-7.248896e-01
2.797321e+00,3.329431e+00,7.822445e+00,3.518943e+00,9.771214e-01,-1.304857e+00
2.341302e+00,1.405289e+00,8.156512e+00,4.279948e+00,1.458427e+00,-1.558618e+00
2.604374e+00,1.807782e+00,8.819318e+00,5.323708e+00,1.894391e+00,-1.607797e+00
2.856782e+00,2.413762e+00,9.390049e+00,6.156687e+00,2.073948e+00,-1.480858e+00
3.395802e+00,4.129094e+00,1.152880e+01,7.356732e+00,2.200514e+00,-1.157659e+00
4.915740e+00,5.493507e+00,1.571566e+01,7.980606e+00,2.214363e+00,-8.436037e-01
6.464849e+00,9.434611e+00,1.254199e+01,8.013242e+00,1.746374e+00,2.189183e-02
4.059951e+00,7.978464e+00,1.009175e+01,7.031822e+00,9.694062e-01,-6.985306e-02
-1.358074e+01,-4.820171e+00,9.600000e+00,4.103089e+00,2.610837e+00,-3.257218e-01
-7.004118e+00,-1.609432e+01,-1.861073e+00,1.279550e+00,3.830215e+00,3.847241e-01
6.187192e+00,-1.218938e+00,6.001647e+00,-3.700158e+00,2.820144e+00,6.885601e-01
2.986008e+01,3.937366e+01,-2.634732e+00,-2.124554e+00,2.684407e+00,1.548342e+00
7.015345e+00,2.353781e+00,7.302458e+00,-3.085103e+00,-1.551131e+00,-1.517675e+00
-3.739200e+00,-6.292350e+00,1.338947e+01,-4.019098e+00,-1.743446e+00,-6.705236e-01
-7.748803e+00,1.812476e+01,1.347309e+01,-2.838532e+00,-6.039875e-01,1.203335e-02
-6.080567e+00,1.636510e+01,1.103826e+01,-1.797608e+00,2.673097e-01,2.451111e-01
-4.175461e+00,4.729167e+00,7.526702e+00,-1.309971e+00,2.395014e+00,1.088678e+00
4.969755e+00,9.084100e+00,5.091491e+00,-1.183630e+00,2.955054e+00,1.055758e+00
1.052291e+01,1.150763e+01,4.553387e+00,-1.205848e+00,9.745580e-01,3.802708e-01
6.304770e+00,8.887456e+00,4.221126e+00,-1.095908e+00,-2.193046e-01,1.807949e-02
5.130917e-01,1.014538e+01,4.243756e+00,-1.033926e+00,-7.215491e-01,-1.573721e-01
1.445306e-01,9.713514e+00,3.843471e+00,-9.082628e-01,-6.907060e-01,-2.065224e-01
6.254559e-01,7.656412e+00,2.454648e+00,-1.000298e+00,-8.588826e-01,-2.035877e-01
-3.724430e-01,6.770471e+00,1.935979e+00,-1.130799e+00,-9.747444e-01,-1.908191e-01
-1.163885e+00,7.020802e+00,2.640880e+00,-1.360547e+00,-7.620985e-01,2.433975e-03
4.789498e-03,7.419419e+00,3.312505e+00,-1.450148e+00,-4.552319e-01,1.472349e-01
1.262610e+00,1.024888e+01,2.590522e+00,-1.576044e+00,-3.690419e-01,3.205339e-01
2.680945e+00,9.870000e+00,-1.685538e+00,-1.882107e+00,-5.332118e-01,4.043827e-01
4.544732e+00,8.985222e+00,-1.440781e+00,-2.575952e+00,-8.958137e-01,4.021755e-01
4.744501e+00,9.948127e+00,4.695726e-01,-3.188041e+00,-1.114498e+00,6.798190e-01
5.840361e+00,1.605739e+01,-1.784246e+00,-3.840584e+00,-1.661279e+00,1.068427e+00
3.824793e+00,2.252781e+01,-4.278673e+00,-4.140636e+00,-2.422415e+00,1.129265e+00
-8.993177e+00,1.658263e+01,1.189986e+01,-4.332376e+00,-3.779724e+00,8.451057e-01
-1.340420e+01,2.284352e+01,1.732309e+01,-4.063380e+00,-1.941905e+00,1.037829e+00
-1.109069e+01,1.866103e+01,1.855787e+01,-6.575267e-01,1.579859e+00,2.139138e+00
2.429737e+00,2.510020e-01,1.455369e+01,-1.978983e-01,2.880699e+00,2.217632e+00
5.633927e+00,8.089431e+00,9.314913e+00,9.829520e-01,2.324381e+00,1.993382e+00
2.769453e+00,7.475967e+00,1.194669e+01,2.219228e+00,1.986779e+00,1.446968e+00
2.973323e+00,1.421371e+00,8.303350e+00,4.054084e+00,1.757074e+00,8.099954e-01
3.574557e+00,-8.537101e-02,8.197446e+00,4.821826e+00,1.469063e+00,3.886892e-01
4.244248e+00,3.994782e-01,9.317453e+00,5.957189e+00,8.128592e-01,1.017146e-01
3.794699e+00,1.034185e+00,1.033851e+01,6.581159e+00,4.181116e-01,-1.045498e-01
2.169976e+00,3.120578e+00,1.404607e+01,7.756019e+00,2.087035e-02,-5.053018e-01
1.687688e+00,3.759851e+00,1.590635e+01,8.526483e+00,3.387048e-01,-8.063818e-01
-3.275785e+00,5.691883e+00,1.460000e+01,8.128948e+00,1.844194e+00,-8.017416e-01
-7.650807e+00,7.823890e+00,1.172490e+01,6.959777e+00,2.853274e+00,-3.695500e-01
-5.968806e+00,5.295732e-01,7.883506e+00,4.493699e+00,4.590751e+00,3.430862e-01
2.661426e+00,-1.358949e+01,-3.594574e+00,1.495950e+00,4.225659e+00,4.233469e-01
3.003011e+00,3.567905e+00,1.021684e+00,-2.893468e+00,2.369043e+00,-1.279580e-01
2.739468e+01,3.117527e+01,-4.201954e+00,-2.669422e+00,3.418869e+00,1.407081e+00
3.603445e+00,-8.932016e-02,1.122473e+01,-4.100900e+00,-1.701741e+00,-2.062271e+00
-6.712122e+00,-4.134821e+00,1.863485e+01,-4.655438e+00,-1.959997e+00,-1.799166e+00
-1.244027e+01,1.032812e+01,1.558999e+01,-2.845991e+00,-1.424521e+00,2.407536e-02
-1.264135e+01,1.558619e+01,1.308280e+01,-2.028801e+00,-4.168764e-02,9.715952e-02
-6.675508e+00,7.652618e+00,1.117926e+01,-1.115781e+00,3.366223e+00,1.523568e+00
2.353576e+00,6.178199e+00,9.033135e+00,-8.005111e-01,4.853401e+00,1.627052e+00
1.719557e+01,1.053024e+01,7.024686e+00,-8.753026e-01,2.632149e+00,8.845018e-01
1.265082e+01,9.470105e+00,5.096454e+00,-6.295538e-01,8.191299e-01,4.094640e-01
3.658582e+00,9.013607e+00,4.541400e+00,-5.761144e-01,-8.842217e-01,-3.575247e-01
8.120192e-02,1.013610e+01,3.932933e+00,-5.988448e-01,-1.043680e+00,-4.622663e-01
-2.978632e+00,9.002989e+00,3.425625e+00,-6.038017e-01,-4.053485e-01,-2.191138e-01
-4.012454e+00,7.087624e+00,3.071710e+00,-6.497515e-01,1.424673e-01,3.403155e-02
-5.427945e-03,7.781525e+00,2.362204e+00,-9.029903e-01,9.478845e-01,5.358357e-01
2.319926e+00,8.482027e+00,1.593701e+00,-1.156491e+00,8.313427e-01,5.770795e-01
3.792027e+00,8.195800e+00,-4.081327e+00,-1.853232e+00,7.618694e-02,4.403461e-01
2.874633e+00,6.895194e+00,-4.491194e+00,-2.551124e+00,-4.054927e-01,4.312194e-01
5.651799e+00,1.160331e+01,-3.502707e+00,-3.743402e+00,-8.044228e-01,5.131988e-01
5.772008e+00,1.819792e+01,-5.085985e+00,-4.465525e+00,-1.472824e+00,6.182432e-01
4.541805e+00,3.041071e+01,2.589786e+00,-5.094152e+00,-3.087188e+00,1.005197e+00
-1.091467e+01,2.025692e+01,1.861947e+01,-4.055127e+00,-3.187284e+00,1.593209e-01
-1.819721e+01,1.825697e+01,2.718662e+01,-1.988075e+00,7.154071e-01,2.012343e+00
-6.418016e+00,5.293564e+00,2.105186e+01,-1.147665e+00,3.355022e+00,3.275387e+00
6.208735e+00,8.589854e+00,1.799551e+01,2.646703e-01,4.597942e+00,3.187694e+00
9.436729e+00,7.777413e+00,1.603337e+01,1.389278e+00,3.427042e+00,2.526016e+00
3.941328e+00,3.542425e+00,1.392474e+01,2.900294e+00,7.297432e-01,1.618008e+00
-8.348259e-01,1.552587e+00,1.312581e+01,3.963123e+00,-7.112119e-02,1.119064e+00
-2.748862e+00,5.935064e-02,1.103233e+01,5.208641e+00,7.214696e-03,4.817174e-01
-2.835776e+00,-1.986361e+00,9.983317e+00,5.673913e+00,3.749299e-01,1.281180e-01
-5.268898e+00,-5.023596e+00,1.049854e+01,6.248968e+00,1.910110e+00,-1.010031e-01
-4.304188e+00,-5.241538e+00,1.030424e+01,6.383833e+00,3.047120e+00,3.453763e-01
-6.963173e-01,-6.553130e+00,1.084915e+01,6.186960e+00,3.683909e+00,1.183998e+00
6.192623e+00,-7.177266e+00,8.250998e+00,5.397251e+00,3.244580e+00,1.324572e+00
1.315525e+01,-4.447979e+00,5.314732e+00,3.848567e+00,5.312359e-01,4.946452e-02
9.726464e+00,-4.346826e+00,6.311054e+00,2.361932e+00,-1.732724e+00,-5.425557e-01
-1.288197e+01,-2.186066e-01,1.005928e+01,-2.016320e-01,-1.619868e+00,-3.601626e-01
-1.017491e+01,1.127677e+00,1.102663e+01,-7.928734e-01,1.084698e-01,-1.272684e-01
6.595581e+00,4.514211e+00,-1.640878e+01,-7.674567e-01,1.435734e+00,3.030335e-01
-1.604829e-01,3.848511e+01,2.510893e+01,-4.223337e+00,3.099317e-01,2.874113e-01
1.234935e-01,-1.496006e+01,8.583840e+00,-1.808804e+00,9.501162e-01,-2.780248e-01
2.727806e+00,-8.180180e+00,2.941281e+00,-1.908261e+00,4.219423e-01,7.110472e-01
-3.248159e-01,1.750419e+01,1.134508e+01,-1.744175e+00,1.840848e-01,-2.764161e-01
-7.384872e-01,2.430982e+01,1.264018e+01,-9.875255e-01,5.871804e-01,1.996974e-01
-2.889001e-01,5.681851e+00,6.100160e+00,-2.889342e-01,1.027698e+00,3.704234e-01
2.708600e+00,4.368878e+00,5.044234e+00,-2.368095e-01,1.031129e+00,2.142747e-01
5.072196e+00,1.076974e+01,5.896372e+00,-2.454749e-01,6.337808e-01,1.745624e-01
3.933612e+00,1.120751e+01,5.780000e+00,1.895033e-02,-6.494462e-02,-5.213079e-02
1.715258e+00,7.818458e+00,4.877428e+00,2.135461e-01,-3.639776e-01,-2.361288e-01
1.773572e+00,9.516557e+00,3.803917e+00,2.313531e-01,-4.036539e-01,-2.681246e-01
1.041936e+00,1.009216e+01,2.449362e+00,2.358910e-01,-5.597318e-01,-3.823061e-01
-2.679796e-01,9.677384e+00,2.339302e+00,1.599779e-01,-6.805938e-01,-3.795229e-01
3.224761e-02,8.684604e+00,1.058092e+00,-7.462019e-02,-5.831614e-01,-3.629902e-01
1.760457e-01,9.380967e+00,7.788049e-01,-2.172521e-01,-5.410100e-01,-3.548450e-01
-7.571351e-01,8.627544e+00,1.241985e+00,-5.711765e-01,-4.836480e-01,-2.945251e-01
-9.023269e-01,8.582419e+00,3.267931e+00,-6.956041e-01,-2.545138e-01,-1.640852e-01
-6.303262e-03,8.425687e+00,5.716066e+00,-6.348680e-01,1.390944e-01,4.839063e-02
1.515704e+00,1.051899e+01,5.122982e+00,-5.807016e-01,1.589774e-01,1.496835e-01
5.788494e-01,1.180045e+01,5.701077e+00,-3.946085e-01,4.897790e-03,1.794108e-01
1.042774e+00,1.215022e+01,4.782846e+00,-3.711632e-01,1.572482e-01,3.127343e-01
7.116302e+00,1.259013e+01,1.419191e+00,-5.528974e-01,-7.279757e-02,3.641052e-01
6.092938e+00,1.362827e+01,-1.116427e+00,-7.913927e-01,-8.146603e-01,3.428389e-01
3.976441e+00,1.496146e+01,-3.170859e-01,-1.092031e+00,-1.663596e+00,-1.232891e-01
1.149253e+00,1.344397e+01,2.483054e+00,-1.401997e+00,-2.380920e+00,-5.713460e-01
-1.169714e+01,7.992715e+00,6.827285e+00,-1.892674e+00,-1.763764e+00,-2.123334e-01
-1.279940e+01,4.045135e+00,1.193521e+01,-2.797151e+00,2.575468e-01,6.692353e-01
-2.715655e-01,1.257172e+01,1.240398e+01,-3.651522e+00,2.846896e+00,1.681886e+00
6.313013e+00,1.237321e+01,1.044850e+01,-3.218319e+00,2.829744e+00,1.546308e+00
8.641085e+00,6.887384e+00,8.218941e+00,-2.759385e+00,8.103475e-01,5.629591e-01
4.912752e+00,4.750105e+00,8.719592e+00,-2.711653e+00,-8.522088e-02,2.395794e-01
1.422376e+00,7.821376e+00,7.889367e+00,-2.186501e+00,-8.791963e-01,2.535225e-01
-3.058808e-01,7.181340e+00,7.418610e+00,-1.269143e+00,-8.491517e-01,3.142707e-01
-2.854853e+00,3.653014e+00,7.383530e+00,-2.548278e-01,1.210350e-01,5.378027e-01
-2.196491e+00,5.699740e+00,6.427725e+00,2.887791e-01,7.842608e-01,6.953197e-01
2.989619e-02,4.181621e+00,6.414994e+00,1.485207e+00,1.799469e+00,6.740981e-01
2.318215e+00,3.368237e+00,5.955295e+00,2.189406e+00,1.926340e+00,5.377649e-01
4.437793e+00,2.588907e+00,6.089086e+00,3.107045e+00,1.378788e+00,6.486590e-02
4.110680e+00,3.174349e-01,4.832424e+00,3.483829e+00,9.231296e-01,-2.711707e-01
-1.618549e-01,-1.392823e+00,6.432944e+00,3.645266e+00,1.426535e-01,-4.816252e-01
-1.843220e+00,-1.092020e+00,7.022911e+00,3.501678e+00,2.402343e-01,-4.412826e-01
-1.362733e+00,-1.919526e+00,7.102934e+00,2.880288e+00,7.146782e-01,-2.034329e-01
1.782786e+00,-2.351434e+00,6.864293e+00,2.315209e+00,7.310607e-01,-1.588889e-01
4.950793e+00,8.539386e-01,5.971546e+00,1.318778e+00,9.298369e-02,-1.732600e-01
5.251444e+00,1.693219e+00,6.092418e+00,1.070860e+00,-7.298781e-01,-3.976995e-01
4.906366e+00,3.513893e+01,1.401628e+01,-2.632609e+00,-1.483805e+00,2.780532e-01
-6.637643e+00,3.165691e+00,7.182118e+00,-5.190646e-01,-1.428689e+00,-4.599258e-01
-5.689308e+00,-5.652127e-01,8.421446e+00,-1.157770e-01,2.903892e-01,-1.445915e-01
-1.542476e+00,4.647218e+00,9.331733e+00,-2.056282e-01,1.289747e+00,8.184250e-01
2.712652e+00,1.493626e+01,8.608872e+00,-6.219488e-02,1.276239e+00,9.998405e-01
2.280270e+00,6.964761e+00,6.764844e+00,3.804196e-01,9.951585e-01,7.637451e-01
3.112611e+00,6.392896e+00,6.849387e+00,2.496167e-01,9.158349e-01,6.489073e-01
4.695982e+00,9.389978e+00,7.150022e+00,3.368278e-01,7.969015e-01,4.082957e-01
4.177447e+00,8.843262e+00,6.765257e+00,4.917843e-01,2.179632e-01,6.069277e-02
2.988176e+00,7.731430e+00,6.289803e+00,5.754286e-01,-9.955560e-02,-1.109207e-01
6.235717e-01,8.192320e+00,6.646811e+00,7.141309e-01,-6.442189e-01,-3.383691e-01
-3.827606e-01,8.588203e+00,6.411744e+00,8.197207e-01,-7.271240e-01,-3.562185e-01
-5.600000e-01,8.465217e+00,5.103372e+00,9.357825e-01,-4.452821e-01,-2.743287e-01
-4.009707e-01,7.771917e+00,4.226721e+00,9.594606e-01,-3.234296e-01,-2.564134e-01
5.620142e-01,8.293561e+00,2.489756e+00,8.505231e-01,-1.942511e-01,-1.610012e-01
1.051965e+00,8.174751e+00,1.197097e+00,6.998486e-01,-3.033881e-01,-2.342634e-01
-7.629030e-01,7.981559e+00,6.412904e-01,3.594862e-01,-5.584691e-01,-3.079762e-01
-1.891421e+00,8.417805e+00,4.597509e-01,1.771529e-01,-5.474572e-01,-3.005270e-01
-1.727127e+00,8.826674e+00,1.737581e-01,-1.751760e-01,-2.422472e-01,-1.539248e-01
-1.896314e-01,8.528075e+00,3.461366e-01,-4.745996e-01,-2.038425e-03,-6.365898e-02
6.420017e-01,9.077853e+00,2.383221e+00,-7.942434e-01,-5.141329e-02,-7.324055e-02
2.010931e+00,9.103721e+00,3.251861e+00,-9.159604e-01,-1.874176e-01,-1.155673e-01
1.024580e+00,1.069919e+01,5.076129e+00,-1.010591e+00,-6.640730e-01,-2.102456e-01
-1.067188e+00,1.084684e+01,8.250025e+00,-7.356043e-01,-8.110416e-01,-2.496734e-01
-2.123816e+00,1.056530e+01,9.335689e+00,-2.649065e-01,-3.182696e-01,-2.859038e-02
5.839993e-01,1.085956e+01,6.287344e+00,-7.317655e-02,7.685970e-02,1.838481e-01
4.242704e+00,1.313552e+01,4.826606e+00,-6.449858e-03,4.796836e-01,4.495212e-01
5.468909e+00,1.369021e+01,2.609803e+00,-5.604379e-02,4.947577e-02,4.248962e-01
5.145626e+00,1.689149e+01,-1.332225e+00,-3.716811e-01,-6.867087e-01,3.167804e-01
5.454650e+00,1.379737e+01,-3.313517e+00,-6.132783e-01,-1.560484e+00,-1.574106e-01
-2.444072e+00,9.473906e+00,1.311471e+00,-1.204213e+00,-2.491259e+00,-4.791874e-01
-6.730736e+00,1.222054e+01,8.753848e-01,-1.605586e+00,-2.050054e+00,-1.581452e-01
-1.616274e+01,7.727756e+00,8.680384e+00,-2.549456e+00,4.153929e-01,8.486425e-01
-9.438328e+00,7.169302e+00,1.436118e+01,-3.514633e+00,2.903076e+00,1.932992e+00
1.043653e+01,1.390920e+01,1.072107e+01,-3.836006e+00,3.817533e+00,2.149283e+00
1.371311e+01,1.308301e+01,8.374965e+00,-3.398381e+00,1.907110e+00,1.294237e+00
4.997260e+00,4.720360e+00,9.302812e+00,-2.868298e+00,-9.479911e-01,8.350662e-02
1.690099e-02,6.633991e+00,9.192535e+00,-2.716070e+00,-1.392285e+00,1.882848e-01
-2.758227e+00,8.011039e+00,8.567654e+00,-1.689796e+00,-1.098048e+00,3.668651e-01
-3.619533e+00,5.760732e+00,7.660752e+00,-6.695861e-01,-2.565782e-01,4.833664e-01
-1.219078e+00,4.096673e+00,5.353808e+00,3.206471e-01,1.014549e+00,5.361487e-01
4.671926e-01,3.787388e+00,5.697388e+00,8.416230e-01,1.406271e+00,4.079630e-01
2.545279e+00,3.924445e+00,5.266944e+00,1.677639e+00,1.563136e+00,1.044679e-01
3.385330e+00,3.592949e+00,5.010901e+00,2.444920e+00,1.161817e+00,-2.087218e-01
2.278609e+00,-4.369062e-01,4.611031e+00,3.353613e+00,5.167117e-01,-8.707573e-01
8.171282e-01,-2.359603e+00,5.082715e+00,3.640482e+00,2.649140e-01,-9.477492e-01
-8.820097e-01,-6.074940e+00,6.289782e+00,3.855378e+00,4.448065e-02,-1.034484e+00
-1.041288e+00,-6.529587e+00,6.610462e+00,3.643310e+00,8.067801e-02,-9.637097e-01
7.098109e-01,-7.622776e+00,7.725134e+00,2.971103e+00,1.620673e-02,-8.339995e-01
-3.568714e+00,-1.835126e+01,2.708008e+01,2.284519e+00,-1.362402e-01,-8.603336e-01
1.194255e+01,3.445661e+01,-9.327536e-01,-3.274754e+00,3.416507e-02,2.495164e+00
-4.944619e+00,1.017522e+01,1.088157e+01,5.342758e-01,-1.383233e+00,-1.461416e-01
-4.138945e+00,-1.109751e+01,7.482713e+00,3.332624e-01,1.248457e-01,-6.113022e-01
4.612297e+00,8.568067e+00,9.039451e+00,-1.254161e+00,8.109447e-01,1.830047e+00
1.689783e-01,1.300412e+01,8.667693e+00,6.154078e-01,-3.557402e-02,3.689074e-01
-2.209273e+00,2.519364e+00,6.477071e+00,5.869923e-01,3.140266e-01,6.429414e-01
3.772330e+00,8.521147e+00,6.730306e+00,3.171329e-01,1.028872e+00,6.683053e-01
6.475925e+00,7.761486e+00,6.902963e+00,4.653511e-01,5.796705e-01,3.741189e-01
3.913450e+00,8.129754e+00,6.395873e+00,4.383128e-01,-3.714247e-01,5.402971e-02
1.691609e+00,7.994518e+00,6.990442e+00,5.386669e-01,-8.166333e-01,-2.604322e-01
7.192209e-01,8.646584e+00,6.580539e+00,6.632496e-01,-7.510750e-01,-2.595043e-01
-5.105772e-01,8.005147e+00,5.768268e+00,7.359676e-01,-6.597892e-01,-2.821115e-01
2.660139e-02,7.442411e+00,3.428734e+00,7.507090e-01,-3.600178e-01,-1.973757e-01
2.600979e-01,7.969553e+00,2.290699e+00,5.950629e-01,-3.647033e-01,-2.037864e-01
-8.731105e-01,7.935507e+00,1.175830e+00,3.132612e-01,-4.774949e-01,-2.567264e-01
-6.795757e-01,7.387182e+00,7.111210e-01,1.144004e-01,-4.221479e-01,-2.292097e-01
-1.255259e+00,8.032048e+00,1.448159e+00,-3.220320e-01,-3.486854e-01,-1.030343e-01
-1.780000e+00,9.009611e+00,1.909938e+00,-4.969938e-01,-1.717512e-01,1.728429e-02
-1.340293e+00,8.748783e+00,7.252518e+00,-4.612100e-01,1.227607e-01,7.481736e-02
3.926537e-01,9.970118e+00,8.469245e+00,-3.570632e-01,4.277352e-01,2.939029e-01
7.542420e-01,1.029199e+01,8.030977e+00,-9.280474e-03,6.648415e-01,4.115772e-01
1.574312e+00,1.189215e+01,7.148026e+00,1.011656e-01,8.642672e-01,6.134117e-01
4.681384e+00,1.401900e+01,4.626606e+00,2.610524e-02,7.951420e-01,7.128232e-01
8.772448e+00,1.764539e+01,6.691196e-01,-2.163769e-01,1.806440e-01,7.108421e-01
1.076799e+01,1.472118e+01,-4.517453e+00,-7.489406e-01,-1.920545e+00,-2.299494e-01
4.424022e+00,1.143358e+01,-2.631486e+00,-1.206822e+00,-3.527727e+00,-6.400490e-01
-8.762367e+00,1.239286e+01,3.755159e+00,-1.709100e+00,-4.045264e+00,-7.583578e-01
-2.077574e+01,1.056916e+01,8.721036e+00,-2.197058e+00,-2.255754e+00,-4.233536e-02
-1.683442e+01,7.191339e+00,1.571669e+01,-3.662244e+00,3.269852e+00,1.916212e+00
5.321997e+00,1.380897e+01,1.479548e+01,-3.870473e+00,5.059961e+00,2.417442e+00
1.746483e+01,1.243783e+01,8.738298e+00,-3.290618e+00,3.691157e+00,1.580919e+00
1.286356e+01,6.936796e+00,8.277387e+00,-2.625858e+00,5.114769e-01,1.581536e-01
4.297380e+00,6.165237e+00,9.085650e+00,-2.342527e+00,-1.586523e+00,-1.744565e-01
-1.429189e-01,9.323696e+00,8.404486e+00,-1.696433e+00,-1.993748e+00,-1.432901e-01
-3.106064e+00,4.644257e+00,6.574806e+00,-1.113834e-01,-1.564903e+00,-2.088343e-01
-3.484885e+00,2.973094e+00,4.967091e+00,8.160356e-01,-4.954866e-01,-1.714271e-01
-4.919942e-01,1.754399e+00,4.100340e+00,2.001573e+00,8.987653e-01,-3.472176e-01
2.127927e+00,1.431107e+00,3.643206e+00,2.619615e+00,1.265963e+00,-4.698772e-01
2.869947e+00,-1.969785e+00,3.550045e+00,3.672814e+00,1.176482e+00,-8.985863e-01
1.132801e+00,-4.413697e+00,5.599767e+00,4.008008e+00,1.070211e+00,-8.611174e-01
5.323201e-01,-8.371983e+00,6.778453e+00,4.262692e+00,8.877583e-01,-7.613185e-01
8.272399e-01,-1.035025e+01,7.431437e+00,3.948409e+00,5.922528e-01,-6.897897e-01
4.401807e+00,-1.025680e+01,9.858365e+00,2.989292e+00,-8.541565e-02,-8.682969e-01
-2.688350e+00,-1.458944e+01,3.021110e+01,1.168889e+00,-8.732907e-01,-1.136002e+00
-4.331383e+00,1.170841e+01,1.827829e+01,-1.223480e-01,-2.106088e+00,1.915582e+00
-1.383971e+01,-5.497042e+00,7.499015e+00,8.126268e-01,-1.033837e+00,-1.095692e+00
-3.797364e+00,-6.485280e+00,7.686180e+00,-5.948936e-01,1.683005e+00,1.254721e+00
7.709217e+00,2.235946e+01,1.019528e+01,-5.617890e-01,1.667537e+00,1.340599e+00
2.582408e+00,1.603553e+00,6.422868e+00,8.308409e-01,4.313661e-01,1.995295e-02
1.748290e+00,2.236393e+00,6.394696e+00,1.610687e-01,3.503775e-01,3.242349e-01
4.891033e+00,1.024043e+01,6.567295e+00,3.262006e-01,-1.396000e-01,-9.054280e-02
2.607718e+00,7.699077e+00,7.060000e+00,4.886773e-01,-7.680239e-01,-3.151309e-01
-8.858148e-01,8.213188e+00,6.800500e+00,5.419949e-01,-1.096229e+00,-3.528897e-01
-2.739829e+00,8.309031e+00,6.131939e+00,6.926500e-01,-7.649109e-01,-2.825499e-01
-1.399750e+00,9.317188e+00,4.096470e+00,7.925821e-01,-2.330361e-01,-4.430364e-02
-1.299188e+00,8.373656e+00,2.697734e+00,7.905121e-01,-3.341109e-02,3.806233e-02
-1.747798e+00,7.237533e+00,6.333454e-01,5.629705e-01,2.028290e-01,1.482832e-01
-3.083767e-01,7.727967e+00,2.009239e-01,2.621509e-01,4.758110e-01,2.533809e-01
1.862836e+00,7.899307e+00,-7.533158e-01,-1.899004e-01,5.377077e-01,2.584390e-01
1.060828e+00,9.348382e+00,8.321404e-01,-5.804441e-01,2.422226e-01,1.566499e-01
9.578181e-01,8.862415e+00,4.519506e+00,-6.762216e-01,6.503086e-02,-3.185988e-02
5.539498e-02,9.437019e+00,8.454081e+00,-6.281530e-01,-3.309051e-02,-1.268212e-02
3.774713e-01,9.139760e+00,9.134171e+00,-2.865178e-01,7.545064e-02,8.311035e-02
-1.288535e-01,1.168232e+01,7.759893e+00,-7.247729e-02,1.945458e-01,3.165898e-01
2.860773e+00,1.447490e+01,4.679111e+00,4.448244e-02,4.681988e-01,4.358721e-01
4.685967e+00,1.460410e+01,2.431330e+00,-1.771933e-01,6.143304e-01,6.265445e-01
1.179748e+01,1.893087e+01,-3.499781e+00,-8.253101e-01,-2.342916e-01,5.507786e-01
1.244551e+01,1.717684e+01,-6.328112e+00,-1.248559e+00,-1.952597e+00,-2.365852e-01
5.244184e-02,1.250634e+01,2.000775e+00,-1.883529e+00,-4.166855e+00,-1.172480e+00
-1.392552e+01,1.321226e+01,6.819962e+00,-2.455754e+00,-4.515079e+00,-9.880465e-01
-1.748519e+01,1.032344e+01,1.674286e+01,-4.040812e+00,8.121656e-02,1.058346e+00
-4.380940e+00,1.364770e+01,1.735089e+01,-4.365457e+00,3.809965e+00,2.513609e+00
9.378128e+00,1.024922e+01,1.323989e+01,-3.697566e+00,4.127430e+00,1.916469e+00
1.068786e+01,8.767126e+00,1.011783e+01,-3.188441e+00,2.613709e+00,1.183656e+00
6.701361e+00,7.319029e+00,8.303972e+00,-2.161409e+00,3.742328e-01,6.141412e-01
2.397983e+00,5.741858e+00,7.286636e+00,-1.072585e+00,-8.558647e-01,4.799188e-01
-1.981590e+00,4.068380e+00,4.395055e+00,5.256792e-01,-8.264532e-01,3.680772e-01
-1.848367e+00,2.408275e+00,3.040129e+00,1.566066e+00,-1.869807e-01,1.855398e-01
1.201629e+00,-3.830573e-01,2.189182e+00,2.644620e+00,5.823531e-01,-2.125390e-02
1.532132e+00,-1.343274e+00,2.767833e+00,3.240476e+00,7.564460e-01,-1.784171e-01
-3.674912e-01,-3.639882e+00,4.188693e+00,3.991154e+00,9.701457e-01,-2.165005e-01
1.543155e-02,-6.226870e+00,5.981438e+00,4.181210e+00,1.142783e+00,6.746740e-02
9.089927e-01,-9.718208e+00,6.854258e+00,3.881433e+00,8.117387e-01,4.223286e-02
2.139960e+00,-9.776094e+00,7.341730e+00,3.417520e+00,4.050741e-01,-2.530607e-01
-1.451768e+01,-3.475930e+01,2.927542e+01,1.147046e-01,-9.607152e-01,-1.570669e+00
2.345820e+01,3.839741e+01,-6.055858e+00,-5.434966e+00,8.956268e-01,2.839999e+00
-6.211575e+00,-1.039134e+00,6.913128e+00,1.225479e+00,-5.520830e-01,-1.425867e+00
-1.511746e+00,-9.793768e+00,6.508636e+00,-2.447072e-01,1.024655e+00,-3.370205e-01
6.702779e+00,1.990667e+01,9.157992e+00,-1.043356e+00,1.024666e+00,1.192359e+00
2.552487e+00,1.255006e+01,1.040698e+01,3.595459e-01,-9.938564e-02,-2.934063e-01
4.595373e-02,6.565276e+00,7.798029e+00,1.880117e-01,-1.602824e-02,1.759588e-01
1.325915e+00,8.294479e+00,8.425727e+00,3.337123e-01,-2.368822e-02,4.945564e-02
2.340000e+00,8.193916e+00,8.134127e+00,6.779717e-01,-2.637326e-01,-9.902806e-02
7.137786e-01,8.436298e+00,7.464313e+00,8.122272e-01,-3.537485e-01,-9.751992e-02
1.707499e+00,9.102755e+00,6.156606e+00,9.600833e-01,-1.645553e-01,-1.309445e-01
2.884389e+00,9.377212e+00,4.764596e+00,9.653799e-01,-2.804176e-01,-1.630396e-01
2.082259e+00,7.190324e+00,2.956023e+00,8.442288e-01,-7.392856e-01,-4.155605e-01
1.100358e+00,7.419238e+00,1.794393e+00,6.000108e-01,-9.540789e-01,-4.514477e-01
-1.490673e+00,7.845154e+00,1.584785e+00,2.517435e-01,-1.094154e+00,-5.088808e-01
-2.731043e+00,6.780000e+00,1.320164e+00,6.556107e-02,-9.959921e-01,-5.067415e-01
-3.444706e+00,6.035293e+00,3.683926e+00,-2.590109e-01,-6.508580e-01,-2.523796e-01
-3.079779e+00,6.678343e+00,4.834144e+00,-3.251976e-01,-2.605415e-01,-5.215357e-02
-8.433570e-01,9.481513e+00,7.838059e+00,-2.255972e-01,2.297550e-01,1.698175e-01
1.762725e+00,1.150718e+01,6.262762e+00,-9.220681e-02,5.045391e-01,3.174478e-01
1.908793e+00,1.428174e+01,5.278052e+00,-2.880195e-02,6.964144e-01,5.861259e-01
5.977047e+00,1.501933e+01,3.312578e+00,-9.305053e-02,7.331438e-01,5.214904e-01
1.076595e+01,1.660083e+01,-1.193367e+00,-5.274026e-01,-3.617199e-01,4.245126e-01
1.023303e+01,1.816950e+01,-3.267730e+00,-8.624314e-01,-1.621934e+00,-6.964279e-02
-9.824015e-01,1.190388e+01,2.527173e+00,-1.361336e+00,-3.689143e+00,-9.245389e-01
-1.171009e+01,1.542406e+01,4.455156e+00,-1.684651e+00,-3.616829e+00,-8.081974e-01
-2.001777e+01,5.652606e+00,1.215484e+01,-2.179941e+00,-1.183865e+00,4.766491e-02
-8.898092e+00,9.240501e+00,1.379688e+01,-3.631660e+00,2.418220e+00,1.537237e+00
6.089389e+00,1.370766e+01,1.277297e+01,-3.696480e+00,3.897501e+00,1.739887e+00
1.043952e+01,1.118078e+01,9.834098e+00,-3.194260e+00,2.655155e+00,1.270375e+00
7.246019e+00,5.863234e+00,8.355854e+00,-2.585795e+00,3.855691e-01,3.299709e-01
3.537181e+00,7.589213e+00,7.913667e+00,-2.189345e+00,-5.442716e-01,3.374504e-01
-9.915221e-01,7.140161e+00,6.178017e+00,-1.050772e+00,-1.243094e+00,4.813381e-01
-2.424141e+00,4.970525e+00,4.697030e+00,-7.486035e-02,-7.291919e-01,5.335956e-01
-7.238866e-01,3.063709e+00,3.643037e+00,1.289387e+00,5.098537e-01,2.533464e-01
9.710371e-01,2.028620e+00,3.793448e+00,2.164008e+00,9.693883e-01,1.499336e-02
1.981108e+00,1.725744e+00,5.365591e+00,3.466150e+00,1.002559e+00,-2.496591e-01
1.664199e+00,-4.326684e+00,4.368076e+00,4.189300e+00,9.093241e-01,-4.684560e-01
5.226749e-01,-8.476286e+00,6.254245e+00,4.383378e+00,3.322783e-01,-3.428133e-01
-3.185410e+00,-1.221052e+01,7.616635e+00,4.216915e+00,-7.253781e-02,-4.008501e-01
-1.705828e-02,-1.113948e+01,8.904307e+00,3.803626e+00,4.303081e-01,-4.499011e-01
-3.589103e+00,-2.393780e+01,3.636946e+01,2.918238e+00,5.185700e-01,-7.142890e-01
2.987380e+00,3.109726e+01,1.168873e+01,-8.649516e-01,5.043742e-01,4.058268e+00
-5.285724e+00,-5.221559e+00,9.699382e+00,1.441817e+00,2.915171e-01,-8.258165e-01
5.077389e+00,-7.428815e+00,6.589938e+00,-2.373766e-01,1.225989e+00,6.783545e-02
1.182385e+01,1.916628e+01,9.098866e+00,-1.156636e+00,6.398291e-01,1.524680e+00
1.101328e+00,9.097553e+00,9.766755e+00,7.106198e-01,-9.554029e-01,-7.121675e-01
-3.158926e+00,5.697164e+00,7.739155e+00,4.416304e-01,-4.709379e-01,2.868766e-02
2.467096e+00,7.778066e+00,6.918065e+00,6.391487e-01,1.021987e-01,-4.424106e-02
2.128702e+00,7.950331e+00,6.574787e+00,8.191591e-01,-1.922669e-01,-1.456908e-01
-2.928269e-01,9.305105e+00,5.269936e+00,8.603694e-01,-3.724390e-01,-4.164439e-02
-3.123171e-01,8.061069e+00,3.979238e+00,9.286861e-01,-1.523345e-01,-7.719358e-02
1.022423e+00,8.798278e+00,1.930701e+00,7.396212e-01,-2.181344e-01,-6.222323e-03
8.242225e-01,8.323326e+00,1.577554e+00,5.575246e-01,-3.767230e-01,-1.034811e-01
-4.077920e-01,7.589533e+00,8.702336e-01,1.773734e-01,-4.677251e-01,-1.023013e-01
-6.173157e-01,7.769336e+00,9.518671e-01,-7.874608e-02,-4.450015e-01,-1.010196e-01
-7.747131e-01,8.226694e+00,2.132568e+00,-3.689941e-01,-3.209412e-01,-1.135065e-02
-1.434574e+00,8.134125e+00,4.229420e+00,-4.218633e-01,-1.452994e-01,7.610631e-02
-4.758908e-01,9.163046e+00,7.048937e+00,-3.967703e-01,2.299853e-01,2.865483e-01
8.446753e-01,1.154373e+01,7.237758e+00,-3.407786e-01,3.734501e-01,4.467834e-01
2.857298e+00,1.216569e+01,4.828483e+00,-1.761460e-01,5.175480e-01,5.748584e-01
5.095067e+00,1.248858e+01,4.324151e+00,-2.063732e-01,5.809787e-01,6.003972e-01
6.364780e+00,1.342882e+01,2.488420e+00,-3.886349e-01,1.351301e-01,5.000943e-01
5.990660e+00,1.544039e+01,7.733862e-01,-6.170398e-01,-4.502097e-01,5.414463e-01
5.738476e+00,1.484319e+01,-7.686892e-01,-8.255253e-01,-1.419287e+00,1.625789e-01
2.705160e+00,1.166145e+01,6.336463e-01,-1.107662e+00,-2.810612e+00,-3.677931e-01
-7.734712e+00,1.200076e+01,4.007226e+00,-1.353293e+00,-3.081635e+00,-2.050547e-01
-2.074036e+01,9.034802e+00,8.988342e+00,-1.615337e+00,-1.696447e+00,3.203454e-01
-7.261013e+00,6.219507e+00,1.582309e+01,-2.856591e+00,3.078238e+00,1.955732e+00
1.830405e+00,9.315177e+00,1.585606e+01,-3.783521e+00,5.303298e+00,2.643629e+00
1.272985e+01,1.187853e+01,1.006221e+01,-3.429098e+00,4.012057e+00,1.875991e+00
1.082211e+01,8.452825e+00,7.848436e+00,-2.937379e+00,2.039416e+00,1.091398e+00
2.438457e+00,4.444017e+00,8.526289e+00,-2.493628e+00,-3.546937e-01,3.217763e-01
2.758575e-02,6.627140e+00,8.407084e+00,-2.055437e+00,-8.182699e-01,4.375299e-01
-2.073250e+00,7.339119e+00,6.818162e+00,-4.717791e-01,-4.239480e-01,5.912613e-01
-1.213532e+00,4.137759e+00,5.386414e+00,3.574307e-01,1.490548e-01,5.260749e-01
1.950815e+00,3.498879e+00,4.930489e+00,1.414160e+00,9.292106e-01,2.784469e-01
2.601752e+00,2.853172e+00,4.873062e+00,2.327806e+00,1.029406e+00,-3.603379e-03
2.281937e+00,1.029027e+00,5.362945e+00,3.637791e+00,7.946199e-01,-4.336388e-01
1.848992e+00,-3.802044e+00,4.852620e+00,4.103986e+00,7.547907e-01,-5.513851e-01
1.704171e+00,-8.621985e+00,5.607328e+00,4.310823e+00,4.905534e-01,-5.688898e-01
9.338773e-01,-1.017979e+01,6.314117e+00,4.096914e+00,1.142049e-01,-9.812867e-01
6.178676e-01,-1.107651e+01,8.766654e+00,3.445905e+00,5.661899e-02,-1.559316e+00
-8.307267e-01,-2.610423e+01,3.361649e+01,1.930282e+00,-1.376738e-01,-1.942441e+00
-1.079086e+01,2.571418e+01,2.478609e+01,-3.120911e+00,-2.466209e-01,3.862170e+00
-1.515093e+01,-6.607284e+00,9.282999e+00,1.017220e+00,-1.047190e+00,-1.470089e+00
5.532614e+00,1.297792e+00,6.455280e+00,-6.771423e-01,1.839006e+00,1.831459e+00
7.063124e+00,2.107871e+01,9.093963e+00,-9.049483e-01,7.859496e-01,1.518384e+00
6.081433e-02,2.311186e+00,7.578071e+00,6.301568e-01,1.880614e-01,-1.907808e-01
1.320551e+00,7.115336e+00,7.030082e+00,1.023392e-01,4.381784e-01,5.458486e-01
4.904070e+00,8.350622e+00,8.339689e+00,5.526605e-01,-3.506083e-01,-2.665905e-01
-3.781334e-01,8.816064e+00,8.641312e+00,6.392495e-01,-9.072630e-01,-2.308756e-01
-2.665076e+00,7.903766e+00,7.037041e+00,9.767045e-01,-6.789128e-01,-1.440823e-01
-9.960681e-01,8.823539e+00,5.509720e+00,1.053419e+00,-1.135439e-01,1.146539e-01
2.285764e+00,8.404476e+00,2.580633e+00,1.015721e+00,1.623885e-01,1.507763e-01
2.907711e+00,7.693449e+00,1.079219e+00,8.090767e-01,-6.077361e-02,7.821306e-02
3.160052e+00,8.433743e+00,7.112546e-02,3.035667e-01,-7.235809e-01,-2.644004e-01
1.010616e+00,7.509504e+00,1.108887e+00,3.602693e-02,-1.102226e+00,-4.606776e-01
-2.152772e+00,7.134144e+00,2.554640e+00,-3.564021e-01,-1.271602e+00,-3.910713e-01
-2.442389e+00,7.268639e+00,4.803278e+00,-4.485877e-01,-9.744225e-01,-2.858772e-01
-1.631381e+00,8.414269e+00,9.410248e+00,-2.541408e-01,-2.701788e-01,2.052235e-02
-8.909506e-01,1.152379e+01,7.451029e+00,-3.783571e-02,9.825988e-02,3.130043e-01
4.270576e-01,1.306968e+01,6.001170e+00,2.411106e-01,5.640625e-01,5.490948e-01
4.313144e+00,1.335559e+01,4.472222e+00,3.173636e-01,8.554721e-01,6.888257e-01
6.444312e+00,1.313915e+01,7.148890e-01,1.748141e-01,2.133922e-01,7.059257e-01
6.634816e+00,1.489184e+01,-3.313907e+00,-8.764118e-02,-5.376642e-01,5.115205e-01
1.774626e+00,1.048814e+01,-2.880873e+00,-6.598144e-01,-2.084351e+00,-3.682627e-01
-1.517965e+00,1.030995e+01,-5.776003e-01,-1.350206e+00,-2.712325e+00,-5.617720e-01
-9.227894e+00,1.094754e+01,3.375806e+00,-1.839456e+00,-1.727518e+00,-7.034518e-02
-1.529788e+01,8.316578e+00,7.774829e+00,-2.729791e+00,1.946269e-01,4.577960e-01
-2.445702e+00,1.243317e+01,1.624551e+01,-4.360690e+00,3.291995e+00,1.702029e+00
5.803940e+00,1.595576e+01,1.548920e+01,-4.673101e+00,4.539354e+00,2.182601e+00
1.360403e+01,1.174307e+01,9.911296e+00,-4.017582e+00,2.202731e+00,8.829843e-01
6.252211e+00,6.281218e+00,1.069081e+01,-3.631185e+00,1.299064e-01,8.100540e-02
4.525257e-01,9.694969e+00,1.091000e+01,-2.930178e+00,-1.638506e+00,5.678412e-02
-2.874780e+00,1.037564e+01,8.780130e+00,-1.596486e+00,-1.643751e+00,3.079273e-01
-2.007490e+00,6.143185e+00,5.777445e+00,4.765987e-01,-2.492755e-01,3.783794e-01
7.530154e-01,2.740214e+00,3.646109e+00,1.403767e+00,5.074451e-01,1.459000e-01
1.694184e+00,-5.584262e-01,4.114985e+00,2.802792e+00,1.003192e+00,-2.098508e-01
2.152594e+00,-9.873994e-01,4.602355e+00,3.766015e+00,1.242812e+00,-3.937019e-01
2.349421e+00,-5.101228e+00,4.679373e+00,4.901113e+00,1.274826e+00,-6.274187e-01
2.661491e+00,-9.544066e+00,6.441259e+00,5.009519e+00,9.252964e-01,-4.629815e-01
6.754749e-01,-1.188734e+01,8.100080e+00,4.578130e+00,4.399302e-02,-4.085577e-01
8.146185e-01,-1.103105e+01,8.984161e+00,3.853822e+00,-1.454155e-01,-2.614930e-01
-9.273627e+00,-2.014527e+01,2.938347e+01,-4.317834e-02,-3.520715e-01,-4.423002e-01
-6.723385e+00,2.781723e+01,1.409169e+01,-4.848816e+00,1.369242e+00,2.228332e+00
-7.297529e+00,-5.689001e+00,8.191086e+00,9.445856e-01,1.508408e-02,-3.391020e-01
3.322885e-02,-7.561934e+00,4.919004e+00,-1.781106e-01,1.031796e+00,1.000698e-01
9.276053e+00,1.731945e+01,8.741709e+00,-1.110519e+00,6.694558e-01,1.059306e+00
1.306137e+00,8.150728e+00,9.180338e+00,2.100413e-01,-3.978616e-01,-2.246806e-01
1.159108e+00,8.653266e+00,7.423385e+00,-1.455497e-01,3.606908e-02,4.076534e-01
1.785462e+00,9.638876e+00,8.992053e+00,9.423396e-02,1.354290e-02,1.585893e-01
-5.221294e-01,7.805379e+00,8.334749e+00,4.796769e-01,-1.117707e-01,2.082782e-01
1.167556e-01,8.500201e+00,8.090201e+00,6.862669e-01,1.081039e-01,2.774222e-01
2.465545e+00,9.381656e+00,7.210161e+00,8.539657e-01,3.306466e-01,3.410539e-01
3.213655e+00,9.326345e+00,5.182672e+00,9.171415e-01,2.567264e-01,3.445421e-01
2.767448e+00,1.069124e+01,2.481402e+00,7.143622e-01,-4.720368e-02,2.739607e-01
2.166999e+00,9.378341e+00,1.147453e+00,5.059777e-01,-2.473446e-01,1.006814e-01
9.491252e-01,6.237750e+00,-5.337484e-02,1.253162e-01,-4.820802e-01,-5.480037e-02
-8.407476e-01,8.216461e+00,-3.356054e+00,-4.109767e-01,-6.849969e-01,-4.936760e-02
-3.463557e+00,5.839588e+00,2.182231e+00,-9.588279e-01,-7.542869e-01,-2.589532e-02
-1.916794e+00,3.066715e+00,4.254126e+00,-1.166453e+00,-3.410238e-01,1.257073e-02
1.761723e+00,4.041419e+00,5.633087e+00,-1.331432e+00,-6.635593e-02,1.582726e-01
2.052043e+00,3.498946e+00,1.176206e+01,-1.103211e+00,-5.819825e-02,9.945010e-02
5.714099e-01,5.371654e+00,1.386996e+01,-6.027823e-01,1.931522e-01,2.284778e-01
8.850824e-01,1.097338e+01,1.081306e+01,-1.006175e-01,5.723533e-01,6.305825e-01
3.565985e+00,1.766090e+01,7.782843e+00,2.750587e-01,9.180737e-01,7.305053e-01
6.236442e+00,1.760613e+01,5.713886e+00,4.599662e-01,7.922120e-01,7.160573e-01
8.703086e+00,1.634181e+01,3.059541e+00,4.403465e-01,1.095749e-03,6.999793e-01
1.210690e+01,1.494396e+01,1.583454e+00,3.610984e-01,-1.310742e+00,2.546865e-01
6.969418e+00,7.100463e+00,-2.800497e-02,-1.452657e-01,-4.444133e+00,-7.659066e-01
-8.080880e+00,4.827484e+00,4.688081e-01,-8.272810e-01,-5.376478e+00,-1.036971e+00
-2.390576e+01,5.486115e+00,7.632548e+00,-2.320007e+00,-2.954137e+00,-5.358509e-01
-1.542561e+01,7.334609e+00,1.038956e+01,-3.771681e+00,1.350209e+00,1.517268e+00
-9.587811e-01,1.132205e+01,1.256790e+01,-4.464622e+00,3.925597e+00,2.472786e+00
4.548044e+00,1.299164e+01,1.078006e+01,-4.092409e+00,3.994124e+00,2.261074e+00
7.396837e+00,9.277679e+00,6.999003e+00,-3.001154e+00,3.122204e+00,1.726383e+00
9.198580e+00,8.854590e+00,5.725375e+00,-2.082332e+00,2.240108e+00,1.305316e+00
9.882108e+00,9.560077e+00,3.529137e+00,-5.545504e-01,1.953319e-01,6.965212e-01
6.382135e+00,8.547881e+00,4.028844e+00,4.533254e-01,-9.190387e-01,3.077874e-01
9.044757e-01,6.587789e+00,5.030000e+00,1.952154e+00,-1.437419e+00,-1.692531e-01
-2.077343e-01,5.011937e+00,5.977498e+00,3.292596e+00,-1.097412e+00,-3.116586e-01
-1.163184e+00,2.490223e+00,7.580950e+00,4.775009e+00,-2.123339e-01,-3.013787e-01
-4.522289e-01,2.210000e+00,8.851245e+00,5.552222e+00,4.177431e-01,-2.665124e-01
2.063327e+00,2.770735e+00,1.141629e+01,6.545049e+00,1.115033e+00,-1.397820e-01
3.433563e+00,3.977461e+00,1.259526e+01,7.321907e+00,1.339385e+00,6.189173e-02
1.524837e+00,5.360854e+00,1.247905e+01,7.732401e+00,9.939435e-01,2.144603e-01
-8.455753e+00,6.952554e+00,1.216064e+01,7.178423e+00,1.140494e+00,3.095111e-01
-8.854274e+00,3.412279e-01,8.941228e+00,5.076008e+00,3.673103e+00,1.089328e+00
5.185752e-01,-3.341320e+00,8.250137e+00,3.141495e+00,4.825572e+00,1.192367e+00
1.835287e+01,-5.760359e+00,-3.446025e+00,-1.878834e-01,3.253642e+00,5.715811e-01
1.530292e+01,1.569650e+01,-4.143806e+00,-2.705291e+00,2.314108e-01,-3.778394e-01
5.929371e+00,1.531866e+01,5.425324e+00,-2.571126e+00,-2.608926e+00,-1.319158e+00
-1.454502e+01,-1.754804e+00,1.703715e+01,-3.477924e+00,-3.029998e+00,-1.873033e+00
-1.217012e+01,1.098023e+01,1.269407e+01,-3.113551e+00,-6.952283e-01,-4.062047e-01
-6.398336e+00,1.359091e+01,1.036226e+01,-1.752450e+00,1.308513e+00,8.213592e-01
-4.903259e+00,8.913943e+00,8.917670e+00,-9.879706e-01,3.026152e+00,1.078199e+00
2.743668e+00,6.682016e+00,6.815702e+00,-7.508629e-01,3.889358e+00,1.384384e+00
1.136342e+01,1.049741e+01,5.105867e+00,-9.088794e-01,2.860204e+00,9.491125e-01
9.114793e+00,8.477399e+00,4.384350e+00,-8.236787e-01,1.411814e+00,5.797901e-01
4.136159e+00,7.909903e+00,3.742612e+00,-8.068474e-01,7.851339e-02,1.008874e-01
2.824073e+00,8.696770e+00,3.271169e+00,-8.597457e-01,-4.025382e-01,-1.466026e-01
-8.415809e-01,7.683401e+00,3.375942e+00,-9.165499e-01,-5.674764e-01,-2.614087e-01
-2.281715e+00,8.012427e+00,3.476081e+00,-1.032567e+00,-2.763849e-01,-1.654470e-01
-1.024792e-01,8.046838e+00,4.417008e+00,-1.139667e+00,4.673084e-01,1.413599e-01
2.931160e+00,8.069379e+00,4.979031e+00,-1.211018e+00,6.788620e-01,2.422958e-01
3.602931e+00,8.463491e+00,5.500022e+00,-1.337690e+00,1.689123e-01,1.885787e-01
3.329581e+00,9.090081e+00,4.932387e+00,-1.409915e+00,-1.063383e-01,1.739076e-01
2.764641e+00,8.755389e+00,3.035705e+00,-1.550781e+00,-3.404267e-01,2.693912e-01
4.707751e+00,9.200890e+00,1.166836e+00,-1.865981e+00,-4.602945e-01,4.008145e-01
5.824785e+00,1.087347e+01,-2.582424e+00,-2.597265e+00,-1.226795e+00,4.039417e-01
6.060904e+00,1.320008e+01,-4.158493e+00,-3.218364e+00,-1.814187e+00,3.247115e-01
7.415066e-01,2.159773e+01,1.227052e+00,-4.221102e+00,-3.134231e+00,4.543830e-01
-6.975221e+00,2.086727e+01,9.994041e+00,-4.303683e+00,-4.280522e+00,5.766362e-01
-1.833872e+01,2.227755e+01,2.094624e+01,-3.316505e+00,-2.283675e+00,1.116599e+00
-1.407358e+01,1.065520e+01,2.017036e+01,-1.605762e+00,3.457668e-01,2.342783e+00
1.180583e+00,1.227155e+00,1.559267e+01,-2.781612e-02,3.740149e+00,3.223128e+00
5.735049e+00,7.015623e+00,1.131581e+01,7.406778e-01,3.747119e+00,2.950382e+00
5.528139e+00,4.455090e+00,1.052329e+01,2.748687e+00,2.485373e+00,2.263528e+00
4.257381e+00,8.418466e-01,7.994413e+00,3.696340e+00,1.628909e+00,1.975172e+00
1.004214e+00,-1.670413e-01,8.415496e+00,4.624513e+00,7.005329e-01,1.356212e+00
-6.329870e-01,-3.661410e-01,8.671983e+00,5.383412e+00,4.887508e-01,8.186975e-01
-2.298855e+00,-7.088554e-01,1.020020e+01,6.316171e+00,7.892371e-01,2.682487e-01
-1.691069e+00,1.084940e+00,1.201708e+01,6.815566e+00,1.183821e+00,5.514042e-02
-1.346692e+00,5.070349e+00,1.549834e+01,7.740156e+00,1.698234e+00,-1.090980e-01
-1.961490e+00,7.426029e+00,1.550319e+01,8.173735e+00,2.268708e+00,-1.726305e-01
-4.075962e+00,9.132982e+00,1.134255e+01,6.846343e+00,3.433757e+00,9.737672e-02
-6.806878e+00,3.599493e-01,7.739222e+00,5.449470e+00,3.904759e+00,-6.273379e-02
2.560602e+00,-9.114089e+00,-6.952083e-01,2.700283e+00,4.582478e+00,9.166370e-02
3.927361e+00,-2.526628e+00,6.709796e-01,-4.075440e-01,3.312721e+00,-1.310449e-01
1.878330e+01,1.725399e+01,1.445983e+00,-2.413172e+00,4.583781e+00,1.726330e+00
1.898003e+01,8.988850e+00,7.161232e+00,-3.893561e+00,1.992961e+00,2.592816e-01
1.988588e+00,9.592785e-01,1.496693e+01,-3.623485e+00,-1.261705e+00,-1.975708e+00
-1.988999e+00,5.414294e+00,9.890736e+00,-2.300212e+00,-2.712758e+00,-8.910328e-01
-1.307260e+01,1.565277e+01,1.257850e+01,-1.520393e+00,-1.975611e+00,-9.504254e-01
-1.281876e+01,1.047185e+01,9.920778e+00,-9.740604e-01,1.015608e+00,2.196868e-01
1.177563e+01,9.142249e+00,5.386610e+00,-4.354942e-01,3.741964e+00,9.463175e-01
1.698574e+01,1.161979e+01,3.463480e+00,-6.334256e-01,2.604733e+00,5.639229e-01
7.992589e+00,9.923264e+00,2.547271e+00,-5.441075e-01,-8.931328e-01,-2.706062e-01
4.327054e-02,9.029337e+00,2.731045e+00,-6.152664e-01,-1.899147e+00,-6.639956e-01
-4.163096e+00,7.567435e+00,1.559028e+00,-7.561828e-01,-1.590542e+00,-5.551206e-01
-3.164266e+00,6.732676e+00,3.721328e-01,-9.643001e-01,-7.468791e-01,-2.554793e-01
-2.533830e-01,5.668146e+00,-6.115291e-01,-1.487002e+00,-8.341092e-02,2.067153e-03
-7.932132e-01,5.488031e+00,1.678256e-01,-1.936382e+00,-1.195485e-01,1.058234e-02
-1.335319e+00,4.556402e+00,3.203617e+00,-2.321490e+00,-3.924981e-02,-7.694423e-03
-8.644757e-01,4.880060e+00,5.478625e+00,-2.507979e+00,1.811686e-01,2.895450e-02
1.457394e+00,4.379309e+00,8.623471e+00,-2.324223e+00,4.977772e-01,1.189128e-01
2.158764e+00,5.658659e+00,9.731028e+00,-2.178607e+00,4.804842e-01,3.551151e-01
-1.454177e-02,-1.320942e-02,1.423244e+01,-1.475935e+00,4.948329e-01,4.062782e-01
7.466334e-01,5.133161e+00,1.299862e+01,-9.678474e-01,7.445122e-01,3.344755e-01
-1.243767e-01,1.775972e+01,1.363282e+01,-2.886275e-01,7.068889e-01,3.044902e-01
2.933339e+00,1.731932e+01,1.242206e+01,2.344948e-01,1.443481e+00,6.428516e-01
1.380013e+01,1.684119e+01,8.138980e+00,4.828050e-01,1.983851e+00,8.856856e-01
1.596661e+01,2.248868e+01,7.399481e-01,2.498129e-01,4.624356e-01,6.547657e-01
4.604631e+00,1.332261e+01,-1.371104e+00,7.210108e-02,-2.895817e+00,-2.707967e-01
-7.236025e-01,6.342886e+00,9.761432e-01,-3.227409e-01,-3.941782e+00,-7.719416e-01
-7.772369e+00,1.402350e+01,3.093266e+00,-1.209848e+00,-3.921991e+00,-7.517182e-01
-1.715230e+01,8.500786e+00,4.241097e+00,-1.233611e+00,-2.697777e+00,-4.935947e-01
-1.260676e+01,8.767796e+00,9.441872e+00,-2.577969e+00,1.731786e+00,1.490453e+00
-4.843067e-02,1.453458e+01,1.178481e+01,-2.683338e+00,3.652661e+00,2.080883e+00
1.112751e+01,1.066465e+01,9.139188e+00,-2.163215e+00,3.611306e+00,2.252078e+00
9.579117e+00,6.484596e+00,9.723611e+00,-1.766826e+00,1.707806e+00,1.478036e+00
4.100357e+00,5.094402e+00,1.064711e+01,-1.696544e+00,-3.946677e-01,8.649962e-01
1.765382e+00,6.184772e+00,1.064808e+01,-1.243453e+00,-8.780133e-01,7.203059e-01
-2.136727e+00,4.968319e+00,1.034607e+01,-4.678684e-01,-9.028226e-01,4.636910e-01
-3.949742e+00,3.408901e+00,9.952956e+00,3.016742e-01,-4.392574e-01,5.066194e-01
-3.116452e+00,2.313453e+00,9.413545e+00,1.344316e+00,6.969393e-01,7.416869e-01
-1.510193e+00,1.865753e+00,8.255714e+00,2.087229e+00,1.220225e+00,7.289648e-01
7.138100e-02,-1.619919e-02,8.920690e+00,3.151932e+00,1.395012e+00,4.790573e-01
2.869601e-02,-3.284385e+00,8.659634e+00,3.830193e+00,1.362295e+00,1.673421e-01
1.544975e+00,-9.579163e+00,5.713839e+00,4.550084e+00,1.274635e+00,-1.296603e-01
-1.824645e-01,-1.144610e+01,6.362286e+00,4.459816e+00,6.665290e-01,-3.228996e-01
-2.212035e+00,-1.010092e+01,8.569742e+00,3.642733e+00,2.619877e-01,-4.087341e-01
-1.251647e+00,-9.572852e+00,9.222389e+00,3.058607e+00,6.533248e-01,-4.510601e-01
2.820237e+00,-6.812806e+00,9.303359e+00,2.785641e+00,9.540847e-01,-4.133014e-01
-1.918624e+00,3.453598e+00,2.860224e+01,2.049784e+00,8.055426e-01,-8.137126e-01
-2.056074e+00,2.297950e+01,8.785152e+00,8.730304e-02,8.336521e-02,3.589749e+00
-4.988020e+00,-2.227766e+01,3.145977e+00,1.359598e+00,1.992433e-01,-9.976835e-01
9.677069e+00,9.770429e+00,5.952055e+00,-4.965179e-01,2.115874e+00,1.415975e+00
8.514279e+00,2.310462e+01,1.020472e+01,-5.908185e-01,1.459427e+00,1.161796e+00
3.660954e+00,7.846384e+00,7.365272e+00,7.087021e-01,1.441858e-01,-3.726127e-01
3.092677e+00,3.855653e+00,4.814628e+00,4.828024e-01,-2.337834e-01,-5.642735e-02
1.121622e+00,8.557523e+00,6.456535e+00,3.894658e-01,-8.259266e-01,-5.492838e-01
-2.169512e+00,9.787729e+00,7.084542e+00,5.101890e-01,-1.199622e+00,-5.408906e-01
-3.517495e+00,7.991386e+00,5.247078e+00,7.865570e-01,-5.116101e-01,-2.373013e-01
-4.335338e-01,7.641704e+00,4.416366e+00,8.424428e-01,9.772610e-02,-8.082726e-02
3.259281e+00,9.316819e+00,2.090893e+00,7.306504e-01,1.980592e-01,2.593860e-02
1.925869e+00,8.910620e+00,1.622397e+00,5.825809e-01,-3.635038e-01,-1.452356e-01
-1.321266e-01,8.044509e+00,1.577547e+00,3.243093e-01,-9.263526e-01,-2.672705e-01
-1.718637e+00,7.629546e+00,1.636182e+00,1.513486e-01,-9.367538e-01,-2.761211e-01
-2.492711e+00,8.377169e+00,1.321446e+00,-9.505234e-02,-5.377132e-01,-9.576773e-02
-1.783329e+00,8.890564e+00,1.330804e+00,-2.767257e-01,-7.988184e-02,6.400528e-02
-2.759628e+00,8.664538e+00,3.039814e+00,-4.009949e-01,2.965735e-01,1.954579e-01
-1.882853e+00,8.356459e+00,3.246399e+00,-4.821615e-01,6.280189e-01,3.378908e-01
2.316785e+00,9.555744e+00,3.302816e+00,-6.031441e-01,9.845077e-01,5.092677e-01
4.011249e+00,1.048602e+01,4.247723e+00,-6.922492e-01,8.292188e-01,5.232955e-01
2.367279e+00,9.556050e+00,5.433012e+00,-6.761283e-01,1.083761e-01,2.741013e-01
6.743684e-01,9.938380e+00,7.852719e+00,-5.859762e-01,-1.901652e-01,2.108057e-01
1.767142e-01,1.083671e+01,9.215143e+00,-3.200636e-01,-1.350405e-01,2.412144e-01
2.333232e+00,1.239589e+01,7.457582e+00,-3.032006e-03,2.152490e-01,4.204018e-01
3.235646e+00,1.553649e+01,4.637542e+00,1.230915e-01,2.617257e-01,7.165358e-01
7.562247e+00,1.803582e+01,-1.405551e-03,5.798983e-02,9.386627e-03,5.257444e-01
7.716532e+00,9.974866e+00,-3.491290e+00,-1.637867e-01,-1.318396e+00,-1.225623e-01
2.163962e+00,9.727036e+00,-5.852856e-01,-7.137513e-01,-2.989426e+00,-4.271086e-01
-6.226249e+00,9.923022e+00,2.400238e+00,-1.372354e+00,-3.301834e+00,-5.870279e-01
-1.591752e+01,5.899494e+00,7.543887e+00,-1.940624e+00,-1.649431e+00,-2.648660e-01
-1.073595e+01,9.936145e+00,1.001088e+01,-3.291439e+00,1.953108e+00,1.002929e+00
2.160472e+00,1.217332e+01,1.146452e+01,-3.662320e+00,4.238251e+00,1.989265e+00
1.462743e+01,1.244973e+01,8.642564e+00,-3.633058e+00,3.384822e+00,1.405803e+00
1.089167e+01,7.352662e+00,9.615517e+00,-3.564710e+00,8.314202e-01,2.194680e-01
2.889671e+00,5.820048e+00,1.057502e+01,-3.527088e+00,-1.237836e+00,-2.200844e-01
-7.074585e-01,7.262631e+00,1.017183e+01,-3.114924e+00,-1.690427e+00,-1.485452e-01
-3.382036e+00,6.725313e+00,9.208534e+00,-1.970636e+00,-1.167984e+00,2.285079e-01
-4.813174e+00,5.380592e+00,7.015488e+00,-1.135560e+00,-2.306502e-01,6.196728e-01
-3.447804e+00,4.383786e+00,6.805795e+00,-1.525736e-01,1.118369e+00,8.155966e-01
-1.437792e+00,3.949000e+00,6.275267e+00,7.920915e-01,2.017989e+00,8.053178e-01
2.082957e+00,2.172399e+00,5.106176e+00,2.114466e+00,2.463955e+00,5.229656e-01
4.167841e+00,1.445129e-01,4.585686e+00,2.891468e+00,2.034983e+00,1.261299e-01
4.146848e+00,-2.130111e+00,5.026478e+00,3.722841e+00,1.124026e+00,-5.212511e-01
3.855564e+00,-4.132878e+00,4.812734e+00,4.396421e+00,3.753819e-01,-1.194986e+00
4.432841e+00,-7.723409e+00,5.561477e+00,4.826886e+00,-3.798700e-01,-1.880692e+00
2.619563e+00,-8.546846e+00,7.895358e+00,4.800071e+00,-8.511091e-01,-2.152647e+00
-1.755081e+01,-2.320936e+01,3.298338e+01,4.290466e+00,-1.189586e+00,-2.027686e+00
1.969947e+01,3.144356e+01,-3.695865e+00,-5.498763e+00,1.547707e+00,2.258974e+00
-1.580455e+01,-6.903475e+00,6.944327e+00,1.192992e+00,-1.168229e+00,-1.252375e-01
-1.073421e+01,-1.607875e+01,5.546278e+00,9.017166e-01,8.494811e-01,-8.245544e-01
1.420238e+01,2.882716e+01,9.245259e+00,-1.315145e+00,2.114356e+00,2.721109e+00
6.354454e+00,5.310530e+00,7.660496e+00,7.365425e-01,2.615978e-01,1.413517e-03
-5.322658e-01,2.863120e+00,7.013301e+00,-3.731211e-03,-2.326746e-01,4.236623e-01
2.165982e+00,1.185439e+01,8.127799e+00,6.272146e-02,-1.249619e-01,2.662237e-01
7.064210e-01,7.077223e+00,8.138902e+00,7.099360e-01,-5.834955e-01,-3.072854e-01
-1.046459e+00,7.965009e+00,7.642668e+00,6.714854e-01,-7.853127e-01,-3.331348e-02
-1.993089e+00,7.937960e+00,6.257217e+00,9.434140e-01,-4.074577e-01,-1.012293e-02
2.358962e-01,8.322849e+00,4.682679e+00,9.908211e-01,-1.467872e-01,1.703419e-01
3.140287e-01,7.539675e+00,2.144029e+00,9.296101e-01,-2.146853e-01,1.517063e-01
-8.681377e-01,6.895532e+00,4.520757e-01,7.500927e-01,-2.493883e-01,7.917602e-02
-1.457416e+00,8.030885e+00,-8.410885e-01,2.857602e-01,-1.233455e-01,1.239699e-01
-1.990155e+00,8.117712e+00,-2.513350e-01,-3.689194e-02,2.347976e-02,1.784065e-01
-2.757755e+00,9.376417e+00,1.220095e+00,-4.336628e-01,3.592236e-01,3.562838e-01
-3.620905e-01,8.921822e+00,3.818084e+00,-5.409983e-01,6.106147e-01,3.936943e-01
3.355198e+00,9.280268e+00,8.645318e+00,-5.873976e-01,6.544670e-01,4.526399e-01
3.486137e+00,9.194931e+00,1.041290e+01,-3.453617e-01,3.711097e-01,3.740223e-01
2.303847e+00,1.133883e+01,7.740459e+00,3.187311e-02,6.293835e-02,3.359226e-01
2.180873e+00,1.247479e+01,6.668689e+00,1.833246e-01,1.355164e-02,3.020104e-01
5.857310e+00,1.498337e+01,2.667717e+00,8.635971e-02,-5.687045e-02,2.016347e-01
7.055959e+00,1.582382e+01,1.429042e+00,-2.192724e-01,-4.183844e-01,3.809182e-01
1.230233e+01,1.507496e+01,-2.985633e+00,-8.004690e-01,-1.808208e+00,-2.435399e-01
6.353907e+00,9.697855e+00,-1.117013e+00,-1.229614e+00,-3.592039e+00,-9.352032e-01
-1.131838e+01,6.596332e+00,5.961816e+00,-1.727905e+00,-4.653026e+00,-1.429834e+00
-1.760236e+01,7.274356e+00,7.248101e+00,-2.476275e+00,-2.982131e+00,-7.276555e-01
-4.805028e+00,8.576559e+00,1.310669e+01,-4.345364e+00,1.314713e+00,1.207595e+00
3.782943e+00,1.242887e+01,1.336199e+01,-4.851805e+00,2.357711e+00,1.508551e+00
6.296275e+00,9.982539e+00,1.181313e+01,-4.778350e+00,1.601198e+00,9.377291e-01
3.520854e+00,6.222667e+00,1.163988e+01,-4.396697e+00,4.136248e-01,3.469010e-01
1.178783e+00,8.694960e+00,9.901860e+00,-3.777423e+00,-3.944251e-01,2.858501e-01
-3.514297e-01,1.034923e+01,8.631223e+00,-2.768229e+00,-5.521590e-01,3.672202e-01
-1.195879e+00,7.015602e+00,6.509234e+00,-1.180403e+00,-6.201294e-02,3.378535e-01
2.309051e-01,6.134519e+00,4.775875e+00,-1.203011e-01,5.480448e-01,1.438610e-01
1.913881e+00,3.666718e+00,3.623231e+00,1.291160e+00,9.345253e-01,-2.823174e-01
2.337890e+00,1.182410e+00,3.078242e+00,2.443821e+00,1.001428e+00,-6.506505e-01
1.177761e+00,-5.077976e-01,4.525453e+00,3.643291e+00,9.023115e-01,-1.030967e+00
1.228685e+00,-1.192752e+00,6.890367e+00,4.439940e+00,9.341487e-01,-1.243848e+00
3.442258e+00,-9.373241e+00,5.749094e+00,5.194104e+00,9.347174e-01,-1.475306e+00
3.966219e+00,-1.267233e+01,6.138102e+00,4.970340e+00,4.022644e-01,-1.515014e+00
2.536414e+00,-1.193500e+01,9.689479e+00,4.033770e+00,-3.837008e-01,-1.562455e+00
-6.076991e+00,-2.713626e+01,3.169931e+01,3.730236e+00,-4.289880e-01,-1.367475e+00
-1.233099e+01,2.613613e+01,2.011542e+01,-7.243046e+00,1.813954e+00,4.235689e+00
-1.234227e+01,5.214449e+00,1.240280e+00,1.398600e+00,-1.521848e+00,-1.781333e-01
7.141856e+00,-7.806477e+00,6.561301e+00,-1.984698e-01,2.373696e+00,8.575724e-01
1.242848e+01,2.138587e+01,8.156553e+00,-1.171738e+00,1.584620e+00,2.099449e+00
2.218445e+00,3.902926e+00,8.706512e+00,4.493937e-01,-3.702002e-01,-9.420074e-01
8.977899e-01,7.251643e+00,6.137148e+00,-7.129019e-04,-4.348161e-01,5.998101e-02
1.014450e+00,7.748191e+00,9.754257e+00,1.852486e-01,-7.712647e-01,-5.904428e-01
-2.571993e-01,7.667822e+00,9.172380e+00,4.176440e-01,-7.793039e-01,-4.852519e-01
-3.086605e+00,8.065672e+00,7.866185e+00,6.740768e-01,-4.748952e-01,-2.132278e-01
5.495712e-01,9.059232e+00,7.555364e+00,8.937094e-01,-1.371371e-02,-2.816032e-02
7.663331e-01,8.851409e+00,6.264827e+00,1.017092e+00,-1.794785e-01,-2.259199e-02
-2.056016e-01,7.718133e+00,3.786169e+00,1.011431e+00,-3.207988e-01,6.538847e-02
-7.360953e-01,7.595156e+00,1.491170e+00,7.840292e-01,-3.068317e-01,1.609318e-01
-1.156022e+00,7.087704e+00,6.058549e-01,4.633228e-01,-1.977917e-01,2.209807e-01
-4.940758e-01,7.567394e+00,-3.375479e+00,-2.280922e-01,-1.254834e-01,2.281115e-01
-4.536099e-01,5.615000e+00,3.742758e+00,-5.563222e-01,-3.675153e-01,1.144927e-01
1.804393e+00,3.987437e+00,7.360753e+00,-5.862843e-01,-3.660348e-01,-2.299926e-01
1.265851e+00,6.889869e+00,9.534280e+00,-5.692806e-01,-4.465857e-01,-6.441911e-02
-1.340902e+00,1.083876e+01,9.798834e+00,-1.301266e-01,-3.496258e-01,1.492862e-01
-1.263280e+00,1.383592e+01,8.283126e+00,1.278403e-01,2.065893e-01,3.844797e-01
5.821030e+00,1.552633e+01,6.351738e+00,3.078565e-01,1.051560e+00,6.212430e-01
1.211053e+01,1.711983e+01,4.175448e+00,2.381606e-01,1.038050e+00,6.993858e-01
1.567170e+01,1.645627e+01,1.029089e+00,2.253773e-02,-9.399484e-01,7.503576e-02
7.493149e+00,1.119400e+01,-7.521590e-01,-2.627873e-01,-3.267853e+00,-6.967678e-01
-5.505745e+00,9.874201e+00,1.786313e+00,-9.037527e-01,-4.874551e+00,-1.385048e+00
-1.716287e+01,7.677307e+00,3.884980e+00,-1.460992e+00,-4.016808e+00,-1.234056e+00
-1.050437e+01,6.212810e+00,1.069038e+01,-2.983553e+00,-6.830641e-01,2.206937e-01
4.239546e+00,1.617154e+01,1.161857e+01,-4.421644e+00,1.981514e+00,1.324402e+00
8.776089e+00,1.427656e+01,1.099658e+01,-4.326318e+00,1.580152e+00,8.619741e-01
5.363551e+00,7.433177e+00,1.029467e+01,-4.016018e+00,3.485858e-01,2.962211e-01
1.009679e+00,7.320811e+00,1.030263e+01,-3.584648e+00,-5.058059e-01,9.559388e-02
-1.573460e+00,8.190000e+00,9.897563e+00,-2.832305e+00,-6.059097e-01,2.421204e-01
-3.993196e+00,6.532892e+00,7.619587e+00,-1.614751e+00,-9.674478e-02,4.984321e-01
-1.506029e+00,5.606815e+00,5.609775e+00,-5.307525e-01,8.998471e-01,7.006416e-01
2.259007e+00,4.329832e+00,4.459619e+00,9.060169e-01,1.711198e+00,4.456982e-01
4.991435e+00,2.370448e+00,2.972287e+00,1.801551e+00,1.599738e+00,1.007419e-01
3.753247e+00,-2.898792e-01,3.338066e+00,2.907758e+00,9.259817e-01,-3.277101e-01
2.543016e+00,-1.159129e+00,4.353471e+00,3.719624e+00,4.625724e-01,-6.197626e-01
5.591762e-01,-5.588222e+00,4.261986e+00,4.579165e+00,4.115779e-01,-8.713312e-01
1.495146e+00,-9.289897e+00,5.935697e+00,4.676142e+00,5.303099e-01,-6.817756e-01
6.508915e-01,-1.106040e+01,9.242956e+00,4.413196e+00,3.654388e-01,-6.921545e-01
-3.537100e+00,-2.639932e+01,3.428123e+01,3.999802e+00,2.503642e-01,-6.290809e-01
1.422168e+01,3.062540e+01,1.393786e+01,-6.168035e+00,2.100660e+00,2.633376e+00
-4.479582e+00,7.673413e+00,4.503880e+00,1.073586e+00,-1.067384e+00,9.150067e-01
5.535422e-01,-7.540052e+00,6.248514e+00,5.990039e-01,1.251063e-01,-1.398817e+00
1.011206e+01,2.134640e+01,7.177636e+00,-1.029143e+00,1.039352e+00,1.559212e+00
2.025913e+00,8.372063e+00,9.756384e+00,5.412787e-01,-2.520804e-01,-4.896287e-01
4.817274e-01,4.494396e+00,6.745288e+00,2.104565e-01,-8.721516e-02,-4.287451e-02
2.498381e+00,9.335360e+00,8.007986e+00,1.728125e-01,-3.216867e-01,-2.061861e-01
7.840140e-01,8.237384e+00,7.601041e+00,5.480229e-01,-8.541598e-01,-5.202231e-01
-1.194441e+00,9.213093e+00,8.142581e+00,6.771710e-01,-9.286566e-01,-3.164348e-01
-9.448477e-01,9.111942e+00,7.132906e+00,8.790112e-01,-7.178544e-01,-2.688469e-01
7.858341e-01,1.061187e+01,6.528977e+00,1.001469e+00,-3.332945e-01,-5.933866e-02
2.211932e+00,9.817187e+00,5.092498e+00,1.118871e+00,-1.431016e-01,3.749389e-03
2.581957e+00,9.089055e+00,2.358380e+00,9.554245e-01,-3.944800e-01,-1.236804e-01
2.171820e+00,7.867404e+00,1.695536e+00,7.450006e-01,-6.645727e-01,-2.232489e-01
-5.822287e-02,6.154907e+00,8.669319e-01,4.669490e-01,-9.776682e-01,-3.771085e-01
-2.244282e+00,5.768094e+00,3.445907e-01,8.503289e-02,-1.177952e+00,-4.280250e-01
-4.653361e+00,5.928999e+00,2.779598e+00,-2.262266e-01,-9.702672e-01,-3.091498e-01
-4.242967e+00,4.203528e+00,5.269048e+00,-2.874397e-01,-4.355427e-01,-1.560281e-01
-1.348338e+00,9.361605e+00,5.724872e+00,-3.893228e-01,2.448354e-01,1.821053e-01
-1.171141e+00,9.944623e+00,7.065091e+00,-1.737984e-01,7.576878e-01,3.570301e-01
2.199669e+00,1.196991e+01,7.560190e+00,9.321663e-02,1.342891e+00,6.286841e-01
5.892160e+00,1.341510e+01,4.707984e+00,2.344136e-01,1.327929e+00,6.571817e-01
4.704448e+00,1.326357e+01,3.764284e-01,1.330776e-01,1.094880e-01,4.406555e-01
5.100821e+00,1.385235e+01,-1.192700e+00,-1.988242e-02,-4.700710e-01,3.602254e-01
8.918738e+00,1.283061e+01,-2.382367e+00,-7.276909e-01,-2.460575e+00,-3.194164e-01
1.623596e+00,1.065501e+01,4.750918e-02,-1.061539e+00,-3.117430e+00,-5.480105e-01
-6.464139e+00,1.321212e+01,3.354483e+00,-1.779017e+00,-2.607947e+00,-4.572687e-01
-1.150467e+01,1.034245e+01,4.520662e+00,-2.560516e+00,-8.271242e-01,3.052583e-01
-3.796082e+00,9.812860e+00,1.329123e+01,-4.486097e+00,1.746449e+00,1.422895e+00
4.859626e+00,1.472377e+01,1.536868e+01,-4.924785e+00,2.309936e+00,1.501702e+00
1.001011e+01,1.351734e+01,1.057966e+01,-4.366592e+00,1.240232e+00,7.756441e-01
9.121377e+00,1.005704e+01,9.778929e+00,-3.656034e+00,-3.837331e-01,-1.107152e-01
1.771575e+00,5.452243e+00,9.601446e+00,-3.183416e+00,-1.342366e+00,-3.914963e-01
-9.264661e-01,9.964705e+00,8.593534e+00,-2.489376e+00,-1.293396e+00,-1.263985e-01
-1.830255e+00,6.275553e+00,5.764136e+00,-2.407584e-01,-3.005884e-01,6.653619e-03
-6.517664e-01,3.758945e+00,4.239496e+00,6.629203e-01,3.601477e-01,-1.270179e-01
1.381467e+00,4.398088e+00,3.317198e+00,1.966189e+00,8.215178e-01,-4.554565e-01
1.918626e+00,3.337739e+00,3.590064e+00,2.927844e+00,8.258427e-01,-7.014976e-01
1.162437e+00,1.236507e+00,3.854850e+00,4.033365e+00,6.902914e-01,-8.914319e-01
-7.361190e-01,-1.315770e+00,4.734506e+00,4.651975e+00,8.435434e-01,-8.986504e-01
-1.467314e+00,-8.702509e+00,6.665595e+00,5.006859e+00,1.233733e+00,-3.925003e-01
-7.566913e-01,-1.123514e+01,6.412840e+00,4.615160e+00,1.191565e+00,4.945252e-02
-5.760363e-01,-1.299604e+01,8.205144e+00,3.388929e+00,9.612632e-01,2.386344e-01
1.858395e+00,-1.009684e+01,8.503096e+00,2.632677e+00,5.328452e-01,7.468481e-02
7.198391e+00,2.333513e+01,2.287864e+01,-7.898847e+00,8.117369e-01,1.047529e+00
2.083216e+00,6.935652e+00,1.859393e+01,8.271438e-01,-1.121526e+00,1.242327e+00
-1.007216e+01,-2.215480e+01,5.554630e+00,-3.208662e-02,2.429821e-01,-6.349953e-01
4.284610e+00,-1.168610e-01,6.194408e+00,-2.223549e+00,1.737460e+00,1.559122e+00
7.907531e+00,2.617978e+01,9.393145e+00,-7.985258e-01,6.442236e-01,3.838153e-01
6.567226e-01,6.934901e+00,8.917331e+00,1.840301e-01,-1.637404e-02,-1.474489e-01
7.053765e-01,6.528486e+00,7.326844e+00,-5.413417e-01,1.395009e-02,4.638289e-01
1.429453e+00,8.783953e+00,9.379163e+00,-2.706503e-05,8.541938e-02,2.552716e-01
3.100000e-01,8.544296e+00,7.927424e+00,1.290857e-01,3.267660e-01,5.080716e-01
3.241019e+00,8.642328e+00,7.194574e+00,2.414043e-01,4.188303e-01,4.380216e-01
3.917087e+00,8.617815e+00,6.068739e+00,2.759905e-01,-1.199494e-01,1.675851e-01
3.055245e+00,9.288405e+00,6.064875e+00,2.512471e-01,-5.637426e-01,8.429304e-02
5.026366e-01,8.965999e+00,5.990510e+00,2.889504e-01,-7.197424e-01,4.551715e-02
-4.364591e-01,7.418759e+00,5.327641e+00,2.853950e-01,-5.649214e-01,1.448164e-01
-4.241720e-01,6.567389e+00,4.493822e+00,2.431321e-01,-3.640332e-01,2.385390e-01
-1.725893e-01,6.377411e+00,4.140090e+00,1.647558e-01,-2.473985e-01,2.933709e-01
-7.255833e-01,6.178528e+00,3.603442e+00,-4.416645e-03,-1.227227e-01,3.449612e-01
-1.393556e+00,6.283343e+00,3.975846e+00,-1.271993e-01,1.579515e-01,4.368004e-01
-9.350324e-01,5.865689e+00,4.538601e+00,-2.607550e-01,5.590340e-01,5.595756e-01
5.910287e-01,5.887107e+00,5.102809e+00,-3.466309e-01,8.121250e-01,6.382079e-01
3.047998e+00,6.210727e+00,5.548545e+00,-4.450849e-01,8.436337e-01,6.473082e-01
3.890000e+00,6.817104e+00,5.268982e+00,-5.289374e-01,6.238114e-01,5.795195e-01
3.544043e+00,8.557870e+00,6.011997e+00,-6.187296e-01,2.800062e-01,5.330293e-01
2.488601e+00,9.282123e+00,5.872123e+00,-6.911177e-01,3.109787e-02,5.504374e-01
1.734258e+00,9.140237e+00,5.507096e+00,-8.036636e-01,-4.830575e-02,7.400996e-01
7.860128e-01,1.006816e+01,3.835703e+00,-9.209181e-01,-1.649986e-02,9.457886e-01
1.362692e+00,1.140049e+01,-1.800982e+00,-1.302786e+00,2.432716e-03,1.141357e+00
4.184300e+00,1.313097e+01,-3.484821e+00,-1.908694e+00,-5.318694e-01,1.023153e+00
3.424081e+00,1.705474e+01,-1.484937e+00,-2.728590e+00,-2.497059e+00,5.627884e-01
-2.917075e+00,1.453318e+01,6.122494e+00,-3.045355e+00,-3.066277e+00,4.601709e-01
-7.258895e+00,1.947929e+01,1.142053e+01,-2.575923e+00,-1.853428e+00,8.605973e-01
-6.838314e+00,1.660536e+01,1.237505e+01,-1.108207e+00,-1.493948e-01,1.348614e+00
-4.401788e+00,3.113465e+00,1.232087e+01,-4.525327e-01,1.850740e+00,1.344856e+00
-1.537542e+00,5.998438e+00,1.150276e+01,-2.191954e-01,2.776720e+00,1.526122e+00
2.103052e+00,1.046517e+01,1.075072e+01,1.484744e+00,2.903902e+00,1.613138e+00
2.252101e+00,6.471033e+00,9.628652e+00,2.991522e+00,2.630099e+00,1.218675e+00
2.654747e+00,2.703234e+00,9.382525e+00,4.207792e+00,2.045476e+00,9.798207e-01
3.142020e+00,2.615810e+00,9.731920e+00,4.947417e+00,1.526017e+00,9.280049e-01
1.979163e+00,3.481771e+00,1.088959e+01,5.988753e+00,9.786891e-01,7.971674e-01
1.353436e+00,3.391145e+00,1.139679e+01,6.852629e+00,8.857247e-01,5.164788e-01
-1.094139e-01,3.768857e+00,1.301000e+01,7.543128e+00,1.587952e+00,-1.097243e-01
-1.447723e-01,4.404441e+00,1.256178e+01,7.388122e+00,2.500232e+00,-4.344164e-01
-1.356032e+00,8.211501e+00,1.193911e+01,6.151510e+00,3.307942e+00,-3.711410e-01
-3.472952e+00,5.663798e+00,1.022173e+01,5.036414e+00,3.229456e+00,5.381442e-02
-1.199951e+00,-3.183330e+00,3.342798e+00,2.976743e+00,3.386998e+00,5.253163e-01
2.466821e+00,-5.493377e+00,5.078381e-01,5.726896e-01,3.387362e+00,7.748356e-02
6.097068e+00,7.874269e+00,2.680728e+00,-2.382506e+00,1.963352e+00,1.412287e-02
2.030419e+01,2.121707e+01,2.079929e+00,-2.234232e+00,1.913183e+00,6.949426e-01
2.320516e+00,1.000027e+01,8.739459e+00,-4.301201e+00,-7.130316e-01,-8.508601e-01
-2.317915e-01,8.167560e+00,1.197352e+01,-2.740362e+00,-2.505392e-01,-7.048692e-01
-6.174942e+00,1.101992e+01,9.301387e+00,-1.811171e+00,-3.452784e-01,-2.918009e-01
-7.184860e+00,1.349343e+01,1.297989e+01,-1.195638e+00,1.198485e+00,6.747941e-02
2.897085e+00,8.164621e+00,4.371348e+00,-7.570951e-01,2.807818e+00,5.535515e-01
1.253810e+01,1.015188e+01,1.888874e+00,-9.872414e-01,1.634210e+00,1.583856e-01
5.623620e+00,1.011010e+01,2.079324e+00,-1.121498e+00,-7.092493e-01,-3.872841e-01
-3.004543e+00,9.239908e+00,3.187831e+00,-1.200748e+00,-1.107740e+00,-4.671600e-01
-3.227304e+00,9.622084e+00,2.867973e+00,-1.185241e+00,-2.576502e-01,-1.655051e-01
3.172163e-01,9.050925e+00,2.554319e+00,-1.216098e+00,-5.645913e-02,-1.036044e-01
2.271735e+00,7.909603e+00,2.426678e+00,-1.413608e+00,-5.400603e-01,-2.263744e-01
-8.837463e-01,7.308664e+00,4.902733e+00,-1.473074e+00,-8.291184e-01,-2.454409e-01
-2.104782e+00,6.503312e+00,6.240299e+00,-1.424229e+00,-3.360836e-01,-4.259039e-04
8.631918e-02,7.317699e+00,6.667369e+00,-1.327904e+00,7.159927e-02,1.425654e-01
2.043060e+00,8.362921e+00,6.514551e+00,-1.167281e+00,1.383303e-01,1.964579e-01
1.924089e+00,7.766284e+00,5.396973e+00,-1.109715e+00,6.402416e-02,2.183633e-01
9.940121e-01,7.186048e+00,3.502430e+00,-1.216803e+00,1.345810e-01,3.497113e-01
4.143678e+00,8.031821e+00,1.327857e+00,-1.485060e+00,-2.236252e-02,2.138176e-01
6.211747e+00,9.334716e+00,-9.100873e-01,-2.095231e+00,-1.011655e+00,1.024435e-01
3.428598e+00,1.008006e+01,5.059133e-01,-2.556090e+00,-1.676157e+00,1.267178e-01
4.704034e+00,1.696596e+01,-2.586653e+00,-3.227737e+00,-2.326943e+00,3.728889e-01
1.497425e+00,1.734155e+01,-8.912392e-01,-3.588640e+00,-3.200059e+00,1.125136e-01
-6.779518e+00,1.550218e+01,1.006763e+01,-4.114444e+00,-2.639077e+00,4.498565e-01
-5.966555e+00,2.321881e+01,1.450731e+01,-3.473069e+00,-1.139289e+00,8.351170e-01
-1.940531e+00,1.613783e+01,1.216982e+01,-1.033223e+00,2.321910e-01,9.569555e-01
4.037690e+00,4.119774e-01,1.345402e+01,-3.139072e-01,1.010484e+00,6.144620e-01
7.595332e+00,9.057266e+00,7.764912e+00,1.090198e-01,4.154711e-01,6.225749e-02
4.705640e+00,8.760267e+00,8.774030e+00,1.621931e+00,-2.890444e-02,-4.803873e-01
5.008292e-01,4.517600e+00,8.076543e+00,3.090810e+00,4.103283e-02,-6.405737e-01
-8.877745e-01,2.625193e+00,8.052608e+00,4.142630e+00,6.475230e-01,-7.071104e-01
-4.809099e-01,5.928614e-01,9.645025e+00,5.218971e+00,1.730719e+00,-8.626177e-01
-7.956045e-02,2.140163e+00,1.087064e+01,6.021797e+00,2.253030e+00,-7.181808e-01
1.221972e+00,4.128150e+00,1.446475e+01,7.085858e+00,2.573734e+00,-4.173088e-01
3.034048e+00,4.588257e+00,1.532675e+01,7.957742e+00,2.588064e+00,-1.297679e-01
7.686241e+00,7.111127e+00,1.275747e+01,8.135287e+00,1.987578e+00,-1.545438e-02
3.397423e+00,9.175077e+00,7.601568e+00,7.137310e+00,1.206800e+00,-6.845345e-01
-5.946093e+00,2.415084e+00,5.825328e+00,4.509596e+00,2.047149e+00,-1.501865e+00
-9.658416e+00,-8.258807e+00,-2.200981e+00,2.072837e+00,2.692286e+00,-2.074467e-01
7.536964e-02,-4.757510e+00,9.411770e-01,-1.756435e+00,1.875983e+00,-7.755098e-02
-3.269408e-01,2.074552e+01,1.344697e+00,-2.830298e+00,1.703287e+00,1.255549e-01
9.728358e+00,1.707522e+01,2.381803e+00,-1.942609e+00,2.107667e+00,-1.863980e-01
7.370816e+00,-1.055630e+00,9.859291e+00,-3.562437e+00,1.100618e+00,2.726436e-02
9.027039e-01,1.153659e+01,1.388993e+01,-3.078896e+00,6.548522e-01,-4.697848e-01
1.535849e+00,1.318749e+01,9.595188e+00,-1.726067e+00,-4.738331e-01,-2.949443e-01
-6.251950e+00,1.080583e+01,8.559313e+00,-1.128551e+00,2.614839e-01,-9.945355e-02
-5.855252e+00,8.585271e+00,5.469506e+00,-7.767960e-01,1.884883e+00,5.182844e-01
5.466303e+00,1.050133e+01,2.966197e+00,-7.963965e-01,1.866737e+00,3.039536e-01
7.480225e+00,9.141015e+00,1.905355e+00,-8.238105e-01,6.082990e-01,-1.076257e-02
2.496556e+00,9.130602e+00,2.765414e+00,-9.251037e-01,-7.800412e-01,-3.509589e-01
-2.674487e-01,9.331523e+00,2.972551e+00,-9.901461e-01,-8.476529e-01,-3.210208e-01
1.025444e+00,8.654301e+00,1.434556e+00,-1.111672e+00,-7.262503e-01,-2.458317e-01
1.105732e+00,8.386653e+00,4.894143e-01,-1.337241e+00,-9.851075e-01,-2.730232e-01
-2.552610e+00,8.351746e+00,1.633969e+00,-1.511503e+00,-1.074361e+00,-2.618020e-01
-4.769266e+00,8.390914e+00,4.101029e+00,-1.489487e+00,-5.487185e-01,-1.324959e-01
-1.264158e+00,8.212471e+00,5.420112e+00,-1.474835e+00,2.435071e-01,7.169492e-02
-8.740110e-01,8.453025e+00,5.989990e+00,-1.367305e+00,4.674291e-01,1.433793e-01
2.850751e+00,7.136367e+00,5.918887e+00,-1.296673e+00,4.721911e-01,1.299734e-01
4.608941e+00,7.705207e+00,5.123017e+00,-1.367382e+00,1.657178e-02,1.789539e-01
2.161084e+00,8.973715e+00,3.658052e+00,-1.506628e+00,-2.203472e-01,2.096097e-01
7.200451e-01,9.389966e+00,2.768694e+00,-1.728248e+00,-2.547437e-01,2.413648e-01
1.101528e-01,1.037768e+01,3.421503e+00,-2.057433e+00,-2.519819e-01,4.973502e-01
4.389317e+00,1.200290e+01,1.965969e+00,-2.388190e+00,-4.056411e-01,5.316213e-01
1.120206e+01,1.374772e+01,-2.992424e+00,-3.147167e+00,-1.791539e+00,3.048447e-01
1.107549e+01,1.462707e+01,-3.404180e+00,-3.667306e+00,-3.787096e+00,-1.306425e-03
-3.469851e+00,1.356107e+01,1.014111e+01,-3.819476e+00,-4.938474e+00,-2.893976e-01
-1.498282e+01,1.775578e+01,1.706886e+01,-3.642420e+00,-3.683000e+00,-2.637072e-01
-1.303043e+01,1.557427e+01,1.415498e+01,-1.614077e+00,9.160571e-02,1.392551e+00
-5.327582e+00,3.523896e+00,1.446781e+01,-4.144694e-01,2.451657e+00,1.614226e+00
6.784190e+00,7.032623e+00,9.090993e+00,2.203609e-01,3.012103e+00,1.331079e+00
1.011416e+01,7.171997e+00,8.268036e+00,1.524247e+00,2.274712e+00,9.029113e-01
1.026889e+01,3.697065e+00,7.135145e+00,2.915058e+00,7.048452e-01,4.552033e-02
5.842515e+00,2.479531e+00,6.972653e+00,3.651400e+00,-1.175590e-01,-5.378827e-01
1.223632e+00,2.564630e+00,8.465647e+00,4.688168e+00,1.093515e-02,-1.116506e+00
-7.857348e-01,2.415956e+00,9.835845e+00,5.433213e+00,5.373753e-01,-1.314032e+00
2.805995e-01,3.868173e+00,1.135972e+01,6.556358e+00,1.709202e+00,-1.242094e+00
3.014607e+00,4.859536e+00,1.300794e+01,7.432252e+00,2.318077e+00,-1.094339e+00
7.918540e+00,7.143632e+00,1.317185e+01,8.230478e+00,1.962440e+00,-5.325374e-01
1.027566e+01,1.017290e+01,1.143496e+01,7.378046e+00,4.731383e-01,-4.241245e-01
-9.582089e+00,4.100133e+00,5.996858e+00,5.465114e+00,-6.300151e-01,-7.537896e-01
-1.637616e+01,-5.131328e+00,7.154725e+00,3.257749e+00,1.795846e+00,-6.398064e-01
3.469843e+00,-1.400634e+01,-1.224198e+00,-1.766448e+00,3.072437e+00,9.188898e-01
8.925070e+00,1.289683e+01,7.729651e-01,-3.207947e+00,1.558768e+00,5.957622e-01
1.394128e+01,2.476767e+01,1.500384e+00,-1.148020e+00,-6.080374e-01,-9.673819e-01
-5.917480e+00,-1.655834e+00,7.214976e+00,-2.679440e+00,-1.002370e+00,-8.320263e-01
-8.309281e+00,7.514438e+00,1.175909e+01,-2.905475e+00,6.459293e-01,2.583126e-01
-9.043618e+00,1.406440e+01,1.210637e+01,-2.001583e+00,1.970724e+00,1.776470e-01
6.937279e+00,9.844619e+00,6.076972e+00,-1.203882e+00,2.212241e+00,4.858998e-01
5.808052e+00,7.139215e+00,4.321685e+00,-1.127940e+00,1.280380e+00,1.420680e-01
2.178678e+00,1.045130e+01,2.830024e+00,-1.046893e+00,3.648853e-01,-8.412407e-02
1.826080e+00,9.835190e+00,2.899341e+00,-1.092600e+00,-1.968964e-01,-3.139694e-01
-1.361030e+00,8.583455e+00,3.465836e+00,-1.118717e+00,-3.760676e-01,-3.016231e-01
-1.754921e-01,9.425057e+00,3.055881e+00,-1.190877e+00,-1.601879e-01,-1.580701e-01
2.909588e+00,8.870549e+00,1.108802e+00,-1.335486e+00,-6.213917e-01,-2.777191e-01
1.557268e+00,8.631786e+00,1.293584e+00,-1.526105e+00,-1.122735e+00,-3.450915e-01
-2.438867e+00,9.390710e+00,3.521868e+00,-1.559725e+00,-9.804996e-01,-3.006320e-01
-7.100196e-01,9.124197e+00,4.174023e+00,-1.564260e+00,-5.539246e-01,-1.389110e-01
1.781741e+00,8.910580e+00,5.470446e+00,-1.517484e+00,-3.520121e-01,-5.507299e-02
1.909311e+00,9.246896e+00,5.774138e+00,-1.485812e+00,-4.386640e-01,-5.875420e-03
2.618743e-01,8.476198e+00,4.616198e+00,-1.437620e+00,-4.094521e-01,1.197211e-01
3.179818e-02,7.374768e+00,2.443216e+00,-1.593973e+00,-2.725122e-01,2.819000e-01
2.222371e+00,9.069227e+00,7.176292e-01,-1.962615e+00,-3.464788e-01,3.169229e-01
2.214240e+00,8.693825e+00,1.278181e-01,-2.347030e+00,-8.055622e-01,2.384680e-01
2.847548e+00,1.028514e+01,1.588013e+00,-2.890768e+00,-1.204228e+00,3.333384e-01
5.214900e+00,1.320947e+01,-1.719238e-01,-3.310381e+00,-1.826170e+00,3.007746e-01
2.030045e+00,1.457280e+01,-9.245870e-01,-3.822522e+00,-3.011044e+00,-2.819959e-02
-5.287930e+00,1.396126e+01,9.702290e+00,-4.316957e+00,-3.799694e+00,-2.134230e-01
-6.319113e+00,2.213403e+01,1.538290e+01,-4.105236e+00,-2.245020e+00,2.868411e-01
-5.506521e+00,2.092927e+01,1.420352e+01,-1.887276e+00,-8.192483e-01,6.141170e-01
4.362672e+00,-5.629207e-01,1.336563e+01,-5.838633e-01,9.340581e-01,4.143761e-01
8.877351e+00,3.936667e+00,8.662649e+00,-5.987014e-01,8.950013e-01,-1.192963e-01
6.892022e+00,7.463820e+00,8.810141e+00,1.454682e+00,3.950954e-03,-1.102231e+00
2.318953e+00,4.109686e+00,7.772827e+00,2.620397e+00,-1.864927e-02,-1.294860e+00
7.395458e-01,2.357970e+00,6.841504e+00,3.782076e+00,6.525090e-01,-1.442279e+00
6.837676e-01,8.332852e-01,8.348405e+00,4.645016e+00,1.567339e+00,-1.677542e+00
2.405301e+00,1.903202e+00,9.370441e+00,5.730233e+00,2.303521e+00,-1.472863e+00
3.879983e+00,3.375903e+00,1.066120e+01,6.443858e+00,2.400303e+00,-1.315436e+00
6.129590e+00,4.726662e+00,1.455658e+01,7.794255e+00,1.906732e+00,-9.833662e-01
7.592815e+00,6.707193e+00,1.256091e+01,8.337617e+00,1.113169e+00,-6.073518e-01
4.588161e+00,1.182475e+01,1.248427e+01,7.545580e+00,-1.462857e-01,-3.845905e-01
-7.499706e+00,6.821284e+00,6.200367e+00,5.892166e+00,1.829270e-01,-7.030093e-01
-1.349395e+01,-1.570116e+01,-4.015857e-01,2.096835e+00,3.848652e+00,1.277368e-01
6.300998e+00,-1.379268e+01,6.941259e-01,-1.856212e+00,4.047174e+00,1.295829e+00
1.425029e+01,3.712438e+01,-2.610922e+00,-2.308429e+00,2.769073e+00,9.006687e-01
4.527653e+00,2.497619e+00,9.497889e-01,-2.174936e+00,3.654571e-01,-7.615839e-01
4.391781e+00,-6.576502e-01,8.098775e+00,-3.597476e+00,-1.902281e-01,5.213686e-02
-4.838394e+00,6.544844e+00,1.375439e+01,-3.066616e+00,-1.013153e+00,-8.027332e-01
-6.729033e-01,1.664438e+01,9.624880e+00,-2.126539e+00,-6.763847e-01,-2.437022e-01
-6.667407e+00,1.035395e+01,6.922210e+00,-1.507186e+00,1.023128e-01,-2.785855e-02
-4.064547e+00,6.697843e+00,4.185760e+00,-1.364057e+00,1.949988e+00,6.730870e-01
5.055843e+00,1.086097e+01,3.473055e+00,-1.407215e+00,1.765461e+00,4.775092e-01
6.053962e+00,8.553032e+00,3.597706e+00,-1.428230e+00,4.324666e-01,5.418196e-02
3.478051e+00,8.453485e+00,3.940581e+00,-1.525638e+00,-3.727256e-01,-1.137817e-01
1.369124e+00,9.927317e+00,3.872683e+00,-1.547294e+00,-8.287882e-01,-2.307470e-01
2.251780e-01,1.030056e+01,3.234129e+00,-1.513482e+00,-8.962785e-01,-2.823232e-01
-6.339666e-01,9.147271e+00,3.327637e+00,-1.529907e+00,-9.871001e-01,-2.648651e-01
-2.182328e+00,8.668372e+00,4.828943e+00,-1.529556e+00,-9.063981e-01,-1.763981e-01
-2.239310e+00,8.060480e+00,5.843781e+00,-1.483198e+00,-2.690992e-01,7.992351e-02
1.159721e+00,8.187863e+00,6.696743e+00,-1.393726e+00,6.346355e-02,1.674942e-01
3.130469e+00,8.759390e+00,6.140142e+00,-1.291924e+00,-2.364416e-02,2.082633e-01
2.332213e+00,7.576312e+00,4.059386e+00,-1.327024e+00,-2.454096e-01,2.671353e-01
1.535230e+00,8.099540e+00,1.145690e+00,-1.676034e+00,-5.053614e-01,3.183469e-01
1.436099e+00,9.402024e+00,-5.815180e-01,-2.085172e+00,-8.620355e-01,2.659856e-01
3.152018e-01,9.222584e+00,-2.818454e-01,-2.630825e+00,-1.102531e+00,3.109085e-01
3.100018e+00,1.163856e+01,-1.519262e+00,-3.180436e+00,-1.379438e+00,3.480557e-01
3.811870e+00,1.593001e+01,-7.815491e-01,-3.929977e+00,-2.514012e+00,-5.289129e-02
-1.636264e+00,1.499444e+01,6.660766e+00,-4.399062e+00,-3.623150e+00,-2.998984e-01
-6.378797e+00,2.395572e+01,1.667284e+01,-3.977232e+00,-2.322436e+00,7.916462e-02
-7.194517e+00,1.877254e+01,1.560727e+01,-1.866329e+00,-6.833993e-01,4.529976e-01
2.370855e+00,2.992692e+00,1.539552e+01,-6.822390e-01,1.488498e+00,4.256202e-01
1.014434e+01,8.546830e+00,7.492166e+00,3.804943e-02,1.352139e+00,-4.367136e-03
5.510453e+00,6.065637e+00,9.191605e+00,1.880673e+00,5.814190e-01,-8.773270e-01
3.436515e+00,4.072575e+00,7.811792e+00,3.090089e+00,5.076767e-01,-9.955072e-01
1.318388e+00,1.605968e+00,7.499354e+00,4.244628e+00,1.176262e+00,-1.150072e+00
1.952852e+00,2.083858e+00,8.129226e+00,5.139018e+00,1.788297e+00,-1.078527e+00
2.950981e+00,3.058686e+00,9.563222e+00,6.087374e+00,2.125226e+00,-7.646234e-01
4.505051e+00,4.541499e+00,1.113809e+01,6.929896e+00,2.014966e+00,-5.035301e-01
6.427034e+00,5.459742e+00,1.482693e+01,8.103787e+00,1.399861e+00,-9.338630e-02
7.961415e+00,6.414128e+00,1.315921e+01,8.351788e+00,5.119629e-01,1.442439e-01
4.778465e+00,8.318501e+00,1.039609e+01,7.233173e+00,-6.992111e-01,-3.439298e-01
-6.609026e+00,1.709168e+00,7.941541e+00,5.363332e+00,-6.027416e-01,-1.007799e+00
-1.268799e+01,-1.167568e+01,7.589218e+00,1.558641e+00,1.927902e+00,2.351623e-02
4.368826e+00,-1.248312e+01,4.060861e+00,-2.167281e+00,2.381777e+00,9.508763e-01
2.773472e+01,3.903645e+01,-4.417398e+00,-2.025852e+00,1.681727e+00,9.880559e-01
9.858360e+00,1.314034e+01,1.220141e+00,-1.875239e+00,-1.704026e+00,-1.725472e+00
-4.075555e+00,-2.415327e+00,9.409715e+00,-2.984078e+00,-1.362140e+00,-3.288270e-01
-1.583495e+01,9.326017e+00,1.430728e+01,-2.893795e+00,-6.997361e-01,-1.779079e-01
-6.932021e+00,1.859007e+01,1.166993e+01,-1.753730e+00,1.970531e+00,4.904432e-01
3.423157e+00,8.174792e+00,5.521839e+00,-9.631833e-01,2.554921e+00,6.511007e-01
5.435829e+00,8.539758e+00,4.040790e+00,-1.133722e+00,1.918295e+00,5.511759e-01
5.116991e+00,1.241288e+01,3.247575e+00,-9.376440e-01,7.900053e-01,1.105963e-01
3.471645e+00,8.998108e+00,3.071591e+00,-9.369709e-01,-6.617101e-01,-4.337883e-01
-2.267199e+00,8.528880e+00,3.638692e+00,-9.180894e-01,-9.434987e-01,-4.488534e-01
-1.674689e+00,9.982841e+00,2.489577e+00,-9.940838e-01,-4.077487e-01,-1.559918e-01
1.710999e+00,8.655710e+00,-2.798537e-01,-1.148491e+00,-6.925293e-01,-1.976509e-01
-1.584602e+00,7.677932e+00,5.662855e-01,-1.500890e+00,-1.119008e+00,-2.764850e-01
-2.554727e+00,8.485819e+00,1.299097e+00,-1.743627e+00,-8.989927e-01,-1.674420e-01
4.707919e-01,9.179646e+00,3.621652e+00,-1.871685e+00,-4.923065e-01,-3.277652e-02
3.747190e+00,1.013722e+01,5.785804e+00,-1.850357e+00,-5.696370e-01,-3.599108e-02
2.877282e+00,1.030785e+01,5.588298e+00,-1.736030e+00,-9.667971e-01,-8.879141e-02
1.288855e-01,8.180886e+00,3.863554e+00,-1.778673e+00,-9.866594e-01,6.490277e-02
-1.306540e+00,9.295883e+00,9.197665e-01,-2.143220e+00,-5.812695e-01,4.117236e-01
3.184604e-01,1.069674e+01,-3.550762e-01,-2.517706e+00,-5.052944e-01,4.491763e-01
2.845440e+00,9.346906e+00,1.285624e+00,-3.002541e+00,-6.965172e-01,5.434808e-01
6.503245e+00,1.255418e+01,4.338144e-01,-3.408578e+00,-1.161781e+00,6.008308e-01
4.160683e+00,1.676510e+01,-2.386804e+00,-3.944065e+00,-2.826484e+00,2.459534e-01
-2.352422e+00,1.294661e+01,5.635004e+00,-4.342867e+00,-4.109299e+00,-1.813288e-01
-6.643666e+00,2.298158e+01,1.557478e+01,-4.372636e+00,-3.008999e+00,-4.429906e-02
-8.324470e+00,2.398589e+01,1.641324e+01,-2.441924e+00,-1.448716e+00,3.829602e-01
5.952479e-01,2.104441e+00,1.563943e+01,-5.661718e-01,1.071445e+00,4.870511e-01
8.827038e+00,6.623927e+00,7.399903e+00,-4.804545e-01,1.278320e+00,5.281369e-02
5.197325e+00,7.265436e+00,9.400607e+00,1.348443e+00,6.162761e-01,-7.366374e-01
3.163012e+00,5.303224e+00,8.893824e+00,2.719649e+00,5.214264e-01,-9.706305e-01
1.682569e+00,1.735475e+00,7.477155e+00,4.063722e+00,1.099877e+00,-1.158645e+00
1.442998e+00,1.383023e+00,9.002595e+00,4.916148e+00,1.767540e+00,-1.293076e+00
2.283542e+00,2.680548e+00,9.540077e+00,6.000732e+00,2.198595e+00,-1.113822e+00
3.400701e+00,3.238863e+00,1.144843e+01,6.938373e+00,2.272877e+00,-9.212050e-01
5.607597e+00,3.548588e+00,1.522027e+01,8.203454e+00,1.905741e+00,-4.713936e-01
7.187494e+00,5.354887e+00,1.264335e+01,8.581855e+00,1.257217e+00,-2.543557e-02
5.083342e+00,1.055000e+01,1.051924e+01,7.665555e+00,9.420338e-02,-1.424931e-01
-4.013695e+00,6.088328e+00,5.793724e+00,5.752620e+00,1.552506e-01,-7.720122e-01
-1.281665e+01,-1.300069e+01,3.623949e+00,1.899126e+00,3.222308e+00,1.768270e-01
4.552278e+00,-1.385217e+01,2.175783e+00,-2.147946e+00,3.307238e+00,1.093230e+00
2.164171e+01,3.700866e+01,-1.958851e+00,-3.100306e+00,2.189619e+00,8.979095e-01
2.336166e+01,2.986687e+01,2.579905e+00,-1.324026e+00,7.278984e-02,-3.547172e-01
-3.510338e+00,-4.727972e+00,1.228618e+01,-2.851441e+00,-1.054997e+00,-6.605277e-01
-4.877620e+00,3.356850e+00,1.312584e+01,-2.956731e+00,-4.751745e-01,-1.068161e-01
-6.260536e+00,2.070094e+01,1.121869e+01,-1.875400e+00,5.872088e-01,-2.452089e-01
-1.005434e+00,7.168665e+00,5.743938e+00,-8.543844e-01,1.242371e+00,2.204635e-01
1.599755e+00,9.273196e+00,3.441529e+00,-1.033352e+00,1.666377e+00,4.887393e-01
4.707252e+00,1.218561e+01,1.941987e+00,-8.461957e-01,1.291756e+00,2.784724e-01
3.982583e+00,8.505439e+00,1.147512e+00,-1.021823e+00,-2.158982e-01,-2.542168e-01
1.535871e+00,8.121989e+00,1.232018e+00,-1.181581e+00,-8.936787e-01,-3.731152e-01
-1.993711e-01,9.241330e+00,5.834951e-01,-1.525627e+00,-9.707880e-01,-2.676438e-01
-2.134435e+00,8.109367e+00,-2.088870e-01,-1.668600e+00,-9.772248e-01,-2.635793e-01
-4.862347e+00,8.667023e+00,2.359738e+00,-1.822288e+00,-5.967977e-01,-1.529413e-01
-2.906703e+00,7.923611e+00,4.233993e+00,-1.841223e+00,7.810295e-02,-1.683910e-02
4.818775e+00,9.702308e+00,7.330890e+00,-1.812232e+00,2.956069e-01,7.840091e-02
6.806160e+00,1.065130e+01,7.768066e+00,-1.672434e+00,-2.510463e-01,6.178727e-03
2.426491e+00,9.774411e+00,3.938584e+00,-1.650058e+00,-7.550230e-01,5.384763e-02
2.048612e-02,8.741505e+00,-3.598037e-01,-1.929578e+00,-7.378784e-01,2.278598e-01
6.266947e-01,1.063255e+01,-1.994330e+00,-2.692544e+00,-7.751700e-01,3.269923e-01
2.273104e+00,1.029080e+01,2.703464e-01,-3.178625e+00,-9.527318e-01,3.734146e-01
9.111908e+00,1.316534e+01,7.990993e-01,-3.607962e+00,-1.382092e+00,5.566861e-01
1.198077e+01,1.844137e+01,-4.960546e+00,-4.126579e+00,-2.825398e+00,3.104257e-01
-2.974278e+00,1.214333e+01,8.552119e+00,-4.468634e+00,-5.380321e+00,-6.535275e-01
-8.406158e+00,2.017195e+01,1.608838e+01,-4.367634e+00,-4.025468e+00,-4.602558e-01
-9.268274e+00,1.577528e+01,1.435311e+01,-1.655059e+00,-1.452222e+00,2.060521e-01
-6.234358e-01,2.379515e-01,1.470211e+01,-4.655053e-01,8.571457e-01,3.390721e-01
7.049530e+00,9.630450e+00,7.017515e+00,4.249079e-01,1.021735e+00,-5.154221e-01
4.427353e+00,9.282406e+00,8.968441e+00,2.208152e+00,6.265385e-01,-1.127628e+00
8.759840e-01,4.194117e+00,8.637249e+00,3.792671e+00,8.634237e-01,-1.200199e+00
7.134819e-01,2.843556e+00,8.149853e+00,4.624528e+00,1.477607e+00,-1.298774e+00
7.394915e-01,3.983874e+00,1.059087e+01,5.815279e+00,2.267668e+00,-1.424675e+00
9.216469e-01,4.551658e+00,1.153161e+01,6.771949e+00,2.834567e+00,-1.227669e+00
3.819754e+00,5.160887e+00,1.511369e+01,7.681350e+00,3.112910e+00,-8.673293e-01
7.400529e+00,8.558189e+00,1.418308e+01,8.178123e+00,2.675873e+00,-2.663989e-01
1.259575e+01,1.098158e+01,9.049533e+00,7.746897e+00,7.702961e-01,-8.979948e-01
-2.894859e+00,-2.710433e-01,5.143756e+00,5.921514e+00,1.889034e-02,-1.889653e+00
-6.987521e+00,-1.005566e+01,3.718459e-01,2.992732e+00,1.586799e+00,-8.510175e-01
-2.170083e+00,-1.509503e+01,-3.063561e-01,-5.018930e-01,2.190538e+00,4.310536e-01
3.799806e+00,1.894016e+01,6.730723e+00,-3.643771e+00,2.123335e+00,6.730297e-01
2.854556e+01,3.935575e+01,-1.392179e-01,-1.617439e+00,2.436615e+00,1.348647e+00
5.616889e+00,-4.613051e+00,8.437905e+00,-3.117568e+00,-1.425701e-01,-8.561657e-01
1.218697e+00,-1.683146e+00,1.253238e+01,-3.376615e+00,-8.192328e-01,-2.729170e-01
-6.487224e+00,1.766749e+01,1.297062e+01,-2.614053e+00,-7.156128e-01,-4.133854e-01
-3.545995e+00,1.653349e+01,9.754397e+00,-1.361034e+00,2.169334e-02,3.335896e-02
-3.195700e+00,4.849526e+00,4.383002e+00,-1.266381e+00,1.358992e+00,4.290686e-01
5.888688e-01,9.871926e+00,4.619966e+00,-1.224758e+00,2.041609e+00,6.414072e-01
8.471702e+00,1.153302e+01,3.671346e+00,-1.114025e+00,5.211088e-01,4.073289e-03
3.118865e+00,7.008264e+00,3.958894e+00,-1.150178e+00,-7.061748e-01,-2.737357e-01
-7.175541e-01,1.020804e+01,4.278360e+00,-1.215212e+00,-9.556970e-01,-2.896951e-01
-1.455064e+00,1.074098e+01,3.312553e+00,-1.130467e+00,-8.298924e-01,-2.733479e-01
-5.504336e-01,8.987196e+00,1.576127e+00,-1.160688e+00,-8.169966e-01,-2.275234e-01
-1.646887e+00,7.740087e+00,1.687393e+00,-1.320429e+00,-8.123129e-01,-2.022314e-01
-4.224540e-01,7.356402e+00,2.977576e+00,-1.496606e+00,-6.009637e-01,-1.190749e-01
2.895707e+00,8.508403e+00,3.971222e+00,-1.629729e+00,-5.891632e-01,-7.592539e-02
2.164575e+00,8.497603e+00,2.366814e+00,-1.877615e+00,-9.072621e-01,-8.592468e-03
9.684059e-01,7.897588e+00,1.403371e+00,-2.186684e+00,-1.029732e+00,7.273687e-02
-7.579376e-01,9.587678e+00,1.077789e+00,-2.663537e+00,-1.155427e+00,2.203771e-01
-5.820325e-01,9.891404e+00,2.506109e+00,-2.970662e+00,-9.116546e-01,4.820245e-01
6.188186e+00,1.191775e+01,1.890435e+00,-3.372845e+00,-8.694160e-01,6.567528e-01
8.660804e+00,1.855956e+01,-4.283058e+00,-3.818695e+00,-2.075865e+00,4.399461e-01
-1.503037e+00,1.356488e+01,4.991739e+00,-4.342432e+00,-4.263553e+00,-4.672799e-01
-6.419607e+00,1.664769e+01,1.500202e+01,-4.656337e+00,-4.088471e+00,-4.242283e-01
-7.846217e+00,2.619539e+01,1.723876e+01,-2.681473e+00,-2.093267e+00,5.278670e-02
-2.490337e+00,3.102619e+00,1.677265e+01,-6.342300e-01,-3.425510e-01,1.858039e-01
6.949809e+00,1.559869e+00,9.441257e+00,-6.188978e-01,1.205362e+00,-1.920231e-01
7.514167e+00,9.123710e+00,7.786510e+00,7.556495e-01,7.098042e-01,-9.018151e-01
1.961942e+00,5.330895e+00,8.182642e+00,2.400273e+00,6.867879e-01,-1.231804e+00
1.198657e+00,2.368145e+00,6.554269e+00,3.406887e+00,1.265274e+00,-1.268502e+00
1.521654e+00,1.447327e+00,7.540309e+00,4.508499e+00,2.340339e+00,-1.572346e+00
3.052746e+00,1.926168e+00,9.321680e+00,5.384702e+00,2.777129e+00,-1.470317e+00
4.990956e+00,3.645922e+00,9.976208e+00,6.282367e+00,2.715777e+00,-1.237285e+00
6.953673e+00,5.042583e+00,1.179069e+01,7.266519e+00,2.242870e+00,-1.044520e+00
9.267128e+00,6.217234e+00,1.458843e+01,8.291556e+00,8.931793e-01,-7.293198e-01
1.268432e+01,1.001978e+01,1.361662e+01,8.117121e+00,-5.199680e-01,-5.898705e-01
-1.340641e+00,6.049804e+00,6.656992e+00,6.763181e+00,-2.097619e+00,-1.563330e+00
-2.078005e+01,-1.696112e+01,7.416257e+00,4.367072e+00,-1.108259e-01,-1.465100e+00
-4.327639e+00,-2.402231e+01,2.390778e-01,-1.876247e+00,3.572402e+00,1.423148e+00
6.714446e+00,2.990721e+01,2.347415e+00,-3.882844e+00,3.231702e+00,1.573834e+00
9.687386e+00,7.700387e+00,6.806265e-01,-1.325052e+00,1.128914e+00,-5.069123e-01
4.932801e-01,-1.048045e+01,8.137039e+00,-3.190881e+00,2.463526e-01,-1.431068e-01
-3.873767e+00,5.788301e+00,1.356996e+01,-2.864053e+00,-1.760531e-02,-1.960157e-01
-4.924033e+00,2.111631e+01,1.176569e+01,-2.029466e+00,1.290557e-01,-1.454536e-01
-1.412449e+00,8.723121e+00,5.507185e+00,-9.473842e-01,9.499513e-01,1.051327e-01
-1.166037e+00,4.172914e+00,2.704850e+00,-1.154439e+00,1.644819e+00,5.773314e-01
4.291391e+00,1.233228e+01,3.478997e+00,-1.108252e+00,1.614650e+00,4.706948e-01
7.227493e+00,1.095038e+01,2.496605e+00,-1.090268e+00,3.878461e-01,-3.564386e-03
1.471706e+00,7.027171e+00,2.415967e+00,-1.209788e+00,-8.892602e-01,-2.702012e-01
-5.765722e-01,9.768917e+00,1.992040e+00,-1.418831e+00,-9.905459e-01,-2.199026e-01
-7.336718e-01,8.836286e+00,1.011836e+00,-1.588129e+00,-1.010910e+00,-2.182810e-01
-1.963844e+00,8.831148e+00,1.802113e+00,-1.742588e+00,-9.710635e-01,-2.145571e-01
-4.367644e-01,8.938363e+00,3.430931e+00,-1.821581e+00,-6.723044e-01,-9.829501e-02
1.928904e+00,8.971542e+00,5.287976e+00,-1.822840e+00,-6.128089e-01,-5.569247e-02
2.146849e+00,9.349998e+00,4.871058e+00,-1.791456e+00,-8.819734e-01,-4.110399e-02
-9.645660e-01,8.301482e+00,2.968560e+00,-1.822874e+00,-9.168368e-01,8.683892e-02
1.692384e-01,7.891816e+00,4.020764e-01,-2.258564e+00,-6.784055e-01,3.097988e-01
1.758434e+00,9.874095e+00,-1.333132e+00,-2.740612e+00,-9.340886e-01,3.587465e-01
2.820857e+00,9.717708e+00,5.738889e-01,-3.279670e+00,-1.096671e+00,5.195155e-01
8.684833e+00,1.108382e+01,4.834997e-01,-3.702292e+00,-1.354764e+00,5.538920e-01
7.382478e+00,1.810241e+01,-3.634374e+00,-4.462569e+00,-3.499696e+00,9.595929e-02
-5.692245e+00,1.418584e+01,1.006479e+01,-4.727237e+00,-5.041125e+00,-3.908722e-01
-1.111800e+01,2.309906e+01,1.923666e+01,-4.856334e+00,-3.329698e+00,4.353193e-03
-1.190670e+01,2.493727e+01,1.748037e+01,-2.437304e+00,-1.066857e+00,8.110560e-01
5.357606e-01,1.796695e+00,1.613534e+01,-3.620909e-01,2.132834e+00,7.464461e-01
1.047507e+01,4.578779e+00,8.893426e+00,-2.265010e-01,2.036782e+00,2.864581e-01
7.981485e+00,8.050568e+00,9.767740e+00,1.890217e+00,7.342161e-01,-5.046898e-01
4.211109e+00,3.516102e+00,7.829382e+00,3.270914e+00,3.531204e-01,-6.273643e-01
2.556977e+00,7.954028e-01,6.073810e+00,4.603075e+00,6.981078e-01,-8.339430e-01
2.110968e+00,7.401765e-02,8.345179e+00,5.455948e+00,1.386494e+00,-1.149054e+00
4.097562e+00,9.050119e-01,9.414594e+00,6.335068e+00,1.952165e+00,-1.101624e+00
5.353849e+00,2.938794e+00,1.072730e+01,7.049857e+00,1.958028e+00,-1.065095e+00
6.116963e+00,4.093463e+00,1.564950e+01,8.370884e+00,1.393282e+00,-9.068334e-01
8.393643e+00,6.580463e+00,1.310152e+01,8.713162e+00,1.035736e+00,-5.893260e-01
7.273875e+00,1.152429e+01,1.155714e+01,7.754195e+00,-3.422221e-01,-8.877862e-01
-1.349048e+01,4.241632e+00,8.067816e+00,5.766804e+00,-8.747204e-01,-1.477317e+00
-8.246643e+00,-1.927502e+01,-1.075662e+00,9.429904e-01,1.864316e+00,2.597741e-01
1.245155e+00,-1.048390e+01,2.446532e+00,-3.357111e+00,1.576006e+00,5.249967e-01
2.659513e+01,3.872128e+01,4.962110e+00,-2.573991e+00,1.440471e+00,1.040875e+00
3.799199e+00,-5.481632e+00,1.176540e+01,-3.910596e+00,-5.365272e-01,-1.313130e+00
2.521558e+00,-6.933138e+00,1.309693e+01,-3.317233e+00,-1.269649e+00,-2.564290e-01
-1.114282e+01,9.619947e+00,1.556915e+01,-2.702098e+00,-7.752529e-01,-6.728226e-01
-3.872500e+00,1.890017e+01,8.496663e+00,-1.463785e+00,6.858935e-01,3.576691e-01
-2.262960e+00,4.040561e+00,3.593925e+00,-1.021821e+00,1.703893e+00,4.173786e-01
3.111159e+00,8.011217e+00,3.138147e+00,-1.310592e+00,1.906279e+00,6.064243e-01
7.378442e+00,1.238271e+01,3.594221e+00,-1.298264e+00,4.832791e-01,8.728943e-02
2.055892e+00,7.211621e+00,3.895172e+00,-1.286128e+00,-7.408379e-01,-2.307283e-01
5.216850e-02,8.484273e+00,4.144779e+00,-1.412315e+00,-7.395473e-01,-1.255023e-01
3.375923e-01,1.060415e+01,2.956170e+00,-1.405144e+00,-6.981998e-01,-1.336420e-01
6.971980e-01,9.583763e+00,2.028981e+00,-1.454245e+00,-7.887095e-01,-1.735663e-01
-1.001308e-01,8.110844e+00,2.374784e+00,-1.586038e+00,-1.061586e+00,-1.789798e-01
-2.533187e+00,8.830000e+00,4.175654e+00,-1.577317e+00,-1.004474e+00,-1.656509e-01
-1.190159e+00,7.558360e+00,5.327960e+00,-1.543583e+00,-5.224501e-01,-5.400283e-02
1.243552e+00,8.404543e+00,5.590909e+00,-1.565564e+00,-4.035009e-01,1.063233e-01
1.801847e+00,8.194336e+00,3.761604e+00,-1.590700e+00,-3.640094e-01,2.757115e-01
1.572890e+00,7.871064e+00,1.981077e+00,-1.798547e+00,-4.545459e-01,3.875056e-01
3.136161e+00,1.057972e+01,-1.177678e+00,-2.419952e+00,-8.815803e-01,3.484283e-01
2.914135e+00,1.001421e+01,-6.661670e-01,-2.857124e+00,-1.181875e+00,4.002899e-01
8.937762e+00,1.188347e+01,-2.374394e+00,-3.584167e+00,-1.686250e+00,5.146040e-01
6.602116e+00,1.879889e+01,-2.459924e+00,-4.183284e+00,-3.219553e+00,2.484855e-01
-9.399612e+00,1.703166e+01,1.415102e+01,-4.839484e+00,-4.952711e+00,-2.929717e-01
-1.286086e+01,2.643590e+01,2.066888e+01,-4.551349e+00,-2.932138e+00,4.310138e-01
-9.597043e+00,1.685399e+01,1.638017e+01,-1.029094e+00,1.864093e-02,1.410017e+00
4.220691e+00,-3.197242e-01,1.572601e+01,-4.817194e-01,1.796981e+00,1.318747e+00
1.219228e+01,9.451921e+00,8.069453e+00,2.540613e-01,1.144470e+00,4.021926e-01
7.075298e+00,7.254611e+00,9.211760e+00,2.122989e+00,2.076697e-01,-5.248214e-01
2.213522e+00,1.495226e+00,6.546988e+00,3.520003e+00,1.860899e-01,-8.873671e-01
1.199999e+00,1.482627e-01,6.103476e+00,4.136741e+00,6.249832e-01,-1.150379e+00
1.919738e-01,5.855057e-02,8.441180e+00,5.110043e+00,1.738170e+00,-1.595349e+00
1.430412e+00,7.342595e-01,9.143628e+00,5.772382e+00,2.287184e+00,-1.511534e+00
2.525424e+00,1.727644e+00,1.039823e+01,6.812118e+00,2.586612e+00,-1.331364e+00
3.533685e+00,3.429561e+00,1.333827e+01,7.737555e+00,2.522982e+00,-1.194144e+00
5.450693e+00,5.367689e+00,1.565499e+01,8.706275e+00,2.004096e+00,-1.013130e+00
6.039585e+00,9.216452e+00,1.228454e+01,8.092336e+00,1.167263e+00,-5.471090e-01
-3.745490e+00,1.054231e+01,1.053715e+01,5.797160e+00,-1.281807e-01,-6.121100e-01
-9.812699e+00,-1.553390e+01,1.754509e+00,2.951898e+00,1.591802e+00,-8.451763e-01
1.453464e-01,-1.759812e+01,9.542421e-01,-2.952473e+00,2.240389e+00,5.410857e-01
5.966968e+00,2.982654e+01,6.467842e-01,-4.438553e+00,1.343530e+00,7.488837e-01
-3.414290e-01,-9.601046e-01,1.168715e+00,-3.918443e-01,1.859308e-01,-1.062286e+00
-7.300832e+00,-1.315173e+01,1.003722e+01,-3.236721e+00,7.352541e-01,-8.351597e-02
4.821866e+00,5.907543e+00,1.023375e+01,-2.938056e+00,1.219619e+00,3.020752e-01
1.989929e-01,1.770580e+01,1.052351e+01,-2.538060e+00,-5.589978e-01,-1.029240e+00
-2.361909e+00,8.149739e+00,7.056892e+00,-1.465043e+00,-1.078621e+00,-3.374475e-01
-7.914204e+00,4.386377e+00,3.809309e+00,-1.574827e+00,-7.859597e-02,1.234343e-01
-2.628015e+00,1.131386e+01,6.117156e+00,-1.365982e+00,2.197749e+00,6.991680e-01
6.869928e+00,1.255889e+01,4.440020e+00,-1.270677e+00,1.800734e+00,4.944334e-01
6.426675e+00,6.461568e+00,2.819661e+00,-1.254697e+00,-2.750708e-01,-1.385249e-01
1.610228e+00,8.548043e+00,4.105095e+00,-1.408966e+00,-1.066197e+00,-2.745481e-01
-1.343889e+00,1.052923e+01,4.004914e+00,-1.371497e+00,-9.692102e-01,-3.684702e-01
-1.524363e+00,9.182153e+00,2.680510e+00,-1.344444e+00,-6.648708e-01,-2.208235e-01
-8.756114e-01,8.819757e+00,3.272356e+00,-1.407671e+00,-4.331898e-01,-1.022668e-01
1.081651e+00,8.820295e+00,3.827741e+00,-1.458232e+00,-3.896812e-01,-6.276232e-02
2.094266e+00,8.736017e+00,4.958052e+00,-1.495953e+00,-6.390156e-01,-9.776370e-02
1.599608e+00,8.798666e+00,3.006900e+00,-1.569052e+00,-7.604886e-01,-2.578535e-02
1.455703e+00,7.764695e+00,8.202657e-01,-1.931605e+00,-9.172721e-01,1.300612e-01
4.660207e-01,8.922090e+00,-1.028864e+00,-2.438481e+00,-1.212276e+00,2.071001e-01
-7.724382e-01,9.400980e+00,4.295060e-01,-2.935467e+00,-1.177704e+00,3.406899e-01
1.760689e+00,9.512420e+00,1.376799e+00,-3.303185e+00,-9.206508e-01,6.757711e-01
8.995343e+00,1.517766e+01,-2.410714e+00,-3.899081e+00,-1.926912e+00,6.033986e-01
2.984733e+00,1.735199e+01,-8.402983e-01,-4.302750e+00,-3.599361e+00,2.408235e-03
-5.715673e+00,1.858035e+01,1.435809e+01,-4.720330e+00,-3.941041e+00,-2.492570e-01
-6.438362e+00,2.704640e+01,1.774197e+01,-4.019417e+00,-2.398172e+00,-2.560755e-02
-1.971932e+00,9.328038e+00,1.666415e+01,-7.672561e-01,7.894461e-02,3.799609e-01
5.219406e+00,4.135777e-01,1.355990e+01,-8.589356e-01,1.037593e+00,-5.492252e-02
7.539257e+00,9.309407e+00,8.074816e+00,4.245225e-01,4.506094e-01,-9.167339e-01
2.252731e+00,6.213301e+00,9.557593e+00,1.909496e+00,3.005277e-01,-1.382882e+00
1.440671e+00,2.406565e+00,7.181485e+00,3.679147e+00,1.010361e+00,-1.431173e+00
1.447674e+00,5.045532e-02,7.655972e+00,4.433553e+00,1.664352e+00,-1.669552e+00
2.536620e+00,1.093647e+00,8.743728e+00,5.439598e+00,2.376019e+00,-1.604003e+00
3.678966e+00,1.947452e+00,9.657452e+00,6.225329e+00,2.521688e+00,-1.451942e+00
5.606037e+00,3.502779e+00,1.191949e+01,7.252009e+00,2.232384e+00,-1.294627e+00
7.147780e+00,5.344267e+00,1.573578e+01,8.108261e+00,1.630538e+00,-1.066147e+00
8.397829e+00,8.514357e+00,1.327895e+01,8.168100e+00,2.717358e-01,-6.102947e-01
4.522028e+00,1.005268e+01,9.263572e+00,6.973537e+00,-9.856933e-01,-8.922930e-01
-1.803285e+01,-8.576729e+00,9.240116e+00,4.523735e+00,8.231781e-01,-1.145087e+00
-1.028600e+01,-1.977492e+01,-1.261985e+00,9.124494e-01,3.727185e+00,5.697457e-01
5.832130e+00,-3.674504e+00,9.121852e+00,-4.299418e+00,3.537740e+00,1.213434e+00
2.288525e+01,3.544297e+01,-2.258282e+00,-1.367406e+00,3.115764e+00,2.078374e+00
1.201488e+00,-7.039976e+00,6.656137e+00,-1.656156e+00,4.961970e-02,-1.516714e+00
2.284867e+00,-6.882727e+00,9.534282e+00,-3.295898e+00,2.048964e-01,2.703280e-01
-4.673209e+00,1.688776e+01,1.241273e+01,-2.731916e+00,1.865575e-01,-2.875899e-01
-1.824470e+00,1.945150e+01,1.006240e+01,-1.576839e+00,4.475223e-01,6.080559e-02
-3.716595e+00,4.933462e+00,6.451663e+00,-1.195254e+00,1.510526e+00,3.524881e-01
4.910777e+00,1.035538e+01,3.711541e+00,-1.100185e+00,2.017228e+00,5.798745e-01
7.858569e+00,1.177160e+01,2.751781e+00,-1.101734e+00,4.422095e-01,-4.409176e-02
4.778674e+00,8.736903e+00,1.971416e+00,-1.209958e+00,-8.707249e-01,-3.651987e-01
-6.097835e-01,1.031314e+01,2.274162e+00,-1.336782e+00,-1.351386e+00,-4.239911e-01
-1.520647e+00,9.814030e+00,2.151524e+00,-1.390354e+00,-1.267715e+00,-3.759611e-01
-2.361037e+00,8.034147e+00,1.653445e+00,-1.519522e+00,-1.099685e+00,-2.372236e-01
-2.371132e+00,8.248785e+00,1.894476e+00,-1.645025e+00,-9.584853e-01,-1.771333e-01
4.667186e-01,7.610681e+00,3.802387e+00,-1.780805e+00,-7.805801e-01,-1.195395e-01
1.441632e+00,8.029238e+00,4.801683e+00,-1.858483e+00,-8.488652e-01,-8.830344e-02
1.719339e+00,8.381344e+00,3.474237e+00,-1.910988e+00,-9.025269e-01,-3.935365e-02
1.991975e+00,7.302745e+00,2.723776e+00,-2.028530e+00,-8.923237e-01,6.741868e-02
3.771672e+00,9.117810e+00,5.777441e-01,-2.489394e+00,-1.154972e+00,2.837170e-01
1.684444e+00,9.458046e+00,-2.930964e-01,-2.828918e+00,-1.521990e+00,3.354686e-01
1.699121e+00,1.139977e+01,2.708222e-01,-3.298976e+00,-1.558267e+00,5.654117e-01
3.008903e+00,1.411810e+01,-2.322065e+00,-3.778750e+00,-2.071774e+00,5.391656e-01
-4.715753e+00,1.546135e+01,5.900421e+00,-4.380252e+00,-2.977700e+00,-2.833248e-02
-5.569625e+00,1.780016e+01,1.248597e+01,-4.642210e+00,-2.609679e+00,1.816731e-01
-5.188155e+00,2.623800e+01,1.651261e+01,-2.609806e+00,-1.140414e+00,4.215716e-01
-1.927146e+00,9.698114e+00,1.515039e+01,-3.243516e-01,4.560246e-01,6.400465e-01
7.934870e+00,3.359368e+00,8.681190e+00,-3.189426e-01,1.278912e+00,3.290068e-01
7.239643e+00,8.933639e+00,8.076810e+00,5.158739e-01,8.446112e-01,-8.513301e-02
1.405355e+00,5.308427e+00,9.540296e+00,2.481314e+00,8.812900e-01,-6.069011e-01
9.414613e-01,3.356848e+00,7.818903e+00,3.488930e+00,1.460375e+00,-6.500682e-01
2.197957e+00,1.509327e+00,7.666266e+00,4.630897e+00,2.146444e+00,-8.090973e-01
4.232628e+00,1.521137e+00,9.318301e+00,5.400789e+00,2.325961e+00,-7.665136e-01
5.684464e+00,2.733152e+00,1.021844e+01,6.593700e+00,1.863216e+00,-5.504022e-01
6.623392e+00,3.782151e+00,1.128126e+01,7.510380e+00,1.123033e+00,-4.405802e-01
6.379186e+00,6.715942e+00,1.572787e+01,8.341907e+00,3.253271e-01,-3.755029e-01
7.718300e+00,1.016910e+01,1.244552e+01,8.351200e+00,-1.891925e-01,-3.557444e-01
-1.243941e+00,7.690805e+00,6.277304e+00,6.660078e+00,-7.878890e-01,-1.321406e+00
-1.372471e+01,-5.614902e+00,9.836863e+00,4.362747e+00,1.083814e+00,-1.128789e+00
-2.586462e+00,-1.721979e+01,-7.854714e-01,-4.132292e-01,2.201532e+00,5.978173e-01
2.256743e+00,7.334879e+00,4.391406e+00,-3.676038e+00,1.879233e+00,4.843841e-01
2.362468e+01,3.307758e+01,2.603169e+00,-2.225756e+00,7.479112e-01,2.859819e-01
3.426272e+00,-3.827980e+00,7.384581e+00,-3.465346e+00,-6.099774e-01,-1.037626e+00
-2.805520e+00,-2.922862e+00,1.271997e+01,-3.498360e+00,-9.340484e-01,-6.548435e-02
-9.506659e+00,1.937316e+01,1.292271e+01,-2.968864e+00,-5.257065e-01,-5.406092e-01
-3.936670e+00,1.554182e+01,8.837702e+00,-1.451276e+00,9.723552e-01,3.220308e-01
-2.490014e+00,2.703240e+00,4.932663e+00,-1.353192e+00,1.844202e+00,5.410054e-01
5.841758e+00,1.110866e+01,4.891106e+00,-1.412593e+00,1.946047e+00,5.816817e-01
8.682084e+00,1.287199e+01,4.951298e+00,-1.312843e+00,7.034687e-01,8.400330e-02
2.788636e+00,7.036335e+00,4.754658e+00,-1.300581e+00,-7.149606e-01,-2.178904e-01
4.587432e-01,1.004023e+01,5.006286e+00,-1.312173e+00,-8.899986e-01,-2.453013e-01
-2.683372e-01,1.045371e+01,3.995738e+00,-1.197489e+00,-7.616449e-01,-2.482263e-01
-4.438276e-01,9.562292e+00,3.363550e+00,-1.151040e+00,-7.471054e-01,-2.281630e-01
-2.364624e+00,8.315011e+00,3.475535e+00,-1.129501e+00,-8.120245e-01,-1.565888e-01
-2.619785e+00,8.157914e+00,3.405583e+00,-1.169664e+00,-5.946223e-01,-1.030946e-01
7.703717e-01,7.539080e+00,3.819939e+00,-1.244880e+00,-4.789499e-01,-8.079774e-02
3.217376e+00,8.224035e+00,2.804785e+00,-1.370351e+00,-6.567132e-01,-1.360261e-01
2.273385e+00,7.997116e+00,9.673970e-01,-1.677993e+00,-1.060568e+00,-8.540654e-02
1.260434e+00,9.140937e+00,-2.320762e-01,-2.137263e+00,-1.331583e+00,-1.127597e-02
-2.241047e+00,9.089873e+00,7.463485e-01,-2.671480e+00,-1.202809e+00,2.599841e-01
-6.693279e-01,9.417496e+00,1.399401e+00,-3.032071e+00,-6.789945e-01,6.431186e-01
7.264544e+00,1.395084e+01,-2.352445e+00,-3.587272e+00,-1.326622e+00,6.264887e-01
3.888538e+00,1.721692e+01,-1.846917e+00,-3.995425e+00,-2.507201e+00,2.710517e-01
-2.272290e+00,1.546101e+01,9.236970e+00,-4.677565e+00,-3.690973e+00,-8.771768e-02
-3.631789e+00,2.294069e+01,1.580622e+01,-4.280395e+00,-2.800510e+00,2.260569e-03
-5.710116e+00,1.446172e+01,1.672555e+01,-1.590216e+00,-1.221187e+00,3.212729e-01
8.274030e-01,2.708423e+00,1.646657e+01,-9.740192e-01,4.523023e-01,4.557274e-01
5.852460e+00,9.709843e+00,8.106178e+00,1.902411e-01,5.973605e-01,1.098792e-01
7.077430e-01,6.892762e+00,1.169751e+01,1.775196e+00,9.459340e-01,-5.145624e-01
2.409050e+00,2.717126e+00,8.694300e+00,3.251155e+00,1.816416e+00,-8.571511e-01
3.732407e+00,1.483969e+00,8.504021e+00,4.318915e+00,2.187613e+00,-1.283229e+00
5.672805e+00,1.060397e+00,8.546402e+00,5.648559e+00,2.033109e+00,-1.423103e+00
6.333064e+00,9.746129e-01,8.655896e+00,6.394483e+00,1.564759e+00,-1.396786e+00
6.820177e+00,2.853892e+00,9.922920e+00,7.242365e+00,7.126161e-01,-1.453290e+00
5.366693e+00,4.356135e+00,1.500338e+01,7.991912e+00,1.843146e-01,-1.575922e+00
5.446890e+00,8.698617e+00,1.309259e+01,8.361149e+00,-4.414253e-02,-1.468791e+00
2.926284e+00,1.168309e+01,1.211623e+01,7.503335e+00,-7.688208e-01,-1.279088e+00
-1.463241e+01,8.206915e-01,1.094549e+01,5.359428e+00,2.099183e-01,-8.844244e-01
-1.396444e+01,-2.027876e+01,4.099377e-01,2.206140e+00,2.612531e+00,-2.157103e-01
3.621157e+00,-1.116920e+01,6.701829e+00,-3.973726e+00,3.029818e+00,1.052255e+00
1.421003e+01,3.740384e+01,-1.556406e+00,-2.940515e+00,2.591025e+00,1.775393e+00
2.274055e+00,-1.804971e+00,3.951240e+00,-9.078922e-01,5.285811e-01,-1.235758e+00
-1.362549e+00,-9.347947e+00,9.998972e+00,-3.039089e+00,9.946840e-01,6.167405e-01
5.411045e-01,1.031030e+01,9.486909e+00,-2.529360e+00,7.859282e-01,-2.711682e-02
-1.431417e+00,2.014805e+01,1.007776e+01,-2.182504e+00,1.164182e-01,-4.366933e-01
-1.034861e+00,3.966966e+00,4.197847e+00,-1.232906e+00,8.170853e-02,-2.225935e-01
-3.507507e+00,6.293290e+00,2.870000e+00,-1.510802e+00,6.203001e-01,2.423987e-01
-1.479910e-01,1.176495e+01,3.650838e+00,-1.334094e+00,1.532358e+00,4.023200e-01
4.987434e+00,9.546633e+00,2.659495e+00,-1.300000e+00,1.040440e+00,1.531726e-01
1.948419e+00,7.101490e+00,2.817704e+00,-1.384983e+00,-1.220039e-01,-1.542940e-01
3.340426e-01,9.472583e+00,3.544711e+00,-1.534098e+00,-2.368746e-01,-1.237499e-01
1.514738e-01,9.311455e+00,3.000953e+00,-1.537514e+00,-2.050974e-01,-2.382819e-01
1.253449e+00,8.086134e+00,2.794700e+00,-1.634282e+00,-3.707301e-01,-2.703637e-01
1.496821e-01,9.743269e+00,3.577639e+00,-1.716703e+00,-6.696336e-01,-3.671062e-01
1.332577e+00,8.922147e+00,4.884632e+00,-1.701565e+00,-6.526982e-01,-3.355333e-01
1.757315e+00,8.900000e+00,5.460739e+00,-1.696667e+00,-6.619656e-01,-2.291979e-01
1.772578e+00,8.565664e+00,3.599599e+00,-1.754056e+00,-7.187101e-01,-1.395837e-01
1.795001e+00,7.304186e+00,1.826513e+00,-2.160014e+00,-1.048024e+00,-1.706119e-02
-8.510347e-02,1.095586e+01,1.432804e-01,-2.614180e+00,-1.383343e+00,3.826464e-02
-1.570196e+00,1.036566e+01,1.338106e+00,-2.981194e+00,-1.301606e+00,1.920378e-01
4.176854e+00,1.089127e+01,1.039508e+00,-3.323792e+00,-9.857862e-01,4.692283e-01
1.206270e+01,1.775905e+01,-4.701452e+00,-4.073432e+00,-2.610924e+00,1.178949e-01
3.775028e+00,1.465294e+01,1.868754e+00,-4.504022e+00,-4.785290e+00,-7.481506e-01
-7.528520e+00,1.778686e+01,1.634151e+01,-4.879910e+00,-4.979786e+00,-7.869041e-01
-1.463205e+01,2.774087e+01,1.958584e+01,-3.691419e+00,-3.101871e+00,-3.246033e-01
-6.104335e+00,7.099276e+00,1.683222e+01,-7.099847e-01,1.003877e+00,5.655556e-01
5.709403e+00,3.092732e+00,1.127198e+01,-6.085797e-01,2.088938e+00,1.562631e-01
9.491872e+00,8.978481e+00,9.845647e+00,1.179186e+00,1.272513e+00,-6.206381e-01
5.020433e+00,4.686047e+00,8.353349e+00,2.606929e+00,7.101329e-01,-1.040152e+00
2.865942e+00,1.142494e+00,6.511785e+00,3.955614e+00,9.542410e-01,-1.581570e+00
1.276383e+00,6.391481e-01,7.704192e+00,4.738706e+00,1.748866e+00,-1.983419e+00
3.710208e+00,1.881979e+00,8.840087e+00,5.711610e+00,2.396140e+00,-1.886953e+00
5.227685e+00,3.334278e+00,9.954938e+00,6.547174e+00,2.399007e+00,-1.717019e+00
7.042835e+00,4.800205e+00,1.352474e+01,7.921912e+00,1.693578e+00,-1.306531e+00
7.018213e+00,5.960850e+00,1.479858e+01,8.603604e+00,1.065339e+00,-9.534715e-01
8.495086e+00,1.026228e+01,1.355068e+01,8.325926e+00,1.995931e-01,-3.417104e-01
-3.277961e+00,6.077976e+00,7.428513e+00,7.281050e+00,-4.847726e-01,-6.601126e-01
-1.767640e+01,-1.544031e+01,3.795145e+00,3.551634e+00,2.520971e+00,-1.301054e-01
-1.802034e+00,-2.303966e+01,9.543965e-02,-1.004319e+00,4.153858e+00,1.489453e+00
1.650173e+01,2.717066e+01,1.909548e+00,-3.963337e+00,2.910730e+00,1.465990e+00
2.190943e+01,2.445165e+01,-3.493600e-02,-7.949758e-01,3.488610e-01,-3.227664e-01
-4.824657e+00,-1.231558e+01,1.042806e+01,-3.194195e+00,-1.494035e+00,-7.381658e-01
-3.557484e+00,2.011322e+00,1.231528e+01,-3.258767e+00,-6.231257e-01,2.326226e-01
-9.570404e+00,2.093337e+01,1.184618e+01,-2.543867e+00,3.461227e-01,-4.424100e-01
-1.634266e+00,1.486149e+01,7.774380e+00,-1.393007e+00,1.420951e+00,5.028064e-01
9.873963e-01,3.797269e+00,3.628664e+00,-1.481743e+00,1.880270e+00,5.658902e-01
4.666779e+00,1.200994e+01,4.033319e+00,-1.410477e+00,1.710051e+00,5.155487e-01
6.492792e+00,1.105429e+01,3.585867e+00,-1.310179e+00,1.630671e-01,-8.803893e-02
1.764943e+00,7.208857e+00,3.500923e+00,-1.314244e+00,-6.746139e-01,-3.422774e-01
-2.700000e-01,9.632509e+00,3.744320e+00,-1.459723e+00,-7.083422e-01,-2.401845e-01
-2.226227e-01,9.583934e+00,3.047339e+00,-1.460780e+00,-6.792576e-01,-2.670354e-01
-5.014120e-01,9.024810e+00,2.202454e+00,-1.568299e+00,-8.483530e-01,-2.809655e-01
-4.088630e-01,9.172028e+00,3.033026e+00,-1.646095e+00,-7.844249e-01,-2.522606e-01
3.442260e+00,9.340172e+00,4.408385e+00,-1.667158e+00,-8.192944e-01,-2.383057e-01
2.322623e+00,9.181654e+00,4.457481e+00,-1.697685e+00,-1.239772e+00,-2.682274e-01
4.591230e-01,8.417882e+00,6.036732e-01,-1.967986e+00,-1.406920e+00,-1.957926e-01
-6.005474e-01,9.840095e+00,-2.152667e+00,-2.441001e+00,-1.562438e+00,-3.127410e-02
-3.309807e+00,1.019417e+01,1.242558e+00,-3.071683e+00,-1.222127e+00,3.109598e-01
2.293104e+00,1.099032e+01,1.611272e+00,-3.382494e+00,-5.097843e-01,7.554798e-01
1.185299e+01,1.385325e+01,-2.950736e+00,-3.803685e+00,-1.164942e+00,6.239039e-01
7.052195e+00,1.667360e+01,-3.806930e+00,-4.276546e+00,-3.196120e+00,5.335407e-02
-5.921285e+00,1.683645e+01,1.189295e+01,-4.969687e+00,-4.631750e+00,-3.849829e-01
-9.095896e+00,2.808279e+01,1.694852e+01,-4.427774e+00,-3.223716e+00,-4.277106e-02
-9.398794e+00,1.131754e+01,1.842509e+01,-8.214347e-01,2.255270e-02,7.131756e-01
5.461549e+00,3.464849e+00,1.206115e+01,-9.256072e-01,1.864275e+00,4.747177e-01
9.948515e+00,1.129668e+01,8.774149e+00,6.758632e-01,1.205468e+00,-3.377698e-01
5.140857e+00,6.595100e+00,1.047554e+01,2.466889e+00,7.939381e-01,-1.029500e+00
3.132646e+00,2.894224e+00,7.953255e+00,4.240197e+00,1.041565e+00,-1.367664e+00
2.726056e+00,1.189861e+00,9.144946e+00,5.148555e+00,1.531902e+00,-1.654369e+00
5.197651e+00,1.248104e+00,8.827190e+00,6.220128e+00,1.886154e+00,-1.543104e+00
6.321886e+00,1.654503e+00,1.025689e+01,6.989152e+00,1.647295e+00,-1.480294e+00
7.385215e+00,3.271595e+00,1.343230e+01,8.222882e+00,7.318438e-01,-1.431772e+00
7.088120e+00,5.715990e+00,1.380184e+01,8.674128e+00,-3.280836e-02,-1.146702e+00
1.654051e+00,1.193056e+01,1.400388e+01,7.987340e+00,-1.137177e+00,-9.656653e-01
-8.699173e+00,5.358114e+00,7.676527e+00,6.536060e+00,-2.806422e-01,-1.278577e+00
-1.644110e+01,-1.906380e+01,6.706237e+00,2.000424e+00,4.682817e+00,3.349680e-01
3.624364e+00,-1.674504e+01,4.997368e+00,-2.332635e+00,5.037411e+00,1.780082e+00
1.173016e+01,3.570103e+01,-1.302265e+00,-2.818055e+00,3.886184e+00,1.533112e+00
1.567110e+01,1.637728e+01,5.250370e+00,-1.931826e+00,1.747466e+00,3.887154e-01
5.290592e+00,-1.110470e+01,1.057596e+01,-3.759959e+00,-1.001606e+00,-6.544593e-01
-5.495586e+00,1.713645e+00,1.576570e+01,-3.951041e+00,-1.642257e+00,-8.502256e-01
-8.555906e+00,2.066837e+01,1.340756e+01,-2.335057e+00,-1.338055e+00,-3.612389e-01
-9.607531e+00,5.945009e+00,9.382238e+00,-1.597148e+00,4.173844e-01,1.637967e-01
-3.275922e+00,5.436172e+00,6.432262e+00,-1.256020e+00,2.916601e+00,1.018589e+00
9.007581e+00,1.176389e+01,5.966601e+00,-1.243024e+00,2.578848e+00,6.910215e-01
9.813896e+00,8.729392e+00,4.057412e+00,-1.137711e+00,3.843892e-01,7.861078e-02
4.761975e+00,8.002907e+00,4.113401e+00,-1.191080e+00,-1.007453e+00,-3.167264e-01
-1.082805e+00,1.103605e+01,4.022504e+00,-1.124118e+00,-1.349360e+00,-4.801270e-01
-2.928475e+00,1.013827e+01,3.075144e+00,-1.047070e+00,-1.109757e+00,-3.974044e-01
-3.889951e+00,7.926206e+00,2.123177e+00,-1.107934e+00,-7.158471e-01,-1.944624e-01
-1.434475e+00,7.097943e+00,1.772132e+00,-1.276128e+00,-3.652862e-01,-1.136951e-01
2.175378e+00,7.799671e+00,3.335296e+00,-1.490059e+00,-3.941201e-01,-8.511731e-02
1.937846e+00,8.397446e+00,3.089232e+00,-1.705345e+00,-4.682381e-01,4.667959e-02
1.497469e+00,8.770941e+00,-1.380523e+00,-2.165738e+00,-4.938443e-01,2.488893e-01
2.649065e+00,9.612590e+00,-2.134676e+00,-2.675911e+00,-7.602027e-01,2.179985e-01
1.437069e+00,9.687684e+00,4.648243e-01,-3.411479e+00,-1.075767e+00,4.366649e-01
6.917121e+00,1.265339e+01,2.089066e-01,-3.806664e+00,-1.278524e+00,6.263331e-01
2.748211e+00,1.900988e+01,-1.964062e+00,-4.341954e+00,-2.946629e+00,1.716588e-01
-3.110581e+00,1.353674e+01,7.272417e+00,-4.805321e+00,-4.044316e+00,-4.944513e-01
-3.171598e+00,2.631403e+01,1.645949e+01,-4.338290e+00,-2.884017e+00,-2.983106e-01
-6.177797e+00,2.197515e+01,1.717795e+01,-1.508716e+00,-1.716716e+00,-3.264263e-01
1.966948e+00,6.271579e-01,1.429716e+01,-8.369889e-01,3.118386e-01,-3.488256e-01
6.722847e+00,1.019859e+01,7.640720e+00,-9.852829e-02,5.199567e-01,-6.956248e-01
3.334783e-01,7.358879e+00,1.185594e+01,2.482880e+00,7.971985e-01,-1.181949e+00
-1.559496e-01,4.693196e+00,9.962663e+00,3.930091e+00,1.602144e+00,-9.531553e-01
1.352100e+00,5.876047e-01,9.763905e+00,5.089746e+00,2.452255e+00,-1.061609e+00
2.303638e+00,5.959325e-01,9.769101e+00,5.854497e+00,2.904463e+00,-1.015231e+00
3.816487e+00,8.943777e-01,1.090514e+01,6.911592e+00,2.857887e+00,-6.254880e-01
5.915229e+00,2.488026e+00,1.166818e+01,7.747416e+00,2.231630e+00,-4.564034e-01
7.823956e+00,5.626840e+00,1.456023e+01,8.577812e+00,1.037116e+00,-3.156069e-01
9.393172e+00,9.446813e+00,1.345413e+01,8.451102e+00,1.722900e-01,-4.058260e-01
-2.796449e-01,5.099199e+00,5.820200e+00,6.446101e+00,-9.896703e-01,-1.835115e+00
-1.677353e+01,-4.553319e+00,4.833568e+00,4.099916e+00,8.308335e-01,-1.371051e+00
-5.224187e+00,-2.166636e+01,-8.374706e-01,-1.010783e+00,2.733109e+00,5.128259e-01
1.638397e+00,-5.761282e+00,1.220690e+01,-4.267674e+00,2.984169e+00,5.754698e-01
3.762458e+01,3.936288e+01,-1.052647e+00,-4.638275e-01,2.963862e+00,2.271569e+00
6.487501e+00,-4.856677e+00,5.211855e-01,-2.008036e+00,1.335776e-01,-2.213264e+00
2.535715e+00,-2.137326e+00,1.268799e+01,-3.748157e+00,2.346005e-01,7.114189e-01
-8.478570e+00,1.273483e+01,1.562195e+01,-3.139930e+00,-3.756373e-01,-9.567847e-01
-2.966229e+00,2.038427e+01,1.042800e+01,-1.447475e+00,1.368627e-01,2.027315e-01
-1.407116e+00,3.278138e+00,5.385068e+00,-1.272755e+00,1.181018e+00,3.143913e-01
-6.618201e-01,9.790120e+00,4.167899e+00,-1.226728e+00,2.225523e+00,8.156812e-01
6.825764e+00,1.332885e+01,3.740419e+00,-1.207739e+00,1.952242e+00,5.033693e-01
5.916903e+00,8.026580e+00,1.845254e+00,-1.193240e+00,-9.357200e-02,-1.898203e-01
2.261185e+00,7.307596e+00,2.421115e+00,-1.430620e+00,-6.473320e-01,-1.664275e-01
2.795214e-01,1.093918e+01,2.129880e+00,-1.542850e+00,-9.126848e-01,-2.710617e-01
-5.401903e-01,8.969408e+00,1.463066e+00,-1.637466e+00,-9.888889e-01,-3.074723e-01
-1.045612e+00,8.441957e+00,1.672952e+00,-1.856204e+00,-9.603737e-01,-2.916955e-01
-5.930035e-01,8.116847e+00,2.831861e+00,-1.928042e+00,-8.274461e-01,-2.462492e-01
2.518216e+00,8.709131e+00,6.042723e+00,-1.950309e+00,-8.622054e-01,-2.275215e-01
1.925215e+00,8.830939e+00,4.242344e+00,-1.999273e+00,-1.009058e+00,-1.325048e-01
6.906787e-01,8.380975e+00,1.778294e+00,-2.278277e+00,-1.059266e+00,1.227716e-01
1.251765e+00,9.993956e+00,-3.136894e-01,-2.678926e+00,-1.234195e+00,1.847353e-01
1.086122e+00,1.025986e+01,1.416626e+00,-3.108375e+00,-1.388025e+00,3.652705e-01
6.801627e+00,1.106501e+01,1.589446e-01,-3.505546e+00,-1.504647e+00,4.564203e-01
5.819938e+00,1.752262e+01,-3.232914e+00,-4.217782e+00,-3.633886e+00,-4.610497e-02
-4.704546e+00,1.464519e+01,6.790211e+00,-4.704129e+00,-4.860630e+00,-3.447000e-01
-1.114405e+01,2.783911e+01,1.730749e+01,-4.669580e+00,-3.301902e+00,4.270774e-03
-1.354217e+01,2.402456e+01,1.699341e+01,-2.248736e+00,-1.232322e+00,7.567013e-01
2.665138e+00,1.368792e-01,1.643298e+01,-3.977347e-01,2.341081e+00,1.023784e+00
1.085334e+01,4.883494e+00,1.010013e+01,-6.053742e-02,2.216433e+00,6.315413e-01
9.616122e+00,7.214625e+00,9.489692e+00,2.074602e+00,8.672197e-01,-2.372691e-01
5.746281e+00,3.156642e+00,7.285884e+00,3.302947e+00,1.835765e-01,-6.446139e-01
2.164478e+00,7.797411e-01,6.415473e+00,4.484374e+00,4.043960e-01,-1.264076e+00
1.768625e+00,3.249460e-01,7.990201e+00,5.281258e+00,1.157066e+00,-1.636958e+00
3.827457e+00,1.694261e+00,9.274557e+00,6.196333e+00,1.589046e+00,-1.593832e+00
4.657198e+00,3.101423e+00,1.027559e+01,6.947374e+00,1.622135e+00,-1.589081e+00
6.637009e+00,4.081335e+00,1.531239e+01,8.164949e+00,1.135081e+00,-1.512428e+00
7.900016e+00,7.306125e+00,1.488446e+01,8.519981e+00,4.357534e-01,-1.311686e+00
8.373596e-01,1.051950e+01,9.873145e+00,7.615202e+00,-7.059152e-01,-1.619319e+00
-1.656693e+01,1.750693e-03,6.681765e+00,5.617159e+00,-3.915474e-01,-1.839227e+00
-8.642807e+00,-2.411975e+01,-1.371291e+00,3.432559e-01,3.525108e+00,5.043690e-01
1.817201e+00,-1.559135e+01,6.149938e+00,-3.960234e+00,3.508084e+00,1.060520e+00
3.707827e+01,3.930808e+01,-3.096884e-01,-1.852316e+00,3.502604e+00,2.220797e+00
4.507063e+00,-4.551701e+00,8.133563e+00,-2.838894e+00,-7.510283e-02,-1.511690e+00
-4.272147e+00,-4.238034e+00,1.267709e+01,-3.541178e+00,-4.110549e-01,1.698191e-01
-8.976210e+00,1.288682e+01,1.449808e+01,-2.991440e+00,-3.794638e-01,-6.357581e-01
1.144440e+00,1.557341e+01,9.330063e+00,-1.826572e+00,1.565891e-01,5.296432e-02
-2.182327e+00,4.029333e+00,5.988873e+00,-1.475755e+00,7.737306e-01,2.350530e-01
-7.060208e-01,8.764047e+00,6.374733e+00,-1.457490e+00,2.004970e+00,6.118259e-01
8.035825e+00,1.308103e+01,5.994868e+00,-1.266236e+00,1.118569e+00,2.377618e-01
4.199143e+00,7.501781e+00,4.664110e+00,-1.139944e+00,-6.609615e-01,-2.810459e-01
1.526329e+00,7.954486e+00,4.618776e+00,-1.158464e+00,-1.164053e+00,-3.466667e-01
-1.695715e+00,1.125626e+01,3.210136e+00,-1.074130e+00,-1.098628e+00,-4.305057e-01
-1.732662e+00,1.018372e+01,1.605473e+00,-1.099216e+00,-8.829916e-01,-3.045054e-01
-1.686369e+00,7.682622e+00,5.356282e-01,-1.336955e+00,-6.634471e-01,-2.092112e-01
9.223211e-01,7.950770e+00,2.536328e+00,-1.519950e+00,-6.363844e-01,-2.011227e-01
2.265021e+00,8.720443e+00,3.141494e+00,-1.803056e+00,-9.650790e-01,-1.803326e-01
-2.079600e-01,7.733528e+00,1.966588e+00,-2.044559e+00,-1.070421e+00,4.730774e-02
9.516297e-01,1.035273e+01,-5.780048e-01,-2.570125e+00,-1.001763e+00,2.538793e-01
-3.419739e-02,1.057545e+01,2.932150e-01,-2.963567e+00,-1.116921e+00,3.616914e-01
3.276265e+00,1.110000e+01,1.579215e+00,-3.450939e+00,-8.091034e-01,7.368484e-01
1.006762e+01,1.431961e+01,-2.265538e+00,-3.820897e+00,-1.565309e+00,6.133486e-01
3.048357e-01,1.511757e+01,1.164633e+00,-4.369649e+00,-3.699618e+00,-5.256192e-02
-7.957240e+00,1.499046e+01,1.120976e+01,-4.867581e+00,-4.385911e+00,-2.624246e-01
-9.966928e+00,2.978774e+01,1.730701e+01,-3.607938e+00,-2.066545e+00,2.943802e-01
-9.891473e+00,2.051425e+01,1.655639e+01,-8.753347e-01,2.234894e-01,7.478769e-01
8.501523e+00,3.357009e+00,1.012297e+01,-7.989468e-01,1.738362e+00,2.799616e-01
1.027456e+01,1.051963e+01,8.760423e+00,4.066156e-01,1.003019e+00,-4.919669e-01
4.409206e+00,5.487452e+00,9.083594e+00,2.672015e+00,4.003583e-01,-1.514739e+00
2.866735e+00,2.849983e+00,6.885357e+00,3.783796e+00,7.495355e-01,-1.784574e+00
2.525720e+00,1.117137e+00,8.289301e+00,4.809188e+00,1.479494e+00,-2.183521e+00
3.064987e+00,1.489526e+00,8.549087e+00,5.526409e+00,1.966802e+00,-2.113423e+00
3.672862e+00,3.959562e+00,1.038480e+01,6.667109e+00,2.141290e+00,-1.655617e+00
4.005588e+00,5.180588e+00,1.364264e+01,7.651370e+00,2.040696e+00,-1.265410e+00
6.027486e+00,7.343092e+00,1.509709e+01,8.547791e+00,1.629559e+00,-4.988993e-01
9.737006e+00,1.119302e+01,1.471914e+01,8.523095e+00,6.595897e-01,1.965804e-01
-4.128945e-01,1.495063e+00,5.165468e+00,6.660805e+00,-5.803376e-01,-1.093964e+00
-1.611975e+01,-9.468161e+00,9.792190e+00,3.533562e+00,1.398702e+00,-1.105457e+00
7.356408e-02,-1.911123e+01,2.108625e+00,-1.695075e+00,3.060359e+00,1.291628e+00
1.936024e+00,2.108603e+01,2.793138e+00,-3.918056e+00,2.822639e+00,1.161667e+00
1.648983e+01,1.925666e+01,4.926354e+00,-2.066557e+00,1.261617e+00,5.564770e-01
5.512144e-01,-1.216644e+01,1.305673e+01,-3.055953e+00,-8.142182e-01,-1.583330e+00
-3.797425e+00,4.065576e+00,1.656855e+01,-3.869552e+00,-1.158049e+00,-1.793461e-01
-5.574291e+00,1.962568e+01,1.464636e+01,-2.516806e+00,-9.661227e-01,-3.209997e-01
-6.031630e+00,8.810378e+00,9.239719e+00,-1.262742e+00,7.438869e-01,3.010580e-01
-1.646689e+00,5.262317e+00,5.437692e+00,-1.142240e+00,2.012498e+00,7.499083e-01
6.866613e+00,1.091282e+01,4.417787e+00,-1.046207e+00,1.811810e+00,5.663173e-01
8.205157e+00,1.220398e+01,3.700845e+00,-1.008932e+00,3.985675e-01,1.373177e-01
1.342825e+00,7.410344e+00,3.579185e+00,-1.019917e+00,-9.612885e-01,-2.787510e-01
1.983010e-01,9.006684e+00,3.114485e+00,-1.118681e+00,-1.108639e+00,-2.555972e-01
-1.304299e+00,9.812577e+00,1.989454e+00,-1.149633e+00,-1.080649e+00,-2.931373e-01
-2.698121e+00,8.016241e+00,1.503434e+00,-1.256214e+00,-9.826406e-01,-2.824468e-01
-1.096180e+00,8.576030e+00,2.052828e+00,-1.452518e+00,-7.028189e-01,-1.676254e-01
9.111147e-01,8.342632e+00,3.223094e+00,-1.545035e+00,-6.422543e-01,-1.161221e-01
2.160846e+00,8.343453e+00,3.961760e+00,-1.680520e+00,-7.358818e-01,-9.777778e-02
1.296730e+00,7.698942e+00,2.023578e+00,-1.915140e+00,-7.064705e-01,1.188471e-01
2.841332e+00,9.819272e+00,-9.001509e-01,-2.450565e+00,-8.620454e-01,2.878926e-01
3.811563e-01,1.005940e+01,1.264824e-01,-2.900868e+00,-1.225393e+00,3.083321e-01
8.002382e-01,1.074464e+01,1.735254e+00,-3.449531e+00,-9.932607e-01,7.243691e-01
6.861456e+00,1.352595e+01,2.833451e-01,-3.789100e+00,-1.301892e+00,7.323356e-01
3.167238e+00,1.755273e+01,-5.668357e-01,-4.325091e+00,-3.140997e+00,2.518484e-01
-4.543894e+00,1.453627e+01,9.872600e+00,-4.700021e+00,-4.239439e+00,-1.836334e-01
-7.432944e+00,2.645992e+01,1.753675e+01,-4.057776e+00,-2.495403e+00,3.190733e-01
-7.512545e+00,1.991723e+01,1.473488e+01,-1.125137e+00,-7.815975e-01,6.388660e-01
5.391512e+00,4.697174e-01,1.215655e+01,-5.725367e-01,1.131673e+00,3.283274e-01
9.444198e+00,8.269787e+00,7.112937e+00,-1.887575e-01,8.510887e-01,-1.868252e-01
3.280995e+00,7.430440e+00,9.668630e+00,2.162770e+00,2.298416e-01,-1.082847e+00
1.302863e+00,4.259717e+00,8.237863e+00,3.443500e+00,6.851416e-01,-1.233082e+00
1.456789e+00,9.126080e-01,7.485505e+00,4.540848e+00,1.567435e+00,-1.499430e+00
2.519712e+00,7.037150e-01,9.091994e+00,5.220921e+00,2.065093e+00,-1.707256e+00
3.145253e+00,2.193434e+00,1.030216e+01,6.269436e+00,2.288196e+00,-1.533800e+00
3.487785e+00,3.974990e+00,1.182983e+01,7.200458e+00,2.191658e+00,-1.362549e+00
4.633904e+00,5.351614e+00,1.653143e+01,8.287175e+00,1.812795e+00,-9.892520e-01
8.193242e+00,9.788453e+00,1.334225e+01,8.442453e+00,1.370971e+00,-5.114157e-01
4.173020e+00,8.251189e+00,7.954544e+00,6.932374e+00,1.441509e-01,-1.115447e+00
-1.848570e+01,-2.809824e+00,9.381673e+00,4.421544e+00,1.411823e+00,-1.289006e+00
-6.727182e+00,-1.795108e+01,1.530560e-01,-3.194994e-01,4.237154e+00,1.058987e+00
2.160266e+00,-1.080028e+00,5.678787e+00,-3.513356e+00,3.758815e+00,1.054950e+00
2.642951e+01,3.543775e+01,5.698652e+00,-2.084206e+00,3.359987e+00,1.621806e+00
9.131693e+00,-1.287304e+00,7.559237e+00,-3.403199e+00,6.198652e-01,-1.084040e+00
-2.642393e+00,-5.974820e+00,1.688947e+01,-3.922033e+00,-1.336622e+00,-9.334459e-01
-1.009449e+00,1.785623e+01,1.116984e+01,-2.715290e+00,-1.590935e+00,-2.844881e-01
-1.047613e+01,1.396223e+01,1.150835e+01,-1.599871e+00,-1.882058e-01,-2.518921e-01
-9.405987e+00,5.063312e+00,7.737837e+00,-1.064879e+00,1.934447e+00,6.849281e-01
6.743311e+00,9.552193e+00,5.932291e+00,-9.773918e-01,2.597152e+00,6.713097e-01
1.037967e+01,1.212827e+01,4.486075e+00,-9.137482e-01,1.184795e+00,3.327472e-01
5.736753e+00,8.811911e+00,3.766144e+00,-8.498403e-01,-6.196526e-01,-2.579560e-01
1.238219e+00,1.042478e+01,3.616802e+00,-8.871869e-01,-1.214328e+00,-4.461398e-01
-2.750457e+00,9.967412e+00,2.321485e+00,-8.914246e-01,-1.301151e+00,-4.457524e-01
-3.993550e+00,7.646716e+00,1.214732e+00,-1.004679e+00,-1.004252e+00,-2.571120e-01
-2.596066e+00,6.990603e+00,1.418078e+00,-1.284828e+00,-6.034260e-01,-8.564941e-02
-3.315886e-01,7.580482e+00,2.540965e+00,-1.432507e+00,-5.037788e-01,-6.136943e-02
1.452592e+00,7.810366e+00,2.670719e+00,-1.693233e+00,-6.351519e-01,-7.311104e-02
1.195481e+00,7.552260e+00,8.438151e-01,-1.961091e+00,-7.013250e-01,2.558209e-02
1.467568e+00,8.832851e+00,-2.880050e-02,-2.405411e+00,-6.981465e-01,1.804982e-01
9.754770e-01,9.032279e+00,1.835781e+00,-2.711029e+00,-6.475708e-01,2.690641e-01
2.442171e+00,1.086981e+01,3.572944e+00,-3.114782e+00,-4.083668e-01,6.709935e-01
8.760421e+00,1.316157e+01,4.732373e-01,-3.359631e+00,-9.385621e-01,6.830000e-01
6.218669e+00,1.872134e+01,-4.869213e+00,-3.988342e+00,-3.056267e+00,1.507036e-01
-3.775400e+00,1.251581e+01,6.710712e+00,-4.427334e+00,-4.039381e+00,-3.063422e-01
-4.430002e+00,2.180807e+01,1.541757e+01,-4.419059e+00,-2.694588e+00,-1.742205e-01
-6.502923e+00,2.517508e+01,1.720923e+01,-2.379425e+00,-1.591215e+00,1.077565e-01
2.040888e+00,1.421599e+00,1.390443e+01,-8.246560e-01,5.126568e-01,1.868634e-01
5.638711e+00,4.955389e+00,9.097172e+00,-8.015855e-01,8.307363e-01,-2.453508e-01
4.432052e+00,9.234519e+00,9.393993e+00,1.441269e+00,4.226009e-01,-1.134975e+00
2.267872e+00,4.990682e+00,9.371136e+00,2.861403e+00,6.339505e-01,-1.222522e+00
2.067204e+00,1.769395e+00,8.207356e+00,4.049408e+00,1.047243e+00,-1.346043e+00
1.553103e+00,1.313793e+00,9.256379e+00,4.888852e+00,1.456051e+00,-1.465096e+00
1.407167e+00,2.967077e+00,9.809557e+00,6.006052e+00,2.010927e+00,-1.275054e+00
2.480334e+00,4.016930e+00,1.116520e+01,6.884287e+00,2.285986e+00,-1.098250e+00
4.682108e+00,3.910683e+00,1.537990e+01,8.155127e+00,2.336393e+00,-6.498339e-01
9.283921e+00,5.328558e+00,1.235113e+01,8.392911e+00,1.906611e+00,-1.265410e-01
7.204132e+00,7.413771e+00,9.484075e+00,7.367524e+00,4.686368e-02,-4.637920e-01
-6.916964e+00,5.689723e-01,6.416744e+00,5.580339e+00,-3.908805e-01,-1.249196e+00
-1.142425e+01,-1.576911e+01,7.056850e+00,1.127038e+00,2.554102e+00,1.135838e-01
5.081601e-01,-1.343530e+01,4.096243e+00,-2.596358e+00,3.224825e+00,1.243356e+00
2.411862e+01,3.782553e+01,-5.913832e+00,-2.348995e+00,2.595704e+00,1.641846e+00
1.335215e+01,1.558221e+01,6.971384e+00,-1.851745e+00,-3.584563e-01,-3.609795e-01
-6.671083e+00,-1.048884e+01,1.124119e+01,-3.357771e+00,-1.445027e+00,-3.574773e-01
-1.158145e+01,7.251848e+00,1.532979e+01,-3.209225e+00,-6.321550e-01,-7.642944e-02
-5.069968e+00,1.975351e+01,1.014474e+01,-1.616187e+00,1.113516e+00,1.672377e-01
-3.560894e-01,5.268262e+00,5.764111e+00,-9.829542e-01,2.028496e+00,6.771008e-01
4.096635e+00,7.339527e+00,3.597516e+00,-1.155671e+00,2.416496e+00,6.772174e-01
1.078894e+01,1.271380e+01,3.437196e+00,-1.222550e+00,9.151444e-01,1.960501e-01
3.707592e+00,8.886588e+00,3.142884e+00,-1.193046e+00,-9.744363e-01,-4.297007e-01
-2.828850e-03,9.098823e+00,2.899668e+00,-1.353630e+00,-1.220918e+00,-3.947100e-01
-1.619286e+00,1.097365e+01,2.719726e+00,-1.316513e+00,-9.935893e-01,-3.459878e-01
-2.039343e+00,8.623935e+00,2.387373e+00,-1.364498e+00,-8.566891e-01,-2.889874e-01
-2.168992e+00,8.131636e+00,2.059237e+00,-1.570534e+00,-7.422620e-01,-1.939071e-01
2.181804e-01,8.261609e+00,3.027692e+00,-1.668853e+00,-6.251636e-01,-1.368222e-01
1.753223e+00,8.227736e+00,4.945393e+00,-1.735860e+00,-6.506235e-01,-6.045532e-02
1.557417e+00,8.311790e+00,3.257492e+00,-1.818762e+00,-6.005721e-01,5.491387e-02
1.384649e+00,8.598927e+00,1.198226e-01,-2.209980e+00,-5.705448e-01,3.065870e-01
2.875669e+00,9.733048e+00,-1.610303e+00,-2.671813e+00,-9.395994e-01,3.255511e-01
1.977001e+00,9.060567e+00,-4.907804e-01,-3.220222e+00,-1.412669e+00,3.847194e-01
5.245323e+00,1.117637e+01,-4.539031e-01,-3.580863e+00,-1.652272e+00,4.911111e-01
7.293238e-01,1.715092e+01,9.806762e-01,-4.217685e+00,-3.077339e+00,1.451525e-01
-5.243181e+00,1.535340e+01,8.846280e+00,-4.619959e+00,-3.704189e+00,-2.973402e-01
-3.976943e+00,2.439555e+01,1.571739e+01,-3.951618e+00,-2.217719e+00,1.211350e-01
-2.994053e+00,2.002662e+01,1.448612e+01,-1.628540e+00,-1.036756e+00,4.193559e-02
5.774934e+00,9.214690e-01,1.278854e+01,-9.311498e-01,1.862465e-01,-4.415422e-01
8.506372e+00,9.824681e+00,6.788120e+00,-4.817597e-01,-1.255773e-01,-1.006861e+00
1.455194e+00,7.241555e+00,9.732615e+00,1.813168e+00,-3.667343e-01,-1.958549e+00
2.138570e-01,5.143687e+00,8.481758e+00,3.109893e+00,4.445179e-01,-2.003115e+00
1.968346e+00,2.100372e+00,7.498140e+00,4.274521e+00,1.594489e+00,-2.105038e+00
3.442604e+00,2.741666e+00,8.782604e+00,5.103008e+00,2.170236e+00,-2.119077e+00
4.884798e+00,3.816710e+00,9.943421e+00,6.162665e+00,2.229567e+00,-1.867323e+00
5.270860e+00,4.603578e+00,1.145199e+01,6.935013e+00,2.084511e+00,-1.696070e+00
5.183970e+00,6.609740e+00,1.340471e+01,7.991412e+00,1.555035e+00,-1.054282e+00
8.094776e+00,1.022669e+01,1.199382e+01,7.884847e+00,9.077847e-01,-4.817536e-01
3.768858e-02,3.766433e+00,6.855178e+00,6.398801e+00,-3.507489e-02,-1.180934e+00
-1.120300e+01,-5.529407e+00,7.843844e+00,3.891277e+00,1.398776e+00,-8.853778e-01
-1.073096e+00,-1.649606e+01,1.250917e+00,-3.494950e-01,3.597041e+00,9.685520e-01
3.273811e+00,7.984508e+00,6.900933e+00,-3.237067e+00,3.025259e+00,8.439151e-01
2.155378e+01,3.431838e+01,6.455312e+00,-1.524944e+00,2.612125e+00,1.156269e+00
5.793554e+00,-2.073914e+00,5.504251e+00,-2.843227e+00,1.130012e+00,-5.284994e-01
-5.312375e+00,-1.064207e+00,1.619509e+01,-3.544481e+00,1.588417e-01,-2.742177e-01
-7.227358e-01,1.605571e+01,1.218854e+01,-2.331617e+00,-4.362663e-01,-8.687867e-02
-6.007482e+00,1.159628e+01,1.001020e+01,-1.379694e+00,3.362010e-01,-1.119307e-01
-4.136505e+00,6.583570e+00,6.431377e+00,-1.152620e+00,1.714062e+00,5.745270e-01
8.098740e+00,1.100011e+01,4.613881e+00,-9.145665e-01,1.934470e+00,3.928821e-01
9.520581e+00,1.169571e+01,3.644412e+00,-9.117170e-01,3.080182e-01,-8.003897e-02
2.277926e+00,9.711733e+00,3.319198e+00,-9.408057e-01,-1.131343e+00,-4.746303e-01
-1.033835e+00,1.068803e+01,2.700146e+00,-9.392782e-01,-1.334589e+00,-5.136658e-01
-2.124946e+00,8.730816e+00,1.253898e+00,-1.042791e+00,-1.233882e+00,-4.522148e-01
-2.284823e+00,7.065244e+00,5.059867e-01,-1.258627e+00,-1.153677e+00,-3.464123e-01
-1.846456e+00,8.345724e+00,2.000455e+00,-1.493279e+00,-1.032753e+00,-2.774140e-01
-2.293098e-01,7.586095e+00,3.396134e+00,-1.583913e+00,-9.209761e-01,-2.514783e-01
1.185671e+00,8.591045e+00,4.203085e+00,-1.732448e+00,-9.143804e-01,-1.970168e-01
1.461275e+00,8.479329e+00,2.650845e+00,-1.879947e+00,-9.358039e-01,-3.852108e-02
1.183916e+00,7.145339e+00,5.549088e-01,-2.302307e+00,-9.817592e-01,1.208256e-01
2.769647e+00,8.625726e+00,-7.119605e-01,-2.748946e+00,-1.229711e+00,1.444444e-01
1.209002e+00,9.396430e+00,1.482217e+00,-3.183722e+00,-1.468026e+00,2.538668e-01
2.025573e+00,1.119830e+01,1.974782e+00,-3.469824e+00,-1.486451e+00,4.666467e-01
3.217817e+00,1.693717e+01,-1.061162e+00,-4.055556e+00,-2.287476e+00,2.372720e-01
-5.997237e-02,1.668788e+01,4.183183e+00,-4.362100e+00,-3.250038e+00,-3.690489e-01
-3.728425e+00,1.852277e+01,1.538569e+01,-4.232068e+00,-2.846727e+00,-2.669259e-01
-1.769521e+00,2.076753e+01,1.562158e+01,-2.676855e+00,-1.720217e+00,-2.822421e-01
5.394895e+00,2.319956e+00,1.252235e+01,-1.002182e+00,-3.779684e-01,-7.776128e-01
8.369153e+00,5.899004e+00,7.279433e+00,-5.301018e-01,-4.506087e-01,-1.443553e+00
2.640530e+00,7.367979e+00,9.238219e+00,1.303660e+00,-6.514466e-01,-2.269222e+00
4.277684e-01,4.801819e+00,8.899399e+00,2.540512e+00,1.245496e-01,-2.214353e+00
1.719284e+00,3.082857e+00,7.564286e+00,4.009328e+00,1.663631e+00,-2.152689e+00
3.216220e+00,2.834863e+00,9.389195e+00,4.963884e+00,2.317743e+00,-2.206924e+00
5.745509e+00,3.495482e+00,1.014275e+01,6.042079e+00,2.658245e+00,-2.079731e+00
7.360889e+00,3.766725e+00,1.116744e+01,6.853761e+00,2.402072e+00,-1.991247e+00
1.255174e+01,4.782586e+00,1.154280e+01,7.680240e+00,8.916393e-01,-1.666747e+00
1.632646e+01,8.860688e+00,1.114916e+01,7.488745e+00,-1.770099e+00,-1.884292e+00
-2.299898e+00,7.018240e+00,9.450013e+00,6.196506e+00,-3.707731e+00,-3.118707e+00
-2.409486e+01,-1.133549e+00,9.007444e+00,4.569129e+00,-1.464320e+00,-2.115881e+00
-4.340598e+00,-1.822643e+01,-1.115070e+00,3.450223e-01,3.775582e+00,9.663982e-01
3.582095e+00,-3.359148e+00,6.873616e+00,-2.787657e+00,4.224203e+00,1.524456e+00
2.397684e+01,3.907488e+01,1.548891e+00,-1.527517e+00,2.867014e+00,1.735781e+00
1.630809e+01,9.221461e+00,4.703601e+00,-2.489762e+00,-1.236398e-01,-8.836316e-01
1.037190e+00,-3.300554e-01,1.376652e+01,-3.431069e+00,-1.302636e+00,-2.181781e-01
-2.872287e+00,9.845811e+00,1.357823e+01,-2.923121e+00,-1.272216e+00,-6.838327e-01
-8.511370e+00,1.653540e+01,1.050690e+01,-1.487502e+00,-7.618438e-01,-1.308197e-02
-8.909914e+00,9.195482e+00,6.768873e+00,-8.994719e-01,9.170447e-01,2.931898e-01
-1.093360e+00,7.687296e+00,3.356561e+00,-8.693296e-01,2.114051e+00,7.771695e-01
5.933873e+00,1.039511e+01,2.511652e+00,-9.735137e-01,1.747536e+00,5.691285e-01
5.449488e+00,9.087018e+00,2.326755e+00,-1.126919e+00,-2.557307e-01,-3.347667e-02
1.023566e+00,8.676074e+00,3.377859e+00,-1.247751e+00,-9.810165e-01,-2.022044e-01
-1.212522e-01,9.841021e+00,2.668188e+00,-1.327374e+00,-1.134175e+00,-2.432172e-01
5.861639e-01,9.663742e+00,1.771037e+00,-1.395715e+00,-1.258027e+00,-2.914899e-01
-1.963232e+00,8.741178e+00,2.520218e+00,-1.506102e+00,-1.578058e+00,-3.329998e-01
-4.338451e+00,8.632186e+00,4.668745e+00,-1.527951e+00,-1.222812e+00,-1.936774e-01
1.894194e-01,8.282376e+00,5.761093e+00,-1.473639e+00,-5.379126e-01,-3.708637e-02
2.467708e+00,8.470764e+00,5.540157e+00,-1.456982e+00,-5.111540e-01,2.435983e-02
6.712959e-01,8.313813e+00,4.127842e+00,-1.525490e+00,-8.434574e-01,1.209027e-01
-2.539556e-01,8.305989e+00,3.065323e+00,-1.684769e+00,-8.626581e-01,2.027009e-01
9.336933e-01,9.695301e+00,2.989324e-01,-2.108818e+00,-1.006604e+00,2.248303e-01
4.781746e-01,1.009341e+01,1.898545e-01,-2.452122e+00,-1.171762e+00,2.563262e-01
3.510803e+00,9.800891e+00,2.480878e-01,-3.020837e+00,-1.111886e+00,3.912247e-01
7.088360e+00,1.336200e+01,-2.487510e+00,-3.509497e+00,-1.854071e+00,2.632012e-01
2.876054e+00,1.418135e+01,2.891849e+00,-4.120782e+00,-3.580728e+00,-4.830006e-01
-3.175892e+00,1.624142e+01,1.134134e+01,-4.570820e+00,-4.526418e+00,-7.956427e-01
-7.000927e+00,2.517434e+01,1.689542e+01,-3.044713e+00,-2.627543e+00,-4.514370e-01
-4.307415e+00,1.439565e+01,1.499479e+01,-9.148112e-01,-7.221826e-01,-3.204860e-01
7.207000e+00,3.880874e+00,9.261857e+00,-5.472240e-01,5.966961e-01,-8.707832e-01
7.511664e+00,8.296953e+00,7.086497e+00,4.286455e-01,3.522261e-01,-1.514835e+00
1.893842e+00,6.220151e+00,8.350580e+00,2.496675e+00,5.332018e-01,-2.269225e+00
1.805747e+00,3.965079e+00,6.998197e+00,3.658591e+00,1.284885e+00,-2.377551e+00
3.709833e+00,2.161567e+00,8.449311e+00,4.709929e+00,1.995833e+00,-2.626000e+00
5.378644e+00,3.746894e+00,9.178679e+00,5.433706e+00,2.198428e+00,-2.582193e+00
6.469419e+00,5.390152e+00,1.142534e+01,6.856761e+00,1.835656e+00,-2.218116e+00
8.165502e+00,5.295880e+00,1.386649e+01,7.693539e+00,1.053685e+00,-1.856890e+00
1.366408e+01,9.439851e+00,1.241149e+01,7.967195e+00,-4.829879e-01,-1.347213e+00
1.029510e+01,9.719033e+00,1.264486e+01,7.515709e+00,-2.265671e+00,-1.660838e+00
-1.668841e+01,-1.055823e-01,6.358264e+00,4.797398e+00,-1.088523e+00,-1.655184e+00
-1.991293e+01,-1.829559e+01,-2.062830e-04,1.773312e+00,3.115497e+00,4.934606e-01
7.165364e-01,5.244153e+00,4.952520e+00,-2.833777e+00,5.022897e+00,2.150620e+00
1.749156e+01,3.900806e+01,-1.567263e-01,-2.395194e+00,4.391796e+00,1.982774e+00
1.066859e+01,-3.690729e+00,4.804364e+00,-2.584106e+00,-1.453358e-02,-1.111049e+00
8.699412e+00,-1.042518e+01,9.273285e+00,-3.000215e+00,-1.290375e+00,-3.633966e-01
-6.655172e+00,1.179007e+01,1.420938e+01,-2.862707e+00,-2.267601e+00,-8.351853e-01
-1.329553e+01,2.207970e+01,1.157462e+01,-2.157587e+00,-1.208868e+00,-2.813964e-01
-6.805224e+00,5.201856e+00,4.969842e+00,-1.014288e+00,1.653842e+00,5.994205e-01
-7.024832e-02,5.769344e+00,3.367350e+00,-1.211962e+00,2.231241e+00,8.704567e-01
8.450636e+00,1.247462e+01,3.049640e+00,-1.173128e+00,1.381287e+00,5.203008e-01
6.532590e+00,8.813536e+00,2.915666e+00,-1.173435e+00,-1.183362e-01,9.833632e-03
-1.397492e-01,7.806863e+00,4.154836e+00,-1.305227e+00,-1.190631e+00,-2.501010e-01
-1.460552e+00,1.010320e+01,3.712707e+00,-1.333953e+00,-1.114465e+00,-2.520917e-01
-1.052985e+00,9.391045e+00,2.546119e+00,-1.362733e+00,-1.082746e+00,-2.190942e-01
-2.591074e+00,8.608989e+00,3.094927e+00,-1.356906e+00,-9.596691e-01,-1.963607e-01
9.054700e-02,9.730415e+00,4.297918e+00,-1.406339e+00,-5.891047e-01,-6.675573e-02
1.132266e+00,9.113744e+00,4.896256e+00,-1.377477e+00,-5.363898e-01,7.093086e-03
9.909604e-01,8.837331e+00,4.082348e+00,-1.478155e+00,-6.475071e-01,1.015018e-01
-1.779745e-01,7.892333e+00,1.850453e+00,-1.622633e+00,-6.756449e-01,2.113167e-01
5.878574e-01,8.709636e+00,-2.850716e-01,-2.201478e+00,-8.029028e-01,3.049825e-01
9.260525e-01,1.000964e+01,-4.640996e-01,-2.662563e+00,-1.175513e+00,2.422042e-01
-4.250386e-01,1.132863e+01,2.743488e+00,-3.127518e+00,-1.288333e+00,4.372888e-01
2.212690e+00,1.404645e+01,6.835909e-01,-3.389476e+00,-1.192633e+00,6.484927e-01
5.222506e+00,1.700998e+01,-2.252045e+00,-3.959899e+00,-2.535785e+00,1.731836e-01
2.331592e+00,1.235170e+01,8.046116e+00,-4.316933e+00,-3.439017e+00,-3.611047e-01
-2.654724e+00,2.033105e+01,1.384640e+01,-4.090888e+00,-2.971077e+00,-9.640717e-01
-3.261158e+00,1.958023e+01,1.340766e+01,-2.321510e+00,-1.962004e+00,-8.732161e-01
3.578951e+00,2.554412e+00,1.001023e+01,-1.110073e+00,-9.980504e-02,-1.037093e+00
5.701204e+00,8.145497e+00,6.405419e+00,-3.205635e-01,9.396915e-02,-1.370784e+00
1.866748e+00,7.484205e+00,9.968845e+00,1.412541e+00,4.971876e-01,-1.741828e+00
2.312669e+00,4.697360e+00,7.229794e+00,2.515292e+00,1.237891e+00,-1.714494e+00
4.707447e+00,3.560950e+00,7.780132e+00,4.178838e+00,2.238369e+00,-1.729685e+00
5.748890e+00,3.218057e+00,8.963612e+00,5.157987e+00,2.168117e+00,-1.629074e+00
5.669542e+00,4.014265e+00,1.102848e+01,6.466566e+00,1.654847e+00,-1.312264e+00
5.651276e+00,4.070139e+00,1.275130e+01,7.340017e+00,1.173461e+00,-9.697587e-01
5.838193e+00,5.129678e+00,1.411789e+01,8.375592e+00,7.444682e-02,-1.853238e-01
8.192824e+00,7.401455e+00,1.343912e+01,8.139069e+00,-3.603207e-01,-1.743713e-01
-4.498231e+00,2.213009e+00,6.860410e+00,6.340290e+00,-6.204771e-01,-1.102014e+00
-1.824850e+01,-3.719767e+00,8.369152e+00,3.705829e+00,8.895879e-01,-8.246894e-01
-2.551019e+00,-1.640305e+01,1.048449e+00,-1.085876e+00,3.556975e+00,1.326479e+00
6.093730e+00,8.740989e+00,2.005822e+00,-3.177961e+00,3.154666e+00,1.050627e+00
1.814596e+01,2.757475e+01,6.328536e+00,-2.503296e+00,1.139950e+00,2.701188e-01
3.383019e+00,-7.927623e+00,9.772491e+00,-2.834040e+00,-9.046203e-01,-1.464539e+00
-6.002669e+00,1.722356e+00,1.524501e+01,-3.326165e+00,-1.391634e+00,-4.605486e-01
-6.164318e+00,2.108231e+01,1.207632e+01,-2.117769e+00,-6.566993e-01,-7.156637e-02
-5.384610e+00,8.285396e+00,7.027567e+00,-1.002477e+00,1.122260e+00,2.488139e-01
-6.279803e-01,5.974317e+00,4.255668e+00,-9.515889e-01,1.886553e+00,5.927571e-01
7.133000e+00,1.152974e+01,4.220059e+00,-1.008691e+00,1.186790e+00,3.320865e-01
5.549245e+00,1.052612e+01,3.846214e+00,-9.344161e-01,-8.435281e-02,-6.968165e-02
2.387358e+00,8.978159e+00,3.203518e+00,-9.996617e-01,-9.992609e-01,-3.049068e-01
4.755009e-01,1.064172e+01,2.273917e+00,-1.024203e+00,-1.316188e+00,-4.076344e-01
-2.708333e+00,9.123114e+00,1.667343e+00,-1.088871e+00,-1.490685e+00,-4.239827e-01
-4.499306e+00,7.587095e+00,1.851979e+00,-1.216585e+00,-1.126195e+00,-3.091063e-01
-1.330015e+00,8.296217e+00,2.792512e+00,-1.383484e+00,-4.541954e-01,-1.195848e-01
2.303150e+00,8.611635e+00,4.353270e+00,-1.459194e+00,-4.000764e-01,-4.368740e-02
3.049010e+00,8.660476e+00,2.679755e+00,-1.656046e+00,-6.519687e-01,1.458590e-02
1.353094e+00,7.273982e+00,9.487679e-01,-1.889190e+00,-7.980213e-01,4.792085e-02
1.058678e-01,1.010129e+01,-6.163830e-01,-2.439216e+00,-9.834057e-01,1.710745e-01
-1.463608e+00,9.982560e+00,6.482299e-01,-2.797624e+00,-1.031511e+00,2.823641e-01
1.687543e+00,1.056316e+01,1.956621e+00,-3.246878e+00,-6.229380e-01,6.915883e-01
6.414539e+00,1.326177e+01,-7.612009e-01,-3.538674e+00,-1.108763e+00,6.511726e-01
3.352839e+00,1.524133e+01,-2.151068e-01,-4.096297e+00,-2.681957e+00,8.672266e-02
-2.322768e+00,1.309830e+01,8.711287e+00,-4.512217e+00,-3.568882e+00,-4.002612e-01
-2.428064e+00,2.472611e+01,1.497179e+01,-4.081278e+00,-2.842814e+00,-3.311504e-01
-4.909623e+00,1.998098e+01,1.473240e+01,-1.768995e+00,-1.726419e+00,-3.653573e-01
1.759752e+00,1.792243e+00,1.174443e+01,-9.329339e-01,1.709712e-01,-6.002699e-01
5.795833e+00,9.080262e+00,7.394928e+00,-9.790201e-02,3.451321e-01,-8.666689e-01
2.261177e+00,6.901800e+00,9.637333e+00,1.703342e+00,4.814344e-01,-1.264656e+00
7.166076e-01,4.870168e+00,8.265704e+00,2.835901e+00,1.030750e+00,-1.230012e+00
2.181311e+00,2.827475e+00,8.791499e+00,4.474209e+00,2.135760e+00,-1.270914e+00
2.893028e+00,1.976905e+00,1.006306e+01,5.414082e+00,2.493862e+00,-1.243319e+00
4.264576e+00,3.808586e+00,1.097764e+01,6.385071e+00,2.510957e+00,-9.570764e-01
5.437565e+00,5.052957e+00,1.309539e+01,7.422932e+00,2.193601e+00,-7.447867e-01
7.745289e+00,6.065806e+00,1.551341e+01,8.588397e+00,1.156222e+00,-2.605812e-01
1.039164e+01,1.037977e+01,1.238139e+01,8.458369e+00,2.534207e-01,-5.055711e-02
-1.587389e+00,1.427186e+00,5.302818e+00,6.911509e+00,-7.847960e-01,-1.188972e+00
-1.518324e+01,-8.708942e+00,6.841444e+00,4.419579e+00,2.052731e-01,-1.091939e+00
-3.581136e+00,-1.961971e+01,1.518868e-01,-9.113336e-01,3.286329e+00,1.324489e+00
3.635014e+00,1.441261e+01,4.075630e+00,-3.485081e+00,2.844215e+00,1.009764e+00
2.417413e+01,2.900007e+01,2.791765e+00,-2.191530e+00,5.583988e-01,-7.870127e-02
7.337455e-01,-5.596862e+00,8.500756e+00,-2.938752e+00,-1.320514e+00,-1.731825e+00
-6.632848e+00,1.817443e+00,1.604070e+01,-3.228689e+00,-1.195884e+00,-2.625960e-01
-9.047230e+00,1.638241e+01,1.504760e+01,-2.088737e+00,-1.365192e-01,-1.711001e-01
-3.835061e+00,1.304079e+01,8.982966e+00,-8.619389e-01,1.727215e+00,4.614610e-01
1.667697e+00,4.150812e+00,4.231543e+00,-6.386118e-01,2.485155e+00,6.059106e-01
1.003086e+01,1.127288e+01,3.578253e+00,-7.274589e-01,1.181727e+00,2.468241e-01
7.543210e+00,1.250393e+01,3.077500e+00,-6.370823e-01,-6.370919e-01,-3.523980e-01
-1.259286e+00,8.891846e+00,1.332217e+00,-7.784647e-01,-1.419069e+00,-4.381372e-01
-2.175670e+00,9.229939e+00,4.560896e-02,-9.318961e-01,-1.242772e+00,-3.221649e-01
-3.325026e-01,8.184721e+00,-4.153801e-01,-1.315894e+00,-1.235890e+00,-2.346730e-01
-1.500761e+00,6.695223e+00,4.147079e-01,-1.581365e+00,-1.502417e+00,-2.962512e-01
-2.234565e+00,7.609820e+00,1.824084e+00,-1.929490e+00,-1.412201e+00,-1.811772e-01
-1.276448e+00,9.305284e+00,3.474689e+00,-1.925019e+00,-1.141992e+00,-1.454771e-01
3.837382e-01,9.136935e+00,4.380467e+00,-1.886619e+00,-9.026932e-01,-1.033670e-01
1.751089e+00,8.000413e+00,3.671969e+00,-1.868542e+00,-8.249223e-01,-1.120555e-01
1.367276e+00,8.554775e+00,2.184151e+00,-2.173346e+00,-9.531089e-01,2.355788e-01
1.117436e+00,1.014612e+01,-4.893649e-01,-2.483601e+00,-9.207862e-01,3.465394e-01
1.869112e+00,9.482807e+00,-1.154438e-01,-2.956943e+00,-8.840703e-01,5.626876e-01
4.148443e+00,1.106844e+01,2.597108e-01,-3.365170e+00,-9.505887e-01,7.411500e-01
3.662157e+00,1.675079e+01,-1.526727e+00,-3.945899e+00,-2.047260e+00,5.416151e-01
-2.801652e+00,1.489549e+01,2.439622e+00,-4.255945e+00,-2.739412e+00,3.858295e-01
-5.137971e+00,2.011472e+01,1.355963e+01,-4.655075e+00,-2.189860e+00,6.436233e-01
-5.973265e+00,2.745787e+01,1.596125e+01,-3.447909e+00,-1.149050e+00,8.359355e-01
-1.532321e+00,1.005807e+01,1.416065e+01,-3.892583e-01,7.392082e-01,8.495834e-01
6.068871e+00,1.180982e+00,1.033012e+01,-4.630438e-01,1.033227e+00,3.495301e-01
6.283298e+00,8.218013e+00,8.429251e+00,1.035447e+00,1.298777e-01,-3.883179e-01
3.425431e+00,5.658453e+00,8.817985e+00,2.424278e+00,-1.302207e-01,-9.642364e-01
2.126914e+00,3.406477e+00,7.230660e+00,4.178511e+00,1.917359e-01,-1.472847e+00
1.949353e+00,1.278876e+00,8.861772e+00,4.982816e+00,6.385390e-01,-1.841550e+00
2.440393e+00,1.951754e+00,9.941361e+00,5.855429e+00,1.094497e+00,-1.920310e+00
2.775178e+00,3.272303e+00,1.109457e+01,6.604267e+00,1.279201e+00,-1.857356e+00
4.080813e+00,4.973674e+00,1.522504e+01,7.863214e+00,1.307613e+00,-1.659639e+00
5.899371e+00,7.204236e+00,1.413607e+01,8.219100e+00,1.055106e+00,-1.328975e+00
3.632187e+00,1.060515e+01,1.003056e+01,7.505538e+00,1.341433e-01,-1.333750e+00
-1.314986e+01,2.968603e+00,6.977617e+00,5.884658e+00,3.723636e-01,-1.356758e+00
-4.611337e+00,-1.991415e+01,-3.073850e+00,1.559115e+00,3.984746e+00,4.018050e-01
1.318766e+00,-1.528404e+01,1.414601e+00,-2.379324e+00,3.975397e+00,1.161762e+00
1.476910e+01,3.807813e+01,-4.071254e-02,-3.186615e+00,3.008101e+00,1.467379e+00
1.748764e+01,1.755523e+01,5.267914e+00,-2.190943e+00,1.146664e+00,5.366973e-02
1.710841e+00,-8.866220e+00,1.137932e+01,-3.685943e+00,-7.541870e-01,-3.872881e-01
-7.128798e+00,4.157097e+00,1.751874e+01,-3.486660e+00,-5.466351e-01,-3.520394e-01
-4.878594e+00,1.951600e+01,1.138368e+01,-2.044051e+00,-5.480078e-02,2.250987e-01
-4.790486e+00,9.978295e+00,8.301038e+00,-1.334877e+00,1.048268e+00,3.304273e-01
1.705987e+00,5.888486e+00,4.628966e+00,-1.147244e+00,2.253665e+00,7.542851e-01
7.734886e+00,1.063914e+01,4.570721e+00,-1.193854e+00,1.438001e+00,3.885383e-01
6.107005e+00,9.874308e+00,4.052100e+00,-1.118375e+00,-4.367502e-01,-1.014584e-01
1.361143e+00,9.097479e+00,4.094902e+00,-1.138233e+00,-9.841059e-01,-2.579073e-01
-7.377495e-01,1.035137e+01,3.410881e+00,-1.042344e+00,-1.084034e+00,-3.515068e-01
-1.714480e+00,9.589974e+00,2.924591e+00,-1.033754e+00,-1.016451e+00,-3.274721e-01
-3.039978e+00,7.394034e+00,1.939971e+00,-1.151495e+00,-7.796802e-01,-1.938492e-01
-2.128425e+00,7.378703e+00,2.524662e+00,-1.295252e+00,-3.867033e-01,-7.172542e-02
6.762361e-01,8.548028e+00,5.000724e+00,-1.382805e+00,-3.554463e-02,5.387276e-02
3.958107e+00,9.258328e+00,4.387567e+00,-1.464618e+00,-1.233488e-01,9.410927e-02
2.497885e+00,6.611946e+00,3.573475e-01,-1.726831e+00,-7.423733e-01,8.901910e-02
2.051552e+00,7.768582e+00,-1.100792e+00,-2.157556e+00,-1.088074e+00,1.144775e-01
-1.329468e+00,9.893422e+00,8.033815e-01,-2.816234e+00,-1.349521e+00,2.496679e-01
-9.332132e-01,1.029762e+01,1.629021e+00,-3.150343e+00,-9.444050e-01,6.126804e-01
8.796083e+00,1.444151e+01,-2.774430e+00,-3.672400e+00,-1.304543e+00,6.037292e-01
5.202928e+00,1.724196e+01,-2.198202e+00,-4.127725e+00,-2.913964e+00,1.212133e-01
-3.594182e+00,1.612099e+01,1.357103e+01,-4.632377e+00,-4.047341e+00,-5.004554e-01
-4.878130e+00,2.341556e+01,1.657490e+01,-4.067793e+00,-2.860479e+00,-4.405908e-01
-3.652792e+00,1.117928e+01,1.461532e+01,-1.541788e+00,-8.103727e-01,-8.699786e-02
4.668076e+00,3.472921e+00,1.245877e+01,-1.034036e+00,6.353354e-01,-3.829175e-01
8.021382e+00,9.236260e+00,6.995772e+00,5.624306e-01,3.060960e-01,-1.455104e+00
2.927495e+00,6.251452e+00,8.817335e+00,1.860411e+00,2.502746e-01,-1.820000e+00
1.327733e+00,3.411599e+00,7.079926e+00,3.257134e+00,1.136244e+00,-1.820226e+00
1.464851e+00,2.911515e+00,7.731397e+00,4.068275e+00,1.919189e+00,-1.971591e+00
3.751329e+00,3.293421e+00,1.010563e+01,5.504271e+00,2.770295e+00,-1.787206e+00
5.075695e+00,4.074801e+00,1.044222e+01,6.463557e+00,2.821533e+00,-1.570947e+00
7.036030e+00,3.849986e+00,1.350609e+01,7.667709e+00,2.354104e+00,-1.221140e+00
9.334146e+00,5.271149e+00,1.205585e+01,8.240399e+00,1.526617e+00,-8.017449e-01
9.432648e+00,9.850831e+00,1.140036e+01,7.738359e+00,-6.448495e-01,-7.977041e-01
5.992590e-01,5.125746e+00,6.714554e+00,6.271139e+00,-1.057020e+00,-1.457917e+00
-1.737655e+01,-1.477103e+01,3.347521e+00,3.009386e+00,2.005256e+00,-2.871228e-01
-1.413266e+00,-1.545212e+01,1.739918e+00,-6.056991e-01,3.995646e+00,1.385810e+00
5.954452e+00,2.396766e+01,2.830898e+00,-3.206098e+00,3.067978e+00,1.318556e+00
2.003075e+01,3.385939e+01,6.145343e+00,-1.866587e+00,1.417441e+00,2.505001e-01
5.264400e+00,-9.022120e+00,1.057156e+01,-2.987152e+00,9.577330e-02,-5.250908e-01
2.872081e+00,-2.072773e+00,1.260372e+01,-3.158520e+00,-4.936303e-01,2.122451e-02
-4.613050e+00,2.269877e+01,1.121348e+01,-2.079375e+00,-6.217953e-01,-3.487013e-01
-5.950941e+00,1.554976e+01,9.731606e+00,-1.187243e+00,2.888964e-01,1.520612e-02
-3.045465e+00,4.529253e+00,4.369623e+00,-1.123178e+00,1.523304e+00,4.758183e-01
4.496848e+00,1.195361e+01,4.633215e+00,-1.103932e+00,1.715928e+00,5.261908e-01
5.924510e+00,9.573856e+00,3.477963e+00,-9.903487e-01,1.098744e-01,-3.301606e-02
3.027947e+00,7.886832e+00,3.551500e+00,-1.050521e+00,-7.836738e-01,-2.321594e-01
-4.548975e-01,1.064732e+01,3.014252e+00,-1.068154e+00,-1.127439e+00,-3.432391e-01
-1.198419e+00,9.772503e+00,1.821976e+00,-1.101849e+00,-1.159825e+00,-3.776571e-01
-2.692112e+00,7.831922e+00,2.163018e+00,-1.215358e+00,-1.105428e+00,-3.025958e-01
-3.575553e+00,7.689243e+00,2.678151e+00,-1.330711e+00,-7.697815e-01,-1.896513e-01
1.812415e+00,7.676971e+00,3.425936e+00,-1.473355e+00,-4.432885e-01,-7.272212e-02
3.325454e+00,8.720913e+00,3.079991e+00,-1.616972e+00,-5.477516e-01,-2.044926e-02
1.009648e+00,7.556168e+00,1.217754e+00,-1.952829e+00,-8.753723e-01,2.068729e-02
9.725779e-01,7.898253e+00,3.963687e-01,-2.372919e+00,-1.034481e+00,2.527943e-02
-1.230068e+00,9.922005e+00,2.062726e+00,-2.810431e+00,-1.266785e+00,1.733773e-01
-9.328318e-01,9.848168e+00,2.801360e+00,-3.049156e+00,-9.398270e-01,4.743585e-01
9.516443e+00,1.272686e+01,-1.452071e+00,-3.498471e+00,-1.132163e+00,5.248874e-01
1.134490e+01,1.811816e+01,-5.014560e+00,-4.070727e+00,-2.690442e+00,7.935634e-02
-1.220516e+00,1.299260e+01,9.262132e+00,-4.536816e+00,-5.030594e+00,-7.940773e-01
-4.513994e+00,1.944860e+01,1.596017e+01,-4.735216e+00,-4.598360e+00,-8.897053e-01
-9.930613e+00,2.288078e+01,1.645595e+01,-1.991207e+00,-2.117437e+00,-3.127715e-01
-2.200422e+00,4.120672e+00,1.508405e+01,-3.249010e-01,2.599292e-01,-2.409412e-01
8.099242e+00,7.045644e+00,7.454874e+00,-3.039451e-01,1.202256e+00,-8.072127e-01
6.449122e+00,8.817535e+00,8.224032e+00,1.012824e+00,9.153359e-01,-1.395086e+00
1.426838e+00,6.629117e+00,8.897046e+00,3.257759e+00,1.192886e+00,-1.567377e+00
1.127151e+00,3.392007e+00,8.465258e+00,4.421106e+00,1.956381e+00,-1.623414e+00
3.490087e+00,1.712684e+00,9.929472e+00,5.537755e+00,2.705957e+00,-1.680356e+00
4.807312e+00,3.174577e+00,1.171444e+01,6.349145e+00,2.839852e+00,-1.438023e+00
7.017468e+00,4.487906e+00,1.348794e+01,7.831253e+00,2.154813e+00,-8.875610e-01
8.736715e+00,4.114610e+00,1.366788e+01,8.392628e+00,1.353539e+00,-5.982223e-01
1.073100e+01,8.166609e+00,1.170644e+01,7.851465e+00,-4.149570e-01,-5.810469e-01
2.211807e+00,6.657288e+00,7.663463e+00,6.581337e+00,-1.273283e+00,-1.325278e+00
-1.775188e+01,-8.657597e+00,7.770119e+00,3.232141e+00,1.350749e+00,-7.234220e-01
-2.393828e+00,-1.859156e+01,-1.221289e+00,-5.997772e-01,3.555417e+00,1.322927e+00
5.479603e+00,2.524920e+01,2.425145e+00,-4.145700e+00,3.088200e+00,1.114053e+00
1.701180e+01,3.936470e+01,-1.869921e+00,-1.460921e+00,2.450053e+00,1.375120e+00
-9.553149e-01,-8.434107e+00,6.989714e+00,-2.612060e+00,1.089597e+00,-4.084378e-01
2.695070e+00,-5.194579e+00,1.030406e+01,-3.207532e+00,7.985517e-01,4.906737e-01
-1.017485e+00,1.751990e+01,1.175814e+01,-2.414476e+00,4.682665e-01,-1.559432e-01
9.564155e-02,1.626690e+01,9.475520e+00,-1.531569e+00,2.892665e-01,1.462319e-01
-2.519659e+00,5.083541e+00,5.384320e+00,-1.125957e+00,1.165155e+00,3.221629e-01
6.103774e-01,8.914535e+00,5.326813e+00,-1.036896e+00,1.477644e+00,4.505155e-01
6.587760e+00,1.197575e+01,3.862438e+00,-8.565983e-01,3.116097e-01,-5.246549e-02
3.377506e+00,8.612724e+00,2.744637e+00,-8.059529e-01,-6.114847e-01,-3.053467e-01
-5.659347e-01,9.892297e+00,1.552105e+00,-9.961977e-01,-1.198300e+00,-3.913788e-01
-2.342261e+00,9.679580e+00,9.794460e-01,-1.097728e+00,-1.179731e+00,-3.869861e-01
-2.978676e+00,7.486422e+00,1.179070e+00,-1.302977e+00,-9.482826e-01,-2.863944e-01
-1.830017e+00,7.967697e+00,1.679765e+00,-1.500815e+00,-6.706757e-01,-1.727257e-01
2.132229e+00,7.915711e+00,2.504416e+00,-1.770686e+00,-5.602048e-01,-7.237969e-02
2.769806e+00,7.520538e+00,2.387244e+00,-1.983808e+00,-7.351875e-01,-3.084967e-02
1.823809e+00,7.971359e+00,1.884180e+00,-2.332497e+00,-9.462566e-01,1.127979e-01
7.600106e-01,9.773243e+00,1.535674e+00,-2.622768e+00,-1.150931e+00,1.298086e-01
-1.301803e+00,8.936478e+00,2.348533e+00,-3.011018e+00,-1.159513e+00,2.251275e-01
1.076788e+00,1.003566e+01,2.767090e+00,-3.278361e+00,-9.891120e-01,3.643765e-01
8.196771e+00,1.771577e+01,-2.492958e+00,-3.854645e+00,-1.892216e+00,1.988591e-01
5.757419e+00,1.741339e+01,-4.369062e-01,-4.067811e+00,-3.218215e+00,-3.497972e-01
-2.178271e+00,1.465946e+01,1.257949e+01,-4.438797e+00,-4.503528e+00,-8.785807e-01
-4.045974e+00,2.170116e+01,1.633807e+01,-3.703778e+00,-3.437275e+00,-9.450240e-01
-2.753230e+00,8.767204e+00,1.391431e+01,-1.092445e+00,-1.114122e+00,-7.221539e-01
2.216494e+00,1.040673e+00,1.193453e+01,-7.679133e-01,4.581063e-02,-1.018406e+00
5.223189e+00,7.737808e+00,6.822837e+00,4.751888e-01,2.673256e-01,-1.706281e+00
1.553813e+00,7.014197e+00,8.243992e+00,1.649942e+00,4.526167e-01,-1.902883e+00
7.261643e-01,4.141844e+00,7.256738e+00,3.381386e+00,1.666471e+00,-1.638336e+00
1.825631e+00,3.357087e+00,8.324466e+00,4.315539e+00,2.507524e+00,-1.610230e+00
4.532519e+00,4.033088e+00,1.038229e+01,5.698543e+00,3.028404e+00,-1.218535e+00
5.702113e+00,4.527474e+00,1.084160e+01,6.633896e+00,2.826729e+00,-9.113560e-01
7.299895e+00,5.031986e+00,1.406920e+01,7.801587e+00,2.008115e+00,-4.528002e-01
8.236930e+00,6.772584e+00,1.226168e+01,8.154380e+00,1.297583e+00,1.520227e-02
5.623185e+00,7.518183e+00,1.041967e+01,7.086682e+00,1.338100e-01,-2.018214e-01
-8.595589e+00,1.142061e+00,5.071567e+00,4.878241e+00,8.127258e-01,-5.581198e-01
-8.015673e+00,-1.444697e+01,-1.512097e+00,1.320541e+00,3.984391e+00,7.693831e-01
4.769484e+00,-1.010605e+01,1.460872e+00,-1.666806e+00,4.340084e+00,1.622581e+00
1.442143e+01,3.466868e+01,-3.997520e+00,-2.469233e+00,2.986599e+00,1.111362e+00
1.426762e+01,2.582160e+01,9.513999e+00,-2.629903e+00,6.053696e-01,-4.714166e-01
-3.787056e-01,-4.842307e+00,1.511387e+01,-3.457606e+00,-1.179634e+00,-1.111801e+00
-3.216524e-01,1.327255e+01,1.102256e+01,-3.187173e+00,-9.476613e-01,-4.676005e-02
-8.368265e+00,1.319774e+01,9.868892e+00,-1.764840e+00,-1.863290e-01,-1.785191e-01
-5.391635e+00,7.896207e+00,8.189338e+00,-1.540733e+00,1.265534e+00,6.108352e-01
4.711602e+00,7.624236e+00,6.650878e+00,-1.265975e+00,1.525107e+00,4.917560e-01
7.191024e+00,1.184316e+01,6.404627e+00,-1.305985e+00,8.803524e-01,3.869949e-01
5.106056e+00,9.851606e+00,5.442658e+00,-9.921040e-01,-4.372133e-01,-4.616477e-02
3.047063e+00,8.329985e+00,5.152816e+00,-8.794398e-01,-9.024603e-01,-2.101447e-01
5.333500e-01,7.735155e+00,4.383603e+00,-7.711146e-01,-1.334079e+00,-3.464089e-01
-1.256458e+00,7.311871e+00,4.398915e+00,-7.405172e-01,-1.430371e+00,-3.443677e-01
-4.150831e+00,7.780416e+00,3.932169e+00,-7.508711e-01,-8.979978e-01,-1.306383e-01
-4.256868e+00,7.550428e+00,3.903423e+00,-7.176855e-01,-1.323374e-01,8.522200e-02
1.430458e+00,8.054896e+00,1.858039e+00,-8.869998e-01,4.851189e-01,3.329389e-01
4.093715e+00,7.974480e+00,-4.048238e-01,-1.114817e+00,2.412535e-01,3.615843e-01
5.432881e+00,8.159290e+00,-1.946075e+00,-1.880802e+00,-7.213728e-01,1.193339e-01
5.028793e+00,8.989533e+00,-1.116420e+00,-2.434562e+00,-1.356735e+00,8.350631e-02
4.355647e+00,1.076328e+01,-7.206772e-01,-3.092277e+00,-1.595399e+00,2.530027e-01
6.395131e+00,1.603243e+01,-3.243867e+00,-3.740782e+00,-1.885504e+00,4.357942e-01
5.224990e+00,2.174012e+01,-2.431172e+00,-4.388996e+00,-3.199419e+00,4.905251e-01
-9.266239e+00,1.847470e+01,1.210233e+01,-4.256105e+00,-3.841734e+00,4.463708e-01
-1.477309e+01,2.261649e+01,2.119508e+01,-3.064877e+00,-9.641952e-01,1.981130e+00
-1.195012e+01,1.317176e+01,1.869840e+01,-8.408532e-01,1.341854e+00,2.553497e+00
1.111184e+00,-2.057204e+00,1.596053e+01,4.214961e-01,3.048233e+00,2.590933e+00
7.583190e+00,4.123138e+00,5.880813e+00,1.036379e+00,2.630801e+00,2.316984e+00
5.544217e+00,4.414852e+00,6.278175e+00,3.047096e+00,7.780894e-01,1.365334e+00
2.942036e+00,2.176279e+00,7.826851e+00,4.114151e+00,-1.772537e-01,8.879938e-01
-2.289043e+00,1.026641e+00,1.065966e+01,5.200141e+00,-3.432200e-01,4.030428e-01
-3.463134e+00,1.595539e+00,1.140832e+01,5.878276e+00,3.317246e-01,1.079213e-01
-3.115236e+00,2.387678e+00,1.420029e+01,7.058108e+00,1.834181e+00,-1.766336e-01
-1.306680e+00,3.182810e+00,1.618638e+01,7.750220e+00,2.804409e+00,-4.691860e-01
2.389134e+00,6.433762e+00,1.596128e+01,8.139397e+00,3.921041e+00,-5.854393e-01
6.412349e+00,1.288914e+01,1.310260e+01,7.486159e+00,4.003486e+00,-4.068197e-01
5.160115e+00,2.510795e+00,3.039857e+00,5.361273e+00,2.126978e+00,-1.356644e+00
-2.718209e+00,-8.811344e-01,7.743192e+00,3.238568e+00,1.536546e+00,-8.498644e-01
-4.968145e+00,-1.087762e+01,-1.906962e+00,-9.296866e-01,1.344178e+00,-7.320970e-01
-2.595699e+00,9.676113e-01,5.724541e+00,-2.812798e+00,1.938638e+00,-4.031910e-01
1.259742e+01,3.490908e+01,-9.338353e-01,-1.296350e+00,3.329019e+00,1.485170e+00
1.780391e+01,8.191619e+00,6.499595e-01,-1.278386e+00,8.907413e-01,-4.627920e-01
-9.769577e+00,7.763277e+00,1.532334e+01,-3.620906e+00,-4.048841e-01,-3.608188e-01
-8.919326e+00,1.261570e+01,1.421015e+01,-2.276813e+00,1.279767e+00,1.246348e-02
-4.577057e+00,1.115391e+01,8.285706e+00,-6.223977e-01,2.190094e+00,4.961825e-01
3.553356e+00,1.109863e+01,7.758133e+00,-3.904287e-01,3.086849e+00,6.582015e-01
9.785410e+00,7.687423e+00,3.309343e+00,-1.461114e-01,2.963305e+00,5.732281e-01
1.047432e+01,1.118679e+01,9.327649e-01,-3.848748e-01,1.111135e+00,7.639812e-02
-2.220917e+00,8.212508e+00,7.702508e-01,-6.561760e-01,-9.782171e-01,-5.483162e-01
-4.117991e+00,7.776550e+00,5.341044e-01,-9.207620e-01,-6.003992e-01,-2.143264e-01
8.697217e-01,7.789218e+00,-7.815645e-01,-1.275155e+00,-2.028379e-01,2.555556e-02
3.097157e-01,8.064967e+00,-5.151491e-01,-1.604205e+00,-4.713055e-01,-9.685247e-03
-1.650495e+00,8.839577e+00,2.375083e+00,-1.869545e+00,-6.056803e-01,-6.584304e-02
-4.630968e-01,8.847198e+00,4.847816e+00,-1.881158e+00,-3.429657e-01,1.169929e-02
2.615284e+00,9.404599e+00,6.718848e+00,-1.730088e+00,-2.328852e-01,8.194230e-02
2.746965e+00,9.068447e+00,7.246894e+00,-1.587951e+00,-3.829186e-01,1.363902e-01
8.732249e-02,9.819982e+00,8.035410e+00,-1.329253e+00,-3.413868e-01,2.819489e-01
-1.963483e-01,9.658778e+00,5.716769e+00,-1.148224e+00,-1.032753e-01,4.546428e-01
3.341130e-01,8.074528e+00,2.940264e+00,-1.122350e+00,2.611523e-01,7.352621e-01
2.483772e+00,8.611000e+00,7.101756e-01,-1.415206e+00,1.358548e-01,7.526885e-01
3.880655e+00,9.223838e+00,-4.674540e-01,-1.899903e+00,-5.788800e-01,5.330804e-01
2.127511e+00,9.223152e+00,4.578281e-01,-2.313249e+00,-1.116109e+00,5.545992e-01
6.459682e-01,1.405075e+01,-1.375613e+00,-2.979917e+00,-1.455744e+00,6.771598e-01
-2.856074e-01,1.289207e+01,-5.553660e-01,-3.312867e+00,-1.975924e+00,5.580848e-01
-1.165001e+00,1.368201e+01,6.393883e+00,-3.776651e+00,-2.427624e+00,3.218142e-01
-3.591980e+00,1.887252e+01,1.109853e+01,-3.607211e+00,-1.869924e+00,1.297141e-01
-4.559884e+00,1.509832e+01,1.371884e+01,-1.861112e+00,-6.622515e-01,4.205172e-01
2.355954e-02,3.821280e+00,1.365492e+01,-9.901296e-01,7.661862e-01,5.677078e-01
3.420858e+00,9.117331e+00,8.532368e+00,-2.045811e-01,1.452540e+00,2.573384e-01
3.779017e+00,8.701447e+00,1.012616e+01,1.211103e+00,1.650453e+00,-3.992751e-02
3.925121e+00,4.719986e+00,8.063948e+00,2.881851e+00,1.842448e+00,-3.830936e-01
4.571329e+00,2.929878e+00,7.905546e+00,3.669726e+00,1.899875e+00,-6.143629e-01
5.487202e+00,3.388716e+00,9.382385e+00,4.948860e+00,1.819038e+00,-8.415754e-01
5.371539e+00,3.976362e+00,9.420280e+00,6.034194e+00,1.525533e+00,-8.678501e-01
5.974748e+00,3.343669e+00,1.316554e+01,7.238870e+00,1.018422e+00,-7.848593e-01
5.356899e+00,4.436527e+00,1.241158e+01,7.736483e+00,8.379597e-01,-7.099090e-01
6.236569e+00,4.691754e+00,1.283153e+01,7.447437e+00,4.429545e-01,-5.657870e-01
1.744656e-01,5.279989e+00,9.451806e+00,6.198418e+00,4.583387e-02,-5.226786e-01
-1.122490e+01,-4.781434e+00,5.842640e+00,2.957769e+00,1.664821e+00,-1.843289e-01
-9.077467e+00,-7.125282e+00,5.240713e+00,4.495762e-01,3.261910e+00,7.587789e-01
1.216365e+01,1.311741e+01,-1.579423e+00,-2.927927e+00,2.702713e+00,9.370990e-01
2.150110e+01,2.742341e+01,2.814740e+00,-1.785298e+00,1.087790e+00,1.038769e+00
-5.139578e+00,-8.867844e-01,1.095172e+01,-2.919765e+00,-2.670233e+00,-1.731451e+00
-8.215846e+00,2.859330e+00,1.294295e+01,-2.771828e+00,-6.986406e-01,-1.346905e-01
-8.969622e+00,1.316494e+01,6.939514e+00,-1.526888e+00,1.565969e+00,4.739016e-01
-1.804126e+00,1.170678e+01,7.518112e+00,-1.279812e+00,2.888109e+00,8.382104e-01
7.159805e+00,7.669861e+00,3.117967e+00,-1.135152e+00,2.579538e+00,7.251991e-01
1.016688e+01,9.188835e+00,2.774131e+00,-1.269332e+00,1.039040e+00,1.661581e-01
3.256134e+00,9.782579e+00,3.810035e+00,-1.402976e+00,-8.551962e-01,-3.322604e-01
1.323825e-01,8.571100e+00,3.701283e+00,-1.427958e+00,-9.499185e-01,-3.376799e-01
3.076210e-01,8.326325e+00,3.545135e+00,-1.433860e+00,-9.174894e-01,-3.234126e-01
-3.548988e-01,9.218878e+00,3.799558e+00,-1.425332e+00,-9.760669e-01,-3.581660e-01
-1.935583e+00,8.313011e+00,4.942134e+00,-1.335930e+00,-7.734690e-01,-2.955672e-01
-7.746318e-01,7.900265e+00,5.638128e+00,-1.301022e+00,-4.672557e-01,-1.164799e-01
1.123948e+00,8.206974e+00,5.731086e+00,-1.270200e+00,-2.289980e-01,-4.847024e-03
1.470698e+00,8.400135e+00,5.358017e+00,-1.262127e+00,-3.740152e-01,1.758700e-02
1.472202e+00,7.729651e+00,3.405248e+00,-1.401653e+00,-5.816239e-01,9.259901e-02
1.215152e+00,6.635152e+00,2.569040e+00,-1.603042e+00,-7.472930e-01,8.043997e-02
6.440724e-01,8.190105e+00,1.321407e+00,-2.134865e+00,-1.072912e+00,1.766184e-01
-2.241056e+00,8.899314e+00,2.111742e+00,-2.552088e+00,-1.116046e+00,3.578143e-01
-1.174904e+00,1.048192e+01,2.851724e+00,-3.107830e+00,-6.595264e-01,6.162009e-01
3.589601e+00,1.518476e+01,-1.269842e-01,-3.680964e+00,-8.107563e-01,5.091509e-01
6.109613e+00,1.887413e+01,2.108976e+00,-4.191493e+00,-2.043667e+00,-8.870727e-02
3.288584e+00,1.595575e+01,1.078170e+01,-4.128617e+00,-3.289109e+00,-5.370687e-01
6.025945e-01,1.201150e+01,1.733496e+01,-3.102586e+00,-2.942300e+00,-1.311078e+00
2.166086e-01,5.119369e+00,1.637209e+01,-2.395935e+00,-1.776380e+00,-1.247755e+00
1.412679e+00,1.010909e+01,8.335923e+00,-1.209679e+00,-4.188028e-02,-1.380723e+00
-6.045934e+00,8.169693e+00,9.891891e+00,4.265411e-01,1.359567e+00,-1.950892e+00
4.838819e+00,4.949412e+00,8.578446e+00,1.860510e+00,4.152145e+00,-1.919795e+00
1.007307e+01,6.457986e+00,8.816390e+00,3.216119e+00,4.621649e+00,-2.330486e+00
1.996201e+01,4.637948e+00,7.435171e+00,4.838318e+00,2.932053e+00,-2.529136e+00
2.112117e+01,3.180650e+00,5.562731e+00,5.335478e+00,6.812028e-01,-2.599474e+00
1.179628e+01,3.312512e+00,9.844522e+00,5.915138e+00,-2.846812e+00,-2.968395e+00
4.515966e+00,4.106092e+00,1.138109e+01,6.420258e+00,-3.277993e+00,-2.655914e+00
9.930722e-01,7.090051e+00,1.306353e+01,7.048232e+00,-2.614755e+00,-2.048875e+00
1.540741e+00,7.160802e+00,1.225224e+01,7.121430e+00,-1.951990e+00,-1.556995e+00
-5.500232e-01,8.295105e+00,9.768136e+00,6.018862e+00,-1.077835e+00,-6.156494e-01
3.970153e-02,3.526244e-01,4.268806e+00,4.709557e+00,-6.920630e-01,-4.147701e-01
5.099628e-01,-4.579073e+00,1.632318e+00,1.785189e+00,-5.601910e-01,-8.083334e-02
-1.195936e+00,-3.100185e+00,2.134489e+00,-3.421365e-01,-7.264503e-01,3.323571e-01
-7.383579e-01,1.151860e+01,3.465466e+00,-2.529442e+00,-6.822180e-01,2.735400e-01
2.221791e+00,3.100383e+01,-3.447916e+00,-1.096938e+00,-1.065270e+00,-3.717681e-01
-6.998424e+00,4.918046e+00,5.623620e+00,-1.580630e+00,-6.772460e-01,-4.955522e-01
-3.307855e+00,5.392863e-01,7.993898e+00,-1.931209e+00,9.673055e-01,6.143534e-01
-3.449236e+00,1.181467e+01,8.831772e+00,-1.703970e+00,1.910272e+00,6.758229e-01
6.632569e-01,1.251888e+01,6.982545e+00,-1.236618e+00,2.244611e+00,7.099047e-01
6.217689e+00,7.731105e+00,3.370753e+00,-9.249453e-01,1.103191e+00,1.957324e-01
5.119379e+00,8.376855e+00,2.107779e+00,-9.882711e-01,-2.667547e-02,-4.681180e-02
-2.652642e+00,1.015066e+01,3.244214e+00,-1.041498e+00,-3.870210e-01,-1.781038e-01
-2.464274e+00,9.188649e+00,3.318079e+00,-1.008410e+00,-1.326786e-01,-4.839832e-02
6.848087e-01,8.942379e+00,2.536905e+00,-1.013213e+00,-1.658409e-01,-2.822488e-02
1.156393e+00,8.940000e+00,2.453770e+00,-1.031748e+00,-4.555456e-01,-8.934345e-02
-4.131612e-02,8.686868e+00,1.580605e+00,-1.207535e+00,-9.565608e-01,-2.620079e-01
-1.276408e+00,8.510841e+00,1.679276e+00,-1.312623e+00,-1.078269e+00,-2.984772e-01
-2.473560e+00,8.722513e+00,3.048800e+00,-1.434780e+00,-6.421510e-01,-1.527366e-01
4.469281e-01,8.911075e+00,3.938516e+00,-1.486433e+00,-4.753219e-01,-1.526374e-01
2.165847e+00,8.173786e+00,4.140704e+00,-1.543279e+00,-8.290125e-01,-2.808920e-01
4.624041e-01,7.896218e+00,4.188262e+00,-1.619999e+00,-1.200921e+00,-3.304928e-01
-2.004923e+00,7.585231e+00,4.620923e+00,-1.747076e+00,-1.300808e+00,-2.432080e-01
-1.228857e+00,8.265296e+00,3.768666e+00,-1.962094e+00,-1.139567e+00,-8.636568e-02
-4.995904e-01,8.556740e+00,3.307369e+00,-2.281383e+00,-9.906930e-01,1.218842e-01
2.683212e+00,9.613458e+00,4.027709e+00,-2.577664e+00,-8.979818e-01,1.699137e-01
6.068265e+00,1.209392e+01,3.121229e+00,-3.180849e+00,-1.674923e+00,-1.351327e-01
7.876994e+00,1.540713e+01,8.782515e-01,-3.746738e+00,-2.597414e+00,-3.641159e-01
6.018444e+00,1.649755e+01,2.624122e+00,-4.159287e+00,-3.893472e+00,-9.864549e-01
1.968388e+00,1.309831e+01,1.059730e+01,-4.136142e+00,-4.718244e+00,-1.430016e+00
-5.885230e-01,1.352055e+01,1.795047e+01,-3.430102e+00,-3.999770e+00,-1.905094e+00
-2.793567e+00,1.140044e+01,1.557333e+01,-1.849235e+00,-2.687556e+00,-2.012369e+00
1.898434e+00,-4.071072e-01,1.003048e+01,-7.495166e-01,-7.622399e-01,-2.113455e+00
2.946058e+00,6.391194e+00,4.347867e+00,-2.484120e-02,-3.297173e-01,-2.656276e+00
-4.570914e-02,3.524701e+00,8.245990e+00,2.046339e+00,8.443723e-01,-3.042484e+00
1.615698e+00,1.899651e+00,6.480116e+00,3.005661e+00,1.714101e+00,-2.782094e+00
4.045394e+00,3.542297e+00,8.375567e+00,4.360154e+00,2.186985e+00,-2.785920e+00
5.563630e+00,2.480285e+00,1.078637e+01,5.337329e+00,2.178140e+00,-2.675447e+00
9.337825e+00,3.809089e+00,1.042798e+01,6.757291e+00,1.138638e+00,-2.772777e+00
1.754092e+01,2.075091e+00,1.151769e+01,7.100939e+00,-8.174920e-01,-2.779720e+00
1.846036e+01,1.892603e+00,1.327601e+01,5.979841e+00,-5.628703e+00,-4.185017e+00
-3.739567e+00,-5.340439e-01,1.363441e+01,4.333913e+00,-7.029853e+00,-5.327575e+00
-3.299601e+01,2.238252e-01,6.321787e+00,1.643396e+00,-1.216762e+00,-1.286931e+00
-1.088627e+01,-4.444216e+00,3.123360e+00,2.014465e-01,3.549766e+00,1.540803e+00
-3.561103e+00,1.667275e+01,2.157089e+00,-4.160733e-01,5.887006e+00,2.393333e+00
7.992056e+00,2.025683e+01,8.467179e+00,3.193987e-01,5.966768e+00,1.746238e+00
2.141680e+01,4.157931e-01,4.504876e+00,-1.034936e+00,2.001896e+00,4.780610e-01
8.318742e+00,8.324927e+00,4.973995e+00,-1.202552e+00,-8.931237e-01,-4.702748e-01
-8.276581e+00,1.387969e+01,7.418285e+00,-9.165775e-01,-1.880844e+00,-7.728234e-01
-1.104071e+01,7.998832e+00,5.476871e+00,-5.444502e-01,-4.141126e-01,-1.877774e-01
-1.818710e+00,8.906758e+00,3.087273e+00,-4.707305e-01,9.572896e-01,4.383711e-01
3.064028e+00,1.030647e+01,2.155113e+00,-4.763514e-01,8.384224e-01,3.848939e-01
6.176682e+00,8.504789e+00,1.203000e+00,-6.066532e-01,-9.109551e-01,-1.938377e-01
3.887495e+00,8.508829e+00,1.725132e+00,-7.286868e-01,-2.133131e+00,-5.699134e-01
-3.887888e+00,8.457778e+00,3.230933e+00,-8.156421e-01,-2.397490e+00,-6.663735e-01
-6.310130e+00,8.825022e+00,3.624935e+00,-8.120583e-01,-1.718741e+00,-4.831413e-01
-4.398878e+00,8.784599e+00,3.287742e+00,-7.629857e-01,-3.388477e-01,-4.879168e-02
-1.765160e-01,8.542457e+00,2.682637e+00,-8.190071e-01,-1.027132e-01,-1.065628e-03
8.421381e-01,8.769070e+00,2.361814e+00,-1.030824e+00,-6.145251e-01,-1.574470e-01
-7.566464e-01,9.027581e+00,2.348465e+00,-1.157314e+00,-8.650335e-01,-2.046909e-01
-3.834493e+00,8.328509e+00,1.049158e+00,-1.433587e+00,-4.167573e-01,3.969372e-03
-1.601405e+00,8.276867e+00,9.169347e-01,-1.627645e+00,-1.086920e-01,7.010449e-02
8.834783e-01,7.108212e+00,2.596635e+00,-2.004606e+00,-8.905669e-02,-2.839119e-02
1.859714e+00,7.474952e+00,4.141430e+00,-2.232862e+00,-3.784229e-01,-1.967567e-01
2.825522e+00,8.131657e+00,4.910278e+00,-2.606258e+00,-1.022840e+00,-4.423312e-01
4.416454e+00,8.461803e+00,3.980490e+00,-3.017091e+00,-1.781747e+00,-6.236635e-01
1.063238e+01,1.889721e+01,1.484305e+00,-4.170399e+00,-2.820422e+00,-4.432797e-01
8.640772e+00,1.977987e+01,2.956157e+00,-4.487297e+00,-4.124389e+00,-6.346658e-01
-1.404764e+00,1.741447e+01,1.130069e+01,-3.822161e+00,-4.696593e+00,-6.489109e-01
-8.962879e+00,9.092649e+00,2.042261e+01,-3.071485e+00,-3.024081e+00,-5.117946e-01
-3.070402e+00,8.962445e+00,1.094756e+01,-2.234569e+00,6.086622e-02,6.205854e-01
1.329636e+00,1.197618e+01,7.371722e+00,-9.526671e-01,1.247160e+00,9.266910e-01
5.465242e+00,7.742370e+00,6.866510e+00,1.535630e+00,1.616358e+00,1.484021e+00
6.430974e+00,5.633149e+00,5.603052e+00,2.601304e+00,1.030500e+00,1.884124e+00
2.872146e+00,4.394335e+00,7.153461e+00,4.124389e+00,2.749699e-01,2.265958e+00
-6.292612e-01,3.799212e+00,7.485229e+00,5.258461e+00,1.546839e-01,2.552425e+00
-3.019412e+00,1.040817e+00,9.742255e+00,6.638557e+00,5.915481e-01,2.991568e+00
-1.564077e+00,1.111916e+00,1.163382e+01,7.159401e+00,1.115510e+00,3.333920e+00
-1.215883e+00,4.708799e+00,1.285020e+01,7.638964e+00,1.704465e+00,3.436046e+00
-1.278210e+01,4.013586e+00,1.213038e+01,7.179147e+00,2.559440e+00,3.611155e+00
-2.249518e+01,6.314640e+00,1.528062e+01,5.086933e+00,7.258530e+00,5.072075e+00
-1.361096e+01,-7.164473e+00,1.464121e+01,3.403275e+00,9.986111e+00,5.062106e+00
1.352784e+01,3.913269e+00,1.612356e+01,-2.003457e-01,1.037461e+01,2.287004e+00
2.933016e+01,1.814028e+01,6.150059e+00,2.821977e-01,6.464899e+00,-1.216534e-01
1.776832e+01,6.190829e+00,-1.355082e+00,-2.484342e-01,-4.880653e+00,-3.462315e+00
-6.516126e+00,2.195071e+01,1.238778e+01,-7.400558e-01,-4.680066e+00,-2.536565e+00
-2.283391e+01,3.629058e+00,8.757226e+00,-6.597901e-02,7.200419e-01,-1.372885e+00
-9.112900e+00,4.102731e+00,1.056008e+01,2.462334e-01,3.370827e+00,-1.948854e-01
4.918532e+00,1.321858e+01,8.921113e+00,7.494630e-01,4.089443e+00,5.037166e-01
8.449099e+00,1.062027e+01,5.805115e+00,1.123053e+00,2.975823e+00,5.264790e-01
5.472109e+00,6.717340e+00,2.187603e+00,9.115417e-01,1.351271e+00,7.354415e-02
4.569048e+00,1.028952e+01,2.370000e+00,8.405018e-01,8.151949e-01,-1.523029e-01
3.165933e+00,8.241211e+00,2.235988e+00,7.053539e-01,6.905993e-01,-3.520100e-01
2.780266e-01,7.630406e+00,2.955581e+00,6.191767e-01,6.645589e-01,-2.936212e-01
-2.095501e+00,9.465031e+00,3.813255e+00,6.502029e-01,1.165063e+00,-1.226764e-01
-1.061803e+00,9.632257e+00,3.824063e+00,7.062913e-01,1.640715e+00,5.458337e-03
2.469895e+00,9.436131e+00,2.922621e+00,6.658400e-01,1.835700e+00,1.104080e-01
3.710646e+00,9.115024e+00,2.714378e+00,6.733020e-01,1.490885e+00,4.191136e-02
2.545859e+00,8.934574e+00,2.790590e+00,6.361909e-01,6.457272e-01,-1.507908e-01
8.271477e-01,9.700000e+00,2.936104e+00,6.556341e-01,3.967775e-01,-2.221865e-01
1.353904e+00,9.345960e+00,2.155036e+00,7.075177e-01,4.000970e-01,-2.289409e-01
2.492484e+00,9.944978e+00,9.650223e-01,6.714129e-01,2.567627e-01,-2.553127e-01
4.228124e+00,1.026991e+01,-1.000000e-01,5.718464e-01,-4.508143e-01,-5.567711e-01
4.655443e+00,7.191262e+00,-4.925778e-01,2.016552e-01,-1.116283e+00,-8.368985e-01
-9.025658e-01,1.078662e+01,1.002566e+00,-2.010929e-01,-1.621427e+00,-8.214694e-01
-3.452004e+00,1.447260e+01,4.670679e+00,-2.316492e-01,-1.118112e+00,-5.555845e-01
-2.695839e+00,9.373506e+00,2.839267e+00,-1.215586e-02,4.692359e-01,6.132328e-01
-4.001868e+00,9.474747e+00,2.783040e+00,8.551835e-02,1.525936e+00,1.176966e+00
-1.462667e+00,8.233334e+00,5.275333e+00,5.410277e-01,2.545935e+00,1.749545e+00
-1.313015e+00,5.565988e+00,6.304789e+00,9.866801e-01,2.761901e+00,1.985100e+00
5.020668e-01,4.453602e+00,5.117678e+00,1.612508e+00,2.875413e+00,2.106246e+00
5.600373e+00,5.316534e+00,3.702695e+00,1.878205e+00,2.450318e+00,1.886464e+00
9.335354e+00,9.354200e+00,9.609382e-01,1.840904e+00,9.386374e-01,1.127322e+00
4.734343e+00,8.261882e+00,9.137770e-01,1.623413e+00,-4.274244e-01,3.702088e-01
-4.402404e+00,4.986691e+00,1.823337e+00,7.397033e-01,-6.059879e-01,-2.093354e-01
-4.953506e+00,8.360525e+00,-6.058505e-01,2.430416e-01,3.719552e-01,-1.000615e-01
2.265044e-01,2.320941e+01,-4.850041e+00,2.091495e+00,8.780338e-01,-9.209842e-02
-3.193459e+00,5.475440e+00,-2.628541e+00,1.040935e+00,7.853065e-01,-1.396409e-01
4.699430e+00,6.857795e+00,-2.176464e+00,3.460913e-01,1.332368e+00,2.921141e-01
6.753110e+00,9.890644e+00,-2.549833e+00,-1.236431e-01,7.816148e-01,3.275774e-01
4.386657e+00,9.983883e+00,-2.185764e+00,-3.594680e-01,-4.347451e-01,-1.497372e-01
5.561444e-01,8.460306e+00,6.155278e-01,-4.703189e-01,-7.265257e-01,-2.282310e-01
5.868796e-02,9.688511e+00,1.999646e+00,-1.656352e-01,-3.905293e-01,-2.508573e-01
3.829958e-01,9.405460e+00,1.452415e+00,-4.480785e-02,-1.346819e-01,-2.054821e-01
1.120120e+00,1.054556e+01,1.711933e+00,1.672050e-01,1.226190e-01,8.278829e-03
1.701273e+00,9.690960e+00,1.495427e+00,3.140973e-01,3.279820e-01,-2.072913e-02
5.341010e+00,1.005042e+01,5.914880e-01,1.656150e-01,1.752273e-01,-8.636510e-04
4.293619e+00,9.512890e+00,1.830307e-01,1.456435e-01,-3.159102e-01,-1.351088e-01
1.091772e+00,9.569236e+00,-8.665706e-02,1.225790e-01,-8.628047e-01,-3.133333e-01
-1.525969e+00,9.965504e+00,7.200000e-01,2.052596e-01,-6.903684e-01,-3.045511e-01
-1.314943e+00,9.803041e+00,-2.050691e-01,2.522222e-01,-9.596480e-02,-1.139556e-01
-1.965590e-01,9.770731e+00,-9.254206e-01,2.526371e-01,2.005192e-01,5.862482e-02
6.772213e-01,9.169890e+00,-1.203222e+00,2.371756e-01,4.120373e-01,1.328472e-01
2.528418e+00,9.309642e+00,-1.249490e+00,9.763680e-02,4.158244e-01,1.108411e-01
3.688317e+00,9.551350e+00,-1.013366e+00,5.109993e-02,8.616723e-02,-1.603648e-02
2.999019e+00,8.748398e+00,-1.057304e+00,4.010314e-02,-2.117680e-01,-8.708581e-02
5.173474e-01,9.936021e+00,-1.372986e-01,5.059278e-02,-3.894890e-01,-9.872530e-02
-5.537349e-02,9.224754e+00,-3.041893e-01,1.195311e-01,-2.649397e-01,-7.420585e-02
7.466252e-01,1.018467e+01,-3.272147e-01,1.729328e-01,3.708810e-02,-6.592352e-03
2.295888e+00,9.804770e+00,-1.321743e+00,2.312919e-01,4.359665e-02,-3.041562e-03
2.219899e+00,9.293831e+00,-1.586270e+00,1.666073e-01,-1.462262e-01,-1.457114e-02
1.469760e+00,9.667230e+00,-1.502530e+00,7.488682e-02,-2.283602e-01,-6.600138e-02
1.339015e+00,9.806360e+00,-1.585803e+00,-9.972321e-02,-2.840561e-01,-8.484302e-02
9.279825e-01,9.553181e+00,-1.528586e+00,-1.676986e-01,-2.952380e-01,-9.003598e-02
3.046215e-01,9.496554e+00,-1.404203e+00,-2.448634e-01,-1.904380e-01,-3.490588e-02
6.400336e-01,9.540314e+00,-1.520348e+00,-2.741357e-01,-3.423833e-02,9.094706e-03
1.864822e+00,9.027582e+00,-2.589653e+00,-2.872554e-01,1.049963e-01,1.164087e-02
2.868020e+00,9.499776e+00,-2.849664e+00,-2.672416e-01,4.221762e-02,-8.820751e-02
3.139968e+00,8.710937e+00,-1.913947e+00,-2.817832e-01,-2.879930e-01,-2.802174e-01
2.341392e+00,9.212576e+00,-1.476238e+00,-4.850397e-01,-5.105811e-01,-3.525225e-01
1.273491e+00,1.044495e+01,-8.457091e-01,-5.360188e-01,-7.182076e-01,-4.162593e-01
2.589682e-01,8.918864e+00,-4.013288e-01,-4.640475e-01,-5.890484e-01,-5.168253e-01
1.596073e+00,9.654258e+00,3.298248e-01,-5.832361e-01,-4.344861e-01,-4.523171e-01
2.232935e+00,9.843540e+00,1.560575e+00,-5.894083e-01,-5.919269e-01,-4.714630e-01
1.360398e-01,9.741428e+00,2.730000e+00,-6.164824e-01,-9.064536e-01,-4.928497e-01
-1.487603e+00,9.809367e+00,2.829667e+00,-5.501185e-01,-7.302269e-01,-4.086548e-01
-2.646346e+00,9.803522e+00,2.772639e+00,-3.049387e-01,-9.031671e-02,-1.672341e-01
1.391752e-02,1.027307e+01,1.613740e+00,-1.490964e-01,2.288939e-01,1.203192e-03
1.402496e+00,9.733655e+00,7.881104e-01,1.030842e-01,1.179415e-01,4.630398e-03
6.751509e-01,9.149569e+00,9.748168e-01,1.262941e-01,6.053578e-02,-7.268824e-02
-8.066922e-01,9.902481e+00,1.877338e+00,-5.317052e-02,3.483316e-01,-6.274337e-02
8.254408e-01,1.050826e+01,1.529659e+00,-9.046039e-02,6.061606e-01,1.007953e-01
1.930302e+00,9.661210e+00,9.580605e-01,6.759482e-02,3.287818e-01,5.363827e-02
1.487982e+00,9.243460e+00,8.910091e-01,1.114468e-01,1.702162e-01,-4.394864e-02
5.402208e-01,9.764593e+00,9.637776e-01,1.366008e-01,1.041243e-01,-4.904429e-02
7.696207e-02,9.726519e+00,8.330592e-01,1.355407e-01,1.486358e-01,1.510892e-02
5.071447e-01,9.736974e+00,3.619319e-01,1.388761e-01,2.091571e-01,7.166027e-02
8.239252e-01,9.692911e+00,2.073416e-01,1.300895e-01,1.847302e-01,5.693507e-02
1.121126e+00,9.572696e+00,1.300000e-01,1.093836e-01,6.889276e-02,3.034628e-02
8.967285e-01,9.689974e+00,1.100000e-01,8.434941e-02,-2.418998e-02,1.044453e-02
7.588418e-01,9.770290e+00,1.100000e-01,6.866978e-02,-1.157280e-01,-2.175291e-02
6.562238e-01,9.761778e+00,6.444555e-02,6.393356e-02,-1.545957e-01,-3.942955e-02
1.184445e-01,9.828444e+00,3.626944e-01,5.750260e-02,-1.803440e-01,-4.444444e-02
-2.405654e-02,9.737657e+00,3.629717e-01,5.107665e-02,-1.517570e-01,-2.645989e-02
-6.346950e-02,9.715335e+00,3.618659e-01,5.247825e-02,-5.986574e-02,1.606762e-02
1.153408e-01,9.652255e+00,3.711276e-01,5.834232e-02,-3.696452e-03,3.304208e-02
4.539902e-01,9.756672e+00,4.540066e-01,7.658370e-02,2.994192e-02,4.884740e-02
5.832242e-01,9.742204e+00,3.211839e-01,7.120111e-02,4.103911e-02,6.544755e-02
6.392454e-01,9.791886e+00,3.541501e-01,7.425918e-02,3.662047e-02,7.199076e-02
5.266745e-01,9.814548e+00,5.787779e-01,9.438740e-02,3.333333e-02,7.353476e-02
2.062974e-01,9.768149e+00,7.918513e-01,1.430358e-01,8.034406e-02,1.247312e-01
2.659632e-01,9.663633e+00,7.140368e-01,1.807878e-01,1.270937e-01,1.573217e-01
4.017668e-01,9.681471e+00,1.435247e-01,1.948085e-01,1.517242e-01,1.833523e-01
6.149871e-01,9.730496e+00,-2.689819e-01,1.901452e-01,1.500000e-01,1.983807e-01
1.032321e+00,9.687679e+00,-6.830943e-01,1.580564e-01,7.732058e-02,1.895838e-01
1.069240e+00,9.650304e+00,-7.292399e-01,1.013862e-01,1.916395e-02,1.568195e-01
9.539307e-01,9.723931e+00,-4.662426e-01,2.447523e-02,-1.995922e-02,1.193375e-01
1.038796e+00,9.660602e+00,-3.274692e-01,-1.929877e-02,-1.838189e-02,1.072708e-01
1.190680e+00,9.580408e+00,-1.494561e-01,-5.207475e-02,-1.091838e-02,9.589576e-02
1.228312e+00,9.628312e+00,-2.831214e-02,-5.232420e-02,-1.444444e-02,8.464841e-02
1.096425e+00,9.587745e+00,-1.776170e-01,-6.536727e-02,-1.648210e-02,7.592840e-02
9.158621e-01,9.800000e+00,7.379299e-02,-6.262246e-02,-8.178013e-03,7.222222e-02
7.898312e-01,9.819831e+00,4.881429e-01,-3.216122e-02,3.178089e-02,7.238967e-02
8.122071e-01,9.630441e+00,5.591171e-01,-1.068405e-02,3.928193e-02,7.818783e-02
9.193687e-01,9.802658e+00,4.500000e-01,3.836431e-02,1.719124e-02,1.027964e-01
5.832709e-01,9.920692e+00,4.993083e-01,6.153288e-02,1.640486e-03,1.263467e-01
6.500472e-01,9.709973e+00,3.399651e-01,9.739049e-02,1.003570e-01,1.840572e-01
1.081703e+00,9.510292e+00,4.927003e-02,1.133333e-01,1.460919e-01,1.888504e-01
1.574972e+00,9.702542e+00,-1.898890e-01,1.136460e-01,1.075095e-01,1.621272e-01
1.512798e+00,9.663549e+00,-2.807515e-01,9.694764e-02,7.475663e-02,1.435831e-01
1.500394e+00,9.590394e+00,-3.496057e-01,4.861538e-02,7.444444e-02,1.150028e-01
1.575786e+00,9.562408e+00,-3.587960e-01,2.123966e-02,6.522804e-02,1.004959e-01
1.585810e+00,9.674190e+00,-2.722532e-01,-1.714479e-02,4.813949e-02,7.494179e-02
1.658705e+00,9.672870e+00,-1.784248e-01,-3.616800e-02,3.676289e-02,4.948378e-02
1.759229e+00,9.706145e+00,2.385490e-02,-5.285174e-02,-4.723080e-03,-3.783748e-05
1.712632e+00,9.650658e+00,8.868418e-02,-5.052194e-02,-4.507523e-02,-2.376240e-02
1.331730e+00,9.730000e+00,2.352199e-01,-3.892657e-02,-7.109604e-02,-4.330319e-02
1.192619e+00,9.708928e+00,2.563093e-01,-2.548379e-02,-5.780050e-02,-4.546107e-02
1.231577e+00,9.699054e+00,1.693693e-01,-3.144618e-03,-7.558602e-03,-3.466362e-02
1.315659e+00,9.687829e+00,1.143412e-01,9.163799e-03,-2.776631e-03,-3.472165e-02
1.347977e+00,9.675955e+00,2.000000e-02,1.667685e-02,-2.446482e-02,-4.002037e-02
1.270000e+00,9.674891e+00,-2.489147e-02,1.970474e-02,-3.533800e-02,-4.511267e-02
1.240453e+00,9.660453e+00,-1.000000e-01,1.158269e-02,-2.841731e-02,-4.959626e-02
1.259733e+00,9.689465e+00,-9.026728e-02,8.318175e-03,-2.402399e-02,-5.528536e-02
1.293227e+00,9.598707e+00,-5.032039e-02,7.777778e-03,-7.054233e-03,-7.305650e-02
1.383210e+00,9.617737e+00,-3.580249e-02,-1.897048e-02,9.588191e-03,-7.764051e-02
1.550000e+00,9.720456e+00,-1.106082e-01,-5.312372e-02,-1.322018e-02,-1.072621e-01
1.382180e+00,9.535563e+00,8.496587e-03,-7.268644e-02,-2.557216e-02,-1.496267e-01
1.415487e+00,9.958226e+00,1.135487e-01,-1.378287e-01,-2.793105e-03,-1.883996e-01
1.743658e+00,9.762684e+00,8.870772e-02,-1.018129e-01,-4.558718e-02,-1.965911e-01
1.686259e+00,9.475496e+00,-1.068706e-02,-2.799174e-02,-2.218982e-01,-2.126975e-01
1.250055e+00,9.644733e+00,-4.492932e-02,1.367662e-02,-3.040504e-01,-2.277625e-01
1.123261e-01,9.737475e+00,2.001988e-01,4.688761e-02,-2.492827e-01,-2.228978e-01
6.637834e-02,9.809359e+00,2.783012e-01,5.000000e-02,-1.323977e-01,-1.717427e-01
7.020824e-01,9.830000e+00,8.395881e-02,4.387601e-02,-2.692512e-02,-5.366049e-02
9.562068e-01,9.820253e+00,3.000000e-02,5.846415e-02,-7.230842e-02,-2.220991e-02
4.759962e-01,9.535430e+00,2.177148e-01,4.833909e-02,-1.598339e-01,-3.716494e-02
2.204172e-01,9.776751e+00,2.677497e-01,1.415620e-02,-1.410128e-01,-4.123771e-02
5.761428e-01,9.725099e+00,8.627474e-02,3.503186e-02,-6.366588e-02,-6.539234e-03
8.095764e-01,9.582118e+00,-4.127095e-02,4.257563e-02,-5.446989e-02,-2.601075e-03
8.023737e-01,9.727626e+00,-8.762629e-02,3.772033e-02,-2.837185e-02,-1.806502e-02
8.843441e-01,9.681793e+00,-1.017930e-01,3.271481e-02,-1.175870e-04,-2.333333e-02
1.153028e+00,9.720000e+00,-2.100000e-01,1.421539e-02,2.859147e-03,-3.738598e-02
1.163149e+00,9.738287e+00,-2.074308e-01,-1.953106e-03,-2.344614e-02,-6.436629e-02
9.576614e-01,9.718237e+00,-1.494240e-01,-2.417734e-02,-5.639957e-02,-8.545539e-02
7.646926e-01,9.690670e+00,-3.234629e-02,-2.949268e-02,-6.747588e-02,-8.798320e-02
5.524705e-01,9.745020e+00,5.752953e-02,-3.525776e-02,-5.871872e-02,-7.863363e-02
4.841834e-01,9.750000e+00,1.019389e-01,-2.777778e-02,-5.236952e-02,-6.599745e-02
4.190119e-01,9.750659e+00,1.493413e-01,-1.495874e-02,-2.396404e-02,-3.932065e-02
4.184470e-01,9.779482e+00,1.300000e-01,-5.617479e-03,-9.490887e-03,-1.423633e-02
4.140081e-01,9.724002e+00,8.200115e-02,4.127919e-03,6.350141e-03,1.930364e-02
4.339440e-01,9.772112e+00,8.197201e-02,7.182848e-03,1.710410e-02,4.006122e-02
5.661843e-01,9.691145e+00,2.038157e-02,1.876896e-02,4.985840e-02,6.791938e-02
7.158105e-01,9.729401e+00,2.940150e-02,2.333333e-02,4.978492e-02,7.222222e-02
9.438497e-01,9.695133e+00,-8.000000e-02,2.197844e-02,4.940466e-02,6.544777e-02
1.018170e+00,9.719107e+00,-7.727671e-02,1.698533e-02,3.508177e-02,5.389099e-02
1.060997e+00,9.689502e+00,-7.975080e-02,7.365059e-03,2.057135e-02,3.258721e-02
1.073050e+00,9.678983e+00,-1.239002e-01,3.301547e-03,6.209508e-03,1.330155e-02
8.927447e-01,9.721814e+00,-3.000000e-02,-3.402686e-03,-8.796419e-03,9.247009e-05
8.475516e-01,9.724897e+00,0,-6.494155e-03,-1.111111e-02,-1.877199e-03
8.004692e-01,9.730469e+00,-9.530835e-03,-2.612586e-03,-1.046050e-02,-5.555556e-03
7.611152e-01,9.720000e+00,-1.665429e-02,-4.444444e-03,-5.202883e-03,-4.950070e-03
7.544720e-01,9.721843e+00,-1.447204e-02,2.999311e-03,-6.714384e-03,-2.365374e-03
7.332147e-01,9.730000e+00,1.547649e-02,-4.063595e-03,-7.396928e-03,1.841373e-03
7.507906e-01,9.713684e+00,-3.683757e-03,1.411712e-06,5.561202e-03,1.111817e-02
7.581202e-01,9.720000e+00,-1.879792e-03,6.323527e-03,1.666667e-02,1.471896e-02
8.895086e-01,9.710000e+00,0,5.733204e-03,1.146641e-02,1.520026e-02
9.291122e-01,9.720888e+00,2.733664e-02,4.164655e-03,1.028247e-02,1.027979e-02
9.092488e-01,9.740000e+00,-3.899837e-02,7.831433e-03,-1.057456e-03,1.799240e-03
8.800000e-01,9.722566e+00,8.716864e-03,1.038900e-02,-4.203742e-03,-2.222222e-03
8.400000e-01,9.714131e+00,-5.868916e-03,6.554660e-03,-4.332438e-03,-1.167114e-03
8.574675e-01,9.700000e+00,-4.240239e-02,3.333333e-03,-1.795472e-04,-3.153786e-03
8.302148e-01,9.730107e+00,-2.010740e-02,3.025635e-03,-4.752143e-03,-5.153849e-03
8.408696e-01,9.721739e+00,-3.913042e-02,1.952614e-03,-3.872549e-03,-6.936274e-03
8.384786e-01,9.728479e+00,-4.543591e-02,-9.673196e-04,-1.422876e-02,-8.745097e-03
8.322397e-01,9.715521e+00,-7.760327e-03,-1.281808e-03,-7.948474e-03,-1.094041e-02
8.800000e-01,9.720000e+00,-1.605235e-04,9.125398e-04,-3.929047e-03,-1.111111e-02
8.800000e-01,9.728765e+00,-1.234745e-03,1.361420e-03,-1.014043e-02,-1.358364e-02
8.236519e-01,9.718783e+00,1.121729e-02,5.555556e-03,-9.045369e-03,-1.333333e-02
8.400000e-01,9.722089e+00,-3.582165e-02,5.359284e-03,-9.085160e-03,-1.686294e-02
7.900000e-01,9.729262e+00,-5.926154e-02,3.333333e-03,-1.075804e-02,-1.555556e-02
7.594537e-01,9.728907e+00,-6.054628e-02,5.252640e-05,-4.496971e-03,-1.529091e-02
8.386503e-01,9.720000e+00,-5.865031e-02,-2.222222e-03,-2.498504e-03,-1.374776e-02
8.174810e-01,9.734962e+00,-5.244310e-02,-9.403092e-03,-1.344960e-02,-1.626873e-02
7.506714e-01,9.727986e+00,-6.714445e-04,-6.549194e-03,-9.412639e-03,-1.111111e-02
7.700000e-01,9.721158e+00,1.157817e-03,-5.876864e-03,-1.374379e-03,-1.084784e-02
8.397687e-01,9.720000e+00,8.046256e-02,-3.510838e-03,-6.666667e-03,-7.964499e-03
8.078093e-01,9.728763e+00,5.780928e-02,2.107790e-03,-9.656702e-03,-9.885567e-03
7.300000e-01,9.729927e+00,2.000000e-02,8.698612e-03,-8.508336e-03,-7.206948e-03
7.390924e-01,9.701815e+00,1.815204e-03,1.284016e-02,1.357698e-03,-2.840160e-03
7.818138e-01,9.710000e+00,-4.362765e-02,1.097759e-02,3.266574e-03,3.266574e-03
7.945321e-01,9.710000e+00,-6.546787e-02,7.147829e-03,5.435265e-03,5.194684e-03
8.393415e-01,9.729780e+00,-6.934145e-02,2.435134e-03,-2.129121e-04,4.231532e-03
8.100000e-01,9.729149e+00,-5.829760e-02,1.953357e-03,-2.562386e-03,1.111111e-03
8.035242e-01,9.701762e+00,-2.647575e-02,-5.555556e-03,-3.274674e-03,5.865945e-05
8.100000e-01,9.720000e+00,-7.796976e-03,-5.555556e-03,9.173209e-04,0
8.298976e-01,9.749795e+00,0,-2.071465e-03,1.920708e-04,9.190403e-04
8.200000e-01,9.748489e+00,2.773324e-02,-1.111111e-03,2.222222e-03,-1.370904e-03
8.559083e-01,9.710153e+00,6.212222e-02,-1.748828e-04,1.067390e-03,-3.202171e-03
8.584325e-01,9.695784e+00,-2.000000e-02,1.458344e-03,-5.416662e-03,-2.222222e-03
7.694810e-01,9.740000e+00,-5.948101e-02,3.815798e-03,-8.070143e-03,-4.824643e-04
7.795969e-01,9.720403e+00,-8.919389e-02,3.512602e-03,2.042953e-03,-3.333333e-03
8.711009e-01,9.725550e+00,-5.000000e-02,-9.304040e-04,3.011785e-04,-5.374848e-03
7.955007e-01,9.724200e+00,-1.420028e-02,-4.045630e-03,-1.071230e-02,-6.533729e-03
8.000000e-01,9.720870e+00,0,0,-8.864946e-03,-3.333333e-03
8.284117e-01,9.711588e+00,9.470569e-03,2.534464e-03,-3.021091e-03,-3.819960e-03
8.177824e-01,9.727782e+00,4.435294e-03,4.421335e-03,-4.467554e-03,-3.333333e-03
8.100000e-01,9.720000e+00,2.612096e-02,7.342524e-03,-1.111111e-03,-3.442147e-03
7.994341e-01,9.719434e+00,-3.943408e-02,4.933275e-03,-4.822309e-03,-1.111111e-03
7.994402e-01,9.719440e+00,-3.944020e-02,4.931460e-03,-6.529588e-03,-2.222222e-03
8.000000e-01,9.722244e+00,-2.673078e-02,1.150674e-03,-5.934493e-05,-2.182659e-03
8.100000e-01,9.735920e+00,-4.000000e-02,-8.944429e-04,-2.149999e-03,-1.183334e-03
8.493868e-01,9.710000e+00,-1.226449e-03,8.639122e-04,6.167134e-04,-2.469421e-03
8.400000e-01,9.719276e+00,-1.536219e-02,-1.268827e-03,-6.189969e-03,-1.428318e-03
7.978308e-01,9.735662e+00,0,-1.187878e-03,-3.563633e-03,-3.218183e-03
7.853258e-01,9.725326e+00,3.733710e-02,1.897154e-03,-4.107730e-04,-1.743496e-03
8.374611e-01,9.720000e+00,1.746112e-02,-1.076189e-03,3.263490e-03,1.146033e-03
8.499733e-01,9.729973e+00,5.337879e-05,-2.136176e-03,8.978677e-04,1.623644e-03
8.112399e-01,9.700620e+00,-1.938003e-02,3.333333e-03,-4.940695e-04,1.522472e-03
8.171844e-01,9.720000e+00,-2.718438e-02,2.416418e-04,1.610945e-04,2.302769e-03
8.036263e-01,9.728187e+00,-7.000000e-02,-1.185037e-03,3.481184e-03,1.108883e-04
8.586909e-01,9.710327e+00,-3.130910e-02,-2.101065e-03,4.631354e-03,-3.080672e-04
8.379154e-01,9.729583e+00,-3.833231e-02,-3.333333e-03,-8.357361e-03,-9.179167e-04
7.374392e-01,9.727439e+00,1.768246e-02,-4.322552e-03,-7.154235e-03,-9.892189e-04
7.982476e-01,9.720350e+00,2.035048e-02,-6.108243e-03,3.903230e-03,3.891757e-03
8.574081e-01,9.711296e+00,2.000000e-02,-3.089153e-04,1.098656e-02,4.289987e-03
8.800000e-01,9.719044e+00,1.000000e-02,2.357396e-03,-4.985138e-03,0
8.328361e-01,9.715672e+00,2.149178e-02,3.313931e-03,-8.811281e-03,0
8.100000e-01,9.739306e+00,-6.943556e-04,3.333333e-03,-2.782688e-04,-1.319322e-03
8.011076e-01,9.720000e+00,-3.778474e-02,2.630505e-03,5.251677e-03,8.072323e-04
8.100000e-01,9.716099e+00,-3.609930e-02,1.263777e-03,8.821128e-04,0
8.014140e-01,9.720000e+00,-5.429301e-02,1.111111e-03,-1.928035e-03,1.111111e-03
8.100000e-01,9.729536e+00,-9.536178e-03,-2.436886e-03,-3.333333e-03,1.363566e-03
8.197387e-01,9.700523e+00,0,-6.062528e-03,-2.049036e-04,-1.413180e-03
8.344407e-01,9.708881e+00,-2.333900e-02,-4.566070e-04,-5.174198e-04,-2.480932e-03
8.360608e-01,9.756061e+00,0,-6.306612e-03,-2.366244e-03,-1.327144e-03
8.319244e-01,9.682566e+00,-1.064146e-02,-2.861963e-03,-6.195296e-03,-3.569019e-03
8.600000e-01,9.739357e+00,-6.433730e-04,-9.880812e-04,-2.468282e-03,-7.654748e-03
7.800000e-01,9.725543e+00,1.222848e-02,-1.592157e-03,-7.628759e-03,-5.074510e-03
8.020240e-01,9.704048e+00,-8.095849e-03,5.226794e-03,-3.579904e-03,-3.333333e-03
8.455589e-01,9.730740e+00,-3.370093e-02,-7.963523e-04,-3.622289e-03,-4.540763e-03
7.900000e-01,9.720651e+00,-7.032538e-02,-5.164170e-03,7.197258e-04,-4.705368e-03
8.756250e-01,9.704375e+00,-4.124990e-02,-5.060064e-05,-2.222222e-03,-5.580856e-03
8.239775e-01,9.722008e+00,-7.992499e-03,-6.220454e-03,-8.219570e-03,-7.666225e-03
7.402458e-01,9.719754e+00,-9.754190e-03,-9.556729e-03,-6.666667e-03,-7.112871e-03
8.061204e-01,9.719353e+00,0,-5.079890e-03,-8.732784e-04,-1.111111e-03
8.679177e-01,9.737918e+00,6.247007e-03,1.094660e-03,-1.094660e-03,-1.111111e-03
8.417717e-01,9.700000e+00,2.000000e-02,1.111111e-03,-3.333333e-03,-5.234843e-03
8.100000e-01,9.729727e+00,0,1.111111e-03,-5.013721e-03,-5.013721e-03
8.092906e-01,9.728581e+00,-7.093750e-04,4.159443e-03,-4.985553e-03,-5.555556e-03
7.918927e-01,9.738107e+00,-8.107296e-03,-3.030485e-03,-5.313277e-03,-4.505014e-03
7.900000e-01,9.717402e+00,-3.000000e-02,-1.628750e-03,-6.660069e-04,-3.481701e-03
8.199314e-01,9.710023e+00,-1.009146e-02,1.317390e-03,6.985530e-04,-2.015943e-03
8.106497e-01,9.740000e+00,-3.000000e-02,9.904386e-04,-2.342895e-03,-3.695351e-03
8.100000e-01,9.728038e+00,-2.803810e-02,-1.056690e-03,-7.560094e-03,-3.496596e-03
8.050741e-01,9.730000e+00,-1.507413e-02,-1.498116e-03,-2.996233e-03,-3.333333e-03
8.100000e-01,9.730000e+00,-1.065724e-02,-5.307708e-04,3.687181e-03,3.538472e-04
8.180273e-01,9.710000e+00,-3.945386e-03,0,1.046034e-03,2.222222e-03
8.192579e-01,9.721484e+00,0,1.556376e-03,4.452651e-04,6.678977e-04
7.904618e-01,9.740924e+00,3.815286e-02,5.494158e-04,-2.869874e-04,1.810160e-03
8.208818e-01,9.710294e+00,-1.029394e-02,5.777250e-03,3.333993e-03,2.444576e-03
8.597198e-01,9.729720e+00,-5.604912e-04,-1.981373e-03,-4.816986e-04,3.092484e-03
7.761700e-01,9.735887e+00,-4.000000e-02,1.083337e-03,-1.000013e-03,1.055562e-03
8.398592e-01,9.720282e+00,-5.000000e-02,-3.793246e-04,3.080450e-03,-1.111111e-03
8.446044e-01,9.711711e+00,-1.657876e-02,-2.385316e-03,-2.344543e-03,-2.222222e-03
7.517688e-01,9.729116e+00,0,-2.495307e-03,-4.034817e-03,-1.365425e-04
8.102435e-01,9.721136e+00,-1.991884e-02,-7.601357e-03,2.927905e-03,3.528413e-04
8.376688e-01,9.842736e+00,7.506752e-02,-6.182772e-04,3.642472e-03,2.060924e-04
8.787880e-01,9.631212e+00,0,5.421631e-03,1.284753e-03,-2.678483e-04
8.202409e-01,9.729277e+00,1.975910e-02,4.558207e-03,-5.441793e-03,-2.222222e-03
7.762004e-01,9.722401e+00,-2.620038e-02,4.448579e-03,-4.440310e-03,-3.325065e-03
7.765163e-01,9.721742e+00,-4.174184e-02,3.635804e-03,-1.413582e-03,1.768516e-03
7.700000e-01,9.740000e+00,-1.061982e-02,3.127224e-03,5.555556e-03,3.539443e-03
8.052007e-01,9.731200e+00,-7.640056e-02,3.789020e-03,5.227843e-03,2.222222e-03
7.575593e-01,9.700571e+00,-1.238192e-01,-1.044522e-02,-2.917154e-03,1.194347e-03
6.247618e-01,9.762666e+00,1.632376e-01,-1.385571e-02,9.040552e-03,5.697740e-04
5.112510e-01,9.757961e+00,-8.910100e-02,-2.988773e-02,2.561169e-02,3.278334e-02
-4.216266e-01,9.513777e+00,-7.874116e-02,-7.561570e-02,9.461740e-03,7.182078e-02
-3.368286e-01,9.790454e+00,3.268196e-01,-5.563429e-02,2.026572e-01,1.168192e-01
6.649384e-01,9.725100e+00,2.131874e-01,1.222222e-02,3.931795e-01,2.299717e-01
6.884784e-01,9.812236e+00,1.219410e-01,1.018478e-02,2.878557e-01,2.654656e-01
-7.341777e-02,9.697583e+00,-5.141536e-02,1.849017e-02,1.880087e-01,3.067494e-01
9.035854e-01,9.670000e+00,-2.971184e-01,3.723138e-02,3.199634e-01,3.234426e-01
2.308675e+00,9.589212e+00,-4.873679e-01,1.633111e-02,2.479055e-01,2.693289e-01
2.287296e+00,9.657459e+00,-4.385661e-01,-1.919353e-02,1.077214e-01,2.069167e-01
2.031918e+00,9.615151e+00,-2.719184e-01,-9.034495e-02,-1.430746e-02,1.242107e-01
2.103249e+00,9.538917e+00,-6.711184e-02,-1.237595e-01,-2.480910e-03,6.251998e-02
2.403432e+00,9.603910e+00,1.295218e-01,-1.426046e-01,1.180393e-02,-3.407840e-02
2.472055e+00,9.776006e+00,5.299568e-01,-1.521132e-01,-2.489412e-02,-9.815932e-02
2.028144e+00,9.684867e+00,6.502651e-01,-1.162176e-01,-1.324155e-01,-1.811119e-01
1.063859e+00,9.740000e+00,7.903612e-01,-7.081594e-02,-1.599305e-01,-2.291146e-01
7.698788e-01,9.759931e+00,7.798615e-01,-3.699912e-03,-9.003441e-02,-2.304926e-01
8.121300e-01,9.681968e+00,4.621300e-01,3.228276e-02,-3.300234e-02,-2.165163e-01
6.670764e-01,9.741436e+00,3.242562e-01,6.260989e-02,-2.302326e-02,-1.821446e-01
4.279912e-01,9.749817e+00,2.572607e-01,8.137209e-02,-3.850134e-02,-1.217714e-01
3.009621e-01,9.740000e+00,1.004811e-01,8.345231e-02,-1.734217e-02,-9.238151e-02
7.723575e-01,9.683903e+00,-7.016248e-02,8.131905e-02,1.806338e-03,-7.298468e-02
9.236104e-01,9.652049e+00,-9.409740e-02,7.598729e-02,-2.382862e-02,-6.362116e-02
9.187099e-01,9.651290e+00,-9.967748e-02,6.180378e-02,-6.934339e-02,-6.463564e-02
8.567017e-01,9.690000e+00,-6.670169e-02,4.458540e-02,-8.292910e-02,-6.745439e-02
9.089430e-01,9.681987e+00,-8.701902e-02,2.821205e-02,-7.577269e-02,-6.233079e-02
1.029643e+00,9.731378e+00,-2.724499e-02,1.163405e-02,-7.562078e-02,-6.673189e-02
1.143260e+00,9.664718e+00,-3.000000e-02,3.445201e-03,-1.001194e-01,-7.989570e-02
1.107197e+00,9.700000e+00,-2.802950e-03,-2.423548e-03,-1.576062e-01,-1.049142e-01
7.874177e-01,9.729032e+00,5.032279e-02,-4.604689e-03,-1.860469e-01,-1.201602e-01
5.335549e-01,9.704297e+00,0,-2.799130e-03,-1.817734e-01,-1.192735e-01
4.210670e-01,9.739466e+00,9.733246e-03,-1.202273e-03,-1.215444e-01,-1.018747e-01
3.600000e-01,9.738433e+00,0,-2.083581e-03,-7.320064e-02,-8.416915e-02
4.701916e-01,9.720000e+00,2.395403e-04,-5.815679e-03,-3.092160e-02,-6.340395e-02
5.718333e-01,9.718167e+00,4.549975e-02,-7.777778e-03,-1.330480e-02,-4.688188e-02
6.200000e-01,9.738399e+00,7.000000e-02,-5.555556e-03,-1.352833e-02,-4.111111e-02
5.685330e-01,9.737683e+00,1.000000e-01,1.494417e-03,-3.363998e-02,-3.651334e-02
4.699345e-01,9.760000e+00,5.002184e-02,4.865076e-03,-3.250264e-02,-2.652646e-02
4.518120e-01,9.728188e+00,2.818805e-02,7.777778e-03,-1.764489e-02,-1.342255e-02
5.184556e-01,9.720515e+00,-1.948518e-02,5.615592e-03,6.396061e-03,6.906811e-03
5.669619e-01,9.728987e+00,-3.797458e-02,6.381016e-03,2.092068e-02,1.111111e-02
6.312291e-01,9.750000e+00,-1.245821e-02,2.377772e-03,1.219996e-02,1.397780e-02
6.400000e-01,9.725159e+00,1.656084e-02,-2.462613e-03,1.174144e-02,1.531516e-02
6.593972e-01,9.739799e+00,1.959814e-02,-5.839325e-03,8.463235e-03,1.487010e-02
6.300000e-01,9.750000e+00,9.900733e-02,-4.281146e-03,5.473906e-03,1.674832e-02
6.300000e-01,9.742412e+00,1.200000e-01,3.694684e-03,1.036135e-02,2.073623e-02
6.516005e-01,9.751601e+00,1.251984e-01,1.108147e-02,1.566584e-02,2.566584e-02
6.693124e-01,9.760000e+00,7.896863e-02,2.136768e-02,2.051313e-02,2.568384e-02
7.259937e-01,9.714006e+00,4.667721e-02,2.615784e-02,1.947300e-02,2.436916e-02
6.361863e-01,9.727627e+00,-3.813685e-03,3.735686e-02,1.222222e-02,2.527494e-02
6.441981e-01,9.767201e+00,-6.000000e-02,2.916636e-02,1.972502e-02,2.750155e-02
6.998686e-01,9.720197e+00,-1.297372e-01,2.596470e-02,2.735660e-02,3.000000e-02
6.731882e-01,9.726812e+00,-1.015941e-01,1.198009e-02,1.444444e-02,2.898574e-02
6.313329e-01,9.705332e+00,-7.733410e-02,7.671678e-03,1.444444e-02,3.312113e-02
7.000000e-01,9.719172e+00,-2.751456e-02,-2.368124e-03,2.236812e-02,3.425140e-02
7.177147e-01,9.728857e+00,0,-5.437753e-03,2.432664e-02,3.666667e-02
7.703049e-01,9.727756e+00,5.612196e-02,-4.305612e-03,2.395853e-02,3.659725e-02
8.186387e-01,9.758639e+00,3.000000e-02,-2.299327e-04,1.467438e-02,3.256712e-02
7.930686e-01,9.736931e+00,8.465687e-03,-1.111111e-03,1.133318e-02,2.688874e-02
7.800000e-01,9.710792e+00,-1.920795e-02,3.449737e-03,1.222222e-02,2.321693e-02
7.885847e-01,9.738585e+00,0,2.066323e-04,1.256661e-02,2.006888e-02
8.395375e-01,9.720000e+00,-3.046249e-02,6.303228e-03,1.777778e-02,1.616129e-02
8.328025e-01,9.720000e+00,-3.719751e-02,8.379188e-04,4.945458e-03,1.194903e-02
8.000000e-01,9.720994e+00,-4.298256e-02,1.809513e-03,9.735413e-04,5.280416e-03
7.831439e-01,9.721572e+00,-3.000000e-02,-4.289518e-03,1.188574e-03,2.144759e-03
7.813132e-01,9.738687e+00,2.626317e-03,-5.186854e-03,3.210433e-03,-1.853521e-03
8.074969e-01,9.711252e+00,0,-3.514678e-03,2.312895e-03,-1.201783e-03
7.904574e-01,9.739543e+00,0,-2.731160e-04,3.761654e-03,-4.444444e-03
7.356846e-01,9.740000e+00,4.242047e-02,3.878519e-04,-2.945481e-03,-6.666667e-03
7.409127e-01,9.729087e+00,-9.126612e-04,1.049977e-02,-4.997746e-04,-4.750113e-03
7.267115e-01,9.722192e+00,-4.328851e-02,4.969758e-03,-5.966248e-03,-2.572431e-03
6.700000e-01,9.720000e+00,-1.091698e-01,3.044872e-03,-2.179488e-03,4.326921e-04
7.528885e-01,9.720000e+00,-9.142230e-02,-1.425696e-03,1.073361e-02,1.174028e-03
7.374077e-01,9.732592e+00,-3.703864e-02,-7.688355e-03,2.401068e-03,4.265599e-03
6.719942e-01,9.781965e+00,9.997076e-02,-7.777778e-03,2.734572e-03,5.067021e-03
6.719616e-01,9.782615e+00,1.419616e-01,4.884430e-03,1.211223e-02,9.658863e-03
7.063738e-01,9.782748e+00,2.191214e-01,2.071818e-02,1.639735e-02,2.164975e-02
7.340272e-01,9.926805e+00,4.808326e-01,4.504501e-02,7.274788e-03,3.585584e-02
4.912082e-01,9.662751e+00,2.342933e-01,7.256589e-02,-2.275710e-02,8.325321e-02
4.020465e-01,9.669488e+00,-3.000000e-02,7.923005e-02,-2.453206e-02,1.405947e-01
1.625597e-01,9.660048e+00,-1.125119e-01,9.945033e-02,2.588670e-02,1.475029e-01
6.680460e-01,9.775244e+00,-1.142672e-01,9.333333e-02,1.047197e-01,1.482498e-01
1.069477e+00,9.683788e+00,-1.955785e-01,9.983745e-02,1.488622e-01,1.541194e-01
1.209770e+00,9.621037e+00,-2.202304e-01,7.905152e-02,1.009305e-01,1.501716e-01
1.172927e+00,9.710000e+00,-2.997541e-01,6.042897e-02,6.162167e-02,1.418790e-01
1.176196e+00,9.476196e+00,-5.185877e-01,6.233288e-02,4.692488e-02,1.281098e-01
1.234009e+00,9.575346e+00,-7.053456e-01,5.440337e-02,4.777778e-02,9.603327e-02
1.408867e+00,9.570523e+00,-7.604358e-01,3.252532e-02,3.968015e-02,6.872059e-02
1.559739e+00,9.536754e+00,-6.857584e-01,-1.357121e-02,-1.229819e-02,4.695365e-02
1.200155e+00,9.669692e+00,-6.536932e-01,-6.779197e-02,-9.075966e-02,3.725737e-02
5.863272e-01,9.553618e+00,-8.374542e-01,-1.457034e-01,-1.369722e-01,2.653240e-02
7.796558e-01,9.558193e+00,-1.110086e+00,-2.836493e-01,-6.491699e-02,3.743239e-02
1.264275e+00,9.601430e+00,-1.042859e+00,-3.641081e-01,-1.668089e-02,2.220800e-02
1.228557e+00,9.556539e+00,-4.873052e-01,-4.556636e-01,-6.557243e-02,6.894633e-03
1.208661e+00,9.672763e+00,-1.706615e-02,-5.074594e-01,-8.295231e-02,5.555556e-03
1.163404e+00,9.868541e+00,8.588162e-01,-5.214493e-01,-1.277294e-01,2.000000e-02
1.158013e+00,9.669272e+00,1.183377e+00,-4.827094e-01,-1.522222e-01,9.960917e-03
1.328136e+00,9.630932e+00,1.253220e+00,-4.091338e-01,-1.327585e-01,-4.398504e-02
8.446650e-01,9.773575e+00,1.275182e+00,-3.359704e-01,-1.444485e-01,-6.222222e-02
2.366752e-01,1.017249e+01,9.966752e-01,-2.134690e-01,-2.380165e-02,-1.207734e-02
3.570628e-04,1.014841e+01,8.134524e-01,-1.167536e-01,1.154740e-01,4.082314e-02
3.502038e-02,9.164127e+00,7.551306e-01,-3.257154e-02,3.047872e-01,2.573022e-02
1.676729e+00,9.693649e+00,1.215450e+00,-1.761673e-02,4.509649e-01,4.107862e-02
2.459343e+00,9.580524e+00,1.157554e+00,-3.132162e-02,2.953987e-01,9.503426e-02
1.424519e+00,9.755160e+00,1.054155e+00,-6.614877e-02,4.461515e-02,8.576860e-02
2.325065e-01,9.586997e+00,1.060248e+00,-3.772634e-02,-2.200776e-02,1.116109e-01
8.579510e-01,9.548686e+00,9.676653e-01,1.061523e-03,1.165016e-01,1.295191e-01
2.381904e+00,9.700238e+00,6.491670e-01,2.932088e-02,2.503697e-01,9.976797e-02
2.585648e+00,9.747389e+00,5.800000e-01,2.029236e-02,1.726312e-01,4.918115e-02
1.973350e+00,9.527016e+00,7.652618e-01,1.447806e-02,-7.096422e-04,-3.357051e-02
1.485703e+00,9.638222e+00,7.941730e-01,2.456109e-03,-5.959115e-02,-7.754449e-02
9.857654e-01,9.720000e+00,9.000000e-01,2.016290e-02,-8.107561e-02,-1.187615e-01
8.092559e-01,9.690000e+00,9.026445e-01,3.732453e-02,-6.780711e-02,-1.089036e-01
8.116273e-01,9.695118e+00,8.651181e-01,5.420972e-02,-3.434271e-02,-7.946008e-02
7.578475e-01,9.653229e+00,8.021525e-01,6.610697e-02,-2.022554e-02,-5.822885e-02
7.500000e-01,9.670000e+00,7.887675e-01,9.185421e-02,5.270107e-03,-2.822836e-02
9.062732e-01,9.683727e+00,7.900000e-01,1.038242e-01,2.656849e-02,-1.254795e-02
9.945682e-01,9.621811e+00,6.572841e-01,1.179078e-01,3.810892e-02,1.962233e-03
9.408390e-01,9.661678e+00,6.458049e-01,1.222222e-01,3.966968e-02,5.225236e-03
9.984696e-01,9.653826e+00,5.330608e-01,1.265774e-01,6.164687e-02,1.804566e-02
1.084390e+00,9.654460e+00,4.900000e-01,1.281746e-01,7.777778e-02,2.306877e-02
1.192475e+00,9.688350e+00,3.875252e-01,1.171638e-01,6.210540e-02,2.189079e-02
1.233985e+00,9.671328e+00,3.473434e-01,1.110215e-01,5.111111e-02,1.324376e-02
1.280000e+00,9.690000e+00,3.686241e-01,9.555556e-02,3.322633e-03,-1.391564e-03
1.255200e+00,9.694800e+00,4.379990e-01,8.823415e-02,-2.215869e-02,-8.170620e-03
1.191872e+00,9.784992e+00,5.618719e-01,8.608733e-02,-3.555556e-02,-1.811645e-02
1.423799e+00,9.918620e+00,5.855196e-01,9.444514e-02,-3.148102e-02,-2.592650e-02
1.645357e+00,9.842902e+00,7.365178e-01,1.190522e-01,-5.143764e-02,-7.226963e-02
1.564321e+00,9.616509e+00,5.752075e-01,1.353418e-01,-1.081665e-01,-9.329123e-02
8.697233e-01,9.665214e+00,3.222545e-01,1.484837e-01,-1.630916e-01,-9.631368e-02
3.563014e-01,9.506629e+00,3.012091e-01,1.655902e-01,-1.558798e-01,-9.315392e-02
1.204275e-01,9.817969e+00,1.200000e-01,1.628869e-01,-2.624049e-02,-6.133942e-02
3.880115e-01,9.553996e+00,9.466539e-02,1.477631e-01,5.040941e-02,-3.371342e-02
1.155409e+00,9.723493e+00,2.349299e-02,1.068663e-01,4.781469e-02,1.822911e-03
1.367475e+00,9.716213e+00,2.677749e-01,9.654740e-02,-5.039920e-02,3.015697e-03
2.070378e+00,8.679811e+00,-7.136549e-01,1.188473e-01,-2.157579e-01,-8.648399e-02
2.211458e+00,9.365023e+00,-9.370140e-01,1.425278e-02,-2.457246e-01,-2.500926e-01
1.714073e+00,9.812911e+00,-5.530231e-01,6.982357e-02,-3.237561e-01,-3.711985e-01
8.653108e-01,9.081658e+00,-5.222280e-01,7.215347e-02,-3.571310e-01,-2.890783e-01
2.297052e-01,9.286471e+00,-5.277943e-01,2.276641e-02,-2.770210e-01,-1.112554e-01
-7.089141e-01,9.671745e+00,-7.033961e-01,-2.702162e-02,-1.941821e-01,-1.466034e-03
-2.386490e+00,9.980505e+00,-8.910028e-01,-1.972909e-01,-6.189190e-02,4.360572e-02
-1.146781e+00,1.007485e+01,-1.013632e+00,-3.217588e-01,1.834769e-01,1.301775e-01
9.207882e-01,9.488347e+00,-5.959050e-01,-3.692862e-01,1.863023e-01,1.815248e-01
1.258364e+00,1.018033e+01,2.541074e-01,-3.953538e-01,-4.422644e-02,1.388316e-01
1.314222e+00,9.748945e+00,1.207269e+00,-3.596638e-01,-3.002219e-01,3.440469e-02
7.933607e-01,9.887587e+00,1.342672e+00,-3.385343e-01,-4.095980e-01,4.485598e-02
2.134286e-02,9.414029e+00,1.260000e+00,-2.199863e-01,-1.990650e-01,1.992991e-01
2.010432e-01,9.149652e+00,9.630935e-01,-1.862182e-01,1.100800e-01,2.215799e-01
2.267725e+00,9.858549e+00,7.141962e-01,-1.857144e-01,4.360285e-01,2.114297e-01
2.437359e+00,9.672719e+00,6.911206e-01,-1.663365e-01,3.862170e-01,1.617422e-01
1.632469e+00,9.410400e+00,1.049066e+00,-1.576164e-01,9.746595e-02,2.438804e-02
5.747712e-01,9.545206e+00,1.198402e+00,-1.525457e-01,-1.455528e-03,9.739449e-03
8.886677e-02,9.772429e+00,1.421214e+00,-1.250524e-01,4.656177e-02,8.442011e-02
6.080226e-01,9.568553e+00,1.338291e+00,-8.278481e-02,1.661208e-01,1.455107e-01
1.310113e+00,9.580065e+00,1.140032e+00,-3.574105e-02,2.359578e-01,1.907713e-01
1.516425e+00,9.637053e+00,1.040628e+00,-2.257141e-02,1.889524e-01,2.009025e-01
1.745848e+00,9.748538e+00,1.013157e+00,-1.684356e-02,1.195467e-01,1.843062e-01
1.660783e+00,9.668150e+00,1.071317e+00,6.707970e-03,7.268485e-02,1.657166e-01
9.396420e-01,9.520107e+00,8.599284e-01,4.061414e-02,1.789496e-02,1.491960e-01
6.664407e-01,9.661733e+00,7.954802e-01,5.834585e-02,6.631236e-02,1.639264e-01
1.001085e+00,9.744500e+00,6.718334e-01,5.767576e-02,1.844112e-01,2.171546e-01
1.597513e+00,9.614849e+00,5.969095e-01,5.247214e-02,2.188658e-01,2.337639e-01
1.799520e+00,9.607601e+00,5.671214e-01,4.637349e-02,1.320609e-01,2.014277e-01
1.710000e+00,9.611206e+00,5.636176e-01,3.494906e-02,4.999685e-02,1.746450e-01
1.749795e+00,9.636233e+00,4.530137e-01,2.291260e-02,2.731752e-02,1.402697e-01
2.027882e+00,9.586010e+00,4.959853e-01,6.666667e-03,4.865002e-02,1.099793e-01
2.337034e+00,9.520000e+00,5.095057e-01,-2.334876e-02,4.084534e-02,5.305213e-02
2.344495e+00,9.518502e+00,6.635193e-01,-4.531565e-02,6.515167e-03,7.648378e-03
2.113596e+00,9.572734e+00,7.845319e-01,-5.333333e-02,-4.080472e-02,-5.455412e-02
1.831333e+00,9.607524e+00,7.750474e-01,-5.425549e-02,-7.607720e-02,-9.291022e-02
1.475485e+00,9.648629e+00,7.758862e-01,-6.011762e-02,-1.021046e-01,-1.208233e-01
1.329658e+00,9.655897e+00,8.439316e-01,-6.157203e-02,-9.617902e-02,-1.244444e-01
1.222752e+00,9.600000e+00,9.244961e-01,-4.670265e-02,-7.670265e-02,-1.130416e-01
1.300360e+00,9.621440e+00,7.989204e-01,-4.000000e-02,-5.503423e-02,-1.025690e-01
1.312757e+00,9.704487e+00,7.418378e-01,-3.659413e-02,-6.007254e-02,-8.519287e-02
1.160604e+00,9.645302e+00,8.914436e-01,-3.710344e-02,-6.388250e-02,-7.621711e-02
1.241731e+00,9.589135e+00,9.656737e-01,-2.426177e-02,-4.554048e-02,-5.812804e-02
1.233940e+00,9.600866e+00,8.691343e-01,-1.770912e-02,-3.574751e-02,-4.796973e-02
1.197562e+00,9.610975e+00,8.690249e-01,-1.333333e-02,-1.549492e-02,-2.724517e-02
1.433755e+00,9.605494e+00,7.507510e-01,-1.735304e-02,2.590034e-03,-2.021237e-02
1.496270e+00,9.629426e+00,7.902869e-01,-3.257696e-02,-2.670335e-02,-2.462181e-02
1.321534e+00,9.601922e+00,8.080777e-01,-3.773432e-02,-5.564246e-02,-2.803851e-02
1.232277e+00,9.608862e+00,8.222770e-01,-4.079341e-02,-4.672047e-02,-3.010590e-02
1.293135e+00,9.628558e+00,8.522883e-01,-4.103746e-02,-3.281775e-02,-2.770412e-02
1.480000e+00,9.610000e+00,8.655308e-01,-4.214880e-02,-3.621632e-02,-2.799803e-02
1.425417e+00,9.621964e+00,9.186905e-01,-4.187104e-02,-5.771447e-02,-3.491077e-02
1.214167e+00,9.667424e+00,8.538638e-01,-3.450246e-02,-9.912095e-02,-4.339135e-02
9.880061e-01,9.622669e+00,9.473313e-01,-2.400877e-02,-9.366763e-02,-4.400877e-02
1.141084e+00,9.639350e+00,8.910836e-01,-1.305389e-02,-4.624417e-02,-3.013639e-02
1.235733e+00,9.587707e+00,9.322933e-01,-1.222222e-02,-2.609821e-02,-2.070473e-02
1.337583e+00,9.608792e+00,9.851668e-01,-1.072106e-02,-1.516551e-02,-1.101360e-02
1.346325e+00,9.607892e+00,9.068669e-01,-9.022719e-03,-1.733581e-02,-1.137877e-02
1.280000e+00,9.615362e+00,8.380423e-01,-1.231248e-02,-2.258325e-02,-1.453470e-02
1.293481e+00,9.673038e+00,8.812978e-01,-1.151525e-02,-2.333333e-02,-1.834336e-02
1.280000e+00,9.573581e+00,9.828376e-01,-5.555556e-03,-3.046092e-02,-2.777778e-02
1.177648e+00,9.588824e+00,9.829439e-01,-4.762753e-03,-3.777778e-02,-2.539937e-02
1.168703e+00,9.646108e+00,8.625947e-01,-5.485390e-03,-2.874856e-02,-8.678392e-03
1.123344e+00,9.652198e+00,9.400000e-01,-3.146348e-03,-2.212333e-02,-2.310313e-03
1.335761e+00,9.605152e+00,9.183841e-01,2.244040e-03,1.098021e-02,1.111111e-03
1.375244e+00,9.634756e+00,8.852445e-01,2.322448e-03,-9.020345e-04,-3.006782e-04
1.221946e+00,9.619351e+00,9.193512e-01,3.724111e-03,-9.218445e-03,-6.666667e-03
1.263844e+00,9.601281e+00,9.123123e-01,6.044508e-03,1.488794e-03,-6.666667e-03
1.253916e+00,9.628695e+00,9.160837e-01,6.592570e-03,6.592570e-03,-8.666599e-03
1.260000e+00,9.610000e+00,8.577901e-01,3.226423e-03,3.333333e-03,-6.987397e-03
1.269144e+00,9.650000e+00,8.700000e-01,-7.705553e-06,2.129756e-04,-1.356172e-02
1.273350e+00,9.610837e+00,8.683251e-01,1.959723e-03,-3.919446e-03,-1.418195e-02
1.329444e+00,9.689931e+00,8.402779e-01,-7.782754e-04,-9.892373e-03,-2.166916e-02
1.202790e+00,9.655880e+00,9.048497e-01,3.839520e-03,-2.414198e-02,-2.606174e-02
1.168176e+00,9.618176e+00,8.327356e-01,3.034436e-03,-1.706520e-02,-2.313407e-02
1.160000e+00,9.643914e+00,8.269571e-01,-9.448288e-04,-1.975058e-02,-1.761150e-02
1.157605e+00,9.580951e+00,8.490494e-01,6.846756e-03,-1.240231e-02,-1.795787e-02
1.237762e+00,9.637762e+00,8.544761e-01,-2.516806e-03,-5.381575e-03,-2.000000e-02
1.153576e+00,9.584470e+00,9.382120e-01,-3.413096e-03,-3.413096e-03,-1.872936e-02
1.080000e+00,9.543529e+00,9.817646e-01,-6.666667e-03,1.315166e-02,-1.503920e-02
1.222215e+00,9.670000e+00,8.985235e-01,-6.135739e-03,4.004926e-02,-4.798396e-03
1.269006e+00,9.630000e+00,9.009942e-01,-7.302062e-03,4.460412e-02,-1.428809e-03
1.335738e+00,9.552841e+00,9.271027e-01,-6.928342e-03,2.803844e-02,-1.130737e-02
1.370000e+00,9.634217e+00,9.038556e-01,-8.002920e-03,-1.936633e-03,-2.000000e-02
1.120189e+00,9.640000e+00,9.398580e-01,-1.111111e-02,-3.167521e-02,-2.083760e-02
1.106961e+00,9.607017e+00,9.410502e-01,-8.888889e-03,-1.981469e-02,-2.111111e-02
1.217944e+00,9.625887e+00,8.079437e-01,-3.370386e-03,2.234573e-03,-1.886419e-02
1.177800e+00,9.665200e+00,8.418006e-01,-1.010225e-02,1.199702e-03,-1.989775e-02
1.256531e+00,9.611156e+00,9.000000e-01,-1.766164e-02,-7.368696e-03,-2.403536e-02
1.152291e+00,9.670000e+00,8.838546e-01,-2.200873e-02,-2.557737e-02,-3.300218e-02
9.735538e-01,9.563554e+00,7.606615e-01,-2.039435e-02,-3.849454e-02,-2.772144e-02
1.063162e+00,9.631766e+00,7.608828e-01,-3.435823e-02,-1.290225e-02,-2.658045e-02
1.056768e+00,9.625640e+00,8.766161e-01,-3.910771e-02,-2.122052e-02,-2.316921e-02
1.122002e+00,9.570501e+00,9.200000e-01,-4.407461e-02,-1.443797e-02,-1.925872e-02
1.220000e+00,9.669058e+00,8.965650e-01,-4.894116e-02,-2.597374e-02,-2.539874e-02
1.241831e+00,9.690892e+00,9.018312e-01,-4.992713e-02,-3.473591e-02,-2.147544e-02
1.142829e+00,9.607149e+00,1.160022e+00,-4.441594e-02,-5.337608e-02,-3.440169e-02
9.070822e-01,9.658686e+00,1.312116e+00,-3.295209e-02,-5.696376e-02,-1.975442e-02
8.192676e-01,9.659542e+00,1.170458e+00,-5.435111e-03,7.277021e-03,1.345378e-02
1.029002e+00,9.611286e+00,1.151286e+00,1.504714e-02,4.304948e-02,2.904248e-02
1.249554e+00,9.619050e+00,1.019496e+00,3.926757e-02,5.146486e-02,3.869955e-02
1.244195e+00,9.685317e+00,1.005805e+00,4.963092e-02,3.481430e-02,3.425913e-02
1.260585e+00,9.542927e+00,1.001171e+00,6.070902e-02,3.424340e-02,2.878299e-02
1.388496e+00,9.596767e+00,9.747371e-01,6.745187e-02,4.408519e-02,2.254813e-02
1.301220e+00,9.692440e+00,9.351197e-01,6.907019e-02,2.456531e-02,1.161788e-02
1.537125e+00,9.612610e+00,8.800882e-01,7.769542e-02,2.740715e-02,-1.477389e-02
1.386901e+00,9.694867e+00,7.348670e-01,7.151049e-02,-2.925249e-02,-4.598056e-02
1.077164e+00,9.619083e+00,6.626650e-01,6.940402e-02,-7.391432e-02,-6.520214e-02
8.500000e-01,9.709675e+00,5.990251e-01,4.590149e-02,-5.992671e-02,-6.938786e-02
8.827903e-01,9.667597e+00,6.579838e-01,3.455462e-02,-4.344351e-02,-6.438780e-02
9.315176e-01,9.729393e+00,7.496965e-01,2.655766e-02,-3.757736e-02,-4.200422e-02
1.096480e+00,9.604600e+00,7.243201e-01,3.062880e-02,-3.095605e-02,-3.936263e-02
1.170000e+00,9.602008e+00,7.793437e-01,1.744039e-02,-3.429985e-02,-5.236682e-02
1.137915e+00,9.675831e+00,8.633227e-01,8.098532e-03,-2.785797e-02,-5.182128e-02
9.943983e-01,9.599372e+00,8.874867e-01,1.469225e-02,-1.629897e-02,-4.160672e-02
1.097956e+00,9.700940e+00,7.430382e-01,2.041899e-02,-5.063642e-03,-5.111111e-02
1.067204e+00,9.659606e+00,7.363978e-01,2.536136e-02,-2.842511e-02,-5.437971e-02
9.165395e-01,9.551814e+00,7.123628e-01,9.758941e-03,-3.864783e-02,-5.338155e-02
8.113686e-01,9.570456e+00,7.900000e-01,4.008222e-03,-3.043622e-02,-5.174489e-02
8.439832e-01,9.608862e+00,7.705690e-01,-3.728550e-04,-1.184191e-02,-4.629381e-02
